[[0.0000000e+00 1.8176553e+00 3.1149900e+00 0.0000000e+00 8.2755220e-01
  4.9162331e+00 1.0050267e+01 5.0050795e-01 2.3792725e+00 6.9676795e+00
  1.3554684e+00 2.4662154e+00 3.0007424e+00 1.4024225e+00 0.0000000e+00
  2.7051654e+00 4.8807439e-01 1.6507971e+00 3.5057161e+00 9.5974293e+00
  3.2651904e+00 7.0442023e+00 3.4430349e+00 6.7463303e+00 0.0000000e+00
  5.5498824e+00 2.0233061e+00 1.0314016e+00 4.6881577e-01 2.6751868e-02
  1.6771145e-01 1.8415345e-01 1.2854348e+00 1.1589392e+00 3.5206952e+00
  1.3823688e+00 1.3949152e+00 5.0400448e-01 6.5095053e+00 4.0736170e+00
  1.3443335e+01 2.0468633e+00 1.2368958e-01 3.7387443e+00 1.4001781e+00
  6.1321610e-01 6.6641104e-01 9.5014639e+00 6.8633904e+00 2.8970141e+00
  1.0663389e+00 1.8518057e+00 3.4816759e+00 2.9479673e+00 2.0008867e+00
  7.6971216e+00 1.3893027e+00 5.0613871e+00 2.8225212e+00 1.3648582e-01
  1.5871578e-01 1.7869933e+00 2.9538617e-01 8.3753138e+00 1.2711730e+00
  6.7719048e-01 1.2157500e+00 4.7674499e+00 2.2326119e+00 4.2739201e+00
  1.1372898e+00 8.4297663e-01 1.0668771e+00 7.5860214e+00 2.8721908e-01
  3.9679626e-01 4.3310359e-01 0.0000000e+00 2.1578179e-01 3.1798184e+00
  1.6100094e-01 5.1724324e+00 4.7847528e+00 1.2926729e-01 6.2802070e-01
  3.8279665e+00 3.0916205e-01 6.6407287e-01 2.0348964e+00 5.5465337e-02
  2.6502147e+00 2.2536208e-01 3.3279327e-01 7.9754577e+00 7.1251631e-01
  2.3331561e+00 1.1412559e+00 3.9125793e+00 8.5739881e-01 3.0859387e+00
  3.1095293e-01 5.3481525e-01 1.9020842e+00 2.1379671e+00 8.9350738e-02
  0.0000000e+00 1.0083927e+00 2.9481323e+00 9.0764773e-01 1.3721313e+00
  2.7850273e+00 3.1108570e+00 1.3086439e+00 2.5723548e+00 2.9036343e+00
  9.1332448e-01 1.6144745e+01 3.1770601e+00 2.3901643e-02 4.1997952e+00
  2.7272315e+00 5.5667424e-01 8.0903989e-01 1.8822358e+00 8.4549952e-01
  2.5893447e-01 9.2331260e-01 3.1144732e-01 2.7300422e+00 2.4003632e+01
  0.0000000e+00 4.6428952e-01 3.1161816e+00 2.0548297e-01 1.7739741e+00
  3.4214923e+00 4.3567774e-01 1.8756316e+00 4.2873213e-01 4.8135659e-01
  1.2015991e+00 1.3955089e+00 4.5535395e-01 2.9363341e+00 3.2486959e+00
  2.0221152e+00 3.9665947e+00 5.2613860e-01 1.1228111e+00 3.9392474e+00
  6.3678799e+00 2.3762975e+00 4.6941119e-01 2.7712789e+00 6.0031466e+00
  2.9286456e+00 6.6916984e-01 2.7666700e+00 2.0402093e+00 1.5663319e+00
  1.0951661e+00 2.0664859e-01 6.8347449e+00 1.6628180e+00 1.1623255e+00
  1.7809401e+00 1.3089377e-02 1.3429232e+00 3.0738146e+00 1.9812485e+00
  2.0965478e+00 2.4818084e+00 4.5902543e+00 8.8689244e-01 4.4976452e-01
  1.3379048e+00 2.2428431e-01 5.4450881e-01 5.8533788e+00 4.9049348e-01
  3.2632730e+00 0.0000000e+00 1.2079140e+01 3.2845025e+00 3.4500900e-01
  8.7092215e-01 7.2597857e+00 6.4186648e-02 2.4532285e+00 1.4025620e-01
  4.2160878e+00 9.5018440e-01 2.1525463e-01 1.0501957e+01 1.6811533e+00
  3.1712310e+00 5.4108298e-01 5.2991297e-02 3.6696184e+00 3.4932697e+00
  2.6621585e+00 3.5137577e+00 6.5318269e-01 5.4926038e-01 2.5091960e+00
  9.0673947e-01 1.1669108e+00 4.5678663e+00 2.3151193e+00 1.6932903e+01
  4.1209326e+00 2.1293089e-01 1.8375559e+00 3.7629769e+00 5.3900499e+00
  2.5985425e+00 1.8932275e+00 0.0000000e+00 1.2053778e+00 1.5191596e+00
  6.9767195e-01 2.2161867e+01 2.8489981e+00 7.2499359e-01 2.2377652e-01
  1.3113712e+00 3.9751458e-01 3.3075416e+00 0.0000000e+00 3.0504937e+00
  1.9044437e-01 4.6346607e+00 5.5373907e+00 2.4899881e+00 1.9942056e+00
  1.3318050e+00 1.6088960e+00 1.1915982e+01 2.3718860e+00 2.1846080e+00
  1.2525500e+00 2.9800152e-02 3.9553094e+00 3.0581479e+00 1.6233917e+00
  3.0001292e+00 7.2900968e+00 0.0000000e+00 1.6917616e+00 1.8466445e+00
  4.8315344e+00 2.5838153e+00 0.0000000e+00 1.2068175e+00 5.6026620e-01
  3.3061513e-01 1.5879441e+00 3.9883402e-01 1.5359363e-03 3.4218839e-01
  2.8465803e+00 5.8951902e-01 2.8358543e+00 0.0000000e+00 2.5684822e+00
  2.2309373e-01 3.6327534e+00 4.0696030e+00 1.4993059e+01 1.3584547e+00
  4.6748347e+00 5.5192783e-03 2.2314734e+00 4.2390361e+00 1.1751769e+00
  3.2690420e+00 4.3504028e+00 2.0217040e+00 2.7772572e+00 1.3833920e+00
  3.2233355e+00 6.5035663e+00 2.6359334e+00 1.0453607e+00 1.6796607e+00
  1.2728283e-01 1.3001842e+00 3.2250702e+00 1.5799162e+00 6.9016570e-01
  8.9428759e-01 5.4010272e+00 4.5147467e+00 1.7914962e+00 5.5078840e+00
  3.6420152e+00 2.1298881e+00 2.3119652e+00 9.1098562e-02 0.0000000e+00
  1.0847912e+00 3.5753679e+00 6.0216789e+00 2.0880718e+00 1.7394948e+00
  2.0285282e-01 2.2796249e+00 1.8738474e+00 1.4683404e+00 1.9740127e+00
  3.9548903e+00 9.8657459e-01 5.1653904e-01 4.1598639e+00 6.3128724e+00
  1.3595397e+00 2.3151278e+00 6.0524836e+00 1.6101630e+00 4.8948421e+00
  0.0000000e+00 3.8620486e+00 3.3492372e+00 2.2489141e-01 2.1033490e+00
  1.6048335e+00 1.3048347e+01 0.0000000e+00 3.8550334e+00 1.5204993e+00
  1.4537119e+00 8.7511072e+00 3.1826517e-01 9.2896834e-02 5.8077683e+00
  3.2115438e+00 5.4495478e-01 6.7934817e-01 3.2894979e+00 7.0629659e+00
  3.0307598e+00 3.8336825e-01 2.8262687e-01 3.0187753e-01 1.6725016e+00
  4.1981430e+00 2.3951867e+00 0.0000000e+00 1.0807354e+00 3.4693806e+00
  0.0000000e+00 2.1226318e+00 1.2874945e-01 1.3474731e+00 2.1707654e+00
  2.3071144e+00 0.0000000e+00 4.7201452e+00 3.2732701e-01 8.8993174e-01
  3.0768411e+00 5.1338749e+00 2.5796527e-01 2.3700025e+00 1.8911245e+00
  3.2160538e-01 1.1473092e+01 1.1367093e+00 0.0000000e+00 9.5581287e-01
  1.2481582e+00 3.4897499e+00 6.0892141e-01 2.0618448e+00 1.2471783e+00
  2.0321612e+00 1.0005337e+00 0.0000000e+00 1.6177052e-01 5.4348946e+00
  3.3586321e+00 4.5192947e+00 1.5193105e+00 2.2397141e+00 2.8474815e+00
  6.0112429e-01 1.9610572e+00 1.6044158e+00 2.1230121e+00 1.7480745e+00
  1.4479473e+00 1.4436281e+00 8.0598278e+00 4.4188962e+00 4.6895089e+00
  7.1218729e-01 1.3380138e+00 1.1022801e+00 3.5528116e+00 2.9395862e+00
  1.9689783e+00 1.1089633e+01 7.3858948e+00 4.8061929e+00 1.8468809e+00
  9.6500772e-01 2.1165153e-01 3.3438227e-01 9.7875923e-01 2.3624535e+00
  2.9999857e+00 1.8273984e-01 0.0000000e+00 0.0000000e+00 5.7008367e+00
  4.8390812e-01 0.0000000e+00 4.7480300e-01 2.4067502e+00 0.0000000e+00
  4.0048251e+00 2.8065257e+00 0.0000000e+00 5.2394609e+00 8.6458492e-01
  3.0270097e+00 4.8652177e+00 2.4178276e+00 2.9260197e+00 4.7413411e+00
  8.1318741e+00 7.5109035e-02 3.9765251e+00 1.2680908e+00 8.9088970e-01
  5.3349080e+00 1.5864146e-01 0.0000000e+00 1.9589315e-01 8.2262239e+00
  0.0000000e+00 2.0583897e+00 8.0834401e-01 4.9738450e+00 5.3924751e+00
  5.3016084e-01 5.3430710e+00 2.5316343e+00 2.6150668e-01 3.6264727e-01
  3.0919090e-01 6.2022800e+00 3.4302673e+00 6.7754254e+00 3.4545443e+00
  0.0000000e+00 1.5346161e+00 3.6906424e+00 0.0000000e+00 4.6779914e+00
  1.5214414e-02 8.6528140e-01 2.1092337e-01 0.0000000e+00 4.4979439e+00
  2.1250844e+00 1.0069898e+00 4.7886200e+00 5.5350262e-01 3.7996355e-01
  1.8306146e+00 0.0000000e+00 5.5696619e-01 1.7512175e+00 1.1265993e+00
  1.3670405e+00 1.3699478e+00 1.0084968e+00 2.3961611e+00 0.0000000e+00
  0.0000000e+00 1.5306774e-01 2.2671502e+00 0.0000000e+00 2.7589204e+00
  0.0000000e+00 2.0980074e+00 1.1520351e+00 2.1646142e+00 1.4918315e-01
  2.0777535e+00 4.0088148e+00 6.7112905e-01 3.0464077e+00 7.4512348e+00
  5.0284541e-01 1.5952114e+00 1.1312387e+00 0.0000000e+00 9.8734540e-01
  5.0842829e+00 2.7382576e+00 5.7389885e-01 4.9195573e-02 6.1720079e-01
  1.5048555e+00 5.6343527e+00 8.9148874e+00 2.8000712e+00 1.5306871e+00
  1.0218866e+00 5.0591097e+00]]