[[2.26300344e-01 1.78817868e+00 1.75359607e+00 2.18309447e-01
  8.90203357e-01 1.59299052e+00 4.27755165e+00 6.42038524e-01
  2.02642536e+00 7.31619895e-02 6.62598515e+00 5.71711779e-01
  3.98004270e+00 8.71966267e+00 6.33081245e+00 4.99668932e+00
  3.38435173e+00 2.85874426e-01 1.30557895e+00 4.48312807e+00
  3.73755574e+00 2.09679604e+00 3.36692524e+00 1.86743128e+00
  2.32485580e+00 1.06437464e+01 6.94889009e-01 2.24336123e+00
  4.18175220e+00 5.37101984e+00 2.12755895e+00 1.84307754e+00
  7.63639152e-01 6.30773926e+00 3.70346689e+00 3.78107285e+00
  1.97838888e-01 1.06871474e+00 4.63905334e+00 1.01403844e+00
  5.97464085e-01 5.01911306e+00 8.61164927e-01 4.52400970e+00
  5.01004982e+00 1.49699724e+00 2.54042339e+00 4.92124371e-02
  6.22276258e+00 1.37832284e+00 7.05708861e-01 1.37358749e+00
  7.26811886e-01 1.00507891e+00 1.22073758e+00 3.49039412e+00
  2.48493958e+00 1.09068680e+01 2.76404834e+00 5.18040514e+00
  6.34276271e-01 7.70179853e-02 7.01239634e+00 4.79733706e+00
  1.22024393e+00 3.65974736e+00 0.00000000e+00 1.57614040e+00
  5.79515338e-01 1.71364391e+00 5.17128181e+00 6.83077240e+00
  3.50184608e+00 2.94254756e+00 5.35901213e+00 1.97095168e+00
  0.00000000e+00 9.99554098e-01 2.47722045e-01 2.76368827e-01
  4.76477563e-01 1.99172330e+00 8.04872513e+00 2.50900316e+00
  1.84258711e+00 6.58532333e+00 1.61650121e+00 2.31469440e+00
  4.94471312e+00 3.64052914e-02 4.82339239e+00 2.15766713e-01
  4.12486982e+00 3.80493188e+00 1.99863386e+00 1.74915552e-01
  5.20565271e+00 3.39923191e+00 1.48632488e+01 5.18315363e+00
  3.58249068e-01 4.75010252e+00 2.56563330e+00 4.24055958e+00
  3.24315369e-01 1.58503413e+00 1.61179364e+00 7.94550657e-01
  3.92229509e+00 1.06480157e+00 7.46855259e+00 2.38590166e-01
  4.38546038e+00 1.57566518e-02 4.37307626e-01 2.38485083e-01
  5.89141417e+00 1.02391386e+01 2.14194506e-01 1.23990321e+00
  1.01581168e+00 9.19144213e-01 4.01736587e-01 2.38572121e+01
  0.00000000e+00 1.47919250e+00 9.65534270e-01 2.28986785e-01
  1.19195305e-01 1.01571865e+01 1.36296034e+00 4.49513644e-01
  1.02098155e+00 8.73695672e-01 3.00324976e-01 2.80935144e+00
  3.48862338e+00 4.67450112e-01 4.44904178e-01 2.04457188e+00
  2.30876255e+00 1.69364679e+00 2.35480976e+00 8.14196205e+00
  1.94378185e+00 6.21804118e-01 3.29658103e+00 9.28870106e+00
  8.38101134e-02 0.00000000e+00 2.93266058e+00 8.28009987e+00
  1.62162662e+00 3.00474262e+00 6.56441510e-01 7.55710268e+00
  9.89223659e-01 2.81876421e+00 0.00000000e+00 8.22616768e+00
  1.45964718e+00 6.80643511e+00 6.90570307e+00 9.96235085e+00
  1.21883163e+01 1.57233131e+00 1.99611798e-01 2.93668628e+00
  5.30742645e+00 2.28783298e+00 0.00000000e+00 3.58673286e+00
  2.77277184e+00 1.44903688e+01 8.64838362e-01 3.10442376e+00
  4.30022621e+00 3.67466748e-01 1.20042360e+00 4.21857023e+00
  1.34517634e+00 0.00000000e+00 4.58909559e+00 8.73434246e-01
  4.12168980e-01 2.81864405e+00 7.41206482e-02 6.25748098e-01
  5.69773138e-01 8.26107311e+00 2.70020056e+00 4.35273260e-01
  8.27755511e-01 1.06972332e+01 4.09067154e+00 8.79521084e+00
  2.59272337e+00 6.81976271e+00 1.74983656e+00 7.43010426e+00
  2.28665924e+00 4.51760530e+00 8.50295186e-01 1.40330052e+00
  1.90324306e+00 2.67271638e+00 1.90256298e-01 1.85459805e+00
  1.42832732e+00 2.24229622e+00 0.00000000e+00 3.14438391e+00
  4.15048361e+00 6.04333258e+00 9.52290535e-01 0.00000000e+00
  7.37138540e-02 8.78511143e+00 8.58788371e-01 1.78825676e+00
  6.35797918e-01 3.57658982e+00 1.44435868e-01 2.86432600e+00
  2.57745242e+00 5.24652147e+00 1.67735052e+00 8.59234524e+00
  0.00000000e+00 3.24484229e+00 1.56105947e+00 5.08213472e+00
  2.30783582e-01 5.95433426e+00 3.68378615e+00 4.70268393e+00
  9.34503615e-01 1.27967286e+00 5.82666588e+00 1.91232041e-02
  3.73526621e+00 0.00000000e+00 1.10813999e+00 5.42147779e+00
  1.76994726e-01 2.31750417e+00 5.12404156e+00 1.24319756e+00
  1.48123729e+00 5.10241318e+00 5.48816299e+00 3.58833933e+00
  0.00000000e+00 4.39426708e+00 2.20020986e+00 4.03095055e+00
  4.88530540e+00 3.76096249e-01 2.73105645e+00 2.83999467e+00
  0.00000000e+00 0.00000000e+00 5.22197187e-01 3.44564281e-02
  6.08884954e+00 2.17262173e+00 8.64955235e+00 7.27797031e-01
  1.12509270e+01 5.66204786e-01 5.71330023e+00 0.00000000e+00
  3.96892881e+00 1.84733331e+00 3.47633362e-01 4.01089716e+00
  2.94019651e+00 4.83282423e+00 3.17653626e-01 7.21771288e+00
  2.07467818e+00 1.05324471e+00 6.07834911e+00 5.35766649e+00
  5.52050781e+00 0.00000000e+00 1.21951990e+01 1.69871104e+00
  4.60428810e+00 1.04336152e-02 3.53115964e+00 2.85103619e-01
  2.48208737e+00 8.38070214e-01 2.51619101e+00 2.00679493e+00
  2.09002519e+00 3.43983054e+00 2.20186853e+00 1.69484794e+00
  6.31624699e+00 9.89704037e+00 1.14782991e+01 0.00000000e+00
  1.71844327e+00 1.08553731e+00 7.42420495e-01 1.97178555e+00
  3.09846014e-01 4.16820437e-01 3.99667048e+00 7.03787565e+00
  9.94269371e-01 2.91278005e+00 6.87525463e+00 0.00000000e+00
  6.01861954e+00 1.26251431e+01 0.00000000e+00 3.74410439e+00
  4.24268866e+00 7.63931942e+00 2.91285229e+00 1.20202947e+00
  5.79836559e+00 4.00871545e-01 1.93908930e+00 3.77537823e+00
  1.29330218e+00 3.12993574e+00 1.45001793e+00 1.75373971e-01
  1.47228134e+00 3.47009927e-01 1.11651211e+01 2.86036348e+00
  4.16059780e+00 6.15966988e+00 2.76164556e+00 3.05035162e+00
  1.74805716e-01 5.00908673e-01 8.78694415e-01 1.99844074e+00
  6.35260201e+00 1.82873619e+00 0.00000000e+00 1.88805914e+00
  2.49660087e+00 3.48281527e+00 1.04412901e+00 0.00000000e+00
  8.22739244e-01 4.58907795e+00 2.07734513e+00 8.47852752e-02
  3.77589512e+00 8.66001701e+00 1.61500692e-01 2.69029880e+00
  2.72661328e+00 2.05005147e-02 3.63825965e+00 4.14199591e-01
  3.63092256e+00 1.45103455e+00 1.15372667e+01 1.89564764e-01
  6.95040002e-02 1.92323990e+01 6.42357916e-02 1.17305410e+00
  8.36820793e+00 2.47757125e+00 1.42041578e+01 2.88433957e+00
  9.28000164e+00 3.00118828e+00 1.62626132e-01 2.55457640e-01
  5.51767540e+00 1.92287600e+00 9.18881476e-01 1.40557492e+00
  5.30703259e+00 7.39674270e-02 3.92738438e+00 2.22217536e+00
  1.26909502e-02 1.19646082e+01 7.18507481e+00 1.03713655e+00
  1.48592734e+00 5.46364844e-01 8.44951391e-01 6.44507265e+00
  9.61937618e+00 1.98614442e+00 6.73006535e+00 1.76527095e+00
  3.24726391e+00 5.02618885e+00 5.62743330e+00 4.38667297e+00
  3.64578271e+00 4.72175741e+00 1.89081252e+00 5.53610325e-01
  5.07139683e-01 2.26808262e+00 2.74963880e+00 2.45720387e+00
  2.26880717e+00 1.47207427e+00 2.03189826e+00 3.28664780e+00
  8.38644207e-01 4.35266018e-01 7.71429253e+00 7.28346968e+00
  2.76561046e+00 5.80030024e-01 2.02308726e+00 3.98039770e+00
  3.24997234e+00 9.04277623e-01 6.16026402e+00 1.23689330e+00
  1.64183235e+00 1.98584691e-01 0.00000000e+00 1.93325818e+00
  1.23424206e+01 2.52327490e+00 4.36370373e-01 6.85752392e-01
  2.84213448e+00 1.49937034e+00 1.69861054e+00 5.14528370e+00
  1.22499335e+00 1.55358338e+00 2.77293455e-02 7.35673809e+00
  1.28312886e-01 1.04074731e-01 2.35649586e+00 4.14903134e-01
  0.00000000e+00 4.29335386e-01 2.88032436e+00 5.90514994e+00
  7.91246414e+00 6.18728256e+00 7.29651451e+00 3.43818754e-01
  6.42918158e+00 4.63136148e+00 5.49192011e-01 2.75927305e+00
  2.76198530e+00 9.60488617e-01 1.63681686e+00 5.13722038e+00
  3.15816855e+00 5.19679499e+00 1.35130978e+00 3.23719764e+00
  1.63329124e+00 2.51606584e+00 4.17656708e+00 1.04862225e+00
  1.72327363e+00 6.69426918e+00 4.25016832e+00 1.26642656e+00
  8.40668559e-01 0.00000000e+00 4.57751703e+00 1.21878016e+00
  3.24972689e-01 6.85827374e-01 4.33155775e+00 4.45142603e+00
  2.25252366e+00 9.18895149e+00 2.53033489e-01 4.56564760e+00
  0.00000000e+00 3.83481085e-01 7.21925080e-01 2.17683620e+01
  2.42240238e+00 8.46655309e-01 1.98665738e+00 2.14542651e+00
  6.43582344e+00 7.12028646e+00 7.55420148e-01 6.36929810e-01
  3.40876436e+00 1.81542605e-01 2.33250189e+00 1.02821255e+01
  2.08446169e+00 6.67677224e-01 1.87467957e+00 1.60526228e+00
  1.95673490e+00 5.36118865e-01 1.34153485e+00 1.39267135e+00]]