[[2.74962878e+00 6.53652251e-01 1.64336300e+00 5.97990334e-01
  8.86842370e-01 5.25140715e+00 2.26978469e+00 5.19412637e-01
  0.00000000e+00 2.46149879e-02 6.80644810e-01 2.70134807e+00
  5.70028353e+00 0.00000000e+00 0.00000000e+00 3.96648556e-01
  1.28318012e+00 3.84211689e-01 5.02308831e-02 2.27674627e+00
  0.00000000e+00 1.40159683e+01 0.00000000e+00 1.14191341e+00
  9.94287789e-01 4.93945169e+00 4.11134481e+00 2.77956820e+00
  0.00000000e+00 1.18772292e+00 0.00000000e+00 3.45205188e+00
  1.80648282e-01 2.14071774e+00 2.20951343e+00 3.62187481e+00
  5.53764868e+00 1.32811695e-01 4.30917531e-01 9.54629064e-01
  2.27662802e+00 1.12394296e-01 7.62401521e-01 1.07874334e+00
  1.23966920e+00 2.52711773e+00 3.61928988e+00 8.67087543e-01
  2.00705791e+00 5.26073217e+00 7.10640001e+00 1.32493627e+00
  1.22528493e+00 4.28280354e+00 8.04812789e-01 3.13050127e+00
  6.10694468e-01 4.37533617e+00 4.38953018e+00 4.40617889e-01
  1.50135115e-01 9.75802183e-01 6.40552521e+00 7.13798857e+00
  1.77933311e+00 2.12089634e+00 5.63471031e+00 3.73413563e+00
  1.99913466e+00 4.91734982e+00 1.92405796e+01 8.88449669e+00
  0.00000000e+00 1.77391398e+00 3.69262314e+00 0.00000000e+00
  2.52496624e+00 1.46249020e+00 3.68488543e-02 0.00000000e+00
  7.61625648e-01 1.78801334e+00 1.66415548e+00 0.00000000e+00
  5.11441898e+00 1.38686466e+00 5.12600613e+00 1.61771834e+00
  1.11167252e+00 1.34187520e+00 3.93548393e+00 1.22042763e+00
  0.00000000e+00 2.68117714e+00 5.12889743e-01 5.76240569e-02
  1.06239223e+00 4.30913448e+00 9.09968734e-01 1.05544138e+00
  5.99472046e+00 4.98613864e-01 1.93862474e+00 2.66249800e+00
  2.85983443e-01 1.07345667e+01 8.79069269e-01 7.20886052e-01
  0.00000000e+00 8.04659724e-01 1.32290292e+00 4.94766092e+00
  1.99974096e+00 8.66719818e+00 4.31462944e-01 7.76793480e-01
  1.41352558e+00 2.06227612e+00 5.41432798e-01 3.53520679e+00
  4.99239773e-01 3.53122085e-01 3.61321187e+00 3.08776736e+00
  4.02414656e+00 2.67198396e+00 1.39065969e+00 1.97201278e-02
  1.15610361e+00 3.53219008e+00 1.19142199e+00 2.48072720e+00
  2.26556569e-01 2.59784400e-01 0.00000000e+00 1.07355487e+00
  2.37852093e-02 3.09034538e+00 2.31972933e+00 3.31284475e+00
  2.02609822e-01 0.00000000e+00 3.08035779e+00 1.48826504e+00
  6.87168360e-01 2.09641290e+00 3.68995333e+00 1.06093025e+00
  0.00000000e+00 4.49069053e-01 1.32190056e+01 1.87614691e-02
  0.00000000e+00 1.37314215e-01 1.72452778e-01 4.69341785e-01
  3.43481827e+00 4.15393353e-01 1.20129657e+00 3.93408537e-01
  1.59418732e-01 8.30978453e-01 9.41960931e-01 6.58992864e-03
  3.98221970e+00 2.41379929e+00 2.38268282e-02 5.37045836e-01
  0.00000000e+00 2.71807146e+00 8.64151642e-02 3.75085950e+00
  3.14925647e+00 1.05343456e+01 4.77824831e+00 3.87026048e+00
  1.54300487e+00 4.03685212e-01 4.68291569e+00 4.70033932e+00
  1.68983495e+00 0.00000000e+00 2.59963560e+00 3.01920271e+00
  2.15227127e+00 1.47923422e+00 1.32402534e+01 1.80590022e+00
  1.95279753e+00 9.82419848e-01 6.55881071e+00 0.00000000e+00
  1.64715022e-01 4.73737240e+00 0.00000000e+00 4.26015258e-01
  1.26860189e+00 6.19866085e+00 0.00000000e+00 0.00000000e+00
  3.36065507e+00 0.00000000e+00 2.49214149e+00 6.87977314e-01
  0.00000000e+00 1.53685844e+00 1.20090878e+00 5.26496395e-02
  1.70562220e+00 2.99987602e+00 7.56666243e-01 4.31140852e+00
  1.48216593e+00 3.04806185e+00 0.00000000e+00 8.31659257e-01
  1.10971713e+00 0.00000000e+00 1.41047156e+00 2.89015698e+00
  4.45418501e+00 2.87956643e+00 1.50909615e+00 2.12956715e+00
  5.26121259e-01 1.13307071e+00 0.00000000e+00 1.28267002e+00
  1.04523611e+00 2.36253119e+00 2.22895288e+00 1.31364751e+00
  1.33334398e-01 2.69224524e+00 1.45850027e+00 1.54335797e+00
  3.91498148e-01 2.80108237e+00 5.38468266e+00 1.56349123e+00
  4.52761017e-02 6.24807596e+00 6.24474823e-01 4.08472729e+00
  1.57567561e+00 3.79708147e+00 3.32888722e+00 1.43969476e+00
  4.09448051e+00 4.76551980e-01 1.21836786e+01 2.54696369e+00
  2.83435988e+00 3.63882732e+00 8.87506425e-01 4.10583019e+00
  9.83572960e-01 2.22986907e-01 7.96589327e+00 1.45566452e+00
  1.02066195e+00 0.00000000e+00 0.00000000e+00 1.82788789e+00
  5.99878168e+00 0.00000000e+00 2.33054101e-01 1.77722430e+00
  8.09990406e+00 1.75031424e+00 7.11056900e+00 1.93060613e+00
  1.91999650e+00 7.39135933e+00 1.08301067e+00 5.63072157e+00
  6.52722597e+00 5.18480420e-01 0.00000000e+00 9.47966099e+00
  2.75931835e+00 2.94561076e+00 1.87835503e+01 4.92695570e+00
  4.53698492e+00 4.78545994e-01 6.03501797e-01 7.21356869e-01
  6.72971979e-02 1.52244043e+00 4.30704921e-01 0.00000000e+00
  3.17887473e+00 9.95513380e-01 1.97706139e+00 0.00000000e+00
  3.47574264e-01 2.63827443e-01 5.68445027e-02 0.00000000e+00
  8.04176748e-01 1.77444005e+00 1.14604855e+01 0.00000000e+00
  8.43322277e-03 0.00000000e+00 2.04283863e-01 1.30204713e+00
  5.22790968e-01 6.69943857e+00 4.86769080e-01 1.23487663e+00
  2.91702294e+00 2.94143057e+00 1.62036014e+00 0.00000000e+00
  3.56214309e+00 5.15894461e+00 2.05350614e+00 3.37848234e+00
  3.25008631e+00 1.75061917e+00 6.09953642e+00 0.00000000e+00
  8.42482269e-01 3.25857353e+00 3.93498707e+00 1.75899565e-02
  1.85219944e-01 1.15830392e-01 1.37907422e+00 2.35798120e+00
  1.35837412e+00 1.07253766e+00 8.59852695e+00 7.25055504e+00
  2.16902137e+00 6.63563204e+00 1.10671158e+01 9.76700068e-01
  1.02341759e+00 3.82124758e+00 2.46927500e-01 5.78425862e-02
  5.91892481e+00 6.18807912e-01 6.96556270e-01 3.97581130e-01
  1.24030316e+00 0.00000000e+00 2.25050688e+00 0.00000000e+00
  5.88317037e-01 2.37940922e-01 1.13328838e+00 1.00850379e+00
  5.87957287e+00 4.51708651e+00 8.41294193e+00 8.92062709e-02
  6.62856340e-01 6.27710402e-01 4.58473063e+00 5.84446371e-01
  1.57490838e+00 3.42714214e+00 1.46123323e+01 5.65088093e-01
  3.94495010e+00 0.00000000e+00 6.04573309e-01 0.00000000e+00
  1.24206781e+01 1.64379373e-01 7.25889874e+00 1.26720548e+00
  2.93982297e-01 6.38156271e+00 0.00000000e+00 7.70497680e-01
  6.29483271e+00 4.74291801e+00 1.78128168e-01 1.41657400e+00
  4.46557474e+00 0.00000000e+00 4.14659166e+00 0.00000000e+00
  1.72910011e+00 1.93994439e+00 4.48362947e-01 4.62954938e-01
  9.62781310e-01 1.24876726e+00 2.84944564e-01 1.52649009e+00
  4.92069483e-01 3.18428421e+00 4.66252756e+00 3.64064717e+00
  2.73874092e+00 4.58101273e+00 5.68001270e-02 3.92952752e+00
  2.39616060e+00 3.63091648e-01 0.00000000e+00 2.74439484e-01
  2.34210300e+00 9.63053608e+00 3.15861344e+00 1.94623935e+00
  0.00000000e+00 5.36427870e-02 1.79972088e+00 2.25890088e+00
  8.61096740e-01 5.44917822e-01 0.00000000e+00 6.76895618e-01
  4.20793772e-01 4.50801563e+00 6.33654642e+00 5.90002060e+00
  3.62480545e+00 0.00000000e+00 4.14964247e+00 3.80530667e+00
  0.00000000e+00 0.00000000e+00 0.00000000e+00 5.28731918e+00
  2.02191029e+01 1.05268121e+00 3.10517883e+00 1.00003119e+01
  4.72367257e-01 3.51219201e+00 2.78390741e+00 2.38984728e+00
  7.80352473e-01 1.40984103e-01 3.65787673e+00 1.84197533e+00
  8.04429710e-01 6.05360627e-01 2.42680931e+00 3.16891193e+00
  1.34201169e+00 2.76574898e+00 1.15631714e+01 1.32382202e+00
  1.97185755e+00 3.20222884e-01 6.83418572e-01 4.28480618e-02
  1.51386080e+01 2.94944572e+00 1.16906726e+00 9.12204802e-01
  1.36178265e+01 1.05847437e-02 0.00000000e+00 5.31181812e-01
  7.10842460e-02 3.29805613e-01 7.24650919e-02 6.52895927e+00
  0.00000000e+00 2.44657707e+00 1.50866354e+00 1.81187534e+00
  1.69530773e+00 1.74379234e+01 0.00000000e+00 9.67719182e-02
  4.32574654e+00 6.45942092e-01 0.00000000e+00 2.56476712e+00
  1.10062981e+00 1.80098295e-01 8.69043916e-02 1.27034378e+00
  0.00000000e+00 5.30104780e+00 3.36712337e+00 2.81748593e-01
  6.95830464e-01 0.00000000e+00 7.42372453e-01 7.11171925e-01
  2.61461139e-01 6.91516304e+00 1.16229212e+00 3.15449506e-01
  1.16083889e+01 4.83789730e+00 2.74711917e-03 2.12047553e+00
  9.10519505e+00 2.68173027e+00 1.11610937e+00 3.29580456e-01
  2.64248443e+00 0.00000000e+00 5.78748322e+00 1.72276568e+00
  8.53912950e-01 1.95721185e+00 1.71770954e+00 1.95190930e+00]]