[[ 2.437553    3.3949373   0.9522084   3.9174426   2.3709862  18.456577
   3.9809577  12.054667    2.441968    0.12875126  5.0205083   3.2247372
  11.190219    7.4729676   5.9797263   0.6827205  11.883374    1.9739738
   1.9052417   7.5896626   1.1313537   1.5412248   3.415864    0.2836732
   0.08479924  6.32821     4.14867     5.1826534   3.7947977   7.307713
   1.1769794   3.4507437   3.6805868   3.123407    2.2847745   2.0474906
   8.390562    1.4878464   4.9454536   2.0788395   4.49729     6.6110344
   4.264383    3.6986732   0.90379184  0.3393565   2.993819    1.7651641
   5.0781465   7.452316    0.12705687  1.8503172   3.4420834   2.524716
   6.2138915   7.5434546   3.564209    6.0374064   3.53985     9.53043
   4.945299    3.7141318   6.5709653   9.193387    2.4183266   6.020548
   4.88837     5.955023    4.228115    3.1994474   1.2684244   0.6386465
   2.1533604   3.2709546   6.610522    0.03386275  2.4226372   7.698309
   0.2873524   6.6333046   5.441538    0.9605904   7.697012    1.1359338
  12.436386    4.1539235   3.953018    1.1442999  13.4737625   7.845178
   1.5167876   8.991345    2.0391417   8.850013    7.9676366   0.19732729
   6.8998046   0.20721416  4.8909154   0.73449165  0.34282485  3.7060122
   1.8006637   1.8450073   5.313289    0.3904938   1.0145487   1.1809583
   1.445452    8.845848    7.34429     2.6326866   8.315053    3.5351238
   1.3761774   1.1447366   9.18339     1.595913    0.37440124  1.4587524
   2.0950298   1.1862476  11.459515    9.792321    0.         11.576598
   0.46924847  0.12797645  5.4493375  16.37265     7.230029    5.1108527
   9.076065    4.3643017   1.7451161   7.8811893   1.3666317   6.990613
   0.7671689   1.6315677   0.12499467  5.1703477   0.6394443   3.7054474
   1.1983167   0.78935194  1.6255362   0.04870756  0.04687333  4.155806
   3.9325776   8.7212515   3.9580302   1.8254312   0.          9.646257
   4.1271276   0.4966569   1.0582652   0.7213607   3.0111063   8.364605
   5.3110538   6.1583686   3.3903422   4.272115    0.36146504  1.8117266
   4.1993732   2.875598    3.7117739   0.33229497  0.17893536  1.4368867
   0.8128721   0.8230807   6.124813    3.312967    0.75767845  5.178207
   3.2975583   1.9764186   9.702642    0.55512035 11.558554    1.22632
   4.427324    0.06500845  0.          4.6264853   1.0684549   0.15945761
   4.9721293  10.262718    2.0900156   2.0104082   2.5836606   6.199993
   2.88781     2.110963    0.51520735  5.346439   11.887858    0.5389635
   5.083356    0.88835806  1.557       4.9566803   5.767978    0.03218369
   3.389973    7.0663476   2.3883562   2.8508894   1.6153748   1.7988892
   7.446045    2.7360039   0.4859818   1.2588197   1.6906075   4.093957
   2.66881     8.155057    3.963835    2.6067832   0.90730053  3.243054
  14.09139    12.094368    3.6707246   1.4965084   6.9254136   1.073462
   0.33594513  6.964282    3.0078917  14.674256    6.5599365   2.7730465
   4.595841    5.243701    3.8708897   1.89442     1.5179375   0.6249362
   3.9969332   3.4361355   0.23788482  0.882384    6.2697673   1.8078296
   4.8332314   5.721901    2.7464921   2.781543    4.5559134   6.506787
   6.052849    2.530231    3.9152975   0.23228614  0.          7.664819
   5.947129    5.812127    3.4299085   0.9028129  19.947136    0.52851266
   2.1808918   1.7437896   1.2100242   5.5284343   4.116819   13.187613
   1.6972448   3.694482    3.0467775   1.8579314   7.453927    3.239868
   4.8056355   2.2101483   3.7148468   0.          9.258099    3.040631
   6.6597347   0.37736312  1.6831086   6.7300744   2.6222398   1.0682015
   0.7562372  18.110888    3.296795    1.7879438   8.137131    0.
   5.4321575   4.1441035   2.5824807   0.6796163  10.564287    1.8664064
   4.8464494   0.0844696   5.3108397   0.63869196  0.5206471   1.7414881
   3.2984927   8.975663    1.2717019   0.45582488  7.2968      5.083808
   7.301039    1.136466   12.883214    1.4061131   2.5573506  11.260594
   6.548221   10.753203   14.164136    6.9531274   1.6041381   2.4649432
   0.3427068   2.8993084   0.4328743  19.406181    5.1452503  10.179459
   1.6826164   5.0603766   3.0120964   1.8809633   2.2031405   0.73277545
   6.1399937   0.7472143   1.4418089   3.6693244   2.816823    1.0847801
   0.88617104  0.39487037  2.378778    1.4096547   6.8764725   8.592415
   2.57389     0.64266056  4.0261765  11.887809    2.823794    1.38303
   0.513557   11.201977    7.400948    4.5999017   0.15745012  1.4144418
  18.134409    6.10687     7.6146917   0.42243832  0.13434379  1.4924443
  11.081205    4.0185785   6.9316134   1.429041    1.1064028   9.145755
   4.310351   10.224896   22.166561   17.54649     0.97894436  1.9165015
   2.906405    1.659152    3.9101322   0.09906781  0.7896064   0.408101
   3.0176842   6.284068    5.6178956   0.24588577  2.7987704   0.32897526
   3.745928    2.7789958   4.817572    2.611192    1.3946432   2.752063
   0.44037217  1.7820501   4.0329742   6.8815627   1.1276201   3.9609363
   2.7026806   8.035576    4.407262    3.2353477   0.5461555  11.797108
   0.30702272  3.2021697  12.994166    4.3120856   0.          2.5300844
   0.3944422   2.3943026   0.23313947  1.8223863   5.611257    6.8326697
  11.43509     3.9676394   4.845632    0.4429176   2.8669643   3.8428519
  10.25881     5.4293118   3.581737    4.384522    7.1465807   5.6267233
   2.5905056   1.8023826   8.260278    4.6865926   5.6774697   4.5415554
   1.8362147   2.3658247   1.4742123   1.3924646   2.962677    0.
   2.974013    5.7925105   2.8542428   6.9690547   4.377807    0.5073999
   1.2332354   2.8203387   1.8245132   5.4333496   5.3711114   2.6118176
   3.5098462   7.0072527   2.57594     4.0127654   2.6358132   1.1480023
   2.0425134   1.5484848   0.2881451  10.006754    0.          6.64507
  12.662489    0.36713082  0.7719824   0.4509906   6.684737    2.0967522
   8.150837    0.20003264  3.137871   10.726889    0.5108739   5.862168
   6.891697    0.971316    0.5697661   7.642493    3.7230387   6.0241942
   5.0506797  10.068045    6.4599733   1.4598026   8.874997    0.1954652
   7.1504416   0.5050062   7.306238    2.4373116   4.200187    9.248534
  11.467365    7.7821813   2.5743656   2.319411    2.2156827   0.79101026
   9.9302025   0.04240899]]