[[2.13011503e+00 1.42652547e+00 1.41573536e+00 2.95963407e+00
  4.58888578e+00 1.24735422e+01 4.08531857e+00 0.00000000e+00
  8.68141651e-01 6.20142519e-01 7.24264336e+00 5.45491278e-01
  1.44134963e+00 5.74897909e+00 4.81190157e+00 1.39050436e+00
  2.75874972e+00 5.80656469e-01 1.14760876e+00 2.93380451e+00
  7.42386198e+00 1.10406125e+00 1.37713623e+00 1.14497674e+00
  1.80730432e-01 3.70358872e+00 0.00000000e+00 4.60233021e+00
  4.08795881e+00 7.80187249e-01 1.35997921e-01 6.60390139e-01
  0.00000000e+00 3.76148415e+00 3.43148708e+00 5.17028236e+00
  9.05467606e+00 1.41853034e-01 3.51660967e+00 2.90733039e-01
  3.69763702e-01 2.42577052e+00 2.92755651e+00 3.20777917e+00
  2.26558223e-01 0.00000000e+00 1.96349812e+00 3.94976401e+00
  1.89877677e+00 5.56588078e+00 1.63261414e+00 7.90714741e-01
  2.83621287e+00 2.48708665e-01 5.03013325e+00 3.45144010e+00
  2.16146374e+00 4.97101593e+00 0.00000000e+00 1.60442472e+00
  3.33563948e+00 2.24371457e+00 9.36664486e+00 1.97835958e+00
  1.44631362e+00 2.18858361e+00 6.20739982e-02 4.07573843e+00
  6.36067390e-01 1.61229670e+00 3.82433355e-01 0.00000000e+00
  9.63907719e-01 1.42994142e+00 2.60959387e+00 2.01178193e+00
  1.93842912e+00 8.55041981e+00 1.23023117e+00 1.39463925e+00
  2.10175022e-01 6.87116742e-01 4.11075401e+00 3.51579964e-01
  4.42757273e+00 5.99873447e+00 5.48005295e+00 1.01521385e+00
  5.40766144e+00 9.44879174e-01 2.80400252e+00 3.51764655e+00
  4.58318442e-01 8.05288124e+00 7.63615274e+00 2.35840250e-02
  5.81242943e+00 1.34101152e+00 1.67064041e-01 5.36592340e+00
  1.66325271e-01 3.25365782e+00 1.81472611e+00 1.24035180e+00
  1.11071291e+01 0.00000000e+00 2.69052088e-01 4.20225191e+00
  2.58515096e+00 4.69394970e+00 3.82594633e+00 8.34234834e-01
  4.80067778e+00 4.80330037e-03 6.07511139e+00 9.62679833e-02
  9.01258850e+00 2.37833142e+00 1.83525532e-01 1.71416283e+00
  4.11824608e+00 1.63423038e+00 8.52526724e-03 1.02586050e+01
  9.18944359e-01 4.09560680e+00 0.00000000e+00 3.61097383e+00
  3.10995102e+00 5.75841951e+00 5.01674843e+00 1.71627367e+00
  2.68180060e+00 3.15588760e+00 4.50568819e+00 7.59203768e+00
  4.39753675e+00 1.20241585e+01 0.00000000e+00 4.80952072e+00
  1.04351950e+00 1.29541624e+00 8.66849542e-01 2.58828139e+00
  7.16298878e-01 2.08327889e-01 2.21407247e+00 8.99651796e-02
  0.00000000e+00 3.87271190e+00 0.00000000e+00 6.07392788e+00
  2.21400261e+00 4.09694672e+00 1.26381829e-01 1.38286352e+00
  1.86777341e+00 2.07702756e-01 2.89026713e+00 3.75408173e-01
  1.30828306e-01 6.53270483e-01 4.76288986e+00 7.56721640e+00
  1.74762619e+00 1.78182840e+00 1.37616312e-02 1.35713589e+00
  2.72582978e-01 4.28401518e+00 5.73292208e+00 4.34585139e-02
  1.69038606e+00 1.20424819e+00 3.45307477e-02 2.83969373e-01
  1.31884432e+01 6.24682856e+00 7.73332536e-01 5.51091909e+00
  1.84257758e+00 5.34687757e-01 3.45871282e+00 9.51702058e-01
  4.39845294e-01 1.11578310e+00 3.87009054e-01 2.13367134e-01
  8.63055110e-01 3.03629279e+00 0.00000000e+00 0.00000000e+00
  0.00000000e+00 3.92005444e+00 1.80301547e+00 1.76702321e-01
  2.45098138e+00 5.10754101e-02 9.93300140e-01 4.16108704e+00
  9.68403399e-01 1.15593004e+01 8.08502769e+00 6.24363780e-01
  2.92972326e+00 8.60059440e-01 3.71735394e-01 2.30967951e+00
  1.94221437e+00 0.00000000e+00 6.47851288e-01 2.27005053e+00
  1.86150646e+00 2.20746562e-01 4.26809430e-01 4.80608374e-01
  3.89067101e+00 2.08081436e+00 2.48706841e+00 9.95329261e-01
  2.03690395e-01 2.45734787e+00 5.26814175e+00 1.79787660e+00
  2.95947134e-01 1.20551538e+00 1.72276509e+00 5.80667353e+00
  9.69561195e+00 3.00644135e+00 3.75280356e+00 1.96167922e+00
  5.37538624e+00 1.90242782e-01 2.09053889e-01 7.03195858e+00
  2.74263215e+00 8.52364349e+00 1.37046456e+00 1.71780080e-01
  5.88535404e+00 1.18007219e+00 3.74588084e+00 7.29186416e-01
  6.77360237e-01 2.27267814e+00 5.79727554e+00 4.37342119e+00
  2.25306225e+00 2.96475768e-01 4.14547920e+00 1.23677397e+00
  0.00000000e+00 4.95517540e+00 5.43392706e+00 1.14251411e+00
  2.15539718e+00 1.71851361e+00 1.98802841e+00 0.00000000e+00
  7.12319613e+00 1.57544851e+00 0.00000000e+00 2.19129205e+00
  5.09594440e-01 3.07129491e-02 1.34904161e-01 7.92816639e-01
  4.78354454e+00 8.80249321e-01 2.84884763e+00 1.70803890e-01
  2.63195109e+00 6.77811623e-01 2.37977314e+00 4.67860174e+00
  1.70426011e+00 5.09379148e+00 2.72029948e+00 6.54938817e-01
  5.03056383e+00 2.12507629e+00 2.28378725e+00 1.26920152e+00
  3.41633677e+00 0.00000000e+00 2.28195810e+00 6.95663071e+00
  4.21198082e+00 6.03835762e-01 2.63903700e-02 3.14843678e+00
  9.78369415e-01 7.10999489e-01 2.97281170e+00 1.98722553e+01
  3.02480638e-01 2.05642891e+00 4.87812614e+00 2.66681582e-01
  4.27917004e+00 4.20762157e+00 1.11002398e+00 1.16110098e+00
  2.42238426e+00 1.79828477e+00 4.78880548e+00 5.36090851e-01
  5.33381891e+00 0.00000000e+00 9.06787872e-01 4.70987177e+00
  5.34311116e-01 6.84048891e+00 1.47691536e+00 3.90362561e-01
  4.49397039e+00 9.15841389e+00 3.57823181e+00 1.59332180e+00
  4.83847809e+00 1.48264360e+00 2.77454760e-02 8.45230198e+00
  4.30203485e+00 9.94064617e+00 9.72429752e+00 6.44442415e+00
  3.91162109e+00 6.61033583e+00 6.00240648e-01 4.01074409e+00
  1.75836876e-01 4.64914083e+00 3.87507653e+00 8.86583996e+00
  1.80918181e+00 4.22611618e+00 2.95444822e+00 2.50246596e+00
  2.84645891e+00 1.33491194e+00 1.12867200e+00 8.73007476e-01
  7.37738788e-01 1.72597980e+00 5.59230900e+00 1.30214679e+00
  2.02527308e+00 1.70704174e+00 0.00000000e+00 0.00000000e+00
  8.12517738e+00 8.31818295e+00 1.09284207e-01 7.93818235e-01
  4.26011086e+00 6.17044449e+00 5.81191182e-01 2.64435911e+00
  0.00000000e+00 3.53979802e+00 5.22443676e+00 1.08697376e+01
  1.26753044e+00 9.72518444e-01 5.92015791e+00 7.09894800e+00
  7.25343800e+00 1.63048005e+00 3.05390172e-02 0.00000000e+00
  5.30736017e+00 3.41767192e+00 4.60016012e+00 4.19542909e-01
  1.41309857e+00 6.14404798e-01 4.16484416e-01 9.21089172e+00
  1.68868504e+01 7.30671120e+00 4.07943219e-01 2.34907150e+00
  7.02363849e-01 4.92201513e-03 5.71385980e-01 5.90719879e-01
  4.52590853e-01 6.94812357e-01 1.67456532e+00 2.75637412e+00
  4.03400272e-01 1.04478109e+00 3.40393662e-01 6.91443324e-01
  7.96144629e+00 2.71813369e+00 2.23033571e+00 3.79587680e-01
  4.71252775e+00 2.78604722e+00 0.00000000e+00 4.85560560e+00
  3.14486474e-01 3.79424620e+00 2.15586925e+00 3.66197300e+00
  1.20729268e-01 6.78673553e+00 4.34845495e+00 1.16462684e+00
  1.67226836e-01 1.09607582e+01 4.52126563e-01 3.93787551e+00
  7.25549996e-01 1.25573683e+00 1.66334546e+00 6.22540522e+00
  5.45358658e+00 2.96376675e-01 8.31550181e-01 2.49038363e+00
  8.30097675e-01 1.03215218e+01 7.42128754e+00 1.29155517e+00
  2.45729017e+00 1.14502490e-01 1.20274305e+00 9.09048498e-01
  1.88569522e+00 2.10532737e+00 2.29441404e+00 4.85170317e+00
  4.85170031e+00 4.65414667e+00 1.61397755e+00 0.00000000e+00
  3.90286875e+00 4.28810596e+00 7.81084374e-02 6.19960499e+00
  1.32098138e+00 3.39239216e+00 7.61317670e-01 1.41245794e+00
  0.00000000e+00 4.10469025e-01 3.50587428e-01 6.83459663e+00
  2.78565764e+00 1.06252551e+00 1.76999342e+00 3.08832407e-01
  4.11290884e+00 6.26082945e+00 2.34902069e-01 5.87798262e+00
  4.62195575e-01 2.60505152e+00 9.76202106e+00 4.67862940e+00
  1.29691854e-01 8.60439301e+00 1.47276223e+00 8.54573369e-01
  3.59413052e+00 2.25467014e+00 5.30098379e-01 1.26528966e+00
  2.25889049e-02 3.44723678e+00 6.46687365e+00 2.66614461e+00
  1.04915059e+00 1.64776921e+00 4.84799576e+00 6.10292315e-01
  7.34595394e+00 5.86585462e-01 2.11495948e+00 9.40886974e+00
  3.27042490e-01 5.37152052e-01 4.82434034e+00 4.05601072e+00
  2.20390606e+00 5.45258045e+00 1.73540235e+00 3.80540299e+00
  7.15448499e-01 8.42035770e+00 6.11104536e+00 5.04404128e-01
  5.84713042e-01 1.10566817e-01 7.77703810e+00 2.66867781e+00
  2.95305896e+00 1.36513889e+00 4.05895090e+00 3.02944469e+00
  4.92361403e+00 7.40664482e+00 2.26706529e+00 5.93388081e-01
  6.04906559e-01 2.99323845e+00 4.15346146e+00 9.63919342e-01]]