[[6.41616762e-01 1.69159746e+00 3.86510587e+00 0.00000000e+00
  8.42271984e-01 7.82541096e-01 3.12829280e+00 0.00000000e+00
  2.30677819e+00 3.62790704e+00 4.00758600e+00 3.16843486e+00
  2.39311099e+00 1.80818474e+00 0.00000000e+00 2.75374365e+00
  8.79944623e-01 1.92854330e-01 1.76252559e-01 3.85282898e+00
  3.78019542e-01 3.71886420e+00 5.25077295e+00 3.17491025e-01
  1.21414578e+00 1.11265631e+01 3.61305213e+00 6.24049067e-01
  3.19862461e+00 4.00790071e+00 2.93748170e-01 6.05535650e+00
  8.12473241e-03 4.00913525e+00 1.00627333e-01 0.00000000e+00
  5.75628328e+00 4.17265557e-02 6.19912529e+00 2.22124052e+00
  6.81271434e-01 1.75656164e+00 1.50199783e+00 3.80996799e+00
  4.68402767e+00 1.56063795e+00 4.57277060e+00 1.93820429e+00
  4.22578526e+00 1.86929941e-01 7.02956557e-01 1.66966462e+00
  3.06170639e-02 4.66789293e+00 1.91293776e+00 2.80175257e+00
  5.50382948e+00 5.10447073e+00 6.76242208e+00 1.41941220e-01
  7.42874861e-01 6.95424557e-01 2.43472481e+00 7.93225431e+00
  5.50908625e-01 4.42389727e-01 3.51812124e+00 8.33281457e-01
  1.40898776e+00 1.28377748e+00 3.41707087e+00 2.08999848e+00
  9.30495501e-01 8.35879707e+00 1.61236000e+00 2.39382076e+00
  2.55500302e-02 0.00000000e+00 3.46317053e-01 8.84826407e-02
  2.31208372e+00 8.77388835e-01 3.69507217e+00 1.94081557e+00
  1.71138346e+00 1.57354021e+00 7.42356837e-01 2.77826458e-01
  3.63254786e+00 0.00000000e+00 3.79020810e+00 5.30445427e-02
  2.47003794e-01 1.64369500e+00 1.12935984e+00 7.35059142e-01
  2.17472672e+00 3.29031682e+00 9.86448765e-01 4.98719072e+00
  4.91567343e-01 4.07943726e+00 6.35582733e+00 4.47731495e+00
  0.00000000e+00 1.98020887e+00 9.39496636e-01 1.61025971e-02
  4.51101160e+00 0.00000000e+00 1.67783189e+00 3.84613901e-01
  7.81731725e-01 5.59411573e+00 1.32390904e+00 1.79497927e-01
  4.80149698e+00 6.56267929e+00 2.75516480e-01 1.69227049e-01
  1.70256719e-01 1.09418201e+00 0.00000000e+00 1.14576502e+01
  6.73800468e-01 2.61157930e-01 1.21893871e+00 0.00000000e+00
  0.00000000e+00 1.89329231e+00 9.42741409e-02 6.26752600e-02
  2.48957086e+00 3.58068079e-01 8.48361492e-01 3.24156094e+00
  9.14381206e-01 1.09513737e-01 5.88977528e+00 5.52799106e-01
  1.76365817e+00 9.67526257e-01 3.52920961e+00 6.35898256e+00
  1.50396693e+00 4.45088357e-01 2.16611505e+00 0.00000000e+00
  0.00000000e+00 0.00000000e+00 2.89484596e+00 5.61491288e-02
  2.86244106e+00 0.00000000e+00 3.42467642e+00 1.29694533e+00
  1.09167230e+00 3.04630113e+00 0.00000000e+00 5.22403002e+00
  6.71129003e-02 5.07853150e-01 5.45200539e+00 2.18551564e+00
  3.74419355e+00 7.96055913e-01 1.48902861e-02 1.31409621e+00
  1.44765154e-02 3.56472880e-01 1.09429293e+01 1.61702156e+00
  8.27406025e+00 6.29091787e+00 2.30737233e+00 0.00000000e+00
  0.00000000e+00 3.96608524e-02 1.78528271e+01 2.91426325e+00
  1.82613170e+00 0.00000000e+00 1.53616214e+00 0.00000000e+00
  5.29229403e-01 1.29864109e+00 3.20624411e-01 1.04656726e-01
  2.01291299e+00 7.02874136e+00 3.38961506e+00 0.00000000e+00
  7.91417181e-01 8.22632313e+00 8.13107565e-02 6.40754843e+00
  7.42157936e-01 2.43760061e+00 0.00000000e+00 1.71082318e+00
  3.76972556e+00 2.79218960e+00 0.00000000e+00 3.01458979e+00
  1.04399433e+01 2.87925553e+00 8.33127677e-01 4.37368631e+00
  0.00000000e+00 1.15003242e+01 9.90729451e-01 2.91496062e+00
  2.77244538e-01 5.56579256e+00 2.39843681e-01 0.00000000e+00
  1.68701574e-01 5.38827300e-01 1.94567055e-01 3.88559747e+00
  1.17697573e+00 6.10105515e+00 6.46008134e-01 9.35952783e-01
  2.48150849e+00 4.24955606e+00 1.54611647e+00 6.58556402e-01
  9.60685983e-02 1.28321624e+00 6.87937856e-01 3.22479367e+00
  4.02576745e-01 1.45446336e+00 2.45656919e+00 2.08527374e+00
  8.83975220e+00 1.26143789e+00 4.34304285e+00 1.89713165e-01
  1.53533745e+00 5.22186123e-02 9.33829498e+00 2.75449657e+00
  3.19723755e-01 1.08381643e+01 4.53120899e+00 1.02484989e+00
  2.83842349e+00 1.08864384e+01 2.14765072e+00 3.16499758e+00
  5.46738552e-03 4.03931236e+00 8.86770546e-01 1.81397811e-01
  1.15450454e+00 2.34565043e+00 1.80714011e+00 4.80348492e+00
  3.14122558e-01 1.83321498e-02 2.52696514e-01 2.43570209e+00
  4.54336071e+00 0.00000000e+00 5.16696930e+00 1.55639076e+00
  6.24759579e+00 2.06605935e+00 3.99531317e+00 7.95147866e-02
  1.33563983e+00 3.00727510e+00 1.54019430e-01 1.91591829e-02
  8.93807507e+00 0.00000000e+00 1.02824308e-01 6.44866467e-01
  5.16670465e+00 1.56353855e+00 6.20774603e+00 1.68464196e+00
  2.19602084e+00 0.00000000e+00 5.34346724e+00 6.36642873e-02
  3.68232155e+00 4.15154791e+00 1.45814764e+00 2.34772816e-01
  4.06409979e+00 2.47743917e+00 3.84378362e+00 5.23722060e-02
  1.30495441e+00 1.05606604e+00 2.21628189e-01 0.00000000e+00
  1.52915373e+01 4.46554089e+00 1.98745120e+00 5.96338272e-01
  2.26160860e+00 1.75133681e+00 4.77489159e-02 4.96440554e+00
  9.70620155e-01 4.67013836e-01 4.14633131e+00 0.00000000e+00
  2.73148203e+00 3.70096624e-01 1.75403500e+00 3.01530629e-01
  2.66197801e+00 1.52850533e+01 1.68359065e+00 3.21957678e-01
  6.21095955e-01 3.37140274e+00 7.00405312e+00 2.96088189e-01
  7.32519850e-02 3.07280183e-01 1.50797105e+00 2.64588278e-02
  1.31289268e+00 3.13307428e+00 3.08969110e-01 1.45184016e+00
  4.04956609e-01 4.57569647e+00 6.83138275e+00 9.74570215e-01
  1.24388587e+00 5.60365820e+00 3.67557955e+00 7.54800034e+00
  7.17532516e-01 0.00000000e+00 3.03316426e+00 9.38634455e-01
  1.72609508e+00 5.21935105e-01 1.07462418e+00 6.57502830e-01
  8.40788960e-01 1.42291176e+00 1.04993343e+00 0.00000000e+00
  0.00000000e+00 1.36164641e+00 4.81859350e+00 1.03050375e+00
  0.00000000e+00 9.68002796e+00 1.96628916e+00 1.49752462e+00
  1.20624809e+01 0.00000000e+00 3.49295616e+00 5.08037853e+00
  4.33319950e+00 8.47096682e-01 2.23007050e+01 4.46894360e+00
  0.00000000e+00 4.81343317e+00 2.68854547e+00 2.07956243e+00
  1.03814054e+00 0.00000000e+00 7.48462534e+00 1.71544278e+00
  1.35585749e+00 3.08523655e+00 1.71200156e-01 1.04848528e+00
  2.36355290e-01 8.35457087e-01 6.62392914e-01 1.25664532e+00
  4.24089527e+00 2.11519599e+00 1.26927185e+00 1.92781940e-01
  8.03099871e-01 1.16094904e+01 8.66253495e-01 2.12324691e+00
  5.71827412e-01 1.93956411e+00 3.16004777e+00 2.65606213e+00
  2.70075822e+00 2.15266180e+00 2.08570528e+00 4.31195080e-01
  1.66875315e+00 1.49435091e+01 4.44316006e+00 7.00152206e+00
  3.72807837e+00 1.46672940e+00 2.92353332e-01 3.63849789e-01
  2.00584888e+00 6.54659331e-01 7.45623732e+00 3.61409736e+00
  0.00000000e+00 1.89822745e-02 4.09523869e+00 0.00000000e+00
  2.84880400e-01 7.57590294e-01 1.85056603e+00 1.82048202e+00
  3.53144228e-01 4.98725772e-01 2.91684389e-01 4.02349520e+00
  2.28681469e+00 1.17867500e-01 2.31150079e+00 5.04400301e+00
  4.35579967e+00 1.17944753e+00 7.14449883e+00 2.32047796e+00
  1.59764843e+01 1.18279517e+00 2.49326512e-01 1.90366673e+00
  7.57477522e-01 1.42163551e+00 1.23535597e+00 3.75469947e+00
  1.47210211e-01 0.00000000e+00 6.79453731e-01 3.49705195e+00
  3.59510875e+00 0.00000000e+00 5.99338341e+00 1.45322537e+00
  3.60358071e+00 6.74615279e-02 1.93323329e-01 2.18004584e+00
  2.59600639e+00 3.24360013e+00 2.13581777e+00 0.00000000e+00
  6.02715445e+00 5.25761318e+00 1.12643802e+00 4.37836742e+00
  6.78685904e+00 1.89029884e+00 2.89048046e-01 0.00000000e+00
  0.00000000e+00 6.38869810e+00 7.65030503e-01 4.76646805e+00
  1.91017044e+00 5.42735696e-01 2.00228596e+00 9.37848017e-02
  2.25507095e-02 7.75701094e+00 1.67121172e+00 1.06445980e+00
  5.15590727e-01 3.28564882e+00 5.24838567e-01 1.99467361e+00
  2.33233595e+00 0.00000000e+00 3.23348820e-01 1.35876548e+00
  5.24798669e-02 1.56622779e+00 3.17750722e-01 0.00000000e+00
  1.46914721e-01 0.00000000e+00 2.33463669e+00 2.12878793e-01
  2.51538098e-01 0.00000000e+00 6.79254651e-01 3.31017327e+00
  1.97302008e+00 1.27268791e+01 2.13230446e-01 3.50676566e-01
  2.84580088e+00 5.32248378e-01 1.82378066e+00 9.02316943e-02
  5.53629589e+00 4.99535531e-01 4.53545761e+00 3.57060027e+00
  1.00970578e+00 2.56300569e-01 2.76096082e+00 3.24030375e+00]]