[[2.51978254e+00 1.45343328e+00 2.15655184e+00 0.00000000e+00
  8.45763460e-02 5.10337877e+00 2.06484580e+00 3.26964021e-01
  1.59080696e+00 1.56318307e+00 3.51830053e+00 1.73639262e+00
  2.66019988e+00 2.28244400e+00 6.79198265e-01 1.75531256e+00
  0.00000000e+00 3.52365613e-01 2.16290379e+00 1.52985442e+00
  0.00000000e+00 1.06897593e+01 2.06533337e+00 0.00000000e+00
  2.08500290e+00 3.55228591e+00 0.00000000e+00 4.57636690e+00
  2.25028896e+00 3.24400663e-01 2.78341044e-02 3.25443721e+00
  2.08506972e-01 2.83508086e+00 0.00000000e+00 1.85226858e+00
  2.95516157e+00 2.10009843e-01 5.32772398e+00 1.63492239e+00
  6.29269028e+00 2.78442144e+00 5.23193896e-01 3.37022686e+00
  3.67111862e-01 0.00000000e+00 4.42197132e+00 2.16755509e+00
  2.54937458e+00 5.67712307e-01 2.17468762e+00 2.97584176e-01
  2.30015442e-01 3.62625432e+00 2.14364791e+00 3.45783494e-02
  6.22715175e-01 3.15994501e+00 3.22961956e-01 2.16391265e-01
  0.00000000e+00 1.06708765e+00 9.16285634e-01 3.87769508e+00
  9.10119116e-01 9.49263990e-01 1.88219571e+00 3.21339548e-01
  0.00000000e+00 2.24961472e+00 2.22768211e+00 1.22994609e-01
  7.85623968e-01 3.73470759e+00 7.34262884e-01 2.80172229e-01
  4.57856916e-02 5.23759079e+00 0.00000000e+00 7.65743673e-01
  2.22825378e-01 9.39354718e-01 2.19585466e+00 0.00000000e+00
  2.11733326e-01 1.27342165e+00 1.70820057e+00 2.54465771e+00
  2.69401717e+00 2.43852973e+00 3.11562514e+00 0.00000000e+00
  6.76895082e-02 3.59602642e+00 2.34119996e-01 6.58676863e-01
  1.02912657e-01 2.49318767e+00 2.63120413e+00 4.39608097e+00
  2.83864569e-02 2.57934737e+00 1.71908784e+00 4.69257069e+00
  0.00000000e+00 0.00000000e+00 2.75631309e-01 0.00000000e+00
  3.02824998e+00 2.53728008e+00 4.92005676e-01 2.81345797e+00
  0.00000000e+00 0.00000000e+00 2.28031445e+00 6.23911798e-01
  3.94263697e+00 4.77586460e+00 3.44446492e+00 6.89714074e-01
  1.75982863e-01 3.04473460e-01 0.00000000e+00 5.91135454e+00
  4.12229411e-02 2.51634502e+00 7.08315790e-01 0.00000000e+00
  2.44992360e-01 1.18739376e+01 1.87819690e-01 0.00000000e+00
  2.12671876e-01 5.76901734e-01 0.00000000e+00 2.44558477e+00
  1.04087269e+00 1.95731103e-01 3.28060794e+00 1.91758263e+00
  0.00000000e+00 1.01316333e-01 2.73961568e+00 4.80762768e+00
  2.44205654e-01 2.12998405e-01 2.51267982e+00 2.07049894e+00
  5.01795411e-01 2.12282920e+00 6.43927813e+00 6.30950391e-01
  2.35735798e+00 0.00000000e+00 2.03100657e+00 2.06619024e+00
  1.12508869e+00 8.09880555e-01 4.33661878e-01 0.00000000e+00
  2.70485580e-02 8.80392671e-01 5.38038588e+00 6.82696486e+00
  2.88063240e+00 2.69126010e+00 1.53254759e+00 4.83950710e+00
  4.83637720e-01 3.16869110e-01 1.26978600e+00 7.16392845e-02
  7.03183794e+00 1.66999936e+00 0.00000000e+00 2.72891831e+00
  6.73621058e-01 3.18150091e+00 1.42430997e+00 2.08334684e+00
  1.45210683e+00 7.21831262e-01 1.03019044e-01 9.80209559e-02
  2.03633809e+00 1.05190194e+00 3.43759894e-01 1.53880501e+00
  3.09048295e+00 7.82698154e+00 0.00000000e+00 4.31426875e-02
  3.65551710e-01 1.88801022e+01 1.13561705e-01 0.00000000e+00
  0.00000000e+00 0.00000000e+00 5.84996343e-01 7.03890562e-01
  6.32421446e+00 1.71846792e-01 2.01967344e-01 6.54201686e-01
  5.38763428e+00 3.61964726e+00 1.31497610e+00 8.80209327e-01
  2.34337702e-01 2.74148273e+01 0.00000000e+00 3.98521692e-01
  9.14973497e-01 2.83089805e+00 7.24738777e-01 7.26254955e-02
  4.60243136e-01 1.47968280e+00 3.17242712e-01 2.11765170e+00
  3.18781400e+00 4.52719450e+00 1.35387972e-01 0.00000000e+00
  3.40107846e+00 2.37430096e+00 0.00000000e+00 4.80609655e+00
  2.54543453e-01 1.31866455e-01 1.77531764e-01 6.23265088e-01
  3.34352708e+00 7.95131773e-02 1.38969326e+00 3.14689815e-01
  5.01171160e+00 1.06960750e+00 1.18537819e+00 1.43240273e-01
  2.35311687e-01 8.18000972e-01 2.87926126e+00 5.21952772e+00
  3.25262856e+00 3.81465077e+00 1.05958824e+01 1.68373215e+00
  3.46046877e+00 2.90869737e+00 5.26055479e+00 6.01029277e-01
  0.00000000e+00 1.35827446e+00 5.82559776e+00 1.76228487e+00
  1.31813049e+00 1.14875913e-01 1.07651830e+00 1.98474264e+00
  0.00000000e+00 0.00000000e+00 7.41701722e-01 1.84580311e-01
  2.01193929e+00 2.75415510e-01 1.69834182e-01 8.56836915e-01
  7.95112705e+00 1.04427695e+00 1.67280340e+00 7.18461931e-01
  2.17135859e+00 2.05273843e+00 0.00000000e+00 0.00000000e+00
  3.06134033e+00 3.14704269e-01 0.00000000e+00 2.35524344e+00
  3.88150191e+00 3.55433750e+00 4.03005838e+00 3.55302006e-01
  8.32073927e-01 2.14347959e-01 2.62052202e+00 4.44332927e-01
  1.53847241e+00 1.69593549e+00 3.96007001e-01 1.17572665e+00
  5.75829089e-01 2.23744369e+00 1.93117237e+00 1.78174764e-01
  1.18956947e+00 1.46343803e+00 1.04537654e+00 0.00000000e+00
  7.07269764e+00 1.50273573e+00 3.48268819e+00 1.60115570e-01
  8.65838885e-01 9.87146199e-01 1.45614111e+00 9.42902803e-01
  1.10783863e+00 3.35648990e+00 4.17084217e-01 4.46586895e+00
  8.34254995e-02 0.00000000e+00 1.68062472e+00 1.95995331e-01
  2.98937345e+00 9.66572762e+00 1.55578291e+00 2.78415561e-01
  4.89154346e-02 1.41228938e+00 2.63200283e+00 0.00000000e+00
  1.26430440e+00 2.45673656e+00 3.15367842e+00 5.42097926e-01
  1.34665275e+00 0.00000000e+00 7.68058240e-01 2.94494653e+00
  1.11718583e+00 2.38213229e+00 5.58342314e+00 1.35027719e+00
  0.00000000e+00 5.18299913e+00 2.42613173e+00 4.43510532e+00
  2.06863955e-01 0.00000000e+00 2.48787820e-01 8.37741017e-01
  1.27956545e+00 1.55632067e+00 2.47744370e+00 0.00000000e+00
  4.77671653e-01 9.46087316e-02 1.36353445e+00 0.00000000e+00
  0.00000000e+00 2.12445244e-01 1.70051742e+00 5.42552531e-01
  1.13306057e+00 8.38540554e+00 3.74080032e-01 6.33685440e-02
  1.04505670e+00 0.00000000e+00 6.79902196e-01 6.09676063e-01
  6.83628321e+00 0.00000000e+00 2.08252850e+01 9.25383791e-02
  0.00000000e+00 8.88169289e-01 9.84811068e-01 1.99263752e+00
  1.01693064e-01 1.49161339e+00 7.01508379e+00 2.24524117e+00
  8.54779065e-01 1.25526381e+00 0.00000000e+00 2.98665285e+00
  1.02251470e+00 1.21549344e+00 6.43591642e-01 1.10747457e+00
  1.29306352e+00 2.44915485e+00 3.06996489e+00 1.51107490e-01
  9.17880774e-01 5.18780851e+00 3.13184381e+00 1.80653775e+00
  3.59370828e+00 1.53867233e+00 1.16622043e+00 5.28412819e+00
  9.39183116e-01 3.32904291e+00 8.06046605e-01 3.15280962e+00
  2.32969499e+00 2.13309917e+01 4.95035022e-01 6.92949820e+00
  2.83635283e+00 1.24070501e+00 6.52724683e-01 3.46540809e-01
  6.14487112e-01 5.17048538e-01 6.10249090e+00 2.01629305e+00
  2.66701341e-01 1.49295136e-01 3.17085564e-01 0.00000000e+00
  0.00000000e+00 3.35238099e-01 2.35143960e-01 1.10093367e+00
  0.00000000e+00 4.91423637e-01 5.44132650e-01 2.96495378e-01
  6.91137612e-01 8.68519902e-01 2.62640619e+00 1.55801177e+00
  4.85047865e+00 1.15926325e+00 4.07352304e+00 4.07774180e-01
  1.13579578e+01 6.75802886e-01 1.20764339e+00 4.78482914e+00
  4.00201035e+00 1.65585649e+00 1.58972666e-01 2.13154554e+00
  2.48264328e-01 3.01488519e-01 2.72628689e+00 5.59296703e+00
  3.03551257e-02 0.00000000e+00 2.49674010e+00 1.54770815e+00
  1.25115156e-01 7.40504563e-02 6.66871071e-01 1.90682483e+00
  1.72072816e+00 4.72053909e+00 1.75050586e-01 2.17163324e+00
  9.37012359e-02 3.84788108e+00 6.00717604e-01 6.38835287e+00
  2.27174377e+00 2.63006520e+00 4.04501581e+00 0.00000000e+00
  1.04969120e+00 3.87617737e-01 1.36535728e+00 4.95852709e-01
  5.87170482e-01 3.77801538e-01 9.82416451e-01 0.00000000e+00
  4.88362849e-01 6.28750563e+00 2.12050581e+00 1.08924937e+00
  2.49691534e+00 1.39897913e-01 2.37634444e+00 1.74492323e+00
  0.00000000e+00 3.91851217e-01 7.43801653e-01 3.33413792e+00
  1.76386094e+00 9.20370817e-02 3.08907604e+00 3.23375821e-01
  4.22518671e-01 2.34483462e-03 1.88064623e+00 7.00495064e-01
  4.71710443e+00 9.60641980e-01 1.51807472e-01 2.00537157e+00
  2.20011190e-01 1.75874031e+00 2.14889139e-01 9.05230224e-01
  3.43394709e+00 4.71552163e-02 1.88454270e-01 1.41783535e+00
  2.51394463e+00 6.03778064e-01 2.50184131e+00 3.66572332e+00
  1.45910096e+00 8.86652291e-01 1.45257199e+00 1.82052195e+00]]