[[6.78754473e+00 2.90514445e+00 2.65911746e+00 2.64440441e+00
  2.25488782e+00 1.26866496e+00 9.81628323e+00 4.86116141e-01
  1.36476481e+00 3.65591717e+00 3.62443566e+00 3.80788803e+00
  1.71604621e+00 3.91223454e+00 0.00000000e+00 3.15354919e+00
  1.73560292e-01 2.40106249e+00 1.93216848e+00 1.72015297e+00
  2.16700733e-02 1.67453747e+01 1.88986611e+00 4.04498756e-01
  1.48482323e+00 9.03207970e+00 8.90445900e+00 5.49852943e+00
  1.71422768e+00 1.23738134e+00 0.00000000e+00 1.89830017e+00
  2.79409671e+00 2.46414876e+00 7.98904002e-01 4.03119040e+00
  7.96008110e+00 0.00000000e+00 2.68972349e+00 6.27765560e+00
  2.83396411e+00 1.71248674e+00 5.17995405e+00 5.79233980e+00
  4.40979528e+00 6.34211600e-01 8.00687313e+00 2.95198035e+00
  2.85131454e+00 2.74347719e-02 3.32173634e+00 3.15437853e-01
  6.27244785e-02 8.30874920e+00 1.82528126e+00 2.39454627e+00
  4.13489628e+00 7.05032301e+00 4.91312408e+00 0.00000000e+00
  1.26505268e+00 2.28621028e-02 3.47918868e+00 3.95849371e+00
  2.48339772e+00 4.03043652e+00 3.14322114e+00 9.22328472e-01
  1.43211889e+00 3.90989447e+00 1.34623909e+00 2.62445354e+00
  8.76345396e-01 1.28425894e+01 9.88071442e-01 2.47261599e-01
  1.09761238e+00 2.06728876e-01 4.32520330e-01 9.94250402e-02
  1.43738103e+00 2.20193458e+00 1.50267446e+00 0.00000000e+00
  9.64233339e-01 1.66819084e+00 1.85211217e+00 1.80576432e+00
  4.92419481e+00 2.15014629e-02 2.65027785e+00 8.13072503e-01
  1.22286844e+00 9.11455154e+00 8.89352083e-01 3.43986601e-01
  5.31559825e-01 4.33674526e+00 2.94380379e+00 3.29667068e+00
  3.60816717e-01 8.28614140e+00 7.16196489e+00 4.42309904e+00
  0.00000000e+00 1.13910377e-01 1.27778161e+00 6.27149642e-02
  1.23988581e+00 4.93570685e-01 5.83077431e-01 3.61653972e+00
  0.00000000e+00 5.88778734e+00 6.24620199e+00 1.09208000e+00
  9.75146961e+00 2.32887578e+00 8.07469964e-01 6.00907850e+00
  2.12727800e-01 1.45875379e-01 1.23996265e-01 6.17675638e+00
  9.93216932e-01 3.78137398e+00 6.88133776e-01 0.00000000e+00
  4.98712510e-01 1.39370070e+01 4.87906307e-01 0.00000000e+00
  5.80823302e-01 0.00000000e+00 1.27414480e-01 3.15662861e+00
  6.24865294e-01 1.03056836e+00 5.56253481e+00 3.12165642e+00
  0.00000000e+00 0.00000000e+00 4.37791061e+00 5.15021467e+00
  1.73596942e+00 5.29442318e-02 2.94923902e+00 9.35317993e-01
  0.00000000e+00 6.86954916e-01 1.08347712e+01 0.00000000e+00
  2.54576683e+00 2.04031035e-01 4.58636999e+00 5.80403709e+00
  3.58880848e-01 4.16057873e+00 1.72164607e+00 1.54103518e-01
  3.93284619e-01 0.00000000e+00 1.33874683e+01 1.02968998e+01
  6.51937914e+00 1.84411311e+00 1.06269848e+00 2.95327020e+00
  0.00000000e+00 4.49076682e-01 6.77435541e+00 1.22694743e+00
  8.23101807e+00 1.41395974e+00 8.78072381e-01 7.32206225e-01
  0.00000000e+00 3.73671383e-01 8.70507908e+00 9.67382526e+00
  6.59805775e+00 1.99450946e+00 3.50981545e+00 1.08948398e+00
  1.23987250e-01 6.58363342e-01 3.38784695e+00 5.90791069e-02
  4.80421209e+00 9.96555865e-01 0.00000000e+00 0.00000000e+00
  1.32893381e+01 7.67018414e+00 1.26757264e+00 1.99910760e-01
  0.00000000e+00 2.79251635e-01 3.63889694e-01 4.42579359e-01
  2.80111670e+00 2.57213926e+00 1.54139197e+00 1.61088192e+00
  1.31468058e+01 6.23467088e-01 1.31766593e+00 4.04051733e+00
  0.00000000e+00 1.97137756e+01 2.36462998e+00 1.15122506e-02
  4.80084449e-01 1.65362373e-01 1.02891898e+00 8.58841315e-02
  9.61900651e-02 0.00000000e+00 1.12114358e+00 1.83947110e+00
  2.26284242e+00 2.31925535e+00 6.07149243e-01 7.17846632e-01
  1.06861687e+00 3.09192085e+00 3.08493990e-02 1.85247386e+00
  1.77651370e+00 2.39469576e+00 3.29671502e-01 7.25755215e-01
  2.96164560e+00 2.29701710e+00 4.52595234e+00 0.00000000e+00
  3.60655713e+00 8.12543011e+00 4.27544498e+00 1.57002199e+00
  8.71740282e-02 4.84208822e-01 1.10187793e+00 2.40978169e+00
  1.01777864e+00 1.12630692e+01 9.15021706e+00 1.42465019e+00
  3.19943810e+00 3.79112935e+00 7.33293676e+00 1.51525617e-01
  0.00000000e+00 2.89062691e+00 9.97103119e+00 5.89680851e-01
  1.03535616e+00 1.43773460e+00 2.96994948e+00 8.47257018e-01
  0.00000000e+00 0.00000000e+00 3.55728179e-01 2.82116580e+00
  6.41615820e+00 1.09433484e+00 1.06328564e+01 9.15532780e+00
  5.26637316e+00 2.19165111e+00 3.92155671e+00 0.00000000e+00
  3.98054671e+00 4.12527037e+00 1.18682516e+00 3.26255989e+00
  1.48294992e+01 1.22031696e-01 0.00000000e+00 8.24272573e-01
  6.35225630e+00 5.77354670e+00 1.92356148e+01 2.56698918e+00
  2.17051506e+00 0.00000000e+00 2.86208487e+00 6.69904351e-01
  5.91437578e+00 3.62965298e+00 4.19549018e-01 2.35659361e+00
  1.27557814e-01 1.09616203e+01 5.67846298e+00 1.67635113e-01
  1.04973280e+00 1.79484403e+00 2.24846393e-01 2.42752150e-01
  7.78454423e-01 2.30216421e-02 4.58769703e+00 3.39792037e+00
  1.52623355e+00 4.51866007e+00 0.00000000e+00 1.85367262e+00
  4.27744031e-01 1.08053684e+00 7.83705652e-01 1.48083746e-01
  1.44259596e+00 2.26382518e+00 4.48119926e+00 0.00000000e+00
  4.08923244e+00 1.41834917e+01 5.31659317e+00 7.02351236e+00
  2.42515773e-01 2.02984285e+00 5.02014256e+00 0.00000000e+00
  2.52239728e+00 3.91675532e-01 8.12234020e+00 2.84686908e-02
  2.13967371e+00 1.48547208e+00 8.91124964e-01 3.70432401e+00
  3.93046474e+00 3.44907808e+00 8.68859959e+00 5.88225007e-01
  2.41852379e+00 7.46254063e+00 6.07297230e+00 7.24645853e+00
  1.03949642e+00 5.25874496e-02 1.14493549e-01 1.23195338e+00
  1.79369116e+00 4.83777332e+00 1.12650323e+00 1.82624742e-01
  1.17643285e+00 0.00000000e+00 9.78899658e-01 0.00000000e+00
  0.00000000e+00 1.55719924e+00 2.26817155e+00 7.85238624e-01
  1.66956648e-01 3.75053835e+00 6.87135220e-01 3.25809002e-01
  7.79749155e+00 9.25395250e-01 4.89379787e+00 2.10320115e+00
  5.96451378e+00 1.25298679e+00 1.39343758e+01 3.01287532e+00
  4.57213968e-01 8.64009094e+00 1.00657721e+01 1.78533256e+00
  0.00000000e+00 7.03906268e-02 3.15909863e+00 1.45290387e+00
  1.71716475e+00 3.31733799e+00 2.39917040e+00 4.71548510e+00
  9.42128539e-01 2.83106893e-01 3.30181718e-01 1.14931190e+00
  4.19763756e+00 5.13190269e+00 4.36810195e-01 1.50667563e-01
  2.68410301e+00 7.82737792e-01 3.62675643e+00 2.49572325e+00
  5.22928476e+00 5.27992535e+00 5.23940229e+00 3.84938216e+00
  4.22254372e+00 1.65145469e+00 6.41703224e+00 6.85051503e-03
  5.12602508e-01 1.16218300e+01 8.93659782e+00 6.93198776e+00
  3.59475780e+00 7.74384141e-01 5.33891499e-01 5.75551510e-01
  0.00000000e+00 1.39254355e+00 3.18445754e+00 1.32559574e+00
  0.00000000e+00 7.12616563e-01 4.40209150e+00 5.19933067e-02
  3.48942518e-01 2.05597258e+00 1.17548597e+00 3.43863034e+00
  0.00000000e+00 9.10136580e-01 6.09183359e+00 9.17942107e-01
  0.00000000e+00 5.70905358e-02 3.07606483e+00 7.62993526e+00
  8.45170021e+00 1.61096847e+00 6.61372423e+00 7.39050567e-01
  2.32175388e+01 2.32131630e-01 5.66265297e+00 3.80672407e+00
  3.49703574e+00 4.64230204e+00 1.07472181e+00 3.48585749e+00
  1.13665450e+00 0.00000000e+00 1.08900166e+00 1.34558725e+00
  3.30191731e+00 2.65542001e-01 8.56270409e+00 1.00205684e+00
  2.23531675e+00 8.56576979e-01 2.91986585e-01 7.64859498e-01
  1.08307636e+00 6.20285463e+00 2.79965401e+00 0.00000000e+00
  2.41107464e+00 8.60164928e+00 7.83473790e-01 1.00851936e+01
  5.53830385e+00 5.56351133e-02 1.62780154e+00 4.71896887e-01
  0.00000000e+00 1.60029545e-01 2.48667583e-01 1.32729411e-01
  1.22530794e+00 2.28639317e+00 5.50157309e+00 0.00000000e+00
  7.72655249e-01 1.19694729e+01 4.37560177e+00 6.73119783e-01
  3.16967559e+00 5.26987314e-01 0.00000000e+00 5.19402027e+00
  2.07775354e+00 0.00000000e+00 6.18524730e-01 9.72401619e-01
  1.94798149e-02 1.33988142e+00 6.05115414e+00 7.36772418e-02
  3.08754712e-01 0.00000000e+00 6.69656456e-01 5.75282037e-01
  2.36592484e+00 2.21587658e+00 1.99188876e+00 3.12153411e+00
  1.58760786e+00 4.82354069e+00 3.40428710e-01 5.25528252e-01
  7.77868319e+00 2.94006348e+00 2.75236416e+00 3.13188642e-01
  5.31767225e+00 1.18001652e+00 6.01400423e+00 3.12722087e+00
  3.25528495e-02 5.87595031e-02 6.46829307e-01 6.43795443e+00]]