[[1.03516448e+00 1.68724382e+00 3.04794550e+00 1.66847035e-01
  1.41451812e+00 6.90137100e+00 1.73976791e+00 0.00000000e+00
  2.31012613e-01 2.77846599e+00 4.87619400e+00 3.87142467e+00
  5.60976028e+00 4.07519579e+00 3.86084485e+00 1.12978861e-01
  1.63967657e+00 9.47333336e-01 0.00000000e+00 7.81999111e+00
  4.53806496e+00 1.12777615e+01 1.05314434e+00 9.47380006e-01
  8.81912172e-01 9.38377762e+00 5.69621623e-01 1.85753214e+00
  1.56828988e+00 1.84360743e+00 3.03187668e-02 1.61912894e+00
  6.31599903e-01 5.06220245e+00 1.94760829e-01 6.65840530e+00
  2.72732854e+00 1.23115635e+00 1.97574615e+00 1.50051796e+00
  2.86076331e+00 7.98429012e+00 1.76732063e+00 9.00275803e+00
  6.38397932e-01 8.97954226e-01 2.12840700e+00 1.38748479e+00
  1.08054543e+00 1.81002760e+00 2.73278880e+00 2.62252688e+00
  4.96403992e-01 8.94811034e-01 8.46625900e+00 1.10675526e+00
  1.05095756e+00 3.30614591e+00 3.04479033e-01 1.13819921e+00
  1.51850653e+00 0.00000000e+00 8.75736046e+00 5.82984447e+00
  3.96550357e-01 5.47498345e-01 2.45106384e-01 4.65969235e-01
  5.24985269e-02 1.96320534e+00 9.24876109e-02 7.07723665e+00
  3.43156433e+00 3.93122959e+00 4.25668526e+00 1.25253475e+00
  1.30049717e+00 7.75883943e-02 1.74442589e+00 1.17295541e-01
  1.44714475e-01 3.95703864e+00 3.29983020e+00 1.16838169e+00
  8.55653405e-01 2.48309398e+00 3.42471409e+00 4.42857027e+00
  4.71896887e+00 6.57905757e-01 4.57397163e-01 7.97179937e-02
  0.00000000e+00 4.01663542e+00 1.57764423e+00 9.19512212e-01
  2.41280389e+00 1.47858429e+00 2.99955916e+00 8.14196014e+00
  5.97903490e+00 4.56663132e+00 7.58516312e+00 1.63782048e+00
  3.44924256e-02 0.00000000e+00 3.08003519e-02 1.23844492e+00
  5.04409504e+00 1.86193740e+00 4.12215024e-01 4.80398595e-01
  5.18035829e-01 1.36515543e-01 3.03539205e+00 5.05455071e-03
  7.10254049e+00 1.00667887e+01 0.00000000e+00 2.62683225e+00
  9.19847608e-01 0.00000000e+00 0.00000000e+00 5.85878086e+00
  3.83526683e+00 1.43238187e+00 0.00000000e+00 9.86609533e-02
  8.39632332e-01 2.09276080e+00 1.49457026e+00 2.88643765e+00
  8.24957657e+00 6.26119375e-01 2.92007685e+00 1.23157179e+00
  1.10673630e+00 1.36358336e-01 4.15966690e-01 6.99289814e-02
  1.74433082e-01 1.38572598e+00 0.00000000e+00 4.99084353e-01
  5.08657551e+00 4.44636673e-01 3.11600947e+00 8.14823687e-01
  0.00000000e+00 5.29996276e-01 4.15566969e+00 0.00000000e+00
  2.58480811e+00 1.29477489e+00 9.58583117e-01 3.34672742e-02
  1.55028951e+00 7.09888172e+00 1.17986596e+00 3.08192492e-01
  2.44567323e+00 8.28986645e-01 8.30915165e+00 2.07448840e+00
  3.14911580e+00 3.30650520e+00 0.00000000e+00 3.16611457e+00
  5.18590212e+00 2.72959900e+00 6.78567696e+00 5.23895931e+00
  7.83850241e+00 0.00000000e+00 3.46193016e-02 4.09880257e+00
  2.58600903e+00 3.31375420e-01 4.99439669e+00 5.73590136e+00
  8.19356665e-02 7.51012191e-02 6.59976959e+00 1.35573313e-01
  9.08090413e-01 7.47546971e-01 1.93608868e+00 3.69030610e-02
  2.61264372e+00 1.65663600e-01 3.17145681e+00 5.91096580e-02
  0.00000000e+00 4.23907804e+00 4.95031625e-01 6.87626171e+00
  1.69447495e-03 6.33525753e+00 4.50118303e-01 8.15766621e+00
  2.47388506e+00 1.10485201e+01 0.00000000e+00 4.19458294e+00
  3.05932689e+00 9.79304314e-01 4.35005569e+00 7.11770833e-01
  1.88036954e+00 6.94460917e+00 2.76015735e+00 7.54928780e+00
  2.37666082e+00 8.97495270e-01 0.00000000e+00 4.92584705e+00
  2.75380850e+00 4.05533266e+00 1.49412143e+00 8.84566188e-01
  4.77244616e+00 7.07718563e+00 2.92075777e+00 1.00660302e-01
  3.62528753e+00 5.53112555e+00 4.91050339e+00 1.22614050e+01
  2.24010795e-01 3.13259983e+00 1.69297147e+00 6.40673399e+00
  3.10359979e+00 4.74106836e+00 1.88210356e+00 1.17030835e+00
  4.55226421e-01 3.16340625e-01 0.00000000e+00 1.02860653e+00
  1.63942266e+00 7.37589672e-02 1.40854657e+00 3.11228299e+00
  6.64353609e-01 2.28357267e+00 7.43382215e+00 4.26013730e-02
  3.60680127e+00 7.32442617e+00 1.08962049e+01 1.68268430e+00
  1.49831502e-02 2.67135692e+00 2.16762114e+00 2.02003860e+00
  4.71088141e-02 1.19748247e+00 3.01257730e+00 1.85256994e+00
  3.12736928e-02 0.00000000e+00 0.00000000e+00 3.19838834e+00
  1.54961288e+00 0.00000000e+00 7.88205206e-01 2.43624234e+00
  3.65664697e+00 6.29665554e-01 3.55024195e+00 0.00000000e+00
  1.09833229e+00 6.06275082e-01 6.91525078e+00 3.52660942e+00
  7.24601221e+00 1.34991395e+00 7.51344264e-01 2.32789254e+00
  3.21872449e+00 2.33852005e+00 1.51746690e+00 4.18857145e+00
  6.16436195e+00 8.28009546e-01 4.41772842e+00 4.59259540e-01
  5.21242619e+00 5.19470453e+00 5.15437871e-02 2.88561583e+00
  3.85787249e+00 6.40642929e+00 2.20942211e+00 1.43398547e+00
  1.06972122e+01 1.76419628e+00 2.25056934e+00 1.38425362e+00
  7.66881645e-01 3.61324954e+00 6.62850916e-01 1.36053705e+00
  8.63763523e+00 1.23985797e-01 0.00000000e+00 6.77579880e+00
  2.56193423e+00 9.28055882e-01 1.20645845e+00 1.94508493e-01
  1.84248352e+00 1.66344309e+00 9.69859362e-02 3.06000185e+00
  2.18667436e+00 7.44210196e+00 5.84408008e-02 5.32705069e+00
  3.43226004e+00 7.18493176e+00 7.69084632e-01 1.42263904e-01
  1.86160994e+00 5.46688414e+00 1.73637807e+00 2.34718490e+00
  2.05466461e+00 1.03045158e+01 0.00000000e+00 3.53104019e+00
  1.00149596e+00 5.64502192e+00 5.57961559e+00 1.50952458e+00
  1.00812531e+00 3.33923531e+00 3.57932568e-01 3.54565024e-01
  2.47130588e-01 1.61372513e-01 7.46786928e+00 1.72974849e+00
  4.20957661e+00 1.19296944e+00 2.28228903e+00 3.89027357e-01
  2.12647617e-01 5.44187880e+00 9.56518531e-01 1.57882571e+00
  3.95648932e+00 5.19295073e+00 9.89819050e+00 5.88959157e-01
  5.09678507e+00 3.24840569e+00 4.47795820e+00 3.98750186e+00
  5.42984056e+00 1.44758016e-01 7.44863510e+00 9.06164825e-01
  8.57094765e+00 1.81333065e+00 3.81378388e+00 4.19393063e+00
  0.00000000e+00 4.27233338e-01 1.03792474e-01 4.60873556e+00
  4.74692965e+00 3.15135765e+00 6.06090260e+00 9.72886607e-02
  1.10993805e+01 2.54542422e+00 0.00000000e+00 9.32567501e+00
  4.70674181e+00 2.57084680e+00 4.92295831e-01 6.42117786e+00
  4.36522913e+00 1.94640303e+00 8.03945139e-02 0.00000000e+00
  2.05211341e-01 1.00932007e+01 8.05045128e+00 1.45563245e+00
  6.82889032e+00 1.81172645e+00 5.12316942e-01 3.57375479e+00
  7.22633302e-01 2.05927086e+00 1.73545635e+00 1.97219050e+00
  3.10046458e+00 6.61368370e+00 2.63877153e+00 2.14266324e+00
  4.11848974e+00 6.92629433e+00 0.00000000e+00 8.23223400e+00
  1.16040753e-02 2.92168975e-01 3.83202791e+00 0.00000000e+00
  0.00000000e+00 1.54685929e-01 3.36479282e+00 5.77680397e+00
  2.11314082e-01 2.14523649e+00 7.68469906e+00 1.17371826e+01
  1.32525434e+01 2.71283960e+00 2.33848238e+00 2.73185706e+00
  2.74759382e-01 7.71512091e-01 4.46388096e-01 8.69042352e-02
  2.94310927e+00 7.47403979e-01 3.38025331e+00 6.19181108e+00
  1.03051434e+01 1.63092327e+00 5.20776868e-01 1.27130806e+00
  5.92060387e-01 7.18017757e-01 8.42043042e-01 3.40689778e+00
  7.60213137e-01 4.45625544e-01 8.70821893e-01 9.51994228e+00
  2.00940228e+00 2.43064857e+00 1.60901785e+00 8.28165472e-01
  4.09264490e-03 1.10491133e+00 2.90542603e+00 1.18509426e+01
  1.92696059e+00 2.65578723e+00 2.30313444e+00 2.40061450e+00
  1.85604393e+00 1.27294254e+00 9.88705695e-01 2.34366584e+00
  0.00000000e+00 3.99422431e+00 1.56359208e+00 0.00000000e+00
  7.84765840e-01 6.04991913e-01 1.65432835e+00 1.09362507e+00
  3.14636970e+00 3.07854080e+00 2.15351868e+00 1.55000722e+00
  1.79437935e+00 3.31576562e+00 6.56051040e-02 0.00000000e+00
  3.58896685e+00 6.85597897e+00 2.52565312e+00 2.89433032e-01
  3.47825259e-01 1.09358668e-01 4.90377808e+00 5.39002158e-02
  3.52104473e+00 2.33007836e+00 1.49285603e+00 8.63376904e+00
  2.41480732e+00 3.90314865e+00 6.15455484e+00 2.65587544e+00
  1.05770230e+00 2.14344740e+00 2.43318486e+00 2.05928111e+00
  4.33062696e+00 2.74021411e+00 7.51874506e-01 3.18789959e+00
  2.97040105e+00 2.83960366e+00 6.09071827e+00 9.14104164e-01
  4.41819954e+00 1.17350757e+00 7.07902193e+00 1.15098047e+00
  7.97976330e-02 6.81148350e-01 4.81186295e+00 1.49413252e+00]]