[[1.3648477e+00 1.6776749e+00 0.0000000e+00 6.1650664e-01 3.8130124e+00
  2.3221791e+00 3.1649251e+00 0.0000000e+00 3.9724061e-01 1.1932503e+00
  4.8067327e+00 6.2652671e-01 4.7521105e+00 3.1153684e+00 1.3334043e-01
  1.4532492e+00 2.4100935e-01 2.3486677e-01 3.7432380e-02 5.2260270e+00
  0.0000000e+00 5.3348851e+00 3.9126259e-01 0.0000000e+00 3.5696001e+00
  6.7615271e+00 2.7120965e+00 3.0591799e-02 2.0972528e-01 6.9867802e-01
  1.5984131e-01 3.2345273e+00 4.5638859e-01 4.0455198e+00 1.6691358e-01
  1.2407570e+00 6.2203369e+00 0.0000000e+00 8.7314463e+00 4.1858813e-01
  3.8248861e+00 0.0000000e+00 1.1387231e+00 1.1020026e+00 0.0000000e+00
  4.5165510e+00 1.4476627e+00 1.0579972e+00 4.3263187e+00 8.1978804e-01
  4.2215917e-01 4.9271673e-02 1.9765769e-01 1.3991963e+00 3.0493183e+00
  2.3025293e+00 2.7468832e+00 4.9197645e+00 3.6433003e+00 2.6711602e+00
  1.4938887e+00 6.5130305e-01 4.2835684e+00 6.1457086e+00 5.0570470e-01
  1.5086409e+00 8.6503630e+00 9.0702838e-01 1.2115157e+00 2.9828022e+00
  3.3258343e+00 3.0090120e+00 0.0000000e+00 3.8654518e+00 3.5107920e+00
  2.9113910e+00 2.2791274e+00 9.1304831e-02 1.2570164e-01 1.7975457e-01
  1.7935179e+00 4.5388513e+00 6.5443773e+00 2.8542645e+00 7.4713340e+00
  5.9197311e+00 4.0797238e+00 2.7734630e+00 1.7124408e+00 2.7698177e-01
  1.5606698e+00 1.8090451e-01 9.3608636e-01 1.6865929e+00 1.3806447e+00
  5.4992771e-01 1.0161389e+00 9.8851800e-02 1.4410323e-01 6.9856358e+00
  3.3011547e-01 3.4305453e+00 1.5328187e+00 6.8002448e+00 3.8361721e+00
  5.8985090e+00 2.4244895e+00 7.1915376e-01 5.0803378e-02 3.6922066e+00
  4.8013844e+00 3.6164939e+00 9.6855676e-01 1.2701348e+01 1.9451973e-01
  6.9658895e+00 4.7824478e+00 6.6232600e+00 7.4945927e-01 6.6770858e-01
  3.0356610e+00 2.9372182e-01 1.0854501e+00 5.0969152e+00 1.8667253e+00
  7.7242440e-01 0.0000000e+00 8.4595777e-02 0.0000000e+00 6.3248596e+00
  3.1102986e+00 3.7084849e+00 4.2613783e+00 2.7604893e-01 9.9256557e-01
  2.5129328e+00 6.4175296e-01 2.7837698e+00 2.3368068e+00 2.8298726e+00
  4.0046823e-01 1.1353109e+00 7.3768228e-02 3.6742713e+00 3.1819234e+00
  2.0136912e+00 2.8113954e+00 0.0000000e+00 8.3194298e-01 1.2775068e+00
  3.4256262e-01 3.5534641e-01 2.2268176e+00 4.6918244e+00 8.9526975e-01
  0.0000000e+00 1.7185819e-01 3.8887920e+00 1.9589528e+00 1.7070740e+00
  1.7992277e+00 1.6383302e+00 3.6001182e+00 8.3878741e-02 6.1242471e+00
  2.4076381e+00 9.6099123e-02 3.5335970e+00 6.9991745e-02 1.9971074e+00
  1.1717012e+01 3.2058358e-01 6.5255284e-01 1.7517552e+00 1.1993674e+00
  3.0126935e-01 0.0000000e+00 1.0632725e+00 1.7449003e+00 6.3262234e+00
  2.1360974e+00 1.9139425e+00 3.3131115e+00 4.6765499e-02 5.6047010e-01
  7.2959833e+00 1.3952162e+00 9.7804797e-01 3.0820880e+00 4.2527553e-01
  8.5935745e+00 0.0000000e+00 6.0238976e-02 7.8989520e+00 0.0000000e+00
  2.9986064e+00 3.7450564e+00 8.2910147e+00 6.7932105e-01 1.5874502e-01
  1.2858893e+01 1.7688081e-02 2.5999174e-01 5.0343466e+00 4.1515751e+00
  3.6391869e+00 5.5317264e+00 1.6938806e+00 2.8168979e+00 2.3042564e+00
  1.2421851e+00 2.5005593e+00 1.7100590e+00 4.7497654e+00 4.0305242e-01
  4.2500801e+00 7.7447348e+00 5.8295268e-01 3.4387514e-01 2.5358055e+00
  2.1489999e+00 9.5739479e+00 1.0293250e+00 8.4948027e-01 1.2755744e-01
  2.9768083e+00 2.0833006e+00 1.3965491e+00 1.3966080e+00 3.0761173e+00
  5.4641051e+00 2.5378513e+00 5.4041851e-01 3.5723758e+00 5.2856321e+00
  1.7839472e+00 1.0523466e+01 8.8145190e-01 3.5471925e-01 3.5720639e+00
  1.5509896e+00 1.2670364e+00 4.6526641e-01 4.8395462e+00 1.2877117e+00
  3.0790448e+00 6.9776573e+00 0.0000000e+00 3.7244880e+00 1.0462543e+00
  1.2909081e+01 6.0700598e+00 4.0052986e+00 4.5096016e+00 2.2001750e+00
  1.0587393e+00 3.3254921e+00 4.3256688e+00 3.7299669e+00 2.0127127e+00
  0.0000000e+00 1.2077415e-01 2.6808432e-01 4.3377919e+00 4.3714576e+00
  1.8701453e+00 2.7645557e+00 9.6607292e-01 8.7914400e+00 4.9753338e-01
  9.0523262e+00 1.7435409e+00 8.1835496e-01 7.9790535e+00 1.0823689e+00
  7.1719974e-02 6.0673399e+00 4.7631431e-01 1.5940084e-01 5.4014668e+00
  2.9490623e+00 2.0721068e+00 1.6328365e-01 3.6996562e+00 5.9921079e+00
  2.7185321e-01 3.8492647e-01 2.1876256e+00 1.6156341e-01 1.5852220e+00
  1.9110660e-03 1.9094751e+00 1.2795413e+01 5.1372800e+00 5.4960823e+00
  4.3674469e-01 0.0000000e+00 2.7713764e+00 2.1066011e-01 0.0000000e+00
  1.1363767e-02 4.5670905e+00 3.2251997e+00 1.3373262e-01 8.4103994e+00
  2.8254514e+00 1.4796138e-01 6.7332602e-01 8.8485926e-01 0.0000000e+00
  4.4176874e+00 1.0862105e-01 4.9564476e+00 6.3664430e-01 1.2103605e+00
  2.6608896e-01 6.4889998e+00 7.5893250e+00 1.6180315e+00 4.3434718e-01
  1.9055287e+00 3.0331647e+00 3.2717013e+00 1.0301344e+00 4.8760784e-01
  1.2854534e+00 3.3475626e+00 6.8709671e-02 1.0846468e+00 2.6797121e-02
  1.8757123e-01 3.6411917e+00 3.4564665e-01 2.9604862e+00 2.9238272e+00
  4.2508802e+00 5.2575097e+00 5.1581926e+00 7.9360127e-01 4.7526131e+00
  4.4763777e-01 4.1664290e-01 1.7036448e+00 1.5166398e+00 3.8412271e+00
  7.0303017e-01 1.0525216e+00 5.1975727e-01 1.3050817e+00 2.2988324e+00
  1.9440597e+00 0.0000000e+00 0.0000000e+00 1.1184368e+00 5.7435160e+00
  1.7776452e+00 1.0993840e+00 1.7188785e+00 5.4550238e+00 1.6271895e+00
  1.2489427e+00 2.5075883e-01 8.3218584e+00 6.5530472e+00 7.5899072e+00
  2.0664463e+00 2.1114991e+00 1.1779834e+01 6.4931172e-01 4.4778733e+00
  4.2880864e+00 6.6424096e-01 1.4641265e+01 1.0554000e+00 5.2461257e+00
  9.1642694e+00 8.6972779e-01 8.6029329e+00 1.4440451e+00 6.0654259e+00
  2.5176489e-01 7.4896989e+00 6.2232561e+00 1.7606587e+00 4.6574074e-01
  3.2705629e+00 1.3643401e+00 2.8676322e-01 3.2077658e+00 3.1847532e+00
  1.4396549e+00 3.7643003e+00 4.0752778e+00 7.2731299e+00 1.9108834e+00
  2.2574806e+00 9.8269314e-01 4.1944690e+00 1.9490737e+00 2.2979617e+00
  1.1863022e+00 3.6440644e+00 4.6442121e-02 6.7389956e+00 5.3605728e+00
  4.2304686e-01 0.0000000e+00 4.6549749e+00 1.5555772e+00 1.3277563e+00
  2.1773047e+00 2.3104811e+00 0.0000000e+00 0.0000000e+00 2.4321761e+00
  4.8468083e-01 8.6199485e-02 1.5049366e+00 0.0000000e+00 4.9022317e-01
  4.5444231e+00 1.8085285e+00 1.1507220e+00 4.2590938e+00 1.4294190e+00
  5.2795448e+00 2.3106954e+00 7.2516525e-01 2.9856712e-01 1.7813711e+00
  1.4313908e+00 7.9385533e+00 1.9610895e+01 4.9435692e+00 5.7566464e-01
  4.9665551e+00 1.4039392e+00 2.9258239e+00 7.6424581e-01 8.1524539e-01
  0.0000000e+00 1.5418065e-01 1.5395234e+00 2.6803627e+00 8.0260668e+00
  0.0000000e+00 8.5632610e+00 1.2805316e+00 8.2159071e+00 2.3212910e+00
  2.5944418e-01 3.8776588e+00 3.4574659e+00 4.9192882e+00 3.3608212e+00
  3.0127931e+00 1.8522680e+00 6.6297688e+00 9.0617685e+00 3.0884662e+00
  9.3597918e+00 4.0871940e+00 9.0983160e-02 3.5910673e+00 0.0000000e+00
  7.3056045e+00 0.0000000e+00 1.3218210e+00 1.8751036e+00 1.2786333e-01
  1.2417138e+00 3.1426528e+00 1.2874787e+00 5.0831356e+00 0.0000000e+00
  6.8891439e+00 8.3821602e+00 9.0384580e-02 3.9497742e-01 3.4231849e+00
  4.6628871e+00 2.3248384e+00 3.0626655e-01 1.0126390e+00 0.0000000e+00
  6.5706406e+00 0.0000000e+00 2.2183504e+00 1.8906577e+00 2.8086179e-01
  3.9080443e+00 0.0000000e+00 3.6992013e+00 2.9179025e+00 8.2428904e+00
  1.0551771e+00 9.9584217e+00 6.5966487e-01 4.1860378e-01 6.1537153e-01
  1.1180174e+00 0.0000000e+00 1.6876298e+00 3.4808350e-01 6.4471978e-01
  5.6617403e-01 4.1988120e+00 5.7852578e-01 1.9066340e+00 4.5201859e+00
  2.1667390e+00 2.8199751e+00]]