[[1.71666622e+00 2.62713581e-01 5.78580523e+00 4.42059708e+00
  1.87399483e+00 3.28572416e+00 5.19140291e+00 6.37912154e-01
  2.16998219e+00 5.17204702e-01 2.19457722e+00 7.29724407e-01
  2.35385728e+00 6.53872061e+00 0.00000000e+00 3.88175845e+00
  4.15611362e+00 8.74838531e-01 1.06431663e+00 2.87978005e+00
  7.81664491e-01 4.58613962e-01 5.81015587e-01 2.61253977e+00
  1.03609586e+00 5.87565851e+00 3.42827439e+00 8.74078655e+00
  6.45342016e+00 7.19526947e-01 4.08273888e+00 9.61637139e-01
  3.22042274e+00 3.86066699e+00 1.81520140e+00 3.79630588e-02
  3.56806779e+00 1.29358482e+00 3.46172667e+00 4.44544744e+00
  1.06033099e+00 7.08631754e+00 3.49224687e-01 1.94792008e+00
  1.56707406e+00 1.53401601e+00 1.17469110e+01 2.22299814e-01
  6.96369362e+00 1.44278526e+00 5.60286716e-02 3.42521286e+00
  3.33283067e-01 6.19718695e+00 8.72104466e-01 6.61090326e+00
  2.80070734e+00 9.68867493e+00 6.78092182e-01 4.43198586e+00
  1.86501479e+00 4.92730379e+00 6.29314375e+00 3.81364965e+00
  6.41773939e-01 1.21589851e+01 1.58808959e+00 1.18942738e+00
  2.13011146e+00 1.64423585e+00 5.34451866e+00 9.49002922e-01
  3.07967949e+00 5.11204147e+00 4.79431339e-02 6.06311083e-01
  2.98962069e+00 7.02003896e-01 6.33465528e+00 0.00000000e+00
  2.24563211e-01 0.00000000e+00 4.54084444e+00 1.00840414e+00
  1.02571175e-01 4.48505990e-02 0.00000000e+00 2.28489327e+00
  1.30342445e+01 5.19504070e-01 7.65241480e+00 2.74476695e+00
  9.60397422e-01 9.73517895e-01 3.82245111e+00 6.91248238e-01
  1.97314894e+00 4.58878422e+00 2.11115050e+00 3.37888503e+00
  1.25845861e+00 3.52686954e+00 2.31516027e+00 4.86467505e+00
  8.65590647e-02 4.94865704e+00 4.35571253e-01 3.94468814e-01
  5.13911009e+00 3.85598755e+00 3.42182684e+00 2.33134770e+00
  3.12234759e-01 2.35604835e+00 2.63467479e+00 1.06077679e-01
  1.08642292e+01 1.25366759e+00 1.11932254e+00 4.29780222e-02
  8.05544555e-01 9.35528815e-01 1.44971871e+00 4.03392315e+00
  2.39871994e-01 2.72944474e+00 7.97616482e-01 4.62275356e-01
  6.87901258e-01 1.83402157e+01 1.17979777e+00 1.17396069e+00
  2.60179830e+00 7.31219912e+00 3.22023177e+00 6.68633080e+00
  1.37889063e+00 3.48133612e+00 1.76322365e+00 2.08339617e-01
  5.20559788e-01 1.67587161e-01 5.11007786e-01 3.07424092e+00
  1.96414649e+00 1.08730614e+00 2.31820560e+00 1.29505455e+00
  0.00000000e+00 9.18125138e-02 3.01012182e+00 4.39804459e+00
  4.74959755e+00 1.77412972e-01 1.12945080e+00 3.87213230e+00
  1.86578834e+00 3.32513928e+00 1.66224301e+00 1.55969656e+00
  1.56212866e+00 5.02894688e+00 2.15362883e+00 5.35574961e+00
  5.05245590e+00 2.36423683e+00 1.24323404e+00 7.05501747e+00
  1.99417129e-01 1.95594120e+00 3.12405157e+00 3.50516653e+00
  6.43413687e+00 6.91380358e+00 2.60566282e+00 3.15162763e-02
  1.91042030e+00 3.68100214e+00 4.34596300e+00 1.98187137e+00
  3.20737982e+00 0.00000000e+00 3.49686170e+00 4.72091846e-02
  0.00000000e+00 4.49214649e+00 3.50128460e+00 2.04706758e-01
  1.31272340e+00 6.62724352e+00 5.54818749e-01 0.00000000e+00
  1.71439815e+00 1.85646021e+00 2.48096967e+00 3.50824785e+00
  3.21258366e-01 3.10445118e+00 1.37594730e-01 2.93667483e+00
  6.54882312e-01 9.52359557e-01 1.54832149e+00 6.22699320e-01
  5.12801647e+00 2.21301079e+00 4.48724222e+00 1.89580095e+00
  4.90013885e+00 1.22358382e+00 1.01819038e+00 2.01993370e+00
  8.27214837e-01 7.67007947e-01 3.26298928e+00 5.37827492e-01
  1.90297461e+00 4.80056912e-01 5.76809824e-01 1.90400887e+00
  0.00000000e+00 3.85893226e-01 6.81562567e+00 5.95753622e+00
  9.17467213e+00 7.57539701e+00 7.32310712e-01 3.86111450e+00
  5.87352931e-01 4.88523751e-01 2.63145041e+00 3.36013150e+00
  1.70876765e+00 6.85599422e+00 2.90588784e+00 6.04573393e+00
  8.97707939e-01 1.05576572e+01 8.26864147e+00 4.09945536e+00
  3.47095227e+00 0.00000000e+00 2.91365433e+00 6.44960785e+00
  1.52092826e+00 6.43368864e+00 3.71478462e+00 4.65892601e+00
  7.13607788e-01 2.43761921e+00 5.08800983e-01 6.09573066e-01
  0.00000000e+00 2.80560207e+00 3.48827291e+00 1.15585670e-01
  6.36458588e+00 1.68291819e+00 1.17245162e+00 3.87321949e-01
  5.69086432e-01 1.22737932e+00 6.55927658e+00 2.71280646e+00
  6.40235519e+00 2.58443427e+00 7.14844751e+00 1.80676556e+00
  6.91652489e+00 9.94559765e-01 2.49492359e+00 1.70435533e-01
  4.51381969e+00 3.59506398e-01 2.03957963e+00 6.78191948e+00
  4.23338890e+00 1.05350792e+00 4.07581866e-01 8.31497729e-01
  2.55626559e+00 1.61147392e+00 3.79651594e+00 2.59258580e+00
  4.62739468e+00 7.88932294e-02 8.45294762e+00 2.93640256e+00
  9.37364769e+00 1.70824492e+00 1.69232082e+00 0.00000000e+00
  1.40272462e+00 0.00000000e+00 2.65850520e+00 3.65770054e+00
  6.14448452e+00 2.69936919e+00 7.64867783e+00 2.04045549e-01
  4.11515951e+00 1.65919209e+00 2.34959626e+00 2.00849056e+00
  2.90278101e+00 9.65024829e-01 5.68695498e+00 1.19214928e+00
  8.36297691e-01 6.84449053e+00 1.13999093e+00 2.95751542e-01
  1.31660312e-01 3.49047422e-01 2.72945857e+00 9.94196534e-02
  1.20756588e+01 1.60090485e+01 2.66300678e+00 0.00000000e+00
  5.59140491e+00 2.75766778e+00 1.27566612e+00 4.57505554e-01
  1.90992951e+00 1.32269537e+00 5.52465963e+00 3.10124826e+00
  4.31737709e+00 3.16315711e-01 8.02427232e-01 3.16612720e+00
  1.66279602e+00 1.59909093e+00 2.90571189e+00 4.59439945e+00
  9.66108501e-01 4.07532787e+00 0.00000000e+00 3.78278494e+00
  7.79103804e+00 0.00000000e+00 1.00515776e+01 4.11968350e-01
  7.79944658e-01 2.71548271e+00 6.21837676e-01 1.77116859e+00
  3.43602610e+00 8.34423304e-01 4.60613108e+00 2.67683506e-01
  8.54916215e-01 1.09393797e+01 6.82591820e+00 1.05472198e-02
  9.10995826e-02 9.00071716e+00 4.87833452e+00 1.63777316e+00
  2.29950643e+00 4.97545385e+00 1.91331840e+00 6.04930758e-01
  2.27263880e+00 5.14512014e+00 7.51379967e+00 2.51973963e+00
  2.47006550e-01 8.85226488e-01 2.30671072e+00 1.85166672e-01
  4.21899605e+00 3.86065185e-01 7.47062159e+00 5.81680059e+00
  3.32280564e+00 9.93001461e+00 1.55079103e+00 5.15905440e-01
  9.69733143e+00 4.12374210e+00 3.22774339e+00 2.42085075e+00
  2.47987652e+00 0.00000000e+00 2.05761123e+00 4.47841406e-01
  5.44260621e-01 2.29894280e+00 2.08936834e+00 1.36978257e+00
  3.31481838e+00 1.20383775e+00 5.68741035e+00 0.00000000e+00
  8.64277363e+00 4.50416803e+00 2.74002409e+00 1.50988728e-01
  4.80425644e+00 2.19257712e-01 4.47643614e+00 7.02518177e+00
  7.97564149e-01 3.99984360e+00 1.40218362e-01 3.51630998e+00
  8.99774373e-01 3.10737610e+00 9.21283245e-01 4.21768725e-01
  1.76701236e+00 0.00000000e+00 6.41846037e+00 3.18715751e-01
  2.21831775e+00 2.19613862e+00 3.93530774e+00 3.40653586e+00
  4.62897629e-01 3.53445768e-01 3.74360943e+00 7.58523560e+00
  3.09914780e+00 9.08601642e-01 2.98604226e+00 5.72213078e+00
  9.68061149e-01 0.00000000e+00 4.47832197e-01 4.28309298e+00
  8.10717702e-01 1.25676405e+00 4.79086351e+00 6.72710037e+00
  6.16103268e+00 4.72888327e+00 5.43495715e-01 7.19069958e-01
  4.65289563e-01 1.32336664e+00 2.81128001e+00 2.42725706e+00
  4.15108204e+00 4.84716117e-01 2.83511543e+00 5.22365630e-01
  7.27126673e-02 5.28469861e-01 3.15942621e+00 4.35686922e+00
  3.34993601e+00 1.42374172e+01 6.00033951e+00 2.85171604e+00
  1.35555630e+01 9.33899939e-01 1.45423472e+00 4.58294106e+00
  1.22826707e+00 4.72646189e+00 1.39401972e+00 1.47582006e+00
  2.95780972e-02 9.35260355e-01 3.75517201e+00 2.95998001e+00
  1.09190092e+01 1.40440536e+00 5.18487072e+00 5.48043013e-01
  1.43221125e-01 4.99084520e+00 1.86870944e+00 1.01511085e+00
  1.09962308e+00 2.64234543e-01 2.26662970e+00 5.61907232e-01
  8.43043089e-01 5.82368231e+00 4.48621082e+00 8.08085918e+00
  0.00000000e+00 3.94041228e+00 6.85075426e+00 1.60094130e+00
  2.95570087e+00 1.36252308e+00 1.27813125e+00 7.30320215e-01
  6.90332890e+00 4.53785539e-01 8.36395979e-01 5.54026079e+00
  5.69526032e-02 6.36759567e+00 1.13907516e+00 4.41253901e-01
  1.39171209e+01 7.84377098e-01 5.60879564e+00 2.13567281e+00
  1.45531023e+00 0.00000000e+00 4.75207567e+00 1.67593801e+00
  1.13055634e+00 7.65825093e-01 5.05048752e+00 6.47399139e+00]]