[[3.59550476e-01 1.92354703e+00 1.94676769e+00 9.51806068e-01
  2.62086153e+00 3.33573794e+00 3.53868341e+00 1.31405398e-01
  4.30179405e+00 1.39600766e+00 3.39129853e+00 5.71430027e-01
  3.01410246e+00 4.26647234e+00 1.68506607e-01 5.76245880e+00
  2.84888124e+00 4.23787862e-01 8.44366133e-01 1.32764654e+01
  2.45639160e-01 5.29402685e+00 8.32266903e+00 7.54348159e-01
  8.47135901e-01 1.36035252e+01 2.95606685e+00 6.19774103e+00
  4.10209084e+00 3.03310275e+00 1.80208552e+00 2.23058438e+00
  7.49620914e-01 6.79358244e+00 1.68253767e+00 1.82031667e+00
  5.25477648e+00 1.14981127e+00 4.61669159e+00 2.33103251e+00
  5.68696260e-01 3.22580457e+00 2.26690084e-01 1.09567165e+01
  1.94521308e-01 4.10244274e+00 3.73347700e-01 4.50836331e-01
  3.42417336e+00 2.92918593e-01 2.88086571e-02 1.48584950e+00
  4.44436818e-01 1.19771850e+00 1.37875926e+00 5.66924906e+00
  2.61144876e+00 1.53504429e+01 2.84407377e+00 3.70165801e+00
  4.41107416e+00 5.07897806e+00 1.53348947e+00 9.53533840e+00
  1.05993760e+00 2.87840390e+00 6.90383732e-01 8.32775354e-01
  1.38841999e+00 9.33185667e-02 3.28235817e+00 4.92033768e+00
  1.09018110e-01 4.53810549e+00 2.25103331e+00 1.64732647e+00
  1.41022134e+00 1.20368767e+00 1.53141499e+00 1.25168073e+00
  1.70503092e+00 2.05575585e+00 4.13968325e+00 8.94747734e-01
  1.47643721e+00 1.19803724e+01 1.39160678e-01 1.17396224e+00
  2.49432135e+00 4.34490502e-01 9.67385006e+00 2.39047837e+00
  2.54231304e-01 9.07758331e+00 5.35214090e+00 8.00442159e-01
  2.61198688e+00 1.96450806e+00 1.36619413e+00 1.85974109e+00
  1.03822097e-01 1.28869236e+00 6.51315546e+00 5.29000092e+00
  1.61514366e+00 2.05700934e-01 4.48091364e+00 1.52747527e-01
  8.08095551e+00 3.30281043e+00 4.64865446e+00 2.36646503e-01
  6.49806142e-01 1.19952941e+00 1.82622835e-01 3.17105263e-01
  3.85289502e+00 6.90025866e-01 1.36549354e-01 3.83577967e+00
  1.38458776e+00 8.07205975e-01 1.30102015e+00 1.17914381e+01
  8.46942842e-01 1.93256772e+00 0.00000000e+00 0.00000000e+00
  1.76019764e+00 1.10397568e+01 3.60377342e-01 1.15544438e+00
  4.78424835e+00 3.35614252e+00 4.30753410e-01 3.82462692e+00
  1.44625032e+00 8.76221284e-02 6.40541255e-01 2.23332844e+01
  2.62325048e+00 3.65147233e-01 3.82146835e-01 2.96257758e+00
  2.25890017e+00 2.52893782e+00 2.52371740e+00 6.28204346e-01
  1.77832589e-01 4.59914416e-01 4.31690693e-01 5.69906616e+00
  2.08656478e+00 6.44395924e+00 1.31342125e+00 6.58599794e-01
  3.56017351e-01 1.33484757e+00 5.71198106e-01 4.25341988e+00
  3.21144998e-01 1.23633347e+01 3.26623631e+00 2.71573156e-01
  5.48998785e+00 2.06553769e+00 1.41685326e-02 3.16137624e+00
  1.02549776e-01 6.37980461e-01 3.08141756e+00 1.33754253e+00
  6.97128057e-01 8.22362137e+00 1.69180095e+00 1.28503871e+00
  1.72635210e+00 1.23010218e+00 8.46225929e+00 6.57106781e+00
  1.96234858e+00 4.41733837e-01 4.61306715e+00 7.70777583e-01
  4.02927637e-01 3.86904716e+00 2.73759335e-01 2.56722260e+00
  2.74177575e+00 2.41267705e+00 3.03019238e+00 0.00000000e+00
  0.00000000e+00 1.08460455e+01 1.22306681e+00 5.45519686e+00
  2.45588493e+00 1.81849730e+00 1.46442175e+00 2.06426755e-01
  1.00755901e+01 2.55021024e+00 2.79059857e-01 2.52606845e+00
  3.32929254e+00 1.03379893e+00 2.14556098e+00 3.02203441e+00
  1.97233832e+00 2.17432380e+00 1.04970074e+00 3.94734883e+00
  7.51815557e-01 5.24614668e+00 7.35226423e-02 3.78217244e+00
  1.35174358e+00 1.39867234e+00 1.34436846e+00 2.18930984e+00
  4.18618500e-01 8.40727520e+00 7.23055542e-01 3.65743518e+00
  4.73587781e-01 4.23659182e+00 9.11676121e+00 2.29820323e+00
  2.59719044e-01 2.48664115e-02 3.72336745e+00 2.90233493e+00
  1.84995377e+00 2.34846139e+00 2.87142038e+00 3.73208594e+00
  2.59025598e+00 1.39263749e+00 0.00000000e+00 4.43871707e-01
  1.87494671e+00 2.71044761e-01 1.44942153e+00 4.43666267e+00
  3.06553888e+00 1.31474376e-01 1.85160983e+00 0.00000000e+00
  5.10156333e-01 1.53004742e+00 3.54241323e+00 2.91778350e+00
  5.96582532e-01 5.35357428e+00 3.10319948e+00 1.03729987e+00
  7.89535761e+00 1.10600400e+00 8.32788289e-01 1.83201361e+00
  1.92259717e+00 2.61297412e-02 0.00000000e+00 3.75867915e+00
  2.37341118e+00 3.29058862e+00 1.12587047e+00 1.72283077e+00
  6.05043411e+00 1.09167516e+00 1.22485809e+01 3.83100057e+00
  1.02596569e+00 1.23812103e+00 1.29435183e-02 0.00000000e+00
  7.16420841e+00 5.97864091e-01 0.00000000e+00 3.59082198e+00
  2.51530695e+00 1.03969145e+00 4.51552309e-03 2.17306781e+00
  2.60039091e+00 0.00000000e+00 4.13191462e+00 4.84515858e+00
  1.03450155e+00 8.57789814e-01 8.23834777e-01 1.03617108e+00
  1.25395060e+01 1.51354074e+00 4.13504601e+00 6.97590113e+00
  4.30190802e+00 1.98858809e+00 1.03367366e-01 6.18207514e-01
  1.18456554e+00 2.51946330e+00 6.06435347e+00 2.85602736e+00
  1.96014690e+00 9.96106803e-01 1.06124127e+00 2.13898563e+00
  2.18936229e+00 0.00000000e+00 7.97637987e+00 1.55012918e+00
  2.65654826e+00 5.91119623e+00 4.37390089e+00 1.00698940e-01
  3.08936143e+00 1.13354168e+01 4.83331710e-01 2.50075531e+00
  5.95723391e-01 3.18147802e+00 6.89191341e-01 9.39273775e-01
  1.69963169e+00 3.15769362e+00 5.14100027e+00 0.00000000e+00
  0.00000000e+00 0.00000000e+00 9.17034984e-01 4.34129381e+00
  1.98189127e+00 4.46088743e+00 3.68149614e+00 5.14177847e+00
  5.64800835e+00 2.23303962e+00 1.18797195e+00 5.41772604e+00
  3.14344501e+00 4.44138676e-01 4.17967796e+00 3.25425625e+00
  2.59069037e+00 2.46399856e+00 1.41124117e+00 9.02681291e-01
  2.50855708e+00 2.37492847e+00 0.00000000e+00 0.00000000e+00
  8.06380883e-02 1.98114777e+00 4.66072798e+00 3.45171750e-01
  1.75110304e+00 7.46005058e+00 1.03571761e+00 2.87184262e+00
  2.52053714e+00 6.45444691e-01 8.43307972e+00 7.53016567e+00
  7.97301817e+00 2.09742531e-01 1.33395948e+01 2.09549785e+00
  3.56925249e-01 1.49616539e+00 3.16121340e-01 0.00000000e+00
  3.08103848e+00 3.07929754e+00 5.16638374e+00 3.05499983e+00
  4.03850412e+00 2.37531304e+00 1.28213301e-01 1.41423750e+00
  3.80061299e-01 3.87764812e+00 5.81854820e+00 2.67972136e+00
  6.02901697e-01 2.47515988e+00 1.40385473e+00 3.32712388e+00
  9.10297781e-02 1.21311760e+01 3.74339604e+00 1.73934972e+00
  1.56131685e+00 2.74888992e+00 5.51483214e-01 6.45350361e+00
  3.75309587e+00 9.97069836e+00 2.79863787e+00 5.48220992e-01
  2.40764260e+00 7.73345757e+00 3.57385725e-01 2.58091903e+00
  3.56171179e+00 4.90071154e+00 2.33601665e+00 1.84040797e+00
  1.36755431e+00 4.30229044e+00 4.84153271e+00 6.67602062e-01
  0.00000000e+00 3.84469062e-01 9.95854139e-01 4.40007776e-01
  2.04215050e+00 1.96136653e-01 6.87309682e-01 1.97671044e+00
  1.14764440e+00 2.23023117e-01 1.65583348e+00 7.94313431e+00
  3.46996665e+00 9.50399816e-01 1.54013538e+00 1.32546377e+00
  7.51576185e-01 1.29569721e+00 3.59963417e+00 7.45808184e-01
  2.51768208e+01 6.25141144e+00 1.03560960e+00 2.71472502e+00
  3.22798324e+00 8.47120106e-01 1.73968542e+00 2.70908928e+00
  1.02548540e+00 1.94783902e+00 7.19897509e-01 1.58176625e+00
  2.36975223e-01 1.92164373e+00 3.27229083e-01 1.24146211e+00
  0.00000000e+00 8.51391554e-01 7.99111247e-01 3.89320278e+00
  2.61317635e+00 3.86557961e+00 3.73971462e+00 4.73783255e-01
  1.44601953e+00 4.64932382e-01 2.84315681e+00 4.99419975e+00
  2.09534621e+00 1.07925606e+00 7.07571149e-01 3.80360794e+00
  0.00000000e+00 5.24363947e+00 1.18631458e+00 4.20309067e+00
  2.63096142e+00 7.50325346e+00 1.64702141e+00 4.80303478e+00
  9.75270629e-01 5.47448969e+00 6.13641977e-01 6.76205754e-01
  7.49910414e-01 4.74474043e-01 1.15787435e+00 0.00000000e+00
  4.32392418e-01 6.88803568e-03 2.12715173e+00 5.59752658e-02
  0.00000000e+00 1.49567246e+00 1.28209114e+00 2.82665586e+00
  3.22397375e+00 1.75032759e+00 1.48791218e+00 4.18667841e+00
  3.64870405e+00 2.26799536e+00 8.56356430e+00 2.84602135e-01
  7.14587450e-01 2.11201358e+00 2.55207922e-02 1.80331779e+00
  2.46620536e+00 3.64726329e+00 1.54414225e+00 1.93052530e+00
  4.95436859e+00 7.74500966e-01 2.41941190e+00 1.19166076e+00
  2.35792971e+00 1.46277428e-01 5.18971980e-01 5.30539572e-01]]