[[7.45893812e+00 5.49413681e+00 2.48002291e+00 2.57260156e+00
  3.70267749e-01 3.15450430e+00 5.13677359e+00 6.65993595e+00
  6.53666496e-01 1.21812157e-01 3.44865632e+00 7.74443102e+00
  3.83182955e+00 1.47806489e+00 0.00000000e+00 1.13635063e+00
  1.06456900e+01 1.47082472e+00 0.00000000e+00 1.44863939e+00
  3.87003207e+00 5.28791666e+00 0.00000000e+00 5.08145714e+00
  1.68358040e+00 1.72478187e+00 1.04526615e+00 7.54456425e+00
  1.20461106e+00 1.33213162e+00 9.71416891e-01 3.16014385e+00
  6.84531391e-01 3.23088169e+00 3.42285848e+00 2.13569117e+00
  1.25220203e+00 3.43192428e-01 2.63692355e+00 4.73342133e+00
  1.68828487e+01 3.18463039e+00 3.62192297e+00 4.31407690e+00
  4.25779000e-02 0.00000000e+00 1.93491888e+00 7.89753771e+00
  3.71893144e+00 1.39922428e+00 1.32881415e+00 5.63621902e+00
  2.44611785e-01 1.49238348e+00 4.01137161e+00 1.48270738e+00
  7.28920221e-01 5.00220585e+00 5.22415996e-01 2.51435310e-01
  0.00000000e+00 1.61216855e+00 4.78609562e+00 7.05423653e-01
  3.09612066e-01 3.12366438e+00 8.09544802e-01 8.30315053e-01
  1.91958177e+00 3.30148005e+00 0.00000000e+00 2.77537298e+00
  3.08700180e+00 1.46227777e+00 2.55381083e+00 9.07299519e-01
  6.39199734e-01 5.84574747e+00 1.92256784e+00 7.66283607e+00
  0.00000000e+00 3.50030947e+00 3.15942359e+00 3.48697734e+00
  8.75811386e+00 4.93274879e+00 4.81333637e+00 2.93703842e+00
  6.15927553e+00 2.80161166e+00 2.66377139e+00 4.17510986e+00
  3.38442707e+00 1.08399248e+01 2.58049607e-01 5.57792723e-01
  3.22613549e+00 8.98642063e-01 1.17345583e+00 2.58675766e+00
  1.40824258e-01 2.35501647e+00 1.30720162e+00 3.80743217e+00
  8.44651222e+00 3.31830084e-01 1.22239791e-01 7.49319017e-01
  5.79457808e+00 3.28621435e+00 2.34324360e+00 1.23491049e+00
  1.20832386e+01 4.18459415e+00 0.00000000e+00 2.01251179e-01
  1.29334221e+01 1.16418576e+00 4.87952262e-01 7.75051340e-02
  1.70438790e+00 1.17874765e+00 4.57672501e+00 2.42317748e+00
  5.36861420e+00 1.00284395e+01 1.97206783e+00 4.53257471e-01
  3.89824796e+00 1.09606867e+01 1.09942865e+01 1.84326053e+00
  5.08997107e+00 2.40883899e+00 4.84483480e+00 4.04528618e+00
  1.04818892e+00 7.06784487e-01 1.20660996e+00 2.33488536e+00
  2.79234695e+00 1.01720250e+00 5.07652283e+00 2.37391615e+00
  3.69693732e+00 5.15223026e-01 7.16937828e+00 2.28975940e+00
  3.54217112e-01 5.20957899e+00 1.36730928e+01 1.89470971e+00
  2.18797493e+00 2.88450807e-01 2.69815183e+00 9.87790012e+00
  8.61248398e+00 4.21776235e-01 7.61919141e-01 1.28348634e-01
  2.25019503e+00 2.27668524e+00 2.84131145e+00 1.11424804e+00
  1.55804241e+00 3.14296484e+00 4.10610723e+00 2.05318117e+00
  1.34864438e+00 3.52081299e+00 3.17366004e+00 4.99644518e+00
  3.26499313e-01 3.77089649e-01 1.25398088e+00 5.02917290e+00
  9.71965551e-01 8.02724266e+00 6.10345364e-01 6.01325893e+00
  3.20735741e+00 0.00000000e+00 7.91948414e+00 7.42629051e+00
  9.67647839e+00 2.43233815e-01 1.03850269e+01 2.26382565e+00
  2.03332901e-01 1.85874295e+00 6.18452358e+00 3.05689788e+00
  5.74997091e+00 1.23245878e+01 9.83778954e-01 1.51595008e+00
  0.00000000e+00 3.57152939e+00 4.75093246e-01 7.89219141e+00
  3.86076391e-01 1.64655912e+00 3.19395781e+00 9.71660614e-01
  5.36796749e-01 1.65533924e+00 6.51238382e-01 4.60259295e+00
  6.93836117e+00 6.15708637e+00 8.37372971e+00 2.07307506e+00
  2.22497010e+00 3.81047688e-02 7.48111773e+00 6.40565395e-01
  1.68722515e+01 9.26969707e-01 1.50855243e+00 1.03462303e+00
  3.43374014e+00 6.07096720e+00 1.67171037e+00 9.57647038e+00
  2.22178006e+00 1.68541169e+00 2.35559076e-01 9.17633343e+00
  6.76816523e-01 2.02260351e+00 1.81441450e+00 5.21528578e+00
  5.50984430e+00 7.53326356e-01 3.63562375e-01 9.00209808e+00
  5.01120567e-01 5.56924677e+00 1.88511050e+00 1.18381929e+00
  2.66604996e+00 3.84369397e+00 5.18545771e+00 8.03738213e+00
  3.54600143e+00 1.78825498e+00 2.81215215e+00 6.14840555e+00
  3.32407981e-01 9.00812268e-01 4.76312876e+00 4.95902658e-01
  1.22025692e+00 1.53036106e+00 4.24954355e-01 4.51475501e-01
  1.99118698e+00 4.21265066e-01 5.71861863e-01 6.41955435e-01
  1.15937304e+00 1.98025797e-02 1.16822681e+01 6.22555208e+00
  1.07802713e+00 3.79007816e-01 1.07037792e+01 3.31298399e+00
  1.07355194e+01 8.36313963e-01 4.11979055e+00 0.00000000e+00
  6.53754234e-01 5.94483435e-01 3.97214675e+00 3.34049916e+00
  2.68706703e+00 6.21829987e+00 5.15987873e+00 1.04794538e+00
  8.71923065e+00 2.37424302e+00 2.46040130e+00 8.88365555e+00
  1.39938056e+00 0.00000000e+00 4.34658718e+00 1.06165028e+00
  4.78684711e+00 1.11771476e+00 2.83572388e+00 2.04984403e+00
  3.43854368e-01 7.85819232e-01 1.27046764e+00 2.66962957e+00
  1.78151846e+00 3.20591664e+00 5.64982939e+00 0.00000000e+00
  1.49179482e+00 7.02107096e+00 8.39039862e-01 2.03130174e+00
  1.33857512e+00 4.05121851e+00 4.52875328e+00 1.80123889e+00
  1.04530454e-01 4.49088526e+00 1.73266716e-02 1.08019459e+00
  3.75465095e-01 1.60117030e+00 6.16245687e-01 5.16833305e-01
  9.64420319e+00 1.42668867e+00 5.27523136e+00 8.86160851e-01
  2.13967338e-01 1.43060565e+00 9.02133942e+00 4.07655573e+00
  5.91350317e+00 2.74800730e+00 7.19909191e+00 4.67930317e+00
  7.20045710e+00 1.88256729e+00 9.65902209e-01 9.70422459e+00
  7.98236012e-01 1.89802563e+00 9.06290722e+00 4.31625557e+00
  5.36155653e+00 1.04088056e+00 1.70924795e+00 1.07009208e+00
  5.13356495e+00 1.83788943e+00 1.53212547e+00 0.00000000e+00
  3.70448542e+00 2.50840127e-01 5.39545536e+00 2.58907294e+00
  1.33581996e+00 1.53170073e+00 4.13063955e+00 2.74221122e-01
  1.08095896e+00 9.13623095e-01 1.27818620e+00 1.63962853e+00
  8.97404480e+00 3.48239732e+00 1.31576598e+00 6.95296478e+00
  1.94987446e-01 2.29577293e+01 5.00026894e+00 1.89174902e+00
  4.63923979e+00 2.14098692e+00 8.08385372e+00 8.16951454e-01
  4.09685278e+00 4.12807703e-01 4.72539806e+00 3.72357678e+00
  3.91495657e+00 6.00839972e-01 1.91107333e+00 1.70424330e+00
  1.05303621e+00 2.78719258e+00 4.27880287e+00 2.65300012e+00
  4.87486458e+00 5.62271070e+00 0.00000000e+00 1.99349076e-01
  7.58250999e+00 0.00000000e+00 4.66998863e+00 2.84968162e+00
  5.34783983e+00 4.35536051e+00 3.32074261e+00 9.62026536e-01
  5.38556147e+00 1.97131157e+00 2.23066881e-02 7.40871206e-02
  3.21158266e+00 5.07045209e-01 7.80092657e-01 8.25064063e-01
  8.32164001e+00 3.60878491e+00 6.13619804e+00 2.45950794e+00
  4.84538889e+00 5.50051570e-01 0.00000000e+00 8.09982195e-02
  4.56364775e+00 1.69444466e+01 2.42347574e+00 3.67066711e-01
  3.86437702e+00 1.43547535e+00 6.14823639e-01 5.51502085e+00
  4.72682381e+00 2.32988501e+00 5.17437315e+00 1.40368450e+00
  2.23754525e+00 2.95626926e+00 0.00000000e+00 3.40790915e+00
  1.50536442e+00 3.08839178e+00 2.96009660e+00 1.99271470e-01
  4.28094244e+00 9.93596390e-02 9.24131680e+00 1.41917503e+00
  0.00000000e+00 2.98576927e+00 2.09854174e+00 2.30396557e+00
  1.23240101e+00 4.15786862e-01 1.17376244e+00 1.19165885e+00
  1.66658485e+00 7.76192188e+00 2.46585965e+00 7.10263634e+00
  9.95838356e+00 4.81307411e+00 3.95240211e+00 3.13268661e+00
  2.07578778e-01 2.95948237e-01 4.80572891e+00 4.48830605e+00
  5.62402153e+00 2.58854175e+00 4.01680803e+00 9.17942464e-01
  1.65374398e+00 2.99626780e+00 3.70280921e-01 1.41637697e+01
  1.60017908e+00 1.76579225e+00 4.62376261e+00 2.64488292e+00
  1.37632716e+00 2.08773947e+00 1.23238401e+01 1.57067716e+00
  1.67549336e+00 1.68165076e+00 2.00588679e+00 1.85200453e+00
  5.56705475e+00 2.18407106e+00 7.84174383e-01 4.84995008e-01
  1.66090751e+00 2.99334812e+00 8.22818041e-01 3.40440893e+00
  2.74785352e+00 2.53816032e+00 1.70100772e+00 8.70815337e-01
  1.00899294e-01 1.06014073e+00 7.94677877e+00 1.66452181e+00
  4.94976187e+00 3.33137703e+00 2.63681269e+00 1.44828892e+00
  1.65435636e+00 8.03802681e+00 2.84139514e+00 2.02176499e+00
  2.68502736e+00 7.78546706e-02 3.09599876e+00 0.00000000e+00
  1.47180498e+00 2.55174279e+00 4.76841402e+00 1.06176364e+00
  5.90223217e+00 2.00273156e+00 5.85218859e+00 2.55471754e+00
  1.38381541e+00 1.88282228e+00 2.13685799e+00 2.14013591e-01]]