[[5.9560485e+00 4.0026736e-01 8.9659616e-02 4.8961289e-02 1.3588621e-01
  7.0760860e+00 1.7119638e+00 2.9438794e+00 2.3728995e+00 3.9062040e+00
  2.1691010e+00 1.8701074e+00 5.0766315e+00 3.6349027e+00 2.4428743e-01
  3.5907040e+00 1.4276636e-01 6.4555860e-01 9.0318501e-01 9.0182180e+00
  2.4029038e+00 8.2691526e+00 6.2634267e-02 8.3219481e-01 2.7696323e+00
  6.5609307e+00 8.2174891e-01 1.5156587e+00 4.6204466e-01 3.2215302e+00
  0.0000000e+00 1.9780995e+00 1.0763614e+00 7.6374760e+00 8.5431921e-01
  1.6470265e+00 8.8921815e-01 1.6911547e-01 5.5357218e+00 1.4938766e+00
  8.8170881e+00 6.1028385e-01 4.0655518e+00 6.8833947e+00 1.7665374e+00
  7.4665594e+00 2.3728478e+00 5.0549827e+00 3.3230255e+00 1.6507965e+00
  1.8297726e+00 1.8863273e-01 3.7205667e+00 4.7128024e+00 6.0465455e+00
  2.4571259e+00 1.5540242e+00 2.4249606e+00 2.5522542e-01 0.0000000e+00
  5.6599078e+00 6.3319498e-01 5.5557060e+00 6.8117661e+00 3.5977263e-02
  9.4359672e-01 3.5653105e+00 3.2518811e+00 2.9354155e+00 4.1464911e+00
  4.9520316e+00 3.7649876e-01 3.9246833e+00 6.3534737e+00 1.4973836e+00
  1.1587534e+00 4.2579037e-01 2.1621010e+00 2.4234012e-02 4.6785164e+00
  3.8614467e-01 1.8388442e+00 9.0251112e+00 7.0104998e-01 1.1665092e+00
  9.9121771e+00 8.0944185e+00 4.0643730e+00 1.8828593e-01 8.3285972e-02
  5.9400411e+00 1.5939819e+00 2.0290344e+00 3.4750693e+00 1.0667178e-01
  1.9973146e+00 3.4101803e-02 9.5401514e-01 1.2817661e+00 5.0853548e+00
  8.6694837e-01 4.1268568e+00 2.3092568e+00 1.0186234e+01 1.9039832e-01
  5.4969263e-01 5.1716204e+00 1.8008255e+00 0.0000000e+00 1.3314493e+00
  2.6043850e-01 3.2388082e+00 0.0000000e+00 3.2027903e+00 3.6139563e-01
  6.1280942e-01 5.2943053e+00 6.9680710e+00 0.0000000e+00 3.5023241e+00
  4.6024090e-01 0.0000000e+00 4.3866858e-01 4.1249871e+00 2.5175798e-01
  1.7828450e+00 2.4727079e-01 9.4862247e-01 0.0000000e+00 8.2899237e+00
  3.6861339e+00 1.1287251e+00 6.4943457e+00 4.9108565e-01 1.3646499e+00
  2.9669859e+00 0.0000000e+00 2.4292101e-01 4.6134100e+00 0.0000000e+00
  3.9762268e+00 3.2700176e+00 6.9388938e+00 1.4089128e+00 2.7839646e-01
  0.0000000e+00 5.4079204e+00 0.0000000e+00 2.8191492e-01 1.9496790e+00
  0.0000000e+00 3.0305326e-01 3.6493177e+00 4.8864031e+00 9.7866398e-01
  9.2113552e+00 5.1870865e-01 9.3725100e+00 3.0364666e+00 7.4956977e-01
  1.0525613e+00 5.6541557e+00 3.4466267e+00 1.9174618e+00 2.3632953e+00
  3.2197096e+00 6.3120037e-01 7.5211501e+00 7.0405960e-01 4.9654565e+00
  3.4646349e+00 7.0573586e-01 5.1551861e-01 1.8002833e+00 9.4801491e-01
  3.6810306e-01 1.1306175e-01 0.0000000e+00 2.0217576e+00 1.2217478e+01
  2.2293661e+00 8.3483690e-01 2.5727470e+00 2.8532061e-01 3.7172589e-01
  2.7678890e+00 1.3026458e+00 3.0973499e+00 2.9625764e+00 4.9079185e+00
  3.8432720e+00 6.2965326e-02 1.5328510e+00 6.5009031e+00 6.5543807e-01
  8.2073545e-01 1.4128290e+00 1.1969153e+01 5.7824445e-01 2.6663524e-01
  4.3846002e+00 3.3649936e+00 7.2612095e-01 0.0000000e+00 4.9382291e+00
  2.8394017e-01 6.6580348e+00 1.9784780e+00 8.2549852e-01 1.0194120e+01
  0.0000000e+00 4.0138698e+00 7.9606521e-01 1.9527686e+00 1.3578547e+00
  5.5626418e-02 5.0287004e+00 0.0000000e+00 1.6053559e+00 3.3096118e+00
  2.2035987e+00 7.6318278e+00 2.1257012e+00 0.0000000e+00 8.3333729e-03
  2.9046216e+00 7.1462121e+00 2.1140566e+00 0.0000000e+00 1.5765783e+00
  4.6880417e+00 2.9307852e+00 1.8782665e+00 5.6727066e+00 4.8917351e+00
  5.0133353e-01 5.5640407e+00 7.5214535e-01 0.0000000e+00 3.8401694e+00
  1.3656864e+00 5.9736234e-01 5.5164129e-01 1.0192681e+01 2.2621212e+00
  2.8985786e+00 6.2979312e+00 2.2365437e+00 4.1655612e+00 1.0635815e+00
  4.1432133e+00 5.7969174e+00 0.0000000e+00 3.3097210e+00 3.8479602e+00
  3.9183340e+00 1.8085815e+00 1.4893221e+00 3.4144533e+00 3.7312584e+00
  0.0000000e+00 2.0124874e-01 0.0000000e+00 4.8126841e+00 5.2964320e+00
  1.2629170e+00 8.4334078e+00 2.6524413e+00 3.5717936e+00 2.9512005e+00
  1.2267673e+01 2.7616303e+00 1.5973977e+00 3.6354280e+00 1.4125148e+00
  3.7848854e-01 5.8668985e+00 8.0361712e-01 4.9735627e-01 1.0617789e+01
  7.9988403e+00 2.9257150e+00 3.6092553e+00 5.2759326e-01 4.4171729e+00
  1.7016305e-01 4.6625857e+00 2.1667423e+00 9.1059566e-02 3.0745869e+00
  1.0700265e+00 2.6896234e+00 1.4695753e+01 6.1636634e+00 4.3608317e+00
  7.5967260e-02 0.0000000e+00 1.2187914e+00 0.0000000e+00 0.0000000e+00
  2.3808746e-01 4.7111006e+00 3.3374534e+00 0.0000000e+00 8.9534492e+00
  5.8103675e-01 2.8135240e-01 4.6097612e+00 5.2555032e+00 0.0000000e+00
  5.9273596e+00 0.0000000e+00 2.4193261e+00 7.2350955e-01 2.9234307e+00
  2.3924422e+00 3.4738359e+00 7.5386128e+00 1.5006911e+00 8.4333442e-02
  5.1783878e-01 5.1355553e+00 7.8600206e+00 9.1775191e-01 2.3120353e+00
  2.1443830e-01 5.5446815e+00 2.6514453e-01 3.2383897e+00 6.0661191e-01
  2.3514552e-01 5.8870640e+00 6.4793658e-01 6.1390233e+00 1.7055359e+00
  4.9357181e+00 2.9785268e+00 5.8658838e+00 6.8722135e-01 5.6820164e+00
  3.0933124e-01 2.7378237e-01 1.3493068e+00 3.5060334e+00 5.3177772e+00
  2.1324384e+00 1.4011880e+00 8.6972237e-02 1.6181121e+00 2.4039569e-01
  4.6116953e+00 4.9297869e-01 2.2647236e-01 2.4675293e+00 5.8189783e+00
  1.2254328e+00 2.3260393e+00 3.4183369e+00 3.0663306e-01 1.6812343e-02
  1.6638691e+00 0.0000000e+00 1.0761452e+01 5.5396185e+00 6.4201574e+00
  3.0291626e+00 2.6077573e+00 3.0571265e+00 1.5949239e+00 1.6329162e-01
  1.6212387e+00 4.0749936e+00 4.1937222e+00 3.5079926e-01 5.6608005e+00
  4.3653975e+00 3.3443165e+00 1.2416037e+00 1.1589206e+00 3.0249634e+00
  2.4628034e+00 2.2544999e+00 6.3779230e+00 6.9067316e+00 4.9921507e-01
  2.4931109e-01 4.1640353e+00 1.4219824e+00 9.1178250e-03 1.4885595e+01
  5.5165339e+00 4.3341107e+00 1.4180328e+00 7.1740556e+00 1.2461402e+00
  9.1203156e+00 2.0527959e+00 3.8067648e+00 2.2242160e+00 1.6534773e+00
  3.4722443e+00 4.9044962e+00 4.9688129e+00 7.7773514e+00 1.2984429e+01
  3.0324943e+00 1.7120147e-01 6.3511882e+00 0.0000000e+00 7.1927053e-03
  5.3678113e-01 2.4957540e+00 0.0000000e+00 0.0000000e+00 5.7070720e-01
  7.3035330e-01 1.9081980e+00 0.0000000e+00 2.2214582e+00 7.2899165e+00
  0.0000000e+00 3.2670369e+00 1.3057687e+00 6.4552550e+00 8.0365241e-01
  2.0075626e+00 1.8755758e+00 7.8402472e+00 7.7702618e+00 1.6380132e+00
  3.3870289e-01 1.4535449e+01 1.5597535e+01 3.6358869e+00 3.6214335e+00
  6.3203959e+00 1.7143233e+00 3.0156953e+00 1.1074758e+00 6.9495589e-01
  0.0000000e+00 1.3393334e-03 2.2625837e+00 1.1965913e-01 3.4425406e+00
  4.6307230e-01 1.1416634e+00 7.2730476e-01 1.4473696e+00 1.1355819e+00
  6.5468177e-02 5.3976387e-01 7.1053166e+00 5.8709764e+00 2.4570770e+00
  4.1334394e-01 2.2280300e+00 6.0478598e-01 1.0256925e+01 6.7360878e+00
  1.2554348e+00 2.2471204e+00 8.5710901e-01 0.0000000e+00 0.0000000e+00
  3.9616728e+00 1.4229609e-01 8.8290143e-01 5.0131407e+00 1.8308959e+00
  1.4666101e+00 1.6531631e+00 1.5897561e+00 7.6289268e+00 1.5588544e-02
  1.2331138e+00 5.1095686e+00 4.6438665e+00 0.0000000e+00 4.4359169e+00
  0.0000000e+00 5.7686582e+00 1.0815115e+00 3.0586684e+00 2.7963683e-01
  3.7832680e+00 9.0244472e-02 2.5006468e+00 7.2427230e+00 7.6415324e-01
  7.3479919e+00 2.8006667e-01 2.3689778e+00 2.6977978e+00 2.6920013e+00
  1.2741202e+00 6.9334183e+00 3.3748138e+00 3.3332052e+00 7.7754803e+00
  2.9870534e+00 2.7357059e+00 2.9575975e+00 3.3373089e+00 5.6917534e+00
  2.8117728e-01 5.1949182e+00 3.2150221e+00 6.5411782e-01 8.2340461e-01
  2.0470924e+00 5.7061720e+00]]