[[5.51728058e+00 4.53254789e-01 2.00640410e-02 1.49446532e-01
  7.84665167e-01 2.73177147e+00 1.38895527e-01 9.78468132e+00
  1.23415005e+00 2.35907102e+00 0.00000000e+00 2.08561778e+00
  1.03924441e+00 1.50034785e-01 0.00000000e+00 1.64545083e+00
  2.96431601e-01 1.58917189e+00 2.31181002e+00 1.87847090e+00
  0.00000000e+00 1.39394035e+01 4.94497955e-01 0.00000000e+00
  1.40801251e+00 1.62457287e+00 9.27798986e-01 2.40325403e+00
  1.05946827e+00 7.16167986e-01 2.13009328e-01 8.94028306e-01
  3.51918131e-01 4.84412611e-01 8.38548601e-01 6.21651486e-02
  0.00000000e+00 2.33053660e+00 9.63712597e+00 5.41688621e-01
  1.28536978e+01 6.50768459e-01 1.33502030e+00 3.28935027e+00
  2.29636177e-01 7.41337657e-01 1.15169919e+00 0.00000000e+00
  1.33251333e+00 7.62404323e-01 1.88925874e+00 3.51786423e+00
  1.04049528e+00 1.82089418e-01 5.48110723e+00 7.40759850e-01
  3.75144172e+00 4.13121986e+00 5.80389500e-01 0.00000000e+00
  0.00000000e+00 2.81613261e-01 1.16083670e+00 2.81112051e+00
  0.00000000e+00 3.28071356e+00 0.00000000e+00 0.00000000e+00
  2.11075616e+00 2.42172614e-01 3.17949963e+00 1.02478065e-01
  0.00000000e+00 7.34243691e-01 8.76059413e-01 4.79424782e-02
  8.59916508e-01 0.00000000e+00 2.50097305e-01 6.15907371e-01
  6.94774240e-02 3.28366280e+00 0.00000000e+00 6.44918144e-01
  2.65565276e+00 3.61029148e+00 3.60413957e+00 1.98524073e-01
  3.65860105e+00 2.82507896e+00 4.39805329e-01 1.20376274e-02
  0.00000000e+00 1.88669038e+00 0.00000000e+00 1.44195691e-01
  1.06960513e-01 0.00000000e+00 2.43326974e+00 6.75507259e+00
  4.86155081e+00 1.20504700e-01 3.60561562e+00 6.37257910e+00
  3.97681952e-01 0.00000000e+00 8.31455514e-02 4.29090142e-01
  1.47109032e-01 7.09156871e-01 1.28301787e+00 1.28974664e+00
  0.00000000e+00 2.58875418e+00 3.45397258e+00 7.39623904e-02
  5.50313473e+00 1.37787461e-01 3.93628240e+00 1.36905026e+00
  0.00000000e+00 0.00000000e+00 5.47109663e-01 5.07988548e+00
  0.00000000e+00 4.87175083e+00 4.93341759e-02 0.00000000e+00
  7.02441990e-01 3.85528398e+00 1.84393811e+00 1.29647708e+00
  1.48052621e+00 6.98534921e-02 0.00000000e+00 3.59464335e+00
  2.48749852e-01 1.36620939e+00 2.89015740e-01 1.40742433e+00
  3.09660494e-01 1.00842610e-01 4.36672974e+00 4.94625759e+00
  4.39840841e+00 9.70153272e-01 1.15290332e+00 2.27254719e-01
  7.86538243e-01 2.38365507e+00 4.05770493e+00 2.70888805e-01
  4.70591354e+00 0.00000000e+00 6.87717676e-01 5.54676247e+00
  0.00000000e+00 3.77522445e+00 2.61788464e+00 4.74359512e-01
  0.00000000e+00 1.13456202e+00 1.19672263e+00 0.00000000e+00
  4.97047901e-01 5.29614463e-02 1.13470912e-01 5.51489830e+00
  5.05719948e+00 3.20477462e+00 1.29406929e+00 0.00000000e+00
  4.64046574e+00 1.17052555e+00 8.11288178e-01 4.22085285e-01
  1.85510087e+00 6.70038283e-01 1.62627411e+00 1.03449068e+01
  6.04556274e+00 7.29374528e-01 2.92050242e+00 4.56676245e-01
  5.83215356e-02 1.70757699e+00 1.55927694e+00 2.54020005e-01
  1.07260013e+00 2.84566551e-01 0.00000000e+00 0.00000000e+00
  0.00000000e+00 8.16227722e+00 0.00000000e+00 5.13372064e-01
  7.01063216e-01 0.00000000e+00 8.79736662e-01 1.37099648e+00
  6.64713192e+00 1.16517417e-01 2.32936883e+00 5.28920710e-01
  8.27371883e+00 2.29231524e+00 4.14890274e-02 4.52319503e-01
  4.20565814e-01 3.45647888e+01 2.57432485e+00 1.29258633e+00
  6.61439598e-01 8.99358988e-02 4.57095802e-01 2.72362623e-02
  5.09684205e-01 0.00000000e+00 2.51659423e-01 3.93311322e-01
  2.74867630e+00 6.24983597e+00 7.28634453e+00 5.35782985e-03
  0.00000000e+00 5.37060070e+00 2.26060224e+00 6.89955711e-01
  2.87626028e+00 1.57702327e+00 0.00000000e+00 9.91092250e-02
  3.83682823e+00 0.00000000e+00 0.00000000e+00 5.89869499e-01
  2.07127118e+00 7.04646111e-01 1.59527075e+00 4.68906373e-01
  6.77067637e-01 5.71525812e+00 5.39848375e+00 2.91118383e+00
  3.93711209e+00 1.67536891e+00 2.62605000e+00 5.04469967e+00
  1.48251534e+00 1.12013447e+00 2.91934371e-01 1.56978711e-01
  3.08863735e+00 4.58651257e+00 3.00665283e+00 2.26540208e+00
  2.97635883e-01 2.16671324e+00 3.60630608e+00 3.83163786e+00
  0.00000000e+00 1.29833268e-02 0.00000000e+00 4.47924805e+00
  4.47448641e-01 8.86151850e-01 0.00000000e+00 2.81364870e+00
  1.77833700e+00 0.00000000e+00 2.08987474e+00 1.02991492e-01
  1.55962169e+00 2.36296102e-01 0.00000000e+00 2.87150443e-01
  3.81735158e+00 6.39487147e-01 1.32473350e-01 3.73135090e+00
  6.85842419e+00 5.04963875e-01 5.30389404e+00 0.00000000e+00
  0.00000000e+00 2.20197976e-01 3.39896917e+00 5.37957251e-01
  1.18565285e+00 5.16757154e+00 1.38511946e-02 3.80445552e+00
  2.16496065e-01 5.22997379e+00 5.83698988e-01 1.03850938e-01
  5.96194625e-01 1.84507787e+00 1.61684930e+00 0.00000000e+00
  9.52779198e+00 8.50808397e-02 1.95626223e+00 1.50275302e+00
  6.80283427e-01 4.15926367e-01 2.19080591e+00 2.53001761e+00
  4.37266588e+00 1.15268648e+00 4.65966761e-02 0.00000000e+00
  1.18340158e+00 1.37823284e-01 2.82310873e-01 4.26860285e+00
  1.35921192e+00 1.93271887e+00 8.21685851e-01 0.00000000e+00
  4.78110456e+00 5.78849614e-02 0.00000000e+00 4.23549026e-01
  6.25141144e-01 4.24082184e+00 2.43496585e+00 9.38513160e-01
  1.94936836e+00 1.14628685e+00 0.00000000e+00 1.46435392e+00
  4.63193178e-01 8.12539399e-01 8.30425978e-01 3.32190871e+00
  0.00000000e+00 7.48582602e+00 2.64144921e+00 5.99255228e+00
  2.37851329e-02 0.00000000e+00 0.00000000e+00 1.18925056e+01
  3.61617118e-01 1.67401683e+00 8.19021702e+00 2.60134363e+00
  1.37442672e+00 1.24465930e+00 4.84487802e-01 1.12220931e+00
  0.00000000e+00 0.00000000e+00 1.13823986e+00 0.00000000e+00
  1.26171017e+00 2.61765099e+00 1.02067041e+00 1.13649920e-01
  2.33460426e+00 0.00000000e+00 3.22684598e+00 2.80497760e-01
  4.33324909e+00 1.12125373e+00 1.25637543e+00 5.71060228e+00
  0.00000000e+00 1.75287485e+00 0.00000000e+00 3.10889184e-01
  6.84830904e-01 2.73518682e+00 5.77700250e-02 3.01591992e+00
  0.00000000e+00 5.57350591e-02 1.20390615e+01 2.51747489e-01
  2.64360523e+00 3.87280917e+00 1.04318476e+00 1.84543657e+00
  3.41415882e+00 5.85168314e+00 1.12707913e+00 5.25555491e-01
  8.18495676e-02 1.81210592e-01 2.09361911e+00 8.91110957e-01
  4.41964960e+00 9.69745815e-01 2.47125673e+00 3.42572665e+00
  1.47134155e-01 7.73573339e-01 5.50803804e+00 6.95778668e-01
  2.51908159e+00 6.12865162e+00 0.00000000e+00 6.73822021e+00
  1.47844684e+00 2.52360910e-01 2.51769096e-01 3.56424689e+00
  0.00000000e+00 2.57709837e+00 6.11277246e+00 5.83561659e-01
  1.06456958e-01 7.22131824e+00 1.46700180e+00 0.00000000e+00
  1.83538711e+00 2.32550249e-01 2.35257789e-01 3.15376252e-01
  3.78505683e+00 6.71017393e-02 6.90441430e-02 4.06552494e-01
  1.64574957e+00 1.06481290e+00 1.87458205e+00 1.24568462e+00
  1.02192569e+00 2.61593914e+00 2.44448543e+00 1.11562848e+00
  6.09354496e-01 2.16829801e+00 4.49547482e+00 5.58286762e+00
  5.66149664e+00 2.16086555e+00 1.70814979e+00 0.00000000e+00
  0.00000000e+00 1.99199632e-01 8.73833075e-02 6.17965400e-01
  1.34764111e+00 4.43589830e+00 5.17421424e-01 3.37189460e+00
  2.47525978e+00 1.11249352e+00 4.81186676e+00 7.04503632e+00
  4.67786694e+00 1.14089811e+00 1.21498573e+00 6.74710417e+00
  2.85829258e+00 0.00000000e+00 1.49989200e+00 5.54736519e+00
  2.42706132e+00 6.59860671e-01 3.61199665e+00 0.00000000e+00
  0.00000000e+00 3.82324070e-01 4.00034070e-01 1.92542470e+00
  6.22424245e-01 1.19857967e-01 1.12823799e-01 2.88888431e+00
  3.88453269e+00 8.08182621e+00 1.45445185e+01 0.00000000e+00
  6.51753902e-01 5.36473431e-02 4.38612700e+00 2.49751759e+00
  8.72684047e-02 9.48404372e-02 9.86508951e-02 5.08547115e+00
  0.00000000e+00 7.59278834e-01 3.76307249e+00 5.17913580e-01
  1.26625478e+00 0.00000000e+00 8.45823574e+00 3.17246628e+00
  1.74551201e+00 1.32376599e+00 1.13483191e+00 2.74160862e-01
  0.00000000e+00 1.98964882e+00 3.60485935e+00 7.87692547e-01
  1.35547554e+00 2.35727683e-01 1.29809487e+00 1.42300262e+01
  4.00684881e+00 0.00000000e+00 2.90921402e+00 1.04111803e+00
  0.00000000e+00 8.59784126e-01 7.64168119e+00 0.00000000e+00]]