[[1.73793530e+00 1.71799970e+00 9.44928646e-01 8.89998436e-01
  1.33046627e+00 8.96844006e+00 1.10123367e+01 3.57549071e-01
  1.74279833e+00 1.48893023e+00 4.71078634e+00 3.09777045e+00
  2.30354834e+00 5.98783541e+00 7.49462557e+00 2.58390188e+00
  0.00000000e+00 9.19413045e-02 2.82047749e+00 6.40127802e+00
  5.26921463e+00 9.37645149e+00 5.68860397e-02 1.37376308e+00
  7.15032458e-01 5.35268784e+00 7.81801581e-01 2.96125919e-01
  2.45584035e+00 0.00000000e+00 3.34797382e-01 3.30626965e+00
  4.07059050e+00 9.97898579e-01 0.00000000e+00 1.83265749e-02
  2.52085447e+00 1.71121191e-02 1.73735213e+00 3.05426049e+00
  2.85980940e+00 2.87774444e+00 6.27451181e+00 4.30543184e+00
  1.73806757e-01 5.44691324e+00 1.58854997e+00 5.34626305e-01
  3.78871870e+00 6.14732075e+00 4.86501789e+00 5.46170175e-01
  1.54244125e+00 0.00000000e+00 7.24491310e+00 3.64769316e+00
  5.30120993e+00 3.37241977e-01 0.00000000e+00 2.56485343e-01
  0.00000000e+00 2.16207936e-01 3.68094778e+00 2.34829593e+00
  3.27461147e+00 1.22752028e+01 1.93419564e+00 3.29419065e+00
  6.21184148e-02 2.49455428e+00 2.61733890e+00 2.81016064e+00
  3.86194997e-02 7.30135536e+00 6.24749390e-03 4.24473584e-02
  7.92396307e-01 3.03865522e-01 1.73736978e-02 2.12289691e+00
  2.93352151e+00 2.52136731e+00 2.01534963e+00 1.45743102e-01
  1.32331932e+00 3.82493925e+00 1.60257566e+00 2.63416624e+00
  3.91771126e+00 0.00000000e+00 1.80775714e+00 5.94192386e-01
  0.00000000e+00 1.76196659e+00 1.00411212e+00 1.11907172e+00
  9.16135311e-03 1.45276392e+00 6.44288182e-01 4.72592545e+00
  9.26823139e+00 4.35586572e-01 7.54682660e-01 5.72198296e+00
  0.00000000e+00 2.14074880e-01 0.00000000e+00 1.45004129e+00
  0.00000000e+00 5.22674704e+00 3.01522911e-01 4.13903236e+00
  0.00000000e+00 6.11385822e-01 1.44518175e+01 2.64805365e+00
  7.11062813e+00 1.10084426e+00 1.15064597e+00 5.38410425e+00
  2.17877507e+00 0.00000000e+00 2.54973397e-02 1.42040515e+00
  0.00000000e+00 2.44845605e+00 0.00000000e+00 0.00000000e+00
  6.44432783e-01 5.10752583e+00 1.25591958e+00 1.07284284e+00
  1.92250383e+00 2.65201092e-01 9.51414466e-01 5.24011040e+00
  1.09715737e-01 3.34490538e+00 3.54879856e+00 2.35320464e-01
  2.94084668e-01 1.87000692e+00 6.02517664e-01 2.03027987e+00
  3.42629218e+00 0.00000000e+00 1.25173807e+00 4.36038256e-01
  3.33169270e+00 3.24182868e-01 3.58012557e+00 5.27228713e-01
  4.09600496e+00 0.00000000e+00 1.35127735e+00 2.77127552e+00
  1.38805121e-01 7.13225269e+00 1.06797676e+01 3.81116480e-01
  2.38979006e+00 3.22844565e-01 1.26621664e+00 6.38966465e+00
  3.48836541e+00 1.27029073e+00 9.65667292e-02 6.29912567e+00
  6.39388621e-01 2.02569771e+00 3.10744882e-01 1.48377645e+00
  7.92595291e+00 7.86276996e-01 1.53083706e+00 1.11241221e-01
  0.00000000e+00 4.10205364e-01 2.12766314e+00 1.09133875e+00
  7.23952436e+00 2.93912422e-02 6.78306818e+00 9.15843844e-02
  2.77469444e+00 9.86573339e-01 6.56311512e-01 2.13746950e-01
  2.59351611e+00 6.12442672e-01 0.00000000e+00 0.00000000e+00
  6.29496336e-01 1.02604294e+00 0.00000000e+00 2.05783900e-02
  9.12002385e-01 3.24711651e-01 9.09928977e-01 6.91685438e+00
  5.12428141e+00 2.25661516e+00 0.00000000e+00 3.40382993e-01
  6.86752748e+00 3.76648486e-01 1.79867601e+00 0.00000000e+00
  6.54874980e-01 4.22277117e+00 7.03086996e+00 1.79747200e+00
  2.12899137e+00 2.23361230e+00 5.10452449e-01 0.00000000e+00
  6.63352609e-02 1.43982843e-01 1.80128360e+00 1.19716668e+00
  1.75088239e+00 1.09788513e+00 2.03695087e+01 1.51270896e-01
  1.80557573e+00 3.44032454e+00 1.28783536e+00 1.42109883e+00
  8.49370575e+00 2.25589380e-01 1.29813075e+00 2.48574829e+00
  2.06377888e+00 1.26801169e+00 4.87654328e-01 7.22805798e-01
  9.03746933e-02 4.63405895e+00 0.00000000e+00 3.31203308e+01
  1.07113862e+00 0.00000000e+00 1.77222323e+00 4.07391262e+00
  2.86072373e+00 8.94898129e+00 5.68710327e+00 0.00000000e+00
  3.39410734e+00 3.39473575e-01 7.14893436e+00 3.84097409e+00
  9.77405608e-02 9.20275927e-01 1.22412813e+00 1.91618204e+00
  9.62688684e-01 2.13564420e+00 2.30428982e+00 5.17344713e-01
  9.57272768e-01 5.11257470e-01 0.00000000e+00 1.64262384e-01
  4.37000990e+00 1.01078963e+00 0.00000000e+00 6.28217030e+00
  1.08131193e-01 5.99693246e-02 5.04240704e+00 7.81848729e-01
  1.20863161e+01 8.84856701e-01 3.33452749e+00 1.05127251e+00
  2.79756784e+00 0.00000000e+00 2.91150987e-01 4.42385483e+00
  8.53029251e+00 8.21988392e+00 5.67436457e+00 3.87038767e-01
  5.43423223e+00 5.20532489e-01 1.60510600e+00 1.30483830e+00
  3.43020558e+00 1.21651661e+00 2.47698762e-02 2.28185940e+00
  3.07409263e+00 3.33645940e+00 5.01275635e+00 3.31472903e-01
  0.00000000e+00 8.24379683e-01 2.11468887e+00 0.00000000e+00
  9.61737633e-01 0.00000000e+00 7.11240578e+00 5.48864079e+00
  3.50961637e+00 2.17608750e-01 4.90337944e+00 1.29724312e+00
  3.40896535e+00 0.00000000e+00 1.69690955e+00 2.04480672e+00
  2.46887326e+00 5.86560369e-01 2.27581501e+00 4.29137707e+00
  1.89418745e+00 4.06059217e+00 2.20238113e+00 6.89118624e-01
  2.58832145e+00 2.47848225e+00 1.37889946e+00 1.30880344e+00
  1.16030836e+00 8.27188206e+00 8.03864288e+00 5.14623038e-02
  1.38573253e+00 7.02040315e-01 9.59269819e-05 4.81755829e+00
  1.63567960e+00 3.85890436e+00 1.81996202e+00 2.42006946e+00
  1.65657867e-02 4.23813438e+00 2.63585925e+00 4.89436245e+00
  2.22352648e+00 1.43444417e-02 0.00000000e+00 0.00000000e+00
  2.57946181e+00 7.18527794e+00 9.48839664e-01 4.59801368e-02
  1.94068265e+00 2.48478055e+00 8.46979797e-01 1.44634998e+00
  8.04009974e-01 3.18103218e+00 1.16370477e-01 1.00141883e+00
  5.38902700e-01 5.80344296e+00 6.71256304e+00 2.28852525e-01
  5.97130001e-01 0.00000000e+00 6.07594848e-01 4.20623422e-02
  3.56390405e+00 4.89416504e+00 1.28922439e+00 3.17465830e+00
  8.46837819e-01 9.42598358e-02 1.13055706e+00 1.88977420e+00
  0.00000000e+00 6.47732162e+00 1.50375366e-01 9.66996670e-01
  9.18796122e-01 1.15680091e-01 0.00000000e+00 1.02015553e+01
  9.97676182e+00 3.04049802e+00 2.37862492e+00 3.59366584e+00
  5.74968195e+00 0.00000000e+00 1.98713446e+00 0.00000000e+00
  9.66175556e-01 9.42570329e-01 2.37421155e+00 1.95059967e+00
  8.13650608e+00 6.76515865e+00 3.51560354e-01 1.27589035e+00
  2.20452785e+00 1.46027887e+00 2.37532282e+00 2.16298737e-02
  2.94114184e+00 2.17692542e+00 3.34591436e+00 3.03857231e+00
  1.14731359e+01 2.95348197e-01 6.22347407e-02 1.52031860e+01
  2.72788119e+00 1.17972088e+00 2.45274425e+00 5.11063695e-01
  0.00000000e+00 4.03431542e-02 3.67322516e+00 3.37950873e+00
  4.55397755e-01 2.51545668e+00 4.67709213e-01 1.03622401e+00
  2.37837076e+00 3.04610223e-01 5.50933790e+00 1.55208607e+01
  2.73789257e-01 1.13226128e+01 7.50044525e-01 5.59360123e+00
  2.78516817e+00 0.00000000e+00 4.10415679e-01 3.94195169e-01
  2.29384971e+00 4.46472406e+00 4.06706667e+00 2.67820716e+00
  5.99732256e+00 8.25038135e-01 9.10398066e-01 2.77596235e+00
  2.63380408e-01 1.62933648e-01 2.69431379e-02 6.83947206e-01
  3.25394678e+00 1.40701771e+00 3.68241668e-01 8.79068494e-01
  4.47462320e-01 2.79756904e+00 1.00813389e+00 3.44923067e+00
  5.92480278e+00 5.73522568e+00 9.94649708e-01 2.25977802e+00
  8.96806622e+00 9.99368548e-01 2.25768709e+00 5.83922529e+00
  2.83453409e-02 3.98689103e+00 3.26453233e+00 2.29776382e+00
  2.71606064e+00 0.00000000e+00 6.09289706e-01 1.97340477e+00
  3.50446367e+00 1.27815902e+00 2.85413480e+00 0.00000000e+00
  9.84314024e-01 1.23169432e+01 1.67919978e-01 6.62531793e-01
  5.25635147e+00 1.96608686e+00 4.98255014e+00 1.91929233e+00
  8.62177908e-02 1.64320412e+01 1.75602794e-01 6.24166310e-01
  3.34142947e+00 4.13065720e+00 3.96033454e+00 3.38523841e+00
  7.93478966e-01 1.11475384e+00 1.51805007e+00 3.71813273e+00
  2.80409050e+00 4.12868500e+00 1.13040888e+00 3.12485367e-01
  3.12844932e-01 1.72515464e+00 2.71261907e+00 4.27399063e+00
  1.07993069e+01 4.50771523e+00 3.50501537e+00 2.91655684e+00
  1.74804732e-01 6.52978659e-01 3.25643635e+00 2.27309942e+00
  8.00655365e-01 8.34155262e-01 9.37359929e-01 3.97257590e+00]]