[[3.93655181e-01 4.38100863e+00 2.82927108e+00 2.00465560e+00
  1.99515319e+00 1.23501396e+00 2.78762317e+00 7.11449575e+00
  1.93921566e+00 1.27311587e+00 1.25346076e+00 1.81009471e+00
  1.38949442e+00 2.01687789e+00 3.94401699e-02 1.74241638e+00
  3.37712383e+00 3.34245682e-01 0.00000000e+00 6.70192051e+00
  0.00000000e+00 2.97961235e-01 3.30277586e+00 5.98437977e+00
  4.87408221e-01 6.54004765e+00 6.72451198e-01 1.50367951e+00
  3.24231887e+00 1.83254135e+00 8.66436183e-01 1.04780817e+00
  4.55248237e-01 3.36292076e+00 7.43425083e+00 0.00000000e+00
  3.84853594e-02 8.57045054e-01 2.46243095e+00 4.84310961e+00
  3.83055949e+00 1.49767196e+00 7.00547457e-01 5.63280916e+00
  0.00000000e+00 0.00000000e+00 2.45118690e+00 0.00000000e+00
  1.19895637e+00 1.26883745e+00 2.04811692e+00 7.83935690e+00
  2.36595678e+00 2.01082373e+00 2.66721129e-01 3.24723101e+00
  3.94281530e+00 4.52690506e+00 9.03762758e-01 1.60160863e+00
  2.55186224e+00 2.23068643e+00 6.09005880e+00 8.52516174e+00
  4.19423914e+00 4.60761261e+00 3.51525545e+00 8.20610225e-01
  4.57355070e+00 3.61573982e+00 2.39593410e+00 3.04965234e+00
  0.00000000e+00 2.96295285e+00 3.63576937e+00 1.47215867e+00
  2.55224466e-01 0.00000000e+00 2.21776769e-01 4.92060709e+00
  8.79175216e-02 4.11608744e+00 1.38910961e+00 1.13802135e+00
  1.08435059e+01 1.00560760e+01 5.89459419e-01 1.40684748e+00
  3.85957551e+00 3.60223365e+00 1.29871583e+00 3.51366711e+00
  0.00000000e+00 4.21547556e+00 1.54378452e+01 1.92484641e+00
  2.15456247e+00 1.01221144e+00 5.45397139e+00 2.00653148e+00
  4.58501071e-01 2.07866216e+00 6.60485888e+00 4.43109322e+00
  2.70366120e+00 9.48341846e-01 1.35514688e+00 2.44812655e+00
  2.28007698e+00 3.89641929e+00 2.82460976e+00 1.64607346e+00
  3.18673062e+00 4.58135748e+00 1.93462574e+00 4.15087032e+00
  8.11348057e+00 9.89331007e-02 2.40296268e+00 1.89382792e+00
  2.94321823e+00 3.03538680e+00 1.01156092e+00 2.29423714e+00
  6.57193565e+00 3.59754705e+00 3.78203131e-02 0.00000000e+00
  0.00000000e+00 1.94740772e+01 1.99265277e+00 1.23934698e+00
  6.89977646e+00 1.76097310e+00 1.27241588e+00 9.48190689e+00
  3.33021116e+00 5.11118829e-01 4.05391598e+00 3.73593450e+00
  3.07620436e-01 1.68061626e+00 5.95313609e-01 3.21583891e+00
  1.42494571e+00 1.81025620e+01 8.96002293e-01 3.43715310e+00
  6.30005217e+00 1.27944489e+01 5.32422245e-01 1.19038506e+01
  2.31401515e+00 5.51565790e+00 5.28630950e-02 4.13049042e-01
  1.04173219e+00 7.70643711e+00 1.16505682e+00 3.71813941e+00
  4.65859270e+00 1.12145972e+00 1.10065269e+00 1.03508189e-01
  2.60937624e-02 4.59763288e+00 1.40083921e+00 1.64438164e+00
  3.04457426e-01 1.27165329e+00 1.18312275e+00 2.41241217e+00
  1.17070019e+00 5.05427647e+00 1.43322504e+00 7.09260046e-01
  6.06253815e+00 2.12825847e+00 2.53913164e+00 8.58381748e-01
  2.39270091e+00 1.48901510e+00 1.22085972e+01 8.53740692e-01
  7.79515934e+00 2.18219265e-01 5.18548870e+00 3.76746202e+00
  1.41563565e-02 5.61175203e+00 1.28521472e-02 2.51688540e-01
  1.71393797e-01 7.97137308e+00 6.42310977e-01 6.28980541e+00
  3.36693645e+00 6.29648304e+00 6.89408159e+00 0.00000000e+00
  3.40278554e+00 2.81102991e+00 4.39642334e+00 9.54368687e+00
  1.10664511e+01 6.08322763e+00 4.73373795e+00 1.34520741e+01
  2.72799587e+00 1.86638927e+00 5.49849844e+00 3.65489197e+00
  7.61348963e-01 1.34752691e+00 7.95236683e+00 0.00000000e+00
  3.91809320e+00 0.00000000e+00 1.55316877e+00 1.24372268e+00
  3.34010482e+00 3.11434460e+00 5.71384048e+00 4.05712891e+00
  3.36792874e+00 8.59088516e+00 1.73819816e+00 1.07292855e+00
  1.24839449e+00 5.45398903e+00 7.93030620e-01 6.86254406e+00
  2.05169573e-01 5.20051062e-01 1.04712200e+00 2.95094466e+00
  4.90315008e+00 1.30142050e+01 2.66450024e+00 4.71075106e+00
  4.87700701e+00 1.45319805e-01 1.00317168e+00 4.99871445e+00
  3.81186277e-01 1.07362735e+00 2.17455792e+00 4.33444691e+00
  7.84899652e-01 1.45507312e+00 4.62688684e+00 3.87632877e-01
  6.45783138e+00 4.32026911e+00 9.42465401e+00 3.82884955e+00
  1.38672888e+00 1.66259909e+00 6.74039423e-02 6.55664623e-01
  1.70688999e+00 6.69647694e+00 5.71447134e+00 4.21005487e-01
  1.02476940e-01 0.00000000e+00 3.10474664e-01 3.51022929e-01
  7.72970772e+00 4.74713278e+00 4.36219406e+00 1.42096901e+00
  1.58698928e+00 1.44081664e+00 8.02943611e+00 5.46607077e-01
  8.17817497e+00 9.18383026e+00 4.14980459e+00 7.19236434e-01
  1.04701242e+01 1.60298271e+01 2.65152407e+00 1.55715239e+00
  9.41206646e+00 2.90168643e-01 1.20790434e+01 3.56806469e+00
  6.90947104e+00 2.09654927e+00 2.15370274e+00 1.34533036e+00
  3.05659413e+00 1.32074976e+00 1.49367559e+00 7.93921471e+00
  0.00000000e+00 1.52372211e-01 7.26819515e-01 4.57540154e-01
  1.62007821e+00 3.69475532e+00 4.36160421e+00 5.76109457e+00
  8.66008818e-01 5.16926670e+00 9.69737625e+00 1.35814500e+00
  2.05218697e+00 1.99618471e+00 3.25771785e+00 8.15094090e+00
  5.89053392e-01 5.97795248e+00 3.05739355e+00 1.57528925e+00
  3.83627439e+00 4.10518646e+00 1.23860884e+00 3.93034172e+00
  6.39863968e+00 3.59588933e+00 5.07204413e-01 1.16973305e+01
  1.37116325e+00 8.06351185e+00 7.92230463e+00 2.82705188e-01
  6.07188511e+00 3.57226208e-02 2.54592180e+00 2.59046555e+00
  2.07663584e+00 5.08297873e+00 2.72447300e+00 8.86931705e+00
  1.30325043e+00 1.77439225e+00 1.18771133e+01 2.82471132e+00
  3.74624228e+00 3.48936558e-01 1.62292218e+00 0.00000000e+00
  1.66462183e+00 1.04969549e+00 4.04803610e+00 2.61911201e+00
  4.65167475e+00 2.55122155e-01 2.04018727e-01 2.06699347e+00
  3.44117582e-01 0.00000000e+00 1.85405767e+00 4.93927635e-02
  1.00966930e+00 8.00812244e+00 7.34453499e-01 4.36294842e+00
  3.64559126e+00 8.64407659e-01 9.87809777e-01 4.32478237e+00
  5.23241043e+00 0.00000000e+00 4.98858881e+00 1.08069636e-01
  8.08781910e+00 2.88792819e-01 3.87881190e-01 2.90902829e+00
  0.00000000e+00 1.10114145e+01 6.37069702e-01 1.91666210e+00
  2.46422505e+00 2.51111722e+00 2.72947621e+00 3.14084816e+00
  2.76904082e+00 6.59496832e+00 4.52291489e+00 2.57841563e+00
  2.69642067e+00 1.08646512e+00 5.19313908e+00 8.08649287e-02
  4.32465762e-01 3.73554468e+00 2.19537067e+00 2.02712369e+00
  1.03739862e+01 1.16246915e+00 2.05629134e+00 6.54955581e-02
  3.10346365e+00 1.91384804e+00 1.90645802e+00 3.11585045e+00
  5.54519987e+00 4.55936384e+00 2.08415890e+00 1.64797413e+00
  5.09790373e+00 9.32113552e+00 6.20533371e+00 2.33678865e+00
  1.02477992e+00 4.27433157e+00 4.73435926e+00 4.63517189e+00
  0.00000000e+00 1.58341695e-02 5.86710262e+00 4.83145428e+00
  0.00000000e+00 2.47780514e+00 6.40850246e-01 1.25290677e-01
  3.63777328e+00 5.94351351e-01 1.90133721e-01 3.11510444e+00
  4.07835340e+00 1.49768102e+00 2.15928841e+00 3.90406156e+00
  1.29770076e+00 5.02274227e+00 4.11068773e+00 3.66172600e+00
  8.19050908e-01 5.23759365e+00 2.17904896e-01 3.82515043e-01
  2.22828865e+00 8.99704075e+00 1.23137939e+00 2.45820451e+00
  1.18197882e+00 1.25448980e+01 0.00000000e+00 2.24933004e+00
  7.11226344e-01 1.65989435e+00 3.29882741e+00 1.20494521e+00
  1.18103514e+01 1.22145140e+00 4.70445514e-01 9.84220505e+00
  2.54213786e+00 7.17087460e+00 3.22593164e+00 9.40313220e-01
  6.67371750e-02 1.14969683e+00 7.08614826e-01 3.20618725e+00
  2.65427947e+00 1.11187184e+00 8.33566725e-01 2.21077681e+00
  7.12185442e-01 3.22675252e+00 2.41957521e+00 2.52763343e+00
  2.27419138e+00 3.13945103e+00 1.11449361e+00 2.32107663e+00
  6.38271511e-01 1.74387813e+00 1.18810391e+00 1.80430758e+00
  2.74532795e-01 2.26136231e+00 4.77233696e+00 2.30829787e+00
  4.21229410e+00 2.08452845e+00 2.32241774e+00 4.04698521e-01
  3.46137786e+00 1.75456154e+00 1.60630393e+00 9.13864553e-01
  3.66938949e-01 2.68397141e+00 1.02065458e+01 5.18935776e+00
  1.77286112e+00 1.22902858e+00 1.02230768e+01 7.36919582e-01
  7.14683354e-01 5.04715443e-01 5.49664640e+00 1.73023689e+00
  2.16075778e+00 1.94168031e+00 3.16257930e+00 1.32368577e+00
  2.08673525e+00 5.56717552e-02 5.32549000e+00 0.00000000e+00
  6.35826159e+00 7.97001410e+00 4.08693695e+00 1.33104157e+00]]