[[4.32849073e+00 2.74909496e+00 5.61234665e+00 1.27199322e-01
  0.00000000e+00 6.73681319e-01 1.03901458e+00 0.00000000e+00
  3.96830738e-01 9.68314409e-01 5.66348028e+00 2.13009214e+00
  1.48804963e-01 4.06123018e+00 0.00000000e+00 2.22471857e+00
  4.87616509e-01 2.20056146e-01 2.05934238e+00 2.03407741e+00
  0.00000000e+00 4.35369921e+00 2.41365504e+00 3.60811502e-01
  2.63942885e+00 6.76420355e+00 3.44924521e+00 2.42607176e-01
  9.86212254e+00 2.24920750e+00 1.14534545e+00 2.13618517e-01
  5.00661612e+00 1.31135976e+00 3.38028103e-01 0.00000000e+00
  5.81997108e+00 6.99942634e-02 6.69407797e+00 6.67496681e+00
  2.19914690e-02 1.24194920e-01 1.80865479e+00 1.96532452e+00
  1.32895553e+00 2.18510365e+00 6.02274036e+00 1.49988449e+00
  2.20415330e+00 6.12793803e-01 4.62711483e-01 1.63265681e+00
  7.63719082e-01 1.13260615e+00 3.29172230e+00 1.66240931e-01
  1.83581960e+00 1.34574676e+00 0.00000000e+00 1.47898555e+00
  3.09883773e-01 4.51835299e+00 6.51442528e+00 7.89785433e+00
  1.01436007e+00 2.05404496e+00 9.45345283e-01 3.98131400e-01
  3.49289238e-01 4.86874533e+00 1.00049543e+00 4.87411618e-02
  6.08586371e-01 1.23647795e+01 4.83154345e+00 2.66672969e+00
  6.55270338e-01 0.00000000e+00 6.30378425e-01 0.00000000e+00
  1.48222554e+00 1.04290664e+00 1.73376870e+00 7.28444004e+00
  6.40672863e-01 6.55042982e+00 2.72121597e-02 7.67253876e-01
  1.76802903e-01 4.54791993e-01 9.49877167e+00 1.99793756e+00
  2.39456043e-01 5.59507370e+00 7.02313280e+00 1.18729973e+00
  5.74409008e+00 6.97303677e+00 0.00000000e+00 7.73341656e+00
  5.58110058e-01 6.40819836e+00 6.84499502e+00 2.99105096e+00
  0.00000000e+00 3.50399107e-01 7.05726802e-01 1.69260165e-04
  2.40867519e+00 2.06025290e+00 0.00000000e+00 2.56848836e+00
  4.10330147e-02 2.52946568e+00 4.86116457e+00 1.53282070e+00
  8.14719009e+00 7.24506855e-01 1.28430888e-01 7.17528045e-01
  0.00000000e+00 3.87586385e-01 0.00000000e+00 7.23897266e+00
  0.00000000e+00 1.31792569e+00 0.00000000e+00 1.27295047e-01
  1.47467420e-01 1.20081911e+01 1.70232952e-01 8.22498277e-02
  3.65897983e-01 2.53072429e+00 1.72522843e-01 4.24673653e+00
  3.61431003e-01 2.03601956e+00 2.08340740e+00 4.23869610e+00
  4.30791759e+00 9.36925858e-02 1.07926214e+00 8.21843338e+00
  4.38971668e-01 0.00000000e+00 2.30743837e+00 2.56713271e-01
  4.66854960e-01 5.78667521e-01 0.00000000e+00 1.59034610e+00
  1.01957107e+00 0.00000000e+00 1.10680199e+00 3.31336093e+00
  4.85933512e-01 3.09709048e+00 2.27428055e+00 7.83069897e+00
  1.29409444e+00 6.61707592e+00 6.79812551e-01 2.00645757e+00
  5.34994364e+00 4.52721930e+00 6.41863272e-02 7.44972563e+00
  0.00000000e+00 2.11834717e+00 1.36970825e+01 2.02007985e+00
  7.57098722e+00 5.00455332e+00 1.56470680e+00 1.70538545e+00
  3.18976879e-01 1.57029197e-01 1.54983244e+01 9.54025745e+00
  2.50008631e+00 1.17654252e+00 1.22452271e+00 1.15387939e-01
  7.18927503e-01 4.72220325e+00 1.85207832e+00 1.27710581e+00
  1.37066138e+00 5.14272404e+00 0.00000000e+00 0.00000000e+00
  2.14678431e+00 8.55501842e+00 1.51541543e+00 1.73922384e+00
  8.49904060e+00 6.25774562e-01 1.38856065e+00 2.56837654e+00
  3.50435209e+00 2.70594191e-02 1.02921355e+00 1.43855882e+00
  4.36832714e+00 2.53676867e+00 2.21789181e-01 3.44462562e+00
  1.83123434e+00 1.17902060e+01 7.96785057e-01 2.71392584e+00
  3.14668729e-03 5.25903940e+00 1.52721858e+00 0.00000000e+00
  1.14794612e-01 1.15162981e+00 0.00000000e+00 1.87115586e+00
  1.10450613e+00 3.85925698e+00 2.10055256e+00 0.00000000e+00
  8.21770763e+00 1.86021769e+00 1.69986892e+00 7.19652891e-01
  2.05585623e+00 3.77417356e-01 2.40079808e+00 9.12890553e-01
  2.69743061e+00 8.29956532e-01 1.23610425e+00 0.00000000e+00
  1.10831299e+01 1.22066581e+00 2.62348819e+00 4.51847076e+00
  1.31569430e-01 1.48428750e+00 6.58555031e+00 3.18128252e+00
  1.81345654e+00 1.00430527e+01 3.37653947e+00 2.37075281e+00
  2.10571218e+00 7.83789062e+00 3.00112176e+00 7.31405556e-01
  1.06307662e+00 2.77954531e+00 3.36743736e+00 0.00000000e+00
  1.43238964e+01 1.86353016e+00 1.13085485e+00 3.98037493e-01
  2.30651721e-01 0.00000000e+00 8.24119672e-02 3.94730139e+00
  1.63734806e+00 1.24423552e+00 8.71313858e+00 1.22993124e+00
  2.29058242e+00 7.74273336e-01 1.35390103e+00 0.00000000e+00
  1.62479138e+00 3.90326977e+00 4.07680607e+00 3.01473379e-01
  5.84331417e+00 0.00000000e+00 1.26579392e+00 0.00000000e+00
  7.04858017e+00 1.21431363e+00 3.54716182e+00 3.28892040e+00
  0.00000000e+00 0.00000000e+00 8.09445953e+00 5.61861420e+00
  2.34538627e+00 4.54059458e+00 3.56827879e+00 2.07507324e+00
  4.93806219e+00 2.92188025e+00 2.70836973e+00 2.56394267e+00
  7.86878591e-05 2.30071974e+00 6.16393447e-01 1.05884364e-02
  8.58300686e+00 2.96341062e+00 9.96907115e-01 5.50967872e-01
  1.18921602e+00 3.45474625e+00 5.34609604e+00 4.57661488e-04
  1.20672417e+00 2.63524473e-01 2.25290394e+00 2.91641027e-01
  6.30642700e+00 1.61697638e+00 4.71056128e+00 7.73127470e-03
  3.81320810e+00 1.34543657e+01 1.88289559e+00 1.37769067e+00
  8.33073378e-01 9.80956405e-02 8.34650993e+00 2.96250939e+00
  1.43131113e+00 3.14986438e-01 1.05895758e+00 4.32560444e-01
  6.81946564e+00 0.00000000e+00 1.67952895e-01 2.91058391e-01
  7.92556584e-01 5.37448883e+00 2.44381380e+00 1.78709066e+00
  0.00000000e+00 4.86100006e+00 7.29480982e+00 5.05540133e+00
  3.52907991e+00 0.00000000e+00 4.64652824e+00 8.61072361e-01
  1.03131160e-01 1.99145317e+00 2.86034966e+00 2.01106739e+00
  1.69450700e+00 2.06888586e-01 1.27167177e+00 0.00000000e+00
  0.00000000e+00 5.10786200e+00 2.81481314e+00 1.36536449e-01
  1.25975335e+00 6.08750772e+00 1.61480522e+00 1.28257525e+00
  7.53056002e+00 0.00000000e+00 2.61367321e+00 2.39846992e+00
  4.73169756e+00 2.05466318e+00 2.43667450e+01 5.28464127e+00
  2.91460443e+00 7.24605989e+00 6.48473310e+00 2.62535000e+00
  0.00000000e+00 7.36449003e-01 2.84292769e+00 2.97286487e+00
  9.68795866e-02 4.07081175e+00 1.24877477e+00 2.36755347e+00
  3.72675371e+00 4.96317005e+00 4.51807117e+00 2.12694788e+00
  1.28446484e+00 3.20720029e+00 2.54947901e-01 4.82880324e-02
  2.72306752e+00 4.89527178e+00 1.94866431e+00 4.69773203e-01
  4.99776268e+00 1.97730613e+00 1.52779102e+00 3.16983747e+00
  3.05756116e+00 2.93185592e+00 1.82469055e-01 2.01653862e+00
  2.34392360e-01 1.81506748e+01 3.99439359e+00 5.39666510e+00
  7.80526257e+00 7.82172203e-01 2.27181673e+00 1.95256078e+00
  3.03036273e-01 0.00000000e+00 6.81473398e+00 7.04903746e+00
  8.46438780e-02 0.00000000e+00 6.48250163e-01 0.00000000e+00
  1.69318497e+00 6.44446909e-01 1.14431560e+00 5.51256359e-01
  3.01259995e+00 5.69079936e-01 3.30884838e+00 6.07237387e+00
  1.06859207e-01 0.00000000e+00 3.02593023e-01 4.12358379e+00
  3.18414402e+00 7.01213658e-01 1.71193409e+00 4.25993562e-01
  1.45394640e+01 4.95820761e+00 1.14468193e+00 2.24625230e+00
  4.49551678e+00 3.47395635e+00 4.28044081e-01 4.32940197e+00
  4.13630038e-01 5.91269970e-01 3.35817933e-01 1.20434213e+00
  8.12949562e+00 1.39168769e-01 7.74843311e+00 2.57009721e+00
  5.11325741e+00 2.91697115e-01 0.00000000e+00 2.05648232e+00
  1.94743431e+00 6.06758261e+00 2.46102047e+00 2.47331357e+00
  1.65769148e+00 3.83238053e+00 3.12547946e+00 1.22537982e+00
  1.10354912e+00 2.77402973e+00 1.31053412e+00 2.57840085e+00
  0.00000000e+00 5.64759064e+00 7.78660655e-01 1.42980933e-01
  5.11855698e+00 2.46831632e+00 8.89508486e-01 0.00000000e+00
  1.13752268e-01 6.93424034e+00 2.63625360e+00 3.55778480e+00
  9.66051996e-01 0.00000000e+00 2.16219378e+00 6.66829586e+00
  5.39290714e+00 2.29031309e-01 0.00000000e+00 5.05397367e+00
  0.00000000e+00 3.72720450e-01 8.83790612e-01 0.00000000e+00
  0.00000000e+00 2.57233322e-01 2.35665813e-01 2.74229199e-01
  1.49776018e+00 2.45628977e+00 3.84719253e+00 5.77964544e-01
  0.00000000e+00 7.28327703e+00 4.25913525e+00 9.06843066e-01
  7.00436354e+00 9.63081643e-02 3.84915292e-01 2.48348475e+00
  5.98224688e+00 0.00000000e+00 1.57617557e+00 2.92909980e+00
  2.24557352e+00 2.77124699e-02 3.12422156e+00 3.54172897e+00]]