[[1.13571954e+00 4.02129829e-01 3.46380496e+00 1.28037766e-01
  2.86566639e+00 3.85258675e+00 1.05840206e+00 1.42699420e+00
  1.91225135e+00 5.83670282e+00 2.11921239e+00 1.29432762e+00
  3.28735662e+00 2.68495870e+00 4.35105753e+00 2.39089489e+00
  5.34957767e-01 1.09040606e+00 3.98011994e+00 4.15853405e+00
  2.39450645e+00 2.50766921e+00 2.57994151e+00 5.67634523e-01
  3.43530488e+00 2.21503758e+00 2.56879151e-01 2.26500817e-02
  5.09210157e+00 0.00000000e+00 5.79398647e-02 7.77933419e-01
  2.19354153e+00 3.22475815e+00 1.22282833e-01 2.68116021e+00
  1.07823968e+00 3.08956176e-01 4.31349230e+00 1.11057925e+00
  4.19915356e-02 1.91547561e+00 3.00993770e-02 6.15329683e-01
  6.54832423e-01 6.79217577e+00 5.94235849e+00 1.85280001e+00
  2.10297775e+00 6.25235033e+00 3.38928076e-03 6.30057871e-01
  1.64267337e+00 4.43124413e-01 1.56691027e+00 3.45043373e+00
  1.14511538e+00 1.33737154e+01 1.20335586e-01 2.28175378e+00
  8.60193670e-01 7.07698345e-01 5.76613188e+00 5.45238209e+00
  8.26719642e-01 1.53397608e+00 0.00000000e+00 0.00000000e+00
  2.12861037e+00 1.79356277e+00 1.05714715e+00 8.51022750e-02
  1.39299333e-01 8.81879902e+00 1.42961216e+00 1.60425767e-01
  4.40025902e+00 1.14537805e-01 7.63801515e-01 1.97227228e+00
  4.46299171e+00 3.30957747e+00 9.88782978e+00 7.06194997e-01
  2.13491485e-01 6.17756605e+00 6.14895932e-02 5.34108937e-01
  1.17655602e+01 7.90674388e-02 4.22274256e+00 2.48153090e+00
  2.99367547e-01 4.61268759e+00 4.79831791e+00 1.65654495e-01
  1.96452284e+00 2.51952481e+00 4.06470680e+00 1.40887384e+01
  1.92137909e+00 1.66233122e+00 8.13626862e+00 3.93420196e+00
  0.00000000e+00 0.00000000e+00 0.00000000e+00 2.95001954e-01
  6.29749775e-01 9.97708201e-01 3.04457402e+00 2.09250402e+00
  3.90389413e-01 8.34058583e-01 9.03739691e-01 1.52615458e-01
  6.09189463e+00 2.65142512e+00 0.00000000e+00 3.15932322e+00
  6.29342914e-01 6.19120836e-01 1.52629256e+00 2.62729287e+00
  3.28052855e+00 5.64126313e-01 1.87594914e+00 0.00000000e+00
  2.76093888e+00 1.27980947e+01 2.24638605e+00 8.66709650e-01
  3.07818508e+00 9.41123247e-01 5.56252241e+00 1.53398025e+00
  3.65164399e-01 5.08163595e+00 7.87006617e-01 1.47460055e+00
  2.73870730e+00 1.47031844e+00 1.53245032e+00 1.77663004e+00
  6.99088287e+00 5.79798579e-01 2.57674289e+00 5.00316441e-01
  2.51248097e+00 9.00979102e-01 0.00000000e+00 1.07712698e+00
  4.30964661e+00 1.61357284e-01 3.35546844e-02 6.83079362e-01
  5.67117882e+00 3.67050982e+00 1.99191481e-01 1.44520283e+00
  2.80869341e+00 4.29664946e+00 4.01226193e-01 9.87188220e-01
  2.19780302e+00 3.35090542e+00 0.00000000e+00 2.10588551e+00
  1.97955561e+00 2.86366248e+00 5.91463625e-01 1.53399527e-01
  4.31092024e+00 5.24699450e-01 3.39048088e-01 4.82496917e-01
  6.00229263e+00 2.73606038e+00 1.10556440e+01 1.03184962e+00
  2.36367083e+00 5.65524288e-02 6.23192310e+00 5.00610657e-02
  1.14280176e+00 3.91319489e+00 7.18997192e+00 1.67757720e-01
  4.11662459e-01 2.25645328e+00 2.15365529e+00 7.82697797e-02
  0.00000000e+00 5.00247538e-01 1.33373427e+00 8.01241577e-01
  3.19950652e+00 2.89108902e-02 8.23133850e+00 1.17561781e+00
  2.49969220e+00 5.06592393e-01 4.04512930e+00 1.06834722e+00
  4.77448511e+00 1.35692966e+00 0.00000000e+00 6.76505029e-01
  1.99308777e+00 1.86649120e+00 9.20511067e-01 2.95517468e+00
  0.00000000e+00 7.16557693e+00 1.17034435e+00 1.86210263e+00
  8.19163203e-01 5.23781061e+00 3.59863353e+00 2.56133771e+00
  3.22096872e+00 7.16257477e+00 2.21035317e-01 4.20336580e+00
  2.45658064e+00 2.80160642e+00 1.41214716e+00 3.15254617e+00
  2.27517560e-01 6.04968190e-01 9.75158870e-01 2.76132178e+00
  4.88742208e+00 6.09708019e-02 2.10756326e+00 2.40978718e+00
  1.52241611e+00 5.76202059e+00 3.26968342e-01 0.00000000e+00
  5.93150854e+00 4.39240217e-01 5.47832394e+00 7.78816462e-01
  2.57726836e+00 7.22021055e+00 6.65535069e+00 7.69662917e-01
  1.94568276e+00 3.39093113e+00 4.62186050e+00 6.71732843e-01
  3.16275120e+00 6.43969476e-01 1.92680395e+00 3.00939709e-01
  3.25378418e+00 3.04799533e+00 4.31187344e+00 1.47446764e+00
  1.54685870e-01 8.34728956e-01 0.00000000e+00 1.15961289e+00
  2.74146867e+00 7.18989611e-01 7.42456257e-01 1.22380003e-01
  6.34620523e+00 1.81242451e-01 5.83598089e+00 2.80010509e+00
  1.09753120e+00 1.85971156e-01 6.35083735e-01 1.02896762e+00
  7.60401773e+00 1.99152851e+00 6.14039004e-01 5.06363250e-02
  5.13673449e+00 1.83041346e+00 1.11289907e+00 4.38628227e-01
  1.48370528e+00 5.75648248e-01 1.29786384e+00 5.94688320e+00
  2.91027808e+00 3.95523691e+00 5.71869314e-01 1.63754666e+00
  2.28927302e+00 2.84527969e+00 2.49474120e+00 7.53037071e+00
  5.45374930e-01 1.38603717e-01 2.82456803e+00 4.85506356e-02
  2.97741413e-01 7.85000134e+00 1.30491793e+00 7.14844346e-01
  8.51201713e-01 2.84211159e+00 7.03610182e+00 6.46861076e-01
  1.09550595e+00 0.00000000e+00 1.01078873e+01 2.28002763e+00
  2.71818899e-02 4.04982662e+00 4.57754183e+00 0.00000000e+00
  3.62386465e+00 1.29499226e+01 8.65047991e-01 5.66049528e+00
  1.68192685e+00 1.90490878e+00 1.21477795e+00 2.15383577e+00
  5.22482395e-01 2.58842587e+00 8.44017410e+00 8.33325922e-01
  5.49799442e+00 1.33293951e+00 7.79527009e-01 3.45854068e+00
  3.17034572e-01 1.84848893e+00 8.31107998e+00 7.59976768e+00
  7.59543061e-01 4.28074074e+00 1.58843184e+00 8.66865277e-01
  2.58489037e+00 7.88563311e-01 8.69081914e-01 1.93266499e+00
  2.67143631e+00 4.67507696e+00 1.36418557e+00 0.00000000e+00
  3.58657336e+00 1.41788316e+00 0.00000000e+00 7.92625368e-01
  3.66835737e+00 3.49149489e+00 7.23986089e-01 3.77368301e-01
  6.09646177e+00 9.56389618e+00 7.34851742e+00 2.72343922e+00
  1.28011475e+01 8.14374447e-01 1.39753425e+00 3.48558855e+00
  2.80756855e+00 7.40211785e-01 8.03436184e+00 6.90524817e-01
  1.98760223e+00 7.21964061e-01 6.24558888e-02 4.56355289e-02
  6.19445610e+00 3.90302634e+00 0.00000000e+00 6.38995504e+00
  9.49971795e-01 4.78066540e+00 2.23158315e-01 7.58102655e+00
  7.48747635e+00 6.78455210e+00 3.71693993e+00 2.09562111e+00
  1.09200704e+00 9.57937539e-01 4.26805592e+00 8.97638917e-01
  1.77355170e-01 1.69462538e+00 5.74262023e-01 2.76742578e+00
  3.24149680e+00 6.40997171e+00 3.31871939e+00 6.57984078e-01
  8.20136547e+00 4.77172852e+00 1.43579042e+00 8.72425079e+00
  3.66763186e+00 1.84560895e+00 0.00000000e+00 4.86428738e+00
  4.28755999e+00 3.51687121e+00 7.44882643e-01 5.58918524e+00
  1.19164824e-01 1.47653043e+00 7.63690615e+00 6.29865468e-01
  8.15132678e-01 1.68340340e+01 1.61696887e+00 9.59810138e-01
  2.78732228e+00 3.74798924e-01 1.48742843e+00 1.64057326e+00
  2.41115999e+00 2.66492456e-01 1.51449549e+00 1.54461551e+00
  2.20389366e+00 3.67065310e+00 5.27835560e+00 5.84016562e+00
  1.07584633e-01 9.11044776e-01 9.49270129e-01 1.41582501e+00
  4.34347534e+00 2.93741894e+00 4.53717756e+00 1.47889080e+01
  0.00000000e+00 6.22375488e-01 5.91732487e-02 8.31624418e-02
  4.64526638e-02 1.73220968e+00 9.60823059e-01 1.51049364e+00
  2.14203909e-01 0.00000000e+00 2.41335303e-01 1.10526991e+00
  0.00000000e+00 6.72106370e-02 0.00000000e+00 7.15254164e+00
  1.99840200e+00 5.67883873e+00 7.25209761e+00 5.79416370e+00
  5.05090654e-01 1.97148335e+00 2.38464499e+00 3.22814822e+00
  1.10243571e+00 3.15646958e+00 2.91558433e+00 3.34122300e+00
  5.13099098e+00 8.87592882e-02 1.49341428e+00 1.27470338e+00
  4.39786434e+00 5.59424043e-01 3.12812304e+00 1.62591434e+00
  1.39701784e+00 3.08030200e+00 2.04104805e+00 3.83982062e+00
  0.00000000e+00 6.35430813e-01 7.09381104e-01 1.00017078e-01
  5.99865973e-01 6.34188890e-01 2.59301591e+00 9.67367077e+00
  3.18382919e-01 0.00000000e+00 3.64309382e+00 7.17116743e-02
  4.85646439e+00 1.27126360e+00 4.66405678e+00 5.13334322e+00
  6.99552238e-01 1.49368346e+00 4.48531246e+00 1.39579928e+00
  6.38208771e+00 8.73983264e-01 3.41233706e+00 6.00064516e-01
  2.83513999e+00 2.16794658e+00 4.14913797e+00 2.49564737e-01
  1.53563428e+00 5.31250811e+00 7.14723063e+00 1.70182085e+00
  3.99940467e+00 3.11129630e-01 6.29371548e+00 1.18224776e+00]]