[[3.41822600e+00 2.14341545e+00 1.28755963e+00 0.00000000e+00
  1.29314540e-02 9.72177792e+00 2.06982613e+00 9.79270160e-01
  3.32048845e+00 5.25747314e-02 3.36217880e-01 3.05591464e+00
  1.50546837e+00 4.53465223e-01 1.06706643e+00 9.78870630e-01
  3.17140788e-01 1.14326321e-01 5.71850300e-01 9.16510296e+00
  3.45577478e+00 7.95661163e+00 4.81902301e-01 1.21105595e+01
  4.70250957e-02 2.19470406e+00 4.64968026e-01 9.05690730e-01
  1.83428228e+00 3.61798733e-01 6.24430366e-02 4.37597132e+00
  2.04335377e-02 1.85410821e+00 1.65149301e-01 3.55774939e-01
  1.80919752e-01 1.73872694e-01 2.76273155e+00 1.07733288e+01
  6.69743919e+00 2.11131310e+00 3.66332412e-01 6.00898647e+00
  3.81471127e-01 7.17375100e-01 2.58505487e+00 5.16825056e+00
  4.74680364e-01 7.94105470e-01 5.48396587e-01 3.85593462e+00
  2.20288920e+00 7.40055293e-02 2.19803190e+00 3.70493555e+00
  4.20762420e-01 3.47634363e+00 2.16157103e+00 2.41210365e+00
  4.85907555e+00 2.32241526e-01 7.16157770e+00 5.05915689e+00
  0.00000000e+00 5.27230501e-01 6.90016210e-01 1.05303693e+00
  3.15666199e+00 4.47828484e+00 7.76759565e-01 1.14323282e+01
  2.87725830e+00 6.19681168e+00 4.44616288e-01 1.03113413e+00
  0.00000000e+00 4.34438586e-01 1.03828561e+00 1.03098714e+00
  8.07863474e-02 7.28249192e-01 1.06272422e-01 2.28433628e-02
  1.03366792e+00 2.50674605e+00 1.77788222e+00 3.24612713e+00
  8.89812648e-01 0.00000000e+00 1.61475885e+00 3.08161378e-01
  2.35010338e+00 3.09913731e+00 2.50356853e-01 2.01662779e+00
  0.00000000e+00 2.54177117e+00 1.92989588e-01 8.94123840e+00
  2.50197434e+00 2.88289976e+00 1.99844990e+01 2.41429657e-01
  6.89284039e+00 2.40734553e+00 5.25471735e+00 9.24212992e-01
  2.39536119e+00 3.32410073e+00 1.22578490e+00 2.01636553e-01
  3.00555921e+00 6.90660763e+00 5.09112883e+00 1.28481328e+00
  1.10306978e+01 6.62095261e+00 3.66630912e-01 1.94210851e+00
  8.06918383e-01 9.39372182e-01 2.12678027e+00 1.28905618e+00
  3.92697692e-01 7.36129582e-01 1.64719439e+00 0.00000000e+00
  0.00000000e+00 1.87948513e+01 8.08163226e-01 8.92254889e-01
  5.24622536e+00 0.00000000e+00 3.49152517e+00 3.08853555e+00
  7.43084788e-01 2.75466299e+00 2.80864906e+00 1.13296385e+01
  0.00000000e+00 1.04858160e+00 1.22783855e-01 5.00572395e+00
  1.52608252e+00 4.50340509e+00 2.23425007e+00 1.05656755e+00
  5.84737301e-01 1.92481554e+00 1.20082264e+01 1.47441566e-01
  5.11534475e-02 1.11124969e+00 4.82330084e+00 6.07347059e+00
  2.26469755e+00 2.10729480e+00 8.52016687e-01 1.20102823e+00
  4.30449772e+00 2.81613141e-01 3.35946059e+00 0.00000000e+00
  8.33961666e-01 0.00000000e+00 2.78975368e-01 4.85703850e+00
  3.54889154e+00 3.03340364e+00 5.91587114e+00 6.50773668e+00
  1.63650167e+00 3.07880551e-01 9.34778154e-02 2.01243877e+00
  0.00000000e+00 3.17290044e+00 8.87480354e+00 8.42998314e+00
  2.40152454e+00 0.00000000e+00 9.02059650e+00 7.55172968e-01
  9.86165330e-02 1.05430700e-01 8.80847931e+00 1.56487787e+00
  3.32765174e+00 8.65178943e-01 5.20485830e+00 0.00000000e+00
  1.14620432e-01 2.29328346e+01 0.00000000e+00 4.41620493e+00
  2.75190592e-01 3.42838120e+00 5.00387967e-01 1.39835501e+00
  3.36104417e+00 4.81718016e+00 0.00000000e+00 6.08453751e-02
  5.51350975e+00 2.84311628e+00 2.40712786e+00 3.42776990e+00
  1.26618028e+00 4.94671392e+00 2.29396653e+00 7.78732002e-01
  6.97536860e-03 2.64188433e+00 9.69849300e+00 1.85882533e+00
  8.34844208e+00 0.00000000e+00 1.04767573e+00 1.61019242e+00
  1.51929331e+00 5.89038551e-01 5.83640575e+00 1.13547814e+00
  1.05213773e+00 5.71361446e+00 2.26242852e+00 5.33508062e+00
  3.74600053e-01 1.17231083e+00 3.04168296e+00 6.70452738e+00
  2.09022856e+00 5.76979446e+00 4.26093912e+00 5.25952721e+00
  7.00934267e+00 1.73744905e+00 6.47184849e+00 4.20427084e+00
  7.26391852e-01 0.00000000e+00 4.73218822e+00 4.24063826e+00
  1.25391495e+00 5.22440767e+00 6.03626347e+00 3.62436152e+00
  1.69857824e+00 9.03809309e-01 1.70255530e+00 1.59067214e-01
  1.56847700e-01 1.25565183e+00 3.70566416e+00 0.00000000e+00
  7.98187792e-01 1.48507011e+00 3.99788499e+00 4.15251292e-02
  1.70366681e+00 0.00000000e+00 4.37351322e+00 1.69807577e+00
  2.82302165e+00 9.17619050e-01 9.73799229e+00 5.60021830e+00
  8.26115131e+00 4.69858932e+00 8.01901519e-01 1.21055186e+00
  1.58921313e+00 2.20229721e+00 5.23207045e+00 1.99086547e+00
  1.82834864e+00 1.15858448e+00 4.08183634e-01 2.04722166e+00
  5.60580635e+00 1.58332300e+00 8.94911766e+00 3.82525504e-01
  3.69670630e+00 0.00000000e+00 5.56305122e+00 5.51677346e-01
  2.46069336e+00 5.09210348e+00 1.71136940e+00 4.39355278e+00
  7.33071327e-01 6.44051361e+00 1.47367966e+00 1.31380045e+00
  1.28004038e+00 2.49594307e+00 2.96704435e+00 1.74353278e+00
  7.03716707e+00 2.99749923e+00 1.56117976e+00 3.81244493e+00
  4.35636677e-02 1.01365113e+00 2.01454997e+00 8.38235438e-01
  4.98323798e-01 4.02092314e+00 1.38360009e-01 1.01933153e-02
  2.97885013e+00 2.58197129e-01 5.53046608e+00 1.21637678e+00
  8.37309647e+00 7.69901085e+00 4.22392988e+00 4.67396307e+00
  7.41642416e-01 1.23669982e+00 5.38119316e-01 1.30407488e+00
  4.32516307e-01 1.19434941e+00 1.41756546e+00 1.57374069e-01
  5.33984232e+00 2.36831021e+00 8.09719190e-02 7.57695484e+00
  6.86797798e-01 2.57040828e-01 4.69434929e+00 1.53256071e+00
  1.70712519e+00 4.33066666e-01 2.66441345e+00 1.37010586e+00
  5.20489168e+00 6.75895363e-02 0.00000000e+00 8.01229954e-01
  2.81976193e-01 3.76440263e+00 3.28637218e+00 1.42228723e-01
  2.06676796e-01 4.50067520e+00 0.00000000e+00 3.38747239e+00
  0.00000000e+00 2.94125891e+00 2.85592318e+00 0.00000000e+00
  3.66683626e+00 3.38267517e+00 1.38748896e+00 2.51252007e+00
  7.58672142e+00 3.13042831e+00 3.61791682e+00 2.96082282e+00
  6.37980318e+00 5.01774430e-01 8.49286747e+00 3.58214283e+00
  1.88231623e+00 2.34079719e+00 2.54284668e+00 2.83778858e+00
  0.00000000e+00 1.36925793e+00 1.34992564e+00 3.56020063e-01
  8.37815523e-01 7.06695557e-01 3.99843240e+00 1.40689230e+00
  7.07639170e+00 1.70669949e+00 4.60113573e+00 8.86487103e+00
  5.49184990e+00 2.10296154e+00 1.62825727e+00 4.96176302e-01
  4.25460726e-01 3.04800940e+00 1.18571854e+00 5.22606182e+00
  4.28128290e+00 5.10746098e+00 2.64196992e-01 1.90136552e+00
  1.69362986e+00 5.77384830e-01 1.49620509e+00 1.00100970e+00
  4.06898355e+00 9.32173347e+00 1.27393217e+01 4.99556637e+00
  3.02774525e+00 7.06838593e-02 8.77016485e-01 1.84688365e+00
  3.26222944e+00 1.35609159e+01 6.86261034e+00 6.21206284e-01
  5.86741507e-01 9.26487446e-01 1.67307138e+00 2.87514448e+00
  8.06998968e-01 2.91108322e+00 1.22149265e+00 2.95282865e+00
  4.42997265e+00 1.49272776e+00 2.00942349e+00 7.93920326e+00
  9.98467267e-01 3.56642556e+00 1.82809973e+00 4.25227499e+00
  6.10016632e+00 2.80074263e+00 1.15324097e+01 2.71983171e+00
  1.11509740e+00 6.52702391e-01 2.49261713e+00 1.25227299e+01
  1.71260953e+00 2.94981575e+00 3.23863268e-01 1.78632557e+00
  0.00000000e+00 2.10884118e+00 0.00000000e+00 2.77903676e+00
  1.90766983e+01 2.12592125e+00 6.56778193e+00 6.83189392e-01
  2.35802126e+00 1.54960072e+00 1.96199954e+00 9.72568607e+00
  2.93080568e+00 2.87110019e+00 3.11385798e+00 1.79354775e+00
  2.70047951e+00 2.19523692e+00 8.38288292e-02 1.80742779e+01
  3.24193478e-01 4.65460777e+00 4.44395590e+00 1.85674739e+00
  0.00000000e+00 4.33920801e-01 8.09200954e+00 2.05380321e+00
  1.95274830e+00 1.11007011e+00 3.27003670e+00 0.00000000e+00
  6.72734797e-01 8.54978561e+00 3.80750060e-01 1.13408875e+00
  8.17640245e-01 4.48415947e+00 1.36812270e+00 1.65752038e-01
  5.69256544e-01 2.51122975e+00 3.72555017e-01 1.23632324e+00
  1.75112510e+00 1.44672108e+00 5.03263855e+00 1.54245293e+00
  2.75685596e+00 1.46545935e+00 2.95932126e+00 0.00000000e+00
  1.18053937e+00 2.76810217e+00 2.78702646e-01 1.45316982e+00
  1.42752901e-01 6.08138204e-01 2.96598729e-02 1.92096257e+00
  1.46907063e+01 7.02244222e-01 2.13245106e+00 1.84161437e+00
  3.86728954e+00 1.18152177e+00 6.45108652e+00 3.21922779e+00
  8.56134236e-01 3.51707727e-01 2.21056581e+00 2.49927491e-02]]