[[4.17469358e+00 3.65086651e+00 8.31905460e+00 9.77033794e-01
  3.17837143e+00 1.36251307e+00 3.38425112e+00 0.00000000e+00
  1.06942809e+00 2.84539151e+00 1.92215872e+00 4.48842478e+00
  3.50128150e+00 3.03329539e+00 1.02115822e+00 1.92812815e-01
  2.10154533e+00 3.74517083e-01 1.09538901e+00 7.85975873e-01
  0.00000000e+00 1.35851133e+00 3.85003686e+00 3.82977796e+00
  8.31378028e-02 9.76804256e-01 4.25310898e+00 1.16919031e+01
  1.51484561e+00 2.04820013e+00 3.70662183e-01 1.67105985e+00
  1.49118483e+00 1.51734626e+00 1.29991875e+01 7.38675952e-01
  2.19464093e-01 4.57532853e-01 3.32734871e+00 3.04772329e+00
  2.21860433e+00 1.94218946e+00 5.42802477e+00 1.43571186e+00
  2.66640019e+00 0.00000000e+00 1.47769201e+00 1.61280438e-01
  7.41936255e+00 1.70188916e+00 1.31854260e+00 5.04378462e+00
  4.93579674e+00 4.78390884e+00 2.21101213e+00 2.55080581e+00
  7.94910622e+00 7.34373689e-01 7.97828078e-01 3.93877077e+00
  4.28089523e+00 4.43410921e+00 7.30573940e+00 1.97406912e+00
  1.92368174e+00 5.03540754e+00 2.51030469e+00 1.55208063e+00
  4.53453541e+00 2.06125426e+00 3.90446687e+00 1.47943771e+00
  1.87665141e+00 6.14086771e+00 1.45781040e+00 4.03125095e+00
  3.15111160e+00 6.50016308e+00 9.10049617e-01 4.30053234e+00
  3.65785331e-01 1.99045551e+00 2.84294510e+00 6.55196333e+00
  1.19788733e+01 5.69831181e+00 2.88242269e+00 9.22350049e-01
  6.73191595e+00 2.95770097e+00 2.99501133e+00 9.01750624e-01
  0.00000000e+00 3.79924726e+00 1.28151731e+01 4.26072693e+00
  5.39030600e+00 1.34728324e+00 1.82191610e-01 3.92017913e+00
  1.29276526e+00 1.18248224e+00 5.32286739e+00 1.03083408e+00
  7.76384950e-01 2.41325665e+00 3.92797351e+00 2.55029631e+00
  5.35114586e-01 6.15144682e+00 4.58939582e-01 8.12405646e-01
  8.13312769e-01 4.62472647e-01 6.94212437e-01 2.47501349e+00
  7.25280905e+00 9.09600496e-01 1.76681304e+00 8.96003008e-01
  2.49583513e-01 3.85778934e-01 0.00000000e+00 4.27547312e+00
  0.00000000e+00 9.90472698e+00 4.05294037e+00 9.39900160e-01
  4.24298257e-01 5.85347366e+00 2.83618474e+00 2.05987549e+00
  2.69415283e+00 3.18379283e+00 3.05608130e+00 3.75137329e+00
  1.12581670e+00 4.20863008e+00 0.00000000e+00 1.72216237e-01
  5.37503421e-01 3.04045415e+00 7.13577223e+00 2.50900841e+00
  3.29351693e-01 1.24555087e+00 6.39057338e-01 4.19109613e-01
  2.65584397e+00 4.16803360e+00 4.99146432e-01 1.98499737e+01
  1.43867171e+00 2.62168288e+00 3.63016868e+00 5.13893223e+00
  4.46695536e-01 7.06327483e-02 3.75591087e+00 7.53843451e+00
  3.26231909e+00 1.76756644e+00 1.63609529e+00 1.15220623e+01
  2.77947688e+00 1.76982731e-01 4.32301581e-01 2.12015659e-01
  1.46320820e+00 1.09745789e+00 6.22132587e+00 7.03567922e-01
  7.72787750e-01 1.08215895e+01 2.22341156e+00 2.48341417e+00
  3.21245956e+00 0.00000000e+00 5.06001472e+00 1.62114525e+00
  1.38400659e-01 2.19710135e+00 4.41279316e+00 4.66831493e+00
  1.25310898e-01 7.76032031e-01 3.48406053e+00 1.60834342e-01
  2.44147730e+00 6.93318665e-01 4.79961306e-01 2.22026899e-01
  3.89838767e+00 3.84308791e+00 1.53206110e+00 2.23539906e+01
  1.58961701e+00 2.68202305e+00 0.00000000e+00 7.18929625e+00
  4.50225639e+00 6.19223833e-01 0.00000000e+00 3.49408770e+00
  2.40579271e+00 3.62154722e+00 1.86737195e-01 5.72234726e+00
  1.28453386e+00 3.14913917e+00 3.51923734e-01 9.09025609e-01
  4.42430449e+00 1.46647334e+00 8.75045359e-02 6.32743657e-01
  2.17049170e+00 1.81643593e+00 1.36473048e+00 2.29205656e+00
  4.82036304e+00 6.62164986e-01 4.00703478e+00 3.23486543e+00
  2.47345233e+00 2.02413011e+00 4.02100849e+00 1.46792507e+00
  4.86382198e+00 6.87061930e+00 1.22581840e+00 1.03387010e+00
  2.85159647e-01 6.34837076e-02 5.24999760e-02 2.42955351e+00
  3.49740505e+00 1.14101827e+00 3.25165844e+00 5.07864189e+00
  3.30393171e+00 2.17023563e+00 4.18926859e+00 7.68355846e+00
  7.59562612e-01 4.06876659e+00 1.05328071e+00 8.11265278e+00
  3.73369426e-01 2.58611336e+01 2.86622310e+00 2.69572854e+00
  0.00000000e+00 4.57156134e+00 8.51046085e+00 2.81895566e+00
  2.48526168e+00 3.19853377e+00 2.37337947e+00 1.85627341e+00
  7.61378229e-01 3.12206101e+00 1.75054824e+00 7.78535843e+00
  1.91774106e+00 1.11767486e-01 6.00013781e+00 2.70837021e+00
  4.52367067e+00 3.56703186e+00 1.80041301e+00 4.71663713e+00
  4.70748425e+00 4.11961412e+00 2.79189491e+00 2.34915376e-01
  1.87234592e+00 1.33571377e+01 3.85947967e+00 1.86679387e+00
  8.74906445e+00 6.42745924e+00 4.30663204e+00 3.66924572e+00
  3.22991014e-02 0.00000000e+00 2.53509331e+00 6.63943911e+00
  2.33531022e+00 2.57037735e+00 1.25585437e+00 1.04705751e-01
  6.84268892e-01 1.80427241e+00 4.82878351e+00 3.86637902e+00
  3.24847758e-01 1.75169742e+00 0.00000000e+00 1.86551493e-02
  1.80593562e+00 0.00000000e+00 1.77332821e+01 7.53794890e-03
  1.43194818e+00 7.45211542e-01 7.06542730e+00 1.85411847e+00
  4.65479106e-01 2.11818933e+00 5.09992123e+00 3.85002470e+00
  1.29582500e+00 4.19272089e+00 0.00000000e+00 2.62253642e+00
  1.53301227e+00 7.09452724e+00 4.03210783e+00 3.94488859e+00
  6.93710899e+00 5.58727264e+00 1.15354002e+00 1.38530874e+00
  8.78056717e+00 1.89984298e+00 5.87316322e+00 1.47149563e+00
  3.27743912e+00 6.56050205e-01 6.19776154e+00 7.47402012e-02
  0.00000000e+00 1.60174763e+00 1.85274184e+00 6.92955256e+00
  3.51207185e+00 4.49186277e+00 9.05077744e+00 1.24906099e+00
  3.52162743e+00 5.49853683e-01 8.56467560e-02 2.83040673e-01
  3.40463281e+00 2.36280227e+00 7.47536039e+00 5.37529039e+00
  5.79852438e+00 7.25606263e-01 1.10931277e+00 1.38924563e+00
  9.64920580e-01 3.11714149e+00 6.10197008e-01 1.63886321e+00
  1.36410928e+00 2.13398910e+00 2.32333112e+00 4.20786476e+00
  5.42362499e+00 0.00000000e+00 2.69333154e-01 6.12845993e+00
  6.12942934e+00 3.85551667e+00 8.88543248e-01 1.06843245e+00
  4.93651889e-02 1.26378498e+01 4.95633221e+00 7.36319721e-01
  1.85657561e+00 8.52733552e-02 5.33877373e+00 4.71464038e-01
  2.58751988e+00 5.85940242e-01 4.79190159e+00 1.48107517e+00
  2.92704082e+00 9.55606937e-01 1.32556200e+01 2.01393723e+00
  5.41837835e+00 1.09273565e+00 7.84342384e+00 1.75965595e+00
  2.28321925e-01 9.13238108e-01 1.23502946e+00 2.78038144e+00
  3.09122038e+00 1.57770896e+00 4.43739563e-01 1.13590944e+00
  1.24359775e+00 1.74887645e+00 7.92465639e+00 3.14962983e+00
  7.42500162e+00 1.17458725e+00 1.29630834e-01 4.12859774e+00
  2.76834583e+00 4.23968363e+00 4.68048239e+00 3.69306850e+00
  1.30595818e-01 0.00000000e+00 6.46757555e+00 4.88550377e+00
  1.81045532e-01 0.00000000e+00 2.69060779e+00 4.05006647e+00
  1.58425927e-01 5.97241879e+00 1.45478976e+00 1.22272193e+00
  6.74366236e-01 3.57576460e-01 1.40752733e+00 3.67697167e+00
  2.23408222e+00 3.74714565e+00 2.06377435e+00 1.74584866e+00
  6.04044318e-01 4.41484547e+00 1.37028635e-01 3.80484176e+00
  3.81603599e+00 6.16704750e+00 0.00000000e+00 5.68993211e-01
  4.03228951e+00 2.96396971e+00 1.71034741e+00 4.32224894e+00
  4.63828897e+00 3.47818017e+00 5.39482892e-01 2.78900456e+00
  2.28090000e+00 4.00040388e+00 1.24249086e-02 7.91451991e-01
  3.87602150e-01 1.36707449e+00 1.45980823e+00 3.82899284e+00
  7.89939642e+00 2.85825944e+00 2.57136464e+00 1.03680961e-01
  8.02836227e+00 1.98446143e+00 2.23811245e+00 4.16096735e+00
  3.08932453e-01 3.22123313e+00 0.00000000e+00 5.33671260e-01
  0.00000000e+00 7.60141754e+00 1.58995140e+00 2.18533468e+00
  1.15783536e+00 5.51272011e+00 5.35999954e-01 1.06378090e+00
  1.44004607e+00 3.06785607e+00 0.00000000e+00 2.61696076e+00
  1.26014214e+01 4.43899035e-01 8.18489838e+00 5.34123993e+00
  3.66704226e+00 4.44331694e+00 7.46641457e-01 1.04539728e+00
  1.49204469e+00 1.93537605e+00 0.00000000e+00 0.00000000e+00
  1.06895959e+00 3.72404361e+00 5.73870420e-01 8.10071945e+00
  1.13654947e+00 4.85838175e+00 1.52610149e+01 7.46543884e-01
  9.65430379e-01 6.32853985e+00 2.17160463e+00 5.49274921e-01
  6.32116652e+00 1.51296139e+00 2.38459182e+00 7.76557207e+00
  1.32023072e+00 1.45763588e+00 3.39379287e+00 2.70963311e-01
  4.68166113e+00 4.10919428e-01 5.83857203e+00 2.08301473e+00]]