[[1.75691113e-01 2.68504214e+00 3.51651573e+00 9.46340442e-01
  4.74957615e-01 1.59740651e+00 4.87672806e+00 1.16144919e+00
  1.56313968e+00 1.07792032e+00 4.60354900e+00 1.51175987e-02
  1.26880720e-01 3.02699417e-01 1.63717151e-01 4.97020632e-01
  2.30810022e+00 8.28157485e-01 4.45478153e+00 4.63148737e+00
  5.74386179e-01 1.04320920e+00 3.16641307e+00 9.80132580e-01
  1.54099178e+00 2.88672066e+00 1.38687539e+00 1.81006634e+00
  1.05632937e+00 8.00414622e-01 3.88803124e+00 3.83767873e-01
  2.75037557e-01 2.20111823e+00 1.02840395e+01 5.60745180e-01
  3.55438757e+00 7.79396117e-01 4.38246822e+00 1.29523659e+00
  4.13034856e-01 3.28643799e+00 0.00000000e+00 1.31596231e+00
  5.48856497e-01 1.29296207e+00 1.01801527e+00 4.78914261e-01
  3.24282718e+00 2.05026884e-02 4.07278156e+00 4.70169449e+00
  4.78939474e-01 5.33308077e+00 2.62298751e+00 1.23603666e+00
  1.54488111e+00 8.84726882e-01 0.00000000e+00 2.61699820e+00
  1.26925337e+00 4.22216654e+00 5.51204634e+00 4.67253971e+00
  1.92702293e+00 4.54680824e+00 0.00000000e+00 1.79811943e+00
  1.28169075e-01 4.85890198e+00 1.47084932e+01 1.53846651e-01
  2.51356220e+00 2.26387310e+00 1.26860654e+00 3.27636003e+00
  5.19488871e-01 4.60290194e-01 5.00934899e-01 2.20978800e-02
  1.76590812e+00 3.90104987e-02 1.18371129e+00 2.72230411e+00
  4.51859331e+00 5.98284483e+00 0.00000000e+00 3.81644106e+00
  9.74459934e+00 1.63259774e-01 2.32793307e+00 6.05320835e+00
  6.64373279e-01 1.34516907e+00 6.96634340e+00 2.50210452e+00
  3.70760608e+00 1.02784598e+00 7.80548286e+00 3.35894871e+00
  0.00000000e+00 3.86272520e-01 2.73405647e+00 1.76361644e+00
  1.52196839e-01 2.10815623e-01 2.69059747e-01 5.16551447e+00
  1.29986668e+00 1.19066072e+00 4.54854608e-01 2.26387954e+00
  1.20606780e+00 3.16925138e-01 3.65932798e+00 2.65180618e-01
  3.50041819e+00 1.00100267e+00 5.79682171e-01 1.69797853e-01
  6.61926317e+00 2.03230858e+00 1.76540837e-01 4.65112257e+00
  1.93339705e-01 2.10705042e+00 1.24514556e+00 8.72909576e-02
  6.15577126e+00 1.78438454e+01 1.62308288e+00 4.29801852e-01
  9.92326260e+00 1.49290061e+00 2.95423627e-01 8.60467052e+00
  7.62578154e+00 3.74764490e+00 4.14942265e+00 6.36376023e-01
  2.08867931e+00 2.38162732e+00 2.78286636e-01 2.92464280e+00
  1.03935540e+00 8.39858830e-01 5.48568666e-01 7.01615572e-01
  1.73159170e+00 1.45717478e+00 0.00000000e+00 1.15830164e+01
  1.35600317e+00 6.69164562e+00 0.00000000e+00 1.27264881e+00
  5.69860399e-01 1.75051677e+00 6.80416346e-01 4.19743156e+00
  3.00672221e+00 1.05332062e-02 1.11792171e+00 1.57991683e+00
  4.43254089e+00 1.64202070e+00 2.81436467e+00 4.02520776e-01
  9.40935969e-01 2.77315229e-01 6.39756918e+00 1.87356383e-01
  4.26139259e+00 1.18405266e+01 1.16614096e-01 1.02438414e+00
  5.97006008e-02 5.64130247e-01 9.20599461e+00 2.08043075e+00
  4.65643138e-01 7.58428216e-01 2.88280034e+00 0.00000000e+00
  1.56640065e+00 1.15323842e-01 1.87223762e-01 0.00000000e+00
  2.20083284e+00 1.69117701e+00 1.92558020e-01 6.06638551e-01
  2.26043034e+00 1.65944362e+00 9.42716503e+00 1.04828053e+01
  3.03091645e-01 6.13337696e-01 1.77916217e+00 2.73342162e-01
  2.48083735e+00 1.23481977e+00 2.64281213e-01 3.08424783e+00
  3.35888952e-01 1.56659937e+00 0.00000000e+00 1.77908111e+00
  6.53217584e-02 3.98305869e+00 0.00000000e+00 1.55964661e+00
  7.40243718e-02 3.30224609e+00 6.53936100e+00 5.08609247e+00
  6.11306846e-01 8.55975226e-02 1.60600317e+00 9.01170611e-01
  0.00000000e+00 0.00000000e+00 3.94940186e+00 9.81781602e-01
  2.62607741e+00 5.05999565e-01 1.86336756e+00 3.21660590e+00
  1.23679578e+00 4.24361658e+00 5.51524282e-01 1.26765144e+00
  2.66008592e+00 3.23193222e-01 5.32625735e-01 2.36465454e+00
  1.67422175e+00 2.75169754e+00 4.76247120e+00 7.26136208e-01
  9.99054909e-01 4.83624101e-01 5.33328676e+00 3.86694241e+00
  2.17700958e-01 6.90653944e+00 1.45963693e+00 1.24038935e+00
  9.50326800e-01 1.22052412e+01 2.01645494e+00 2.98254550e-01
  3.08231473e+00 9.67946720e+00 6.02961349e+00 0.00000000e+00
  1.13630509e+00 2.51109052e+00 4.17109776e+00 9.29254219e-02
  7.64248991e+00 2.30866647e+00 4.01995599e-01 7.41970763e-02
  5.36710620e-01 2.08861604e-01 3.21335149e+00 3.17998385e+00
  3.01405001e+00 2.11467218e+00 1.08777094e+00 1.33981705e-01
  7.13762224e-01 2.91404438e+00 9.74695146e-01 5.27674973e-01
  4.28578091e+00 5.24131298e+00 1.84438777e+00 3.05971563e-01
  1.17626505e+01 7.61271143e+00 7.10818148e+00 2.76358396e-01
  2.31387019e+00 3.65296081e-02 1.16657190e+01 2.73333144e+00
  6.87410927e+00 3.69895554e+00 4.92100686e-01 3.78323603e+00
  1.31715035e+00 1.07718897e+00 2.90439177e+00 7.25234365e+00
  0.00000000e+00 5.91796994e-01 5.89793324e-01 1.65343732e-01
  5.87226772e+00 1.84360242e+00 5.31797314e+00 3.36337328e-01
  8.94390803e-04 3.44249916e+00 8.58501053e+00 3.73501182e+00
  2.20940933e-02 1.02571380e+00 5.07372665e+00 2.24431539e+00
  3.10328507e+00 1.81555653e+00 3.33727694e+00 3.22322822e+00
  8.58585417e-01 8.63900185e+00 1.12682819e+00 8.42458785e-01
  1.59255636e+00 3.55969548e+00 2.92852283e+00 4.05061483e+00
  4.88751984e+00 1.80238988e-02 4.93772507e+00 6.52695179e-01
  0.00000000e+00 1.63857833e-01 3.88643932e+00 1.76868296e+00
  2.55034876e+00 1.15517724e+00 4.80491877e+00 3.25861275e-01
  2.26429775e-02 9.75942993e+00 2.95093250e+00 5.07090998e+00
  5.20786572e+00 3.39675367e-01 1.09955919e+00 3.49892765e-01
  2.71177077e+00 1.71525729e+00 9.09924984e+00 1.28071856e+00
  7.11809099e-01 3.28115630e+00 2.61876076e-01 0.00000000e+00
  7.40787268e-01 3.08813167e+00 1.20933568e+00 7.93633237e-02
  5.12967348e-01 2.86843967e+00 0.00000000e+00 2.81979036e+00
  1.01709929e+01 5.90702832e-01 8.61096680e-02 1.68174699e-01
  2.84651709e+00 0.00000000e+00 7.21582365e+00 0.00000000e+00
  8.49889278e-01 4.51023817e+00 1.44178772e+00 2.64863896e+00
  8.31104517e-01 1.43784237e+00 2.97882110e-01 3.00363272e-01
  1.35486853e+00 3.30556655e+00 1.86997533e-01 4.67560291e+00
  6.86408043e+00 2.48315859e+00 3.11708879e+00 4.69802245e-02
  1.03047147e-01 1.09122944e+00 4.25097138e-01 3.54423039e-02
  1.83712375e+00 7.46168077e-01 1.69897151e+00 1.83163452e+00
  2.05766296e+00 1.96846294e+00 1.51043224e+00 7.22739771e-02
  9.20469999e-01 2.61900425e-01 7.29586649e+00 1.29971579e-01
  2.70721412e+00 2.14643288e+00 5.57490301e+00 1.81972265e+00
  5.35656309e+00 2.93738097e-01 1.90103590e+00 2.73901033e+00
  1.45886475e-02 7.23870039e-01 1.24765992e+00 1.55032611e+00
  1.85947406e+00 9.33883381e+00 4.50407791e+00 1.34392285e+00
  5.71755171e-01 4.65662766e+00 5.05416298e+00 1.66862142e+00
  3.86959410e+00 3.15255262e-02 2.69271469e+00 6.81338787e-01
  4.24214564e-02 1.67090237e+00 8.83024633e-01 2.66924214e+00
  2.15181231e+00 5.08683968e+00 1.72421324e+00 3.84806037e-01
  6.74447060e-01 4.45975113e+00 4.49742168e-01 7.64134675e-02
  2.57762408e+00 4.51511621e-01 4.76870574e-02 3.77115870e+00
  8.87217641e-01 2.26235986e+00 0.00000000e+00 1.90270936e+00
  5.23751879e+00 8.76376808e-01 3.53138256e+00 2.21388316e+00
  0.00000000e+00 5.06811798e-01 1.52735174e+00 2.28219271e+00
  2.20592165e+00 2.89843178e+00 4.90916967e+00 9.83539820e-02
  1.90995083e+01 2.53257179e+00 5.17536163e-01 8.84555817e+00
  0.00000000e+00 3.77596664e+00 7.61646330e-02 4.33019257e+00
  0.00000000e+00 3.70933437e+00 1.39657426e+00 3.12088203e+00
  3.65856338e+00 3.60021591e+00 4.56475675e-01 6.60611838e-02
  0.00000000e+00 4.40539074e+00 2.33542037e+00 2.29355526e+00
  1.49375033e-02 3.47659975e-01 6.22627401e+00 0.00000000e+00
  3.55146796e-01 1.85856378e+00 1.53242958e+00 3.97998667e+00
  1.75099239e-01 1.09582976e-01 1.42897010e-01 1.08864188e-01
  3.82329285e-01 3.94866729e+00 2.39402151e+00 5.45274615e-01
  4.17280793e-01 0.00000000e+00 2.50266016e-01 4.22356129e+00
  1.41114521e+00 7.34131622e+00 2.67199016e+00 3.96404654e-01
  9.52097893e+00 3.04569215e-01 3.39343213e-02 1.57742247e-01
  1.27649724e+00 2.26291728e+00 9.57940698e-01 7.13429213e+00
  9.15719807e-01 1.29364347e+00 4.02782774e+00 3.32878605e-02]]