[[8.1949288e-01 6.8778896e-01 9.2730337e-01 1.5108290e-01 2.1045633e-01
  7.3805718e+00 5.2180538e+00 8.7262364e-03 3.1458747e+00 1.2458857e+00
  2.9624572e+00 2.1254494e+00 1.1136514e+00 2.8696094e+00 8.2960570e-01
  2.2578542e+00 1.4475346e+00 1.2244129e+00 0.0000000e+00 2.6096482e+00
  4.4355753e-01 7.9596624e+00 3.4680350e+00 6.0949121e+00 5.3409570e-01
  4.4043245e+00 3.7406623e+00 1.0343393e+00 2.6191711e+00 0.0000000e+00
  3.3709770e-01 8.3859754e-01 1.6977025e+00 3.6873891e+00 1.2128122e+00
  6.1160040e+00 7.1581774e+00 0.0000000e+00 2.7894051e+00 2.9412568e+00
  1.2409168e+01 9.6549612e-01 3.3855608e-01 3.6264310e+00 4.4720963e-02
  0.0000000e+00 3.3044252e+00 4.6597520e-01 3.3965456e+00 1.4550096e+00
  3.8782555e-01 2.2258036e+00 1.6371207e+00 2.9757947e-01 3.7810287e-01
  4.3145995e+00 1.6688786e+00 4.4692063e+00 2.5191188e+00 0.0000000e+00
  3.2645330e-01 1.5250224e+00 5.8424373e+00 3.5070040e+00 8.0730647e-01
  4.3093646e-01 8.8713580e-01 5.4697075e+00 3.5951204e+00 3.4188867e+00
  2.3348508e+00 1.4780177e+00 1.2925592e-01 2.5174649e+00 9.6745282e-01
  1.2025896e+00 5.0798219e-01 1.4735457e-01 7.7293450e-01 1.0530612e+00
  9.8755729e-01 4.7247944e+00 2.0727944e+00 2.5796531e-02 4.6209288e+00
  1.7828872e+00 5.6672746e-01 2.3739185e+00 4.7729659e+00 6.8422753e-01
  2.9818540e+00 1.6200451e+00 2.6698890e-01 1.0195430e+01 2.7298913e+00
  5.5379701e-01 1.9803625e-01 1.4199363e+00 2.0265572e+00 5.9603167e+00
  3.3284290e+00 0.0000000e+00 7.9644698e-01 5.8822246e+00 0.0000000e+00
  3.4850664e+00 1.7930508e+00 2.7959664e+00 7.4105877e-01 0.0000000e+00
  1.7760670e+00 1.7800101e+00 0.0000000e+00 3.8870575e+00 1.2520636e+00
  5.8899301e-01 3.9019125e+00 4.6501927e+00 1.0384264e+00 1.0783900e+00
  0.0000000e+00 1.2214384e+00 8.5734183e-01 5.8473964e+00 6.3601956e+00
  1.5245714e+00 5.6907105e+00 5.2034403e-03 4.1109548e+00 1.2959075e+01
  8.1648493e-01 4.5622683e-01 2.2648642e+00 3.5203463e-01 0.0000000e+00
  7.9842603e-01 6.4050429e-02 1.0284104e+00 3.1411133e+00 1.7739267e+00
  2.1001630e-01 1.3341695e+00 2.4607697e+00 7.3420362e+00 6.1874180e+00
  1.1971429e-01 5.4000831e+00 0.0000000e+00 3.1780469e+00 1.0301037e+00
  3.8766508e+00 6.7140269e-01 1.5732430e+00 1.0992976e-01 5.3395045e-01
  2.2918238e-01 3.8485095e-01 3.5254180e+00 0.0000000e+00 9.3756455e-01
  8.0002689e-01 8.9583826e-01 3.2460127e+00 7.4758327e-01 2.2607675e+00
  7.5480020e-01 5.0608116e-01 1.1858418e+00 6.0694102e-02 1.1825897e+00
  3.4126565e+00 7.7500677e-01 3.3684492e+00 4.0529699e+00 2.9231791e+00
  2.7591342e-01 3.5301933e-01 3.6439678e-01 6.9938884e+00 1.1328638e+00
  7.8116310e-01 1.4161789e-02 1.9551256e+00 2.4732773e-01 2.8873095e-01
  2.3589976e+00 7.5483809e+00 1.3754858e+00 2.7920170e+00 1.4912221e+00
  1.0908711e+00 0.0000000e+00 2.4176395e+00 6.1449728e+00 2.7329724e+00
  1.2739534e+00 5.3940171e-01 1.1641155e+00 3.8455303e+00 4.3273751e-02
  3.1016762e+00 0.0000000e+00 6.7335898e-01 8.7978965e-01 2.3946056e+00
  1.3205529e+00 5.3882021e-01 7.6431880e+00 7.7990180e-01 3.5859375e+00
  4.8529935e-01 6.9901711e-01 1.6022592e+00 3.7252679e+00 1.8214753e+00
  0.0000000e+00 6.3690744e-02 2.3020802e+00 7.6558197e-01 1.4406508e+00
  9.0634799e-01 9.0271416e+00 3.2344313e+00 9.5160437e-01 1.6107385e+00
  4.0014706e+00 9.6945620e-01 1.2567723e+00 8.7640667e-01 1.1948105e+00
  2.8958769e+00 2.2312176e+00 9.2033333e-01 2.9797322e-01 1.0468425e+00
  7.3532403e-01 2.6698929e-01 4.8366737e+00 4.0117890e-01 1.8165592e+00
  3.7432482e+00 2.9967909e+00 1.8627599e+00 2.2492297e+00 1.2358893e+00
  4.6334863e+00 7.8844743e+00 1.1152042e+00 1.4641646e+00 3.3966035e-01
  7.5535035e+00 1.8613465e+00 3.2758508e+00 4.2282718e-01 1.0393052e+00
  0.0000000e+00 8.0246276e-01 1.0294689e+00 1.8428441e+00 9.3820244e-02
  3.9203122e-01 1.7022853e+00 0.0000000e+00 9.3520182e-01 5.7859528e-01
  1.3117056e+00 2.1683240e+00 1.1804165e+00 7.6196628e+00 9.5109272e-01
  4.3043332e+00 2.9967999e+00 5.5695760e-01 1.4542845e-02 2.5925493e-01
  8.6939859e-01 5.3993464e+00 1.3451138e+00 1.0412691e+00 2.8498940e+00
  1.0760311e+00 1.6181886e+00 8.8789034e+00 7.0958716e-01 4.5310788e+00
  2.8886193e-01 3.0448627e+00 3.5042179e-01 2.1112483e+00 1.2710948e-01
  2.3352759e-01 8.7113523e-01 4.6992335e+00 4.8207517e+00 6.3746190e-01
  9.9781650e-01 2.5255156e-01 3.2751927e-01 8.2830049e-02 2.1031374e-01
  8.7072170e-01 1.3141476e+00 7.0119267e+00 1.5551157e+00 2.1484241e-01
  3.2362022e+00 2.4902465e+00 5.9933782e-01 3.5236782e-01 1.8084427e+00
  8.1613117e-01 6.2445790e-01 3.1412110e+00 4.9075130e-01 2.1471040e+00
  2.0226312e+00 2.2554410e+00 5.8463554e+00 4.1269412e+00 1.5577514e+00
  2.9794047e+00 4.0783892e+00 3.8927970e+00 5.8427495e-01 6.4449090e-01
  2.4121788e+00 4.5576034e+00 6.4460748e-01 0.0000000e+00 1.5064150e-01
  2.9634085e-01 2.8040559e+00 2.6960695e-01 8.3780801e-01 3.5062206e+00
  2.1612682e+00 1.7949460e+00 1.4844283e+00 4.5168090e+00 1.4402335e+00
  3.2494789e-01 4.4373693e+00 0.0000000e+00 1.8912481e-01 1.8797638e+00
  2.5616539e+00 6.0600123e+00 1.3566187e-01 2.5384734e+00 4.8882571e-01
  1.0856379e+00 4.1188774e+00 2.2956093e-01 3.2232589e-01 2.2441673e-01
  1.6472131e-01 3.3648527e+00 5.3393431e+00 6.2105203e-01 7.5265473e-01
  2.6771293e+00 0.0000000e+00 5.2706063e-01 6.8108630e-01 1.6101829e+00
  9.2254978e-01 1.0292864e+01 1.8399806e+00 9.4644420e-02 2.6211482e-02
  0.0000000e+00 1.0434142e+00 2.3749390e+00 8.1149936e-01 1.3238188e+00
  1.5629960e+00 9.8372924e-01 7.3403397e+00 6.1521602e-01 6.9850774e+00
  2.7382336e+00 2.2036965e+00 8.5564636e-02 2.7718151e+00 2.1170559e+00
  9.1481876e-01 2.5480549e+00 8.6366659e-01 6.5092564e-01 1.2703888e+00
  1.1497508e+00 7.6354140e-01 7.7589421e+00 2.7172917e-01 2.3136733e+00
  2.0205472e+00 3.8730292e+00 3.3475990e+00 7.7546339e+00 3.6556075e+00
  4.7638888e+00 1.0587161e+01 3.8658202e+00 4.2521510e+00 3.1386056e+00
  7.6520354e-01 1.1830573e-02 1.4370177e+00 0.0000000e+00 9.1677976e-01
  7.4338121e+00 1.1916078e+00 0.0000000e+00 1.7822343e+00 4.0324144e+00
  7.6806110e-01 0.0000000e+00 2.0855463e+00 3.4623557e-01 5.0240284e-01
  5.4439270e-01 1.3208282e-01 2.2401142e+00 6.7913499e+00 2.4197147e+00
  2.7113277e-03 1.0875086e+00 8.5034889e-01 1.4944676e+00 1.5159794e+00
  3.2048657e+00 1.3781394e-02 2.6234353e+00 8.3806205e-01 2.0010835e-01
  3.9419599e+00 4.5990691e+00 1.4226339e+00 8.0366254e-01 3.0281918e+00
  8.5253143e-01 3.9523560e-01 4.9089345e-01 6.4105401e+00 1.8275841e+00
  2.6727405e-01 1.4836131e+00 2.9165549e+00 0.0000000e+00 3.3911803e-01
  1.9228350e-01 2.1030214e+00 3.0650747e-01 3.0615284e+00 1.0730021e+01
  1.8509232e+00 2.0717337e+00 6.2750449e+00 1.3100529e+00 6.5618008e-01
  5.7487907e+00 1.8849957e+00 2.3023836e-02 1.8787175e-01 4.4587507e+00
  1.2562373e-01 4.4669381e-01 6.2203269e+00 1.0657556e+00 0.0000000e+00
  1.4499696e+00 6.8340522e-01 2.8848481e+00 4.3296046e+00 3.2085721e+00
  4.8207033e-01 5.1764860e-03 2.0288748e-01 2.2307077e-01 3.7043136e-01
  2.1569767e+00 9.9552274e-02 0.0000000e+00 1.8104110e+00 0.0000000e+00
  1.6727634e-01 2.4292839e+00 1.5110984e+00 3.8504755e-01 9.8959289e-02
  1.2967180e-01 2.1190519e+00 1.7322341e+00 1.8308750e+00 1.9352739e+00
  1.1282885e+00 2.1644809e+00 1.4798650e+01 0.0000000e+00 5.2593058e-01
  4.9575891e+00 2.4350534e-01 1.5261389e+00 1.3704321e-01 1.9938935e+00
  1.0782526e+00 7.2638550e+00 2.0963335e+00 1.1123710e+00 6.8262959e-01
  1.9153305e+00 2.4842942e+00]]