[[5.68367243e-01 4.35395861e+00 7.02561283e+00 0.00000000e+00
  7.33763790e+00 8.26522231e-01 1.67727489e+01 9.62542653e-01
  4.61512041e+00 5.18887281e+00 2.76979351e+00 9.50341821e-01
  1.00933921e+00 7.06320333e+00 0.00000000e+00 2.08501077e+00
  4.41812277e+00 8.67590845e-01 0.00000000e+00 3.80279946e+00
  4.25150126e-01 3.71380115e+00 1.00969754e-01 3.08920884e+00
  6.54256865e-02 5.63714790e+00 1.33514464e+00 1.04384985e+01
  1.60409439e+00 6.09122372e+00 1.30099654e+00 0.00000000e+00
  2.40515757e+00 3.18128228e+00 1.11639261e+00 4.24421951e-02
  9.93536115e-01 2.22091079e+00 4.60359955e+00 4.01651430e+00
  6.37522042e-01 1.42254103e-02 3.08591664e-01 5.22138071e+00
  8.52660462e-02 3.50138068e+00 2.16435790e+00 6.86170518e-01
  3.43565249e+00 1.02082026e+00 9.11286950e-01 3.97813511e+00
  0.00000000e+00 1.23858237e+00 1.84802902e+00 1.39760804e+00
  4.10630846e+00 4.65652132e+00 2.73643422e+00 0.00000000e+00
  1.83682001e+00 2.21164322e+00 4.64043474e+00 2.98086977e+00
  8.33992660e-02 4.17896080e+00 6.75233078e+00 8.20346642e+00
  3.32094598e+00 5.53310394e+00 2.47748852e+00 4.25402498e+00
  1.25982583e+00 3.00900078e+00 3.21010852e+00 2.54978490e+00
  2.06458664e+00 3.44885468e-01 0.00000000e+00 1.69117832e+00
  5.41041183e+00 8.49479854e-01 2.24532485e+00 3.86781311e+00
  1.06741543e+01 6.00605011e+00 0.00000000e+00 3.85853708e-01
  3.81346226e+00 1.85370982e+00 7.87187338e+00 7.88987255e+00
  5.37810981e-01 7.00793457e+00 1.45356607e+00 1.81836437e-03
  2.24782085e+00 3.62042332e+00 2.96729970e+00 7.07717323e+00
  1.88222557e-01 2.36270380e+00 5.05489254e+00 4.50552702e+00
  4.92865652e-01 8.70441496e-01 1.00782979e+00 7.54128098e-01
  3.56840444e+00 3.86687183e+00 4.34190464e+00 1.84786177e+00
  7.93342888e-01 8.72272491e+00 7.30749190e-01 2.91524082e-02
  7.05886364e+00 0.00000000e+00 1.31243229e+00 7.31024170e+00
  3.91346723e-01 1.77776527e+00 5.85915208e-01 1.28705816e+01
  1.46741951e+00 5.57257414e+00 3.32888389e+00 3.38652849e-01
  7.34189510e+00 8.59640217e+00 1.96052134e+00 2.54913044e+00
  4.33161163e+00 3.38914394e-01 1.51746535e+00 6.69502497e-01
  2.30162621e+00 4.46245050e+00 5.22102296e-01 2.58063340e+00
  7.35844672e-01 7.65223876e-02 4.34900427e+00 7.94098568e+00
  2.81807065e+00 3.54019314e-01 3.98389816e+00 1.96945637e-01
  1.27156079e+00 3.80227375e+00 0.00000000e+00 4.86573219e+00
  3.86841846e+00 5.37291288e-01 2.48690796e+00 1.74540424e+00
  1.96464074e+00 2.16778088e+00 1.30668890e+00 3.04451394e+00
  1.03415644e+00 5.20607567e+00 6.17869091e+00 3.46716315e-01
  7.78060722e+00 9.66546440e+00 1.09314036e+00 1.60671890e+00
  4.86236423e-01 6.38062143e+00 1.13097744e+01 1.75148511e+00
  1.85677278e+00 7.87278032e+00 1.57159126e+00 1.43599296e+00
  2.14471340e+00 0.00000000e+00 1.99998474e+01 1.60489845e+01
  1.36094785e+00 2.41078511e-01 3.81888866e+00 1.60205519e+00
  3.52335835e+00 2.08111334e+00 3.73158050e+00 3.45692372e+00
  2.96293640e+00 2.03574085e+00 5.30686903e+00 1.41234964e-01
  9.59449863e+00 8.49455452e+00 2.19602084e+00 2.09120917e+00
  1.53079581e+00 6.72552538e+00 1.88024640e+00 0.00000000e+00
  3.07289004e+00 0.00000000e+00 3.80547673e-01 2.11931205e+00
  8.49223328e+00 3.38819289e+00 1.76213884e+00 2.90484309e+00
  4.66125965e-01 3.07250595e+00 3.59119987e+00 2.81595492e+00
  1.50068831e+00 2.35762405e+00 9.32467341e-01 0.00000000e+00
  8.71969581e-01 2.22530580e+00 1.99170753e-01 6.20414317e-01
  1.53914702e+00 2.41328049e+00 4.72752780e-01 1.88855195e+00
  3.11204821e-01 8.84320164e+00 3.87578297e+00 7.55296052e-01
  4.04552341e-01 4.84598780e+00 3.94002438e-01 7.46653974e-01
  5.28755367e-01 7.85682619e-01 6.82924747e-01 1.58247614e+00
  1.63955772e+00 7.73659039e+00 2.91485214e+00 1.37163222e+00
  9.00794923e-01 3.35643911e+00 7.16920674e-01 3.04465866e+00
  3.02877641e+00 6.49324274e+00 6.50273037e+00 5.85307062e-01
  1.78009915e+00 1.61915445e+00 1.80088151e+00 4.32186651e+00
  2.62204909e+00 1.27968347e+00 4.47631264e+00 0.00000000e+00
  1.46786249e+00 4.09377193e+00 4.58980411e-01 5.03780890e+00
  2.17734408e+00 1.87267568e-02 0.00000000e+00 2.00312653e+01
  4.69216919e+00 3.98238611e+00 2.91113520e+00 5.41444445e+00
  8.46889687e+00 7.89497972e-01 6.14774609e+00 2.39731312e+00
  1.12175083e+00 3.56246257e+00 3.92670155e+00 1.46657848e+00
  8.01817513e+00 2.40462303e+00 1.48787785e+00 9.47598457e-01
  2.18549299e+00 7.43522882e+00 2.72262239e+00 5.24376154e+00
  0.00000000e+00 0.00000000e+00 5.35257769e+00 8.68282127e+00
  5.00890732e+00 2.74325395e+00 7.60475099e-01 4.13304710e+00
  4.32798624e-01 9.09957218e+00 1.77207327e+00 2.72732711e+00
  1.18486035e+00 1.11388886e+00 4.63968903e-01 7.41177797e-02
  7.91384077e+00 1.66429508e+00 7.93314362e+00 0.00000000e+00
  1.05369091e+00 8.20264721e+00 4.51611567e+00 1.17228377e+00
  2.71916938e+00 1.19038272e+00 1.12997751e+01 1.92475319e-01
  0.00000000e+00 6.52366519e-01 1.52649748e+00 2.54229045e+00
  2.06091380e+00 1.27885752e+01 5.71832895e+00 5.44955301e+00
  1.38226104e+00 9.63788569e-01 2.56078672e+00 3.36483669e+00
  4.61094522e+00 2.13716125e+00 6.91346645e+00 1.93005764e+00
  9.60007966e-01 0.00000000e+00 1.33479938e-01 2.96062636e+00
  3.69158912e+00 3.98841381e+00 1.09527960e+01 1.68445015e+00
  1.67518783e+00 2.35328054e+00 9.07724082e-01 2.72536325e+00
  6.12632084e+00 1.89288512e-01 3.56672555e-01 1.99435711e+00
  1.31927478e+00 2.67676926e+00 1.79710075e-01 3.57893848e+00
  3.58442473e+00 4.55290437e-01 4.39026095e-02 1.85757232e+00
  0.00000000e+00 4.02764410e-01 6.30399406e-01 4.89919543e-01
  3.05493641e+00 1.16291275e+01 5.64127386e-01 6.01444340e+00
  6.35453653e+00 2.73317289e+00 1.28114014e+01 3.68441248e+00
  6.41902733e+00 1.13958573e+00 1.33266888e+01 1.17847764e+00
  8.44058275e-01 5.50704539e-01 3.08247566e+00 6.47177160e-01
  8.13424397e+00 7.95884728e-01 3.04917872e-01 2.36037636e+00
  4.26443815e+00 5.59230089e+00 5.95571041e+00 7.43894386e+00
  7.02652514e-01 3.04514670e+00 3.46384311e+00 3.28307569e-01
  2.95647550e+00 3.85373950e+00 4.90299761e-01 1.21597871e-01
  8.83312285e-01 4.81633997e+00 4.06599188e+00 4.91978598e+00
  1.12344732e+01 1.77983356e+00 9.89399433e+00 2.63650227e+00
  7.33989239e+00 3.42953157e+00 8.11000252e+00 2.26629996e+00
  1.91539571e-01 4.16116047e+00 3.63164759e+00 6.16047192e+00
  2.82621431e+00 1.64248419e+00 5.82162142e-01 8.05105269e-01
  7.50520289e-01 1.77658319e+00 5.11375999e+00 5.76877952e-01
  1.25311780e+00 8.13015759e-01 5.47113240e-01 1.29995108e+00
  4.01386547e+00 4.38742113e+00 1.01508641e+00 1.59734404e+00
  2.13109963e-02 1.56142175e-01 4.98800278e-01 2.27974677e+00
  8.84576082e-01 2.70626187e-01 2.56461334e+00 2.97665644e+00
  2.32306528e+00 2.35012221e+00 5.87308550e+00 1.98949730e+00
  4.12765646e+00 7.94382393e-01 2.35705078e-01 1.42922878e+00
  1.90386307e+00 2.03030372e+00 0.00000000e+00 2.12406945e+00
  4.46553898e+00 1.43828845e+00 1.47665286e+00 6.14263344e+00
  2.74457669e+00 5.02968311e+00 2.35128498e+00 4.34253156e-01
  0.00000000e+00 7.98892498e-01 1.14209676e+00 3.84321189e+00
  2.05850029e+00 4.90857077e+00 9.11157322e+00 7.17854381e-01
  7.72036493e-01 4.86746979e+00 1.23779440e+00 6.73362494e+00
  7.77689362e+00 2.26585269e+00 0.00000000e+00 2.31537724e+00
  0.00000000e+00 2.18711424e+00 1.76503472e-02 1.42495489e+00
  6.26380265e-01 4.42047167e+00 1.01460934e+00 4.84992325e-01
  2.54550910e+00 6.69072723e+00 1.45839238e+00 2.25036407e+00
  1.54389584e+00 1.00725591e+00 6.09004879e+00 2.63940239e+00
  3.39912891e+00 9.72539425e-01 3.35287499e+00 1.20168202e-01
  0.00000000e+00 3.22142458e+00 1.53394067e+00 0.00000000e+00
  1.01845348e+00 3.44857454e+00 6.30757630e-01 0.00000000e+00
  1.51814795e+00 6.48669243e-01 7.50252056e+00 2.16441512e+00
  8.10619652e-01 1.07707405e+01 0.00000000e+00 2.49337244e+00
  3.65734267e+00 2.06656265e+00 1.12172747e+00 4.48184490e+00
  6.36778355e+00 0.00000000e+00 9.11320150e-01 6.54641926e-01
  3.25845689e-01 2.01027945e-01 1.39403021e+00 3.35077405e+00]]