[[0.0000000e+00 8.8151211e-01 2.7013447e+00 7.1729618e-01 3.6330998e-01
  5.0379639e+00 5.7925735e+00 1.7349725e+00 1.6873847e+00 8.4095055e-01
  2.2810645e+00 4.3234441e-01 6.4433184e+00 3.5702198e+00 7.7606511e+00
  3.3097460e+00 7.6394552e-01 5.0394497e+00 0.0000000e+00 2.6269667e+00
  1.1652818e+00 3.2358339e-01 4.8691211e+00 0.0000000e+00 2.4883075e+00
  5.9796157e+00 0.0000000e+00 0.0000000e+00 6.2940974e+00 1.2937686e+00
  8.3426602e-02 1.0107344e+00 6.6610950e-01 4.4441848e+00 4.5442975e-01
  1.6024586e+00 7.3321176e-01 6.8731225e-01 3.2930961e+00 7.4536383e-01
  4.3428251e-01 4.5802941e+00 3.0735090e+00 1.6929101e+00 0.0000000e+00
  2.4718707e+00 9.4999666e+00 0.0000000e+00 2.0518157e+00 1.1613585e+01
  1.4909199e-01 9.3547797e-01 2.7524054e-01 2.0343064e-01 5.8045878e+00
  5.1482706e+00 6.2535338e+00 1.0501523e+01 0.0000000e+00 1.1972681e+00
  1.1930054e+00 8.7429810e-01 9.0443106e+00 2.6765857e+00 2.1996994e-01
  8.0859346e+00 3.3372021e+00 1.2501903e+00 1.0403435e+00 6.2493796e+00
  4.2392054e-01 7.7626067e-01 5.8566439e-01 8.3906517e+00 3.5679207e+00
  4.6317321e-01 5.9457123e-01 0.0000000e+00 7.4174219e-01 4.5951930e-01
  4.2875400e+00 2.4000552e+00 1.4016674e+00 2.9771388e-01 4.2192125e+00
  1.7521449e+00 0.0000000e+00 3.0680785e+00 3.3654087e+00 1.5990083e+00
  2.0547798e+00 3.7105305e+00 1.8275297e-01 9.0740734e-01 2.7432244e+00
  0.0000000e+00 2.6019819e+00 3.1422713e+00 6.7536980e-02 1.0889322e+01
  2.3046131e-01 6.6572008e+00 1.6769626e+00 8.5748711e+00 0.0000000e+00
  2.4481952e-01 8.5725832e-01 3.1671952e-02 1.3919998e+00 0.0000000e+00
  2.0602393e+00 3.1366689e+00 2.4220712e-01 1.2035840e+00 2.6674154e+00
  1.5779437e-01 3.6719618e+00 2.8403413e+00 0.0000000e+00 4.4500961e+00
  5.4983097e-01 1.2508457e+00 3.0524604e+00 3.9203072e+00 3.2164593e+00
  1.3569281e+00 0.0000000e+00 2.8562698e-01 1.8602920e+00 4.4089117e+00
  5.3388433e+00 2.2218573e-01 1.4127427e+00 3.6292228e-01 2.2747118e+00
  4.2831273e+00 1.6142185e-01 2.1465583e+00 1.8452814e+00 1.7388042e+00
  2.8898139e+00 7.3686793e-02 1.9964608e+00 5.4953079e+00 7.2193581e-01
  2.2132347e+00 0.0000000e+00 1.3410219e+00 8.6673051e-01 2.3083033e-02
  2.2336586e+00 0.0000000e+00 3.3423696e+00 7.4059486e-02 6.0172039e-01
  2.7575955e-01 1.3209667e+00 5.3509870e+00 4.0160785e+00 3.9896688e-01
  7.6376438e-01 3.2594013e+00 2.8352098e+00 1.2768725e-01 3.6588418e+00
  2.3314259e+00 0.0000000e+00 7.2354307e+00 0.0000000e+00 4.1003404e+00
  5.4570389e+00 7.8129544e+00 7.7078700e-01 0.0000000e+00 4.1546628e-01
  4.5889907e+00 3.2888594e+00 2.4578170e-01 1.8637165e+00 6.5408969e+00
  4.7978511e+00 5.5252612e-01 4.7936893e+00 2.1429649e-01 8.5043800e-01
  2.3722460e+00 4.1415799e-01 1.8431138e-01 2.8267404e-01 8.0051899e-01
  4.8901353e+00 0.0000000e+00 0.0000000e+00 3.5896196e+00 1.0229518e+00
  2.9071429e+00 1.1579358e-01 1.7824330e+00 1.2240089e+00 0.0000000e+00
  2.0637205e-01 2.5734084e+00 0.0000000e+00 8.7402964e-01 5.1535743e-01
  2.0279329e+00 2.5457621e-01 9.5062208e-01 3.7832376e-01 3.0265436e-01
  3.7573190e+00 1.1634935e+01 1.5985271e+00 4.9590912e+00 3.2134598e-01
  2.7065196e+00 1.4884955e-01 6.9264913e+00 1.6981460e+00 1.3850564e+00
  2.4923763e+00 7.8105885e-01 0.0000000e+00 4.3567438e+00 3.1890283e+00
  4.5155888e+00 3.1083121e+00 1.1586150e+00 3.0547085e+00 1.1400725e+00
  6.3543671e-01 7.6288199e-01 1.3351604e+00 3.3095628e-01 1.9432210e+00
  9.9128090e-02 7.6918554e-01 1.2783600e+00 2.0004702e+00 1.1926917e+00
  1.1251010e+00 2.5533640e-01 1.1717412e+00 1.2883919e+00 2.0376709e+00
  5.9730659e+00 8.8503876e+00 3.4674001e-01 1.9560161e+00 1.5694670e+01
  2.6321476e+00 3.1166036e+00 3.2188556e+00 3.6454587e+00 6.5710598e-01
  3.9531451e-01 1.5993117e+00 7.8640833e+00 3.5782127e+00 8.1154213e+00
  3.2093766e-01 8.3003752e-02 8.2514234e-02 4.9483609e+00 6.6313319e+00
  8.8435817e-01 0.0000000e+00 1.2508713e+00 8.0512552e+00 1.0231600e+00
  1.0609654e+00 4.4711828e-02 6.3970566e+00 2.5526354e+00 3.9713867e+00
  3.2594848e+00 8.1308346e+00 3.9353633e-01 4.7534558e-01 2.4700519e-01
  4.4491115e+00 8.5817784e-02 1.1294714e-01 1.6017999e-01 6.3152795e+00
  0.0000000e+00 9.8039967e-01 4.1527567e+00 3.6759820e+00 1.9418611e-01
  3.9925516e-01 4.2914805e+00 5.6638545e-01 2.0354655e+00 1.3456359e+00
  2.7498786e+00 8.5804975e-01 1.6567341e+00 6.5804082e-01 0.0000000e+00
  9.2268572e+00 6.1329656e+00 1.5020013e+00 4.5161656e-01 8.4069757e+00
  1.8421829e+00 1.9970783e+00 9.7388971e-01 2.4960558e+00 0.0000000e+00
  6.2836709e+00 7.6935780e-01 3.8388976e-01 2.2643826e+00 2.8671920e-01
  3.5935682e-01 7.4073939e+00 8.1124802e+00 2.2013469e-01 2.7642336e-01
  1.1649988e+01 9.6068525e+00 1.4904824e+00 5.0227565e-01 1.0822680e+00
  4.4280009e+00 2.5611074e+00 0.0000000e+00 1.6410819e+00 4.6330390e+00
  4.3464479e-01 6.7185249e+00 1.7322135e+00 3.2680199e+00 2.6369345e+00
  2.8602657e+00 3.4085378e-01 2.0421135e+00 0.0000000e+00 1.6937993e+00
  2.4662187e+00 0.0000000e+00 3.4855070e+00 5.3525710e+00 3.6573994e+00
  2.7479072e+00 0.0000000e+00 4.9419895e-01 7.4141228e-01 1.7541982e-01
  6.8280387e-01 0.0000000e+00 0.0000000e+00 4.5558238e+00 5.1174493e+00
  9.3599719e-01 7.0147222e-01 1.5178303e+01 2.7380695e+00 7.4268371e-01
  3.2378098e-01 0.0000000e+00 8.6172991e+00 6.4847956e+00 2.2323382e-01
  6.2585562e-01 1.4382555e+01 3.4111755e+00 1.5405257e-01 1.4153992e+00
  1.3678537e-01 8.1895506e-01 7.8224225e+00 3.5314543e+00 2.4887140e+00
  4.9613776e+00 2.8266232e+00 6.5173945e+00 1.0288973e+00 9.0992184e+00
  1.4776082e+01 4.0053129e-01 2.2395175e+00 1.6328450e+00 2.7456245e+00
  3.6333370e+00 3.1884152e-01 1.7220762e-01 3.4984487e-01 7.8884706e+00
  6.7518577e-02 1.3668779e+00 1.2220569e+00 5.1728163e+00 1.3439503e+00
  4.5129585e+00 6.6359410e+00 2.0528290e+00 1.4495976e+00 0.0000000e+00
  1.2527823e+00 9.6493483e+00 0.0000000e+00 4.7096920e+00 7.6731163e-01
  2.4874163e+00 0.0000000e+00 8.1897182e+00 1.7366850e+00 2.5392480e+00
  5.1112471e+00 3.4459135e-01 0.0000000e+00 3.3442192e+00 2.1266685e+00
  6.8216532e-01 1.7906672e-01 0.0000000e+00 1.1116848e+00 1.4946101e+00
  9.1255035e+00 0.0000000e+00 3.1550512e-01 1.4835402e+00 2.0982130e-01
  6.4305657e-01 4.0444279e+00 2.0648496e+00 2.1658201e+00 3.2895312e-02
  2.5017124e-01 2.6909542e+00 1.4465318e+00 0.0000000e+00 2.6137230e+00
  1.3290792e+01 4.1225788e-01 5.0970716e+00 0.0000000e+00 1.4569955e+00
  0.0000000e+00 0.0000000e+00 1.8244714e-02 3.5737953e+00 5.8062774e-01
  0.0000000e+00 3.9489803e+00 1.2990717e+00 2.4911630e+00 4.5470467e-01
  0.0000000e+00 9.3553267e+00 2.4005365e+00 8.6234874e-01 8.5825607e-02
  4.1304159e+00 5.1168041e+00 5.3603349e+00 2.6929271e-01 2.7413146e+00
  7.6707296e+00 2.4938002e+00 1.7499813e+00 2.6796103e+00 0.0000000e+00
  8.6818331e-01 9.3350196e-01 2.0542353e-02 2.4867420e+00 1.2105819e+00
  2.2040505e+00 0.0000000e+00 0.0000000e+00 5.8559999e+00 3.9505873e-02
  1.1969296e+00 4.1370776e-01 1.5261924e-01 2.6113122e+00 3.9514656e+00
  0.0000000e+00 5.3038788e-01 6.6689301e-01 9.7304831e+00 5.9250449e-03
  5.2708735e+00 6.5589422e-01 3.8256148e-01 1.5660644e-01 0.0000000e+00
  6.4942665e+00 1.8319798e+00 2.8463641e-01 8.8152275e+00 3.1422120e-02
  2.0286949e+00 7.4997845e+00 3.2814505e+00 4.1998539e+00 1.8063921e+00
  7.8567715e+00 4.9461640e-02 7.9010005e+00 3.6738071e+00 6.7900333e+00
  2.7748168e+00 7.8056355e+00 2.6828057e-01 1.7687006e+00 7.9288416e-02
  8.9670792e+00 9.2839873e-01]]