[[1.60299969e+00 9.30638433e-01 2.35681720e-02 2.19473505e+00
  0.00000000e+00 2.68650126e+00 1.01287537e+01 9.73400287e-03
  2.58323014e-01 1.00043070e+00 4.05606449e-01 2.46092367e+00
  2.47701955e+00 1.11195445e+00 4.84375089e-01 4.88861847e+00
  0.00000000e+00 0.00000000e+00 1.81934595e-01 2.84922361e+00
  3.15379977e+00 6.16381216e+00 3.72089803e-01 2.45859800e-03
  1.06272888e+00 5.64836597e+00 2.68773168e-01 1.30444586e+00
  0.00000000e+00 0.00000000e+00 1.41030103e-01 2.59966940e-01
  4.76461530e-01 5.55310202e+00 1.88484266e-01 2.70245266e+00
  3.28283787e+00 5.31267762e-01 2.05420899e+00 2.93878770e+00
  8.94616604e+00 5.36190234e-02 2.27211213e+00 2.68631279e-02
  3.92149240e-01 2.40792990e+00 5.43022990e-01 2.45350957e+00
  5.52043486e+00 4.20714796e-01 2.30268121e+00 6.05286717e-01
  3.28659862e-01 9.46798995e-02 3.02504349e+00 1.76376331e+00
  4.31238747e+00 3.73291707e+00 0.00000000e+00 0.00000000e+00
  7.17262316e+00 9.84989166e-01 3.32080483e+00 9.89320755e+00
  1.37915298e-01 9.92008805e-01 3.16746116e+00 4.81577444e+00
  4.96959984e-01 3.13786077e+00 1.29168739e+01 3.57799411e+00
  0.00000000e+00 5.28273678e+00 5.24881303e-01 8.08149934e-01
  0.00000000e+00 1.41156912e-01 0.00000000e+00 5.32169819e-01
  8.20965886e-01 6.39217520e+00 4.83535051e+00 2.61539549e-01
  1.99507558e+00 6.36136484e+00 1.85879958e+00 4.35270739e+00
  9.98503029e-01 4.15680796e-01 3.65241361e+00 1.27483904e+00
  4.22903806e-01 1.27189195e+00 2.21340466e+00 1.72079027e+00
  2.79133737e-01 1.05001998e+00 2.22147927e-01 2.97335196e+00
  3.95938206e+00 1.50406504e+00 6.88603878e+00 6.66592550e+00
  0.00000000e+00 2.69116729e-01 8.08953762e-01 2.53504008e-01
  0.00000000e+00 1.13718227e-01 1.63209474e+00 2.37840605e+00
  0.00000000e+00 1.67684174e+00 8.80135417e-01 2.13525653e-01
  2.21106172e+00 7.01327682e-01 3.77944171e-01 2.32941866e+00
  4.67655927e-01 3.14003974e-02 5.16099453e-01 3.96053386e+00
  0.00000000e+00 6.24189191e-02 2.45577946e-01 9.79191884e-02
  9.92582917e-01 9.72933578e+00 7.09804356e-01 1.28482422e-02
  7.74625683e+00 8.14962864e-01 0.00000000e+00 1.40342593e+00
  0.00000000e+00 1.86675131e-01 1.13434100e+00 2.74823523e+00
  6.18101954e-01 7.04168379e-01 0.00000000e+00 3.67641783e+00
  1.63939309e+00 2.16082120e+00 1.58168125e+00 4.54690427e-01
  3.25719178e-01 3.61581540e+00 1.04041910e+00 5.02525091e+00
  2.58302236e+00 0.00000000e+00 1.43246937e+00 8.71791765e-02
  9.72499073e-01 2.50043249e+00 1.05656850e+00 1.82772434e+00
  0.00000000e+00 2.72119164e+00 3.95285678e+00 1.48116022e-01
  5.43011141e+00 1.61016023e+00 3.41128781e-02 2.59704781e+00
  3.96429539e-01 5.09279072e-01 4.58341748e-01 8.81319225e-01
  5.93171740e+00 1.92342129e+01 6.23439884e+00 2.30623767e-01
  1.70471454e+00 0.00000000e+00 1.22113619e+01 2.87527084e+00
  3.50694799e+00 1.57400787e-01 6.72989082e+00 1.78644681e+00
  4.86394279e-02 4.87589693e+00 2.71286011e+00 6.58326268e-01
  6.23041439e+00 1.31616881e-02 4.32895565e+00 0.00000000e+00
  0.00000000e+00 2.18725562e+00 0.00000000e+00 1.34331644e-01
  6.77312732e-01 1.49026525e+00 7.65349865e-01 0.00000000e+00
  6.92530775e+00 3.15243959e+00 2.71192217e+00 2.51188546e-01
  2.72381091e+00 7.40241289e-01 1.20993578e+00 1.37255013e-01
  1.49198040e-01 3.06293321e+00 3.13313270e+00 5.46115041e-01
  4.63539213e-01 1.53446352e+00 0.00000000e+00 1.23977852e+00
  6.72726989e-01 1.05189371e+00 2.99469590e+00 6.27523839e-01
  2.43592620e+00 1.26515949e+00 4.78273296e+00 4.44571793e-01
  0.00000000e+00 2.26189399e+00 3.70185703e-01 3.35148716e+00
  3.05521131e+00 4.02857447e+00 1.62452602e+00 2.02781296e+00
  7.59128153e-01 1.99433684e+00 3.18312407e+00 5.72304308e-01
  2.50663787e-01 5.82748842e+00 8.98072273e-02 1.43230724e+00
  6.15520835e-01 0.00000000e+00 2.92962360e+00 1.34908152e+00
  2.91146016e+00 9.73748302e+00 1.19856367e+01 2.21419883e+00
  5.40459061e+00 2.14677557e-01 5.81887579e+00 1.47974396e+00
  0.00000000e+00 3.33632183e+00 1.47068524e+00 2.31517458e+00
  0.00000000e+00 3.93144298e+00 5.65592194e+00 3.24735236e+00
  5.05452693e-01 1.10662436e+00 4.70968157e-01 1.99944043e+00
  3.93036723e+00 5.22560656e-01 3.91987950e-01 8.01389396e-01
  9.10799408e+00 1.00146806e+00 6.83479214e+00 0.00000000e+00
  1.57862103e+00 6.11059952e+00 2.65697527e+00 5.01030803e-01
  4.88129616e+00 1.63473105e+00 0.00000000e+00 1.05982137e+00
  1.29224789e+00 7.37513781e-01 9.34986210e+00 2.03100801e+00
  1.20758092e+00 3.07954252e-01 3.07550400e-01 8.19742501e-01
  0.00000000e+00 2.45818353e+00 0.00000000e+00 6.23230696e-01
  6.29822636e+00 3.04426551e+00 2.54800463e+00 1.76520646e-01
  6.17761910e-01 5.01884758e-01 7.97442570e-02 0.00000000e+00
  1.01186597e+00 6.93767294e-02 1.34848824e+01 0.00000000e+00
  8.51635814e-01 4.02000517e-01 2.02712435e-02 1.13265312e+00
  2.56238967e-01 0.00000000e+00 3.65853572e+00 6.15619123e-02
  4.74018842e-01 7.73486257e-01 1.68846738e+00 6.97454885e-02
  2.18524814e-01 4.72534227e+00 1.46580100e+00 4.15959895e-01
  0.00000000e+00 2.40822411e+00 2.67149258e+00 2.30170584e+00
  9.15602803e-01 1.35295475e+00 3.48674655e+00 0.00000000e+00
  0.00000000e+00 3.01869541e-01 2.52759290e+00 3.21838903e+00
  2.65986741e-01 2.01039568e-01 5.12853956e+00 1.22107303e+00
  3.32026052e+00 7.50641489e+00 1.59502864e+00 1.96304488e+00
  0.00000000e+00 0.00000000e+00 0.00000000e+00 8.84303078e-03
  2.30877590e+00 2.95413542e+00 1.18990171e+00 2.53034043e+00
  1.26997316e+00 1.92329490e+00 1.75320376e-02 5.21318316e-02
  4.44342434e-01 2.38733506e+00 1.20324099e+00 2.64750794e-02
  2.29928851e-01 2.03801322e+00 1.30703032e+00 3.73107493e-01
  3.03308725e+00 0.00000000e+00 1.23278522e+00 2.21496731e-01
  9.19149876e+00 1.58376122e+00 6.34173441e+00 3.57419699e-02
  0.00000000e+00 7.81496167e-02 2.08644128e+00 1.26962745e+00
  9.36336517e+00 3.73154807e+00 0.00000000e+00 3.80916309e+00
  4.48949957e+00 1.24436963e+00 1.73127800e-02 2.50903296e+00
  3.51905346e+00 4.13587660e-01 4.42383623e+00 1.72209716e+00
  2.40069818e+00 0.00000000e+00 9.21752870e-01 1.12091668e-01
  0.00000000e+00 1.42967999e-01 1.08616018e+00 2.32265949e+00
  6.06536198e+00 3.36484408e+00 8.30514312e-01 1.56699586e+00
  2.22066975e+00 1.73436999e+00 9.04705143e+00 9.37650859e-01
  3.76221991e+00 3.51604009e+00 2.13792995e-01 4.56270170e+00
  2.59656572e+00 4.07784367e+00 3.12951893e-01 5.51441288e+00
  0.00000000e+00 1.60513151e+00 1.24200726e+00 8.78183484e-01
  0.00000000e+00 0.00000000e+00 0.00000000e+00 7.28433430e-01
  0.00000000e+00 7.00798631e-01 7.70018578e-01 3.05573404e-01
  8.20485651e-01 1.09298110e+00 1.51889816e-01 1.00758600e+01
  1.68503582e+00 2.20517427e-01 1.51345217e+00 1.50918782e+00
  0.00000000e+00 2.57033911e-02 1.38461992e-01 2.04495716e+00
  1.19704275e+01 2.21772599e+00 2.59979725e-01 3.72438341e-01
  4.32966471e-01 4.47584361e-01 7.16445386e-01 1.12263501e+00
  2.17244953e-01 0.00000000e+00 1.35919690e+00 2.34609604e+00
  5.23206532e-01 1.58904719e+00 1.56868792e+00 1.51780939e+00
  9.65447247e-01 1.00994386e-01 0.00000000e+00 4.00471640e+00
  1.37023675e+00 3.50220299e+00 4.57556903e-01 1.16235868e-03
  1.22959623e+01 6.61952257e-01 1.88723874e+00 0.00000000e+00
  3.88231802e+00 1.52332783e+00 1.97799206e-02 6.60011351e-01
  2.39816141e+00 1.25853866e-01 1.74902026e-02 2.12136507e+00
  2.47916842e+00 3.99564445e-01 1.55210757e+00 2.40815908e-01
  0.00000000e+00 7.10234308e+00 1.49720955e+00 1.02223921e+00
  6.46988451e-01 2.23710799e+00 0.00000000e+00 6.56272292e-01
  4.23923470e-02 6.67756438e-01 1.13087225e+00 2.60883355e+00
  8.93578112e-01 8.79338503e-01 1.30744511e-02 1.99689850e-01
  0.00000000e+00 5.07518947e-01 1.45733178e+00 1.59038627e+00
  3.26968729e-01 3.93075061e+00 6.29779291e+00 1.00309420e+00
  5.15894461e+00 9.25853062e+00 1.08343983e+00 1.02026558e+00
  4.61491728e+00 2.02267826e-01 2.38816452e+00 0.00000000e+00
  1.23677385e+00 1.42791998e+00 1.10268707e+01 1.01045322e+00
  9.20191646e-01 3.18694830e+00 2.35371423e+00 4.53579378e+00]]