[[4.09206200e+00 0.00000000e+00 3.05500460e+00 0.00000000e+00
  6.39452744e+00 1.62899005e+00 8.14628792e+00 0.00000000e+00
  0.00000000e+00 2.72691107e+00 2.49549672e-01 1.33240700e+00
  8.30759525e+00 1.06966507e+00 0.00000000e+00 9.93321538e-01
  2.20527363e+00 4.07850802e-01 0.00000000e+00 4.31727886e+00
  1.12711346e+00 8.57204914e+00 1.05213299e+01 1.20856905e+01
  1.35508728e+00 1.08411860e+00 4.59104967e+00 1.40932369e+00
  2.72546816e+00 7.46654451e-01 2.95416498e+00 2.55567819e-01
  6.25451803e+00 5.62689447e+00 3.90705752e+00 9.75244808e+00
  4.41241932e+00 0.00000000e+00 4.75460434e+00 4.61813307e+00
  5.86722612e+00 7.37252235e+00 1.75006837e-02 7.55647135e+00
  1.30787563e+00 0.00000000e+00 3.26779985e+00 1.55151510e+00
  4.03279161e+00 9.00129676e-02 1.20328523e-01 9.09697151e+00
  6.76017427e+00 6.49008751e+00 2.89393020e+00 5.39762115e+00
  1.50084746e+00 2.11191821e+00 6.47937775e+00 1.64663815e+00
  8.02034497e-01 5.96019363e+00 5.52219915e+00 5.18029308e+00
  3.50595927e+00 5.14227509e-01 1.73282191e-01 3.72769809e+00
  5.34166431e+00 3.87846899e+00 4.79969501e-01 5.15100574e+00
  8.36760253e-02 5.65183687e+00 1.38065481e+00 4.68137360e+00
  2.15746045e-01 0.00000000e+00 2.78387117e+00 0.00000000e+00
  0.00000000e+00 1.52860612e-01 4.10180902e+00 4.44976091e-01
  7.71246815e+00 8.43356514e+00 0.00000000e+00 7.61117220e-01
  5.49278831e+00 5.07341504e-01 4.59992743e+00 0.00000000e+00
  0.00000000e+00 7.76726294e+00 5.42561293e+00 7.00181901e-01
  8.26028466e-01 3.43202281e+00 7.12885284e+00 2.07501841e+00
  0.00000000e+00 0.00000000e+00 7.32415915e+00 9.22538185e+00
  0.00000000e+00 1.18133640e+01 3.91241741e+00 2.32788849e+00
  2.19323918e-01 2.14129663e+00 2.65830183e+00 0.00000000e+00
  7.09350258e-02 2.07189536e+00 1.69296932e+00 1.08646341e-02
  3.04842114e+00 2.77227139e+00 2.85786778e-01 9.00754631e-01
  1.08671911e-01 4.88876581e+00 0.00000000e+00 1.97217977e+00
  6.69873095e+00 3.52284646e+00 6.41247940e+00 3.86947602e-01
  2.22270116e-01 1.41497030e+01 1.52376604e+00 3.40427637e+00
  6.54844189e+00 0.00000000e+00 3.47918540e-01 4.74059820e+00
  4.36215222e-01 3.76994109e+00 7.09607184e-01 1.56912021e-03
  6.12642145e+00 1.36711434e-01 2.07506037e+00 3.61855507e+00
  7.17104912e-01 6.37701094e-01 3.79752469e+00 2.16788101e+00
  8.11987221e-01 8.76353741e+00 5.33424556e-01 5.12321997e+00
  0.00000000e+00 4.12409592e+00 2.23510313e+00 0.00000000e+00
  1.39977622e+00 7.32819319e-01 1.66894019e-01 3.04719782e+00
  4.10666496e-01 4.82605028e+00 1.01531496e+01 1.34176695e+00
  3.91106606e+00 7.36780643e-01 2.01701540e-02 1.26367557e+00
  5.07552266e-01 3.13461423e-01 6.95049381e+00 1.84822547e+00
  9.98086834e+00 6.61414003e+00 2.02736688e+00 5.41209698e-01
  1.07016087e+01 5.26809871e-01 9.37953377e+00 1.88844132e+00
  0.00000000e+00 3.03403586e-01 7.20229685e-01 1.53980359e-01
  6.11728191e-01 3.92326444e-01 1.62965506e-01 2.45131433e-01
  2.32614660e+00 4.24919987e+00 7.63950157e+00 1.57895350e+00
  1.71147799e+00 1.23175507e+01 7.02352285e+00 1.13814819e+00
  6.04880524e+00 6.02678204e+00 1.05661333e-01 1.60175383e+00
  3.29068708e+00 2.94406056e+00 1.22690785e+00 8.42654896e+00
  4.06645584e+00 3.07407832e+00 7.13010967e-01 7.80175591e+00
  1.85363662e+00 1.09035273e+01 0.00000000e+00 1.45688665e+00
  7.29682982e-01 8.06398988e-01 2.50248885e+00 0.00000000e+00
  1.47675443e+00 0.00000000e+00 1.34438157e+00 1.20896566e+00
  1.96622655e-01 7.47381020e+00 4.18215513e-01 1.00767446e+00
  2.38144398e+00 3.37373161e+00 3.39158201e+00 8.80763245e+00
  0.00000000e+00 6.48404658e-01 2.25073814e+00 9.10973787e-01
  2.78456759e+00 1.49918288e-01 8.64466827e-04 5.22889555e-01
  3.14164311e-01 1.25116167e+01 1.25670004e+01 2.67133045e+00
  3.66817546e+00 6.60622835e-01 1.06832504e+01 1.04341459e+01
  5.58890179e-02 9.28089333e+00 1.30344944e+01 4.88018608e+00
  3.28680515e-01 4.39881754e+00 4.90124750e+00 3.45863551e-01
  5.33326149e+00 8.40980816e+00 9.61548615e+00 0.00000000e+00
  2.43246651e+00 1.09642649e+00 3.20881081e+00 4.62554073e+00
  0.00000000e+00 1.24624598e+00 8.71319485e+00 1.38686478e+00
  9.24443817e+00 0.00000000e+00 6.99629498e+00 9.29358673e+00
  7.07819891e+00 1.95235527e+00 2.89404273e+00 9.97729838e-01
  4.06842089e+00 2.44011307e+00 1.00295106e-02 4.00935841e+00
  7.38340855e+00 8.66655064e+00 8.95491004e-01 8.73875841e-02
  1.22616043e+01 3.94470930e+00 1.32804794e+01 1.12204301e+00
  4.50641584e+00 7.46126398e-02 2.81449485e+00 1.41573787e+00
  1.29682417e+01 3.90314436e+00 1.31451166e+00 0.00000000e+00
  1.51552415e+00 3.26863003e+00 4.78724432e+00 1.27167511e+00
  2.00817418e+00 5.20211411e+00 3.95195782e-01 6.11806393e-01
  1.36289835e+00 3.02079439e+00 6.95872164e+00 0.00000000e+00
  1.68357837e+00 9.77283096e+00 5.73295355e+00 2.52946138e+00
  3.59061770e-02 1.72135890e+00 5.11629438e+00 1.21317960e-01
  2.61747003e+00 8.50148773e+00 2.60650516e+00 6.34865665e+00
  9.07538533e-01 1.13640347e+01 0.00000000e+00 2.67533946e+00
  2.37902954e-01 1.01214714e+01 5.13898516e+00 2.18257737e+00
  1.83845782e+00 8.04447234e-01 8.11841679e+00 7.69748017e-02
  7.41525412e+00 5.15031481e+00 1.71195984e-01 6.21285963e+00
  2.03734541e+00 5.03350198e-01 1.97517455e+00 1.25558214e+01
  0.00000000e+00 1.28558612e+00 8.96200001e-01 1.37528515e+00
  8.92923260e+00 3.54660243e-01 1.98807514e+00 0.00000000e+00
  2.11070609e+00 2.29948568e+00 2.14534178e-01 9.61608946e-01
  4.38013732e-01 1.84501767e-01 1.78374720e+00 9.14918137e+00
  5.64938962e-01 0.00000000e+00 1.73433137e+00 8.92078429e-02
  1.00395016e-01 3.87432170e+00 3.05075228e-01 8.72962475e-01
  7.75879955e+00 2.44717494e-01 1.76263869e-01 3.37190557e+00
  6.86574125e+00 2.78757858e+00 1.90428333e+01 0.00000000e+00
  1.90455675e+00 4.46799755e+00 3.84748626e+00 1.01800022e+01
  9.54116225e-01 6.26927257e-01 1.70422328e+00 0.00000000e+00
  6.14639473e+00 6.72972059e+00 2.20166415e-01 3.68825006e+00
  4.38774443e+00 3.12000245e-01 4.97880507e+00 6.58889830e-01
  1.16085243e+01 0.00000000e+00 2.01916695e+00 1.14877617e+00
  3.83263379e-01 3.25602126e+00 5.32222033e+00 2.88662338e+00
  3.11384916e+00 1.82749435e-01 1.30047977e+00 2.49915823e-01
  2.18557763e+00 1.29688382e+00 5.99073696e+00 1.30946394e-02
  1.15342970e+01 1.10256662e+01 2.37023330e+00 4.63023281e+00
  6.67433119e+00 2.35316992e+00 1.32009253e-01 0.00000000e+00
  1.56128633e+00 1.00179815e+00 1.57564390e+00 5.94748974e-01
  0.00000000e+00 8.16567391e-02 1.17885933e+01 1.16227877e+00
  0.00000000e+00 1.56369495e+00 5.40699482e+00 2.63744593e-01
  6.48670197e-02 4.17206734e-01 2.63533664e+00 3.46193457e+00
  3.67269588e+00 0.00000000e+00 2.49628842e-01 2.11071253e+00
  2.45037794e+00 2.65774298e+00 1.35748405e+01 4.90258837e+00
  2.72209883e+00 1.25570929e+00 0.00000000e+00 1.10847974e+00
  0.00000000e+00 3.22020441e-01 1.42314672e-01 3.59350824e+00
  2.25008562e-01 1.08274782e+00 5.32821476e-01 1.35256424e+01
  4.80695391e+00 2.96001613e-01 3.80247712e+00 1.71269274e+00
  7.00186193e-01 2.62187624e+00 1.80474663e+00 2.38604522e+00
  2.46440840e+00 1.31115913e-02 4.46210355e-01 1.04733229e+00
  1.86370277e+00 1.91965118e-01 9.79445934e-01 1.26433105e+01
  5.10160506e-01 2.75848794e+00 5.19519329e-01 8.92150044e-01
  0.00000000e+00 1.31173313e+00 8.82798672e-01 2.45815063e+00
  5.93018341e+00 2.37127185e+00 1.05867088e+00 1.96261692e+00
  5.67507362e+00 7.62151957e+00 0.00000000e+00 1.83294988e+00
  4.14112717e-01 2.34090877e+00 3.72151673e-01 4.74991649e-01
  0.00000000e+00 5.19042194e-01 7.04175115e-01 4.31866109e-01
  1.23720074e+00 0.00000000e+00 3.35309577e+00 2.29390740e+00
  4.60622787e+00 0.00000000e+00 1.04214597e+00 7.18049860e+00
  4.06108046e+00 2.40693569e+00 5.35533905e+00 1.18899846e+00
  2.09397316e+00 9.42659569e+00 4.54242611e+00 1.75142217e+00
  4.96905756e+00 1.08840549e+00 6.65330124e+00 5.70116460e-01
  4.57933962e-01 5.37324488e-01 8.45497322e+00 1.03104174e+00
  2.46788549e+00 7.90543854e-01 2.76398277e+00 2.33653188e+00]]