[[3.46709776e+00 2.14619374e+00 1.75555813e+00 1.22055039e-02
  7.06175280e+00 6.26100659e-01 5.00419998e+00 2.21611881e+00
  6.28042603e+00 0.00000000e+00 6.24021673e+00 2.60856152e+00
  4.55332994e+00 6.52159691e+00 1.88928270e+00 8.19316328e-01
  1.65503907e+00 0.00000000e+00 9.54000771e-01 5.18000937e+00
  3.45822382e+00 3.50374031e+00 7.86308575e+00 1.22456527e+00
  1.21476352e+00 3.51452017e+00 3.76246482e-01 9.29571509e-01
  2.94380617e+00 6.60762548e-01 1.54907191e+00 1.39149800e-01
  4.58349645e-01 2.40382266e+00 4.04653454e+00 1.62308443e+00
  4.76719809e+00 6.28981516e-02 1.35908008e+00 4.02474213e+00
  0.00000000e+00 9.43552399e+00 2.70335889e+00 3.89011592e-01
  1.90585637e+00 2.28789830e+00 8.94275665e+00 5.15712857e-01
  4.21869040e+00 1.67827964e+00 8.98826420e-01 1.25461563e-01
  0.00000000e+00 1.73873281e+00 5.64482498e+00 1.14246070e+00
  5.03847742e+00 2.68696117e+00 3.69270667e-02 1.75811005e+00
  4.58058691e+00 6.30848408e+00 6.04437923e+00 7.17499447e+00
  0.00000000e+00 6.86913729e+00 2.17417717e+00 3.79441190e+00
  4.97535133e+00 1.84386396e+00 5.43394756e+00 3.54239297e+00
  6.75957251e+00 5.68671942e+00 2.64948297e+00 5.49105453e+00
  5.33528709e+00 6.77404022e+00 7.22550452e-01 2.05982971e+00
  4.86569929e+00 2.48358870e+00 5.53059530e+00 1.40615851e-01
  4.24449635e+00 1.75435746e+00 2.23133966e-01 3.27245975e+00
  5.45040894e+00 0.00000000e+00 1.84566951e+00 5.15337527e-01
  0.00000000e+00 1.32545102e+00 8.79190063e+00 1.18872249e+00
  7.09991074e+00 9.30901170e-01 1.78822422e+00 2.64211917e+00
  2.07762766e+00 2.01300240e+00 1.76146293e+00 9.58277893e+00
  1.87392378e+00 8.62814426e-01 3.92051411e+00 7.28744030e-01
  5.14778852e+00 3.82851243e+00 1.20480192e+00 3.25155228e-01
  3.71239007e-01 0.00000000e+00 5.53025723e-01 1.26289546e-01
  9.03802013e+00 4.12112761e+00 6.19512856e-01 5.04499137e-01
  1.13596821e+00 2.89239383e+00 0.00000000e+00 6.50999212e+00
  2.24343991e+00 1.59008420e+00 3.32285571e+00 1.17957723e+00
  1.20889336e-01 4.45010567e+00 3.43362403e+00 0.00000000e+00
  1.89473832e+00 1.08436489e+00 6.47758245e+00 7.30125999e+00
  3.83352065e+00 2.93584776e+00 1.07139969e+01 6.17174745e-01
  1.18492854e+00 5.59097230e-01 7.58478343e-01 2.07576919e+00
  3.53739619e+00 0.00000000e+00 3.05787373e+00 2.02360511e-01
  1.70964766e+00 1.99298084e-01 0.00000000e+00 1.77469921e+00
  4.70773667e-01 1.44919884e+00 4.97644186e+00 2.68043280e-01
  0.00000000e+00 2.01342773e+00 1.75769758e+00 2.71286964e+00
  1.07329118e+00 1.44207573e+00 2.19189072e+00 8.99778977e-02
  7.98439550e+00 3.18560052e+00 4.98049259e-02 5.63087130e+00
  5.00504859e-02 2.61514044e+00 9.08177471e+00 6.32357168e+00
  2.36487150e+00 5.59358263e+00 5.71788931e+00 5.95806718e-01
  8.98672581e+00 4.23896170e+00 2.83584356e+00 5.14932632e+00
  6.54775000e+00 8.62773478e-01 6.20742798e+00 5.59509918e-02
  9.58209753e-01 1.08506317e+01 2.81259179e+00 1.16058695e+00
  3.65109682e+00 1.60232508e+00 6.52422333e+00 1.84556818e+00
  4.14765787e+00 3.88139963e+00 4.32484388e+00 7.05639172e+00
  4.39229995e-01 3.92140937e+00 5.48391867e+00 1.33227155e-01
  2.72124028e+00 3.29248667e-01 2.77097344e+00 2.83681107e+00
  5.01879120e+00 2.55305004e+00 2.59704375e+00 4.72203702e-01
  1.60429943e+00 7.09350705e-02 1.30381000e+00 3.06163096e+00
  2.71906883e-01 2.89398098e+00 0.00000000e+00 6.04462624e-01
  1.83401752e+00 5.45502710e+00 7.39263117e-01 1.85333490e+00
  2.27213621e+00 4.75014687e+00 1.19277296e+01 3.24939346e+00
  2.27263021e+00 6.69747496e+00 2.45553756e+00 2.88941360e+00
  1.02422202e+00 7.46262074e-01 7.51089430e+00 2.72511101e+00
  1.38745975e+00 2.03129482e+00 1.48598075e+00 5.58913755e+00
  5.00601828e-01 6.39555407e+00 1.20689595e+00 1.75450916e+01
  2.61915660e+00 8.49113539e-02 3.72034097e+00 6.47835732e+00
  1.39502287e-01 3.71328235e+00 9.64840794e+00 7.33535945e-01
  1.07667172e+00 5.21734095e+00 1.09390068e+00 2.05417180e+00
  4.52619505e+00 3.11874413e+00 7.95177078e+00 0.00000000e+00
  4.48867130e+00 3.92088205e-01 1.92481294e-01 2.64498401e+00
  2.38830709e+00 1.12811291e+00 1.52250302e+00 2.64553094e+00
  5.17727089e+00 2.43686509e+00 9.91415441e-01 2.55092931e+00
  5.10662842e+00 3.23074007e+00 7.66736269e+00 4.86996365e+00
  8.18007278e+00 1.24969196e+00 2.80514145e+00 1.23771213e-01
  2.89368725e+00 0.00000000e+00 3.15621912e-01 2.62413979e+00
  6.93797588e+00 8.67541730e-01 1.42486677e-01 6.89959943e-01
  1.44037470e-01 0.00000000e+00 1.94609380e+00 1.51549482e+00
  1.46124256e+00 6.32889128e+00 4.21803236e-01 8.65468621e-01
  7.87010574e+00 1.48169428e-01 2.53624368e+00 7.13204145e+00
  1.61859286e+00 5.02194977e+00 7.18933153e+00 6.72927082e-01
  4.01559949e-01 1.75678718e+00 3.87175012e+00 1.68849123e+00
  6.72643900e+00 1.96147144e+00 7.18873560e-01 6.95882082e-01
  2.82497597e+00 2.22771168e+00 8.95032692e+00 1.27555668e+00
  4.29930878e+00 4.92442369e+00 3.39051747e+00 1.42421365e+00
  1.41216402e+01 1.03207016e+01 2.71504879e-01 1.11901641e-01
  7.10037947e-01 5.87534761e+00 6.81572199e+00 1.94608915e+00
  4.06773853e+00 1.13950789e+00 6.54467201e+00 3.92176926e-01
  3.94568896e+00 2.18360201e-01 1.00132918e+00 1.97183895e+00
  6.97485059e-02 1.68909955e+00 6.20333242e+00 3.71841311e+00
  5.79743671e+00 5.37602615e+00 1.11851621e+00 1.36047876e+00
  1.88744521e+00 6.63797021e-01 8.03058815e+00 6.90066576e-01
  3.98513103e+00 1.77775228e+00 5.02807558e-01 9.75353956e-01
  1.68363583e+00 6.65364623e-01 5.73153496e-01 2.31798530e+00
  1.52773988e+00 2.15576384e-02 7.25958920e+00 2.56379157e-01
  4.84644604e+00 2.79762053e+00 3.98202688e-01 1.20663893e+00
  1.84193343e-01 2.67273450e+00 4.39123774e+00 3.12086987e+00
  1.69263053e+00 4.94198322e+00 1.00374460e+01 2.26046824e+00
  2.47556686e+00 3.04833055e+00 1.51835537e+00 5.93994904e+00
  2.64872718e+00 1.44100547e-01 5.28179121e+00 8.89497757e+00
  3.45991230e+00 4.11898184e+00 2.02234387e+00 2.84736538e+00
  1.28860836e+01 4.53252286e-01 7.32052147e-01 3.81287670e+00
  3.48968983e+00 1.36757746e-01 4.29791403e+00 9.81822371e-01
  2.64380002e+00 3.98317170e+00 9.67731774e-02 3.09287691e+00
  4.49143171e+00 7.67962265e+00 7.94128597e-01 4.12244767e-01
  2.87897372e+00 3.92322469e+00 3.76343393e+00 3.48898992e-02
  2.78290105e+00 5.40642548e+00 6.88620329e+00 2.89648509e+00
  4.79658842e+00 8.58213329e+00 3.29839373e+00 5.09262133e+00
  1.53799698e-01 6.13475895e+00 5.82125235e+00 2.46400252e-01
  2.81038076e-01 9.31528807e-01 9.09191191e-01 1.69103682e+00
  0.00000000e+00 1.30765772e+00 2.07419157e-01 1.19522202e+00
  7.41374195e-01 0.00000000e+00 3.56059551e+00 9.96341515e+00
  7.82789707e-01 9.59704876e+00 3.90275502e+00 4.19976330e+00
  6.44006538e+00 5.65081954e-01 3.91604328e+00 1.78988326e+00
  1.55554733e+01 1.32184792e+00 3.83733809e-02 2.37240434e+00
  1.24271071e+00 2.35781029e-01 0.00000000e+00 3.03335857e+00
  1.14784539e+00 2.19881326e-01 9.88186803e-03 2.88859272e+00
  2.14323807e+00 0.00000000e+00 1.34399045e+00 1.16862273e+00
  0.00000000e+00 1.56500554e+00 0.00000000e+00 2.27195215e+00
  2.03900647e+00 4.39219189e+00 1.35348678e+00 0.00000000e+00
  1.78414154e+01 9.78999233e+00 8.16649139e-01 2.10041928e+00
  1.75760537e-01 3.84584284e+00 7.48540306e+00 2.24367642e+00
  0.00000000e+00 4.28027473e-02 1.04347551e+00 4.70187098e-01
  2.93550396e+00 2.03835344e+00 5.45271754e-01 2.54235953e-01
  2.68830347e+00 6.27508783e+00 1.06701501e-01 7.55050087e+00
  2.38444757e+00 2.23497319e+00 4.98603916e+00 2.93623972e+00
  5.49339008e+00 1.22554131e+01 0.00000000e+00 5.81445074e+00
  2.86790490e+00 2.96362782e+00 8.21051121e+00 1.92176074e-01
  1.41643739e+00 0.00000000e+00 2.97502232e+00 2.57139587e+00
  5.21809459e-01 3.32580447e+00 1.91369367e+00 1.50948727e+00
  0.00000000e+00 8.44099298e-02 4.70556450e+00 1.12386382e+00
  8.73475742e+00 1.96036768e+00 6.99246073e+00 0.00000000e+00
  4.64164782e+00 5.78647912e-01 2.85871267e+00 1.04367256e+00
  4.09107113e+00 9.93582189e-01 3.91661882e+00 1.99284077e+00]]