[[4.5856911e-01 0.0000000e+00 1.5497786e+00 1.6366444e+00 2.3857799e+00
  1.1583973e+01 3.1818724e+00 2.9930308e+00 1.3588202e+00 3.2196331e+00
  6.3990432e-01 2.9016900e+00 4.9991746e+00 3.1231849e+00 1.0339645e-01
  1.0449767e+00 1.1239513e+00 1.1834493e-01 4.3187351e+00 6.2474036e+00
  1.8501693e+00 1.0469373e+01 1.9230855e+00 7.4567467e-01 1.5795898e+00
  9.1504993e+00 1.1021880e+01 4.7647629e+00 8.7997520e-01 1.7441683e+00
  7.8142518e-01 4.3034201e+00 1.1034279e+00 4.1060390e+00 2.4405962e-01
  3.5411806e+00 2.6205809e+00 1.2507368e+00 4.1872377e+00 1.9376024e+00
  3.0233142e+00 2.2670341e+00 1.2392060e+00 4.5637913e+00 2.6477089e+00
  2.9134634e+00 3.9222667e+00 8.1449795e+00 3.5556581e+00 2.6970263e+00
  6.8727309e-01 6.7890978e-01 1.7337879e+00 1.9479405e+00 1.6112916e+00
  6.0039306e+00 2.5305192e+00 3.9558146e+00 2.5581565e+00 4.4381046e+00
  4.0542903e+00 9.6397352e-01 2.1898797e+00 6.0600023e+00 0.0000000e+00
  3.9242631e-01 2.7704186e+00 1.4662918e+00 2.3131793e+00 5.4342427e+00
  1.6941985e-01 4.1146274e+00 2.3023479e+00 8.6721401e+00 1.6093719e+00
  2.6154859e-02 8.6581057e-01 3.3358285e+00 1.2820959e+00 0.0000000e+00
  1.7404595e-01 1.6964865e+00 3.1080024e+00 6.7807162e-01 4.0615492e+00
  1.8382726e+00 2.1428802e+00 4.6051651e-01 2.2927318e+00 4.2680070e-01
  1.4961344e+00 9.2683643e-01 4.8027471e-01 2.6554239e+00 9.1037554e-01
  8.8877416e-01 9.2164017e-02 1.2506138e+00 8.3956242e-01 3.6158874e+00
  8.1023234e-01 9.3646069e+00 5.0160499e+00 6.2588015e+00 2.3964097e+00
  9.3105233e-01 4.9387283e+00 5.4781562e-01 1.3480569e+00 4.3070149e-01
  2.4479532e+00 2.7498894e+00 0.0000000e+00 2.4284968e+00 9.9726833e-02
  0.0000000e+00 9.0800848e+00 4.8191667e+00 0.0000000e+00 2.4213696e+00
  1.0169228e+00 3.8471353e+00 1.9653131e+00 9.0243578e+00 2.9989793e+00
  3.2345405e-01 0.0000000e+00 0.0000000e+00 8.2415384e-01 1.5554196e+01
  3.2555544e+00 3.1428061e+00 1.3665344e+00 6.5319878e-01 4.0522285e+00
  2.2668486e+00 1.3192944e-01 2.7430940e+00 2.6243992e+00 1.4310583e+01
  1.1107495e+00 2.6370115e+00 0.0000000e+00 1.2412266e+00 4.0012450e+00
  1.7883834e+00 5.4147463e+00 3.8836682e-01 2.9583770e-01 1.5038599e-01
  2.9840081e+00 0.0000000e+00 8.0079293e-01 2.2524648e+00 2.2027984e-01
  7.4074054e-01 0.0000000e+00 6.4481506e+00 5.3225894e+00 8.6179310e-01
  4.8241374e-01 1.0817188e+00 4.4766760e+00 5.3256285e-01 1.4447644e+00
  1.5080848e+00 8.1550246e-03 2.4197547e+00 1.7881426e+00 9.7365856e-01
  4.9549074e+00 0.0000000e+00 2.8288805e-01 5.2849209e-01 8.1985271e-01
  5.0028843e-01 1.0581497e+00 3.6039877e-01 8.9466906e-01 1.3553710e+01
  2.8489320e+00 9.5113432e-01 8.4510250e+00 8.4122419e-01 0.0000000e+00
  8.1200284e-01 2.5561593e+00 1.0868235e+00 2.7488446e+00 7.2019506e-01
  0.0000000e+00 0.0000000e+00 1.0676343e+00 1.0536767e+01 0.0000000e+00
  3.4286103e+00 2.1358166e+00 3.7119911e+00 9.8218489e-01 4.5418558e-01
  3.4587049e+00 2.6696048e+00 2.3054459e+00 2.9590374e-01 5.2551956e+00
  1.4744847e+00 2.0455131e-01 2.0836315e+00 2.9045329e+00 4.8995352e+00
  8.6399633e-01 5.2766213e+00 3.0400441e+00 5.5668890e-01 1.1460974e+00
  2.8039455e+00 3.1488647e+00 2.0992291e+00 4.7245878e-01 2.9569142e+00
  6.2952724e+00 4.1352167e+00 1.2348334e+00 5.0626211e+00 5.1855218e-01
  1.3279226e+00 3.2661695e+00 3.6255860e+00 2.9266188e-01 3.2154467e+00
  4.1615686e+00 8.2199697e+00 6.8167907e-01 2.3511980e+00 2.3521974e+00
  2.6306844e-01 2.4942552e-01 5.5923581e+00 1.8267277e+00 7.1680746e+00
  8.7762392e-01 3.0772847e-01 8.7991387e-01 4.5868597e+00 1.7372696e+00
  8.0818529e+00 7.0452514e+00 1.7018814e+00 4.1590538e+00 1.9326696e+00
  2.6756344e+00 4.4231057e+00 5.5515261e+00 2.1861134e+00 2.3387032e+00
  4.0154722e-02 1.6057036e+00 7.1001565e-01 1.1579792e+00 1.3310899e+00
  1.0803248e-01 5.8810014e-01 6.7624921e-01 1.5545878e+00 2.1529040e+00
  2.0423622e+00 2.5030389e+00 2.9431307e+00 2.5052366e+00 2.8591208e+00
  9.4255581e+00 0.0000000e+00 4.3659081e+00 8.3951035e+00 4.3122530e-01
  7.1688038e-01 2.0850663e+00 6.0422546e-01 8.4989405e-01 7.6715274e+00
  3.6556227e+00 1.0802410e+00 6.4703226e+00 1.9609191e-01 3.6747904e+00
  0.0000000e+00 9.4744641e-01 1.3552934e+00 6.2189096e-01 5.6661586e-03
  2.1753466e-01 4.2079264e-01 2.9304392e+00 8.5184507e+00 5.6537819e+00
  1.2447018e-01 5.9644656e+00 2.1534863e+00 2.7529590e+00 4.1615073e-02
  1.2525177e-01 4.3155670e-01 4.7796698e+00 8.3656281e-01 8.8206434e+00
  7.6349813e-01 8.5251063e-01 4.9595342e+00 1.9639778e-01 1.1353613e+00
  3.7691522e+00 0.0000000e+00 1.4947205e+00 5.5521789e+00 5.8226366e+00
  1.7506057e-01 1.8019075e+00 1.0755004e+01 1.6880059e+00 1.0712566e+00
  5.2330013e-02 9.9654531e+00 4.6201396e-01 6.7042142e-02 1.9103159e+00
  6.5274205e+00 8.6862068e+00 0.0000000e+00 7.2781593e-01 0.0000000e+00
  1.5863979e-01 4.3430576e+00 6.2177386e+00 0.0000000e+00 2.1043718e+00
  3.3135755e+00 5.5651712e+00 5.6443219e+00 1.3093748e+00 4.3865647e+00
  1.5248425e+00 0.0000000e+00 7.2722018e-01 3.1482151e+00 4.6659560e+00
  2.5705218e-01 1.7253007e+00 6.6268897e-01 1.2995900e-01 1.0845648e+00
  7.5475442e-01 1.4574335e+00 2.6078982e+00 5.6201965e-01 3.1784272e+00
  2.5271046e+00 1.6067474e+00 3.3004873e+00 4.0436945e+00 2.4494198e-01
  5.2941966e-01 2.7823510e-02 6.5401487e+00 7.5731745e+00 7.9255743e+00
  5.0750847e+00 4.3979201e+00 6.1233187e-01 1.0716320e+00 1.3286122e+00
  5.6650090e-01 5.9578128e-02 5.4193668e+00 3.4363335e-01 5.4311709e+00
  9.1219276e-01 2.2569034e+00 6.1098394e+00 3.0897462e+00 9.3047124e-01
  4.8529568e+00 2.7050707e+00 1.7626911e+00 1.0972240e+00 6.1737471e+00
  4.3495739e-01 3.2694151e+00 0.0000000e+00 1.4063295e+00 9.1868010e+00
  1.6988592e+00 1.5107031e+00 5.4840612e+00 4.0193038e+00 3.6636755e-01
  4.4182048e+00 1.2623383e+00 2.4430952e+00 4.6710348e+00 1.9019344e+00
  2.4895928e+00 3.7693775e+00 4.0599747e+00 5.4457483e+00 4.5678787e+00
  6.4404869e-01 1.7124536e-02 9.8532122e-01 7.3078127e+00 2.1589255e+00
  4.3325198e-01 1.9054432e-01 0.0000000e+00 6.8538231e-01 1.3815378e+00
  2.1805046e+00 6.1724013e-01 7.7957356e-01 5.6502080e-01 5.7779436e+00
  2.3549342e+00 6.8398541e-01 1.2130245e+00 4.1143389e+00 2.0839298e+00
  2.7346537e+00 2.2530954e+00 3.4072196e+00 8.4326535e-01 2.6997223e+00
  3.3725219e+00 6.1980119e+00 2.1807804e+01 1.0445493e+00 1.0073029e+00
  3.3743293e+00 3.4424050e+00 4.8851385e+00 3.1781193e-02 1.8974329e+00
  2.2133204e-01 1.9238447e-01 3.3160505e+00 3.4914947e+00 7.3493166e+00
  8.3093876e-01 1.7559285e+00 4.7475651e-01 2.2072950e-01 3.8500793e+00
  1.8148530e+00 6.8266554e+00 3.2257009e+00 8.2229996e+00 4.0858048e-01
  6.3238961e-01 5.7552614e+00 7.1556292e+00 5.0648317e+00 4.6187034e+00
  1.9571900e+00 2.2427421e+00 8.9715457e-01 6.7205691e-01 2.6208283e-03
  4.6343434e-01 2.6467896e-01 5.2739444e+00 2.6077411e+00 1.4842970e+00
  6.5100589e+00 0.0000000e+00 4.0335898e+00 7.6158185e+00 2.4197915e-01
  0.0000000e+00 4.6951199e+00 4.8932090e+00 2.8355861e-01 1.6717548e+00
  8.6318493e-01 1.0332800e+00 0.0000000e+00 1.2990371e+00 1.5357117e-01
  3.2749305e+00 1.4078437e+00 5.1793809e+00 6.5872011e+00 2.4475317e+00
  2.1173902e+00 1.6157147e-01 1.7686013e+00 2.3418128e+00 3.7654219e+00
  1.5088500e+00 5.7251725e+00 1.5592765e+00 7.3774940e-01 7.8055149e-01
  1.8433410e+00 1.6444960e+00 0.0000000e+00 1.8267107e+00 4.8877082e+00
  1.1954364e-01 1.0020420e+01 4.5320072e+00 1.6897081e+00 1.9303271e-01
  2.2064986e+00 1.8866835e+00]]