[[2.72123075e+00 2.14157987e+00 2.85994554e+00 2.82629997e-01
  2.31325316e+00 1.50709972e+01 3.62420464e+00 0.00000000e+00
  7.96340132e+00 8.51704121e-01 2.21414760e-01 3.91480899e+00
  1.49993324e+00 1.15221109e+01 1.47430539e-01 2.41158485e+00
  6.02726102e-01 0.00000000e+00 5.89521825e-01 5.43172598e+00
  5.86605310e-01 7.10321188e+00 1.60185027e+00 8.11245382e-01
  5.61688066e-01 1.27650108e+01 3.37653875e+00 7.02237177e+00
  6.59361362e-01 2.89370894e-01 4.41899389e-01 2.94346142e+00
  2.73517942e+00 7.61297822e-01 3.09748292e-01 3.80640221e+00
  1.07804518e+01 1.63707927e-01 4.30521393e+00 7.09943390e+00
  6.19058907e-01 1.44653559e+00 5.28592253e+00 3.95379567e+00
  1.87466478e+00 0.00000000e+00 4.68393087e+00 5.98474979e-01
  1.16704807e+01 6.07805967e+00 1.35148680e+00 3.57776499e+00
  2.03875685e+00 1.16633797e+00 3.33292580e+00 3.68299770e+00
  7.84281206e+00 6.27432585e+00 4.30997461e-01 4.04270560e-01
  2.34437633e+00 2.33533788e+00 8.72559452e+00 4.69792271e+00
  2.35942912e+00 9.35347080e+00 2.75451732e+00 8.27768993e+00
  1.42865205e+00 6.11300516e+00 1.71857643e+01 2.56953096e+00
  1.02733970e+00 7.01154709e+00 7.72335380e-02 1.39830127e-01
  0.00000000e+00 2.91526008e+00 2.03931546e+00 1.10026181e+00
  4.06332761e-01 7.23207414e-01 1.09888494e+00 1.25953913e+00
  1.79998130e-01 7.51110506e+00 3.00522256e+00 1.60351849e+00
  4.25064516e+00 3.19740735e-03 3.33980989e+00 5.49642503e-01
  2.07088113e-01 2.82303047e+00 2.09068203e+00 8.58316839e-01
  8.86615038e-01 1.67129123e+00 2.47951794e+00 2.19291162e+00
  1.78091800e+00 2.21228719e+00 3.98827410e+00 1.37802362e+00
  2.92752457e+00 2.61140251e+00 1.66591692e+00 5.13176262e-01
  0.00000000e+00 5.66394281e+00 2.66442990e+00 3.36019588e+00
  0.00000000e+00 4.27922916e+00 2.20381498e+00 4.15463269e-01
  3.30495334e+00 3.97143078e+00 1.65564823e+00 3.18893242e+00
  3.37970078e-01 1.96927345e+00 1.13327253e+00 8.34448147e+00
  4.24528837e+00 4.69143152e-01 3.32113743e-01 1.98145032e-01
  7.05128241e+00 1.14997587e+01 5.90722084e-01 5.10924697e-01
  7.75154161e+00 4.81919098e+00 6.43904582e-02 1.37590873e+00
  1.90695953e+00 6.53080702e+00 2.64733768e+00 5.34675312e+00
  1.63388446e-01 5.81956170e-02 1.41825557e+00 3.15046620e+00
  6.41538143e-01 6.30253613e-01 2.97900367e+00 0.00000000e+00
  1.84000635e+00 3.62372446e+00 1.86361897e+00 5.96082306e+00
  9.83293116e-01 0.00000000e+00 0.00000000e+00 2.63532686e+00
  1.64731276e+00 1.77411449e+00 8.94894481e-01 5.34834242e+00
  7.69059992e+00 7.66136217e+00 7.46581268e+00 2.62299985e-01
  2.61987615e+00 4.67853665e-01 1.46537930e-01 5.21734858e+00
  2.15855885e+00 4.12342072e+00 5.09774399e+00 1.16337085e+00
  5.62767744e+00 2.43078041e+01 6.76833153e+00 1.57413855e+01
  0.00000000e+00 1.07658230e-01 3.21646690e+00 8.72599506e+00
  4.41911697e+00 5.02109051e-01 6.34658241e+00 2.42467213e+00
  0.00000000e+00 2.07582021e+00 4.45896101e+00 1.95653129e+00
  2.86786509e+00 1.80031598e+00 1.11169301e-01 1.11936972e-01
  4.57926065e-01 7.10604429e+00 8.83666694e-01 5.47659779e+00
  9.51801389e-02 1.05225582e+01 5.73961318e-01 6.38889298e-02
  2.37977290e+00 3.30146718e+00 8.27246308e-01 2.26980901e+00
  3.00471330e+00 1.16455626e+00 5.41154003e+00 4.42229891e+00
  2.37667799e+00 2.14316869e+00 3.44684720e+00 8.72621179e-01
  1.46559310e+00 2.88337636e+00 2.33925655e-02 3.23615193e+00
  5.92338085e+00 3.47311258e-01 7.12648034e-01 2.53764057e+00
  6.30285144e-01 6.69336438e-01 3.73298001e+00 1.08614433e+00
  3.10706675e-01 9.93563747e+00 1.89677215e+00 4.92401743e+00
  1.37601614e+00 4.29594707e+00 1.49239853e-01 2.12558460e+00
  2.12417722e+00 4.65258217e+00 2.04456711e+00 6.68594301e-01
  1.10646076e+01 3.02080059e+00 9.53058824e-02 2.64508891e+00
  2.78039837e+00 2.11524025e-01 2.65517354e+00 2.58822536e+00
  3.71673059e+00 5.24703312e+00 2.94525337e+00 1.96732119e-01
  3.82091594e+00 1.11771193e+01 9.71859169e+00 1.35693300e+00
  1.08005607e+00 2.48329091e+00 7.54146957e+00 3.05414009e+00
  9.38222587e-01 4.46984005e+00 1.12604558e+00 1.90428659e-01
  7.62959719e-01 0.00000000e+00 6.05720952e-02 2.63103747e+00
  2.43585134e+00 6.93267202e+00 2.43109137e-01 3.22174764e+00
  9.59939384e+00 1.43335891e+00 1.50694513e+00 3.61780971e-01
  3.13210988e+00 1.23914075e+00 5.56168365e+00 7.88594782e-01
  5.52362442e+00 3.22326511e-01 1.82267308e-01 3.37180066e+00
  8.11760712e+00 4.35603666e+00 1.28668900e+01 2.96718001e+00
  2.03150773e+00 3.99029315e-01 2.65824413e+00 1.78545094e+00
  8.23443174e-01 8.29890728e-01 6.14760160e-01 8.18718815e+00
  4.88560021e-01 6.74580932e-01 5.41055346e+00 6.06700850e+00
  3.34636045e+00 2.43934035e+00 3.96597719e+00 8.17637518e-03
  6.24777079e+00 1.84245980e+00 9.29816341e+00 3.68509412e-01
  1.95943701e+00 2.62830710e+00 7.27591693e-01 1.08148193e+00
  3.73890042e+00 0.00000000e+00 8.80352199e-01 4.69004065e-01
  1.05541475e-01 5.74613631e-01 2.45290852e+00 7.43033051e-01
  4.38985050e-01 1.02977896e+01 4.89672709e+00 4.91402578e+00
  1.37667875e+01 1.59081376e+00 1.51558924e+00 2.08265853e+00
  2.72729635e-01 1.06922112e+01 1.69618309e+00 1.27483439e+00
  0.00000000e+00 0.00000000e+00 4.10366058e-01 3.47381020e+00
  4.70851749e-01 3.52682972e+00 6.63711214e+00 2.13341498e+00
  1.49770051e-01 1.12994471e+01 9.88526154e+00 2.38504601e+00
  9.23106313e-01 7.66928375e-01 2.09473944e+00 8.12979031e+00
  6.22797787e-01 6.26725721e+00 3.50132036e+00 1.60997495e-01
  1.92889059e+00 7.23082066e+00 1.55582670e-02 4.17649984e+00
  1.20963228e+00 3.96982241e+00 5.40650845e+00 5.43511361e-02
  4.01421928e+00 6.88674355e+00 2.82428360e+00 3.85656565e-01
  2.53837729e+00 0.00000000e+00 7.62112236e+00 5.80721378e+00
  4.08859873e+00 2.91009235e+00 3.05166435e+00 5.27211094e+00
  0.00000000e+00 1.10617733e+00 1.56152201e+00 1.39004397e+00
  4.21811199e+00 6.28526509e-01 6.11908627e+00 5.26386356e+00
  1.57301676e+00 1.85470998e+00 3.95715237e-01 3.16411448e+00
  5.84903288e+00 7.05045605e+00 2.83909941e+00 6.24877691e+00
  1.68891943e+00 9.70535696e-01 1.83895755e+00 9.67003047e-01
  4.84088659e-01 2.12682867e+00 8.18724096e-01 1.80406094e+00
  5.82379007e+00 1.38652384e+00 5.33040464e-02 1.16786015e+00
  3.22282243e+00 2.34239936e+00 4.98927784e+00 2.47768211e+00
  1.88710845e+00 6.27090037e-01 0.00000000e+00 1.64841914e+00
  4.99587011e+00 7.12407410e-01 1.91764057e+00 3.24288702e+00
  2.51245236e+00 4.41435862e+00 4.67067528e+00 4.44152260e+00
  6.71138704e-01 3.05188584e+00 1.22226524e+00 5.40683448e-01
  2.79167962e+00 4.41023493e+00 2.95804572e+00 4.17721033e+00
  1.19798326e+00 1.15702462e+00 2.08026624e+00 7.11742496e+00
  1.93015254e+00 3.88488150e+00 5.43273497e+00 4.47014952e+00
  1.21468771e+00 4.93816346e-01 6.04723811e-01 1.09123402e+01
  1.10260162e+01 4.12375420e-01 7.48025835e-01 9.11272240e+00
  3.35085630e+00 1.88049793e+00 6.23152256e+00 9.81971979e-01
  3.90872097e+00 9.80933607e-01 6.63813877e+00 3.43614697e+00
  1.58233678e+00 1.59586346e+00 4.51390409e+00 1.42506564e+00
  3.75241525e-02 8.97570789e-01 7.03985035e-01 8.29707909e+00
  1.23010266e+00 2.81390381e+00 3.84842348e+00 8.17727184e+00
  1.03197250e+01 2.23848653e+00 0.00000000e+00 4.15954399e+00
  2.10752082e+00 1.25953877e+00 4.32407349e-01 2.17877173e+00
  0.00000000e+00 2.18453193e+00 1.99707341e+00 5.59059286e+00
  4.69135475e+00 1.47439048e-01 3.61097503e+00 8.48451555e-01
  6.67997658e-01 1.67283020e+01 2.56811690e+00 3.00366301e-02
  3.82007623e+00 1.73686221e-01 2.97185302e-01 9.86092210e-01
  2.75451493e+00 1.72584379e+00 2.85301304e+00 5.58729696e+00
  0.00000000e+00 1.05823784e+01 1.04604542e+00 4.02395219e-01
  1.31688118e-01 9.31117713e-01 1.72247255e+00 1.00158978e+00
  3.75164557e+00 2.99615312e+00 1.14191425e+00 2.19124675e+00
  3.33013225e+00 9.64170074e+00 1.58745587e+00 5.76132357e-01
  1.68975353e+01 7.94879973e-01 3.87962127e+00 2.29370332e+00
  7.41661167e+00 2.33859465e-01 6.47379971e+00 2.56319857e+00
  2.09279823e+00 4.07630242e-02 1.06544399e+01 3.34237742e+00]]