[[4.04054070e+00 7.06447220e+00 3.29915345e-01 2.27425084e-01
  1.80971742e+00 3.26009560e+00 1.16006985e+01 2.06595868e-01
  2.71443748e+00 3.62928420e-01 6.22128773e+00 5.24823761e+00
  1.74705398e+00 1.40084715e+01 6.60729551e+00 3.45960689e+00
  2.85838568e-03 3.38859558e-01 1.65579128e+00 2.35125351e+00
  1.03439355e+00 2.79760432e+00 4.61925173e+00 7.24570453e-01
  8.37340832e-01 5.19360399e+00 6.00394130e-01 6.41592562e-01
  2.62815446e-01 6.30028069e-01 1.36842811e+00 1.09349065e-01
  4.13869095e+00 2.69150782e+00 3.31444949e-01 4.50276661e+00
  3.81823611e+00 0.00000000e+00 6.19706154e+00 5.08165836e+00
  1.70544124e+00 4.76685619e+00 5.49797583e+00 1.64512551e+00
  1.94187403e-01 2.16967535e+00 6.58960629e+00 2.16016062e-02
  2.12197089e+00 6.25847757e-01 1.40912682e-02 3.90500933e-01
  3.14662457e-01 2.32271338e+00 4.62216187e+00 2.87527537e+00
  5.11008501e+00 4.35485363e+00 0.00000000e+00 5.63907444e-01
  1.36244249e+00 3.90028715e-01 7.13539791e+00 7.12493598e-01
  5.76628780e+00 8.83668327e+00 1.02937365e+00 4.44843531e+00
  1.56078398e+00 1.45776129e+00 1.20064294e+00 1.27791539e-01
  0.00000000e+00 1.03447266e+01 2.81881332e-01 1.91821754e+00
  1.58604336e+00 3.39478314e-01 2.77199984e-01 6.61033344e+00
  4.55304593e-01 2.25655341e+00 5.81933594e+00 0.00000000e+00
  6.15434313e+00 1.31487596e+00 0.00000000e+00 2.95566416e+00
  2.82956553e+00 3.78057390e-01 4.39833260e+00 0.00000000e+00
  1.48251355e-01 4.44745016e+00 2.43966222e+00 2.89504504e+00
  6.15683317e-01 1.43717480e+00 1.15241992e+00 6.58492470e+00
  6.40364230e-01 2.11513257e+00 2.81174731e+00 6.05935431e+00
  3.46090823e-01 8.00172091e-01 1.39443374e+00 1.48732519e+00
  2.74895728e-01 1.14406240e+00 5.29522371e+00 1.81504476e+00
  0.00000000e+00 3.26607704e+00 2.77792668e+00 1.86700627e-01
  8.92052364e+00 2.39990354e+00 1.16409469e+00 3.71275663e+00
  1.37281299e+00 1.91098332e+00 1.62417483e+00 5.85231972e+00
  7.01932335e+00 4.39364481e+00 0.00000000e+00 0.00000000e+00
  0.00000000e+00 1.57985191e+01 2.40273213e+00 3.81871700e-01
  5.20488548e+00 4.54810619e-01 1.08584785e+00 7.43342686e+00
  3.65414590e-01 3.64836359e+00 1.25148618e+00 1.25510705e+00
  6.01328373e-01 6.64669800e+00 2.14670730e+00 4.26362991e+00
  7.69952953e-01 4.30689394e-01 2.51530623e-03 1.15864003e+00
  4.65643263e+00 1.25359269e-02 6.48617554e+00 1.01671994e+00
  1.02968466e+00 5.45749009e-01 6.08260691e-01 2.23460650e+00
  2.62517166e+00 5.71194696e+00 6.81181860e+00 3.72822106e-01
  3.19800544e+00 8.94339025e-01 6.96522379e+00 2.38784122e+00
  9.23508835e+00 1.33817959e+00 3.80230963e-01 5.60771513e+00
  5.95613003e-01 1.35550129e+00 1.04029524e+00 1.77825475e+00
  2.96646762e+00 3.98641497e-01 1.97757483e+00 2.13289404e+00
  0.00000000e+00 1.44972086e+00 1.02229748e+01 1.68887138e+00
  2.53081179e+00 2.81983161e+00 1.23301439e+01 1.94780529e-01
  2.24976397e+00 5.17402697e+00 1.74809515e+00 0.00000000e+00
  1.62202609e+00 2.49644086e-01 6.47672594e-01 0.00000000e+00
  3.05177116e+00 3.42287278e+00 1.71305549e+00 1.40492067e-01
  1.92325950e+00 4.62721395e+00 0.00000000e+00 3.53733397e+00
  0.00000000e+00 8.88929427e-01 2.01736316e-01 1.34639293e-01
  5.95520496e+00 1.39086473e+00 1.87113917e+00 1.60124171e+00
  1.37578332e+00 1.28338611e+00 2.96089983e+00 2.27036953e+00
  1.53436899e-01 8.72446477e-01 3.52825016e-01 5.86563125e-02
  1.96216226e+00 5.26580811e-01 3.96425098e-01 1.08059859e+00
  1.54226387e+00 1.37209761e+00 4.80579996e+00 1.02473199e+00
  1.10057816e-02 5.05250406e+00 6.97009802e-01 6.18934594e-02
  2.85048914e+00 1.48328161e+00 7.37295294e+00 3.15891242e+00
  3.85435319e+00 1.31559134e+00 1.95506120e+00 1.61363876e+00
  3.33344460e+00 9.91296768e+00 1.03585701e+01 6.92655039e+00
  5.06797934e+00 1.38299477e+00 3.70036697e+00 1.89322782e+00
  2.09674931e+00 8.98795795e+00 7.86002970e+00 1.95877934e+00
  8.33611131e-01 3.42967296e+00 6.35836458e+00 3.44137406e+00
  8.38032603e-01 2.44473195e+00 5.31634998e+00 0.00000000e+00
  1.08078432e+00 6.32352543e+00 1.56526297e-01 1.58065879e+00
  1.18951476e+00 3.25068802e-01 9.45210755e-01 1.54694533e+00
  5.65041780e+00 1.98654568e+00 5.81780672e-01 9.04186249e+00
  1.03075752e+01 1.32675266e+00 1.14101720e+00 1.07646132e+00
  4.18827963e+00 2.21466637e+00 1.39903092e+00 5.12164211e+00
  4.15353203e+00 0.00000000e+00 0.00000000e+00 6.33915007e-01
  8.08193684e+00 6.85046053e+00 9.57506847e+00 6.71597481e-01
  6.98483467e-01 4.16559838e-02 1.55903256e+00 2.83164889e-01
  6.24680710e+00 1.00541806e+00 0.00000000e+00 2.07007933e+00
  5.06115377e-01 5.70315346e-02 3.93606806e+00 2.21136928e-01
  2.14674664e+00 1.48528326e+00 2.62014747e-01 0.00000000e+00
  3.75037789e-01 2.98957266e-02 1.38323426e+00 2.02886868e+00
  4.16056395e+00 5.33377647e-01 1.75151002e+00 1.68446139e-01
  5.60725927e+00 7.65945017e-01 4.09761742e-02 4.38476706e+00
  3.23369265e-01 2.30727315e+00 1.90150857e+00 3.50049362e-02
  4.41892433e+00 6.76412725e+00 1.26927471e+00 2.91102752e-02
  6.90972233e+00 1.10642886e+00 8.52478695e+00 1.34207034e+00
  1.13269842e+00 1.02382934e+00 5.33112764e+00 1.02281608e-01
  1.04116857e+00 0.00000000e+00 0.00000000e+00 5.25096273e+00
  2.78912044e+00 3.80893618e-01 6.95728302e+00 3.79347849e+00
  6.64694130e-01 1.76532650e+00 2.13755155e+00 4.09850693e+00
  4.41089720e-01 0.00000000e+00 2.40402055e+00 0.00000000e+00
  2.78677058e+00 8.58833694e+00 1.18092549e+00 0.00000000e+00
  1.41988063e+00 5.86582303e-01 1.30849648e+00 1.22595334e+00
  0.00000000e+00 1.99117982e+00 3.76594567e+00 0.00000000e+00
  2.05575275e+00 9.47370720e+00 5.14246368e+00 9.19465542e-01
  3.37777710e+00 7.99887776e-01 2.53682899e+00 2.42616653e+00
  5.91520643e+00 3.78828049e+00 9.54628944e+00 1.87571776e+00
  1.52371311e+00 3.58336627e-01 1.92709160e+00 6.91006517e+00
  0.00000000e+00 2.18899822e+00 4.31988537e-01 6.07698536e+00
  4.57225926e-02 1.74363971e+00 1.90918374e+00 8.87742710e+00
  1.38555222e+01 3.52235526e-01 1.51847601e-01 2.21780777e+00
  1.42028868e+00 1.99483633e+00 1.48859704e+00 4.57985580e-01
  3.49733853e+00 5.97528219e+00 6.54433489e-01 2.16838694e+00
  6.36721039e+00 7.80682707e+00 1.73078140e-03 2.01254559e+00
  6.32319164e+00 3.62355351e+00 7.92975605e-01 3.68042159e+00
  2.44639444e+00 3.74402738e+00 3.56291294e+00 2.26798725e+00
  3.06691003e+00 5.05261302e-01 3.42248417e-02 1.24781141e+01
  5.45055091e-01 2.74244809e+00 6.37057018e+00 4.14899318e-03
  5.44573665e-01 8.73922408e-01 2.78195572e+00 1.52285087e+00
  1.78239894e+00 7.95400798e-01 7.57246673e-01 1.38070035e+00
  8.11603606e-01 1.58115983e-01 5.23507416e-01 6.20812750e+00
  4.79653120e-01 4.91763449e+00 5.87572336e-01 1.09780035e+01
  4.36654043e+00 5.43717861e+00 1.45268762e+00 2.15132332e+00
  8.57987225e-01 1.10427594e+00 4.90321331e-02 5.86148071e+00
  6.68229580e+00 2.43847847e+00 0.00000000e+00 1.24147320e+00
  9.30250525e-01 0.00000000e+00 3.00737530e-01 4.90636301e+00
  2.31987000e-01 3.12192798e-01 1.06399953e+00 1.02307606e+00
  4.92754936e+00 4.14191675e+00 7.24520564e-01 6.10097313e+00
  6.77683926e+00 3.58252430e+00 2.40212893e+00 4.00923252e+00
  8.39485836e+00 3.80863214e+00 1.36959791e+00 4.98088455e+00
  1.01244502e-01 4.49977636e+00 3.60368371e+00 1.69288945e+00
  2.10858631e+00 0.00000000e+00 1.45517921e+00 1.53796649e+00
  2.07885480e+00 4.32741642e-01 1.26848662e+00 2.61520948e-02
  6.82145894e-01 6.95079756e+00 4.01991034e+00 1.44352806e+00
  7.55702019e-01 1.61547387e+00 5.66043332e-02 3.97172570e+00
  7.35977590e-01 1.08542929e+01 1.32693684e+00 2.28022981e+00
  1.96268225e+00 2.81002283e+00 8.18451214e+00 1.76747844e-01
  3.71717304e-01 3.36995625e+00 1.97975528e+00 6.89947891e+00
  3.72951674e+00 1.60748756e+00 8.36201489e-01 1.88399470e+00
  9.10352647e-01 2.22646880e+00 1.66128170e+00 1.02092218e+00
  6.46285009e+00 2.00980616e+00 2.61685371e+00 4.99697328e-01
  2.37031960e+00 1.46912903e-01 8.79666233e+00 2.57103896e+00
  5.05460024e-01 5.58434706e-03 3.44569087e+00 5.64009547e-01]]