[[8.67308319e-01 1.02621019e+00 4.38504666e-01 1.01017308e+00
  7.33653486e-01 4.40475988e+00 4.42046070e+00 4.74091625e+00
  8.17527026e-02 8.33080113e-01 6.99983311e+00 1.93352604e+00
  1.24638581e+00 7.56930685e+00 2.92227960e+00 2.61674523e+00
  1.81002751e-01 2.39224479e-01 1.32408535e+00 2.80325484e+00
  3.85859847e-01 4.30296135e+00 1.32122540e+00 0.00000000e+00
  0.00000000e+00 1.82930410e+00 2.26582214e-01 2.39523668e-02
  1.25600547e-01 8.56520534e-02 1.12005830e+00 5.65916967e+00
  8.02562416e-01 3.36252737e+00 5.33306301e-01 0.00000000e+00
  1.42371762e+00 4.68763858e-02 5.06798172e+00 3.47181487e+00
  8.67894709e-01 3.69564104e+00 1.47158968e+00 5.76475561e-01
  0.00000000e+00 1.71969008e+00 5.96258974e+00 5.74915051e-01
  1.48920238e+00 9.49819267e-01 9.19852629e-02 3.86764966e-02
  4.95607644e-01 2.98871374e+00 3.08053422e+00 2.25056648e+00
  8.43604267e-01 1.05645275e+01 1.36909470e-01 2.15706587e+00
  2.17126679e+00 1.70650625e+00 1.11340504e+01 6.48561049e+00
  2.98716807e+00 7.88421488e+00 0.00000000e+00 4.05502129e+00
  3.03995430e-01 8.87385726e-01 3.96436286e+00 3.35042208e-01
  2.01979533e-01 3.22836804e+00 4.10030335e-02 9.15969253e-01
  1.17847633e+00 0.00000000e+00 2.37498879e-01 1.48421836e+00
  3.07992363e+00 2.30078697e+00 4.02558327e+00 8.20570469e-01
  8.37339461e-01 5.33996439e+00 0.00000000e+00 1.92102507e-01
  3.39008355e+00 5.40677130e-01 5.04261541e+00 3.34316897e+00
  1.54416907e+00 3.34295487e+00 3.40584922e+00 5.42872190e-01
  1.06083429e+00 1.48739338e+00 4.81007481e+00 5.87567997e+00
  5.18781781e-01 3.43152976e+00 6.55602551e+00 3.77678227e+00
  2.79751360e-01 1.55427992e+00 1.78795922e+00 1.03171420e+00
  6.99277461e-01 2.93978043e-02 2.07431889e+00 1.56947422e+00
  1.28409208e-03 3.86027694e+00 2.11683393e+00 9.81430829e-01
  2.74443364e+00 1.55646253e+00 3.51431274e+00 1.19026482e-01
  1.79799235e+00 1.76394355e+00 3.52120996e-01 2.15949535e+00
  6.55001879e-01 3.10883999e+00 0.00000000e+00 7.45625138e-01
  4.19484437e-01 2.33013248e+01 1.92245379e-01 1.86549795e+00
  2.27795744e+00 4.37187254e-02 6.30157292e-01 3.10685086e+00
  1.29187095e+00 4.63157368e+00 5.62582731e+00 2.01390004e+00
  1.03539276e+00 9.29304540e-01 1.57982874e+00 3.56769490e+00
  1.42732608e+00 9.92687345e-02 6.34285286e-02 3.46790838e+00
  1.68057358e+00 7.53044307e-01 3.05938554e+00 3.74732757e+00
  5.23183250e+00 3.30735356e-01 7.93639049e-02 3.73987818e+00
  6.70298040e-01 1.98255146e+00 2.04189014e+00 1.40132332e+00
  6.40550673e-01 9.51805949e-01 1.80486798e+00 2.46191472e-01
  7.83752203e+00 1.21723391e-01 1.09040391e+00 4.00661659e+00
  4.44033653e-01 8.09408367e-01 2.11024404e+00 1.34579539e-01
  6.29564667e+00 8.20073700e+00 6.81211174e-01 2.60749441e-02
  3.23027515e+00 1.74903288e-01 1.15989456e+01 1.08324087e+00
  4.33026648e+00 9.58791912e-01 2.08913994e+00 6.73978552e-02
  5.26222885e-01 1.95858574e+00 4.80494976e-01 6.39261842e-01
  2.22600842e+00 1.96434212e+00 0.00000000e+00 2.57716626e-01
  3.76037669e+00 2.95510030e+00 7.60806441e-01 4.61318159e+00
  3.57569993e-01 5.83700299e-01 1.46729600e+00 3.83303738e+00
  1.26505089e+00 4.50184166e-01 3.67559624e+00 7.27896690e-02
  4.85045338e+00 6.09262586e-01 1.47579670e+00 7.27539649e-03
  4.91109639e-01 4.61009979e+00 5.27092256e-02 1.49713099e+00
  8.77445936e-01 2.01700354e+00 1.99725759e+00 0.00000000e+00
  1.01242614e+00 0.00000000e+00 1.28011513e+00 4.41228771e+00
  2.26987219e+00 1.76580656e+00 7.35568285e-01 4.12086248e+00
  4.99955982e-01 9.67206299e-01 3.95374566e-01 1.07315004e+00
  1.94090867e+00 5.86984396e-01 8.21669006e+00 1.54133573e-01
  2.48036265e+00 4.94749367e-01 2.88172507e+00 1.71534979e+00
  1.12496591e+00 1.21425095e+01 4.59644508e+00 2.93946624e-01
  3.23463917e-01 8.87160674e-02 4.37845850e+00 9.16286767e-01
  6.77006304e-01 1.26188421e+01 6.59860563e+00 3.05687857e+00
  2.71759129e+00 1.16703784e+00 2.15189123e+00 8.97407591e-01
  1.98712754e+00 2.97925901e+00 1.50028896e+00 1.33879989e-01
  4.32016909e-01 8.20768714e-01 1.08804882e+00 1.26555359e+00
  1.58205020e+00 3.13979626e-01 6.50343239e-01 1.26786029e+00
  6.24450624e-01 1.11898255e+00 1.60481513e+00 2.46191049e+00
  4.51157093e+00 7.27904797e-01 1.67120719e+00 0.00000000e+00
  2.31368685e+00 1.60380948e+00 3.58377576e-01 1.60671389e+00
  6.39758635e+00 1.02284408e+00 7.07973659e-01 3.07965612e+00
  2.55417299e+00 2.17484140e+00 8.11042786e+00 1.15089320e-01
  0.00000000e+00 0.00000000e+00 5.73314428e+00 4.68534887e-01
  9.43868041e-01 3.54284763e+00 0.00000000e+00 1.13498354e+00
  1.99000806e-01 3.05096769e+00 3.01178885e+00 4.15348434e+00
  8.24379206e-01 1.09474289e+00 2.90215778e+00 5.32662809e-01
  3.22515035e+00 2.50750124e-01 2.26138639e+00 1.45126939e+00
  7.51335859e-01 2.47258902e+00 2.66520786e+00 8.23082447e-01
  4.69355047e-01 1.72733232e-01 8.46566200e-01 4.95813656e+00
  2.55173111e+00 4.72802520e-02 9.79386139e+00 0.00000000e+00
  3.81348348e+00 5.15014648e+00 8.59811127e-01 7.65787363e-02
  4.77538157e+00 5.95072794e+00 8.05811024e+00 1.80872631e+00
  5.86560786e-01 4.54413891e-01 3.49702477e+00 0.00000000e+00
  1.05189867e-01 0.00000000e+00 2.57928705e+00 6.15019083e+00
  2.16397476e+00 1.85589463e-01 8.33913040e+00 2.00509095e+00
  4.44279343e-01 1.04451132e+01 3.70917892e+00 4.96763086e+00
  7.30470955e-01 0.00000000e+00 1.16552818e+00 6.42926455e-01
  8.37726533e-01 4.03520250e+00 1.04939866e+00 8.23349282e-02
  2.66817665e+00 1.57846466e-01 3.08106995e+00 2.60445625e-02
  1.95329916e-02 1.18710232e+00 2.51140118e+00 0.00000000e+00
  2.97735393e-01 1.10493402e+01 8.00988793e-01 4.86120462e-01
  9.29218483e+00 1.10760236e+00 1.70713663e+00 1.02311444e+00
  7.56296635e+00 1.90388691e+00 9.55582333e+00 1.06578183e+00
  0.00000000e+00 3.20983422e-03 2.82418227e+00 1.04464340e+00
  2.44098410e-01 2.19311595e+00 7.49176025e-01 8.19675386e-01
  1.34866133e-01 4.22703171e+00 1.25520110e+00 1.39323747e+00
  1.65985050e+01 1.06790280e+00 2.33873755e-01 3.14190149e+00
  8.88917863e-01 9.41414416e-01 1.80980515e+00 8.56427431e-01
  1.49636161e+00 3.62630272e+00 0.00000000e+00 2.41938329e+00
  2.42279291e+00 2.89782381e+00 3.03152055e-01 2.34701204e+00
  7.00148106e+00 1.12063289e+00 6.29219818e+00 2.20166063e+00
  3.97523308e+00 5.53771591e+00 1.13507128e+00 7.54578638e+00
  2.93333626e+00 2.33969831e+00 0.00000000e+00 5.18323708e+00
  1.10228384e+00 2.02157974e+00 5.25945377e+00 9.25485194e-01
  2.34622622e+00 1.62103987e+00 5.74512291e+00 5.14158569e-02
  1.72109795e+00 1.57461548e+00 2.18464684e+00 1.44038320e-01
  1.31233263e+00 0.00000000e+00 1.89725351e+00 4.03326750e+00
  1.71174371e+00 2.77729774e+00 6.51947021e+00 1.12674036e+01
  3.31500232e-01 1.84034675e-01 3.51480674e-03 1.27532387e+00
  7.45006704e+00 1.19653106e+00 5.24890065e-01 8.58763885e+00
  4.49147511e+00 1.09352398e+00 5.18313289e-01 3.63003063e+00
  0.00000000e+00 8.50736201e-01 1.34261525e+00 3.17097694e-01
  1.49045360e+00 0.00000000e+00 1.98760891e+00 6.03206277e-01
  6.60047388e+00 6.79969609e-01 6.49767518e-01 3.02079368e+00
  3.34314466e+00 6.02699852e+00 3.91104031e+00 1.44809401e+00
  8.24873734e+00 3.47026563e+00 4.59478676e-01 8.82926702e-01
  4.76723075e-01 1.78569806e+00 1.74468470e+00 4.56507921e+00
  2.14768201e-01 1.59453297e+00 4.46674883e-01 1.08071983e+00
  7.04731226e+00 2.46269751e+00 1.29289484e+00 1.12349904e+00
  8.81049111e-02 4.52761698e+00 7.06102705e+00 2.09978390e+00
  0.00000000e+00 1.99455410e-01 6.69302642e-01 1.54521239e+00
  1.10591829e+00 1.60927463e+00 9.10641789e-01 4.63320684e+00
  1.21505253e-01 0.00000000e+00 6.46206522e+00 1.70076743e-01
  3.07984591e-01 0.00000000e+00 2.60911846e+00 1.38846171e+00
  5.95787001e+00 5.19507170e-01 2.43252707e+00 2.47703195e+00
  3.42397541e-01 2.56678820e+00 1.70202553e+00 1.34339738e+00
  1.45862780e+01 6.72205567e-01 1.94701552e+00 1.68094242e+00
  1.05556285e+00 1.10183215e+00 7.95017290e+00 2.89342856e+00
  8.35173965e-01 8.05850267e-01 6.40421581e+00 1.54530752e+00]]