[[ 0.24537644  1.007557    2.007743    0.          3.1282961   5.5692654
   0.8840246   0.49186555  0.01643294  2.7620564   1.0394201   1.450481
   2.403436    7.3133674   0.01575967  3.3969555   3.0516071   0.21181302
   1.2515725   6.649467    1.3739917   5.441588    3.4268317   5.4078875
   2.3763223   4.41207     3.121104    6.57334     4.212154    0.62907994
   0.20674637  0.40790382  2.8325543   1.9985591   1.0253315   3.4478931
   1.1941481   0.03660246  1.710023    0.7015056  12.437287    2.0642347
   3.166057    5.5135517   0.0314504   0.44919264  5.465407   10.159453
   2.6350782   0.28061238  2.3747292  10.048689    1.7578944   2.951304
   2.4860375   7.7231407   1.1579176   1.4366293   0.5547468   0.3914911
   1.1856452   0.45775962  7.7363114   3.9608278   0.03600617  1.9630072
   1.6241689   0.9546019   4.3350806   5.6352534   3.0220885   1.8441018
   1.714019    3.6017652   2.0570474   1.0781696   1.3815167   0.52823675
   3.4185934   1.90206     0.          3.4395952   4.237195    0.12182569
   1.3838766   7.0110345   2.520742    0.57266176  0.8103029   2.575644
   4.9300575   3.6345127   0.8716827   9.490073    4.1296654   1.0146626
   0.42031214  0.9718697   0.47950083  3.5292783   0.6048872   2.6381042
   1.4967027   3.6624227   0.23919691  1.5957325   3.9268095   2.1976697
   1.8725647   0.19003429  2.635229    0.8811222   0.11128225  2.872133
   1.0463238   0.07459593 13.188525    0.          0.          3.8180463
   2.5995247   1.1385072   0.89110816  1.6396023   8.159012    3.2623243
   1.824352    0.2818123   1.5302327  14.615793    2.2665527   0.20611002
   3.2923017   2.3670564   4.2057223   1.93562     0.35044527  4.4211464
   1.4904729   2.1408854   3.0591948   2.5408938   0.54281104  4.2047977
   4.232853    4.430964    6.980939    0.          0.39118475  5.257072
   1.7651483   5.9466453   0.8528447   2.7386305   1.6282191   0.48600104
   0.920198    2.0211086   0.45611963  0.59451675  0.99374974  6.856137
   1.734602    0.47580197  3.7405338   0.90747523  0.14229314  1.0898111
   0.1225538   1.3896613   4.302555    1.7584034   2.1343973   2.5797167
   0.29482177  1.6713231   7.6790686   4.991695    0.49264768  5.7685385
   0.          3.8659258   4.75287     0.6284935   3.4795723   2.8016279
   9.380873    0.48529875  0.58591336  3.216852    4.2942386   0.
   0.         15.11314     1.2130449   0.          0.          2.188632
   0.5974451   0.34793434  2.4480684   2.2799582   2.8857455   2.1295047
   1.952703    1.5000159   0.84303427  5.319794    2.3380663   9.428543
   1.5793492   1.224692    1.1353577   2.3278534   6.025427    0.8047887
   2.605197    0.          2.0906065   2.8099802   3.0871887  11.32985
   3.4839032   0.88213396  1.8119508   3.3302996   0.7991873   4.3485518
   0.31209257  2.9851909   0.09714442  3.1578352   4.7301326   1.3050067
   0.180716    3.1912618   3.6607127   6.3103733   5.623291    1.1348834
   0.7359004   1.0816324   1.2153541   4.1068907   0.8785759   3.8088412
   5.1187434   2.1094513   1.096568    2.190977    6.8143473   0.70554763
   3.5727298   0.70447075  3.5143986   0.12859021  3.4819303   0.01932387
   0.41147402  0.7451652   0.94366056  2.0115757   5.5070815  10.01021
   0.64078283  0.41121125  0.2112505   1.0559615   9.432164    0.77818805
   5.728599    0.24228552  2.646592    4.2625046   2.5772886   0.16413052
   5.11341     4.820658    3.592531    3.70936     8.995509    1.8282943
   4.2085137   1.5672225   0.59985894  0.2506113   3.4052894   2.370292
   4.9737363   0.9904594   1.0205122   0.6557792   2.2448137   0.7158861
   2.3527062   5.364453    1.1171901   3.7671123   2.0037355   0.58882874
   1.0058866   5.529451    3.0294847   0.1489994   3.4849741   4.9887276
   6.0448465   1.4600623   0.30665886  0.9287133   3.8691044   0.8878001
   1.4957994  10.705668    1.0154766   1.4725956   5.28512     2.5423665
   4.0720844   3.633422    0.2090801   4.674886    3.1309679   1.4703076
   2.784044    4.3852444  10.182788    0.75484955  4.586759    0.2181741
   1.3799635   6.283857    0.67408377  2.655203    2.2986164  12.145732
   6.4651637   3.3817387   2.377737    0.41585618 12.500391    1.6798055
   3.076369    0.69702196  1.1401476   0.07090196  7.478862    2.0602286
   4.085324    0.5391952   1.1243323   0.6237744   3.0059683   3.2468324
   1.1624324   1.4315904   0.43504384  5.816014    1.4599339   4.651838
   0.34981528  2.2663927   2.3952837   8.540022    1.7185681   2.0424147
   5.687741    0.18403798  3.0383656   0.05874473  1.7189509   2.0386698
   6.476619    0.65834504  2.0382133   2.4619687   1.6718019   6.3839335
   0.5160575   3.3573952   6.444434    3.1727064   1.5546106   7.2783165
   1.2871052   0.33059695  5.167966    0.26423723  1.2369308   6.112109
   2.3096774   2.800236    1.3509994   1.4849944   0.5281872   0.74851817
   2.2991045   4.843075    3.5871987   1.0684725   1.8116407   7.85661
   3.4130394   1.9973904   8.511576    1.0954593   0.1030983   0.7231377
   3.2458434   9.583629    1.7449151   0.39170077  0.05159267  0.3627186
   1.0565081   1.6496054   1.4594433   0.          2.8110301   1.5353972
   2.568205    0.61553895  0.          1.6417538   3.3652072   1.033592
   2.519241    2.5074403   2.1806877   2.393216    1.9576802   1.980105
   3.0550478   0.39109138  0.18972035  3.3244925   1.3427988   3.8135052
   1.0634989   2.0371532   1.1096392   3.4242795   0.4319996  10.34313
  12.114151    6.7191854   4.8190746   3.8802235   1.4171817   1.6237516
   0.          3.7266085   1.7196741   9.871908    3.0278807   0.49854612
   3.236372    3.6428876   0.4077834  12.64709     0.7720213   3.65831
   4.957965    2.6568184   0.37860474  1.5647093   0.7819716   1.109889
   4.686357    2.1581793   1.9483317   2.4724338   2.4311705   2.746933
   0.44094023  0.6945618   1.137561    5.717238    0.1338313   3.2397728
   0.0735488   0.82714665  0.14006251  1.8193833   0.2985471   0.5068125
   1.8587015   2.0477014   7.5327067   4.568186    1.613346    0.73038626
   2.882337    4.2589216   7.2600465   3.0155997   3.1127145   3.1314058
   2.1081312   1.4364879   4.6199555   1.3281913   0.78765136  0.04968139
   5.393109    0.8146563   4.8031454   1.6482469   1.6951594   1.5282398
   2.0824287   2.0497496 ]]