[[1.21526934e-01 1.56826937e+00 1.07683551e+00 3.76347482e-01
  1.73819435e+00 2.71786427e+00 1.13956332e+00 4.10183817e-01
  1.60847127e+00 3.42422581e+00 2.78111863e+00 1.70395255e+00
  1.81322622e+00 6.18429244e-01 2.47627783e+00 1.60420585e+00
  0.00000000e+00 3.92353010e+00 0.00000000e+00 5.93764210e+00
  3.29401422e+00 1.03111687e+01 1.52304485e-01 3.72254777e+00
  7.23045170e-01 4.48642206e+00 2.91117668e+00 6.98876441e-01
  1.78514436e-01 4.03146935e+00 1.08832097e+00 1.25742531e+00
  4.55846757e-01 4.61585760e+00 1.09199524e+00 8.04670513e-01
  1.46970510e+00 7.54474580e-01 1.02603350e+01 1.96816850e+00
  2.84820318e-01 5.04213905e+00 3.12968731e+00 9.75142670e+00
  0.00000000e+00 2.46174192e+00 2.00012833e-01 2.67347074e+00
  5.32357836e+00 3.18080664e-01 7.88940477e+00 3.54031777e+00
  6.42796099e-01 0.00000000e+00 4.10564470e+00 1.52326417e+00
  2.19880033e+00 3.74762154e+00 1.29078269e+00 4.62753206e-01
  1.77953076e+00 3.80568862e+00 6.91879940e+00 2.95819879e+00
  1.01856656e-01 7.18323529e-01 6.41012669e-01 1.07319021e+00
  7.53963995e+00 2.88120151e+00 5.13909626e+00 3.46121812e+00
  1.83113039e+00 9.93272126e-01 2.51024342e+00 3.06170285e-01
  1.12986183e+00 0.00000000e+00 2.40206027e+00 0.00000000e+00
  1.61160067e-01 6.34922934e+00 2.72017598e+00 3.12260717e-01
  4.37317657e+00 1.26213093e+01 2.74937940e+00 1.63386905e+00
  2.63646126e+00 3.18361335e-02 5.50150347e+00 3.80602241e+00
  4.96317208e-01 7.08398438e+00 8.68581474e-01 1.36820793e+00
  4.38565701e-01 1.57899010e+00 2.24826622e+00 2.10108829e+00
  3.44023132e+00 3.24262214e+00 1.23611374e+01 7.18904209e+00
  0.00000000e+00 0.00000000e+00 7.88557231e-01 4.78442049e+00
  7.91565943e+00 4.84612179e+00 6.20282829e-01 5.17703652e-01
  1.45436496e-01 1.43229938e+00 4.18992329e+00 1.67929363e+00
  4.32498884e+00 6.62330240e-02 0.00000000e+00 6.68870628e-01
  1.30477560e+00 8.54149938e-01 1.87868190e+00 2.84228992e+00
  2.38739109e+00 1.74120903e+00 2.73917168e-01 1.99789441e+00
  2.90858054e+00 5.79038858e+00 7.30556059e+00 7.82460499e+00
  4.83573198e+00 7.49314845e-01 1.84269261e+00 1.91328478e+00
  0.00000000e+00 7.75980115e-01 2.62440729e+00 6.40827119e-01
  3.08078289e-01 4.45712239e-01 0.00000000e+00 4.52791119e+00
  4.82127953e+00 1.39965677e+00 1.05491590e+01 9.28734362e-01
  0.00000000e+00 1.45591938e+00 0.00000000e+00 4.97590542e-01
  2.90691638e+00 3.74627042e+00 2.73568130e+00 6.73259318e-01
  0.00000000e+00 1.19562874e+01 6.49744630e-01 7.83906579e-01
  4.13556480e+00 1.77069569e+00 4.90419006e+00 1.60814929e+00
  2.56078815e+00 4.48153257e+00 0.00000000e+00 2.56855679e+00
  4.80863380e+00 1.13978672e+00 6.28503847e+00 2.93640208e+00
  5.17677927e+00 9.70447600e-01 4.02114391e+00 3.83722067e-01
  0.00000000e+00 0.00000000e+00 7.75147247e+00 1.98547482e+00
  0.00000000e+00 7.21054614e-01 6.21221066e+00 0.00000000e+00
  2.19494924e-02 2.27042294e+00 9.41752672e-01 4.55880594e+00
  9.38401413e+00 8.54478645e+00 8.24543715e-01 0.00000000e+00
  0.00000000e+00 2.94700909e+00 1.25133193e+00 1.66035879e+00
  2.16712713e+00 0.00000000e+00 1.84909737e+00 1.20006931e+00
  1.30785999e+01 5.04148197e+00 0.00000000e+00 1.69294846e+00
  4.34524965e+00 4.55864525e+00 2.42955112e+00 3.88378739e+00
  1.10742855e+00 1.86316299e+01 1.86913645e+00 7.31786680e+00
  2.66952276e+00 3.03698921e+00 0.00000000e+00 4.45278835e+00
  2.05289316e+00 2.25134254e+00 1.33274400e+00 1.96121728e+00
  9.10566330e+00 4.97229862e+00 7.02203798e+00 1.88020837e+00
  7.72703469e-01 1.66194260e+00 7.92338896e+00 2.74408555e+00
  4.84446955e+00 9.15191352e-01 1.95779026e+00 2.64918399e+00
  3.58583093e-01 8.87908459e-01 1.99197376e+00 7.79553175e-01
  4.80689526e-01 1.32695687e+00 0.00000000e+00 3.19492483e+00
  5.74469447e-01 1.52384996e-01 1.29216397e+00 2.06656408e+00
  1.12466502e+00 9.28882313e+00 3.57510352e+00 0.00000000e+00
  3.92419672e+00 2.86961961e+00 5.78336239e-01 3.08862638e+00
  1.18477547e+00 2.33002281e+00 1.56500328e+00 1.46392941e+00
  5.46298996e-02 6.81560516e+00 3.47682810e+00 1.12506819e+00
  4.23197174e+00 8.45886707e-01 1.41172260e-01 4.79130125e+00
  2.76993608e+00 1.37679100e+00 4.13660526e-01 2.71669960e+00
  1.27627170e+00 2.13480759e+00 7.32243824e+00 0.00000000e+00
  2.87229490e+00 2.50255251e+00 1.15714657e+00 2.90336800e+00
  1.20000410e+01 4.73025262e-01 4.03958291e-01 1.05224645e+00
  6.88623238e+00 1.12257588e+00 0.00000000e+00 3.05140662e+00
  2.95207429e+00 1.50976157e+00 2.62771630e+00 3.14677119e+00
  4.33346176e+00 6.17672491e+00 0.00000000e+00 3.62793744e-01
  2.06026630e+01 1.24765711e+01 4.41991615e+00 7.11257875e-01
  3.31848055e-01 3.48452544e+00 2.52479672e+00 9.54163909e-01
  0.00000000e+00 2.08718848e+00 3.06041026e+00 3.13978791e+00
  8.04779530e+00 1.06492066e+00 2.44613576e+00 4.20140839e+00
  7.40347266e-01 2.50392079e-01 4.99297333e+00 1.04763150e+00
  3.96280146e+00 3.74501944e-01 3.84421378e-01 3.27727675e+00
  5.01735926e-01 1.55297446e+00 8.01657140e-03 5.93218446e-01
  3.10504168e-01 9.97298622e+00 3.49900067e-01 1.41057754e+00
  1.85666811e+00 3.58634973e+00 2.43401933e+00 2.37236714e+00
  2.66280890e+00 2.84918785e+00 2.91235894e-01 5.65699530e+00
  1.41715145e+00 2.95970035e+00 4.15929222e+00 2.42953300e+00
  2.89881396e+00 1.86149228e+00 1.98944402e+00 3.56619668e+00
  4.40072864e-01 1.89936125e+00 2.43001127e+00 1.10459983e+00
  3.45939565e+00 1.48872936e+00 5.29274321e+00 6.45293355e-01
  8.19756031e-01 3.86366582e+00 6.57863542e-02 0.00000000e+00
  2.32683837e-01 3.42758083e+00 2.50114560e+00 2.75925326e+00
  9.79060841e+00 3.36565644e-01 5.42738914e-01 1.47814143e+00
  1.56056356e+01 2.40695700e-01 9.74020863e+00 6.15558684e-01
  1.06565399e+01 2.89040983e-01 9.53991532e-01 2.24950600e+00
  8.85859728e-01 2.45109320e+00 1.10568805e-02 4.49398577e-01
  3.40288615e+00 1.29321003e+00 3.46041298e+00 5.59490383e-01
  6.50219965e+00 3.37355280e+00 1.81214765e-01 8.36147594e+00
  1.08236015e+00 3.33239508e+00 1.95358586e+00 1.49405861e+00
  2.43108511e+00 1.25927591e+00 1.39136761e-01 8.89121175e-01
  5.43570995e-01 1.30446804e+00 7.94848585e+00 1.34269547e+00
  2.66335058e+00 1.82981980e+00 7.54927301e+00 2.44612360e+00
  3.01280689e+00 2.13478732e+00 1.38290250e+00 1.61726370e-01
  4.02601147e+00 5.11531544e+00 5.91480970e+00 1.26480186e+00
  1.35276937e+00 1.96172631e+00 0.00000000e+00 6.68473434e+00
  1.31230354e+00 2.55466652e+00 5.58590460e+00 2.24259877e+00
  4.36764909e-03 2.53136843e-01 1.57601166e+00 2.33483768e+00
  3.92375857e-01 1.53651893e+00 3.64651251e+00 3.02237892e+00
  1.11987963e+01 5.87976158e-01 5.70660162e+00 5.30884981e+00
  2.02022046e-01 4.23779041e-01 3.78513336e-01 2.24608064e+00
  1.08812976e+00 2.74783731e+00 2.09283829e+00 3.24258852e+00
  4.13173771e+00 9.12663651e+00 6.12735176e+00 1.93893373e+00
  3.16831660e+00 7.28283897e-02 0.00000000e+00 1.43225944e+00
  2.50514120e-01 6.38309360e-01 0.00000000e+00 0.00000000e+00
  1.82646275e+00 1.31266570e+00 5.12053490e+00 1.48011732e+00
  0.00000000e+00 5.52147210e-01 3.68469477e-01 6.09621143e+00
  9.07344520e-01 5.29026890e+00 8.61454582e+00 7.32795954e-01
  1.48297560e+00 1.14614475e+00 3.24991775e+00 7.41620064e+00
  3.30900818e-01 1.89732456e+00 1.67746216e-01 2.76555896e+00
  1.76539689e-01 9.06844020e-01 2.04668450e+00 2.92268753e-01
  2.64997387e+00 8.56291711e-01 7.64682055e-01 9.48517472e-02
  5.11134005e+00 5.06082535e+00 1.00790732e-01 1.35568535e+00
  9.95076478e-01 4.08202028e+00 4.27216721e+00 1.26943886e-01
  6.08848095e-01 1.70081630e-01 3.37432432e+00 2.60040492e-01
  8.82427320e-02 3.20796704e+00 0.00000000e+00 5.57087231e+00
  6.27855015e+00 3.66497064e+00 4.34337854e+00 1.74110806e+00
  1.35626566e+00 4.41960365e-01 6.11698532e+00 2.98324871e+00
  1.17922628e+00 2.66451621e+00 2.87219167e+00 5.56713676e+00
  8.05767298e-01 1.93218911e+00 2.91772723e-01 7.75746107e-01
  3.77269769e+00 9.08006608e-01 4.69563246e+00 4.60712433e-01
  4.26394880e-01 6.93053126e-01 1.82450700e+00 3.47451977e-02]]