[[1.22683156e+00 4.55128640e-01 1.82289445e+00 7.35222816e-01
  1.84774593e-01 1.83236837e+00 2.78234959e+00 5.46178401e-01
  8.59504521e-01 2.89053106e+00 5.32700956e-01 1.02059364e+00
  9.16066170e-01 4.03600979e+00 8.50367621e-02 6.31613910e-01
  2.10208821e+00 5.04354417e-01 6.69333124e+00 4.81267548e+00
  2.65308452e+00 6.42950487e+00 3.79620051e+00 2.46657419e+00
  1.76191062e-01 2.46598339e+00 2.00180483e+00 1.85631466e+00
  3.49279881e+00 2.74210870e-01 1.40993977e+00 4.96096671e-01
  2.04679698e-01 6.59729671e+00 8.63239050e-01 2.61045564e-02
  5.44309974e-01 1.88012570e-02 4.47824860e+00 7.17892110e-01
  4.46957922e+00 7.06198549e+00 2.23245025e+00 5.86800385e+00
  1.19649284e-01 2.96539378e+00 2.77312279e+00 8.57280493e-01
  1.04606450e+00 4.87248510e-01 7.92520165e-01 1.63035238e+00
  6.42825617e-03 5.79226017e+00 2.39802456e+00 4.25153434e-01
  2.92557549e+00 4.90802431e+00 0.00000000e+00 5.88256788e+00
  0.00000000e+00 3.41688561e+00 1.93692815e+00 2.99879456e+00
  5.36997497e-01 7.36849427e-01 3.15980941e-01 1.83125448e+00
  2.04534078e+00 1.02068210e+00 2.31718206e+00 1.81070817e+00
  1.16908205e+00 5.49094868e+00 4.28172779e+00 1.72083402e+00
  1.53672898e+00 0.00000000e+00 2.88443297e-01 3.97882199e+00
  4.68590689e+00 8.09020162e-01 4.89736605e+00 8.41337919e-01
  1.20370567e+00 1.84910440e+00 5.72215974e-01 3.18522453e+00
  1.47727013e+00 0.00000000e+00 1.69539702e+00 2.03163338e+00
  2.67021346e+00 4.28639317e+00 6.36013222e+00 1.98463225e+00
  1.00529695e+00 3.47622919e+00 2.16863632e+00 3.54860711e+00
  2.12085652e+00 8.21185768e-01 3.26025057e+00 2.70501208e+00
  9.88802373e-01 1.43640983e+00 1.31767881e+00 1.60031426e+00
  3.54256988e+00 1.08972751e-01 5.13202238e+00 5.25698066e-01
  1.47873729e-01 2.15384364e+00 4.35182762e+00 1.86180961e+00
  7.63442373e+00 5.97982526e-01 5.55415106e+00 3.45333552e+00
  1.49739230e+00 1.71905085e-01 2.91023701e-01 2.40051937e+00
  0.00000000e+00 3.58531356e+00 8.34998548e-01 0.00000000e+00
  3.13677102e-01 1.87513599e+01 8.47555757e-01 4.75825214e+00
  3.10877919e+00 5.92935503e-01 3.52764577e-02 8.12520695e+00
  1.56843513e-02 2.83635318e-01 2.93147349e+00 9.34109986e-01
  8.79150987e-01 3.50669241e+00 1.62749982e+00 3.41832972e+00
  7.51233757e-01 8.43735114e-02 5.91775656e-01 0.00000000e+00
  0.00000000e+00 8.22767913e-02 1.95473003e+00 1.97184491e+00
  7.90739179e-01 6.09706193e-02 3.67792082e+00 6.38210630e+00
  2.16192389e+00 1.96107829e+00 1.56053042e+00 2.11949325e+00
  4.50080109e+00 0.00000000e+00 3.42345858e+00 1.45241559e+00
  1.50836444e+00 2.35622549e+00 3.66179138e-01 9.42335963e-01
  3.07093120e+00 0.00000000e+00 3.46514392e+00 2.62028694e+00
  3.91587043e+00 1.26742435e+00 3.45652366e+00 4.00063694e-01
  4.43057394e+00 2.85696954e-01 5.67894745e+00 1.25017607e+00
  1.14292955e+00 2.44436517e-01 5.83408737e+00 1.50486863e+00
  4.69463587e-01 5.29954284e-02 0.00000000e+00 1.63300133e+00
  3.74228907e+00 4.02917671e+00 0.00000000e+00 2.56164640e-01
  9.60669041e-01 4.34939241e+00 2.76563859e+00 2.45985538e-01
  2.13678861e+00 1.19237256e+00 0.00000000e+00 6.22689199e+00
  1.00448096e+00 4.76854706e+00 0.00000000e+00 1.15834519e-01
  1.34411681e+00 3.12430620e+00 2.67046504e-03 9.11980987e-01
  1.48215342e+00 1.09200850e+01 3.60287189e-01 3.25901413e+00
  9.83784258e-01 1.29875910e+00 4.19583178e+00 0.00000000e+00
  7.80323595e-02 0.00000000e+00 4.26075131e-01 2.48685265e+00
  7.03235924e-01 2.15702701e+00 1.63139381e+01 3.24037790e-01
  7.05247021e+00 0.00000000e+00 3.81971776e-01 6.72857225e-01
  1.05535157e-01 1.09992790e+00 3.87391043e+00 2.14360332e+00
  4.65219212e+00 1.87944740e-01 9.73078668e-01 0.00000000e+00
  2.19827580e+00 7.80138779e+00 8.29823494e+00 1.85755100e+01
  5.58573186e-01 1.03994824e-01 2.88819313e+00 4.88594961e+00
  2.30482006e+00 7.09079790e+00 9.88903809e+00 1.11580396e+00
  2.31155694e-01 5.20090580e+00 1.13089609e+00 2.41214484e-01
  0.00000000e+00 2.66531348e-01 2.18710971e+00 0.00000000e+00
  3.83237624e+00 3.76724362e+00 3.57827330e+00 1.83484125e+00
  3.83343786e-01 0.00000000e+00 2.97433048e-01 1.00311267e+00
  2.93555307e+00 1.07800341e+00 5.55693579e+00 6.05033207e+00
  4.39809513e+00 2.16653371e+00 6.49411857e-01 1.42989910e+00
  9.01767635e+00 1.39285719e+00 3.94611955e-01 1.02203166e+00
  7.48763704e+00 1.23441415e-02 0.00000000e+00 2.94559526e+00
  7.46163511e+00 4.94602823e+00 8.08038235e+00 1.83878958e-01
  8.46393704e-02 3.26076448e-02 6.39696836e+00 4.08917606e-01
  4.01489067e+00 6.16775036e-01 3.33801270e-01 2.66187549e+00
  1.49209690e+00 4.68761712e-01 5.50377464e+00 6.42847046e-02
  1.47644913e+00 1.43572226e-01 1.97901952e+00 1.31074026e-01
  3.17853522e+00 2.69735742e+00 2.35871768e+00 7.94317126e-01
  1.35770774e+00 2.31828594e+00 4.17436600e+00 1.02095652e+00
  1.61497498e+00 3.13449574e+00 2.27058625e+00 1.26979947e+00
  3.29966021e+00 4.92240954e-03 1.02126579e+01 7.65630782e-01
  4.44807768e+00 6.03387833e+00 1.21136916e+00 3.41642648e-01
  2.42293644e+00 8.53125000e+00 6.17128229e+00 6.78679883e-01
  7.82140374e-01 0.00000000e+00 5.18558359e+00 4.88322288e-01
  5.18706226e+00 0.00000000e+00 3.73849064e-01 3.96311712e+00
  7.41533875e-01 9.87217009e-01 2.07806110e+00 5.21916962e+00
  2.58925527e-01 5.25617339e-02 2.01767898e+00 6.94423246e+00
  2.25970912e+00 7.25832582e-01 1.63784313e+00 5.19833751e-02
  2.23070478e+00 4.52151632e+00 3.76086926e+00 0.00000000e+00
  2.24629736e+00 6.89426947e+00 2.90714383e-01 1.78330076e+00
  2.99164820e+00 3.01605916e+00 3.60215855e+00 1.72736794e-01
  0.00000000e+00 4.20257044e+00 5.05151033e+00 1.55613884e-01
  6.67467690e+00 1.22415209e+00 2.81787813e-01 1.43559098e+00
  4.26865387e+00 2.99234080e+00 5.58684874e+00 2.38539052e+00
  3.09746027e-01 4.80834484e+00 2.64614034e+00 0.00000000e+00
  0.00000000e+00 1.69631600e-01 5.66927481e+00 4.19558465e-01
  2.02143312e+00 0.00000000e+00 1.07259560e+00 4.36465454e+00
  7.65320826e+00 2.12590881e-02 1.80483639e+00 8.64824653e-01
  3.15481091e+00 0.00000000e+00 1.69919324e+00 0.00000000e+00
  1.56751370e+00 3.19964290e+00 1.31202543e+00 2.30732441e+00
  1.45157182e+00 5.30481577e+00 5.65322161e-01 1.92850590e+00
  5.01639485e-01 4.51167345e-01 3.28072166e+00 1.87264979e+00
  2.39484191e+00 4.79943419e+00 2.95065790e-01 2.28926873e+00
  2.18493152e+00 2.46842957e+00 0.00000000e+00 8.05694866e+00
  1.21187985e+00 1.63732386e+00 4.30260086e+00 2.95026928e-01
  0.00000000e+00 1.53383827e+00 4.78357410e+00 8.93204987e-01
  1.63829231e+00 1.46062863e+00 5.18107414e-01 1.72237384e+00
  3.62577748e+00 3.66852498e+00 1.74046648e+00 8.83782673e+00
  5.35232925e+00 9.55641365e+00 1.31421852e+00 5.44684505e+00
  5.96273470e+00 4.90196180e+00 7.47760594e-01 2.38656163e+00
  1.04756606e+00 3.24566245e+00 2.79337615e-01 5.63905478e+00
  8.66929352e-01 0.00000000e+00 3.32919598e-01 3.20787358e+00
  0.00000000e+00 6.34953007e-02 6.53574824e-01 0.00000000e+00
  4.92173815e+00 1.07545696e-01 8.04927588e-01 4.19609845e-01
  1.78705025e+00 3.63409114e+00 2.71538663e+00 1.23381996e+00
  4.13121653e+00 3.02065134e+00 2.49017403e-02 2.11636335e-01
  1.06818228e+01 8.72309446e-01 3.79026324e-01 3.69599009e+00
  4.29577529e-01 4.09411669e+00 4.75756168e-01 1.01840305e+00
  7.96026170e-01 0.00000000e+00 1.08310854e+00 9.47441578e+00
  6.86858058e-01 1.96243107e-01 9.19633985e-01 0.00000000e+00
  5.49439669e-01 3.48700452e+00 1.02371621e+00 8.04298937e-01
  4.78465576e-03 2.09603453e+00 3.95997548e+00 3.01779002e-01
  0.00000000e+00 1.58063793e+01 1.90871370e+00 5.81306696e+00
  2.70754516e-01 7.08307564e-01 5.52592611e+00 1.75164416e-01
  2.04854274e+00 1.35627747e+00 3.11138916e+00 8.17765355e-01
  0.00000000e+00 1.18171081e-01 4.99604511e+00 2.50790381e+00
  2.70942092e+00 1.01645689e+01 4.03050041e+00 1.56390464e+00
  8.81669331e+00 1.40539908e+00 1.86996073e-01 1.14054263e+00
  2.09627652e+00 2.48180342e+00 4.37083292e+00 1.27494919e+00
  4.78213280e-01 2.86620378e-01 5.06001663e+00 3.10423446e+00]]