[[3.23805356e+00 1.33149475e-02 6.60895634e+00 0.00000000e+00
  8.05059135e-01 8.28660488e+00 1.42562246e+00 5.60847282e-01
  1.18557200e-01 3.93438148e+00 9.69287813e-01 3.92064309e+00
  5.65834808e+00 1.84517217e+00 0.00000000e+00 1.31654549e+00
  1.23014772e+00 2.62920547e+00 2.94313240e+00 6.63334417e+00
  0.00000000e+00 5.59244919e+00 7.55493119e-02 9.05830324e-01
  4.57069188e-01 4.07321835e+00 1.75994408e+00 1.30180073e+00
  4.75959492e+00 1.11325550e+00 0.00000000e+00 7.17595148e+00
  4.98300600e+00 2.36646676e+00 1.23750675e-03 7.10941315e-01
  4.54914761e+00 0.00000000e+00 6.67768908e+00 1.64849329e+00
  1.14227695e+01 1.60710204e+00 1.73681736e+00 2.28256059e+00
  2.07402091e-02 0.00000000e+00 5.16552448e+00 6.03909254e+00
  1.71527576e+00 1.41536117e-01 3.95620227e-01 4.25794631e-01
  5.64539969e-01 9.06086206e-01 9.90521789e-01 3.19904137e+00
  1.11207521e+00 1.13119555e+01 3.26106191e+00 7.44119501e+00
  7.47680664e-02 9.18442011e-01 2.75307596e-01 3.05744457e+00
  3.44817460e-01 2.58608520e-01 6.21643829e+00 0.00000000e+00
  3.74647927e+00 9.11121964e-02 2.95504284e+00 7.77249455e-01
  3.91296372e-02 1.04923666e+00 1.09798479e+00 1.51651502e-01
  3.93430066e+00 4.11330432e-01 3.00413489e+00 5.17416191e+00
  2.56788540e+00 2.28183746e+00 2.37403369e+00 3.34079325e-01
  6.03456450e+00 1.93841612e+00 5.51394701e-01 8.55396032e-01
  9.19128323e+00 5.67369282e-01 1.00820076e+00 7.59379864e+00
  2.83895254e-01 3.97299099e+00 0.00000000e+00 1.27709997e+00
  1.21449447e+00 8.79318237e-01 8.41363788e-01 9.46462059e+00
  2.42501760e+00 2.07482719e+00 4.77426720e+00 6.10096788e+00
  8.25567186e-01 0.00000000e+00 3.71038802e-02 2.23501468e+00
  3.35326576e+00 2.55435753e+00 4.90125322e+00 1.08564587e+01
  1.79050994e+00 1.02213192e+01 4.18747425e-01 1.68277502e+00
  1.11342096e+01 2.28695616e-01 2.75472784e+00 1.82448590e+00
  6.05509639e-01 1.13767339e-02 2.44913742e-01 1.55336976e+00
  6.56703663e+00 4.88855839e+00 0.00000000e+00 0.00000000e+00
  3.42682695e+00 1.69488678e+01 1.97174430e+00 2.20427465e+00
  1.12245932e+01 1.60017943e+00 1.69364536e+00 4.40677643e+00
  3.97098780e-01 5.04504442e+00 2.80227995e+00 2.02048945e+00
  1.14279842e+00 1.66017962e+00 5.42098701e-01 7.30014503e-01
  2.80123591e+00 4.43981141e-01 5.31854486e+00 0.00000000e+00
  2.64196604e-01 2.32972217e+00 2.10920238e+01 3.23080516e+00
  1.52166653e+00 0.00000000e+00 1.23760056e+00 0.00000000e+00
  3.04010963e+00 4.69995594e+00 1.26502287e+00 7.60601461e-01
  5.98318815e+00 4.56646395e+00 2.01031828e+00 1.75144404e-01
  1.47545671e+00 6.58848953e+00 0.00000000e+00 1.13542616e+00
  3.54982585e-01 5.86808872e+00 4.32507801e+00 2.73983419e-01
  5.44518614e+00 4.23735571e+00 7.91293263e-01 7.31297314e-01
  0.00000000e+00 2.64710456e-01 1.68843281e+00 4.71254730e+00
  3.90425205e+00 1.28247643e+00 4.47639513e+00 1.12565570e-01
  4.21512985e+00 1.90156078e+00 4.71969748e+00 4.02087113e-03
  2.68144822e+00 6.12716675e+00 6.38667822e+00 0.00000000e+00
  2.16218781e+00 9.71328545e+00 2.28889044e-02 6.16573334e+00
  7.54338205e-02 6.33071089e+00 9.17496085e-02 4.88676429e-01
  4.83815670e+00 0.00000000e+00 0.00000000e+00 1.22543864e-01
  6.46335173e+00 3.10783293e-02 4.14194077e-01 4.18930829e-01
  7.20410824e-01 6.18503571e+00 1.80990207e+00 2.75554538e+00
  3.23115444e+00 1.37768769e+00 9.00635362e-01 4.93922281e+00
  3.13358688e+00 1.89090669e+00 3.41545796e+00 2.21967793e+00
  2.94180103e-02 8.56904793e+00 6.99289382e-01 9.62120247e+00
  7.71388006e+00 1.07738592e-01 1.30468488e+00 6.72032475e-01
  0.00000000e+00 3.67781639e+00 4.35642868e-01 1.31229591e+00
  3.04422402e+00 5.29414229e-02 1.90123662e-01 1.86815441e+00
  1.16347468e+00 3.19337249e+00 1.07843137e+00 1.34314001e+00
  5.45464087e+00 1.24252462e+00 3.82628083e-01 1.91577625e+00
  4.26441479e+00 3.59550476e-01 1.75144863e+00 2.43314222e-01
  2.77575564e+00 3.51772285e+00 8.44228554e+00 5.91670513e-01
  1.74564111e+00 7.18980432e-01 2.24456983e-03 4.07746509e-02
  1.90818489e+00 5.87075174e-01 4.36708546e+00 3.21232128e+00
  1.11910284e-01 2.22126856e-01 0.00000000e+00 4.54387283e+00
  2.21561933e+00 5.93673468e+00 1.22791618e-01 2.08684802e+00
  4.88376760e+00 2.94973612e-01 4.01436377e+00 2.00171328e+00
  1.41316688e+00 1.89967406e+00 5.65178871e-01 4.26605797e+00
  4.29360342e+00 8.04691136e-01 5.88110030e-01 6.54494166e-02
  2.77746344e+00 1.35089993e+00 2.55437660e+00 3.88750672e-01
  5.22262239e+00 1.15490586e-01 3.90021944e+00 1.04056068e-01
  4.68362188e+00 5.02070045e+00 1.88157335e-01 1.79632199e+00
  8.27695906e-01 3.31616402e+00 2.79157591e+00 4.72557485e-01
  6.40682554e+00 4.17320251e-01 4.73857880e+00 0.00000000e+00
  1.97094083e-01 1.06400418e+00 5.38008809e-01 9.05033588e-01
  3.53230059e-01 1.94705081e+00 9.12207127e+00 3.18252397e+00
  0.00000000e+00 9.51778507e+00 4.30702955e-01 5.66702902e-01
  2.77616882e+00 0.00000000e+00 7.78569698e-01 5.07504463e-01
  1.29183435e+00 2.32052135e+00 4.99108225e-01 9.39434648e-01
  1.21291244e+00 6.24650121e-01 2.38907123e+00 4.55758542e-01
  3.27287406e-01 1.54855454e+00 4.45998478e+00 2.33022749e-01
  7.22891331e-01 0.00000000e+00 7.75309741e-01 3.76177996e-01
  4.31638956e+00 9.87265110e+00 5.42108727e+00 3.34122896e+00
  3.75885439e+00 2.51709223e+00 2.75599051e+00 8.09943771e+00
  8.37090373e-01 8.43603313e-01 8.55947077e-01 1.66032922e+00
  2.21423078e+00 4.49163914e+00 3.80993581e+00 5.01687080e-02
  1.59475756e+00 3.25028360e-01 7.64977276e-01 0.00000000e+00
  1.30545869e-01 2.36702538e+00 2.82222891e+00 9.42557454e-02
  5.73800206e-01 7.21030521e+00 8.82087708e+00 9.28404033e-01
  5.59269857e+00 1.71038723e+00 4.16615152e+00 6.07469678e-01
  1.85631406e+00 7.42801523e+00 4.72728443e+00 4.64879084e+00
  2.89775759e-01 0.00000000e+00 1.57110238e+00 2.03762579e+00
  1.35815644e+00 1.30744183e+00 1.87139833e+00 2.93882155e+00
  8.19653988e-01 6.39112473e+00 0.00000000e+00 4.67665434e+00
  4.41334057e+00 1.62376137e+01 7.27532923e-01 1.17881513e+00
  1.21386886e-01 8.04345608e+00 3.81618112e-01 4.49764788e-01
  2.72935915e+00 2.16082048e+00 5.19767618e+00 2.30585313e+00
  2.64239669e+00 3.14922214e+00 5.74820757e+00 1.76973790e-01
  2.39901519e+00 6.01282060e-01 3.88310766e+00 9.04782534e-01
  1.85017094e-01 5.44143677e+00 7.05811501e-01 4.98684978e+00
  4.03084904e-01 3.52037042e-01 0.00000000e+00 2.90459561e+00
  4.51743782e-01 6.96585846e+00 3.15813184e+00 1.90742946e+00
  1.11566678e-01 3.18629932e+00 1.71480513e+00 3.93701583e-01
  8.16629505e+00 1.44890916e+00 1.72807071e-02 1.51242328e+00
  3.47999287e+00 9.83563304e-01 4.96889241e-02 1.09593165e+00
  1.44921637e+00 2.21866846e+00 5.56844282e+00 8.26052475e+00
  4.46565104e+00 4.32013893e+00 1.39245152e+00 4.75871134e+00
  6.86227381e-01 1.43681252e+00 1.43470252e+00 7.43168783e+00
  1.50471389e+00 5.38875103e+00 7.14873493e-01 9.66543853e-01
  0.00000000e+00 6.24202728e-01 4.80891407e-01 2.28947020e+00
  1.61134231e+00 1.34259272e+00 1.22711837e-01 1.89906394e+00
  1.19574821e+00 2.41871364e-02 1.34485216e+01 1.34766340e+00
  5.60448468e-01 2.14249492e+00 3.73572111e+00 1.00026572e+00
  3.84186953e-01 1.37223101e+00 1.09048419e-01 2.99165964e+00
  1.40795290e+00 1.24094105e+00 6.87356055e-01 6.19112909e-01
  1.78050649e+00 2.95152352e-03 2.83202744e+00 1.47407615e+00
  8.44732761e-01 1.21469283e+00 4.02909565e+00 5.10412216e+00
  7.58363664e-01 4.55279970e+00 2.56199032e-01 3.35350037e-01
  1.24527991e-01 9.67835635e-02 1.96702182e+00 2.20632601e+00
  6.36519909e-01 3.12410975e+00 1.09640551e+00 8.33072567e+00
  0.00000000e+00 0.00000000e+00 5.42358589e+00 0.00000000e+00
  4.44116116e+00 3.45416641e+00 1.93071508e+00 4.78226244e-01
  3.68405402e-01 2.19639802e+00 9.51871932e-01 1.78082120e+00
  6.76361465e+00 3.80841160e+00 1.93373740e-01 1.61313027e-01
  2.86706948e+00 4.52523410e-01 0.00000000e+00 1.10346031e+00
  7.07432985e-01 2.19899249e+00 5.38336229e+00 4.81059074e+00
  2.06987277e-01 7.82335624e-02 4.83942002e-01 8.51610899e-01]]