[[0.0000000e+00 8.7073368e-01 7.5473728e+00 4.6963330e-02 3.8362285e-01
  1.1379784e+00 4.2803464e+00 6.1581969e+00 3.5834199e-01 3.8734069e+00
  8.9154357e-01 4.6741953e-01 1.1830369e+00 6.4791739e-01 3.7981524e+00
  1.9672806e+00 4.3746856e-01 3.2303555e+00 0.0000000e+00 5.9620214e+00
  5.1942177e+00 1.9615696e+01 2.3912010e-01 2.8575626e-01 7.1083126e+00
  1.1690214e+01 2.3368938e-01 0.0000000e+00 3.9576823e-01 3.6269158e-02
  0.0000000e+00 2.5264456e+00 3.4528792e-01 2.4790363e+00 0.0000000e+00
  4.3170780e-01 4.8669699e-01 6.1078119e-01 7.8178582e+00 4.4625983e+00
  7.3624892e+00 2.7207601e-01 3.0438590e+00 4.1633725e+00 0.0000000e+00
  1.1318612e+00 6.4487419e+00 2.4042618e+01 4.2556162e+00 7.2886863e+00
  7.1307154e+00 1.1690359e+00 0.0000000e+00 9.8696744e-01 1.7333667e+00
  1.1803038e+00 2.7445469e+00 0.0000000e+00 0.0000000e+00 0.0000000e+00
  0.0000000e+00 0.0000000e+00 6.0193911e+00 7.7370648e+00 4.7034749e-01
  3.4137309e+00 5.1050377e+00 2.6406791e+00 6.6813340e+00 8.1380939e+00
  9.7342271e-01 7.5928122e-02 5.1094246e-01 4.2368407e+00 4.0331383e+00
  6.0924959e-01 3.0838320e+00 0.0000000e+00 1.7036864e-01 5.6118369e-01
  3.8292196e+00 1.4662116e+00 6.2564597e+00 4.9394627e+00 1.8885853e+00
  4.1037464e+00 4.1779971e+00 4.2577977e+00 4.1034561e-01 1.1455325e+00
  9.3245614e-01 4.4332042e+00 8.7563647e-03 1.2326903e+01 4.9718580e-01
  7.5223722e-02 6.4033866e-01 1.8462203e+00 1.6198318e+00 3.2144287e+00
  6.4968282e-01 4.7723370e+00 8.3305225e+00 4.0030503e+00 1.8463370e+00
  3.7069559e-02 3.6512005e+00 5.7422609e+00 0.0000000e+00 1.4093858e+00
  9.7816563e-01 3.2328625e+00 3.4535000e-01 0.0000000e+00 2.3941619e+00
  0.0000000e+00 4.1255417e+00 1.3617221e-01 2.7970025e-01 3.1553707e+00
  0.0000000e+00 3.5010996e-01 2.7862346e-01 9.6162073e-02 1.2704554e+01
  6.0583367e+00 4.8688009e-01 2.2891827e+00 7.4170625e-01 7.3740497e+00
  1.0592137e+01 2.2124106e-02 5.0227423e+00 3.5426486e-01 1.1542792e+00
  1.6194254e+00 9.7786337e-01 1.7617857e+01 4.5188355e-01 1.6162391e+00
  7.1169457e+00 2.2824578e+00 0.0000000e+00 3.0084128e+00 6.0974855e+00
  3.5093913e+00 1.3026658e+00 1.8743266e+00 6.3643676e-01 1.8262675e+00
  5.0365496e-01 1.2395643e-01 1.3632193e+00 0.0000000e+00 1.2473748e+00
  1.9077782e-01 6.4363706e-01 1.8482535e+00 5.8525711e-01 1.0777798e+00
  7.9161949e+00 1.9370274e-01 5.7801943e+00 0.0000000e+00 4.9184046e+00
  8.3338642e+00 4.6944532e+00 2.0032597e+00 0.0000000e+00 8.5614738e+00
  6.8480229e-01 4.0937486e-01 2.2472379e+00 1.0912026e+00 8.8603154e-02
  2.1894739e+00 1.9451767e+00 6.7442999e+00 1.0057791e+01 3.4051476e+00
  0.0000000e+00 1.2031902e+00 2.2345397e+00 1.0461552e+00 8.7166510e+00
  5.0453293e-01 3.4754503e+00 3.2045498e+00 1.4120208e+00 1.4516453e-01
  2.4303728e-01 2.5500827e+00 2.1398610e-01 1.4042232e+01 1.2631366e+00
  3.8180909e-01 1.8046391e-01 0.0000000e+00 9.7263966e+00 2.5724022e-02
  3.4494863e+00 4.0374427e+00 4.0726299e+00 6.3624611e+00 3.5379927e+00
  5.2713501e-01 6.2199545e-01 6.6131437e-01 1.2796687e+00 9.8633652e+00
  6.6138930e+00 3.6870778e+00 4.9547020e-01 4.0851169e+00 2.3682770e-01
  1.1881158e+00 7.0633521e+00 9.0718899e+00 3.6821395e-01 9.1940790e-01
  5.1584029e+00 8.6526699e+00 3.2573853e+00 0.0000000e+00 2.2240353e+00
  6.7938834e-02 0.0000000e+00 3.8262802e-01 1.8533185e+00 6.4026690e-01
  2.5451412e+00 3.4252677e+00 1.4768153e+00 1.3639385e+00 7.6279747e-01
  5.4944527e-01 1.2216178e+01 5.3226323e+00 1.2389784e+00 3.2813556e+00
  0.0000000e+00 5.1199853e-01 1.8975031e+00 4.6700791e-02 1.0419158e+00
  7.1576939e+00 3.5082703e+00 0.0000000e+00 4.0497441e+00 3.4022746e+00
  6.2918347e-01 5.3906083e-01 1.0055948e+00 1.4311439e+00 7.5374527e+00
  1.0661645e+00 1.7384739e-01 9.9751890e-02 5.8536410e+00 0.0000000e+00
  0.0000000e+00 7.3000216e+00 0.0000000e+00 2.6424119e+00 1.3245091e+00
  0.0000000e+00 1.1868958e-02 1.5823721e+00 5.3508053e+00 4.9315223e-01
  1.9453914e+00 1.6381646e+00 4.5917317e-01 2.6473866e+00 7.1250591e+00
  3.7255728e-01 2.4806462e-01 5.3199708e-01 0.0000000e+00 3.4192677e+00
  1.0204779e+01 2.9708178e+00 3.1379426e+00 8.0464182e+00 0.0000000e+00
  3.2159474e+00 1.1374937e+00 2.8492384e+00 2.1445866e+00 5.3222613e+00
  1.4830959e+00 3.8497581e+00 1.3523579e+00 9.2814217e+00 2.6666362e+00
  3.2657716e-01 2.1418233e+00 0.0000000e+00 3.9918389e+00 0.0000000e+00
  1.0371983e+00 1.2131054e+01 0.0000000e+00 2.9753599e+00 2.1696670e+00
  8.1074448e+00 8.2723657e-03 3.5039661e+00 3.6242380e+00 4.5735407e-01
  1.2130063e+00 7.7344956e+00 1.1487021e+00 2.3266897e+00 5.7524004e+00
  8.5724998e-01 9.2568481e-01 1.4368004e-02 1.5406840e+00 3.6293633e-02
  4.6267238e-02 1.0470611e+00 7.2410846e+00 1.9429017e+00 1.5401936e+00
  1.3904923e+00 5.0079813e+00 1.3378498e-01 3.8223927e+00 5.4138145e+00
  1.9051908e-01 3.7687604e+00 1.7025059e+00 0.0000000e+00 6.2823358e+00
  5.4735498e+00 2.9947422e+00 6.3958788e+00 6.1260724e+00 1.9662970e+00
  3.9725695e+00 2.0781686e+00 2.6723132e-01 7.6747084e-01 7.7504647e-01
  5.4642075e-01 3.4648633e+00 4.5907574e+00 1.1169682e+00 9.8260783e-02
  0.0000000e+00 0.0000000e+00 1.4966791e+00 2.2553341e+00 1.5622265e+00
  1.8290451e+00 2.6116602e+00 4.9938507e+00 1.3391423e+00 2.0134392e-01
  7.3028560e+00 1.1221299e+00 1.1568633e-01 7.2656775e+00 4.4587212e+00
  8.5944688e-01 9.9219790e+00 5.1362461e-01 1.7296163e+00 3.5222035e-02
  1.2456599e-01 3.5248559e+00 6.7800057e-01 9.4254189e+00 8.4537548e-01
  4.1804636e-01 2.0857063e-01 1.9169168e+00 1.3000427e+00 4.5083919e+00
  8.7393284e+00 8.6666803e+00 1.7159480e-01 1.1056664e+00 2.9325473e+00
  1.1996038e+00 5.1963682e+00 0.0000000e+00 2.1035652e+00 9.5048828e+00
  1.9682131e+00 2.4852090e+00 3.3954966e+00 2.9789691e+00 4.7433689e-01
  1.2374277e+00 7.5414997e-01 5.3131599e+00 1.2836921e+00 2.6477480e+00
  1.2520632e+00 1.3068411e+01 6.1193032e+00 4.6589422e+00 7.0823545e+00
  9.7273147e-01 4.5484820e-01 7.5625402e-01 1.3199967e+00 1.3296992e+00
  2.3922195e+00 1.1232121e+00 0.0000000e+00 0.0000000e+00 0.0000000e+00
  3.5745614e+00 3.0600237e-02 2.8706529e+00 0.0000000e+00 8.3225995e-01
  2.1569512e+00 2.4508052e+00 4.0315402e-01 6.6472821e+00 1.9385412e+00
  2.6208091e-01 1.3071051e+00 1.4495716e+00 6.8036928e+00 0.0000000e+00
  3.5688663e+00 8.1083155e+00 3.8911202e+00 3.3333933e+00 4.0317521e+00
  5.8501196e-01 1.5378704e+00 6.9360512e-01 3.4419200e+00 4.2133236e+00
  4.5682511e+00 7.0196658e-01 3.5426202e-01 5.3638762e-01 0.0000000e+00
  6.7594666e+00 1.9851273e+00 1.1687465e+00 9.8664246e+00 1.2795742e+00
  4.3147179e-01 4.8699164e+00 2.9599440e-01 1.1478045e-01 4.5114837e+00
  0.0000000e+00 1.2289631e+00 9.4351763e-01 1.3160696e+00 1.1871293e+01
  3.8988495e-01 3.1645268e-01 1.1358155e+01 3.3687527e+00 2.5359159e+00
  1.5630027e+00 1.6670142e+00 4.8570862e-01 4.9175432e-01 1.9164780e-01
  2.1297069e-01 0.0000000e+00 5.9492702e+00 5.1418204e+00 5.1484337e+00
  1.1300870e-01 0.0000000e+00 5.4689298e+00 2.6389437e+00 3.9174170e+00
  5.8228021e+00 1.0919759e+00 4.5821090e+00 9.9870472e+00 5.9106905e-02
  1.0256300e-02 4.6776404e+00 1.6702518e-01 2.3905969e+00 2.6810639e+00
  4.2436924e+00 8.2611456e+00 0.0000000e+00 6.2544413e+00 4.3586376e-01
  1.0102998e+00 1.4016017e+00 2.0408286e-02 1.2713900e+01 6.1898088e+00
  6.0195704e+00 1.8903118e+00 3.1398986e-02 3.3077793e+00 4.4307637e+00
  3.9890144e+00 8.8170642e-01 2.1830857e+00 4.8870149e+00 1.4012018e+00
  2.4259524e+00 0.0000000e+00]]