[[2.36062551e+00 1.48466730e+00 6.74691439e-01 4.86274719e-01
  6.52855098e-01 9.00412750e+00 7.56525397e-01 0.00000000e+00
  9.54152465e-01 2.54468298e+00 3.64212155e+00 3.44820142e+00
  1.21537275e+01 4.16113663e+00 3.15414858e+00 2.89540672e+00
  1.82960308e+00 7.15073645e-01 1.55636102e-01 2.12685752e+00
  0.00000000e+00 5.23231363e+00 2.35192490e+00 2.83660263e-01
  9.65145302e+00 9.56543064e+00 6.76859093e+00 5.88611245e-01
  1.61028397e+00 4.64951229e+00 2.33946666e-02 4.65780258e+00
  7.63364315e-01 1.48186505e+00 6.87404811e-01 5.79655838e+00
  2.75098157e+00 3.59521896e-01 2.58826375e+00 4.59019804e+00
  1.10709963e+01 5.26712358e-01 2.71807146e+00 5.64863825e+00
  1.01302421e+00 1.16591835e+00 7.24979639e-01 8.13438988e+00
  3.56403375e+00 1.85585332e+00 1.08633244e+00 1.07115018e+00
  2.68013167e+00 0.00000000e+00 2.49912786e+00 3.77719736e+00
  1.62538856e-01 3.14966869e+00 9.36334324e+00 1.40373218e+00
  3.59465194e+00 2.08368361e-01 1.50511050e+00 4.72935152e+00
  2.22915173e+00 2.99919844e+00 3.23980212e+00 1.21478927e+00
  1.00265086e+00 1.67223477e+00 6.04547596e+00 1.78718150e+00
  0.00000000e+00 4.89046001e+00 6.35498047e+00 9.67325628e-01
  3.89323175e-01 0.00000000e+00 7.98211992e-02 1.38652816e-01
  1.25757217e-01 4.97111157e-02 1.78931981e-01 7.08441353e+00
  0.00000000e+00 7.11925125e+00 4.09634209e+00 2.03461838e+00
  7.71562278e-01 2.93491411e+00 1.42251849e+00 7.93545961e-01
  2.51634985e-01 1.01198947e+00 1.77194178e+00 4.67049062e-01
  9.72471595e-01 1.17211258e+00 3.96532774e+00 1.45461292e+01
  2.64382154e-01 7.89089537e+00 1.54408872e+00 2.32023907e+00
  1.66995451e-01 0.00000000e+00 3.73455644e+00 0.00000000e+00
  0.00000000e+00 6.50762767e-02 1.25591266e+00 1.84063423e+00
  1.12504458e+00 9.73880100e+00 1.63947332e+00 1.06963599e+00
  8.26168823e+00 8.50246334e+00 4.01359558e-01 1.10981297e+00
  6.79557621e-01 1.75220102e-01 6.38624954e+00 1.30349150e+01
  3.60821557e+00 0.00000000e+00 6.30223811e-01 1.28308392e+00
  3.30126077e-01 0.00000000e+00 1.93003893e-01 6.35531023e-02
  6.10195007e-03 4.66594607e-01 6.24146998e-01 3.86868668e+00
  4.04069757e+00 0.00000000e+00 2.11311173e+00 3.20289344e-01
  9.52261543e+00 1.87008053e-01 1.91424394e+00 9.56313992e+00
  0.00000000e+00 5.13408065e-01 5.68579483e+00 0.00000000e+00
  3.26094657e-01 9.98397350e-01 8.28628778e-01 3.12286687e+00
  1.42200202e-01 3.33684349e+00 3.60810232e+00 2.75748044e-01
  1.05998516e+00 3.79471779e+00 2.72765064e+00 7.73545980e+00
  6.14150584e-01 8.88187122e+00 1.55103362e+00 7.17176720e-02
  3.11672300e-01 2.15017056e+00 0.00000000e+00 6.11330748e+00
  4.35157824e+00 2.11475563e+00 3.01903105e+00 6.25602961e+00
  7.87331343e+00 5.45972061e+00 1.09636521e+00 3.97967339e+00
  1.67371891e-02 1.72558749e+00 1.84634662e+00 5.84081411e+00
  6.35364473e-01 0.00000000e+00 4.23752022e+00 3.51506680e-01
  5.31746387e-01 2.20202923e+00 8.13173103e+00 1.48714304e+00
  1.23281233e-01 9.60458100e-01 3.93122673e+00 0.00000000e+00
  0.00000000e+00 1.39005766e+01 4.84806150e-01 3.78327608e+00
  3.79064870e+00 8.33916783e-01 2.18084216e-01 4.45830011e+00
  8.39383698e+00 1.78299475e+00 1.73979342e+00 4.76547718e-01
  6.74203217e-01 1.96205592e+00 3.52623820e+00 2.69061875e+00
  9.41741467e+00 5.26408339e+00 4.56789970e+00 1.12435074e+01
  7.87751722e+00 3.11526418e+00 5.31547248e-01 1.60771739e+00
  6.80432272e+00 4.11548710e+00 2.38224387e-01 5.85464299e-01
  6.15582657e+00 9.89423752e+00 2.14382339e+00 1.45084369e+00
  6.42228499e-02 1.53656781e+00 1.07676954e+01 6.10265255e+00
  3.05568986e-02 3.75749016e+00 3.94018590e-01 5.64078426e+00
  0.00000000e+00 1.10365696e+01 3.59252620e+00 6.57448113e-01
  7.66263056e+00 0.00000000e+00 7.07365215e-01 2.16982937e+00
  1.17755163e+00 4.98147821e+00 4.11374927e-01 1.09520702e+01
  2.33947709e-01 4.93731558e-01 3.61340427e+00 0.00000000e+00
  2.09516716e+00 9.56954288e+00 1.61808891e+01 2.50951862e+00
  5.26648092e+00 1.25912161e+01 2.80883384e+00 5.02273846e+00
  1.14125528e+01 5.83061123e+00 1.01382303e+01 1.21707213e+00
  0.00000000e+00 0.00000000e+00 0.00000000e+00 2.51653409e+00
  5.39153862e+00 0.00000000e+00 1.18594325e+00 1.25698769e+00
  5.97525692e+00 1.28244114e+00 6.37332487e+00 0.00000000e+00
  4.70020086e-01 2.69396448e+00 5.28773975e+00 4.66569424e+00
  1.06198769e+01 1.20987296e-01 0.00000000e+00 2.18896484e+00
  4.02918196e+00 9.31423247e-01 6.10946491e-03 1.75787166e-01
  7.05282545e+00 4.79861796e-01 2.02446985e+00 1.22970545e+00
  1.99260259e+00 1.66555846e+00 3.23426032e+00 1.32192671e+00
  8.18618953e-01 3.77188730e+00 8.29283357e-01 7.39884675e-01
  7.04659760e-01 3.19996476e+00 9.24204811e-02 1.67432666e-01
  4.80232573e+00 1.03776398e+01 5.22041273e+00 0.00000000e+00
  1.02943249e+01 3.92073989e-01 1.88176140e-01 3.40183210e+00
  1.68024972e-01 0.00000000e+00 2.02429819e+00 6.61638200e-01
  1.65782893e+00 1.94744098e+00 1.17267996e-01 2.50599647e+00
  2.07169056e+00 5.65316629e+00 8.02501976e-01 6.60586500e+00
  1.41158625e-01 6.47596645e+00 3.63535166e+00 1.23906386e+00
  0.00000000e+00 6.59382963e+00 7.21143389e+00 0.00000000e+00
  1.91082561e+00 1.08095293e+01 2.89221227e-01 0.00000000e+00
  0.00000000e+00 5.48570204e+00 1.03573549e+00 3.54126167e+00
  0.00000000e+00 1.59507072e+00 1.25149250e+00 3.25449967e+00
  6.75954998e-01 5.12177801e+00 1.11335385e+00 2.55687833e+00
  3.00379968e+00 1.19887030e+00 7.71221071e-02 1.14886248e+00
  2.62615345e-02 1.09764516e+00 4.95321083e+00 2.62212545e-01
  6.17597066e-02 2.10021675e-01 4.87659073e+00 1.15971339e+00
  1.61699879e+00 5.45616055e+00 5.91778398e-01 1.33781445e+00
  6.06255904e-02 0.00000000e+00 1.34015007e+01 1.08864775e+01
  5.01652431e+00 6.05848742e+00 6.73129320e+00 5.28039980e+00
  2.06469345e+00 2.35893056e-01 0.00000000e+00 0.00000000e+00
  3.47344947e+00 1.04801372e-01 5.97940111e+00 1.24368191e-01
  2.02262020e+00 4.89390945e+00 0.00000000e+00 5.58006048e+00
  1.01158941e+00 4.78847408e+00 5.22929525e+00 2.82435369e+00
  1.36534328e+01 1.65015101e+00 3.02027965e+00 3.64257097e-01
  3.95375967e-01 1.30658159e+01 5.29292536e+00 1.89627481e+00
  7.82180965e-01 2.90825516e-01 0.00000000e+00 4.25660467e+00
  4.66348618e-01 7.04210854e+00 6.97265148e+00 4.39599566e-02
  4.63828468e+00 5.33294821e+00 1.88351345e+00 4.20724964e+00
  1.01758604e+01 1.04191279e+00 0.00000000e+00 2.52382278e+00
  2.82972646e+00 2.72672951e-01 1.81036139e+00 7.23967314e-01
  3.08422949e-02 1.42128468e+00 3.68651009e+00 7.59327352e-01
  2.86184120e+00 3.03789973e+00 4.01170731e+00 3.01972866e+00
  4.47176170e+00 4.59945560e-01 6.41754091e-01 1.35684490e+00
  6.95613444e-01 1.05394709e+00 3.21116984e-01 1.50466156e+00
  4.04130429e-01 0.00000000e+00 3.13461590e+00 1.09813871e+01
  2.20936871e+01 1.55595875e+00 4.10641718e+00 8.59686852e-01
  1.50941217e+00 2.65514421e+00 3.86037588e-01 1.33871925e+00
  5.59227228e-01 0.00000000e+00 8.40126574e-02 2.23150063e+01
  3.91701651e+00 1.08976352e+00 1.09734430e+01 2.65115952e+00
  3.00358677e+00 1.44292340e-01 0.00000000e+00 7.29806662e+00
  8.98614407e-01 4.08231306e+00 4.73514915e-01 1.20925224e+00
  2.08259106e+00 6.12022066e+00 2.20515776e+00 2.77651453e+00
  9.70187187e+00 4.96723615e-02 4.67156601e+00 2.17624307e+00
  1.55809611e-01 1.07511635e+01 1.27358878e+00 1.73991251e+00
  6.02117062e+00 1.07326102e+00 1.82390702e+00 1.85255408e-01
  1.86046684e+00 1.29356594e+01 0.00000000e+00 1.29017806e+00
  4.07104874e+00 6.83659464e-02 0.00000000e+00 1.44805713e-03
  1.77627575e+00 6.83670044e-01 1.12324381e+00 1.71088493e+00
  0.00000000e+00 0.00000000e+00 0.00000000e+00 9.27137852e+00
  4.61996436e-01 4.83344533e-02 8.97234821e+00 4.91137683e-01
  1.95436895e+00 2.87085772e+00 2.30466628e+00 0.00000000e+00
  1.32207479e+01 4.40528965e+00 4.90195036e+00 6.71644509e-01
  9.75981414e-01 1.84467554e-01 4.01072800e-01 2.25939322e+00
  7.90707731e+00 4.31258738e-01 3.18023372e+00 5.89869022e+00
  6.05112076e-01 3.55627537e+00 8.80917132e-01 3.05866313e+00]]