[[6.30316794e-01 3.17542613e-01 4.85875338e-01 7.61935161e-03
  5.81569195e-01 7.52222061e+00 3.15897822e+00 3.59692764e+00
  4.04532862e+00 2.10001302e+00 1.52118623e+00 1.20273781e+00
  3.11748242e+00 2.37964320e+00 4.37408686e+00 7.50771093e+00
  5.06981850e-01 8.21515560e-01 1.68204415e+00 7.91349554e+00
  0.00000000e+00 9.66162014e+00 1.40707111e+00 1.33377171e+00
  3.09146118e+00 1.01624260e+01 6.60294437e+00 0.00000000e+00
  2.57016253e+00 3.47611338e-01 2.19262674e-01 7.05818236e-01
  4.00728695e-02 4.69967222e+00 1.04597819e+00 2.47682557e-01
  1.40018725e+00 1.00895226e+00 7.94125748e+00 2.51683640e+00
  8.90459442e+00 5.43138075e+00 2.63587332e+00 7.90620041e+00
  1.08781345e-02 1.21000099e+00 6.95181036e+00 3.60987663e+00
  3.04876208e+00 2.66965008e+00 2.83025622e+00 5.05634725e-01
  3.48225445e-01 2.45904867e-02 2.97217202e+00 5.20941734e+00
  4.43238854e-01 5.58848476e+00 6.51801109e+00 1.37854680e-01
  1.38548326e+00 0.00000000e+00 3.41172361e+00 7.92270327e+00
  5.49526215e-01 3.33742952e+00 6.11591864e+00 2.63508010e+00
  6.95011914e-01 4.57866812e+00 1.69345036e-01 7.98565686e-01
  1.36521387e+00 4.96320677e+00 3.51437902e+00 0.00000000e+00
  2.34194562e-01 7.81958699e-01 1.25353932e-01 6.40922785e-03
  1.65520978e+00 2.39676285e+00 2.18867016e+00 1.26833662e-01
  1.10688791e-01 2.47187996e+00 7.08972871e-01 2.88458228e-01
  4.54001904e+00 1.83443263e-01 4.94060218e-01 3.68762827e+00
  4.78199869e-01 5.65408325e+00 1.93623170e-01 1.02079892e+00
  9.75051820e-01 1.44780517e+00 3.95392895e+00 1.29341638e+00
  1.09495401e+00 4.95362043e+00 2.04040408e+00 4.10754919e+00
  3.87096238e+00 5.70436537e-01 8.84430632e-02 2.36219347e-01
  2.90383315e+00 1.38622928e+00 1.08060443e+00 2.00328302e+00
  1.73767045e-01 6.02013730e-02 2.30280781e+00 0.00000000e+00
  7.69355631e+00 1.81804574e+00 0.00000000e+00 2.08652735e+00
  5.36562681e-01 1.24827468e+00 1.87384450e+00 5.84684086e+00
  2.23961377e+00 9.94707227e-01 1.81148016e+00 3.78014660e-03
  1.58565402e+00 3.32040596e+00 3.71630430e-01 4.61586237e-01
  7.56609380e-01 2.05094129e-01 2.41549969e+00 1.89705968e+00
  1.98398665e-01 1.12517560e+00 4.81968546e+00 7.68506169e-01
  9.89841044e-01 1.60936490e-02 2.67119217e+00 2.71946311e+00
  1.84661162e+00 1.51512921e+00 4.74857378e+00 6.46931231e-01
  5.98962642e-02 1.22141230e+00 4.87760925e+00 1.27827197e-01
  4.49253857e-01 4.12459970e-01 2.68580103e+00 8.11542809e-01
  0.00000000e+00 2.27639437e+00 1.39905953e+00 9.19577181e-02
  9.05529708e-02 2.00303626e+00 1.45059979e+00 2.06770396e+00
  4.89061546e+00 2.26726794e+00 6.62424639e-02 4.28787804e+00
  1.38884830e+00 1.48564756e+00 7.59001911e-01 7.50596166e-01
  4.80983925e+00 0.00000000e+00 4.54240292e-01 1.13091218e+00
  5.43205403e-02 2.06501460e+00 1.47623491e+00 4.96910065e-01
  7.16543102e+00 2.15050757e-01 4.61829090e+00 7.11863637e-01
  1.52671933e+00 2.06528020e+00 9.35831249e-01 8.28902245e-01
  5.38532972e+00 1.93846688e-01 2.05703521e+00 0.00000000e+00
  7.77855515e-01 9.69586086e+00 0.00000000e+00 4.29366922e+00
  0.00000000e+00 8.70274663e-01 3.08354974e+00 1.62398541e+00
  2.09601283e+00 1.16653681e+00 1.53726852e+00 2.70741463e+00
  1.11379747e+01 2.91855669e+00 1.87649596e+00 3.34307051e+00
  2.36646700e+00 2.44666729e+01 2.82054734e+00 9.03987885e+00
  9.55220759e-01 5.71328926e+00 1.31557059e+00 5.99572659e-01
  3.28477693e+00 1.35814345e+00 1.41841495e+00 1.00403440e+00
  1.66519785e+00 1.30663414e+01 1.51826775e+00 1.81768680e+00
  1.56683874e+00 2.20922327e+00 1.34240842e+00 1.90374601e+00
  3.96326929e-01 8.87219965e-01 1.86715961e+00 1.56918895e+00
  5.38983524e-01 5.05322886e+00 2.74268103e+00 1.81294692e+00
  1.59046268e+00 3.72752309e+00 6.26390517e-01 4.96536531e-02
  4.75461841e-01 1.42364407e+00 7.49818683e-01 4.04709768e+00
  8.77302468e-01 9.80679333e-01 6.29009962e+00 1.56379306e+00
  1.64006841e+00 7.66665649e+00 5.41684628e+00 6.97892487e-01
  3.53005648e+00 1.86173534e+00 2.71266508e+00 4.67945099e-01
  1.17904615e+00 2.51817083e+00 2.54766440e+00 1.31229115e+00
  1.26598664e-02 1.93478912e-01 5.96603379e-02 2.78367162e-01
  3.28800178e+00 1.37524462e+00 1.39348879e-01 1.21474314e+00
  2.11600018e+00 1.17208362e+00 9.83146858e+00 0.00000000e+00
  2.24202919e+00 5.42495394e+00 0.00000000e+00 1.61618209e+00
  1.63309631e+01 2.49416649e-01 2.89773345e-01 2.03298020e+00
  7.08521986e+00 1.90251756e+00 1.03760791e+00 1.71200991e-01
  4.68238211e+00 1.75184444e-01 4.19367838e+00 1.68593240e+00
  2.56872725e+00 2.60260344e+00 5.36389947e-02 2.74249792e-01
  1.12695599e+01 4.06798649e+00 1.97653663e+00 4.27179718e+00
  3.37347412e+00 1.28832591e+00 7.22929657e-01 0.00000000e+00
  4.76511002e+00 3.28687310e+00 2.58245921e+00 6.74221143e-02
  8.51598835e+00 1.36029625e+00 2.20139131e-01 1.06239295e+00
  2.86414862e+00 1.56509295e-01 1.50680199e-01 5.47229171e-01
  2.36603832e+00 2.34866667e+00 2.36671042e+00 2.64505315e+00
  7.05164719e+00 1.35466633e+01 1.78689456e+00 1.36150372e+00
  1.40574431e+00 5.34627438e+00 8.81636083e-01 7.76078820e-01
  2.25155282e+00 1.17871017e+01 1.24162321e+01 9.69779268e-02
  2.05082011e+00 1.41137385e+00 8.46308708e-01 3.60472751e+00
  5.93846321e-01 3.08180857e+00 5.95702744e+00 3.22853374e+00
  1.57288313e+00 4.26373672e+00 1.48512208e+00 2.53084731e+00
  2.71380961e-01 2.24644232e+00 3.22243619e+00 9.75800157e-01
  2.56053901e+00 3.63157034e+00 3.72479320e+00 0.00000000e+00
  1.48739111e+00 2.97188669e-01 6.59550548e-01 1.27067149e+00
  0.00000000e+00 2.23109317e+00 6.90635729e+00 1.25168860e+00
  5.67761958e-01 7.68043661e+00 1.15523541e+00 1.73614907e+00
  1.05427004e-01 0.00000000e+00 3.51812434e+00 4.37547255e+00
  4.69715214e+00 7.67190814e-01 9.99323177e+00 1.59867927e-02
  1.48651198e-01 1.82137087e-01 1.75272775e+00 5.26160896e-01
  5.69709873e+00 4.68638086e+00 1.86300850e+00 1.72753763e+00
  2.05310512e+00 6.89076614e+00 5.63442051e-01 6.47868681e+00
  4.20661545e+00 1.81609952e+00 6.64771318e-01 1.94607151e+00
  4.45107746e+00 2.30958557e+00 2.91678739e+00 2.98901144e-02
  0.00000000e+00 5.38043022e+00 2.17706871e+00 6.60925567e-01
  1.82298899e+00 4.87520075e+00 9.30087328e-01 1.34516943e+00
  2.47171450e+00 2.82242465e+00 5.81056976e+00 3.27308559e+00
  1.92363024e+00 1.27994013e+01 2.67198706e+00 4.39071083e+00
  4.40220642e+00 2.62498438e-01 1.10971168e-01 1.42860198e+00
  6.81160688e+00 2.01717949e+00 2.41622734e+00 4.62957293e-01
  0.00000000e+00 1.62578702e+00 2.44919062e+00 1.90124825e-01
  7.88725734e-01 1.49947667e+00 2.48480964e+00 1.44660866e+00
  1.16240883e+00 3.99492890e-01 5.97726461e-03 4.41311789e+00
  4.66291761e+00 2.11076427e+00 2.31778336e+00 2.50247335e+00
  2.27568984e+00 3.70513529e-01 1.29863274e+00 7.87208462e+00
  1.98020325e+01 2.91484165e+00 6.25788152e-01 7.20765543e+00
  3.57594419e+00 1.62498999e+00 6.47616327e-01 6.09444559e-01
  4.98467207e-01 0.00000000e+00 1.82050383e+00 1.94739974e+00
  2.81349993e+00 1.74309626e-01 4.85865927e+00 2.71049404e+00
  1.92553556e+00 8.15354943e-01 2.63672161e+00 4.47577620e+00
  7.57991731e-01 7.02067900e+00 3.74144006e+00 2.47393504e-01
  1.57427108e+00 3.82751369e+00 2.69377232e+00 3.56457233e+00
  7.78324413e+00 1.28850961e+00 2.35920548e+00 3.67328525e-01
  5.10723925e+00 0.00000000e+00 0.00000000e+00 4.44583654e+00
  1.61321449e+00 1.09738922e+00 1.89356947e+00 8.44727337e-01
  1.21797621e+00 3.51116371e+00 1.18444479e+00 7.90279865e-01
  6.86614156e-01 4.04967666e-01 3.17570519e+00 2.16527152e+00
  1.35751152e+00 0.00000000e+00 3.45886850e+00 5.34671724e-01
  2.21697617e+00 2.58036447e+00 2.49669909e+00 2.20790982e+00
  2.09687257e+00 7.78598413e-02 3.97164607e+00 8.49083483e-01
  6.46662378e+00 3.03479314e+00 7.07840681e-01 1.60983837e+00
  4.09728670e+00 1.93776345e+00 6.23772629e-02 5.97754598e-01
  7.02198410e+00 9.92659748e-01 5.79926334e-02 2.07581401e+00
  4.79534483e+00 1.90849885e-01 7.29341221e+00 3.34985924e+00
  1.33748639e+00 5.36903441e-01 1.34449875e+00 8.88620949e+00]]