[[5.23075044e-01 3.51621056e+00 2.02424550e+00 5.99101841e-01
  0.00000000e+00 3.76126885e+00 1.80821381e+01 1.89132355e-02
  5.86413193e+00 8.36978436e-01 3.65101504e+00 9.11411464e-01
  2.04215169e+00 1.05079079e+00 1.95702267e+00 4.70163202e+00
  3.17417115e-01 3.03896159e-01 1.59195870e-01 1.74328148e+00
  0.00000000e+00 1.42118788e+00 1.31241232e-02 2.34095788e+00
  8.46424580e-01 8.34485531e+00 4.34731275e-01 2.65430599e-01
  1.69407892e+00 0.00000000e+00 5.83635926e-01 1.09949436e+01
  0.00000000e+00 3.35391045e+00 5.26270330e-01 2.91296148e+00
  4.08251910e-03 1.26168358e+00 4.77771616e+00 4.09188843e+00
  2.57526040e-01 2.60725069e+00 5.48850715e-01 4.17599964e+00
  3.67720932e-01 1.03609407e+00 1.80900323e+00 1.26554692e+00
  2.59191561e+00 5.42986095e-01 1.01504433e+00 0.00000000e+00
  4.95045446e-02 2.03680611e+00 1.38248765e+00 2.28787208e+00
  1.17211592e+00 7.08256435e+00 7.90975809e+00 0.00000000e+00
  0.00000000e+00 3.11725318e-01 1.10210218e+01 1.99455678e+00
  4.52224255e-01 7.34215879e+00 1.78228199e+00 5.19589710e+00
  9.12521958e-01 1.36620626e-01 6.34010172e+00 4.12383556e+00
  0.00000000e+00 1.15305614e+01 1.99915981e+00 4.46739852e-01
  1.09722888e+00 2.00188071e-01 5.16480541e+00 2.41040730e+00
  8.19878638e-01 9.88811302e+00 7.10468388e+00 4.42790508e-01
  4.82841969e+00 5.57455015e+00 8.35213959e-01 2.37208858e-01
  5.03278208e+00 0.00000000e+00 3.57629228e+00 1.15378642e+00
  0.00000000e+00 1.14368260e-01 0.00000000e+00 5.56525029e-02
  5.03897190e-01 6.91076183e+00 5.27070284e+00 1.77623558e+00
  9.78170514e-01 2.37139201e+00 7.73879337e+00 1.12343335e+00
  5.13407898e+00 2.15389848e+00 9.00505364e-01 4.56511289e-01
  5.43918657e+00 2.63756603e-01 2.19497532e-01 6.41767800e-01
  2.74161667e-01 5.63072503e-01 1.03569221e+00 6.73956946e-02
  1.04738998e+01 3.08863258e+00 1.77833033e+00 3.40959740e+00
  8.55758190e-01 1.99755728e-01 1.50504816e+00 1.16959877e+01
  0.00000000e+00 2.75882697e+00 9.45531204e-02 1.11088678e-01
  0.00000000e+00 9.34381008e+00 1.01676476e+00 8.64707565e+00
  1.02368326e+01 9.66446638e-01 5.99473357e-01 1.35897422e+00
  2.07158351e+00 0.00000000e+00 1.94900525e+00 1.47344456e+01
  6.30331874e-01 2.30522960e-01 2.57617569e+00 7.56160021e+00
  0.00000000e+00 1.92420900e+00 3.30694735e-01 9.75917578e-01
  2.82845706e-01 6.01192057e-01 5.23093033e+00 3.06989402e-01
  1.58690178e+00 2.23174214e-01 2.22699344e-01 4.37142515e+00
  1.63847089e+00 4.01060009e+00 2.84028840e+00 1.54445142e-01
  2.09697652e+00 3.12711358e+00 4.84860563e+00 3.86727244e-01
  3.63399267e+00 3.50502729e+00 0.00000000e+00 9.20288324e-01
  4.41566277e+00 7.85805941e+00 1.77345800e+00 2.83977866e+00
  2.30288529e+00 9.30254534e-03 1.11053407e+00 3.17953014e+00
  0.00000000e+00 2.77272606e+00 9.06535149e+00 1.95630538e+00
  2.79128957e+00 4.56361473e-02 6.87814093e+00 1.47088504e+00
  1.06699717e+00 2.49905157e+00 3.79699302e+00 4.42193747e+00
  3.72369260e-01 9.21026802e+00 9.29649925e+00 8.53965461e-01
  5.46505213e-01 1.18391724e+01 0.00000000e+00 0.00000000e+00
  0.00000000e+00 1.13186903e+01 6.51694202e+00 4.08631897e+00
  4.16992426e+00 3.15781975e+00 1.38981774e-01 1.92211759e+00
  1.69826927e+01 5.16651201e+00 1.55838358e+00 1.16282701e+00
  1.15499580e+00 3.60396719e+00 3.70271993e+00 2.56351948e+00
  2.38783455e+00 5.16732025e+00 1.56731188e-01 1.48913538e+00
  5.77962017e+00 3.85927296e+00 2.42610407e+00 6.51720941e-01
  1.90988302e+00 7.29053795e-01 8.75412673e-02 7.53960133e-01
  3.01233315e+00 5.82231379e+00 3.24232399e-01 1.60770917e+00
  7.47619718e-02 1.35657597e+00 4.26134229e-01 3.69514680e+00
  2.41859603e+00 3.18475628e+00 4.71842718e+00 2.61535931e+00
  8.97165871e+00 7.03344727e+00 7.24017501e-01 1.41227841e+00
  2.02706003e+00 2.72520041e+00 2.34135836e-01 2.60395885e+00
  1.30484939e+00 4.31053066e+00 1.14332342e+01 8.35188508e-01
  1.52517867e+00 0.00000000e+00 5.51559877e+00 1.16000915e+00
  2.12383151e+00 4.95818043e+00 1.65325046e+00 5.37377179e-01
  1.56374291e-01 1.70230103e+00 4.85420370e+00 2.29163814e+00
  0.00000000e+00 5.80369532e-01 1.63533136e-01 0.00000000e+00
  3.30916238e+00 6.21637627e-02 0.00000000e+00 2.36707258e+00
  4.24793053e+00 7.70105958e-01 2.80367017e+00 0.00000000e+00
  8.06723312e-02 2.68534827e+00 3.36134005e+00 2.81910539e+00
  1.30213509e+01 7.59705827e-02 1.81996852e-01 3.88384771e+00
  6.07566071e+00 7.51554817e-02 4.19207764e+00 0.00000000e+00
  1.14849176e+01 9.27001238e-02 2.98686719e+00 6.53795660e-01
  1.82081497e+00 2.72148633e+00 2.71701276e-01 1.17453110e+00
  2.57326126e+00 2.41276693e+00 2.37076092e+00 4.65686582e-02
  9.32545185e+00 9.88370299e-01 3.24378061e+00 3.69227715e-02
  1.12872343e+01 4.95688057e+00 3.91879034e+00 1.33041263e+00
  5.06714010e+00 3.70154083e-01 0.00000000e+00 1.52973330e+00
  4.89518261e+00 7.14880848e+00 2.00156569e-01 1.66744268e+00
  2.06658292e+00 1.02220550e-02 4.12321281e+00 9.82063055e-01
  1.86673129e+00 9.87344551e+00 0.00000000e+00 1.05897129e+00
  2.29245448e+00 1.52151537e+00 3.74955440e+00 7.37837479e-02
  5.76882325e-02 9.72882628e-01 6.14528990e+00 0.00000000e+00
  6.26203823e+00 1.31024694e+00 8.85624766e-01 1.11313686e+01
  4.01467532e-01 1.88389027e+00 6.36184883e+00 1.58149719e+00
  6.67741537e+00 3.55471277e+00 9.69165415e-02 2.16779852e+00
  1.21961795e-01 0.00000000e+00 2.00398946e+00 7.63542223e+00
  2.26022005e+00 1.70430613e+00 2.75549555e+00 1.31447896e-01
  4.61339444e-01 1.20084119e+00 1.17367785e-02 1.30874753e+00
  0.00000000e+00 0.00000000e+00 4.90416288e+00 3.84818353e-02
  3.05753565e+00 8.23635006e+00 9.34254932e+00 3.47825974e-01
  4.57638741e+00 3.68672192e-01 6.93610907e-01 2.12526512e+00
  7.25680780e+00 9.39629376e-01 8.84818649e+00 4.17749286e-01
  3.66946071e-01 5.20830441e+00 1.05953626e-01 1.99042782e-01
  4.79861784e+00 2.82396126e+00 6.20836544e+00 1.99405777e+00
  5.25140643e-01 0.00000000e+00 1.38700712e+00 7.31677246e+00
  0.00000000e+00 3.85124016e+00 0.00000000e+00 9.54384089e-01
  5.80298662e-01 1.92304587e+00 2.24508190e+00 6.88447595e-01
  0.00000000e+00 1.23968947e+00 1.74364686e+00 3.15248990e+00
  4.53438568e+00 2.27397656e+00 2.08004856e+00 1.98879099e+00
  9.65815902e-01 2.22609505e-01 3.43983388e+00 2.62475818e-01
  1.06847346e+00 3.45437717e+00 2.81663322e+00 1.06705446e+01
  5.13640605e-02 1.70260620e+00 0.00000000e+00 7.11971521e-01
  6.09132862e+00 5.84262514e+00 1.06683311e+01 2.66148806e-01
  0.00000000e+00 2.00346756e+00 1.08774424e+00 9.30156767e-01
  2.73508161e-01 2.90344477e+00 1.92047036e+00 2.24662662e+00
  2.41661763e+00 2.54308033e+00 3.50170523e-01 4.24225521e+00
  4.23744678e-01 1.95119762e+00 5.92097235e+00 6.80846977e+00
  1.28547263e+00 1.78042638e+00 3.76028657e+00 8.65425682e+00
  2.94986427e-01 7.24241555e-01 2.72239447e-01 1.27493811e+01
  1.76277983e+00 0.00000000e+00 0.00000000e+00 1.08590281e+00
  0.00000000e+00 1.54608679e+00 1.40833417e-02 8.22896194e+00
  8.34641278e-01 1.06178701e+00 1.61963058e+00 1.02360225e+00
  2.04070354e+00 1.27586246e+00 4.46860218e+00 7.71179867e+00
  4.40439987e+00 3.64771199e+00 4.50680590e+00 0.00000000e+00
  5.02722406e+00 1.04349399e+00 1.18675411e-01 9.30151463e+00
  6.21462154e+00 3.65602398e+00 2.14071393e+00 4.61270541e-01
  3.44581842e+00 7.10102558e-01 2.55112958e+00 1.54500377e+00
  5.42946148e+00 4.55043495e-01 8.53412449e-01 6.72785807e+00
  5.70485234e-01 1.59806585e+01 6.45006895e-01 4.24046427e-01
  1.13063383e+00 3.97206330e+00 1.90146077e+00 1.01581216e+00
  4.29555321e+00 6.94709301e-01 3.71878266e+00 5.31486988e-01
  2.84907722e+00 2.14319181e+00 8.04979801e+00 4.03681183e+00
  1.13475311e+00 7.10528076e-01 9.24497604e+00 2.50460768e+00
  1.83736742e+00 1.77460468e+00 2.46697617e+00 1.28962469e+00
  2.93017292e+00 6.10611379e-01 9.07409132e-01 2.07416296e+00
  2.64997768e+00 1.84604132e+00 2.37844825e+00 2.09210539e+00
  5.20784664e+00 2.30640709e-01 2.03755879e+00 9.48010504e-01
  4.45086271e-01 1.94470310e+00 4.32486951e-01 3.73753071e+00]]