[[1.95491087e+00 1.96721900e+00 3.68376732e+00 1.14915812e+00
  0.00000000e+00 2.48010826e+00 1.52473450e+00 2.70807803e-01
  7.62033129e+00 8.45518529e-01 1.82050610e+00 3.66599512e+00
  3.08220243e+00 0.00000000e+00 3.20764035e-01 8.25777769e-01
  2.43951869e+00 4.91301727e+00 3.62127841e-01 2.39125228e+00
  7.31621981e+00 3.84587336e+00 5.35840452e-01 5.43515742e-01
  1.41711995e-01 6.45131445e+00 2.14835620e+00 2.45597437e-01
  1.21135764e-01 0.00000000e+00 2.43882990e+00 1.99419844e+00
  8.82434428e-01 9.39542353e-01 1.55340815e+00 2.80168056e+00
  3.10335302e+00 9.18342590e-01 3.41268420e+00 1.68016016e+00
  5.97153187e+00 3.21369553e+00 9.72321272e-01 2.60136414e+00
  6.72042274e+00 1.35553503e+00 5.56596470e+00 1.24475896e-01
  6.15458727e+00 1.18164229e+00 5.67660189e+00 3.30373049e-01
  2.20449880e-01 2.29683802e-01 3.13318992e+00 2.32235718e+00
  2.63779187e+00 6.08902216e+00 1.06072688e+00 1.41368759e+00
  8.09434243e-03 1.20002902e+00 3.82912970e+00 6.12149239e+00
  2.28466928e-01 1.09686220e+00 0.00000000e+00 1.35889724e-01
  0.00000000e+00 1.54982746e-01 7.53546810e+00 5.25130033e+00
  1.36859674e+01 5.08938837e+00 1.01087999e+01 5.86505175e-01
  8.47452521e-01 5.05232573e+00 1.65814865e+00 4.17553377e+00
  4.64477330e-01 2.25447464e+00 2.40168050e-01 3.00258279e+00
  2.43080521e+00 5.91832697e-01 1.22170091e+00 4.85022926e+00
  1.34206657e+01 0.00000000e+00 2.79513478e+00 4.71909380e+00
  2.17117572e+00 4.71620321e+00 2.97598481e+00 1.59469867e+00
  6.01128721e+00 3.54250312e+00 4.24278796e-01 5.06162643e+00
  1.15933812e+00 8.75802264e-02 5.95178795e+00 4.52905226e+00
  0.00000000e+00 8.38006914e-01 2.45868862e-01 1.15396202e+00
  1.16017485e+00 4.55771446e+00 1.97004890e+00 2.06620768e-01
  1.44555345e-01 0.00000000e+00 3.13202381e-01 1.82620800e+00
  3.79317188e+00 2.97464520e-01 2.86519170e+00 2.02513885e+00
  5.87185264e-01 1.62074900e+00 2.23624444e+00 4.25348043e+00
  0.00000000e+00 2.16135406e+00 4.14649391e+00 1.79353207e-02
  1.14765749e+01 7.95289373e+00 1.71312600e-01 8.85538292e+00
  1.16747913e+01 1.64017522e+00 1.56973886e+00 1.44400215e+00
  3.33444178e-01 1.02160990e+00 3.58434439e+00 9.71840248e-02
  4.72693183e-02 2.62148380e-01 7.18487203e-02 1.36461115e+00
  2.02800870e+00 9.13149938e-02 4.25935125e+00 1.04842257e+00
  3.36044841e-02 1.58157721e-01 2.64724612e+00 6.17908061e-01
  3.36375684e-01 0.00000000e+00 2.55620986e-01 2.94920713e-01
  2.45979476e+00 2.55000687e+00 0.00000000e+00 6.30879477e-02
  1.55824018e+00 3.56203318e+00 1.29997873e+00 3.49595237e+00
  3.91992617e+00 4.04860353e+00 0.00000000e+00 6.68335378e-01
  5.79970884e+00 1.44133258e+00 1.04591837e+01 8.79059219e+00
  6.26957750e+00 9.94224548e-01 1.46054435e+00 1.03403306e+00
  2.53782302e-01 2.36188602e+00 1.70802557e+00 5.70103216e+00
  9.10209939e-02 1.86375380e-02 5.39637518e+00 1.36522484e+00
  1.16810644e+00 2.18849614e-01 1.88542426e+00 1.84581089e+00
  3.23655367e+00 1.00090981e+00 7.52473307e+00 4.11365539e-01
  5.46627045e-01 4.59756613e+00 7.21551895e+00 9.46632922e-01
  0.00000000e+00 1.81308293e+00 2.70608592e+00 1.44601560e+00
  4.05889034e+00 2.05725193e+00 1.02952249e-01 2.84036279e+00
  2.73185581e-01 5.68976700e-01 1.75428879e+00 5.99654257e-01
  1.14164501e-01 1.08195305e+01 2.22889379e-01 2.13411880e+00
  1.27265975e-01 2.07763004e+00 3.86256158e-01 3.87419510e+00
  2.84787226e+00 1.76797218e+01 4.65614617e-01 2.61697721e+00
  7.76833653e-01 1.94205236e+00 6.40335035e+00 2.61521316e+00
  5.38831949e+00 4.35728884e+00 1.30941853e-01 3.84300709e+00
  1.11117050e-01 5.21085739e+00 2.22907996e+00 6.58546066e+00
  7.37230587e+00 1.36105907e+00 1.61524928e+00 1.46480083e+00
  5.48033667e+00 4.69999933e+00 2.42577419e-01 4.32393998e-01
  1.02123320e+00 0.00000000e+00 3.67326450e+00 2.03801394e+00
  4.34145784e+00 3.57279348e+00 7.16074896e+00 1.00277650e+00
  1.10647237e+00 5.26542950e+00 8.06637228e-01 2.44730496e+00
  1.86839771e+00 1.57725430e+00 5.89004707e+00 4.90455776e-01
  1.67415533e-02 6.44767702e-01 3.02891302e+00 2.01018190e+00
  3.95617843e-01 5.21125980e-02 0.00000000e+00 5.78868246e+00
  1.00728285e+00 2.96857262e+00 1.75228429e+00 1.96549523e+00
  9.73313046e+00 4.87810433e-01 1.57453835e+00 0.00000000e+00
  2.11029696e+00 5.14523804e-01 9.99317932e+00 1.43405998e+00
  6.45264816e+00 8.32084566e-02 3.98447774e-02 2.09419560e+00
  1.08148346e+01 7.21133280e+00 5.41528797e+00 4.62923002e+00
  3.82554084e-01 5.74741244e-01 3.25581527e+00 1.57689047e+00
  4.31923294e+00 5.47830343e+00 1.07541573e+00 2.71669078e+00
  2.01111031e+00 1.80268514e+00 1.85965466e+00 3.03911519e+00
  5.90348482e+00 4.41360056e-01 9.97006416e-01 2.85427570e-01
  5.54688454e+00 2.71293831e+00 7.23263800e-01 7.20645618e+00
  1.88746858e+00 3.96948862e+00 4.77326202e+00 1.53585747e-01
  4.24287207e-02 9.10831451e+00 5.21487832e-01 1.27351761e+00
  4.10475820e-01 1.05586684e+00 2.14071465e+00 2.91385198e+00
  2.79939985e+00 3.19722390e+00 7.99999058e-01 4.99213696e+00
  3.08220220e+00 8.31161261e-01 4.63087845e+00 1.24669500e-01
  4.98824501e+00 3.27439165e+00 2.92944169e+00 7.49772072e-01
  1.68837678e+00 1.05271053e+00 1.20862961e+00 5.01779318e+00
  7.14653063e+00 1.22855723e+00 4.26206398e+00 1.42559814e+00
  2.99417078e-01 2.26830816e+00 3.32986027e-01 2.71890593e+00
  8.13431442e-02 2.59441614e-01 3.78809237e+00 2.47113466e+00
  8.93749058e-01 3.99021673e+00 3.09529305e+00 4.84539223e+00
  0.00000000e+00 4.96584511e+00 4.86753993e-02 6.82794333e+00
  2.81013894e+00 3.88527822e+00 5.61192989e+00 2.86103994e-01
  3.70834851e+00 4.21856785e+00 1.42510843e+00 0.00000000e+00
  9.03008556e+00 1.34135020e+00 7.98245192e-01 4.72933388e+00
  3.32065940e+00 8.16482246e-01 5.96466827e+00 6.08233988e-01
  0.00000000e+00 1.19424686e+01 5.99421024e-01 3.04434180e+00
  0.00000000e+00 1.55753076e+00 1.95491707e+00 2.24909544e+00
  1.92256451e+00 1.63830376e+00 6.81808710e+00 1.85526216e+00
  6.64196301e+00 5.44495201e+00 5.27640224e-01 2.15549660e+00
  8.48811090e-01 2.14291751e-01 2.33769751e+00 2.27211356e-01
  2.21137613e-01 1.77774596e+00 6.02435112e+00 1.74133348e+00
  3.08219743e+00 2.07117009e+00 2.18852067e+00 3.43781090e+00
  5.66333771e-01 3.13768029e-01 1.61649787e+00 1.44165790e+00
  6.21853650e-01 7.94281435e+00 1.57054532e+00 5.52970409e+00
  3.72443533e+00 4.47614212e-03 3.30389231e-01 9.90808606e-01
  0.00000000e+00 3.33231187e+00 9.34195423e+00 5.08938837e+00
  4.47505569e+00 1.13358431e+01 1.44524276e+00 3.20858645e+00
  4.54556036e+00 2.87326789e+00 5.20153999e-01 4.62376499e+00
  7.54699707e+00 6.57490194e-01 7.89519787e-01 1.81147015e+00
  1.87850446e-01 1.26035392e+00 5.53901911e+00 6.46093071e-01
  8.50997448e+00 3.00481391e+00 4.10801744e+00 5.09422302e+00
  3.59454322e+00 4.29558611e+00 2.17435122e+00 4.56655592e-01
  0.00000000e+00 0.00000000e+00 1.46847844e-01 5.32483673e+00
  2.50557017e+00 1.31219745e+00 5.98171175e-01 1.78016007e+00
  2.20166326e+00 1.33360994e+00 0.00000000e+00 1.73199344e+00
  0.00000000e+00 0.00000000e+00 7.91363478e+00 5.58511829e+00
  4.06298733e+00 0.00000000e+00 3.76834106e+00 9.64811230e+00
  5.31401968e+00 3.51169944e-01 5.03491879e-01 4.65278196e+00
  4.71289307e-01 3.40966797e+00 2.09748411e+00 5.93481243e-01
  1.76234436e+00 5.62388562e-02 1.72615767e+00 1.10945809e+00
  6.75264692e+00 7.36263216e-01 4.80358219e+00 2.68044519e+00
  8.82078886e-01 6.53780317e+00 3.87901098e-01 2.34980837e-01
  1.96655011e+00 1.16191733e+00 8.63737488e+00 1.23685670e+00
  5.04417801e+00 5.78966558e-01 4.83371139e-01 1.95922601e+00
  3.45050430e+00 1.51716173e+00 6.12567711e+00 8.85960311e-02
  2.12367439e+00 8.59606743e-01 5.68349540e-01 1.04595098e+01
  1.06473327e+00 1.06222367e+00 3.68485904e+00 3.43427753e+00
  4.63104010e+00 2.56141162e+00 1.35482383e+00 8.04218292e-01
  3.09754252e+00 1.37080300e+00 8.98317719e+00 2.43598008e+00
  2.05611467e+00 1.92309415e+00 7.67884910e-01 6.37929440e-01
  3.06293559e+00 2.68124640e-01 8.74179125e-01 2.50975251e-01]]