[[4.96251678e+00 1.18655002e+00 1.10485017e+00 3.56719494e+00
  3.83016557e-01 1.31351318e+01 1.38815870e+01 9.85548377e-01
  2.22206563e-01 5.05799428e-03 6.30453968e+00 4.58743066e-01
  5.03690720e+00 4.00389004e+00 6.13206768e+00 6.23476505e-01
  0.00000000e+00 0.00000000e+00 1.06456256e+00 4.58876991e+00
  3.34204227e-01 2.42080164e+00 3.90243500e-01 3.33243161e-01
  2.10866049e-01 1.84915149e+00 8.73701155e-01 6.15194142e-02
  0.00000000e+00 6.76203847e-01 3.88812900e-01 0.00000000e+00
  0.00000000e+00 2.43917418e+00 0.00000000e+00 3.57055426e+00
  5.65165691e-02 5.57869732e-01 2.50270367e+00 2.18410444e+00
  1.22241652e+00 2.32243150e-01 1.65847492e+00 1.36860442e+00
  1.17545694e-01 3.48407865e-01 8.82455945e-01 0.00000000e+00
  4.83899021e+00 3.65226221e+00 2.00105166e+00 7.42640272e-02
  2.71695590e+00 2.56435663e-01 3.56711531e+00 3.09939295e-01
  3.89775324e+00 1.68931139e+00 7.72839412e-02 1.47255912e-01
  2.77057171e-01 4.75216150e-01 9.24417782e+00 8.16218281e+00
  2.07755446e+00 5.33151579e+00 0.00000000e+00 2.12380466e+01
  0.00000000e+00 2.09699965e+00 6.81949854e+00 2.00291708e-01
  2.99556553e-01 1.60046697e+00 6.87717438e-01 3.19664925e-02
  8.70764494e-01 2.53153183e-02 0.00000000e+00 1.62368476e+00
  5.27328491e-01 3.23308396e+00 1.03941631e+00 1.44208252e-01
  4.36159611e+00 4.10541868e+00 0.00000000e+00 4.84417677e+00
  1.04158103e+00 3.92989993e+00 2.98563027e+00 0.00000000e+00
  3.14585233e+00 2.44447008e-01 8.08975041e-01 0.00000000e+00
  3.43770951e-01 2.13474202e+00 5.49821496e-01 1.03008537e+01
  5.41429520e-01 4.17717552e+00 1.25106919e+00 2.74275517e+00
  3.97355032e+00 3.12264383e-01 9.05117631e-01 1.29499364e+00
  0.00000000e+00 9.08185780e-01 5.71044981e-01 2.91098404e+00
  0.00000000e+00 5.02948809e+00 1.00802803e+00 1.38720885e-01
  3.10656518e-01 6.10394096e+00 3.07668447e-01 6.05089998e+00
  1.92047024e+00 0.00000000e+00 1.93324590e+00 1.15210619e+01
  0.00000000e+00 3.44583243e-01 0.00000000e+00 1.58988014e-01
  0.00000000e+00 1.37158527e+01 1.48475730e+00 6.09271191e-02
  7.03082705e+00 1.94496050e-01 0.00000000e+00 3.17928267e+00
  1.17527199e+00 2.40866017e+00 1.61078382e+00 2.29620266e+00
  3.71673942e-01 2.44509459e+00 3.26171875e+00 3.22117519e+00
  0.00000000e+00 1.03456199e+00 0.00000000e+00 2.59739663e-02
  1.58414972e+00 1.38956875e-01 4.48681545e+00 2.47566175e+00
  2.11776233e+00 2.60227942e+00 1.43576311e-02 5.81231642e+00
  4.95664477e-01 2.79422808e+00 3.18418646e+00 2.94838524e+00
  9.69858229e-01 0.00000000e+00 4.62199831e+00 5.84154725e-01
  2.28372142e-01 4.84553903e-01 5.34563400e-02 7.97097504e-01
  4.27211374e-01 1.48910737e+00 2.64879656e+00 7.85491109e-01
  8.36792290e-01 9.14230251e+00 1.82381237e+00 2.88415098e+00
  1.10714495e-01 5.95297515e-02 1.14838734e+01 2.80906701e+00
  1.47042191e+00 5.72895169e-01 4.43769360e+00 2.63154912e+00
  1.89229788e-03 1.09286535e+00 6.77294731e-02 6.32622063e-01
  1.25809276e+00 3.16528045e-02 1.70880628e+00 0.00000000e+00
  3.88549536e-01 2.06691623e-01 5.43888032e-01 4.20092374e-01
  8.34764600e-01 4.23112249e+00 3.45488763e+00 1.33851683e+00
  1.56342006e+00 7.10273027e-01 1.50185990e+00 9.29222107e-02
  4.02459279e-02 0.00000000e+00 0.00000000e+00 1.07159466e-01
  6.71405196e-01 4.58950043e-01 3.15131617e+00 4.19610977e-01
  6.66621923e-01 1.18385684e+00 1.21592140e+00 5.77002943e-01
  1.57066107e+00 1.65883315e+00 2.13701034e+00 4.76598144e-01
  1.20479465e+00 8.39060009e-01 2.56992936e+00 0.00000000e+00
  2.04015613e-01 1.41621876e+00 6.90408409e-01 1.81833172e+00
  1.65887451e+00 6.31850147e+00 2.93382239e+00 0.00000000e+00
  1.65162826e+00 9.22721863e-01 2.90240359e+00 5.01306474e-01
  0.00000000e+00 1.08081532e+01 1.14380264e+00 0.00000000e+00
  0.00000000e+00 2.86936820e-01 1.52972269e+00 1.90200281e+00
  1.02379549e+00 7.15558910e+00 4.91151714e+00 1.14177227e-01
  1.13265209e+01 2.43689942e+00 3.44497967e+00 4.21094704e+00
  1.34916234e+00 5.55202675e+00 3.51377487e-01 0.00000000e+00
  0.00000000e+00 1.96639538e+00 3.49138284e+00 1.47572899e+00
  1.21770036e+00 0.00000000e+00 1.04437017e+00 5.77387094e-01
  4.60848522e+00 3.01747751e+00 8.07403660e+00 2.81183171e+00
  8.08227539e+00 1.67073536e+00 3.67706680e+00 6.29652917e-01
  4.58477068e+00 1.91929483e+00 3.83273792e+00 1.23697519e+00
  2.04156899e+00 1.20611894e+00 0.00000000e+00 3.84595346e+00
  6.96440649e+00 2.26453924e+00 1.35333157e+01 6.34366870e-01
  2.45124221e+00 9.53816175e-01 2.21242696e-01 1.43312728e+00
  1.65693319e+00 7.22936273e-01 1.28578961e-01 4.14924002e+00
  2.48493528e+00 2.95994544e+00 1.46612310e+00 1.60467410e+00
  1.52377129e-01 2.97428966e+00 1.22775722e+00 0.00000000e+00
  2.86867094e+00 8.01351249e-01 6.16964579e+00 0.00000000e+00
  2.34417343e+00 7.28330195e-01 1.22371078e+00 3.84786463e+00
  3.73732948e+00 0.00000000e+00 2.45615888e+00 1.10133745e-01
  2.42065144e+00 2.83924460e+00 7.83910513e+00 4.19803113e-02
  7.86787093e-01 1.50093019e+00 4.45553325e-02 1.53170311e+00
  7.97344780e+00 4.84611797e+00 5.06236362e+00 2.78866458e+00
  2.70753002e+00 2.55859399e+00 3.47623682e+00 8.38792503e-01
  1.19758666e+00 0.00000000e+00 1.69526219e+00 4.45185184e+00
  2.34703541e+00 9.62069258e-02 6.31274462e+00 1.33689535e+00
  1.31664246e-01 1.28721409e+01 1.38311398e+00 1.08011091e+00
  1.93592942e+00 1.48302853e-01 0.00000000e+00 3.07669950e+00
  2.01377487e+00 3.99467254e+00 6.45052493e-02 1.96974859e-01
  1.32651126e+00 1.28527373e-01 2.90780354e+00 0.00000000e+00
  4.64863837e-01 1.29043436e+00 0.00000000e+00 2.46923655e-01
  2.16374350e+00 2.87662673e+00 1.24318689e-01 4.36251670e-01
  3.70455217e+00 8.68332684e-01 1.56876731e+00 1.84659421e+00
  4.69802713e+00 3.74172568e+00 9.87748337e+00 8.68420124e+00
  5.13338260e-02 6.76358700e+00 7.17370689e-01 2.31093073e+00
  2.73056340e+00 1.16342580e+00 0.00000000e+00 1.24645837e-01
  1.07301033e+00 4.89867538e-01 1.47652298e-01 6.83959818e+00
  1.20319490e+01 2.00080085e+00 8.84321891e-03 6.06653881e+00
  7.55936861e-01 1.08796036e+00 1.51914275e+00 0.00000000e+00
  0.00000000e+00 2.79748052e-01 9.92113128e-02 3.69912219e+00
  4.44283867e+00 2.99151540e+00 1.46369532e-01 3.02980828e+00
  4.42430496e+00 3.14310813e+00 5.73891449e+00 0.00000000e+00
  2.44291019e+00 4.68260765e+00 0.00000000e+00 1.91420293e+00
  4.20166063e+00 8.55728328e-01 0.00000000e+00 9.55654240e+00
  2.10933000e-01 1.97683346e+00 1.25072157e+00 0.00000000e+00
  9.57872510e-01 6.69974375e+00 8.11047480e-03 6.51366174e-01
  4.29395810e-02 0.00000000e+00 4.27416563e+00 1.48173356e+00
  6.34259987e+00 2.68441230e-01 2.63881660e+00 6.08759594e+00
  2.92134666e+00 2.83836532e+00 4.18958759e+00 1.11481285e+01
  9.30621862e-01 9.57487226e-02 4.36232507e-01 1.23767889e+00
  7.53354931e+00 1.50498256e-01 7.74618208e-01 7.05117369e+00
  2.33982372e+00 6.31010199e+00 1.14497185e-01 0.00000000e+00
  4.93559353e-02 5.46323769e-02 0.00000000e+00 3.13364244e+00
  4.36164761e+00 1.75544167e+00 4.52362716e-01 2.30590314e-01
  5.19768953e+00 2.45380774e-01 1.83252466e+00 2.31983304e+00
  7.50436640e+00 3.00188684e+00 2.29811400e-01 2.86907268e+00
  2.73550282e+01 1.21500695e+00 6.03981018e-01 9.22615588e-01
  2.55288601e+00 2.59883690e+00 2.44462061e+00 9.77679014e-01
  6.32572949e-01 0.00000000e+00 0.00000000e+00 3.12340736e+00
  2.40709496e+00 1.01706541e+00 7.51770210e+00 1.01566052e+00
  1.50788575e-01 7.55220318e+00 9.33279991e-01 5.29086471e-01
  8.61382544e-01 1.65758502e+00 5.62737286e-02 4.92224646e+00
  0.00000000e+00 1.11562634e+00 2.56448090e-02 2.01430941e+00
  2.81879449e+00 0.00000000e+00 5.97602129e-01 5.63076496e-01
  4.29726727e-02 7.94848323e-01 6.26902914e+00 2.08724332e+00
  3.06985438e-01 3.96392226e+00 5.26863694e-01 1.17399538e+00
  8.15054989e+00 8.89773273e+00 1.85329282e+00 3.06525493e+00
  8.36467552e+00 1.22861278e+00 6.50650322e-01 9.32872772e+00
  3.41198945e+00 1.69569552e+00 2.10031033e+00 1.22853696e+00
  1.52598381e+00 1.20777227e-01 7.81341410e+00 6.86801001e-02]]