[[3.9932373e+00 0.0000000e+00 7.7837132e-02 0.0000000e+00 7.5029314e-02
  3.6313994e+00 3.2603934e+00 6.3354433e-01 0.0000000e+00 2.8287563e+00
  6.5477262e+00 1.1686525e+00 5.7661839e+00 7.8639585e-01 4.2945795e+00
  7.0380783e+00 1.9229731e-01 1.8806713e+00 2.9576619e+00 3.6613433e+00
  2.2857289e-01 1.7311449e+01 1.3202748e-01 1.4882694e+00 1.3708593e-01
  1.7755026e+00 4.8263283e+00 1.3738998e+00 2.5734768e+00 7.3307925e-01
  4.1547915e-01 1.0897179e+01 1.2720957e+00 3.4078519e+00 5.8432722e-01
  0.0000000e+00 1.2371485e+00 0.0000000e+00 5.2112389e+00 3.8712375e+00
  1.1578512e+00 3.1778820e+00 2.0459173e+00 6.7770481e+00 5.2159369e-02
  4.9138532e+00 4.4491572e+00 4.9601138e-01 1.3742352e+00 2.8244927e+00
  8.7345047e+00 1.8499405e+00 2.2882760e+00 4.3022828e+00 3.0679727e+00
  3.2688222e+00 6.9815896e-02 1.4002674e+00 5.4983854e-01 5.5662793e-01
  0.0000000e+00 1.8070433e+00 6.3687181e+00 7.5795388e+00 2.4304717e+00
  3.8582399e-01 1.6023272e-01 1.4063749e+00 2.1332314e+00 1.6238046e+00
  6.1557765e+00 1.1032563e+00 4.7062883e-01 7.9475446e+00 5.3445601e+00
  1.5072570e+00 1.5572254e-01 1.6021081e+00 6.2482501e-03 3.1624925e+00
  8.0345684e-01 5.2074349e-01 1.5681107e+00 5.6171365e+00 5.5185690e+00
  3.4221168e+00 3.6990216e+00 2.2828971e-01 0.0000000e+00 1.2638224e+00
  2.5915718e+00 3.9985569e+00 1.1039525e+00 9.9452095e+00 1.2308585e-01
  8.1365281e-01 8.2657777e-02 1.1723690e+00 2.0120277e+00 8.6904550e-01
  1.1504533e+00 1.2551639e+00 4.0399614e-01 5.6709590e+00 5.7845944e-01
  1.6218337e+00 2.0883994e+00 3.0513346e+00 5.2766520e-01 2.7974114e-01
  1.5399721e+00 3.7598214e-01 0.0000000e+00 3.8875213e+00 1.7695574e+00
  3.0438881e+00 2.7027752e+00 1.4906591e+00 0.0000000e+00 1.2905244e+00
  2.8814049e+00 8.9090347e-01 1.0372528e+00 3.0087471e+00 4.7022119e-01
  4.9626651e+00 2.1742907e+00 8.6353046e-01 5.9888679e-01 9.2140064e+00
  4.4369583e+00 4.4185758e+00 1.0927438e+00 2.7926427e-01 1.1650683e+00
  1.4991964e+00 2.4888797e-01 3.5081732e-01 2.8167601e+00 1.0175653e+00
  1.3285992e+00 1.8419454e+00 2.2430515e+00 3.8675239e+00 2.7415638e+00
  3.8075283e-01 8.2568188e+00 6.8945152e-01 1.9113165e+00 1.3072892e-01
  2.0591339e-01 2.1469587e-01 5.6776446e-01 1.7885140e+00 1.1949996e+00
  5.2095180e+00 1.2365223e+00 3.8483937e+00 3.1350991e-01 1.4093424e+00
  4.0716600e-01 1.3104992e+00 3.3881104e+00 6.7995911e+00 4.5156078e+00
  3.1244514e+00 0.0000000e+00 0.0000000e+00 3.3205473e-01 2.0639482e-01
  1.8696141e+00 1.5478723e+00 4.7956100e+00 2.5167850e-01 3.1149429e-01
  3.7874529e+00 0.0000000e+00 2.8031826e+00 1.0050938e+00 5.6914239e+00
  1.0174499e+00 8.7914485e-01 4.7501988e+00 1.2130138e+00 1.9568762e+00
  2.2528648e+00 6.9911295e-01 1.3224428e+00 7.8320217e+00 2.4001284e+00
  5.9688214e-02 2.0962112e-01 2.7503288e+00 8.2412157e+00 5.2641433e-01
  1.9455943e+00 4.1776071e+00 0.0000000e+00 0.0000000e+00 7.2208090e+00
  8.2904348e+00 1.7234391e+00 4.2200226e-02 2.8887184e+00 1.1225407e+00
  6.8744969e+00 7.5751901e-01 3.2619975e+00 1.2003155e+00 2.8730515e+01
  0.0000000e+00 1.7105763e+00 2.9997895e+00 4.8072562e+00 8.5898060e-01
  0.0000000e+00 1.0478152e+00 5.7555562e-01 6.2091827e-01 3.9111698e-01
  9.9195061e+00 7.0624080e+00 3.6705468e+00 0.0000000e+00 4.6083765e+00
  1.0830706e-01 2.3765624e+00 3.2219460e+00 3.5394595e+00 2.6277678e-02
  1.1208956e+00 1.1045545e+00 4.2989497e+00 1.6557734e-01 2.6280272e+00
  1.8410470e+00 5.8694892e+00 1.1156088e+00 1.1275954e+00 5.5618972e-01
  0.0000000e+00 6.3129669e-01 3.7403917e+00 3.8567417e+00 1.0658466e+00
  2.2433078e+00 9.2334118e+00 1.0062356e+00 4.1646247e+00 6.1559544e+00
  5.5048680e+00 1.9849854e+00 9.8320246e-01 1.2902517e+00 3.3526740e+00
  1.1814159e+00 2.7682865e+00 1.0026181e+00 1.0233176e+00 1.8963248e-02
  0.0000000e+00 3.2982107e-02 8.1826158e-02 1.1995536e+00 6.2811770e+00
  1.6648027e+00 2.0464280e+00 2.1172686e+00 3.7938666e+00 0.0000000e+00
  4.3367801e+00 2.4638265e-01 1.8798192e+00 1.9493419e-01 0.0000000e+00
  6.5615237e-01 8.5559616e+00 1.5333971e+00 9.5193195e-01 2.8645501e+00
  5.2916846e+00 1.5002851e+00 1.0415574e+00 2.4860933e+00 0.0000000e+00
  5.7282102e-01 3.2678540e+00 1.9219357e+00 2.9019308e+00 1.8316181e+00
  3.1720564e+00 0.0000000e+00 1.8808771e+00 7.1444030e+00 3.5233684e+00
  1.2698610e+00 2.6885448e+00 1.3530529e+00 8.7959850e-01 0.0000000e+00
  3.9236006e-01 8.6022797e+00 1.0154070e+00 4.6558559e-01 6.0034266e+00
  2.0523815e+00 1.6086661e+00 4.7124062e+00 1.6249900e+00 1.5454780e-01
  8.6609989e-01 4.6578503e+00 4.9415307e+00 3.3983651e-01 4.0743880e+00
  5.6773505e+00 3.1830952e+00 7.0702744e+00 4.2550087e+00 4.6153574e+00
  6.5666647e+00 1.0649678e+01 6.6356020e+00 0.0000000e+00 2.8221943e+00
  8.7599522e-01 7.1075602e+00 0.0000000e+00 5.3114219e+00 3.7336886e-01
  3.6735779e-01 1.6588862e+00 3.8404806e+00 1.1888208e+00 3.6888816e+00
  4.2333417e+00 3.0544708e+00 1.7135249e+00 2.7784390e+00 5.3428704e-01
  1.6026102e+00 6.8510461e+00 2.8633317e-01 7.8213429e-01 2.1792662e+00
  1.3563623e+00 7.3431721e+00 1.3198822e+00 3.3183551e+00 2.5666218e+00
  1.8056662e+00 4.7528288e-01 4.0901394e+00 4.5666051e+00 1.2901130e+00
  6.3969411e-02 4.8137665e-01 4.8397188e+00 0.0000000e+00 1.1259238e+00
  4.9939466e+00 2.1033123e-01 1.1154207e+00 4.0915179e+00 1.4243317e+00
  5.0403293e-02 1.2973877e+01 2.5145471e+00 3.7863173e-02 6.7341695e+00
  3.6932325e+00 1.0532042e+00 3.6007586e+00 1.2492937e+00 3.9872148e+00
  3.5064282e+00 6.6035914e-01 6.6845393e+00 3.9822620e-01 5.9809995e+00
  7.6629508e-01 2.8431761e+00 5.2937922e+00 2.2952043e-01 2.2844615e+00
  1.6012549e+00 4.2246046e+00 7.3391294e-01 1.8787825e+00 6.2533646e+00
  2.3155603e+00 6.5624005e-01 6.5265381e-01 3.4754519e+00 2.4634793e-01
  3.6606102e+00 7.1439996e+00 6.8911737e-01 2.4714929e-01 5.3367248e+00
  3.1177235e+00 1.2981911e+01 5.7450283e-01 1.6248529e+00 1.9803395e+00
  3.0194196e-01 2.7384179e-02 7.6316762e-01 4.5744147e+00 0.0000000e+00
  9.1743002e+00 3.8666501e+00 1.1663160e+00 3.9555016e+00 3.5707166e+00
  1.0156697e+00 4.0743625e-01 6.3616300e-01 2.8965569e+00 0.0000000e+00
  3.2452199e+00 7.4950451e-01 5.8827573e-01 1.2361357e+00 3.0098219e+00
  2.6111493e+00 8.7679034e-01 3.2073891e+00 8.2947838e-01 2.3641446e+00
  1.9329187e+00 4.5929499e+00 3.1585226e+00 6.4676571e+00 2.7855926e+00
  5.6001167e+00 4.8364677e+00 4.3471966e+00 2.0337048e+00 5.8490357e+00
  0.0000000e+00 0.0000000e+00 3.7794223e+00 8.1680685e-01 2.1310654e+00
  0.0000000e+00 1.4017247e-01 3.8488798e+00 6.5205584e+00 4.4322076e-01
  2.7202234e-01 3.7771654e+00 4.2582269e+00 4.8278580e+00 2.1643348e+00
  1.0587814e+00 2.3185846e-01 1.7049346e+00 1.3834432e+01 5.1659002e+00
  2.5780222e-01 1.7865225e+00 7.8781146e-01 1.0135803e+00 0.0000000e+00
  4.6011448e+00 4.7430289e-01 4.2384458e+00 1.6721429e+00 1.2914856e-01
  5.4210415e+00 4.1315269e+00 3.1665769e+00 1.1681098e+00 2.7836978e-01
  3.3545034e+00 3.2162459e+00 4.0046179e-01 5.3250933e+00 3.0043983e+00
  4.0752295e-01 3.6293560e-01 7.7390957e-01 2.3285827e-01 4.6701913e+00
  1.6695354e+00 2.4761584e+00 1.0457972e+00 2.1289663e+00 1.5255494e+00
  2.3313465e+00 4.1665010e+00 7.1311235e-01 6.9770818e+00 2.5756345e+00
  2.9537213e-01 3.4919252e+00 3.8554058e+00 1.3228970e+00 3.7312622e+00
  2.1874373e+00 3.4116018e+00 1.5428476e+00 3.6854951e+00 3.4575329e+00
  1.7803411e+00 2.8852475e+00 6.8467516e-01 2.0322955e+00 2.4802163e+00
  7.5631618e-01 2.4831361e-01]]