[[1.0240657e+01 7.8814378e+00 5.4881823e-01 1.2463880e+00 0.0000000e+00
  1.7294219e+00 2.8166625e+00 0.0000000e+00 7.5400263e-02 5.8169347e-01
  7.5049086e+00 3.4109690e+00 2.8630747e-02 5.0776601e-01 0.0000000e+00
  7.8881636e+00 3.1107697e+00 4.7834069e-01 2.5621235e-01 7.2631538e-01
  1.0253185e+01 2.4156189e+00 4.4771104e+00 0.0000000e+00 8.0914259e-01
  9.6756525e+00 6.3954622e-01 2.3489842e+00 2.5876470e+00 7.1824746e+00
  0.0000000e+00 1.1599867e+01 9.1413326e+00 2.9389575e-01 2.0334633e-01
  0.0000000e+00 1.2563824e+01 1.8746837e+00 1.7582841e+00 6.8487792e+00
  9.0268240e+00 4.7036290e+00 3.7163563e+00 5.7449012e+00 1.3399515e+00
  4.8703976e+00 1.7854278e+00 3.8562324e+00 6.6046605e+00 2.8981273e+00
  5.3497070e-01 2.9571857e+00 0.0000000e+00 6.3190370e+00 2.6516745e+00
  3.4428358e-01 2.6139967e+00 7.1262193e+00 0.0000000e+00 3.1927019e-01
  1.6512655e+00 6.3364625e-01 4.3031640e+00 2.9132369e+00 2.4252460e+00
  4.7452960e+00 4.8496297e-01 5.5735145e+00 7.3864841e-01 1.9252790e+01
  1.0591073e+01 4.6981039e+00 3.4688985e-01 3.8342004e+00 1.2545688e+00
  6.0478598e-01 8.2647195e-03 5.8691267e-02 1.8782770e+01 0.0000000e+00
  1.4669574e+00 1.6365845e+00 3.4109638e+00 3.0925423e-01 3.4068555e-01
  4.9074469e+00 0.0000000e+00 5.6613774e+00 5.2384620e+00 0.0000000e+00
  8.6188993e+00 0.0000000e+00 1.4810246e-01 0.0000000e+00 4.9442172e-01
  1.1595200e+00 3.9937854e+00 7.7564511e+00 0.0000000e+00 6.1300535e+00
  2.2801003e+00 6.1323938e+00 1.7199488e+00 2.1083009e+00 1.4295994e+00
  3.5035154e-01 1.5678807e+00 7.0216984e-02 7.1157227e+00 1.1529166e+00
  2.6462996e+00 1.9689015e+00 3.8676497e-02 6.5485315e+00 1.0622994e+01
  1.5372652e+00 5.4972262e+00 5.5129681e+00 4.0906549e-01 6.7975414e-01
  5.6991911e-01 1.3038299e+00 3.5455680e-01 1.1996308e+01 2.4820712e+00
  5.0198774e+00 0.0000000e+00 8.2177453e-02 4.2901710e-01 2.5996158e+00
  1.3923500e-01 1.6860943e+01 2.5463431e+00 1.9112235e+00 2.0579639e-01
  1.7652817e+00 2.1853893e+00 1.5076634e+00 5.7870884e+00 5.5544744e+00
  3.8750913e+00 0.0000000e+00 2.7799129e+00 1.0291703e+01 4.6324501e+00
  8.2005031e-02 2.7489645e+00 9.7569418e-01 5.4972070e-01 2.8838942e+00
  0.0000000e+00 4.1479707e+00 2.8328103e-01 4.2519765e+00 1.1382209e+00
  3.6765516e-01 4.1620111e-01 1.4352258e+00 7.7475536e-01 1.0003366e+00
  2.0032587e+00 1.8115116e+00 3.9097700e+00 1.7251645e-01 7.5024047e+00
  1.7306472e+00 0.0000000e+00 6.5982485e+00 1.1077942e-01 9.2963591e+00
  9.5362835e+00 4.3195438e+00 8.9804821e+00 1.3246884e+01 1.6057481e+00
  3.4629424e+00 6.9293962e+00 3.4471378e+00 4.4022989e+00 4.7998009e+00
  9.8616850e-01 0.0000000e+00 0.0000000e+00 1.7281281e+00 1.8291541e+00
  1.7368320e+00 6.3186669e+00 2.8772244e+00 5.7600206e-01 4.3218141e+00
  0.0000000e+00 0.0000000e+00 0.0000000e+00 1.8118755e+00 5.1835275e-01
  6.3804002e+00 2.3966813e-01 2.0489419e-01 1.0698907e-02 1.2349901e+00
  1.8025197e+00 2.2591284e-01 6.1346002e+00 2.4615481e+00 4.2969527e+00
  3.0058837e-01 0.0000000e+00 2.5473101e+00 6.2604446e+00 2.5398347e+00
  4.2266006e+00 4.5045128e+00 1.1779540e+00 7.9522169e-01 5.0445908e-01
  3.2946534e+00 6.3516498e-02 2.2330505e-01 4.8962909e-01 6.0699213e-01
  0.0000000e+00 5.1012626e+00 6.4890599e+00 4.9346595e+00 4.4417520e+00
  7.4034219e+00 7.1420231e+00 3.7524853e+00 6.4840307e+00 1.0558479e+00
  1.5480089e+00 6.7223263e+00 3.6418167e-01 6.0247641e+00 3.0752462e-01
  6.3425560e+00 3.6782825e-01 6.0940146e+00 8.0856552e+00 9.3266153e-01
  4.4991722e+00 9.1109723e-02 1.4083693e+00 6.8301549e+00 1.1737273e+00
  5.1367068e+00 6.1427770e+00 6.9281191e-01 3.2546835e+00 6.4987082e+00
  7.9777541e+00 2.1886432e+00 2.1745708e+00 6.9017963e+00 6.8816435e-01
  0.0000000e+00 3.1977956e+00 6.2672706e+00 5.4621677e+00 0.0000000e+00
  7.7883563e+00 1.8102702e+00 0.0000000e+00 4.5215816e+00 3.1845603e+00
  1.9642811e+00 6.4790850e+00 2.3202736e+00 7.5730104e+00 3.1942549e+00
  5.1461525e+00 0.0000000e+00 2.5254211e+00 6.4634037e+00 6.6985450e+00
  3.1179640e+00 9.2730618e+00 9.4614363e-01 5.4058280e-02 1.2876379e+00
  3.2003207e+00 3.5163155e+00 2.2477083e+00 1.7339152e+00 8.5860538e+00
  1.6449636e-01 4.8870053e+00 1.7022516e+00 4.3444977e+00 1.5631466e+00
  0.0000000e+00 4.0576859e+00 1.8241963e+00 1.2452089e+00 3.4945011e+00
  2.8693523e+00 1.0680430e+00 1.5381807e+00 4.2832398e+00 4.6959701e-01
  2.2459245e+00 3.3862746e+00 1.2178654e+01 0.0000000e+00 7.8044763e+00
  1.2646153e+00 8.9126027e-01 4.8044415e+00 5.1073831e-01 6.1135864e+00
  3.8846657e+00 9.4203287e-01 5.3926163e+00 1.3936474e+00 2.1093209e-01
  1.7344126e+00 2.2089689e+00 1.3828210e+01 4.1874862e+00 5.0344062e+00
  7.8470528e-02 1.7999208e+01 5.7846498e+00 3.5052738e+00 0.0000000e+00
  2.6456189e+00 2.6605225e+00 2.0307340e-01 7.3557296e+00 1.5769762e+00
  2.2926936e-01 1.1192565e+00 2.4894899e-01 7.6990991e+00 4.0901856e+00
  3.9402001e+00 0.0000000e+00 1.2133725e+01 4.5866265e+00 8.2970352e+00
  8.7879248e+00 0.0000000e+00 5.4582181e+00 4.0964118e-01 6.3518405e-01
  6.2337768e-01 2.8491035e+00 1.3694441e+00 1.5994687e-01 4.3412820e-01
  5.5745244e+00 5.7059526e-01 5.7598967e-02 4.1221194e+00 2.5608208e+00
  6.0570043e-01 7.4733311e-01 2.7410309e+00 6.1895472e-01 1.0533520e+00
  5.4373343e-02 1.1475659e-01 1.2340093e+01 5.3354206e+00 2.0692322e+00
  4.3190689e+00 5.2178664e+00 7.4266891e+00 2.3189697e-02 1.1297991e+00
  4.7234521e+00 3.1104519e+00 4.6407790e+00 6.7603552e-01 2.3591709e+00
  1.8861561e+00 5.8481917e+00 7.9957175e+00 0.0000000e+00 7.4562745e+00
  1.8218026e+00 3.9902091e-01 1.4307012e-01 3.1050689e+00 4.9096432e+00
  0.0000000e+00 1.5504452e+00 8.3677095e-01 3.2675414e+00 2.0111976e+00
  1.1508195e+00 1.3967808e+00 5.4825277e+00 2.7245078e+00 4.7068465e-01
  7.3692620e-01 3.4250216e+00 9.2773825e-01 9.2334681e+00 2.9882213e-01
  6.8326437e-01 1.4146997e+00 1.4482631e+01 6.4901686e+00 7.3106465e+00
  2.8100595e-01 4.5522308e-01 3.4516039e+00 6.1989379e+00 1.6645135e-01
  2.0220594e+00 3.5996225e-01 2.2202128e-01 0.0000000e+00 4.1561651e+00
  5.2105415e-01 8.2917698e-02 3.1999991e+00 3.7099738e+00 4.0433311e+00
  9.9716015e+00 1.1861691e+00 2.3458810e+00 6.1829300e+00 9.6233904e-01
  4.7910881e-01 1.3838859e+00 1.0762544e+00 1.2177983e-03 0.0000000e+00
  5.0742960e-01 5.7362586e-01 1.7441584e+01 2.1573004e-01 4.8784523e+00
  6.9971375e+00 4.2270265e+00 6.6101747e+00 9.7585618e-01 1.8380308e+00
  2.3133054e+00 2.6648113e-01 2.1569166e+00 8.6595831e+00 6.8704710e+00
  1.2171508e+00 1.4706242e+01 1.0475825e+00 8.0426788e+00 1.0601945e+00
  2.7783360e-02 1.2051450e+00 0.0000000e+00 6.0665412e+00 2.1298299e+00
  8.9156002e-01 7.2383318e+00 6.7088380e+00 8.0020314e-01 5.8097577e+00
  9.4021511e+00 3.2757487e+00 4.2934189e+00 7.9388165e+00 0.0000000e+00
  1.4318684e+00 1.1725304e+00 9.6974260e-01 3.8372827e+00 1.1332276e+00
  1.0261058e+00 0.0000000e+00 3.5273573e+00 1.3053236e+01 2.6052642e+00
  4.6326919e+00 2.3724866e+00 2.2793894e+00 2.1410044e-01 5.6578451e-01
  4.6097775e+00 1.2741114e+00 1.7742559e-01 3.2029965e+00 0.0000000e+00
  1.2880104e+01 1.9392827e-01 2.5584905e+00 0.0000000e+00 1.6761862e-01
  1.6844326e+00 2.1627602e-01 9.7473556e-01 4.2779355e+00 6.0061568e-01
  3.1412127e+00 8.3420992e-01 1.0295623e+01 7.9580486e-01 2.3746660e+00
  5.9206562e+00 3.5633197e-01 1.8978232e-01 1.3700715e+00 4.2710032e+00
  1.0913415e+00 3.9534843e+00 4.0051947e+00 2.8370292e+00 3.7436523e+00
  1.2270913e+00 2.1987810e+00]]