[[1.86720693e+00 2.44669652e+00 3.22311401e+00 1.14302365e-02
  1.40986514e+00 6.70868218e-01 6.52173615e+00 0.00000000e+00
  0.00000000e+00 3.00183564e-01 4.22350216e+00 1.88840342e+00
  4.98725139e-02 3.92168999e+00 6.00259781e-01 2.54730201e+00
  9.23867762e-01 1.46509540e+00 6.78508461e-01 4.60904312e+00
  3.33238006e+00 3.40944624e+00 2.84078264e+00 0.00000000e+00
  1.93225801e-01 5.06585026e+00 1.02250886e+00 8.21153224e-01
  2.24659777e+00 2.65849328e+00 3.89284343e-02 2.73296022e+00
  3.00699735e+00 6.52839124e-01 1.99187413e-01 1.31325936e+00
  9.84172344e+00 2.24539265e-01 6.18177652e-01 4.26790953e+00
  3.36022925e+00 4.19924164e+00 1.50634956e+00 2.88605380e+00
  5.78387231e-02 1.03405440e+00 3.70406890e+00 2.19327450e+00
  1.48961747e+00 3.61841202e+00 2.74832756e-03 1.48959601e+00
  3.94461721e-01 1.86555672e+00 1.84022069e+00 1.30575550e+00
  6.79689884e+00 6.53469801e+00 1.23745434e-01 7.64035463e-01
  4.28646475e-01 5.81328034e-01 6.48693657e+00 3.04959726e+00
  2.49581075e+00 3.34763145e+00 7.30998516e-02 2.40715456e+00
  7.64466405e-01 7.40459538e+00 1.79799449e+00 3.78943491e+00
  1.13211341e-01 4.43172121e+00 4.43387866e-01 3.31125289e-01
  2.69197607e+00 0.00000000e+00 8.36262608e+00 0.00000000e+00
  9.62323666e-01 1.79555476e+00 2.80307627e+00 2.53816575e-01
  6.03428483e-01 2.90177846e+00 0.00000000e+00 1.95168543e+00
  3.98220515e+00 0.00000000e+00 4.48793411e+00 1.36312807e+00
  6.47728205e-01 2.29687667e+00 7.74082899e-01 5.83079048e-02
  2.11192489e+00 4.03388739e+00 1.31653249e+00 4.27916956e+00
  3.30097467e-01 6.10152388e+00 5.69525909e+00 2.05421162e+00
  9.11586046e-01 6.14849150e-01 0.00000000e+00 0.00000000e+00
  6.69296694e+00 1.67860165e-01 1.68919230e+00 2.17347503e-01
  9.20359492e-01 2.42486191e+00 8.96672916e+00 1.71687111e-01
  4.16136694e+00 1.27641535e+00 1.84210509e-01 1.02489722e+00
  5.90455592e-01 7.67201662e-01 7.20526576e-01 1.17106676e+01
  2.47432661e+00 2.74167109e+00 0.00000000e+00 0.00000000e+00
  8.26835692e-01 1.64143074e+00 3.42236257e+00 6.65994406e+00
  4.25141677e-03 2.49936056e+00 2.71591592e+00 2.04273367e+00
  8.93645406e-01 4.56779003e-01 0.00000000e+00 9.70586777e+00
  2.57061338e+00 0.00000000e+00 0.00000000e+00 1.00594473e+01
  1.62768388e+00 0.00000000e+00 2.93154001e-01 1.32890478e-01
  0.00000000e+00 1.13828099e+00 1.63985813e+00 8.16685677e-01
  1.00826347e+00 1.52673888e+00 1.12822711e+00 3.25098671e-02
  3.05349851e+00 3.06252170e+00 2.70528674e+00 4.55711223e-02
  1.04824352e+00 3.27967668e+00 3.83491611e+00 1.88758466e-02
  4.73816633e+00 1.96242619e+00 3.35844457e-02 6.36640215e+00
  7.43711069e-02 5.97363758e+00 3.72805405e+00 3.31085896e+00
  3.17203593e+00 4.91222134e-03 3.84334266e-01 1.89216018e+00
  2.53819489e+00 9.80337739e-01 6.43428802e+00 2.21869254e+00
  1.60044432e-01 2.17546612e-01 2.74141574e+00 0.00000000e+00
  3.92152667e-01 9.39013436e-02 2.30183911e+00 1.02032173e+00
  1.04246891e+00 2.90302944e+00 0.00000000e+00 0.00000000e+00
  0.00000000e+00 5.07705545e+00 7.46441603e-01 5.03723049e+00
  2.05791876e-01 1.09508681e+00 2.59113193e-01 1.37835610e+00
  2.34639549e+00 4.32779074e+00 3.06393504e+00 1.92187536e+00
  8.73416066e-01 1.73341453e+00 2.75844727e-02 1.07908750e+00
  1.64494967e+00 2.59789991e+00 4.54965210e+00 5.03415728e+00
  1.63657427e+00 1.67263436e+00 1.45562306e-01 3.37117839e+00
  2.04306388e+00 7.33233392e-02 8.50283325e-01 1.26015291e-01
  2.91751146e-01 3.96252847e+00 1.07398593e+00 1.38676393e+00
  3.37086177e+00 4.95778847e+00 2.62995529e+00 3.89349437e+00
  2.31568789e+00 1.05739558e+00 2.48155475e+00 1.15721571e+00
  0.00000000e+00 2.64492154e+00 5.28422832e-01 3.70731235e+00
  6.32441759e-01 9.63141322e-01 3.27300936e-01 5.35021722e-01
  2.16322470e+00 3.83830369e-02 1.38169993e-02 8.49917293e-01
  1.16144896e+00 2.77156234e+00 6.29849482e+00 4.96488273e-01
  3.34455103e-01 5.12020302e+00 5.46788692e+00 0.00000000e+00
  9.32157218e-01 4.55228710e+00 1.40408158e+00 0.00000000e+00
  1.88224351e+00 3.73481774e+00 5.14922285e+00 1.50332248e+00
  1.04170561e+01 0.00000000e+00 0.00000000e+00 8.47733617e-01
  1.76496610e-01 0.00000000e+00 1.49735737e+00 2.90142298e+00
  5.77740812e+00 3.39295685e-01 3.34239817e+00 0.00000000e+00
  8.78428221e-01 3.36247444e+00 1.20130253e+00 1.04455101e+00
  6.62634706e+00 3.80356640e-01 2.03748047e-02 8.14134896e-01
  6.26960230e+00 4.01391387e-01 0.00000000e+00 8.02014709e-01
  4.59055853e+00 2.66578197e-01 1.65460956e+00 1.56456184e+00
  3.07921624e+00 3.56365633e+00 3.23454640e-03 1.77401543e+00
  5.83960354e-01 2.30788708e+00 2.29329705e+00 2.81888747e+00
  1.77414715e+00 2.20279360e+00 3.53089023e+00 5.93174934e-01
  8.26559544e+00 2.18004322e+00 5.56120825e+00 8.74372900e-01
  3.03097034e+00 2.94066787e+00 2.62154627e+00 1.13075411e+00
  4.71315354e-01 9.06754732e-01 2.63983846e+00 2.39035040e-01
  9.54946041e-01 3.17019320e+00 6.36376917e-01 0.00000000e+00
  3.33168650e+00 8.24371147e+00 1.14531898e+00 2.35689235e+00
  2.99420595e-01 1.04206562e+01 6.17472291e-01 1.00093901e+00
  5.93029439e-01 2.90414357e+00 1.76853526e+00 6.12026274e-01
  2.99783802e+00 6.21241379e+00 9.17197406e-01 8.23016453e+00
  0.00000000e+00 2.71765256e+00 6.37058163e+00 2.48606038e+00
  1.68583274e+00 1.60901988e+00 1.09025061e+00 3.53591847e+00
  4.78410482e+00 0.00000000e+00 1.65763819e+00 2.46544433e+00
  9.99180257e-01 4.07196134e-01 4.02500063e-01 4.74876940e-01
  3.93095404e-01 1.64044872e-01 7.72528827e-01 0.00000000e+00
  1.40693814e-01 1.62291014e+00 1.15892732e+00 6.93004191e-01
  5.66452217e+00 9.09674835e+00 7.25713000e-02 2.95184541e+00
  4.17739868e+00 1.03345251e+00 6.26824713e+00 2.31794786e+00
  3.68810964e+00 4.17811424e-01 1.62648735e+01 3.14720249e+00
  1.07584195e-02 1.67490959e+00 3.09807450e-01 1.01758957e-01
  1.43823135e+00 1.62961379e-01 1.90784192e+00 1.65410236e-01
  2.45889568e+00 3.73580241e+00 0.00000000e+00 4.63454914e+00
  2.68160319e+00 1.02110386e+00 0.00000000e+00 9.19372737e-01
  5.25718784e+00 1.78448617e-01 3.52902442e-01 6.84605360e-01
  1.34490097e+00 0.00000000e+00 6.97520494e-01 1.03195734e-01
  5.81911087e+00 1.25576115e+00 0.00000000e+00 0.00000000e+00
  2.48510075e+00 0.00000000e+00 4.48544312e+00 2.41205335e-01
  5.24509251e-01 6.66702414e+00 6.26810741e+00 9.81970787e+00
  2.84909225e+00 9.99087542e-02 0.00000000e+00 2.44695997e+00
  2.53213406e+00 1.38810790e+00 3.61567450e+00 1.22169532e-01
  0.00000000e+00 1.44570507e-02 3.92652392e+00 4.81059730e-01
  2.69906502e-03 1.61945665e+00 5.48016357e+00 3.61881638e+00
  5.77539921e+00 7.20533878e-02 4.98730361e-01 3.02082944e+00
  4.75293010e-01 2.93148875e-01 3.06968260e+00 6.64046228e-01
  1.04552996e+00 1.75608948e-01 3.79720068e+00 6.15325034e-01
  1.69846954e+01 8.51870537e-01 1.54725134e+00 3.13931584e+00
  2.68361139e+00 2.24828815e+00 1.99193195e-01 5.25533497e-01
  9.34994757e-01 1.12934694e-01 0.00000000e+00 1.06725693e+01
  8.97491515e-01 4.87109780e-01 9.26902294e+00 6.10866845e-01
  1.37923014e+00 3.55003960e-02 2.79068798e-02 4.01072550e+00
  0.00000000e+00 2.26329136e+00 1.60129666e+00 1.42713892e+00
  2.08266687e+00 2.89986753e+00 5.95694065e-01 4.36209440e+00
  5.32769537e+00 1.80605662e+00 2.54623079e+00 3.11013412e+00
  0.00000000e+00 1.31683719e+00 1.25294328e+00 4.51721817e-01
  2.57948661e+00 1.14860213e+00 1.78786874e+00 0.00000000e+00
  1.98006272e+00 6.96288061e+00 0.00000000e+00 1.16950214e+00
  0.00000000e+00 1.88460457e+00 3.88721377e-01 0.00000000e+00
  2.52216983e+00 0.00000000e+00 1.47832796e-01 2.49686986e-01
  0.00000000e+00 7.02036333e+00 3.60932648e-01 2.68959689e+00
  2.08292651e+00 2.81057566e-01 2.41372609e+00 1.74759924e+00
  1.65637398e+00 2.99252152e+00 3.77239275e+00 1.39177406e+00
  4.18190897e-01 7.52335608e-01 1.54365957e+00 8.36633086e-01
  1.84976304e+00 1.16945565e+00 3.89445090e+00 7.31249809e-01
  5.66383457e+00 4.41673279e-01 2.87642717e+00 2.10312295e+00
  6.66281939e-01 1.94993347e-01 4.29852962e+00 3.61621469e-01]]