[[1.02917874e+00 1.48799348e+00 2.74290442e+00 0.00000000e+00
  0.00000000e+00 4.91927052e+00 1.50931787e+00 0.00000000e+00
  0.00000000e+00 1.45586267e-01 2.93364549e+00 5.49167037e-01
  6.07307732e-01 3.89075071e-01 2.23349833e+00 5.24938965e+00
  3.05815458e-01 1.56287837e+00 1.88073412e-01 3.26014495e+00
  1.73332620e+00 1.12768784e+01 3.21976328e+00 0.00000000e+00
  1.07681227e+00 2.05355239e+00 7.76444018e-01 4.67175514e-01
  3.84342647e+00 2.59309113e-01 2.72257060e-01 1.39366519e+00
  6.62148476e-01 2.85821056e+00 8.94999579e-02 4.00812244e+00
  3.30449438e+00 5.59648536e-02 6.61636353e+00 5.48350143e+00
  1.33536741e-01 3.06680465e+00 6.32410240e+00 4.28862047e+00
  0.00000000e+00 5.45919061e-01 1.97419846e+00 1.35364532e-01
  2.52258229e+00 1.40509844e+00 1.07936776e+00 1.89273894e+00
  4.63994555e-02 1.61910236e+00 3.15064931e+00 1.26164508e+00
  2.06388497e+00 4.62738991e+00 8.48170649e-03 3.79910879e-02
  6.61538243e-01 1.81386936e+00 1.15445232e+01 7.63690329e+00
  1.32079113e+00 7.23602474e-01 3.12709183e-01 1.82709742e+00
  1.04453301e+00 2.99423647e+00 4.74136561e-01 4.10672474e+00
  0.00000000e+00 2.93473101e+00 1.58488142e+00 4.71342742e-01
  5.98414063e-01 1.27085960e+00 5.74711943e+00 2.03609586e-01
  0.00000000e+00 8.13933790e-01 2.13113832e+00 1.22175016e-01
  3.28225088e+00 3.08108997e+00 4.27514642e-01 5.64284086e-01
  6.86201274e-01 0.00000000e+00 5.93814039e+00 8.44790936e-01
  3.22136831e+00 5.03250980e+00 2.15660048e+00 1.36506453e-01
  1.24702585e+00 6.67720747e+00 3.15135980e+00 1.73214555e+00
  1.61257339e+00 3.46004510e+00 7.38622475e+00 5.50587416e+00
  0.00000000e+00 3.51290393e+00 1.52672637e+00 1.29760861e-01
  3.17296481e+00 1.10973321e-01 2.40641180e-02 0.00000000e+00
  6.28371119e-01 1.15678394e+00 1.28744233e+00 3.67652774e-01
  2.70701575e+00 1.02556551e+00 1.34331912e-01 4.95183992e+00
  2.99304485e-01 9.06067967e-01 5.15210509e-01 5.13418770e+00
  3.59812236e+00 3.24219227e+00 0.00000000e+00 0.00000000e+00
  2.91399747e-01 1.37707043e+01 1.12079763e+00 3.34333897e+00
  3.71413469e-01 2.50030136e+00 2.21269608e-01 2.68154740e+00
  1.98355570e-01 8.31697285e-01 5.53938389e-01 2.57692575e+00
  1.28311419e+00 2.77613476e-02 0.00000000e+00 6.86439610e+00
  2.45767093e+00 2.16095865e-01 1.38069797e+00 0.00000000e+00
  0.00000000e+00 6.24854118e-02 4.88298208e-01 1.06781673e+00
  2.28287484e-02 2.64995646e+00 2.60339928e+00 1.51945245e+00
  1.65433133e+00 4.38965607e+00 4.13333736e-02 3.68194789e-01
  2.88802892e-01 8.75625432e-01 3.99449968e+00 6.49316013e-01
  9.58541298e+00 1.51753426e+00 0.00000000e+00 2.02894616e+00
  5.81688508e-02 3.11737704e+00 1.02349532e+00 7.36667871e+00
  8.38739204e+00 5.64584918e-02 0.00000000e+00 1.28334355e+00
  5.15406513e+00 9.54353333e-01 6.85777760e+00 2.75516796e+00
  1.05059218e+00 9.28358138e-01 5.39590693e+00 2.49045476e-01
  4.04310703e-01 2.04227161e+00 1.57147002e+00 9.27891493e-01
  1.64423692e+00 1.49975538e+00 3.32452059e+00 0.00000000e+00
  2.86091655e-01 5.92857742e+00 1.33469605e+00 1.86853695e+00
  2.01301515e-01 1.67320693e+00 1.63957500e+00 1.14570606e+00
  3.32235289e+00 1.80430925e+00 0.00000000e+00 1.28006965e-01
  5.28148222e+00 1.70596957e+00 0.00000000e+00 0.00000000e+00
  5.02867937e-01 8.27123356e+00 2.77035743e-01 2.24903893e+00
  1.55209053e+00 2.13233137e+00 2.10543886e-01 2.74259162e+00
  9.11626697e-01 5.31323195e-01 1.83739930e-01 1.28297603e+00
  4.71969175e+00 4.44779825e+00 8.72180879e-01 1.43328893e+00
  6.53345919e+00 3.63278437e+00 1.04467368e+00 6.30238771e-01
  3.02519709e-01 4.48725998e-01 2.55118132e+00 2.97336602e+00
  1.92000258e+00 3.42017293e+00 1.58015144e+00 1.69821787e+00
  4.37234879e-01 6.23106956e+00 4.39472497e-01 2.50375175e+00
  1.02226353e+00 4.74656314e-01 5.84573793e+00 1.82248437e+00
  1.61840359e-03 6.58574486e+00 8.84891891e+00 4.58044320e-01
  5.29528618e-01 6.56807041e+00 5.85277700e+00 1.44677877e-01
  0.00000000e+00 1.06060219e+00 1.17710054e+00 1.17871714e+00
  1.99282014e+00 4.93485510e-01 2.95177507e+00 2.59936333e+00
  3.63434076e+00 1.99387446e-02 0.00000000e+00 1.53185785e+00
  3.79852414e+00 1.14464056e+00 1.14447224e+00 1.50705516e+00
  4.50534391e+00 7.47586787e-01 2.36540318e+00 0.00000000e+00
  3.98090911e+00 5.32832086e-01 8.31064165e-01 3.82908225e+00
  9.85333538e+00 0.00000000e+00 4.17768061e-01 5.54613709e-01
  5.51547813e+00 2.92318487e+00 3.47382522e+00 6.40083015e-01
  3.39713025e+00 0.00000000e+00 1.72555089e+00 1.63501298e+00
  2.18084621e+00 3.54708886e+00 0.00000000e+00 4.93500382e-01
  1.16470647e+00 4.99092674e+00 2.69961357e+00 1.15182793e+00
  1.28139460e+00 1.60153353e+00 1.29208767e+00 1.32611239e+00
  2.85908008e+00 2.15392804e+00 9.52553988e-01 4.01559830e-01
  3.67428517e+00 3.32418531e-01 5.51332891e-01 1.05716929e-01
  1.08048451e+00 1.26030660e+00 1.96628940e+00 4.48802203e-01
  1.43803012e+00 2.00529456e+00 8.02649212e+00 3.01831160e-02
  4.94396639e+00 5.52344131e+00 4.91469145e-01 0.00000000e+00
  4.45786476e+00 1.11661587e+01 2.08348441e+00 6.29235148e-01
  1.30468822e+00 9.54112768e-01 2.63795900e+00 1.13242745e+00
  2.26221299e+00 8.02719072e-02 5.24406254e-01 7.81553888e+00
  2.26730466e-01 3.91358674e-01 2.23489809e+00 5.06485748e+00
  2.14851546e+00 0.00000000e+00 3.65516573e-01 2.46143579e+00
  4.48981762e+00 3.02949595e+00 3.57715678e+00 2.49367207e-01
  1.57370079e+00 4.36390638e+00 1.17078769e+00 2.16180593e-01
  3.80431890e-01 1.22777998e+00 2.19140053e-01 2.95236148e-03
  6.10761821e-01 3.26432419e+00 2.63924384e+00 2.49396726e-01
  2.02378333e-01 5.41803980e+00 1.03615022e+00 1.56711221e+00
  5.65810680e+00 5.22735238e-01 4.14404345e+00 3.83633184e+00
  3.50809193e+00 5.96095622e-01 1.62681465e+01 1.79643500e+00
  9.35571566e-02 2.42615297e-01 7.02136695e-01 6.06600285e-01
  5.72153282e+00 3.61331582e-01 4.58277941e+00 1.50188804e+00
  5.21802950e+00 2.54196143e+00 5.36894262e-01 6.44798517e+00
  7.50555086e+00 1.96439356e-01 1.03274429e+00 1.34832406e+00
  1.71834683e+00 1.68817663e+00 4.21600759e-01 2.81194478e-01
  1.47108471e+00 2.72055054e+00 1.87655282e+00 8.11040163e-01
  3.90894556e+00 1.97358263e+00 4.57769662e-01 3.35812044e+00
  4.56629467e+00 1.91582429e+00 1.46431482e+00 3.51406455e-01
  1.24340940e+00 1.13413563e+01 3.76843786e+00 1.79681480e+00
  3.26205254e+00 1.50076652e+00 7.88102522e-02 1.93682897e+00
  4.71165323e+00 3.51876926e+00 5.70768213e+00 3.94115984e-01
  0.00000000e+00 5.28328836e-01 6.91848218e-01 3.27790946e-01
  6.92477167e-01 0.00000000e+00 2.52569199e+00 1.58801055e+00
  4.34023666e+00 1.70246184e-01 1.50760436e+00 2.92111278e+00
  1.72476768e+00 9.64776278e-01 5.99118090e+00 3.78724670e+00
  3.03793103e-01 1.93769026e+00 1.23452532e+00 1.70217082e-01
  1.22249470e+01 1.43538213e+00 3.01358914e+00 5.84852457e+00
  1.24635780e+00 2.27026558e+00 0.00000000e+00 1.47144687e+00
  9.07237947e-01 1.24321483e-01 1.12696655e-01 1.22561216e+00
  1.15445745e+00 2.67689419e+00 3.11683989e+00 1.49150741e+00
  1.16464674e+00 0.00000000e+00 6.50338531e-02 2.22313952e+00
  4.32561994e-01 1.70537925e+00 5.00728846e+00 1.44554311e-02
  1.83283484e+00 7.96010613e-01 0.00000000e+00 3.71343875e+00
  2.39825392e+00 1.96250546e+00 1.18272245e+00 3.74166441e+00
  0.00000000e+00 1.73125088e-01 2.20406222e+00 7.68322468e-01
  4.86505419e-01 5.48452795e-01 0.00000000e+00 8.48513544e-02
  5.61757565e-01 3.80551457e+00 2.24668026e+00 1.15061140e+00
  5.03185868e-01 1.80665946e+00 3.08103655e-02 1.27289400e-01
  4.42825437e-01 0.00000000e+00 1.61811066e+00 2.87177730e+00
  0.00000000e+00 9.11009407e+00 1.13131511e+00 1.94916427e+00
  1.46633708e+00 4.88680787e-02 1.86211002e+00 2.02625251e+00
  1.61242977e-01 3.95037508e+00 1.08109581e+00 3.50564170e+00
  1.82522273e+00 5.12034512e+00 2.57887459e+00 2.56947112e+00
  3.81859660e+00 5.38914539e-02 6.77328300e+00 2.75544375e-01
  7.55394745e+00 8.80775630e-01 4.13285780e+00 7.23360717e-01
  1.41166294e+00 7.99355328e-01 3.78518271e+00 9.03561175e-01]]