[[3.6356559e-01 5.2770883e-01 1.5342586e+00 8.1098869e-02 1.1682372e+00
  3.3969455e+00 2.3419247e+00 1.8927430e+00 1.1358215e+00 3.7428830e+00
  3.7913461e+00 1.7238806e+00 8.6554158e-01 0.0000000e+00 8.2588091e-02
  9.2907053e-01 9.5835525e-01 1.0172920e+00 0.0000000e+00 4.3462586e+00
  2.2574618e-02 1.2395649e+01 2.6059582e+00 0.0000000e+00 3.9786398e-01
  7.2550845e+00 2.7479098e+00 4.5463972e+00 4.8810153e+00 3.5827756e+00
  2.6333222e+00 8.6111987e-01 9.3179119e-01 5.7954984e+00 1.3859267e+00
  2.1637488e-02 1.4398971e+00 4.2631090e-01 6.1123233e+00 2.7143006e+00
  5.1175632e+00 8.4987700e-01 3.6096711e+00 4.2129550e+00 2.0117316e-01
  7.4031572e+00 4.2383614e+00 7.1143436e+00 3.6274190e+00 3.7533325e-01
  9.9236834e-01 4.7016549e+00 3.5620323e-01 7.3792887e-01 1.1550032e+00
  4.2222781e+00 2.3282366e+00 4.0663033e+00 3.3363268e+00 0.0000000e+00
  2.4710181e+00 4.8736749e+00 2.7703307e+00 5.4116402e+00 2.1502861e-01
  1.1767081e+00 9.4438887e-01 4.7755495e-01 1.7600238e+00 5.7042546e+00
  1.8612767e+00 4.9780450e+00 9.2907190e-01 3.9101713e+00 6.5601845e+00
  1.2091347e-01 2.1446352e+00 1.3648248e-01 5.7377887e-01 4.3330559e-01
  4.2692451e+00 4.1629534e+00 5.0974789e+00 1.3278973e-01 4.0689559e+00
  5.3932481e+00 6.0991800e-01 9.3697131e-02 1.0948966e+00 0.0000000e+00
  4.2589006e+00 5.3383803e+00 9.1870651e-03 5.1939836e+00 1.0415891e+00
  6.2751311e-01 5.8124852e-01 2.2370043e+00 1.2047715e+00 3.0904377e+00
  2.1166868e+00 2.1360991e+00 7.4872756e+00 2.5010409e+00 8.1809539e-01
  1.1371583e+00 2.1087122e+00 6.7497778e-01 5.7369208e+00 7.2983325e-01
  8.4358472e-01 2.9434335e-01 1.2948301e-01 5.5802965e+00 1.7074484e+00
  1.7297056e-01 4.3898544e+00 4.5036238e-01 4.5665881e-01 2.4950712e+00
  4.7380462e-01 1.1793224e-02 2.4191906e+00 6.4875951e+00 1.1182957e+00
  2.9206769e+00 2.1519871e+00 0.0000000e+00 2.8912876e+00 5.9281840e+00
  3.5000618e+00 4.6307306e+00 1.3867426e+00 1.4306206e-01 1.3836125e+00
  1.0223724e-02 1.3924705e+00 1.3313833e+00 1.1702133e+00 0.0000000e+00
  1.8513266e+00 0.0000000e+00 1.7622045e+00 2.2129951e+00 9.1865768e+00
  2.3212669e-02 2.8147633e+00 4.8601744e-01 1.6581973e-01 1.9790866e+00
  4.7416499e-01 1.1432053e+00 1.4021150e+00 2.2082694e+00 1.3222107e+00
  3.3143983e+00 5.7287222e-01 1.5118196e+00 5.9003013e-01 1.8473825e+00
  4.1681039e-01 2.4713926e+00 2.5774789e+00 0.0000000e+00 4.0020385e+00
  4.4630265e+00 5.5452102e-01 3.1586066e-01 1.7159779e+00 4.0917020e+00
  8.5722971e+00 3.5134155e-01 7.0396237e+00 7.6431297e-02 9.3430245e-01
  3.8177791e-01 4.4136772e+00 2.8687185e-01 1.0247117e+01 1.0827714e+01
  2.3970902e+00 0.0000000e+00 3.8262610e+00 5.5628055e-01 1.9516917e+00
  3.3202493e-01 7.6716914e+00 2.5204477e+00 3.6010151e+00 1.2529127e+01
  2.7105095e+00 1.6049340e-01 3.2014976e+00 1.2169050e+01 4.6652719e-01
  2.7922864e+00 4.4930410e+00 1.8235382e-01 9.7241092e-01 0.0000000e+00
  4.9695220e+00 0.0000000e+00 2.4711454e+00 5.1366496e-01 5.8382664e+00
  2.6901836e+00 0.0000000e+00 2.3626094e+00 7.1589202e-01 1.1711336e+01
  3.8050139e+00 5.3105421e+00 2.6855394e-01 3.0152805e+00 4.4762778e-01
  3.9192744e-02 0.0000000e+00 1.3638179e+00 4.1706899e-01 1.5076396e+00
  3.7310143e+00 4.4953942e+00 2.2726928e-01 2.4963577e+00 3.5258546e+00
  7.3361790e-01 3.2361202e+00 2.4606006e+00 2.8888760e+00 6.4107698e-01
  4.3290648e+00 1.9549091e+00 1.2006359e-01 6.2435842e-01 3.2242544e+00
  1.2037634e+00 9.0508395e-01 3.6621511e+00 4.6690621e+00 1.2945597e+00
  1.4489685e+00 1.8229619e+00 4.1986531e-01 2.8135054e+00 2.2281370e+00
  6.0078535e+00 5.8457098e+00 2.0282905e+00 3.3005533e+00 9.4146836e-01
  2.5176005e+00 1.1360376e+00 1.5955666e+00 7.6098651e-01 3.2779825e+00
  0.0000000e+00 3.8159637e+00 5.3259568e+00 6.4886551e+00 4.0469794e+00
  0.0000000e+00 0.0000000e+00 8.8241342e-03 7.6295042e+00 3.0102975e+00
  4.4620034e-01 4.4542160e+00 2.1978062e-01 4.0543599e+00 4.6166456e-01
  7.0314660e+00 8.1399560e-02 8.7432959e-04 2.3858330e+00 1.0573545e+00
  1.7894292e+00 1.0502339e+01 4.0752396e-01 0.0000000e+00 1.0402923e+00
  4.9358935e+00 2.8757579e+00 5.6948870e-01 1.3578420e+00 1.7609972e+00
  0.0000000e+00 3.3581495e+00 2.8119874e+00 1.1671075e+00 4.5226998e+00
  0.0000000e+00 1.0894682e+00 8.6429539e+00 1.0683813e+01 2.0394967e+00
  8.6027128e-01 2.4735043e-02 4.2510948e-01 0.0000000e+00 0.0000000e+00
  1.1467551e+00 3.0721600e+00 4.1220098e+00 4.8458007e-01 4.1080451e+00
  3.7561665e+00 0.0000000e+00 4.1067591e+00 1.5959392e+00 2.2843003e-01
  5.3575444e+00 7.9792506e-01 2.0519671e+00 9.3273705e-01 2.4177837e+00
  2.2534925e-02 1.7948064e+00 6.0371842e+00 2.8088329e+00 9.9142426e-01
  3.4949422e-01 5.8135762e+00 2.7870109e+00 2.4401643e+00 8.3677065e-01
  3.4722505e+00 6.8959041e+00 0.0000000e+00 6.1700931e+00 8.1775361e-01
  2.3292838e-01 6.0393434e+00 3.2360618e+00 4.9348416e+00 4.8408656e+00
  4.9189253e+00 4.0135818e+00 1.5267770e+00 3.1531808e+00 2.0545046e-01
  3.8321369e+00 9.7615510e-01 2.8326600e+00 9.4082767e-01 1.4066191e+00
  5.6735504e-01 5.5084169e-01 6.2957191e-01 1.4861240e+00 3.9219388e-01
  1.0705054e+00 1.0963475e+00 2.2319145e+00 4.7786674e-01 1.4046432e+00
  1.2231530e+00 0.0000000e+00 2.5302320e+00 3.9599118e-01 1.0220611e-01
  6.1489172e+00 7.4823999e-01 1.4141969e+01 1.8096288e+00 6.4727168e+00
  3.0046389e+00 9.4939156e+00 4.7294892e-02 1.0932394e+00 1.1324965e+00
  0.0000000e+00 6.0650762e-02 9.5192175e+00 4.2678267e-02 5.2139115e+00
  1.0625777e+00 1.0097116e+00 5.2818384e+00 4.0066662e+00 5.2346601e+00
  3.4626391e-02 2.1381874e+00 1.7569764e+00 6.7966765e-01 2.5227549e+00
  4.2468011e-01 1.2449025e+00 4.9257061e-01 7.2274733e-01 5.9944922e-01
  5.8706236e-01 1.4332694e+00 1.8083602e+00 1.4959548e+00 1.8305032e+00
  1.9806418e+00 4.6955462e+00 1.7597489e+00 2.3348448e+00 1.7674737e+00
  2.2206633e+00 1.3512650e+01 6.1281257e+00 4.5875769e+00 4.3241591e+00
  2.8592906e+00 3.4180932e+00 1.1627872e+00 7.2240584e-02 2.1618354e+00
  2.4723573e+00 2.5243306e+00 0.0000000e+00 1.6655615e-02 1.9813673e+00
  1.4382354e+00 4.2896237e+00 5.0238514e-01 2.6004672e-01 1.5339563e+00
  6.2831092e-01 2.4290597e-01 1.3588518e+00 2.1786118e+00 2.6865110e+00
  0.0000000e+00 1.5671329e-01 1.9007035e+00 0.0000000e+00 1.6952841e-01
  6.4212060e+00 1.0263443e-01 1.5372138e+01 5.9421353e+00 5.2455320e+00
  5.7084000e-01 5.8942944e-01 1.1719451e+00 9.2193836e-01 3.9489946e+00
  9.9967748e-01 9.9832192e-02 9.4476682e-01 2.2929888e+00 3.9137275e+00
  6.4327961e-01 1.7740036e+00 2.1158848e+00 9.5268202e-01 2.4505076e+00
  2.0347482e-01 3.5258129e+00 1.1929015e+00 4.6219172e+00 1.9188457e+00
  1.5851073e-01 2.4446855e+00 4.3579712e+00 4.2346988e+00 4.6607628e+00
  6.8852849e+00 5.8502048e-01 1.2630455e+00 9.9981058e-01 0.0000000e+00
  1.3650264e+00 3.8757667e-01 3.5044692e+00 1.5515876e+00 1.3466074e+00
  1.2723079e+00 7.6321489e-01 9.2619944e-01 7.7607398e+00 5.2935892e-01
  6.4412546e-01 2.2824686e-02 1.2471490e+00 1.8839504e+00 3.8682139e-01
  2.4139138e-01 0.0000000e+00 9.2561263e-01 7.3439125e-03 1.3109176e-01
  6.7546701e-01 2.4436298e-01 2.6249294e+00 3.1510496e+00 3.2687756e-01
  1.8299981e+00 1.4374878e-01 2.0069169e-01 5.0526977e+00 3.7714362e+00
  9.5417958e-01 2.5116796e+00 3.7313190e+00 1.4121636e+00 2.5304341e+00
  2.8534801e+00 3.2891755e+00 1.2654992e+00 1.5951267e+00 1.2174483e+01
  3.5287118e-01 2.0393300e+00 1.2375133e+00 1.8334395e+00 1.0225618e+00
  4.1787467e+00 1.3073947e-01]]