[[4.05528665e-01 1.54085732e+00 6.48355913e+00 8.05619240e-01
  4.27732086e+00 9.20862579e+00 3.21638083e+00 8.17764568e+00
  2.29408097e+00 8.68048072e-01 1.38934648e+00 1.28946137e+00
  1.70427287e+00 5.39041948e+00 1.56480217e+00 2.53018928e+00
  3.54909033e-01 1.04193938e+00 1.24726988e-01 6.12758636e+00
  1.81259656e+00 7.64274693e+00 3.18339467e+00 1.31028578e-01
  5.36451161e-01 3.96476412e+00 3.28863293e-01 1.08704576e+01
  6.01207066e+00 1.60481429e+00 1.22277009e+00 5.80021501e-01
  2.66231418e+00 3.68149328e+00 4.54164648e+00 1.34580898e+00
  1.97083747e+00 1.46427557e-01 2.14950228e+00 8.81878853e+00
  1.23741889e+00 2.01218629e+00 2.32965684e+00 2.97836208e+00
  1.09795749e+00 5.84248829e+00 7.24436665e+00 3.41681623e+00
  2.49061275e+00 2.18036127e+00 4.64311868e-01 3.67953920e+00
  1.68853238e-01 6.95770681e-01 1.47914481e+00 2.55379653e+00
  7.25333405e+00 3.32571888e+00 1.06683111e+00 8.89401674e-01
  4.78234100e+00 9.35795975e+00 9.93354511e+00 4.41923666e+00
  2.14804602e+00 3.01624250e+00 1.31721646e-01 1.20734751e+00
  3.43969297e+00 1.41231270e+01 4.77958381e-01 2.14025688e+00
  1.75647473e+00 7.69809628e+00 3.03252840e+00 2.14146662e+00
  2.98334026e+00 6.13111591e+00 2.82994056e+00 1.03929780e-01
  4.29333538e-01 7.71527946e-01 4.69250870e+00 3.05256903e-01
  7.06881359e-02 6.37113285e+00 2.87711263e+00 1.22361434e+00
  3.88374068e-02 3.20313781e-01 1.36723108e+01 4.74861741e-01
  1.57156169e+00 5.80706215e+00 9.84157372e+00 7.81951547e-02
  1.40146589e+00 6.34013510e+00 4.03117800e+00 2.65645480e+00
  0.00000000e+00 1.37982059e+00 7.24877357e-01 3.54806280e+00
  1.38561381e-02 3.72178721e+00 3.13763213e+00 0.00000000e+00
  1.50825751e+00 4.63209248e+00 6.66018844e-01 1.28787327e+00
  4.39166009e-01 4.20190668e+00 2.90617776e+00 2.93855399e-01
  6.73447275e+00 2.75878930e+00 3.40498137e+00 1.05082834e+00
  5.74324094e-02 4.40669870e+00 3.01535034e+00 5.41675997e+00
  4.81559896e+00 3.17983985e+00 4.04122263e-01 2.45591968e-01
  5.45844460e+00 1.37943592e+01 4.86041260e+00 1.61649215e+00
  1.55221522e+00 9.54484522e-01 1.77985084e+00 1.76989138e+00
  3.45318770e+00 2.88493347e+00 9.59931374e-01 2.00120735e+00
  2.47248635e-01 7.80251026e-01 2.08492708e+00 4.86870575e+00
  1.88807642e+00 2.54504108e+00 2.96150863e-01 7.19725966e-01
  3.64374924e+00 3.55923742e-01 1.80132296e-02 1.91982731e-01
  1.45782161e+00 5.59883356e-01 1.67900348e+00 1.86194777e+00
  6.18648410e-01 6.24828434e+00 4.69951534e+00 5.38341808e+00
  7.78460741e-01 5.48547983e+00 1.19351435e+00 0.00000000e+00
  9.46299362e+00 2.66699696e+00 4.23035175e-01 7.41272640e+00
  3.50201893e+00 9.23096752e+00 3.25190353e+00 7.73578358e+00
  2.08599663e+00 7.34373808e-01 0.00000000e+00 5.01963234e+00
  9.03986931e+00 6.29134893e-01 4.34233856e+00 2.30539093e+01
  1.39203548e+00 1.96833611e-01 5.79532719e+00 7.49759376e-01
  3.84795517e-01 1.65087950e+00 6.10355186e+00 2.97433591e+00
  8.79216790e-01 7.87048340e+00 7.04153240e-01 0.00000000e+00
  1.37509251e+00 7.94661903e+00 2.43537083e-01 1.12006676e+00
  1.40936840e+00 7.64684010e+00 2.63218689e+00 0.00000000e+00
  3.79558754e+00 0.00000000e+00 1.18239439e+00 0.00000000e+00
  7.84916115e+00 5.59815216e+00 5.84327936e-01 1.99689496e+00
  1.73909461e+00 7.92249537e+00 3.94753003e+00 4.84705353e+00
  7.64391243e-01 3.76629806e+00 9.13664222e-01 0.00000000e+00
  1.74025059e+00 0.00000000e+00 2.84178138e-01 9.34259236e-01
  6.02779484e+00 5.45609474e+00 3.60524535e-01 9.89154100e-01
  3.30578303e+00 9.48995686e+00 1.13887918e+00 2.14422488e+00
  2.70864892e+00 3.09502530e+00 7.74971604e-01 5.08621991e-01
  2.51415968e+00 8.65197849e+00 3.21939182e+00 1.45681751e+00
  3.40269136e+00 5.62084293e+00 5.19337273e+00 6.08904982e+00
  9.73971486e-02 3.08155394e+00 2.02513862e+00 4.60947514e+00
  3.49513030e+00 9.81428146e+00 4.05445766e+00 3.12838054e+00
  2.34380579e+00 7.32227039e+00 3.72202992e+00 2.07855821e+00
  4.53451824e+00 4.83086586e+00 6.30752707e+00 0.00000000e+00
  1.03728781e+01 3.23202324e+00 1.48615468e+00 5.36719751e+00
  2.07267427e+00 6.21858895e-01 0.00000000e+00 6.26224947e+00
  1.49052775e+00 3.99606198e-01 4.27140045e+00 2.98107296e-01
  5.45819902e+00 5.37857115e-01 5.80267525e+00 2.01500058e+00
  4.12663841e+00 1.49109542e+00 3.12950778e+00 1.19781531e-01
  1.10172577e+01 8.26280490e-02 4.82616931e-01 6.93433464e-01
  8.38932133e+00 9.35594201e-01 3.39076662e+00 2.30164361e+00
  1.71330464e+00 0.00000000e+00 2.82286716e+00 3.23058701e+00
  5.63587070e-01 8.99389446e-01 0.00000000e+00 2.76773763e+00
  1.23993039e+00 1.51100802e+00 2.07658887e+00 5.74168921e+00
  0.00000000e+00 2.04780173e+00 5.40378571e-01 1.15014561e-01
  4.19294024e+00 2.40868187e+00 3.05363357e-01 2.12536514e-01
  5.30153990e+00 4.19935083e+00 2.77713728e+00 1.62500298e+00
  2.09508848e+00 8.15247297e-01 5.53256035e+00 2.70724982e-01
  3.18810105e+00 2.84263492e+00 5.63223314e+00 2.17606463e-02
  4.15591431e+00 1.12579622e+01 3.79690552e+00 6.79143906e+00
  3.56411743e+00 3.15384722e+00 1.12996507e+00 8.64590549e+00
  2.90438414e+00 3.62917614e+00 2.81033039e+00 2.40472889e+00
  7.90465260e+00 4.13980913e+00 6.49091125e-01 7.21541882e+00
  1.76620269e+00 9.80839849e-01 8.53023624e+00 6.63469601e+00
  2.09096050e+00 2.70804763e+00 2.53041315e+00 6.01594746e-01
  4.13987923e+00 4.75062072e-01 4.08784676e+00 4.99882555e+00
  3.04569197e+00 8.46097231e-01 4.78765994e-01 9.75123644e-01
  1.91780412e+00 1.64550647e-01 2.44018292e+00 3.36392641e+00
  3.52132773e+00 9.35617536e-02 2.57922602e+00 8.81407142e-01
  8.48883569e-01 5.82916307e+00 7.44357228e-01 4.80692530e+00
  1.63929582e+00 1.40673935e+00 1.81303177e+01 1.47195995e+00
  2.92965007e+00 1.20164919e+00 1.21750898e+01 1.08041316e-01
  1.63224149e+00 3.74491692e+00 6.60887957e-01 1.24516523e+00
  5.89364386e+00 3.56423736e+00 5.09266996e+00 2.63939619e+00
  1.53222656e+00 6.97992611e+00 3.35906768e+00 9.21850026e-01
  8.81415081e+00 4.45359826e-01 1.89985299e+00 1.09571123e+00
  4.16598177e+00 9.00103211e-01 2.80368757e+00 4.65188563e-01
  1.01632035e+00 4.47023660e-01 1.05466497e+00 4.14830160e+00
  1.19058514e+01 3.07638764e+00 1.00576532e+00 3.19337845e-01
  6.07615948e+00 2.47678280e+00 3.33666611e+00 1.34806001e+00
  4.07344437e+00 1.14512520e+01 1.05858364e+01 4.53380489e+00
  6.89021206e+00 2.15515828e+00 2.65225720e+00 9.72869277e-01
  1.38756037e+00 1.67879403e+00 3.87274098e+00 2.83760405e+00
  0.00000000e+00 1.13820753e+01 9.02248383e-01 1.45706260e+00
  1.73027849e+00 1.73371470e+00 0.00000000e+00 1.14150548e+00
  5.02675593e-01 0.00000000e+00 1.58778653e-01 5.26392412e+00
  3.98265243e+00 9.94145632e-01 1.86048996e+00 3.90785599e+00
  2.51001167e+00 8.94344270e-01 5.46715641e+00 4.95573938e-01
  1.72511234e+01 2.80519783e-01 1.87602758e+00 3.29837108e+00
  1.45874834e+00 1.03332710e+01 9.92890969e-02 2.55777502e+00
  0.00000000e+00 1.09602118e+00 1.62105298e+00 3.40680099e+00
  8.28137684e+00 1.16584432e+00 7.46500397e+00 1.41725314e+00
  5.65963566e-01 4.67571354e+00 6.86636925e-01 5.99903202e+00
  3.48929238e+00 5.38825321e+00 3.32533479e-01 3.37579757e-01
  3.85760188e+00 5.21299505e+00 3.72594023e+00 6.02933407e+00
  5.86799526e+00 2.20977926e+00 3.12065315e+00 1.68108404e+00
  4.19614017e-01 4.04746860e-01 9.65745449e-01 4.62756045e-02
  3.52432775e+00 3.99294704e-01 6.68115675e-01 4.07716274e-01
  2.14740610e+00 4.71279764e+00 2.47089648e+00 5.91940689e+00
  2.70498753e+00 4.26487446e-01 1.21302891e+00 2.19669819e+00
  2.52354592e-01 6.28519237e-01 5.30548751e-01 4.30000401e+00
  0.00000000e+00 8.57422829e+00 1.49604273e+00 2.43706632e+00
  3.31282425e+00 0.00000000e+00 6.73224211e+00 1.36533666e+00
  2.11803460e+00 3.58103967e+00 3.99466538e+00 1.84996402e+00
  3.44606900e+00 2.61590075e+00 2.61688399e+00 3.30040622e+00
  8.57595158e+00 3.14681673e+00 8.11826801e+00 8.34808922e+00
  8.62616634e+00 1.42174447e+00 2.24203563e+00 1.75618839e+00
  1.20512247e+00 2.08976865e+00 8.59028816e+00 1.39840388e+00]]