[[1.83489776e+00 3.20212579e+00 1.32510548e+01 0.00000000e+00
  4.36080790e+00 1.16864169e+00 2.53284526e+00 2.71882224e+00
  2.11825657e+00 6.33212365e-03 4.48714638e+00 2.67617202e+00
  2.58245587e+00 1.00292006e+01 4.08545494e+00 2.27786493e+00
  2.25174236e+00 8.30733776e-01 4.10831362e-01 5.46766615e+00
  1.02363539e+01 3.92832947e+00 3.25450349e+00 3.32938999e-01
  4.31471109e+00 3.20013094e+00 0.00000000e+00 3.03629637e-01
  2.70056438e+00 8.16234052e-01 1.31915581e+00 3.62922144e+00
  2.73737168e+00 1.70308495e+00 1.17072821e+00 0.00000000e+00
  6.42575026e+00 3.25306594e-01 2.99494338e+00 2.90066051e+00
  1.70081902e+00 3.65145850e+00 7.52632856e+00 2.09104800e+00
  4.29614097e-01 1.03465641e+00 8.75682926e+00 2.02563763e+00
  2.83549619e+00 2.61263871e+00 9.89041150e-01 4.89954233e+00
  3.86151767e+00 8.16336811e-01 4.65536928e+00 5.66101217e+00
  2.24171925e+00 9.36242104e+00 2.51578510e-01 1.92407680e+00
  1.03974426e+00 5.83494949e+00 5.57912970e+00 1.90902233e+00
  4.86372328e+00 1.06292696e+01 6.91560388e-01 1.91520119e+00
  2.65796900e+00 9.54551518e-01 9.23806787e-01 5.78606129e-01
  3.25295120e-01 7.68860865e+00 3.32614827e+00 1.03327179e+00
  1.99171698e+00 2.07338482e-01 2.58380443e-01 3.24736142e+00
  3.22585559e+00 1.86816365e-01 7.88975382e+00 2.90547431e-01
  1.87281144e+00 1.82774961e+00 6.56734705e-01 4.34531593e+00
  2.79450607e+00 2.73329881e-03 2.94676137e+00 1.47557755e+01
  1.00933981e+00 6.41675043e+00 1.63117814e+00 2.79009628e+00
  6.36301637e-01 7.59665668e-01 3.58772564e+00 1.00180883e+01
  5.06907845e+00 9.30874169e-01 3.19913363e+00 7.38672209e+00
  1.28838959e+01 3.35992622e+00 2.50310087e+00 8.29012394e+00
  1.35387385e+00 8.10274541e-01 5.91691923e+00 2.20408607e+00
  9.61542353e-02 9.26973894e-02 2.18796515e+00 1.01818478e+00
  6.38013840e+00 2.69066548e+00 1.76533616e+00 4.43326473e+00
  2.45021033e+00 4.66702908e-01 4.60025622e-03 3.28840208e+00
  1.22379112e+01 9.39209080e+00 1.67802826e-01 1.18911840e-01
  1.80642748e+00 2.00202045e+01 3.38628149e+00 3.69961321e-01
  1.04692879e+01 2.59351969e+00 2.03532481e+00 5.17553473e+00
  1.02073884e+00 9.19398212e+00 2.56668568e+00 0.00000000e+00
  7.21178532e+00 4.45166159e+00 0.00000000e+00 1.73287356e+00
  1.64017487e+00 7.58109510e-01 7.04869954e-03 7.66157806e-01
  1.09076250e+00 3.93104762e-01 9.81840134e+00 2.81975818e+00
  1.74680412e+00 0.00000000e+00 3.47407866e+00 1.67400062e+00
  1.70458019e+00 4.06608248e+00 7.05739307e+00 1.16595197e+00
  4.04147243e+00 1.47310948e+00 2.63357425e+00 0.00000000e+00
  6.55481577e+00 1.33084774e+00 7.90321445e+00 2.11649203e+00
  3.27450782e-01 3.44483405e-01 2.44189429e+00 2.44597483e+00
  6.73424339e+00 3.05454183e+00 6.73777938e-01 7.77686983e-02
  0.00000000e+00 7.42819405e+00 8.43486726e-01 5.39133370e-01
  7.16762161e+00 2.50848025e-01 6.24275351e+00 0.00000000e+00
  1.08303862e+01 8.53620338e+00 2.12774351e-01 4.69227076e-01
  3.93184304e+00 2.02630019e+00 5.12321997e+00 0.00000000e+00
  1.40594196e+00 7.50208378e+00 1.01655471e+00 7.34735441e+00
  4.27595568e+00 1.72102714e+00 5.15797257e-01 4.40476322e+00
  2.21379685e+00 4.86205053e+00 5.78187466e-01 4.66346931e+00
  5.31997728e+00 5.06868303e-01 2.41345651e-02 8.77070606e-01
  5.13369989e+00 5.36747169e+00 2.84308743e+00 3.07665634e+00
  0.00000000e+00 3.00598645e+00 2.91525197e+00 2.79736662e+00
  4.36405563e+00 0.00000000e+00 5.83066821e-01 1.37961900e+00
  0.00000000e+00 3.07782006e+00 9.93159485e+00 5.39624262e+00
  3.63602877e+00 3.05581570e-01 4.94167423e+00 1.44254255e+00
  5.69384038e-01 6.02336049e-01 2.44546080e+00 3.26560879e+00
  8.01122952e+00 6.66179419e-01 7.56180584e-01 6.19336605e+00
  1.48021245e+00 1.17239761e+01 3.98730803e+00 6.55726862e+00
  6.09424019e+00 0.00000000e+00 8.15254784e+00 7.31295824e+00
  6.76601589e-01 8.82222939e+00 3.89558291e+00 1.59309292e+00
  3.28258872e+00 3.58471465e+00 4.91487932e+00 3.36656332e-01
  1.16539955e+00 3.23160267e+00 3.74361062e+00 0.00000000e+00
  3.94781089e+00 2.04504490e+00 2.07867312e+00 3.47908926e+00
  6.99814272e+00 5.78757346e-01 6.70029372e-02 2.90781760e+00
  9.65660954e+00 9.33277979e-02 2.24435460e-02 1.72714198e+00
  9.49480724e+00 4.07278873e-02 3.25799322e+00 1.82641661e+00
  6.36171484e+00 4.27587211e-01 3.94846487e+00 2.71599054e+00
  5.36764860e+00 4.20747876e-01 2.87081511e-03 2.33238965e-01
  1.18681679e+01 2.84677219e+00 3.07533073e+00 9.77969587e-01
  2.33113527e+00 9.09649312e-01 3.39552236e+00 3.26503420e+00
  1.07091341e+01 3.53801578e-01 1.31046867e+00 7.68993282e+00
  4.09813404e-01 9.86553252e-01 2.64400816e+00 1.10305462e+01
  5.24678564e+00 2.52853227e+00 7.28272152e+00 0.00000000e+00
  2.33677387e+00 3.25183892e+00 1.93053949e+00 5.61981249e+00
  1.30864477e+00 9.38024998e+00 7.13200045e+00 2.94090733e-02
  6.77498877e-01 4.39463329e+00 1.97571650e-01 4.82985830e+00
  2.43533701e-01 2.08504534e+00 1.77689219e+00 1.28135473e-01
  1.06559038e+01 1.95474815e+01 1.39141500e+00 5.95926642e-01
  2.94360042e+00 2.10520482e+00 9.11414433e+00 9.69281864e+00
  9.00434792e-01 6.26833439e+00 8.56851578e+00 8.49976659e-01
  6.10296822e+00 2.60298991e+00 1.67061299e-01 5.73805141e+00
  1.25267875e+00 6.82063520e-01 9.87098980e+00 7.00029087e+00
  2.89667988e+00 4.92233515e+00 1.92053664e+00 1.25558865e+00
  6.83279181e+00 0.00000000e+00 0.00000000e+00 2.08901596e+00
  8.56506050e-01 8.45748997e+00 2.57340670e+00 2.22994462e-02
  3.70244712e-01 6.66468501e-01 1.18400025e+00 2.25603914e+00
  4.03354740e+00 2.67981601e+00 1.71421528e+00 1.15148544e-01
  8.49689305e-01 1.30895271e+01 2.85694766e+00 1.34723902e+00
  4.27907181e+00 6.54621983e+00 1.02652574e+00 4.77536297e+00
  4.11568022e+00 5.86881685e+00 1.65155375e+00 2.07753992e+00
  1.02761114e+00 0.00000000e+00 1.77817929e+00 4.78025579e+00
  1.06288344e-01 6.81187344e+00 9.33746874e-01 7.88238716e+00
  2.80245036e-01 2.63002038e+00 0.00000000e+00 7.28288221e+00
  1.51590261e+01 3.45062685e+00 1.06592560e+00 3.42083669e+00
  1.10817814e+00 0.00000000e+00 4.07330418e+00 2.44900137e-01
  1.04990978e+01 4.43172979e+00 1.06337047e+00 4.00625753e+00
  3.81580091e+00 6.80592823e+00 2.26052143e-02 3.32456827e-01
  9.55542374e+00 1.58434713e+00 3.03616619e+00 1.37624764e+00
  3.23910737e+00 6.03875589e+00 5.80727482e+00 1.11193237e+01
  9.90685844e+00 2.19929874e-01 0.00000000e+00 1.08596020e+01
  3.74250722e+00 7.43789911e+00 5.25198984e+00 4.44894016e-01
  4.27546293e-01 2.71295404e+00 9.55858231e+00 4.24848413e+00
  2.11134243e+00 2.78893089e+00 1.35073447e+00 1.01447545e-01
  6.95506668e+00 1.47649539e+00 4.03233147e+00 9.99071980e+00
  1.73263693e+00 4.26091957e+00 1.64382353e-01 5.53406763e+00
  4.77992105e+00 2.51011777e+00 7.48450327e+00 3.01563334e+00
  2.72323298e+00 2.84111190e+00 0.00000000e+00 5.91881514e+00
  1.70592830e-01 5.54980946e+00 3.54025126e-01 8.14770579e-01
  1.43254256e+00 1.51460481e+00 1.56618333e+00 4.09663916e+00
  3.10846031e-01 6.62124205e+00 1.00646353e+00 2.44393134e+00
  3.47066927e+00 3.46913767e+00 7.76458311e+00 4.55748844e+00
  5.84542179e+00 1.41982567e+00 5.07959652e+00 5.02168655e-01
  6.56419516e+00 7.66382170e+00 4.15016562e-01 1.59413605e+01
  7.14158058e-01 2.59200978e+00 1.01143875e+01 6.77787304e+00
  8.17964554e+00 4.22159314e-01 9.09720123e-01 1.61365521e+00
  5.95835018e+00 0.00000000e+00 2.65373850e+00 8.14455450e-02
  0.00000000e+00 9.91886139e+00 2.74827063e-01 3.90796304e+00
  0.00000000e+00 3.97253990e+00 2.98231578e+00 2.83651829e+00
  6.42536831e+00 2.35296688e+01 9.03914571e-02 3.86967182e+00
  6.03893042e-01 3.86760861e-01 6.90799952e+00 1.54802397e-01
  5.60316420e+00 2.89308238e+00 1.11565566e+00 7.22177744e+00
  1.99938798e+00 1.39610723e-01 2.94775009e+00 1.52967596e+00
  6.08156157e+00 1.83862007e+00 4.12255907e+00 4.07204437e+00
  1.93622665e+01 2.69077873e+00 4.10625124e+00 8.28267410e-02
  3.02002382e+00 3.19175124e+00 1.17264881e+01 3.02885151e+00
  7.45948017e-01 1.38956487e+00 5.84123516e+00 2.32704163e+00]]