[[1.46254110e+00 1.57677090e+00 7.73996782e+00 0.00000000e+00
  2.40070295e+00 7.11681271e+00 5.72181654e+00 7.60566115e-01
  0.00000000e+00 1.93654954e-01 4.40556318e-01 8.49751592e-01
  2.41251636e+00 4.87181187e+00 6.25441313e-01 3.14482450e+00
  1.10052407e+00 8.43985319e-01 3.15357256e+00 1.04699266e+00
  5.07634878e-01 1.38102942e+01 3.06545615e-01 0.00000000e+00
  7.17902231e+00 6.67170620e+00 5.79961729e+00 1.72099285e-02
  4.65726852e+00 1.73413599e+00 1.03019811e-01 1.16569824e+01
  0.00000000e+00 5.99004793e+00 8.12895477e-01 1.75917506e+00
  1.42828178e+00 0.00000000e+00 6.57361603e+00 4.54974842e+00
  2.38251042e+00 4.51734185e-01 3.14574957e+00 2.97611833e+00
  0.00000000e+00 4.92162347e-01 3.84165859e+00 1.20326743e-01
  3.08575928e-01 4.80237770e+00 1.40333140e+00 6.28348207e+00
  3.47250253e-02 1.97534728e+00 4.38299209e-01 1.43064070e+00
  1.78153849e+00 5.96446991e+00 3.81685048e-01 4.57191855e-01
  2.50382900e-01 3.26698691e-01 5.98579931e+00 6.92359781e+00
  2.00500917e+00 5.98557353e-01 3.43527389e+00 1.84077954e+00
  2.67001271e+00 2.33904028e+00 2.11840361e-01 0.00000000e+00
  1.62508178e+00 3.89619851e+00 2.45114446e+00 1.41256571e+00
  1.96979558e+00 0.00000000e+00 8.85128081e-01 0.00000000e+00
  9.56125617e-01 3.18570280e+00 9.45219421e+00 1.72679856e-01
  3.73857617e+00 3.14774871e+00 9.28092182e-01 3.45629394e-01
  1.85648453e+00 4.12355401e-02 3.73510337e+00 2.22793603e+00
  3.29015303e+00 4.62776899e+00 1.93039134e-01 8.89801979e-01
  6.15868298e-03 6.86294365e+00 8.95462453e-01 9.50693703e+00
  7.26886034e-01 6.95236588e+00 1.16704786e+00 3.75044656e+00
  1.51188316e+01 3.66221607e-01 1.12545609e+00 1.48941898e+00
  1.16728151e+00 3.59654129e-01 1.90781879e+00 1.14370990e+00
  0.00000000e+00 4.07230759e+00 6.95436668e+00 0.00000000e+00
  4.91707706e+00 3.89773870e+00 2.49183610e-01 1.96041405e+00
  2.89579332e-02 4.60934848e-01 1.70804238e+00 5.94818115e+00
  2.56189466e+00 2.45047140e+00 0.00000000e+00 0.00000000e+00
  1.25956047e+00 7.93313837e+00 1.25629890e+00 0.00000000e+00
  8.13478827e-01 7.29093432e-01 1.69174612e+00 3.65892601e+00
  4.06657982e+00 7.61672378e-01 4.10931826e+00 2.43497443e+00
  2.76966953e+00 1.20811069e+00 0.00000000e+00 6.02025700e+00
  5.13422394e+00 2.33918571e+00 5.59801757e-02 5.87926149e-01
  0.00000000e+00 1.07810557e+00 2.38556099e+00 4.59750928e-02
  3.73098993e+00 1.13389455e-01 9.15412724e-01 2.65825677e+00
  2.56989503e+00 5.70579481e+00 4.07998323e+00 2.47920096e-01
  1.46229839e+00 0.00000000e+00 6.83672237e+00 2.46558771e-01
  8.86675930e+00 3.10627341e+00 0.00000000e+00 4.60555172e+00
  4.89401072e-01 8.94554901e+00 2.24846172e+00 3.06618762e+00
  7.44694662e+00 2.48774976e-01 7.51039386e-02 3.06057119e+00
  0.00000000e+00 5.96071005e+00 3.45614743e+00 4.40783310e+00
  1.14435053e+00 1.56089380e-01 3.09848189e+00 2.69415528e-01
  0.00000000e+00 3.35983682e+00 8.02520692e-01 8.46538246e-01
  4.25730324e+00 1.18578863e+00 0.00000000e+00 0.00000000e+00
  0.00000000e+00 5.31848001e+00 7.29113817e-01 5.74918389e-02
  1.20320424e-01 6.10403299e+00 1.69856340e-01 1.16541183e+00
  3.01515174e+00 3.64450645e+00 3.47111630e+00 0.00000000e+00
  6.25348747e-01 1.85702264e+00 5.12997568e-01 1.41916287e+00
  4.84356737e+00 1.06344528e+01 9.61604118e-01 2.54741430e+00
  1.20870674e+00 3.83936739e+00 7.00848043e-01 1.15060508e+00
  2.50615263e+00 0.00000000e+00 1.17046320e+00 8.67447674e-01
  0.00000000e+00 5.30232096e+00 1.68972635e+00 4.00850803e-01
  4.31205368e+00 5.26580477e+00 0.00000000e+00 9.42195654e-01
  5.26060581e-01 1.10706890e+00 6.41403973e-01 6.79256344e+00
  2.90005803e+00 2.94148278e+00 1.89965963e-01 6.16034365e+00
  3.99215102e+00 4.84293175e+00 6.56516457e+00 6.79497623e+00
  1.08228004e+00 9.78263915e-01 6.74340010e+00 4.58503056e+00
  1.35936856e+00 6.73397160e+00 1.15399647e+01 7.77385890e-01
  3.38685536e+00 5.74672842e+00 3.37329030e+00 1.37226748e+00
  0.00000000e+00 6.35850906e-01 3.30070424e+00 2.60107249e-01
  6.20232964e+00 2.40184140e+00 4.31793880e+00 3.59752512e+00
  1.54370832e+00 0.00000000e+00 0.00000000e+00 5.41152477e+00
  7.51255751e-01 0.00000000e+00 3.39397597e+00 1.86731601e+00
  4.95358229e+00 1.52315646e-01 2.25761938e+00 1.72218621e-01
  1.57619929e+00 2.42398649e-01 8.87780115e-02 5.37439203e+00
  3.38466287e+00 0.00000000e+00 3.72618020e-01 6.13066971e-01
  6.16262770e+00 3.38841468e-01 1.00342166e+00 2.32580042e+00
  0.00000000e+00 0.00000000e+00 3.63231015e+00 2.08124423e+00
  3.51258373e+00 7.14911342e-01 1.53610146e+00 1.89073175e-01
  1.19019561e-01 4.40244055e+00 9.36266363e-01 9.67240989e-01
  2.67194319e+00 4.54574728e+00 7.33988905e+00 0.00000000e+00
  3.41429424e+00 2.15076256e+00 2.57991880e-01 4.77343649e-01
  4.73874420e-01 2.44943309e+00 1.70969343e+00 2.37902164e+00
  3.87907600e+00 1.96873367e+00 1.51276290e+00 7.63523877e-01
  7.67826438e-02 7.83966064e-01 2.63135552e+00 1.12712097e+00
  7.50243378e+00 1.25640392e+01 7.85640180e-01 0.00000000e+00
  7.43742275e+00 4.55415297e+00 6.60791206e+00 4.20568973e-01
  3.25792837e+00 9.74364877e-02 1.04854012e+00 7.64455676e-01
  3.48587918e+00 5.33331347e+00 7.54583220e-04 4.38466215e+00
  8.94232452e-01 0.00000000e+00 1.04638510e+01 3.11218739e+00
  2.43830943e+00 8.07287872e-01 4.48611021e+00 3.95082021e+00
  5.60029745e+00 0.00000000e+00 0.00000000e+00 1.42387807e-01
  4.67041063e+00 2.50735664e+00 1.28592682e+00 1.82946837e+00
  4.08809811e-01 1.34400129e-01 1.05443096e+00 4.05176938e-01
  0.00000000e+00 4.73407841e+00 4.23380211e-02 0.00000000e+00
  4.14783478e+00 4.35990953e+00 3.82683825e+00 1.70939732e+00
  2.41659069e+00 1.51500499e+00 7.46544743e+00 6.96495199e+00
  9.78350401e-01 2.37454629e+00 2.35970383e+01 1.04368544e+00
  6.62968695e-01 2.91437358e-01 5.73651373e-01 3.71941358e-01
  1.34914768e+00 5.57405651e-01 1.48078144e+00 4.20748806e+00
  5.69424294e-02 3.88382649e+00 0.00000000e+00 4.73150587e+00
  1.35889792e+00 2.78330112e+00 0.00000000e+00 1.85412848e+00
  2.86384606e+00 5.52286625e-01 2.13836479e+00 0.00000000e+00
  1.33191574e+00 1.19656210e+01 1.81335902e+00 4.95490122e+00
  7.89347792e+00 2.66481328e+00 3.06947917e-01 1.94104147e+00
  1.10138309e+00 4.88230944e+00 2.80471778e+00 1.71546519e+00
  3.39028931e+00 1.37748489e+01 5.44612408e+00 4.46913481e+00
  1.21161079e+00 6.96916997e-01 0.00000000e+00 3.34482002e+00
  6.45960951e+00 2.33899188e+00 8.24509811e+00 1.95165221e-02
  0.00000000e+00 3.75243974e+00 5.11896563e+00 1.67755091e+00
  1.33397019e+00 9.77907538e-01 2.96057701e+00 4.95071030e+00
  5.91115379e+00 7.92229250e-02 5.22203398e+00 3.39275098e+00
  2.55757856e+00 1.63201225e+00 1.35153461e+00 3.06130195e+00
  1.51911116e+00 1.45085800e+00 4.08702326e+00 1.05915070e+00
  9.79419172e-01 4.46012802e-02 2.73546219e+00 1.66162720e+01
  6.52414894e+00 4.17629528e+00 6.80949166e-02 1.76571742e-01
  2.19792109e-02 1.46281704e-01 5.40143609e-01 9.00701344e-01
  1.30968869e+00 3.28867388e+00 1.31369781e+00 2.23217440e+00
  5.62104702e+00 6.83207154e-01 2.04672527e+00 4.09964466e+00
  3.08675647e+00 9.76670456e+00 6.07650375e+00 2.22613621e+00
  3.98736596e+00 8.40426350e+00 1.53432101e-01 9.28729248e+00
  4.97728735e-01 2.53780079e+00 4.07898712e+00 1.31741548e+00
  3.37468386e-01 2.11530685e+00 1.32975221e+00 4.25011539e+00
  2.08447289e+00 1.29268542e-01 2.41793275e-01 1.61367148e-01
  0.00000000e+00 5.63399124e+00 0.00000000e+00 7.84767246e+00
  1.38313845e-01 5.68361473e+00 1.14583105e-01 1.50893450e+00
  2.68160415e+00 4.94675040e-01 3.04726171e+00 2.21275663e+00
  3.79896551e-01 8.91976833e+00 6.56268501e+00 3.78636956e+00
  1.12173855e+00 4.10393238e-01 1.37071872e+00 4.64698219e+00
  8.19909453e-01 9.12387311e-01 0.00000000e+00 7.27006420e-02
  3.60999525e-01 7.31807470e+00 1.04093289e+00 3.31165886e+00
  6.89644957e+00 2.99036860e+00 5.31642008e+00 7.14652729e+00
  2.97573113e+00 0.00000000e+00 3.47902489e+00 3.82137752e+00
  0.00000000e+00 3.03245735e+00 3.56919956e+00 9.65751708e-02]]