[[1.70070696e+00 4.46365643e+00 3.24717116e+00 0.00000000e+00
  7.71087170e+00 3.43287992e+00 7.71675396e+00 2.86795735e+00
  1.12213099e+00 2.56855702e+00 1.30269647e+00 3.05572891e+00
  2.22967815e+00 7.41613579e+00 2.27382421e+00 2.79344201e+00
  1.10111654e+00 1.39859819e+00 4.83083129e-01 1.31081510e+00
  3.51841331e+00 3.70224595e+00 2.92700455e-02 2.41623616e+00
  7.59800386e+00 6.85031319e+00 2.78751802e+00 0.00000000e+00
  6.19934750e+00 1.62554327e-02 3.51722300e-01 8.02550411e+00
  3.01121211e+00 8.20690632e-01 2.74049067e+00 1.26555011e-01
  1.23224802e-01 3.72209907e-01 1.07500811e+01 4.15067816e+00
  2.02968240e+00 5.79262638e+00 7.24184990e+00 2.69998550e+00
  7.43381321e-01 3.70759368e-01 1.26297636e+01 5.99532127e+00
  1.88039184e+00 5.72572589e-01 7.92426109e+00 2.91966248e+00
  0.00000000e+00 2.93704152e+00 3.19827771e+00 3.24532771e+00
  2.02370241e-01 5.40791035e+00 2.20405984e+00 5.38430154e-01
  7.78631717e-02 2.71939933e-02 1.37041025e+01 1.82610941e+00
  1.35736659e-01 1.35607755e+00 2.35700417e+00 2.07769966e+00
  1.78003144e+00 2.38264847e+00 1.14775877e+01 1.54005930e-01
  4.52876043e+00 5.04349756e+00 1.01581097e+00 3.51047248e-01
  4.23345082e-02 5.94976783e-01 6.77352190e-01 2.46929312e+00
  1.04063272e+01 2.29299977e-01 7.83229351e+00 0.00000000e+00
  3.59360075e+00 1.65409803e+00 2.87756324e-01 8.38192523e-01
  9.47012997e+00 1.69706076e-01 4.10816574e+00 1.25027905e+01
  3.40818614e-01 2.39609075e+00 1.67380590e-02 3.29103261e-01
  1.17610127e-01 1.28040278e+00 2.08681440e+00 3.18863797e+00
  2.76218700e+00 5.01470470e+00 1.25195589e+01 4.60344505e+00
  5.42503405e+00 0.00000000e+00 4.29736882e-01 6.35631621e-01
  5.00072145e+00 3.79802465e-01 0.00000000e+00 2.96110010e+00
  1.05952084e-01 2.42730308e+00 3.21815275e-02 1.29875934e+00
  1.68254986e+01 4.61074859e-02 1.24179542e+00 3.48511529e+00
  2.23569274e+00 0.00000000e+00 2.26807690e+00 1.25883627e+00
  3.06295800e+00 4.01531744e+00 4.43118632e-01 1.53605366e+00
  3.70734262e+00 1.30867500e+01 6.09368086e+00 0.00000000e+00
  1.17570186e+00 1.63179204e-01 6.76178837e+00 3.58620715e+00
  4.26828898e-02 1.50834048e+00 4.78599072e+00 1.32867718e+00
  2.93846577e-01 9.45414543e-01 0.00000000e+00 6.90002584e+00
  2.91604090e+00 4.52320337e-01 2.77767825e+00 0.00000000e+00
  1.41061878e+00 0.00000000e+00 1.43778725e+01 4.02386218e-01
  2.21710300e+00 0.00000000e+00 1.42810500e+00 4.97367764e+00
  1.79569650e+00 4.05920792e+00 1.16359091e+01 3.71914178e-01
  1.17926693e+00 1.04736543e+00 6.51228809e+00 2.07239723e+00
  1.58737621e+01 7.75121272e-01 4.84601349e-01 4.52704096e+00
  4.24010992e+00 8.06156540e+00 1.09480524e+01 3.76869947e-01
  7.74351025e+00 4.94559669e+00 4.35193092e-01 5.01752160e-02
  0.00000000e+00 6.98382092e+00 1.83765202e+01 2.80787015e+00
  5.63821363e+00 3.80146243e-02 9.26617813e+00 0.00000000e+00
  6.23089457e+00 2.92736411e+00 6.12573814e+00 0.00000000e+00
  3.37437725e+00 8.35134387e-01 5.67653608e+00 1.26046908e+00
  3.85653496e+00 9.57703888e-01 8.50703955e-01 2.21516788e-01
  0.00000000e+00 2.36017632e+00 1.56039834e+00 6.43121386e+00
  8.17613721e-01 1.18275738e+00 3.99832398e-01 3.13535833e+00
  5.64576197e+00 3.96512747e+00 2.21497536e+00 2.39926434e+00
  1.18901706e+00 7.42653418e+00 2.92483687e+00 4.64345407e+00
  8.51360500e-01 6.61319971e-01 0.00000000e+00 1.68639290e+00
  1.59981298e+00 2.83537865e+00 4.80870038e-01 2.18535805e+00
  4.11271691e-01 1.23100138e+00 6.89944315e+00 4.90864420e+00
  3.81319618e+00 1.39462876e+00 7.06251740e-01 4.66120660e-01
  2.69028497e+00 2.18182945e+00 2.92616606e+00 9.85071301e-01
  8.41279507e+00 1.53471455e-02 7.74977922e-01 2.37994432e+00
  1.22089827e+00 1.27772980e+01 2.16316700e+00 1.14037647e+01
  2.20466781e+00 9.40646887e-01 6.68465948e+00 2.45088482e+00
  1.29770851e+00 1.92430229e+01 6.83131075e+00 2.34259158e-01
  3.90162945e+00 1.12915640e+01 1.58523929e+00 6.20546293e+00
  1.01545572e+00 1.73137856e+00 1.86360323e+00 0.00000000e+00
  1.83279741e+00 5.66704893e+00 2.42565489e+00 2.42835432e-01
  2.71998823e-01 1.75217235e+00 0.00000000e+00 1.05863228e+01
  2.08411479e+00 2.40720725e+00 8.62342656e-01 3.79887319e+00
  9.79329491e+00 6.75500154e-01 2.50880957e-01 0.00000000e+00
  4.60302544e+00 1.78632712e+00 0.00000000e+00 8.89579868e+00
  7.87437677e+00 0.00000000e+00 2.51189399e+00 4.41306293e-01
  6.97487164e+00 5.53050184e+00 3.85135937e+00 1.13913560e+00
  2.42361829e-01 1.53408855e-01 5.18952274e+00 9.95590240e-02
  8.36965179e+00 5.25354481e+00 2.82227135e+00 7.11942530e+00
  0.00000000e+00 5.19283676e+00 1.53392887e+00 2.02825332e+00
  5.00768805e+00 1.75417137e+00 1.06889124e+01 0.00000000e+00
  4.94120084e-03 2.44632888e+00 4.43897343e+00 3.59601974e+00
  5.13417339e+00 5.23801470e+00 7.15504503e+00 0.00000000e+00
  1.84028029e+00 1.32022464e+00 8.16789746e-01 3.36851358e-01
  1.00114278e-01 0.00000000e+00 2.09544706e+00 3.90079474e+00
  1.46591921e+01 8.97841740e+00 2.08504677e+00 8.71148884e-01
  1.67876041e+00 1.69202423e+00 6.94572830e+00 6.11019135e-02
  1.57237351e+00 3.93722367e+00 9.91882801e+00 8.66414070e-01
  4.69844198e+00 2.45791197e+00 7.49434680e-02 2.99031639e+00
  2.45535159e+00 3.52833462e+00 1.76271400e+01 1.96190476e+00
  4.26306105e+00 2.19265151e+00 4.67457741e-01 2.66435432e+00
  3.76038241e+00 3.49334908e+00 3.07986021e+00 6.48317158e-01
  3.76633978e+00 6.15148258e+00 3.13953590e+00 1.77074552e+00
  4.81680775e+00 3.76518250e+00 6.06796704e-03 1.30803573e+00
  1.21068811e+00 6.73590708e+00 5.23464584e+00 0.00000000e+00
  1.82108855e+00 8.51036835e+00 7.39230299e+00 2.15880489e+00
  1.69462624e+01 8.21717930e+00 2.02203584e+00 3.49896336e+00
  6.68569088e+00 3.35636401e+00 3.34449792e+00 5.79630494e-01
  5.26947439e-01 1.71196711e+00 2.32680488e+00 1.42433119e+00
  2.49704576e+00 1.72669411e+00 0.00000000e+00 1.17389548e+00
  1.02483496e-01 3.98101807e+00 3.93739629e+00 1.34958267e+01
  1.60479832e+01 5.40717840e+00 2.24153578e-01 1.27205610e+00
  3.13572228e-01 1.69458103e+00 2.86277127e+00 4.43304479e-01
  1.85064602e+00 1.30534658e+01 2.53554225e+00 5.17363358e+00
  5.16298771e+00 6.65352583e+00 6.36768055e+00 1.07025993e+00
  2.57171059e+00 1.57765388e+00 1.75121403e+00 2.22916698e+00
  2.19931579e+00 3.33047462e+00 7.89527178e+00 8.22869682e+00
  3.59464622e+00 6.36921644e-01 0.00000000e+00 6.65362120e+00
  1.84602654e+00 4.38687801e+00 7.95776558e+00 7.65011787e-01
  3.05679417e+00 5.34953690e+00 5.86476278e+00 3.60828400e-01
  4.19786644e+00 2.58052325e+00 1.15805531e+00 3.18287468e+00
  8.03308010e+00 3.24587226e-01 3.16075921e+00 9.82429886e+00
  1.16680598e+00 3.76861691e+00 1.14611733e+00 5.88468981e+00
  5.81103992e+00 1.83638060e+00 0.00000000e+00 3.57844639e+00
  0.00000000e+00 1.78520620e+00 8.65244579e+00 1.27725706e+01
  3.22755599e+00 2.16927290e+00 2.16737494e-01 7.57127106e-01
  3.42757821e-01 0.00000000e+00 1.20385170e+00 1.48197138e+00
  1.92229658e-01 4.14366484e+00 1.03982532e+00 5.35069942e-01
  6.17724180e-01 3.95990670e-01 5.12447071e+00 4.26259995e+00
  3.86729646e+00 9.68712425e+00 9.15756798e+00 2.35580969e+00
  1.54287062e+01 1.28254185e+01 1.28486335e-01 6.88459826e+00
  5.06774068e-01 1.76503277e+00 1.06942739e+01 3.49808240e+00
  9.61157903e-02 6.07077420e-01 1.68760741e+00 9.26636457e-02
  2.59439015e+00 1.85925102e+00 1.94121397e+00 2.90822458e+00
  0.00000000e+00 4.22809792e+00 7.24242830e+00 5.12643242e+00
  2.15943933e-01 1.07854140e+00 8.56541634e+00 3.91340065e+00
  1.49760067e+00 1.35565484e+00 5.45993805e+00 4.02732134e+00
  1.14575613e+00 4.55181986e-01 1.52738237e+01 8.72698799e-02
  0.00000000e+00 1.00851583e+00 2.08780980e+00 3.94083333e+00
  2.69878840e+00 2.37533188e+00 8.08608253e-03 1.97071314e+00
  1.34171999e+00 8.53391075e+00 6.87116504e-01 3.19154471e-01
  1.81310234e+01 3.81084919e+00 4.20779800e+00 1.64784074e-01
  3.54459929e+00 2.52211094e-01 7.34736109e+00 4.73953009e+00
  6.11134648e-01 5.45688272e-02 5.41627407e+00 2.15497613e+00]]