[[0.00000000e+00 5.39729834e-01 2.94317007e+00 0.00000000e+00
  3.64417219e+00 3.45935893e+00 5.34031153e+00 4.35491800e+00
  0.00000000e+00 6.32063985e-01 1.37871182e+00 4.93365669e+00
  1.17073250e+00 4.85427713e+00 3.10468882e-01 2.11605000e+00
  1.29552901e+00 3.64468884e+00 4.92971838e-01 6.77540302e+00
  3.23316872e-01 7.77892876e+00 1.54749715e+00 4.18401599e-01
  8.02181244e+00 4.64154100e+00 8.59097385e+00 4.66122836e-01
  5.96867847e+00 4.01252794e+00 0.00000000e+00 8.20562077e+00
  8.22296664e-02 3.33028054e+00 7.98838556e-01 0.00000000e+00
  1.45673120e+00 4.48770255e-01 8.84295940e+00 1.40375376e+01
  9.45473957e+00 2.33813658e-01 2.81648731e+00 3.17835808e+00
  0.00000000e+00 8.41069102e-01 1.02658215e+01 3.18296432e-01
  4.67180538e+00 5.21691084e-01 4.74890614e+00 6.56542301e+00
  1.03092246e-01 1.88332820e+00 8.50562513e-01 3.20252514e+00
  2.30560994e+00 8.88328552e+00 3.20910525e+00 7.76603997e-01
  4.06941086e-01 2.01364875e-01 7.86146832e+00 6.70645952e+00
  1.24520279e-01 7.12438774e+00 2.41505265e+00 7.78819025e-01
  7.92887020e+00 4.24266905e-01 6.79239702e+00 2.44665332e-02
  0.00000000e+00 3.07631874e+00 1.60843873e+00 2.94161905e-02
  1.61324561e+00 0.00000000e+00 1.25322580e+00 5.16081462e-03
  8.60845763e-03 2.13413215e+00 4.90250826e+00 6.11104906e-01
  3.64055347e+00 7.20646572e+00 1.03274477e+00 9.24792230e-01
  4.53828716e+00 0.00000000e+00 2.33011985e+00 3.48162270e+00
  0.00000000e+00 1.03215246e+01 2.44388843e+00 1.25251043e+00
  1.54826057e+00 9.59023774e-01 3.11344838e+00 3.55763745e+00
  2.07349515e+00 1.95772672e+00 1.12841444e+01 2.20458007e+00
  1.48690147e+01 1.93893135e+00 7.58158863e-01 1.66237533e+00
  0.00000000e+00 1.83303750e+00 1.23124862e+00 1.98379666e-01
  2.16300979e-01 2.68616152e+00 8.80768681e+00 0.00000000e+00
  1.15192614e+01 9.88286376e-01 1.37599695e+00 1.64263701e+00
  5.38103819e-01 4.38219309e-01 1.35905540e+00 5.00642300e+00
  3.81613660e+00 3.09342742e+00 6.12908363e-01 0.00000000e+00
  1.16689503e+00 1.11439610e+01 3.90328705e-01 0.00000000e+00
  8.17024052e-01 3.40968490e+00 2.54978132e+00 9.72892570e+00
  5.28299630e-01 5.34608316e+00 3.09754252e+00 1.84701264e-01
  4.27406216e+00 0.00000000e+00 2.77861404e+00 8.96355057e+00
  1.02589893e+00 2.10370564e+00 5.36617219e-01 7.53491759e-01
  2.53091598e+00 6.76705170e+00 7.23780060e+00 6.74468660e+00
  1.40809643e+00 0.00000000e+00 2.15189576e+00 9.90925550e-01
  1.69630170e+00 7.63146353e+00 2.85370052e-01 1.23050436e-01
  1.88985837e+00 5.43031871e-01 1.26526082e+00 3.13342810e-01
  3.41545677e+00 4.18348551e+00 1.82868958e+00 3.23836565e+00
  1.36636406e-01 5.98779774e+00 1.74715333e-02 7.68646097e+00
  5.10521698e+00 0.00000000e+00 8.07348430e-01 1.05584741e+00
  0.00000000e+00 8.95591640e+00 9.17464828e+00 2.26538301e+00
  7.07127237e+00 0.00000000e+00 6.13748312e+00 3.32197934e-01
  1.80804241e+00 5.49618423e-01 2.47756886e+00 1.01647985e+00
  9.88890171e-01 4.70951945e-01 0.00000000e+00 2.37367082e+00
  1.02315879e+00 1.23267374e+01 1.90456659e-01 4.07451725e+00
  5.64647853e-01 7.76782465e+00 4.59133536e-01 1.36022234e+00
  6.12080574e-01 1.57660663e-01 3.56204462e+00 7.24786711e+00
  3.38422060e+00 1.89092088e+00 3.05440092e+00 4.91431618e+00
  2.95804214e+00 7.25533009e+00 2.63589907e+00 1.93076026e+00
  0.00000000e+00 5.08187866e+00 0.00000000e+00 0.00000000e+00
  6.20097256e+00 2.77908623e-01 1.34787172e-01 7.26763487e-01
  1.41498888e+00 4.66603851e+00 2.11781812e+00 6.18062067e+00
  3.55814600e+00 1.09090424e+01 1.72712818e-01 9.10211980e-01
  0.00000000e+00 3.40612578e+00 2.58269715e+00 1.45456231e+00
  1.00759935e+00 3.81148863e+00 2.01133084e+00 7.95074034e+00
  3.72290921e+00 1.30853014e+01 5.86122990e+00 5.08036852e+00
  4.76684189e+00 3.21412891e-01 2.45558143e+00 8.28238392e+00
  3.67479682e+00 9.37014675e+00 7.24047422e+00 3.62545967e+00
  1.63308907e+00 3.50422025e+00 7.58905232e-01 2.87048650e+00
  6.18820381e+00 1.72791445e+00 1.16761649e+00 6.44342303e-01
  2.15980315e+00 3.05113339e+00 3.30951810e+00 5.74112701e+00
  5.79461098e-01 6.09404206e-01 9.64170843e-02 4.97904634e+00
  6.20249569e-01 0.00000000e+00 0.00000000e+00 9.50639322e-03
  1.02966509e+01 5.00683427e-01 4.55363452e-01 6.11188948e-01
  1.89747000e+00 1.13096774e+00 8.56507301e-01 1.37108600e+00
  8.71132660e+00 3.32782120e-01 9.29066420e-01 4.28087854e+00
  1.07418861e+01 1.00715733e+00 2.83068919e+00 3.99071835e-02
  3.42001748e+00 0.00000000e+00 4.74059200e+00 5.73362648e-01
  5.39480257e+00 3.42357969e+00 4.50162315e+00 1.27967370e+00
  8.75364244e-01 3.19845152e+00 1.84323061e+00 5.51246166e+00
  5.98944366e-01 2.25759768e+00 6.02200460e+00 0.00000000e+00
  1.51277399e+00 5.41403961e+00 4.69964556e-02 5.51635742e+00
  7.06999958e-01 5.10334730e+00 1.01034317e+01 2.75478101e+00
  4.16392654e-01 4.43773746e-01 1.32761383e+00 1.61788273e+00
  1.57874286e-01 8.27808142e-01 1.74842715e+00 5.94226074e+00
  6.57159472e+00 4.68533468e+00 2.68993884e-01 0.00000000e+00
  8.47152042e+00 7.99680889e-01 7.86832619e+00 2.82251096e+00
  9.41592872e-01 2.42506528e+00 3.88238716e+00 0.00000000e+00
  7.76923990e+00 2.57381153e+00 6.97488666e-01 7.69418669e+00
  0.00000000e+00 1.16290379e+00 1.10643272e+01 7.36123276e+00
  1.75018859e+00 0.00000000e+00 8.25582790e+00 5.95144796e+00
  5.91956758e+00 0.00000000e+00 2.16252017e+00 3.47106010e-01
  5.50504827e+00 4.57584238e+00 1.82749152e-01 3.28179216e+00
  1.72801363e+00 7.88693786e-01 8.05367470e-01 1.31400001e+00
  0.00000000e+00 0.00000000e+00 1.64110911e+00 1.32848620e+00
  3.22036833e-01 1.67871227e+01 1.42139757e+00 1.91223848e+00
  1.04760666e+01 1.21596706e+00 2.14506149e+00 1.01189747e+01
  7.98404264e+00 4.93105698e+00 1.21430140e+01 4.14246082e-01
  1.46292055e+00 7.25361884e-01 4.97045249e-01 3.79838681e+00
  0.00000000e+00 3.50878119e+00 7.66438007e-01 1.14606154e+00
  9.29095969e-02 5.01844215e+00 2.47897577e+00 2.86570406e+00
  5.06864834e+00 9.86301613e+00 8.13917994e-01 1.09944355e+00
  1.17088449e+00 1.00756955e+00 4.21743441e+00 2.91184515e-01
  2.94802618e+00 1.41064167e+01 9.56366211e-02 5.14211607e+00
  8.81437969e+00 2.30640650e+00 8.14815223e-01 2.82292236e-02
  1.29809880e+00 2.07552862e+00 2.57628143e-01 1.59124970e+00
  5.30544901e+00 9.96953583e+00 9.35589218e+00 7.42596245e+00
  2.87209392e+00 6.26068950e-01 1.10461131e-01 4.18296814e-01
  6.95220137e+00 1.91178274e+00 7.96081209e+00 1.23924062e-01
  8.51732790e-02 0.00000000e+00 1.04409904e+01 8.37153047e-02
  1.03074908e+00 7.32242525e-01 4.55488873e+00 0.00000000e+00
  2.39899015e+00 2.35987973e+00 0.00000000e+00 1.93728852e+00
  1.75336826e+00 1.62928355e+00 2.26637316e+00 4.78900480e+00
  4.19562387e+00 9.50407889e-03 1.45233309e+00 1.69296670e+00
  7.75112092e-01 3.04266334e+00 2.12218142e+00 8.84781647e+00
  7.86182833e+00 1.18103731e+00 7.93906212e-01 1.20615077e+00
  0.00000000e+00 9.89581645e-01 2.36629844e-01 4.95533514e+00
  1.32325411e-01 1.34222770e+00 2.98811841e+00 2.01106811e+00
  1.01577568e+01 7.12457180e-01 6.15391922e+00 3.12301397e+00
  2.46825433e+00 1.08168020e+01 6.71224737e+00 1.62970829e+00
  2.15427327e+00 5.20378494e+00 3.73230076e+00 1.06435862e+01
  1.76712275e-01 0.00000000e+00 1.81474626e+00 7.32826829e-01
  9.46030259e-01 6.53055251e-01 4.12124491e+00 1.22384226e+00
  2.12409163e+00 3.76336537e-02 0.00000000e+00 6.60017967e-01
  3.41847181e-01 7.59403467e-01 8.31211925e-01 4.89795160e+00
  8.55219185e-01 6.12142277e+00 2.27318907e+00 3.61035180e+00
  1.06528063e+01 6.43762469e-01 2.54752088e+00 3.74175382e+00
  3.23710608e+00 1.07072058e+01 4.80595398e+00 1.79089025e-01
  1.08720791e+00 2.87338233e+00 2.58878922e+00 6.36018944e+00
  4.49012089e+00 3.79425175e-02 1.18486106e+00 7.41691351e-01
  0.00000000e+00 1.38922572e+00 5.76174688e+00 1.23259640e+00
  8.01855946e+00 1.83597088e+00 7.63012743e+00 7.86757410e-01
  4.51743841e+00 0.00000000e+00 2.35970330e+00 8.23804557e-01
  1.73054719e+00 5.19122982e+00 3.19889832e+00 1.60877392e-01]]