[[6.85466242e+00 1.59182921e-01 6.62332487e+00 0.00000000e+00
  6.56105995e+00 1.03043461e+00 1.87938738e+00 1.02499306e+00
  1.57064229e-01 1.21036768e+00 3.36802673e+00 9.41428363e-01
  2.06479883e+00 1.51115453e+00 2.20538831e+00 1.34296381e+00
  9.44234729e-01 1.98718250e+00 2.22412276e+00 3.39858437e+00
  9.87482965e-01 5.20479488e+00 1.63750911e+00 1.79076886e+00
  2.98291516e+00 7.00113773e+00 8.12217903e+00 0.00000000e+00
  5.91364765e+00 1.24729812e+00 5.92578888e-01 1.04863443e+01
  6.15311563e-01 3.26208258e+00 1.73263907e+00 0.00000000e+00
  6.69853747e-01 2.29131773e-01 7.48433876e+00 2.40646791e+00
  2.09206522e-01 1.98934484e+00 4.46005774e+00 3.60473251e+00
  0.00000000e+00 1.02403438e+00 1.03090458e+01 3.43625873e-01
  1.56258605e-02 5.64961314e-01 1.06733763e+00 3.46432185e+00
  4.80489343e-01 8.73184681e-01 4.38083935e+00 1.76278341e+00
  2.43894196e+00 8.79146767e+00 1.74979353e+00 1.42020726e+00
  1.18217778e+00 4.62207139e-01 7.21945858e+00 7.40527916e+00
  0.00000000e+00 2.34595060e+00 3.41453195e-01 0.00000000e+00
  1.07891166e+00 5.03161788e-01 2.85598230e+00 6.04146540e-01
  3.10560536e+00 6.78690624e+00 2.92894077e+00 4.24030334e-01
  2.98636079e+00 2.12516522e+00 8.51007164e-01 8.69066834e-01
  2.62562680e+00 4.13410664e-01 7.54496193e+00 1.15092731e+00
  5.86685991e+00 5.88759840e-01 0.00000000e+00 4.58948344e-01
  2.89973569e+00 0.00000000e+00 2.07106781e+00 5.80055523e+00
  5.90753436e-01 8.92917538e+00 2.06400976e-01 1.42871130e+00
  1.31980658e-01 2.62753582e+00 1.58204031e+00 3.48369527e+00
  2.23723340e+00 2.97275972e+00 1.26519699e+01 2.29831767e+00
  1.06360540e+01 2.01388621e+00 1.46017700e-01 1.41719496e+00
  4.13274336e+00 2.47998938e-01 8.46383393e-01 5.98153055e-01
  0.00000000e+00 8.61401632e-02 7.82927990e-01 1.16839282e-01
  7.90681171e+00 0.00000000e+00 9.10742104e-01 4.70906317e-01
  3.21957558e-01 7.25387484e-02 3.42972100e-01 1.71111190e+00
  2.87210608e+00 3.43058562e+00 0.00000000e+00 0.00000000e+00
  5.77166915e-01 1.13868980e+01 2.01171851e+00 3.99426222e-01
  2.84880090e+00 2.44406962e+00 2.45967579e+00 2.48845100e+00
  8.12902927e-01 1.61463010e+00 3.86490154e+00 0.00000000e+00
  1.50351036e+00 7.90396631e-01 8.79585862e-01 3.68395162e+00
  1.89130902e+00 3.40330392e-01 1.42875457e+00 1.10622130e-01
  4.88827050e-01 1.16558755e-02 5.36369276e+00 0.00000000e+00
  3.93443894e+00 0.00000000e+00 4.67685401e-01 2.49034858e+00
  2.05104455e-01 4.65301752e+00 1.31749809e+00 1.96776736e+00
  1.08942115e+00 4.42795008e-01 1.21617496e-01 2.50845361e+00
  5.30477285e+00 3.91938615e+00 2.99379921e+00 1.06031203e+00
  2.73510069e-01 3.16585517e+00 6.06379128e+00 9.82741892e-01
  7.08136749e+00 1.04961967e+01 5.38780034e-01 1.02189875e+00
  0.00000000e+00 6.23049450e+00 1.05837393e+01 2.26192403e+00
  7.69044399e+00 1.96796823e-02 4.38471413e+00 0.00000000e+00
  4.47500753e+00 2.04309607e+00 1.53572989e+00 5.59213638e-01
  3.84821749e+00 3.83773565e-01 0.00000000e+00 1.42031801e+00
  1.87193239e+00 4.52691317e+00 1.96826890e-01 1.20668221e+00
  1.05907273e+00 4.57635880e+00 4.17326182e-01 3.82644153e+00
  5.02779543e-01 1.68650806e+00 2.72700071e+00 5.89040184e+00
  4.07564068e+00 1.36577094e+00 6.61922157e-01 1.22088611e+00
  9.16325450e-01 7.09635687e+00 2.58214831e+00 1.79371142e+00
  0.00000000e+00 5.56256247e+00 1.14755046e+00 6.62338510e-02
  3.20318699e+00 1.27749062e+00 3.00252110e-01 2.19071221e+00
  2.15838647e+00 4.71217108e+00 8.19475365e+00 4.04256105e-01
  5.78072643e+00 7.32809663e-01 8.64438713e-01 1.88028812e+00
  1.20328176e+00 5.66078946e-02 0.00000000e+00 3.46309400e+00
  3.09008956e+00 8.11197311e-02 1.66253448e+00 3.46788716e+00
  4.37315607e+00 4.49473619e+00 3.92478538e+00 7.38850057e-01
  9.12430882e-01 5.50635040e-01 6.76525068e+00 2.20364976e+00
  1.25265706e+00 9.05204487e+00 6.63468361e+00 5.37026358e+00
  1.25591910e+00 1.51287842e+01 3.49390805e-01 9.07077730e-01
  2.17395663e+00 7.58933723e-01 3.47952771e+00 0.00000000e+00
  4.42971230e+00 1.95410752e+00 3.12321353e+00 2.77594185e+00
  3.99715614e+00 3.37568521e-01 0.00000000e+00 3.79285145e+00
  1.17370713e+00 0.00000000e+00 1.36733815e-01 6.84078634e-01
  4.04782724e+00 2.22408175e-01 9.56202745e-01 4.39104110e-01
  3.17718625e+00 1.59272611e+00 1.72621298e+00 8.04986596e-01
  5.20112228e+00 6.19778931e-01 1.15451074e+00 3.86663437e-01
  4.16841984e+00 2.40664506e+00 5.27977228e+00 0.00000000e+00
  0.00000000e+00 3.25117297e-02 5.03843307e+00 1.21572423e+00
  5.80547094e+00 7.63465929e+00 2.07562327e+00 6.29888237e-01
  2.44758654e+00 3.35210180e+00 2.16149974e+00 1.50839686e+00
  1.79396272e+00 2.06471896e+00 3.82244658e+00 5.60806245e-02
  2.30824083e-01 2.27205801e+00 1.33990538e+00 1.92148697e+00
  9.10999835e-01 3.23967075e+00 5.19432545e+00 7.12612867e-02
  3.22822422e-01 1.28258598e+00 1.70808530e+00 4.48909330e+00
  1.74909222e+00 6.02937102e-01 3.15254927e+00 1.16489971e+00
  9.00192356e+00 1.66462460e+01 1.45354164e+00 1.99357748e+00
  5.45784569e+00 1.50671887e+00 4.31748199e+00 3.16385806e-01
  8.67098153e-01 4.10508347e+00 2.59843040e+00 2.25905240e-01
  5.95745420e+00 1.54370427e+00 9.01928246e-02 1.42717195e+00
  3.78732473e-01 1.76192594e+00 1.03860731e+01 6.51704729e-01
  5.29548788e+00 5.24919033e+00 1.73411095e+00 4.04692125e+00
  4.78070211e+00 3.16488624e-01 6.00487739e-02 9.62250769e-01
  3.60688472e+00 2.88755465e+00 1.40544474e+00 2.23868227e+00
  1.44100833e+00 1.62091240e-01 1.36638224e-01 6.67423725e-01
  2.72918797e+00 3.27701521e+00 6.32415414e-01 0.00000000e+00
  6.80668727e-02 8.80085945e+00 9.49938536e-01 1.06615710e+00
  1.54461756e+01 5.08548200e-01 3.26348495e+00 5.08104372e+00
  6.42426157e+00 2.93908501e+00 6.13376999e+00 0.00000000e+00
  5.46686769e-01 1.01822782e+00 5.50923586e-01 1.43536282e+00
  1.00063157e+00 2.25137258e+00 2.08082646e-01 1.56222594e+00
  0.00000000e+00 4.64200783e+00 1.12216854e+00 7.02428150e+00
  4.18424368e+00 4.84515238e+00 8.43442202e-01 1.03129876e+00
  1.10633790e+00 1.22242677e+00 2.10680938e+00 1.12239969e+00
  3.34032011e+00 7.40003920e+00 4.65158254e-01 3.74669218e+00
  3.16978884e+00 3.52677131e+00 7.88123757e-02 6.13502026e-01
  3.82878017e+00 6.41571760e-01 6.88263416e-01 2.98429585e+00
  3.71042609e+00 8.52869320e+00 2.99705338e+00 4.52033758e+00
  3.98421097e+00 4.03941631e-01 3.75338972e-01 5.46002388e+00
  1.05047045e+01 1.65211034e+00 5.84057808e+00 1.90385252e-01
  1.44686449e+00 4.61596346e+00 3.78618240e+00 3.19307232e+00
  3.78811359e+00 8.88556600e-01 4.88872957e+00 1.48504376e+00
  3.93489408e+00 5.73839247e-01 1.19046807e-01 5.47807217e+00
  1.01114905e+00 8.87545764e-01 9.62464333e-01 4.27418041e+00
  1.25622094e+00 2.29338336e+00 1.56923473e+00 1.07354414e+00
  5.37762213e+00 4.21170807e+00 4.52632427e-01 1.00012970e+01
  3.24251723e+00 1.57747209e+00 9.19142902e-01 0.00000000e+00
  7.82011509e-01 5.95499098e-01 2.47738034e-01 2.27765679e+00
  2.07159981e-01 2.92015719e+00 0.00000000e+00 1.70812845e+00
  3.62521744e+00 1.04099476e+00 7.39244795e+00 2.11939096e+00
  4.34763670e+00 4.85253668e+00 4.30766726e+00 2.24100724e-02
  2.15279007e+00 6.73606968e+00 4.10907507e-01 1.09962196e+01
  1.76787630e-01 0.00000000e+00 3.85326576e+00 3.61430645e+00
  2.78614044e-01 3.62087339e-01 1.20955777e+00 1.54472744e+00
  2.11016464e+00 2.66510248e-01 5.17145336e-01 2.84810185e+00
  4.23475862e-01 2.63555121e+00 1.43435836e-01 5.53720093e+00
  2.96917826e-01 1.76744401e+00 6.57073545e+00 4.29722118e+00
  5.85057831e+00 8.52216899e-01 1.56861711e+00 7.22270918e+00
  2.00221896e+00 5.49709511e+00 7.80399561e+00 4.49849740e-02
  1.62980592e+00 1.66009054e-01 6.32878780e-01 4.28219938e+00
  6.93644807e-02 7.68939912e-01 8.98037255e-01 1.54004860e+00
  2.13789082e+00 3.93720269e+00 5.45610249e-01 1.20026171e+00
  1.28780451e+01 1.57173800e+00 2.48592019e+00 1.40586412e+00
  5.68559122e+00 0.00000000e+00 9.15387917e+00 2.16049218e+00
  2.45762579e-02 3.46863198e+00 2.71451449e+00 1.35232556e+00]]