[[3.90050840e+00 1.24321663e+00 2.00339222e+00 5.62455058e-02
  3.18866372e-01 6.22967482e+00 6.89349985e+00 3.29779178e-01
  1.55150306e+00 9.59956199e-02 2.07365394e+00 2.89033723e+00
  1.80491114e+00 2.73438287e+00 3.33573669e-01 4.15475607e+00
  2.25423861e+00 8.60232353e-01 3.19499111e+00 1.95300412e+00
  1.63016343e+00 3.00354362e-01 5.37990713e+00 1.13030958e+00
  1.26140785e+00 6.31393242e+00 1.03822470e+00 3.19092274e-01
  2.57068992e+00 5.01958656e+00 4.39897656e-01 1.04226112e+01
  5.60743451e-01 4.25575924e+00 1.61102974e+00 1.33357179e+00
  4.54667425e+00 1.55046448e-01 5.87798214e+00 3.91158223e+00
  1.27707934e+00 3.91410542e+00 1.05936944e+00 1.97222733e+00
  9.24638063e-02 1.85931608e-01 3.36789012e+00 1.51324347e-02
  1.73451674e+00 1.69987094e+00 5.17091036e-01 2.66823411e+00
  9.81861055e-01 3.14382648e+00 3.02774763e+00 3.20653391e+00
  3.03549647e-01 4.40820980e+00 1.54104143e-01 2.63200212e+00
  3.99658941e-02 1.34590030e+00 7.62833881e+00 3.19214368e+00
  7.48064184e+00 4.91638720e-01 1.26845694e+00 7.07350063e+00
  2.50223064e+00 1.19136822e+00 7.35870552e+00 1.13278496e+00
  0.00000000e+00 1.82087040e+00 2.34158278e+00 3.05704713e-01
  1.01955855e+00 0.00000000e+00 3.14015597e-01 1.53016642e-01
  5.62082529e-01 1.62614274e+00 4.19180965e+00 1.21944833e+00
  4.28749609e+00 4.85290861e+00 0.00000000e+00 1.49005902e+00
  5.38363171e+00 0.00000000e+00 5.32224464e+00 6.35130346e-01
  8.04768860e-01 2.11417365e+00 1.04805209e-01 1.17622066e+00
  1.75048637e+00 5.62051964e+00 3.12172365e+00 7.25133467e+00
  1.12556398e+00 1.64888752e+00 8.45716953e+00 3.35627627e+00
  5.44581366e+00 8.38823199e-01 1.14727306e+00 9.15725946e-01
  2.38247228e+00 1.98385119e-01 1.62084568e+00 1.71066597e-01
  6.95315242e-01 5.27909374e+00 3.79864812e+00 6.74615443e-01
  7.31678391e+00 6.12973642e+00 0.00000000e+00 2.09757209e+00
  1.49204835e-01 8.24950397e-01 1.22484434e+00 1.73289299e+00
  6.03052425e+00 1.63541961e+00 1.29774535e+00 1.77823806e+00
  2.23933488e-01 7.49046564e+00 2.28964067e+00 7.48923570e-02
  3.77886593e-02 0.00000000e+00 2.98298836e+00 3.10507369e+00
  6.08557558e+00 1.18991840e+00 5.15845299e+00 2.66138816e+00
  2.90248084e+00 1.53071022e+00 1.31487334e+00 4.93622065e+00
  6.41993165e-01 2.64778554e-01 4.82116556e+00 5.75301409e-01
  7.22364366e-01 8.22152376e-01 2.91654181e+00 6.10027850e-01
  1.09105861e+00 7.02955365e-01 6.37544841e-02 1.60774231e+00
  1.42663097e+00 3.77026868e+00 6.51505828e-01 1.10706007e+00
  2.44674611e+00 4.15081120e+00 4.40985632e+00 1.88938022e+00
  1.38072598e+00 2.67692399e+00 0.00000000e+00 2.59385300e+00
  2.39181325e-01 3.03980017e+00 1.71460533e+00 3.19330859e+00
  2.89962673e+00 9.28841496e+00 3.95703602e+00 9.31736529e-01
  0.00000000e+00 4.15230465e+00 7.17683458e+00 9.51884687e-03
  5.85702956e-02 0.00000000e+00 4.60971737e+00 1.26376078e-01
  4.72948456e+00 1.71392667e+00 2.34540844e+00 2.49230719e+00
  1.32637584e+00 2.83519697e+00 2.07946032e-01 6.30705282e-02
  8.36781859e-01 5.78676224e+00 1.63909268e+00 6.50652075e+00
  5.32790601e-01 3.38465714e+00 8.02139491e-02 1.00756192e+00
  2.01707172e+00 7.21359789e-01 6.07634485e-01 9.50837657e-02
  3.10742664e+00 5.08802712e-01 4.90706980e-01 2.19458294e+00
  4.31158209e+00 2.56363082e+00 1.08707041e-01 6.78890514e+00
  2.19147706e+00 3.71160245e+00 1.94708109e-01 8.32759917e-01
  4.18357134e+00 0.00000000e+00 2.83900946e-01 6.22143634e-02
  0.00000000e+00 2.51543379e+00 1.63551080e+00 2.21382529e-01
  3.44842505e+00 3.51758146e+00 1.96285355e+00 6.63279390e+00
  1.78708863e+00 1.80115449e+00 7.99263299e-01 5.16176987e+00
  1.03593610e-01 3.78711057e+00 8.48353088e-01 4.70199347e+00
  3.50082874e+00 2.88565707e+00 3.14121914e+00 3.36689258e+00
  1.28820753e+00 9.19200122e-01 5.82352757e-01 6.37677670e+00
  1.13303745e+00 2.85848212e+00 5.53424692e+00 3.23357545e-02
  7.09959984e+00 1.29147453e+01 7.34755516e+00 6.14738524e-01
  5.48793793e-01 4.83779573e+00 0.00000000e+00 0.00000000e+00
  1.09914036e+01 1.79148090e+00 2.87971258e+00 7.63785839e-01
  2.50222683e+00 9.25858617e-01 1.41586626e+00 2.73003316e+00
  1.64917433e+00 1.74303436e+00 7.49530411e+00 7.60730684e-01
  9.87963104e+00 6.34532690e-01 1.98291373e+00 0.00000000e+00
  2.30761194e+00 7.88363099e-01 7.25688040e-02 8.92379940e-01
  3.04185200e+00 3.07734281e-01 2.24895142e-02 2.86145389e-01
  2.69021940e+00 5.13082519e-02 1.94560423e-01 2.11028084e-01
  1.96279180e+00 0.00000000e+00 7.26511097e+00 1.38780558e+00
  6.00751066e+00 4.50962162e+00 2.12139392e+00 7.49035403e-02
  7.80627787e-01 1.87388158e+00 1.78551531e+00 3.48544061e-01
  4.93509007e+00 2.55623817e+00 6.53846502e+00 1.30754113e-01
  2.66708612e+00 4.44006109e+00 4.09534836e+00 7.37748623e-01
  4.74433899e+00 3.23257506e-01 6.74227118e-01 2.53552485e+00
  1.55145019e-01 2.80470610e+00 8.91015351e-01 2.67937994e+00
  2.43817896e-01 0.00000000e+00 2.48922899e-01 1.56029916e+00
  9.34775257e+00 3.34744287e+00 2.27775884e+00 1.12359250e+00
  6.63117838e+00 7.96351099e+00 7.29079866e+00 6.31250143e-02
  9.36018825e-01 1.32152617e+00 2.31215525e+00 0.00000000e+00
  2.52130604e+00 9.72587883e-01 1.44347161e-01 1.33407640e+00
  1.03519417e-01 2.62680554e+00 8.14987946e+00 1.31872463e+00
  2.30295134e+00 5.13401568e-01 4.48996387e-02 3.07476568e+00
  5.64883995e+00 2.46230602e+00 2.21229029e+00 0.00000000e+00
  3.23344326e+00 4.80099440e+00 3.20349622e+00 1.01494944e+00
  2.60550022e+00 9.36311036e-02 1.88680744e+00 2.03859620e-02
  2.29663014e+00 2.89913034e+00 1.96617675e+00 7.22626746e-02
  4.10194874e+00 3.75042439e+00 1.58428180e+00 1.30640423e+00
  6.94957495e+00 8.18052590e-01 1.09506989e+00 4.03742790e+00
  6.91922665e+00 2.34247351e+00 2.80169034e+00 0.00000000e+00
  1.26328185e-01 0.00000000e+00 1.42475677e+00 1.73319185e+00
  4.47545385e+00 9.46643353e-01 3.44266844e+00 9.39833820e-01
  1.06793737e+00 4.38749552e+00 0.00000000e+00 9.84902287e+00
  3.14852476e+00 4.66027212e+00 4.24377531e-01 3.14994478e+00
  8.14378917e-01 1.04110777e+00 1.96585679e+00 4.70034540e-01
  1.18097270e+00 1.07182455e+01 3.20940018e+00 6.22228324e-01
  1.04177788e-01 1.88847435e+00 9.46095824e-01 1.72273779e+00
  2.92286968e+00 5.29285288e+00 1.39034331e+00 3.07736897e+00
  4.11456108e+00 3.09620380e+00 4.85336542e+00 8.77701378e+00
  1.15657330e+00 7.52838969e-01 0.00000000e+00 1.72911680e+00
  7.84049225e+00 1.03789413e+00 5.76667738e+00 6.30175397e-02
  9.71064568e-01 5.39156342e+00 2.52074313e+00 2.59871960e+00
  1.03110397e+00 2.61414368e-02 1.65987754e+00 1.71404433e+00
  3.18665433e+00 6.75790831e-02 3.41502309e+00 4.86867285e+00
  5.77263451e+00 4.25830698e+00 2.17706108e+00 4.65912879e-01
  2.26965356e+00 1.79308987e+00 3.43853384e-01 2.93634033e+00
  6.86594367e-01 5.06054223e-01 1.66597903e+00 5.07087660e+00
  7.73051214e+00 4.15454865e+00 2.63314039e-01 1.02028012e+00
  2.70745814e-01 3.91740263e-01 7.20364690e-01 3.86373210e+00
  1.97706091e+00 5.16710952e-02 1.85805470e-01 1.94470930e+00
  5.50835419e+00 2.53169417e-01 8.04603577e-01 3.37632656e+00
  1.13295746e+00 8.48210526e+00 6.58605576e+00 4.95322317e-01
  4.63965845e+00 4.39687872e+00 4.81117785e-01 5.51814508e+00
  2.04446930e-02 1.54997504e+00 3.98536658e+00 1.67694497e+00
  2.94375372e+00 4.90709162e+00 1.08340132e+00 2.35007691e+00
  4.04130846e-01 5.40321767e-01 2.44282651e+00 7.71136820e-01
  0.00000000e+00 6.91916466e+00 2.94764459e-01 3.07773209e+00
  0.00000000e+00 0.00000000e+00 7.93711424e-01 0.00000000e+00
  3.33646560e+00 2.86075044e+00 5.83306217e+00 4.83354568e+00
  3.15687090e-01 5.75369740e+00 7.52933025e-01 3.00944853e+00
  2.69724876e-01 1.70597994e+00 8.04139793e-01 4.79117584e+00
  2.31290674e+00 5.12502789e-01 8.05050611e-01 9.19808984e-01
  1.30692494e+00 3.30606008e+00 1.04281142e-01 4.46388006e-01
  1.91528285e+00 1.63321674e-01 2.81574607e+00 6.32344544e-01
  1.53013098e+00 6.82326108e-02 1.58670413e+00 1.81273234e+00
  1.77837873e+00 9.68620718e-01 4.23226738e+00 0.00000000e+00]]