[[5.39097905e-01 9.69476879e-01 8.47976506e-01 9.09837365e-01
  2.89538149e-02 8.09744644e+00 7.52927446e+00 0.00000000e+00
  4.04496861e+00 0.00000000e+00 1.19152057e+00 8.85787785e-01
  4.67617226e+00 3.33120763e-01 6.28946495e+00 3.14590454e-01
  3.85140002e-01 0.00000000e+00 9.46817026e-02 1.65381908e+00
  9.61544991e-01 1.86723268e+00 1.80195832e+00 0.00000000e+00
  1.04623199e+00 7.42146397e+00 0.00000000e+00 3.55857977e-04
  1.35833454e+00 8.07067975e-02 1.56399906e-01 3.28126431e+00
  3.43889982e-01 1.91476893e+00 0.00000000e+00 8.69022751e+00
  5.92958927e+00 0.00000000e+00 5.93162823e+00 2.74520230e+00
  2.84362578e+00 1.65959764e+00 7.39005899e+00 5.03645468e+00
  2.65882790e-01 1.30834365e+00 3.73681366e-01 4.31842613e+00
  2.68369651e+00 4.37185907e+00 8.30298185e-01 5.39401054e-01
  6.15585148e-01 9.12657157e-02 2.68906140e+00 1.68141019e+00
  3.39606142e+00 1.08746505e+00 8.75125289e-01 6.27937138e-01
  1.68482706e-01 2.18177271e+00 1.42881918e+00 5.97859669e+00
  2.32705927e+00 3.11449242e+00 1.00786877e+00 3.25935698e+00
  6.95599854e-01 1.41142714e+00 2.36268353e+00 0.00000000e+00
  0.00000000e+00 4.14279079e+00 7.19814634e+00 6.72337353e-01
  1.28212571e+00 1.04300225e+00 1.05384834e-01 8.10414600e+00
  4.53345209e-01 5.44232988e+00 7.31410265e-01 3.68058300e+00
  4.06423903e+00 3.95424414e+00 8.61480758e-02 1.42166793e+00
  1.26830411e+00 2.50984049e+00 4.83605099e+00 2.97538787e-02
  2.33334327e+00 1.95497799e+00 2.48978996e+00 1.93295941e-01
  4.91208524e-01 4.63613003e-01 2.76252961e+00 6.88516855e+00
  3.31312037e+00 2.34370679e-01 7.15901732e-01 6.90908861e+00
  9.66287327e+00 0.00000000e+00 2.20959723e-01 0.00000000e+00
  7.07529545e-01 2.87134290e-01 1.52388442e+00 4.10089731e+00
  1.46233487e+00 1.75297594e+00 7.90117621e-01 1.01024795e+00
  3.88141203e+00 1.01256313e+01 0.00000000e+00 1.43731940e+00
  2.45424751e-02 1.71745926e-01 2.90260345e-01 9.09775543e+00
  4.07775454e-02 5.16544282e-01 2.20873833e+00 4.59447145e-01
  1.80298910e-01 7.91623402e+00 3.38640618e+00 1.82432902e+00
  4.32839441e+00 8.22289109e-01 0.00000000e+00 1.19736838e+00
  1.56964552e+00 2.08055854e+00 1.19826865e+00 5.56935549e-01
  2.51794124e+00 2.57670617e+00 5.27620316e+00 3.25151944e+00
  2.22029686e+00 4.25065786e-01 1.37394834e+00 8.38951588e-01
  3.61375046e+00 1.35876358e+00 0.00000000e+00 9.09932256e-01
  1.10795808e+00 5.33944035e+00 5.50989714e-03 5.74639618e-01
  9.50579643e-01 5.26527262e+00 4.53775376e-01 7.61207485e+00
  1.13739930e-01 5.36029005e+00 6.18492365e-01 9.36709309e+00
  5.42469859e-01 2.04842162e+00 0.00000000e+00 1.83040929e+00
  0.00000000e+00 7.31131172e+00 1.19552708e+00 1.19007981e+00
  3.82886767e+00 7.59003460e-01 7.86756337e-01 4.09109926e+00
  0.00000000e+00 1.57298183e+00 6.33527899e+00 3.23676419e+00
  1.87018669e+00 1.74381018e+00 5.04020929e+00 1.82509109e-01
  0.00000000e+00 7.21445262e-01 1.15837955e+00 5.98840892e-01
  1.77694249e+00 7.98770189e-01 3.32489634e+00 0.00000000e+00
  8.51290077e-02 8.99326420e+00 5.51451826e+00 0.00000000e+00
  7.54635954e+00 4.27053690e+00 1.03757620e+00 1.32766330e+00
  1.38384800e+01 0.00000000e+00 4.53649759e+00 3.28072995e-01
  5.03665304e+00 1.82330608e+00 2.71301389e-01 2.80723286e+00
  8.50024462e-01 2.71651030e+00 5.41064787e+00 1.63407493e+00
  1.16298938e+00 7.29790115e+00 5.53444549e-02 0.00000000e+00
  3.83021045e+00 5.65236664e+00 1.82402945e+00 2.73877829e-01
  1.30473065e+00 6.40812159e+00 7.92959154e-01 0.00000000e+00
  4.33087021e-01 4.33849096e-01 9.87542927e-01 3.30198377e-01
  3.60577554e-01 1.66645601e-01 2.64406413e-01 4.81966543e+00
  3.31969428e+00 4.49428171e-01 7.72496104e-01 3.26843351e-01
  4.14704370e+00 5.95376778e+00 8.84278953e-01 3.28969121e+00
  4.91961420e-01 4.03393459e+00 1.24568653e+00 5.54445207e-01
  6.99285984e-01 3.46914744e+00 1.32171221e+01 8.56743872e-01
  1.84465444e+00 3.89470637e-01 5.60740376e+00 3.04706693e-01
  0.00000000e+00 6.94102526e+00 2.28255391e+00 0.00000000e+00
  1.10683718e+01 3.25245261e+00 2.35252455e-01 6.91996932e-01
  3.69849175e-01 1.33228764e-01 2.92900503e-01 0.00000000e+00
  1.87121600e-01 3.25467134e+00 2.33849931e+00 1.34020340e+00
  5.91646385e+00 4.01181787e-01 8.51317501e+00 5.31626940e+00
  1.55305171e+00 5.04312277e+00 3.36689043e+00 2.29088143e-01
  6.41196728e+00 6.26331389e-01 0.00000000e+00 1.74418235e+00
  5.67532682e+00 5.45804596e+00 2.61647439e+00 9.42217708e-01
  1.76645052e+00 1.46114612e+00 2.01449060e+00 2.08450747e+00
  3.02108288e+00 1.67333937e+00 2.43374658e+00 3.56942916e+00
  9.89750099e+00 2.08016872e+00 4.84270430e+00 3.48236465e+00
  0.00000000e+00 0.00000000e+00 3.38625818e-01 3.16608131e-01
  2.15608907e+00 5.60207129e+00 2.35986137e+00 2.25668341e-01
  2.29249644e+00 3.40627879e-01 1.15002048e+00 0.00000000e+00
  9.30997181e+00 5.83713472e-01 1.08529341e+00 1.13541222e+00
  1.62115490e+00 1.39342916e+00 1.13948452e+00 4.27972078e+00
  7.22553968e-01 9.94809151e+00 1.04212642e+00 4.62314010e-01
  5.25101662e-01 4.46496534e+00 2.75774908e+00 3.86314607e+00
  1.49491072e+00 1.22389674e+00 1.10777130e+01 0.00000000e+00
  4.98559809e+00 4.06205475e-01 1.77587435e-01 2.22800517e+00
  6.51290938e-02 2.74936944e-01 9.80778217e-01 7.68325472e+00
  0.00000000e+00 1.56375723e+01 3.24623013e+00 3.96348166e+00
  4.19493866e+00 6.50019884e-01 7.86218345e-01 3.29204679e+00
  1.40056551e+00 1.43583572e+00 5.20745873e-01 0.00000000e+00
  1.44234204e+00 2.39468098e+00 5.18950403e-01 7.48564422e-01
  0.00000000e+00 1.13318942e-01 2.78885394e-01 7.76235163e-01
  2.66141963e+00 4.11345434e+00 4.36699009e+00 7.69491941e-02
  0.00000000e+00 1.80342779e-01 3.79977751e+00 6.44011688e+00
  5.06134605e+00 2.30401063e+00 7.43215609e+00 1.83923137e+00
  1.89891100e+00 8.13918781e+00 5.32043338e-01 2.21064949e+00
  1.43227494e+00 1.28921330e+00 1.35340965e+00 2.49021435e+00
  1.60963133e-01 0.00000000e+00 0.00000000e+00 6.63964272e+00
  2.24669814e+00 1.81674302e+00 5.54251790e-01 3.31556416e+00
  4.82674885e+00 0.00000000e+00 1.11804187e+00 2.38005891e-01
  2.52918506e+00 5.62020206e+00 3.34426785e+00 3.48462534e+00
  4.87334633e+00 5.09617567e+00 0.00000000e+00 1.94159818e+00
  1.66944337e+00 3.20619440e+00 2.81394720e+00 2.16093302e-01
  1.19072914e+00 5.38325167e+00 5.28565884e-01 7.62149191e+00
  1.30913525e+01 0.00000000e+00 1.40914479e-02 2.16258541e-02
  7.59181309e+00 1.99140787e+00 3.25007558e+00 9.55701649e-01
  0.00000000e+00 3.52385849e-01 5.87896168e-01 9.54597473e-01
  4.46397327e-02 4.58882749e-01 0.00000000e+00 1.87703781e-03
  0.00000000e+00 2.86618084e-01 8.43701005e-01 1.23445234e+01
  1.56515658e-01 4.43742275e+00 2.71377039e+00 2.14764500e+00
  3.45652199e+00 4.39852387e-01 4.13112259e+00 3.47658992e+00
  2.49148331e+01 8.97903502e-01 9.43618238e-01 5.24847603e+00
  2.11408758e+00 1.80846000e+00 1.25567138e-01 1.40801311e-01
  4.19283569e-01 2.97503620e-01 2.16284972e-02 3.48067713e+00
  3.50344598e-01 6.78307414e-01 6.89379692e-01 5.99592030e-01
  2.94129074e-01 3.54097843e-01 1.98466510e-01 2.23826838e+00
  3.07325435e+00 1.48977404e-02 9.04332474e-02 1.79605114e+00
  4.45398331e+00 2.05434752e+00 9.85176027e-01 7.91802740e+00
  5.09721327e+00 6.14647770e+00 0.00000000e+00 1.16662192e+00
  4.81603813e+00 8.16425896e+00 2.04709113e-01 2.87401533e+00
  3.32315779e+00 8.10530663e-01 1.54419661e+00 1.60885811e+00
  6.74956131e+00 1.10535507e+01 3.27464700e-01 5.94794941e+00
  6.11649752e-01 5.40203452e-01 3.28116387e-01 2.47297502e+00
  5.49916124e+00 0.00000000e+00 2.73549366e+00 1.73449194e+00
  3.02778602e+00 0.00000000e+00 5.26063442e-02 7.78964996e-01
  2.57730186e-01 0.00000000e+00 3.81032920e+00 7.56496954e+00
  4.74724978e-01 5.39239836e+00 8.23153400e+00 7.44112730e-01
  3.88437414e+00 1.11086738e+00 4.58471298e+00 1.98447883e+00
  3.53787661e+00 5.86278021e-01 1.20226957e-01 1.58084476e+00
  2.37848353e+00 7.03485906e-01 4.71691227e+00 3.09142637e+00
  3.76268172e+00 4.93823099e+00 3.13317657e+00 3.27879310e-01]]