[[1.7735238e-01 2.1595037e+00 1.2607151e+00 1.5373371e+00 0.0000000e+00
  1.3272395e+01 4.3313198e+00 8.1048692e-03 3.1335256e+00 3.7116840e+00
  1.2509795e+00 9.0673769e-01 3.2725024e+00 1.5361704e+00 6.2637579e-01
  8.8226593e-01 4.6565428e-01 9.0952855e-01 6.1103063e+00 1.1937817e+00
  7.9114423e+00 2.7286665e+00 2.3183803e-01 1.1591800e-01 1.3065073e+00
  5.4755201e+00 1.1018043e-01 0.0000000e+00 6.0675459e+00 1.2148297e-01
  5.7634888e-03 7.4093199e+00 2.3894081e-01 1.0498369e+00 0.0000000e+00
  9.2043419e+00 5.5717044e+00 4.8860738e-01 9.3860799e-01 3.4668359e-01
  1.2452670e+01 6.3883591e-01 2.0895069e+00 4.2077174e+00 1.9470361e+00
  2.8633816e+00 4.3352728e+00 2.1769614e+00 1.4983499e+00 1.8696756e+00
  3.8223913e-01 0.0000000e+00 8.2234019e-01 9.5883286e-01 1.8560349e+00
  5.1679695e-01 2.5130854e+00 1.7405872e+00 0.0000000e+00 4.7922125e-01
  0.0000000e+00 1.6459042e+00 1.7426300e+00 1.1758399e+01 3.6543265e-01
  3.2584815e+00 1.0124670e+01 2.6037797e-01 7.1853667e-01 1.7431610e+00
  2.3344221e+00 6.9675255e+00 0.0000000e+00 9.3651581e+00 1.1795702e+01
  1.4395901e+00 1.0553874e+00 1.9806138e+00 2.3384357e-02 2.8239143e+00
  0.0000000e+00 1.2693859e+00 4.6985716e-01 4.3032589e+00 1.3272095e+00
  4.8279963e+00 1.4988555e+00 2.0217810e+00 3.0436709e+00 4.9525719e+00
  1.1149329e+01 2.2795136e+00 2.6934566e+00 2.9034039e-01 1.9563687e+00
  8.0814207e-01 5.7165366e-01 3.5965242e+00 6.5833557e-01 1.2111747e+01
  7.5976914e-01 3.9131691e+00 5.2873297e+00 8.6972654e-01 6.0571561e+00
  0.0000000e+00 1.1150067e+00 1.3096503e-02 2.6078469e-01 8.8991553e-02
  6.2118673e+00 5.9131378e-01 1.3183542e+00 2.7215707e+00 1.4829060e+00
  5.3763747e+00 6.7381630e+00 1.0723787e+01 6.5989472e-02 1.4839135e+00
  7.3569256e-01 0.0000000e+00 1.6481431e-01 5.6007605e+00 0.0000000e+00
  1.2315530e+00 8.9323726e-03 7.2955556e-02 6.7770739e+00 1.5144506e+00
  0.0000000e+00 3.6368184e+00 2.5791819e+00 4.5759621e-01 2.7053046e+00
  7.6996225e-01 3.2696085e+00 1.6051325e+00 2.0495877e+00 2.5807589e-01
  8.0556327e-01 7.6319760e-01 0.0000000e+00 5.1168809e+00 4.8567305e+00
  1.0193214e+01 2.1194456e+00 2.7735116e+00 2.2646900e-01 4.1163688e+00
  6.1423462e-02 2.9063814e+00 1.8994429e+00 1.1067712e+00 1.1156327e+00
  1.0203839e-01 2.4937127e+00 1.0329947e+00 8.6772150e-01 1.7067345e+00
  7.0895648e-01 5.1824684e+00 7.2104712e+00 8.3456659e+00 3.0591533e+00
  1.5228423e+00 0.0000000e+00 9.6448469e-01 1.6343724e+00 7.3801523e-01
  1.2712816e+00 2.0701067e+00 4.2001820e+00 2.6199028e+00 9.9519187e-01
  1.0172451e+00 0.0000000e+00 8.1540699e+00 4.1817684e+00 1.1646383e+00
  2.9963799e+00 2.4168544e-01 3.8967359e+00 6.4337355e-01 5.1090956e-01
  1.0840812e+00 3.2428150e+00 1.0756525e+00 1.9781525e+00 1.9054780e+00
  2.0457903e-02 1.8625286e-01 2.2889365e-01 2.9775679e+00 1.2790228e+00
  1.0317999e-01 2.3477333e+00 0.0000000e+00 1.6401248e-01 0.0000000e+00
  6.4885745e+00 6.6593971e+00 7.2115216e+00 2.7066356e-01 1.0938942e+00
  1.8754283e+00 6.5563536e-01 2.4963915e+00 2.4054432e+00 9.7472219e+00
  2.5753555e+00 1.4075303e+00 2.9227464e+00 4.0747533e+00 4.3516040e-01
  6.6040268e+00 2.9771647e+00 2.1742628e+00 3.2542257e+00 1.4298705e+00
  3.7132528e+00 4.2618189e+00 4.0178338e-01 7.0319313e-01 4.3565183e+00
  1.3430668e+00 2.7167150e-01 3.6781647e+00 5.4424019e+00 6.3924634e-01
  4.1744733e-01 8.2196026e+00 6.1264479e-01 6.2213868e-01 5.3995413e-01
  2.3877265e+00 1.3203972e+01 3.2609439e+00 1.6642773e+00 1.2671402e+00
  1.4822364e+00 9.1162360e-01 1.7482305e+00 5.4776711e+00 1.7692908e+00
  3.4148607e+00 5.2002363e+00 2.2841632e-01 2.4597490e+00 6.7986760e+00
  9.0763407e+00 3.8538492e-01 3.8775900e-01 3.4968853e+00 2.0842381e+00
  1.6928823e+00 6.9810338e+00 3.9787636e+00 1.4039975e+01 0.0000000e+00
  6.8509543e-01 2.5555304e-01 6.1097747e-01 1.0239803e+00 1.2340664e+00
  8.1651716e+00 2.5965768e-01 2.0572157e+00 2.0521932e+00 5.6068677e-01
  3.6534159e+00 1.1978382e+00 2.0329254e+00 3.4226725e+00 7.9639726e+00
  1.9426474e-02 1.3097986e+01 1.9352673e-01 0.0000000e+00 7.9405028e-01
  5.6519413e+00 3.6724479e+00 3.5945857e-01 8.2572915e-02 7.2754498e+00
  2.2407134e+00 2.5251171e-01 3.9716144e+00 3.9785349e+00 2.8220367e+00
  3.3485645e-01 5.8241239e+00 2.8664725e+00 3.8759768e+00 7.2611876e+00
  2.6096802e+00 1.5038571e-01 0.0000000e+00 2.6997607e+00 1.8832908e+00
  2.6643493e+00 8.7145948e+00 2.8750541e+00 1.4496850e+00 5.2565980e+00
  3.3883744e-01 5.0767012e+00 2.7943330e+00 4.3879995e+00 0.0000000e+00
  6.8039548e-01 1.4337457e+00 1.2587184e+00 3.0915163e+00 5.7000607e-01
  8.4797058e+00 2.4943869e+00 9.3094387e+00 1.0481721e+00 5.8871269e+00
  7.6766175e-01 5.0505171e+00 1.4859544e+00 9.4155478e-01 1.4224432e+00
  4.2600527e+00 5.6790352e+00 0.0000000e+00 7.2639451e+00 0.0000000e+00
  6.0885620e-01 2.2291334e+00 2.9178774e+00 1.0566278e+00 4.9237881e+00
  3.2299724e+00 4.7262933e-02 8.6850128e+00 4.4213624e+00 2.9162255e-01
  3.6841838e+00 4.8165902e-01 1.1681011e+00 1.6711290e+00 6.6786744e-02
  7.8095114e-01 1.1572448e+01 1.4271964e+00 5.6433713e-01 2.5994825e+00
  0.0000000e+00 2.0513384e+00 8.2296114e+00 3.7159278e+00 1.4416722e+00
  1.3772241e+00 2.2009222e-02 5.4993587e+00 3.0334861e+00 2.6149821e+00
  4.5059919e+00 5.1076186e-01 1.4758338e+00 1.6632586e+01 3.7473621e+00
  7.3183411e-01 6.3467617e+00 4.6420159e+00 2.4234447e+00 1.9226638e+00
  1.2819360e+00 2.3418512e+00 3.2864227e+00 1.2735485e+00 5.7524686e+00
  3.5351601e-01 5.9343570e-01 4.4387709e-02 0.0000000e+00 8.7274332e+00
  1.1102673e+00 4.8136344e+00 7.2724885e-01 4.1057243e+00 2.2192857e+00
  3.4603599e-01 1.2514973e+00 2.5087816e-01 5.2577579e-01 8.8567257e+00
  5.7241130e+00 2.7839904e+00 1.5606297e+00 5.6669297e+00 3.1103370e+00
  6.5043682e-01 1.6677033e+00 3.1289995e-01 4.3163652e+00 9.2903703e-01
  2.0429552e+00 4.3407311e+00 0.0000000e+00 6.8853784e+00 1.0586158e+01
  5.4295576e-01 5.1547706e-01 6.3950706e-01 7.5104733e+00 7.4393356e-01
  8.7996721e-01 2.8910644e+00 0.0000000e+00 4.5774344e-01 4.0850549e+00
  1.3702793e+00 0.0000000e+00 1.2581930e+00 0.0000000e+00 1.8213135e+00
  5.1044145e+00 1.1164896e-01 1.9854827e+00 6.7143083e+00 1.6958164e+00
  4.9449782e+00 1.0050020e+00 1.4420892e+00 8.0835426e-01 5.2529037e-02
  1.3756138e+00 4.1014528e+00 1.4147404e+01 2.6729672e+00 1.3431213e+00
  2.2829304e+00 8.3736527e-01 7.8519030e+00 8.8048154e-01 2.7877355e-01
  3.8772619e-01 7.3494691e-01 3.8709757e-01 1.5320259e+01 2.7571881e+00
  5.9858418e-01 1.5782826e-01 1.0548521e+00 6.9623673e-03 9.3081111e-01
  0.0000000e+00 9.7642279e+00 1.6885900e+00 3.9966302e+00 2.9090238e+00
  3.0470793e+00 2.9035678e+00 2.7683480e+00 1.9514475e+00 5.8047180e+00
  3.7336416e+00 3.6084807e+00 3.0463963e+00 6.1068833e-01 4.4780874e+00
  1.0035829e+01 2.1699643e+00 8.6069161e-01 7.3807774e+00 9.7145760e-01
  1.6176955e+00 6.4731556e-01 1.3014873e+00 4.4368606e+00 2.2242484e+00
  4.3408389e+00 3.2334073e+00 2.8686790e+00 7.8806740e-01 4.2905906e-01
  8.2283745e+00 9.6455090e-02 4.6461787e+00 1.9361348e+00 5.9294968e+00
  0.0000000e+00 1.9373550e+00 1.3454643e-01 7.8628612e-01 1.9313867e-01
  4.6863294e+00 3.7789786e+00 1.1167084e+00 8.8471746e+00 2.6986907e+00
  2.0291063e-01 3.5785160e+00 1.8138996e+00 2.0729461e+00 1.7845727e+00
  6.0843024e+00 2.6350126e+00 3.7049881e-01 2.1048388e+00 5.1899248e-01
  6.4480858e+00 5.3487959e+00 4.5159602e-01 4.5921502e+00 2.6905372e+00
  2.6368930e+00 3.4775910e+00]]