[[1.3585947e+00 4.2701497e+00 5.1946979e-02 1.6635683e+00 4.8518443e+00
  1.3068807e+01 1.1632980e+01 0.0000000e+00 6.0816211e-01 3.6550143e+00
  5.4372134e+00 6.4783177e+00 5.0859761e+00 6.2521324e+00 3.4455499e-01
  1.8270142e-01 2.8982451e+00 5.7046998e-01 0.0000000e+00 8.8499908e+00
  1.4663115e+00 1.5416049e+01 1.7644781e+00 1.2971233e+00 2.6423228e-01
  3.1390107e+00 7.2682358e-02 4.8002400e+00 6.4543998e-01 0.0000000e+00
  1.0120645e-02 7.0641851e-01 1.9449693e+00 3.1024799e+00 2.8831074e+00
  7.8885045e+00 4.3742137e+00 2.5924232e+00 2.3211703e+00 4.5954785e+00
  3.2426317e+00 1.6131335e-01 4.8140967e-01 3.9618094e+00 0.0000000e+00
  1.9969542e+00 1.9724492e+00 5.9311795e+00 9.0119028e+00 3.1266661e+00
  3.1337328e+00 3.6970636e-01 2.8664660e-02 3.4930022e+00 3.2807143e+00
  2.9657540e+00 5.0131941e+00 7.4120722e+00 8.6686003e-01 8.5725939e-01
  8.6643779e-01 4.0204501e-01 5.4474893e+00 5.7663426e+00 2.4149263e+00
  9.5005268e-01 5.0437135e-01 2.7498934e+00 0.0000000e+00 2.0208428e+00
  2.5230131e+00 2.6028016e+00 0.0000000e+00 4.9327359e-01 1.9165801e+00
  5.1630217e-01 5.1677763e-01 9.6124001e+00 7.7140498e-01 2.2686148e+00
  2.4504519e+00 2.9873099e+00 3.3104339e+00 1.5832133e+00 0.0000000e+00
  9.9501352e+00 1.4705076e+00 5.7400680e-01 6.5602837e+00 2.0766218e+00
  1.6782957e+00 4.9306393e+00 3.3399305e-01 5.1231952e+00 6.5378923e+00
  1.2874063e+00 5.4695678e+00 2.3922753e+00 3.6995751e-01 2.1593180e+00
  4.3024927e-01 1.4276376e+00 1.1160241e+01 2.4085381e+00 1.5509639e+00
  3.1422260e-01 1.4167199e+00 2.0187448e-01 1.9744496e-01 8.4528303e+00
  6.0681071e+00 5.7945166e+00 7.5324750e-01 1.2303196e+00 1.9276229e+00
  0.0000000e+00 2.9729717e+00 9.0486306e-01 3.5455588e-01 5.3775010e+00
  2.1746945e+00 1.5803354e+00 0.0000000e+00 7.5356746e+00 2.6928456e+00
  6.9011550e+00 0.0000000e+00 4.9923646e-01 3.0935965e+00 1.5825073e+01
  9.4449848e-01 7.7227965e-02 3.6222389e+00 3.5689762e+00 0.0000000e+00
  1.5832511e+00 1.0869879e+00 1.9416844e+00 1.1275368e+00 2.8744183e+01
  8.8323343e-01 1.1088199e-01 9.4119310e-01 5.0209351e+00 3.6107510e-02
  2.1747708e+00 8.4865922e-01 8.8752162e-01 2.2624533e-01 1.2991738e+00
  5.1330440e-02 9.1920052e+00 1.5432872e+00 9.0195417e-01 1.6675147e+00
  1.3005012e+00 1.6167341e+00 0.0000000e+00 3.7103482e-02 1.1367824e+00
  7.5773782e-01 2.2125640e+00 6.9366136e+00 6.3524999e-02 2.3704109e+00
  1.0140075e+01 1.7293008e-01 7.9883423e+00 0.0000000e+00 7.3691044e+00
  3.9277914e-01 1.2913511e+00 1.3595976e+01 6.5263281e+00 1.9820704e+00
  1.0520850e+01 4.0449877e+00 0.0000000e+00 1.3134049e+01 7.7843652e+00
  0.0000000e+00 0.0000000e+00 7.7354488e+00 1.3057669e+00 2.5812733e+00
  1.1684568e+00 4.9438281e+00 1.1994027e+00 5.6135516e+00 5.2481300e-01
  1.0268315e+01 0.0000000e+00 8.4705744e-04 1.7212454e+01 2.4868670e+00
  6.4634991e+00 2.9357922e-01 2.8779802e+00 2.2935708e+00 0.0000000e+00
  2.8277333e+00 1.1270643e+00 2.1144591e-01 2.8594293e-02 2.2162333e+00
  6.4056271e-01 1.4271586e+00 7.2223002e-01 3.9951748e-01 1.3969649e+01
  3.0273263e+00 3.0008149e+00 1.5098037e+00 3.6558270e+00 0.0000000e+00
  5.4791951e+00 1.8059318e-01 3.3260233e+00 2.1291809e-01 9.5800281e-01
  1.1009478e+01 4.0124345e+00 0.0000000e+00 1.3937780e+00 5.5897003e-01
  5.6965332e+00 1.0000011e+00 6.1812568e+00 0.0000000e+00 3.3880422e+00
  3.3860238e+00 0.0000000e+00 6.2255907e+00 5.8605108e+00 7.1811771e-01
  1.4328370e+00 2.4690348e-01 6.9257240e+00 0.0000000e+00 7.8680164e-01
  5.1823753e-01 2.9982111e-01 1.1199719e-01 5.2128291e+00 2.1282938e+00
  4.3712468e+00 8.6742868e+00 6.5072149e-01 1.2484291e+00 1.0785637e+01
  9.2762499e+00 1.2475044e+00 0.0000000e+00 2.5307040e+00 5.5744715e+00
  1.2809734e+00 1.5749247e+00 2.1506134e-02 4.7473993e+00 0.0000000e+00
  2.0451131e+00 2.4656168e-01 0.0000000e+00 1.2368435e+00 1.1180516e+00
  1.5248326e+00 5.2499980e-01 1.1768156e+00 1.9916189e+00 2.6191372e-01
  3.4709575e+00 8.2988005e+00 2.5751564e-01 1.7517675e+00 2.5531273e+00
  9.0822381e-01 6.7708402e+00 2.1503627e+00 1.1307713e+00 1.0259300e-01
  6.9745464e+00 1.7182726e+01 7.3431816e+00 1.1291342e+00 3.8814411e+00
  0.0000000e+00 1.2235098e+00 7.7141070e+00 4.1294465e+00 3.1460705e+00
  1.2971607e-01 5.0349369e+00 1.3674295e+01 4.6342497e+00 7.8374779e-01
  3.2151651e+00 6.6658519e-02 1.6982661e-01 1.6466714e-01 0.0000000e+00
  1.9393955e+01 1.5131854e-01 6.7268195e+00 1.4654782e+00 2.1706483e+00
  1.5602188e+00 8.0656977e+00 2.5361173e+00 1.3420435e+00 0.0000000e+00
  9.2138233e+00 1.5895809e+00 1.3691954e-01 6.6286783e+00 1.9768093e+00
  6.7178577e-02 2.5805016e+00 2.2775979e+00 2.7298510e+00 7.2378769e+00
  1.3156374e+00 6.7019348e+00 3.0994248e-01 7.3103130e-01 6.3495588e+00
  8.8930569e+00 1.2977083e+01 1.5750049e+00 1.6542321e+00 9.9844080e-01
  1.0274541e+00 4.8533592e+00 2.8887719e-01 3.9741018e+00 6.7405248e+00
  1.7057934e+00 3.9603834e+00 1.1051944e+00 3.4678612e+00 2.2748649e+00
  2.1372352e+00 0.0000000e+00 1.2657663e+00 4.0691218e+00 2.1127856e+00
  5.7811947e+00 6.8959612e-01 6.2905341e-01 2.8388696e+00 0.0000000e+00
  0.0000000e+00 0.0000000e+00 4.0628436e-01 5.7339826e+00 8.8303173e-01
  1.2524827e+00 8.3143896e-01 1.7213940e+01 1.0402160e+00 5.6038923e+00
  3.0363452e-01 7.9222918e-01 1.1559471e-01 3.5207140e+00 3.7073128e+00
  9.0307049e-02 2.0887955e+01 2.7362292e+00 1.7740963e-01 2.3345597e-01
  1.7355849e-01 0.0000000e+00 4.2846694e+00 7.5324383e+00 1.0611098e-01
  7.9847760e-02 3.3455813e+00 1.8171644e+00 4.4439909e-01 7.6752315e+00
  2.2640786e+00 7.5732689e+00 9.5797100e+00 3.0880225e-01 4.1296861e-01
  3.5950253e+00 2.2112503e+00 6.4252192e-01 1.1711206e-01 6.0342188e+00
  2.3559165e+00 2.3105395e+00 2.1000072e+01 1.2695645e+00 1.3950518e-01
  2.2454252e+00 4.2276525e+00 6.7512937e+00 6.7159662e+00 8.1617385e-01
  1.5959965e+00 2.4593927e+01 4.9835369e-01 3.8721812e+00 5.0505662e+00
  6.4305954e+00 4.1467633e+00 6.2573475e-01 6.0346264e-01 2.9914320e+00
  3.7303591e+00 2.9632845e+00 2.2786531e+00 3.4694770e-01 8.0805850e-01
  4.1819996e-01 1.4464637e+00 1.7582958e+00 0.0000000e+00 5.0789213e-01
  0.0000000e+00 2.2202352e-01 3.2905489e-01 6.9376864e+00 1.1416105e+00
  1.9630508e-02 4.8966722e+00 7.0240274e-02 3.3098025e+00 4.1706467e-01
  1.3751918e+00 8.2764947e-01 5.3250676e-01 5.3903384e+00 2.6692647e-01
  3.8714037e+00 1.2104641e-01 3.8000903e+00 2.2585795e+00 3.9201725e+00
  4.9016037e+00 2.1485410e+00 5.5931288e-01 7.4582763e+00 6.3518220e-01
  2.9710183e+00 3.4459603e+00 3.1031641e-01 3.8231164e-01 2.3419486e-02
  6.5369785e-02 5.0514421e+00 1.7761906e+00 4.7178617e+00 3.6379576e-01
  6.7793623e-02 1.6939427e+00 2.1323118e+00 3.8218206e-01 3.1189823e+00
  4.2111182e+00 1.4378021e+00 3.1140938e-01 2.0220168e+00 3.5048728e+00
  4.5675116e+00 2.7088382e+00 2.0102887e+00 0.0000000e+00 6.3919878e+00
  1.2224005e+00 3.5423801e+00 2.0778406e+00 2.0858247e+00 1.2443907e+00
  1.5689557e+00 4.4696407e+00 1.0108743e+00 8.0224085e-01 5.8728737e-01
  9.6650696e-01 1.7134172e-01 1.5656389e-01 3.8173895e-02 0.0000000e+00
  4.4586394e-02 3.0298305e-01 3.1592536e+00 0.0000000e+00 3.6337974e+00
  2.7211571e+00 5.6704373e+00 2.7760346e+00 5.8401260e+00 9.0539808e+00
  2.0723939e+00 1.8362647e+00 4.5043707e+00 9.7442590e-02 7.3871934e-01
  6.7727580e+00 5.0704269e+00 2.5484579e+00 1.2926073e+00 5.0296898e+00
  9.5160705e-01 6.6225119e+00 6.7872825e+00 5.1392264e+00 1.0730777e+00
  1.4773698e+00 4.4589601e+00]]