[[3.7912767e+00 1.6543803e+00 6.3464946e-01 5.6512201e-01 2.8764489e-01
  4.6528935e+00 4.0487170e+00 2.6828974e-02 4.3572119e-01 3.0781773e-01
  1.1894312e+00 1.6983901e+00 3.7745266e+00 8.4801760e+00 1.1083963e+00
  1.8189946e+00 5.7955867e-01 2.3279965e+00 7.3005658e-01 4.4962764e+00
  2.8091998e+00 1.0255238e+01 7.4903333e-01 3.5798364e+00 2.7028613e+00
  5.1311679e+00 7.0214398e-02 3.8561404e-01 2.5106144e+00 0.0000000e+00
  7.0572990e-01 4.3099222e+00 1.8249335e+00 2.0653164e+00 4.1535246e-01
  3.6653347e+00 3.0286050e+00 7.7081525e-01 5.6621046e+00 2.6383207e+00
  3.6550148e+00 1.2225668e+00 1.8343887e+00 9.0370148e-02 1.2830627e-02
  1.3953742e-01 4.8582091e+00 3.9039519e+00 1.9058753e+00 4.3682861e-01
  3.5367057e+00 9.0819991e-01 2.3333352e+00 1.1088942e+00 3.6259408e+00
  1.3551316e+00 2.9728177e+00 4.7327003e+00 1.2698861e+00 1.0869498e+00
  1.3268427e+00 1.5002426e+00 6.9197087e+00 5.4999900e+00 2.8362865e+00
  4.6467500e+00 2.2972186e+00 1.2144014e+00 7.8867346e-01 1.0210158e+00
  2.3997350e+00 1.0876757e+00 5.5411413e-02 1.0394846e+01 1.8394222e+00
  0.0000000e+00 2.6898086e-01 0.0000000e+00 0.0000000e+00 4.1618037e+00
  0.0000000e+00 7.5096494e-01 7.3492618e+00 6.5935338e-01 5.2129169e+00
  2.1070473e-01 1.3388447e+00 2.9637188e-01 3.3005049e+00 1.0816075e+00
  1.1936631e+00 2.4769046e+00 1.3857614e+00 2.3079774e+00 2.4234517e+00
  8.9032209e-01 1.7604730e-03 2.5578463e+00 1.4571624e+00 4.6582112e+00
  5.1293597e+00 3.7359157e-01 1.6942093e+01 5.3803391e+00 0.0000000e+00
  1.8170667e-01 3.4477478e-01 1.5150661e+00 1.0949561e-01 4.3338432e+00
  2.5919703e-01 2.3428047e+00 0.0000000e+00 5.5628705e+00 3.4282443e-01
  9.9913502e-01 1.0275638e+01 2.2501693e+00 0.0000000e+00 2.7102876e+00
  7.4447942e-01 0.0000000e+00 4.1035843e-01 2.1090598e+00 4.5139318e+00
  4.0611062e+00 0.0000000e+00 1.2591576e-02 3.8948432e-01 1.5870818e+01
  3.9970407e+00 1.2062945e+00 1.3079253e+01 1.9811233e+00 4.0047575e-02
  3.5812385e+00 1.8279821e-01 3.0170989e+00 7.0028210e-01 5.4739362e-01
  0.0000000e+00 2.3748686e+00 9.9738026e-01 1.1220875e+00 7.1131283e-01
  6.7492354e-01 1.8390732e+00 1.7816612e+00 3.6640403e+00 1.5846381e-01
  6.7891121e+00 2.1478486e-01 3.5016987e+00 0.0000000e+00 2.2893818e-01
  1.4894377e+00 3.3248284e+00 1.8404357e+00 6.2785687e+00 2.0910101e+00
  2.8286204e+00 4.0948601e+00 1.6350632e+00 2.0031185e+00 1.5442520e+00
  1.0291954e+00 2.0427928e+00 5.1993251e+00 1.0746813e+00 1.8569864e+00
  1.2217516e+00 0.0000000e+00 7.2535362e+00 1.6762624e+00 4.3562608e+00
  4.3319893e-01 0.0000000e+00 1.0892496e-01 1.1451988e+01 1.7627518e+00
  4.9966407e+00 1.3239847e+00 2.5949407e+00 3.5153645e-01 0.0000000e+00
  6.3979471e-01 4.1408777e+00 7.2916329e-02 3.6088433e+00 1.2519797e+00
  3.7946186e+00 6.3992864e-01 4.8344564e-01 2.4517367e+00 4.5868454e+00
  0.0000000e+00 0.0000000e+00 8.9082927e-01 2.9747722e+00 4.4574199e+00
  1.7392559e+00 3.0268869e+00 7.8698432e-01 1.8307766e+00 9.4339151e+00
  1.6704204e+00 4.6871784e-01 9.5965952e-01 9.0349710e-01 7.6551396e-01
  2.9069440e+00 1.5702350e+00 7.6543018e-02 1.0922498e+00 1.4122183e+00
  0.0000000e+00 7.3063558e-01 1.8101240e+00 7.5134271e-01 1.3938180e+00
  1.1642099e+01 0.0000000e+00 1.1945393e+01 3.1060061e-01 3.5962229e+00
  4.8420566e-01 1.2326820e+00 2.6716132e+00 4.1430783e+00 3.0820336e+00
  1.1122918e+00 2.1955249e+00 4.4667659e+00 5.0182986e-01 9.8288649e-01
  4.0342447e-01 4.5146728e+00 5.8254299e+00 8.6087160e+00 1.8868692e+01
  3.3764269e+00 7.8693920e-01 7.7631025e+00 4.2118635e+00 1.2831911e+00
  2.0153332e+01 1.0175217e+01 7.0834482e-01 2.5081098e+00 1.0081813e+00
  1.1033622e+01 1.0465740e+00 2.4694766e-01 1.4145370e+00 4.1321874e+00
  1.4139446e+00 0.0000000e+00 1.6401477e-01 4.0576305e+00 3.7644818e+00
  0.0000000e+00 2.0013668e-01 8.0487442e-01 4.2726874e-01 4.5256429e+00
  0.0000000e+00 3.4587972e-02 1.9712579e+00 1.8859181e+00 4.5271792e+00
  4.0917826e-01 0.0000000e+00 6.5928564e+00 1.7596853e+00 3.0070586e+00
  2.5756619e+00 5.2736330e+00 0.0000000e+00 0.0000000e+00 4.4346395e+00
  5.6201515e+00 3.7056124e+00 3.1120628e+01 3.8668222e+00 2.6451104e+00
  1.5115151e-01 3.0337055e+00 2.8227773e-01 2.4475040e+00 5.7132692e+00
  2.4481156e+00 3.0545270e+00 1.7324674e-01 7.8827977e+00 1.6626486e+00
  9.7612917e-01 4.4672623e+00 0.0000000e+00 1.1080543e+00 3.0633338e-02
  9.5082366e-01 6.9542880e+00 5.7491481e-01 1.7447031e+00 2.8889565e+00
  2.8662586e+00 1.7980560e+00 1.6559671e-01 2.6734204e+00 4.4878678e+00
  3.9438501e-01 4.6460180e+00 4.2682042e+00 5.1570052e-01 5.0136852e+00
  2.3887955e-02 2.8243904e+00 5.9087319e+00 7.0990962e-01 3.3907247e-01
  7.8891021e-01 2.3587239e+00 8.2167740e+00 6.1429817e-02 1.1698765e+00
  5.2014768e-01 6.8903856e+00 0.0000000e+00 1.7249548e-01 3.7075653e+00
  0.0000000e+00 4.8441768e+00 1.1425464e-01 1.5082020e-01 2.0585401e+00
  4.8195148e+00 3.3070118e+00 7.0247755e+00 6.9506617e+00 3.8385789e+00
  1.6199890e+00 0.0000000e+00 0.0000000e+00 2.5265747e-01 1.4785068e+00
  4.5573206e+00 6.0747951e-01 0.0000000e+00 5.8049822e-01 1.7397516e+00
  2.6628811e-02 0.0000000e+00 1.0986141e+00 4.3927145e+00 2.7751753e+00
  0.0000000e+00 4.8336923e-01 5.8322740e+00 1.0109065e+01 6.7348194e-01
  2.0339052e+01 8.3604336e-01 3.7384889e-01 3.2692205e-02 9.6415834e+00
  8.8077040e+00 4.0162759e+00 3.0751290e+00 3.4418839e-01 1.7230572e+00
  1.4458282e+00 1.9778380e+00 5.5234842e+00 5.7609463e+00 2.8660295e+00
  3.1261747e+00 1.2562122e+00 1.3974448e+00 1.0916921e+00 4.2379909e+00
  1.1690612e+01 4.8549924e+00 1.8744279e+00 5.2384610e+00 2.5247774e+00
  2.1353483e+00 3.6005611e+00 1.9039245e-01 2.6088428e+00 4.5016851e+00
  3.8971920e+00 6.2334567e-01 3.6123812e+00 3.5835488e+00 6.7579037e-01
  1.3804491e+00 1.6384501e+00 2.2830427e+00 2.6690409e+00 2.1570519e-01
  6.1099696e+00 4.0965571e+00 1.5428255e-01 7.3576031e+00 4.7206807e+00
  6.1884826e-01 4.9851194e-02 4.4605751e+00 8.0018085e-01 1.4835231e+00
  4.6978393e+00 1.6084025e+00 1.5893228e+00 9.2841601e-01 4.4205828e+00
  1.5936629e+00 3.1801572e+00 5.2546687e+00 0.0000000e+00 5.6035578e-02
  2.5896769e+00 1.8843060e+00 1.6334182e+00 5.2883925e+00 2.4235108e+00
  4.0361795e+00 3.1159742e+00 4.4706817e+00 9.2617184e-01 1.7048945e+00
  4.1250205e+00 4.9255009e+00 6.8421125e-01 5.8028283e+00 1.2203788e+00
  3.0960767e+00 1.3799851e+00 7.5823998e-01 5.1840669e-01 0.0000000e+00
  0.0000000e+00 0.0000000e+00 8.4591240e-02 1.4867331e+00 9.8257774e-01
  1.8705409e+00 8.0923951e-01 1.5841827e+00 2.7079115e+00 3.5148752e+00
  3.5240579e+00 5.2662787e+00 3.4048672e+00 1.2337912e+00 8.0360527e+00
  7.9557955e-01 5.8280721e+00 1.4401485e+00 0.0000000e+00 2.1149464e-01
  2.3932893e+00 3.8579395e+00 4.5086074e+00 1.9519666e-01 1.0106158e+01
  3.4442142e-01 2.0994422e+00 1.2933315e+00 3.7585704e+00 7.6289833e-01
  5.3090167e-01 3.8849771e+00 3.4656727e-01 1.4887737e+01 1.1308362e+01
  0.0000000e+00 7.0478976e-01 6.2486225e-01 0.0000000e+00 1.5368189e+00
  8.6797491e-02 1.5520499e+01 1.6514527e+00 6.3086586e+00 4.8387847e+00
  4.3676998e-02 4.7586341e+00 6.0276195e-02 0.0000000e+00 2.0258293e+00
  3.0232842e+00 8.6947775e+00 2.0299421e-01 8.2716312e+00 1.3777698e+00
  8.0575514e-01 7.1155691e-01 4.0011578e+00 1.3670782e+00 1.8613586e-01
  6.8102012e+00 6.8695194e-01 9.9861164e+00 2.0121194e-01 4.8866611e-02
  5.1324081e+00 1.2760000e+01 5.6307049e+00 4.4145728e-03 5.6873399e-01
  4.1907802e+00 4.5437938e-01]]