[[5.80184400e-01 6.69626415e-01 9.14979056e-02 4.61591530e+00
  3.83005500e-01 1.14346850e+00 5.52555943e+00 2.56232053e-01
  0.00000000e+00 5.39420485e-01 1.54287171e+00 1.90023839e+00
  5.82778931e+00 1.01150036e+01 3.05070162e-01 3.66108680e+00
  2.71354795e-01 2.64559120e-01 2.41913304e-01 3.03166771e+00
  0.00000000e+00 1.35809526e+01 1.07984826e-01 1.61652431e-01
  9.52946901e-01 6.78949547e+00 2.52149642e-01 0.00000000e+00
  4.30558860e-01 5.83682694e-02 7.24672496e-01 1.50660920e+00
  3.92700195e+00 1.24498665e+00 5.46056271e-01 2.60528803e+00
  1.01226914e+00 0.00000000e+00 3.03337097e+00 4.00138535e-02
  1.91486609e+00 5.12931108e-01 3.89548516e+00 1.61317599e+00
  0.00000000e+00 0.00000000e+00 1.87807524e+00 2.20564103e+00
  3.06435585e+00 3.00849319e+00 3.61141944e+00 0.00000000e+00
  2.98807353e-01 1.87138116e+00 2.53296447e+00 6.84703445e+00
  3.90697289e+00 4.43996763e+00 5.01771593e+00 0.00000000e+00
  5.55811748e-02 7.81976521e-01 6.10391712e+00 4.96194410e+00
  1.39456332e+00 1.04112148e+01 7.53044605e-01 6.64439535e+00
  2.71775007e+00 0.00000000e+00 5.78277767e-01 3.75776172e-01
  1.07271165e-01 7.50417614e+00 3.36175704e+00 0.00000000e+00
  6.93233669e-01 0.00000000e+00 4.78666455e-01 1.72523952e+00
  2.22721875e-01 2.46857524e+00 1.01957397e+01 3.18193972e-01
  4.06808472e+00 5.68698585e-01 2.78039631e-02 1.82273006e+00
  5.27812767e+00 1.40265572e+00 1.93702781e+00 3.59864998e+00
  2.90674577e-03 3.04537594e-01 3.73136067e+00 2.35849559e-01
  1.62188458e+00 3.35934663e+00 5.03827572e+00 5.04613018e+00
  3.49830246e+00 4.09783602e-01 6.57117558e+00 3.55638623e+00
  0.00000000e+00 6.47504032e-01 9.23460960e-01 4.05203968e-01
  2.10689694e-01 3.76064284e-03 6.13307282e-02 2.66903996e+00
  3.80814910e-01 1.33621991e-01 8.50119442e-03 1.68988600e-01
  3.96350932e+00 1.01721752e+00 3.72738004e+00 3.29242444e+00
  1.96715876e-01 1.17289096e-01 4.35914087e+00 1.26766884e+00
  9.48917675e+00 5.29648256e+00 5.27596593e-01 0.00000000e+00
  0.00000000e+00 1.56819744e+01 6.72435284e+00 2.29043055e+00
  9.92013645e+00 1.49371946e+00 4.51146096e-01 7.49405384e-01
  1.95087925e-01 2.10385656e+00 1.17661905e+00 0.00000000e+00
  2.23896906e-01 1.81010127e+00 0.00000000e+00 8.77952993e-01
  7.47785091e-01 3.29738647e-01 2.69339490e+00 1.59159839e+00
  1.97934365e+00 0.00000000e+00 4.20435858e+00 6.54731572e-01
  4.59303951e+00 3.24093580e-01 3.18695724e-01 1.40442565e-01
  1.43306410e+00 4.84187889e+00 3.51115704e+00 1.01418877e+00
  1.22135258e+00 5.81890011e+00 1.72997236e+00 1.00303575e-01
  2.76138830e+00 1.54372299e+00 2.23131633e+00 6.08170414e+00
  7.55388141e-01 2.27911711e+00 6.37621880e-02 7.86634862e-01
  3.52210355e+00 1.06491208e+00 2.74689770e+00 2.50515759e-01
  1.07842243e+00 6.44357264e-01 7.06895065e+00 1.39656365e+00
  4.16910315e+00 1.69106007e+00 3.01240253e+00 0.00000000e+00
  2.44855225e-01 4.21924502e-01 2.81701088e+00 1.97211719e+00
  3.88669461e-01 6.37137175e-01 4.47399378e+00 5.09777784e+00
  2.02877307e+00 4.42735577e+00 4.44476891e+00 0.00000000e+00
  0.00000000e+00 1.12537270e+01 4.59330225e+00 4.57368326e+00
  1.20850965e-01 1.29144192e+00 1.07717466e+00 1.00099449e+01
  1.01685514e+01 2.06630039e+00 8.19463432e-01 6.63277553e-03
  2.17845130e+00 2.10842204e+00 9.83997583e-01 1.33214676e+00
  4.55328703e-01 2.30694652e+00 1.59989774e-01 4.38739002e-01
  1.65232584e-01 4.19427633e+00 5.93374372e-01 2.86261368e+00
  2.85110855e+00 3.53457391e-01 1.10268040e+01 5.49731195e-01
  2.65928030e+00 1.81962228e+00 5.59227653e-02 8.13087165e-01
  3.10031152e+00 2.39116549e+00 4.24782228e+00 5.25184870e+00
  4.18620443e+00 2.96308398e-01 2.24451065e+00 8.53253424e-01
  3.46397191e-01 1.16698742e+01 1.71595848e+00 2.71185455e+01
  3.55318022e+00 5.13824821e-01 5.56799293e-01 4.42043453e-01
  1.55313075e+00 1.54492025e+01 4.43860292e+00 1.78469038e+00
  1.78810537e+00 3.27682734e-01 5.41054249e+00 1.10481726e-02
  1.55186141e+00 2.20667815e+00 5.69604349e+00 2.42207217e+00
  5.60979061e-02 7.00875282e-01 4.42535543e+00 5.02980947e+00
  1.39398587e+00 1.10390760e-01 4.40546721e-02 4.13098693e-01
  4.89729643e+00 0.00000000e+00 0.00000000e+00 1.76861107e+00
  2.08434033e+00 2.39702630e+00 3.66190791e+00 0.00000000e+00
  7.97388315e+00 1.88219137e-02 4.53635693e+00 3.17762947e+00
  4.98143673e+00 5.06374180e-01 0.00000000e+00 5.44445324e+00
  1.03916540e+01 7.94178104e+00 2.96227722e+01 1.44352162e+00
  3.29621100e+00 1.63840786e-01 8.79387498e-01 1.49118137e+00
  2.30221128e+00 8.97371709e-01 1.33967435e+00 2.51069689e+00
  2.05400157e+00 3.06764221e+00 4.32231903e+00 0.00000000e+00
  2.81191063e+00 0.00000000e+00 1.49230993e+00 5.47373630e-02
  2.73601294e-01 2.70939708e+00 1.38158739e+00 1.37031341e+00
  1.86736248e-02 7.51957321e+00 2.89102817e+00 3.86049867e-01
  1.38693643e+00 9.20519292e-01 2.05847502e+00 8.43923759e+00
  2.45798230e+00 3.49004358e-01 5.35278463e+00 1.35560721e-01
  1.98484612e+00 2.19896579e+00 1.75679463e-03 8.85990202e-01
  2.54390335e+00 3.68149114e+00 7.02808857e+00 1.13991871e-01
  3.33171993e-01 1.18096918e-01 2.99207187e+00 0.00000000e+00
  4.72276062e-01 2.04191113e+00 1.83282769e+00 4.45039511e+00
  1.08003020e+00 1.27461761e-01 3.65249205e+00 2.92818499e+00
  3.58696556e+00 1.97507274e+00 1.61753483e+01 4.39702368e+00
  7.75093675e-01 0.00000000e+00 3.55293393e-01 3.58056784e-01
  3.06661510e+00 2.89557934e+00 3.73428822e-01 0.00000000e+00
  1.26280856e+00 2.66716123e+00 0.00000000e+00 0.00000000e+00
  1.16599059e+00 4.24407482e+00 1.02526677e+00 3.74976188e-01
  8.54214728e-01 5.92321205e+00 7.16764593e+00 8.10512841e-01
  1.94471717e-01 2.89405078e-01 2.58802384e-01 0.00000000e+00
  3.41194367e+00 9.81806755e+00 3.48746324e+00 6.65389836e-01
  1.15447044e+00 2.12722659e+00 5.93271315e-01 2.35061073e+00
  6.75593615e+00 8.73834419e+00 6.68211162e-01 4.33998060e+00
  6.83024824e-01 5.34221601e+00 6.87244654e-01 4.87241364e+00
  2.02865009e+01 2.89522219e+00 3.49088982e-02 4.36001197e-02
  1.90146655e-01 3.48599648e+00 1.47922909e+00 0.00000000e+00
  2.96202683e+00 1.73948586e+00 6.04327774e+00 3.00446987e-01
  3.11852026e+00 3.09047318e+00 2.57269049e+00 2.81732559e+00
  1.80444026e+00 8.61273885e-01 1.09557450e+00 2.69880921e-01
  1.62668300e+00 1.72716379e+00 9.63234663e-01 1.70564663e+00
  7.58035755e+00 2.61486244e+00 1.11592233e-01 9.51145267e+00
  5.50649226e-01 4.50967646e+00 1.54004359e+00 1.04201007e+00
  1.81152046e-01 2.95765352e+00 4.92498159e+00 1.50177121e+00
  2.47292686e+00 5.03766179e-01 2.57788634e+00 3.68732303e-01
  1.86576533e+00 1.53238070e+00 4.80556870e+00 5.57748413e+00
  3.71063381e-01 6.78709030e+00 1.37808599e+01 8.38032532e+00
  4.90555793e-01 7.16677129e-01 1.16841161e+00 1.68324089e+00
  1.27238250e+00 1.95688426e+00 8.37589562e-01 6.27197504e+00
  1.77241349e+00 0.00000000e+00 1.46898079e+00 1.45702314e+00
  0.00000000e+00 5.87389290e-01 0.00000000e+00 0.00000000e+00
  4.94754672e-01 5.82620025e-01 2.64900863e-01 5.44425488e-01
  2.08196735e+00 1.02640998e+00 3.24555349e+00 1.51931512e+00
  3.25209355e+00 1.77590346e+00 1.69794250e+00 1.64535058e+00
  6.26419306e+00 7.96239972e-01 5.88649921e-02 3.36807013e+00
  9.74673510e-01 3.36961770e+00 0.00000000e+00 0.00000000e+00
  1.17619753e+01 0.00000000e+00 2.30607963e+00 5.92465162e-01
  6.28732347e+00 1.73248351e+00 2.74140453e+00 9.03014660e+00
  1.30065203e+00 1.46663399e+01 1.06615531e+00 0.00000000e+00
  4.27529514e-01 1.61729336e+00 2.25676751e+00 3.07581258e+00
  0.00000000e+00 2.44389706e+01 2.63194275e+00 5.42933941e+00
  2.99846172e+00 8.47555101e-01 3.42986679e+00 0.00000000e+00
  8.95728111e-01 3.42879415e+00 2.55814385e+00 1.01960125e+01
  3.79682958e-01 3.84098917e-01 5.56441021e+00 2.50383854e-01
  1.53273821e+00 1.07106895e+01 1.04700649e+00 1.48515642e+00
  7.69104481e+00 1.36417532e+00 6.89506769e+00 0.00000000e+00
  9.12560150e-03 2.99039036e-01 1.25269337e+01 1.18251550e+00
  2.91840720e+00 5.32931209e-01 4.22364235e+00 9.58875000e-01]]