[[1.5676783e+00 2.0884417e-02 9.2433751e-02 1.6827187e-01 1.9217862e-01
  1.7787750e-01 4.6496077e+00 2.8810933e+00 1.2448460e+00 3.8344352e+00
  2.8999887e+00 1.2076786e+00 3.3400259e+00 3.1806467e+00 1.4449604e+00
  5.3243527e+00 2.1358815e-01 3.1037050e-01 1.9211607e+00 3.8384683e+00
  2.2878759e+00 5.3676949e+00 1.5873567e+00 2.2323601e+00 2.2667196e+00
  7.8867326e+00 1.7738761e+00 3.0026171e-01 2.4934714e-01 1.2998921e+00
  0.0000000e+00 5.3755655e-03 1.3456453e+00 4.4289522e+00 1.4726694e-01
  0.0000000e+00 0.0000000e+00 3.8985696e-01 3.7581210e+00 1.1210471e+00
  6.2974793e-01 9.0676618e-01 3.8946822e-01 1.9054428e+00 3.2124153e-01
  5.2986612e+00 4.0568337e+00 6.2652121e+00 2.3787036e+00 3.6373441e+00
  2.4552076e+00 0.0000000e+00 0.0000000e+00 1.2134217e+00 1.2445092e+00
  3.5471151e+00 1.1879383e+00 3.5162382e+00 1.7783961e+00 1.5303092e-01
  1.6590077e+00 3.0656374e-01 5.0054116e+00 2.3027623e+00 0.0000000e+00
  2.1719689e+00 3.0092156e+00 1.1256924e+00 2.5065547e-01 2.5568240e+00
  6.8649783e+00 6.0169452e-01 1.9743795e+00 6.7487612e+00 1.1761893e+00
  5.7699591e-01 4.1897004e-03 6.5955549e-02 2.1928693e-01 3.5767398e+00
  7.2116156e+00 6.5299235e-02 9.3174505e+00 0.0000000e+00 1.4493932e+00
  4.2757144e+00 5.8310109e-01 1.0289013e+00 1.8104686e+00 0.0000000e+00
  6.5486026e+00 1.5317765e+00 0.0000000e+00 1.4558660e+00 1.2938337e+00
  0.0000000e+00 8.1195688e-01 2.1999695e+00 3.2880399e+00 6.9459939e+00
  2.1754639e+00 2.8569007e+00 6.3068967e+00 3.1482313e+00 6.1528033e-01
  5.1300627e-01 1.5296578e-01 9.9760568e-01 5.2809180e-03 4.2599142e-01
  1.2948847e+00 5.7356734e+00 5.4088420e-01 5.0791919e-02 8.0193691e-03
  1.3234821e-01 7.7356482e+00 2.4905577e+00 3.5588677e+00 3.2181942e-01
  8.3000684e-01 0.0000000e+00 0.0000000e+00 2.4975462e+00 0.0000000e+00
  1.2763816e+00 5.5821109e-01 0.0000000e+00 0.0000000e+00 9.5962524e+00
  2.4883831e-01 7.3301852e-01 7.6842313e+00 5.5978131e-01 0.0000000e+00
  3.5495696e+00 1.7609150e+00 2.5610158e+00 6.0221434e+00 2.1289544e+00
  1.7617476e+00 1.3418230e+00 1.7053013e+00 7.2290711e+00 2.3404619e-01
  2.6632494e-01 1.9991138e+00 1.0358669e+00 3.9090565e-01 0.0000000e+00
  3.6375809e-01 0.0000000e+00 1.9157972e+00 1.2696470e+00 0.0000000e+00
  3.5039406e+00 8.7029469e-01 3.3211110e+00 4.8403082e+00 1.2077252e+00
  2.1708148e-02 2.0463123e+00 3.5574801e+00 2.6263721e+00 4.9309735e+00
  1.4871461e+00 1.4004552e-01 1.5858562e+00 0.0000000e+00 2.2473748e+00
  8.8857496e-01 1.7659338e-02 7.9859266e+00 3.2446079e+00 1.1351571e+00
  9.8893005e-01 4.3638638e-01 3.4725901e-01 1.4420856e+01 6.1436754e-01
  3.7690408e+00 3.7391245e-01 2.2200334e+00 6.1442617e-02 2.3197775e+00
  4.9203390e-01 1.2998440e+00 9.9103428e-02 2.2292330e+00 1.8733536e+00
  2.2239928e+00 2.8034151e-01 7.1230590e-01 1.0831094e+00 0.0000000e+00
  2.7050504e-01 2.3740952e-01 9.3434620e+00 9.6794516e-02 8.2942384e-01
  1.6749578e+00 1.2299224e+00 0.0000000e+00 1.8793466e+00 2.6323612e+00
  2.5224171e+00 6.1877483e-01 2.3519926e+00 8.6601335e-01 6.3475914e+00
  1.9633284e+00 2.2873399e+00 0.0000000e+00 2.7989857e+00 0.0000000e+00
  1.7890382e-01 8.8883972e-01 1.6833596e+00 4.1151943e+00 2.1609128e+00
  3.4205249e-01 8.8327765e-01 1.4232361e+00 7.5181985e-01 2.4630088e-01
  1.7782217e-01 1.7256419e-01 2.5531599e-01 2.1610196e-01 2.2103283e-01
  3.6071768e-01 2.9362302e+00 2.3092084e+00 6.0581505e-01 1.4578843e+00
  1.1101870e-02 5.7092962e+00 8.4946499e+00 4.5152612e+00 6.0528765e+00
  0.0000000e+00 0.0000000e+00 3.6350942e+00 1.3810437e+00 4.2243528e-01
  1.7490780e+01 2.8018484e+00 2.6162667e+00 4.5215402e+00 1.2848467e+00
  1.4969678e-01 2.1880491e+00 6.9945228e-01 2.6601419e+00 1.0052506e+01
  1.4215784e+00 8.8132155e-01 2.4202380e+00 5.1366739e+00 1.5486394e+00
  5.3847927e-01 1.1988850e+00 0.0000000e+00 1.9656196e-01 1.4120052e+00
  2.1345989e-01 0.0000000e+00 2.9650612e+00 2.9243939e+00 4.4443276e-02
  6.1875553e+00 2.4694474e+00 2.8340635e+00 4.5512886e+00 3.0502312e+00
  7.1141970e-01 5.6554542e+00 3.4550631e-01 1.4228743e-01 1.9524939e+00
  7.9692063e+00 2.3471901e+00 7.8348556e+00 0.0000000e+00 1.8929516e+00
  4.0281262e-02 4.2598248e+00 1.5939897e+00 1.4500295e+00 5.6796508e+00
  1.5877352e+00 3.0011632e-03 3.2758635e-01 4.1390414e+00 4.6137519e+00
  3.7149686e-02 1.1831661e-01 0.0000000e+00 1.5694132e-01 0.0000000e+00
  1.6589432e+00 0.0000000e+00 6.4415812e+00 0.0000000e+00 0.0000000e+00
  9.5196182e-01 6.7767847e-01 3.2038953e+00 5.2893150e-01 3.1620347e-01
  1.9348390e+00 1.1932809e+00 1.7064145e-01 0.0000000e+00 8.6940223e-01
  5.6348318e-01 1.2156774e+00 8.3207932e+00 1.2118202e+00 4.0671806e+00
  5.5703080e-01 1.0156215e+00 3.4766099e+00 5.8417970e-01 9.4713002e-01
  1.1141958e+00 7.5549393e+00 0.0000000e+00 1.1165504e+00 2.1632877e-01
  1.7255223e+00 1.6766602e+00 2.8749878e+00 2.0458493e+00 5.1052294e+00
  2.6605306e+00 4.0866218e+00 6.7895021e+00 5.5158095e+00 1.7557847e+00
  1.1129916e+00 1.5446867e-02 6.3980401e-01 1.2041361e+00 2.5052848e+00
  1.7416011e+00 1.4080104e+00 0.0000000e+00 6.3090557e-01 0.0000000e+00
  1.7480160e+00 7.9251510e-01 3.1166518e+00 3.2277133e+00 1.9411772e+00
  4.6021420e-01 1.2472133e-01 4.4845924e+00 1.8498261e+00 5.3954661e-01
  1.1736405e+01 4.0880755e-02 1.4558774e-01 2.0988619e+00 5.1024103e+00
  1.4676848e-01 9.2534523e+00 0.0000000e+00 1.5061811e-01 7.4539840e-01
  2.5777268e-01 1.5215628e+00 3.7118316e+00 1.1048580e+00 2.3347163e-01
  2.3589556e-01 3.7862024e-01 3.7009623e+00 1.1989620e+00 3.4547648e+00
  1.0691751e+00 2.8788207e+00 3.2181771e+00 5.8327669e-01 3.9319526e-02
  1.7865792e-01 2.6930432e+00 5.3761756e-01 1.4705100e+00 6.3457317e+00
  0.0000000e+00 1.7354392e+00 1.6907945e+00 2.2147591e+00 6.0460502e-01
  4.2786179e+00 3.7601703e-01 3.0445526e+00 1.2977929e+00 1.1726801e+00
  2.9187980e+00 1.4222136e+00 2.2927797e+00 6.5414753e+00 2.4608078e+00
  1.1388204e+00 2.0046392e-01 5.0382829e+00 4.7137007e-02 5.8109629e-01
  2.6475506e+00 2.5068281e+00 0.0000000e+00 2.4472778e-01 9.1487205e-01
  1.7487112e+00 9.2770791e-01 1.3896778e+00 1.2404781e-01 2.7576051e+00
  0.0000000e+00 0.0000000e+00 4.7137527e+00 1.1231872e+00 1.0282480e+00
  1.1984299e+00 5.1840243e+00 5.7337828e+00 3.3577819e+00 1.1561211e+00
  2.4824867e-01 3.7802796e+00 1.2493453e+00 8.1219047e-01 9.2475772e-01
  3.4597838e+00 3.1540197e-01 1.8403759e+00 1.7817734e+00 1.6048828e+00
  5.4207847e-02 3.8970861e-01 1.4633989e-01 2.2865522e+00 0.0000000e+00
  3.8481060e-01 0.0000000e+00 5.7342070e-01 3.5267234e+00 5.7893813e-01
  1.7875202e-01 1.0189635e+00 1.8050814e+00 3.6591804e+00 3.2226250e+00
  4.2212516e-02 1.5051026e+01 9.5504564e-01 4.0302534e+00 7.4019408e+00
  7.4567413e-01 7.4279523e-01 3.9202148e-01 0.0000000e+00 0.0000000e+00
  1.8369170e+00 8.4113926e-02 9.0914518e-01 2.0880072e+00 4.9481521e+00
  2.0451591e+00 7.4915171e-01 3.6874858e-01 5.8780503e+00 0.0000000e+00
  2.4589165e-01 7.5417590e-01 2.7303901e+00 4.5095859e+00 1.8903712e+00
  1.3352269e+00 1.0174748e+00 2.3043377e+00 5.2334042e+00 1.0715825e-01
  2.3281698e+00 6.8313026e+00 5.7056146e-03 1.1769677e+00 6.5894423e+00
  2.1851788e+00 7.6340306e-01 8.0587007e-02 0.0000000e+00 6.7606837e-01
  8.6900383e-01 5.1187978e+00 7.5076566e+00 6.6094840e-01 2.8932865e+00
  6.9398613e+00 6.7839136e+00 0.0000000e+00 2.4107406e+00 2.1532886e+00
  0.0000000e+00 4.3999043e+00 3.2694438e+00 5.6136763e-01 2.3617765e-01
  3.1040999e-01 4.2853971e+00]]