[[7.80032575e-01 4.97900754e-01 1.66359258e+00 1.67415786e+00
  4.39877415e+00 9.82750130e+00 4.94972038e+00 0.00000000e+00
  2.49592423e-01 2.49516535e+00 1.51840317e+00 1.21729195e+00
  3.12614250e+00 7.93434048e+00 0.00000000e+00 1.26018488e+00
  0.00000000e+00 2.63084561e-01 2.43304465e-02 2.70964551e+00
  5.36837518e-01 3.07206392e+00 4.75228548e+00 3.51401091e+00
  0.00000000e+00 1.49558902e+00 6.59867823e-01 1.05618696e+01
  1.27722168e+00 2.10062814e+00 0.00000000e+00 0.00000000e+00
  1.49059737e+00 1.06281137e+00 4.75309420e+00 4.34177279e-01
  1.63947189e+00 1.32517174e-01 1.30956593e+01 1.71658480e+00
  4.35796261e+00 7.52634168e-01 4.04948413e-01 2.26238346e+00
  3.13820183e-01 3.54879689e+00 2.84663868e+00 2.70972729e+00
  4.97530222e+00 9.41265449e-02 0.00000000e+00 1.49688256e+00
  1.10495138e+00 5.93497694e-01 1.61728048e+00 3.88913059e+00
  6.46266413e+00 4.97187281e+00 5.00117970e+00 8.36630702e-01
  3.73591518e+00 5.78331852e+00 4.76140213e+00 4.49101591e+00
  1.48167098e+00 4.23654079e+00 2.37392020e+00 6.48113668e-01
  1.44465625e+00 3.16069555e+00 4.81756973e+00 2.17645550e+00
  0.00000000e+00 7.64470625e+00 1.28218377e+00 2.27246070e+00
  7.62118042e-01 5.07075882e+00 3.92178185e-02 9.92404878e-01
  4.43131119e-01 1.71564981e-01 8.33116722e+00 2.94614345e-01
  5.68982661e-01 7.90460205e+00 0.00000000e+00 0.00000000e+00
  2.38733858e-01 0.00000000e+00 8.94424915e+00 1.74267614e+00
  6.29526615e-01 2.48209381e+00 9.07667756e-01 4.30840045e-01
  3.12992185e-01 1.92949569e+00 2.96353555e+00 2.74492621e+00
  4.90419418e-01 1.82056713e+00 1.71143990e+01 4.91056061e+00
  1.62156999e-01 5.78850317e+00 2.86970425e+00 9.66950953e-01
  9.93532121e-01 4.84124333e-01 3.17056507e-01 5.84489942e-01
  0.00000000e+00 5.34767199e+00 6.72119558e-02 3.39474201e-01
  5.79849434e+00 6.01064205e-01 1.78395283e+00 3.52956176e-01
  1.89896032e-01 8.09458971e-01 7.32608318e-01 4.40114832e+00
  2.35301495e+00 2.38917851e+00 6.64158881e-01 0.00000000e+00
  3.77289152e+00 2.11558838e+01 5.78843772e-01 1.52693009e+00
  7.94165516e+00 1.64725855e-01 9.06232655e-01 3.50975370e+00
  5.36630750e-01 1.39233753e-01 6.25632572e+00 3.33622122e+00
  1.03662097e+00 6.12867959e-02 2.81650215e-01 7.79270077e+00
  2.42095304e+00 7.50680625e-01 1.43497717e+00 0.00000000e+00
  8.81159827e-02 6.52717233e-01 0.00000000e+00 2.76000667e+00
  1.75372756e+00 5.54206312e-01 3.39134753e-01 8.79506588e-01
  5.75141847e-01 2.04827476e+00 3.70312110e-02 1.01639163e+00
  5.53002059e-01 4.52812767e+00 1.89497340e+00 5.36252618e-01
  4.64410734e+00 3.12789536e+00 1.03037000e-01 1.90323198e+00
  1.22060561e+00 1.32623196e+00 7.23511934e+00 1.28831363e+00
  7.95167780e+00 7.78707123e+00 2.90488887e+00 9.48525906e-01
  5.43871760e-01 1.05391908e+00 8.82100010e+00 1.51676960e+01
  4.48876905e+00 7.43141770e-01 1.01815379e+00 4.63637799e-01
  1.11177135e+00 2.63429880e+00 1.03963125e+00 6.22934043e-01
  1.99762487e+00 3.20040321e+00 1.06237717e+01 0.00000000e+00
  9.91326392e-01 1.80284233e+01 0.00000000e+00 4.37971163e+00
  2.38174605e+00 7.22777510e+00 6.44486129e-01 0.00000000e+00
  3.57544136e+00 0.00000000e+00 1.01679790e+00 1.83522418e-01
  8.67682648e+00 1.28280401e+00 1.37272787e+00 1.81985283e+00
  0.00000000e+00 3.10783982e+00 1.37034643e+00 1.47527790e+00
  3.53326015e-02 3.33317876e+00 1.41576016e+00 1.29929090e+00
  9.81989801e-02 0.00000000e+00 4.19012815e-01 5.71420789e-01
  1.81364632e+00 1.89912307e+00 4.71973658e+00 7.34221339e-01
  1.23797201e-01 2.55005074e+00 1.76891088e+00 7.79066384e-01
  1.43179536e-01 9.56925213e-01 1.56195891e+00 0.00000000e+00
  8.04691374e-01 2.77957463e+00 6.23255253e+00 9.19396996e-01
  4.92405474e-01 1.13602524e+01 1.96195114e+00 1.28529537e+00
  7.09355593e-01 5.72441876e-01 5.28841496e+00 4.08500290e+00
  1.91901433e+00 1.05201082e+01 4.62371063e+00 4.54149294e+00
  2.45914531e+00 4.31968160e-02 3.95548224e+00 2.59084439e+00
  9.73026335e-01 1.86502075e+00 3.48267174e+00 1.34099960e-01
  6.03007364e+00 4.31548166e+00 5.23167801e+00 7.30682611e+00
  5.95252872e-01 0.00000000e+00 1.76738346e+00 2.58218384e+00
  6.41571712e+00 1.81776631e+00 1.22783720e+00 8.48633230e-01
  5.57306862e+00 4.70461988e+00 1.83267927e+00 1.96462107e+00
  2.60375023e+00 1.91993093e+00 2.00716376e+00 1.39075768e+00
  5.74566603e+00 1.98915586e-01 3.00351441e-01 0.00000000e+00
  4.67031622e+00 2.20013046e+00 6.56615257e+00 6.26872927e-02
  1.51168454e+00 0.00000000e+00 2.93165421e+00 3.94297361e+00
  9.70354438e-01 4.32505465e+00 0.00000000e+00 3.74620914e-01
  4.45831269e-01 6.41742182e+00 3.58072090e+00 7.99539626e-01
  0.00000000e+00 6.33029044e-01 0.00000000e+00 0.00000000e+00
  8.62836456e+00 1.26150800e-02 3.76103783e+00 0.00000000e+00
  2.00260115e+00 1.95795810e+00 2.40073538e+00 5.99053860e-01
  0.00000000e+00 0.00000000e+00 4.23190546e+00 8.26079369e-01
  6.87831879e-01 3.41076016e+00 5.23258924e+00 0.00000000e+00
  4.42172384e+00 1.07445421e+01 2.63706636e+00 2.46674895e+00
  1.33666313e+00 3.63998485e+00 5.08125722e-01 2.20708537e+00
  8.20360363e-01 7.93324804e+00 3.40424776e+00 3.82559627e-01
  2.74780583e+00 4.64681745e-01 7.93923676e-01 6.10322475e+00
  1.25322293e-03 1.89580500e+00 6.22646284e+00 5.24549198e+00
  3.24601364e+00 1.51778090e+00 3.70181561e+00 3.69708228e+00
  2.69540215e+00 2.63062894e-01 6.40588850e-02 1.57859612e+00
  1.43482053e+00 3.50309014e+00 9.41721261e-01 4.14799079e-02
  1.29885542e+00 0.00000000e+00 1.18945229e+00 1.95089865e+00
  6.51754498e-01 8.82179320e-01 7.52142012e-01 0.00000000e+00
  0.00000000e+00 1.22851877e+01 2.35921121e+00 3.74530935e+00
  1.40483971e+01 1.78888127e-01 8.12550735e+00 3.63699150e+00
  9.12385273e+00 6.02556586e-01 2.40815754e+01 2.86907244e+00
  1.69074893e+00 0.00000000e+00 2.13514984e-01 5.96108437e-01
  1.03176069e+01 6.70605540e-01 1.45818496e+00 4.97312593e+00
  2.35932171e-01 5.66327286e+00 1.98571414e-01 5.07211065e+00
  7.50268698e+00 4.99776721e-01 2.81746125e+00 8.17709386e-01
  6.36792779e-01 5.83574295e-01 6.74732983e-01 2.69791961e-01
  1.10417664e+00 2.99147105e+00 2.56077439e-01 1.91632318e+00
  3.70907402e+00 3.77891254e+00 3.54189426e-01 2.64516020e+00
  4.71761417e+00 5.70498288e-01 2.10107827e+00 1.06327698e-01
  2.38809085e+00 1.54803152e+01 7.56455243e-01 7.92007256e+00
  2.48589778e+00 1.23980296e+00 1.03312564e+00 4.27535892e-01
  0.00000000e+00 8.85519505e-01 9.91321087e+00 1.27997816e+00
  0.00000000e+00 0.00000000e+00 1.82487273e+00 3.00759554e-01
  4.11553717e+00 0.00000000e+00 0.00000000e+00 2.15431690e+00
  0.00000000e+00 6.74483001e-01 7.29755640e-01 3.03151417e+00
  1.93031430e+00 1.55900046e-01 2.38594627e+00 1.37745647e+01
  6.80758357e-01 5.50001323e-01 3.11566997e+00 3.45886660e+00
  1.08946257e+01 2.00890899e+00 6.59089675e-03 8.35667133e-01
  9.42911429e-04 4.97880936e+00 4.44949746e-01 6.28182828e-01
  0.00000000e+00 6.81592584e-01 2.38716006e+00 6.51502895e+00
  3.52935171e+00 2.41713345e-01 1.97277308e+00 1.74541998e+00
  0.00000000e+00 2.29320765e+00 0.00000000e+00 6.27648652e-01
  3.34390974e+00 2.70914745e+00 5.67169571e+00 0.00000000e+00
  2.30037093e+00 3.80641651e+00 3.35814786e+00 5.12045956e+00
  6.03082943e+00 1.48601741e-01 1.07882500e+00 3.46695638e+00
  0.00000000e+00 3.96087348e-01 3.93178135e-01 1.98027238e-01
  3.19808984e+00 2.96760130e+00 1.37158704e+00 1.80286288e+00
  1.80210519e+00 5.70632792e+00 5.53164482e+00 6.70809984e+00
  4.06000376e+00 4.08972383e-01 1.43524075e+00 1.24405704e-01
  0.00000000e+00 8.68509591e-01 0.00000000e+00 4.09103012e+00
  0.00000000e+00 1.35551870e+00 3.89507151e+00 1.39051557e-01
  8.47830653e-01 0.00000000e+00 1.06032729e+00 0.00000000e+00
  1.77353501e+00 1.54946506e+00 2.42618895e+00 2.39290786e+00
  9.90490437e+00 1.42910671e+00 4.17723656e+00 2.86019897e+00
  3.15296960e+00 2.55005598e-01 3.24916458e+00 1.67233491e+00
  1.04402704e+01 3.52244139e-01 3.10258508e+00 1.52114606e+00
  1.37123668e+00 2.66484094e+00 2.45262051e+00 4.34042263e+00]]