[[3.85155201e+00 0.00000000e+00 8.26812834e-02 9.37954366e-01
  3.24718451e+00 5.23626852e+00 3.19309711e+00 0.00000000e+00
  1.15367711e+00 1.73832846e+00 7.17683792e+00 3.31796050e+00
  5.69547272e+00 6.75507545e+00 1.32968199e+00 5.85961914e+00
  4.98939663e-01 4.31851238e-01 1.09657124e-01 2.91900706e+00
  0.00000000e+00 3.74226213e+00 3.40655088e+00 1.01990008e+00
  3.93585414e-02 1.81136882e+00 4.81598139e+00 1.23749018e+01
  9.80406523e-01 5.53361988e+00 1.90969229e+00 0.00000000e+00
  3.95194912e+00 2.57872534e+00 1.86790776e+00 3.14950085e+00
  1.32098424e+00 0.00000000e+00 6.43798018e+00 1.09655559e+00
  6.17887211e+00 2.13455343e+00 3.46582913e+00 6.61868954e+00
  2.67097878e+00 5.75145721e+00 6.79167747e-01 0.00000000e+00
  2.47409201e+00 3.20869416e-01 2.54604411e+00 7.55331755e-01
  0.00000000e+00 2.35118032e+00 8.43576336e+00 1.03213036e+00
  5.81345558e+00 4.37972164e+00 6.09393263e+00 7.05707014e-01
  7.58236313e+00 1.22196951e+01 8.67353630e+00 1.09933681e+01
  0.00000000e+00 1.91267192e+00 8.43231499e-01 1.10433054e+00
  1.28573298e+00 3.12651992e-01 1.15475988e+00 1.12100153e+01
  7.17817962e-01 7.30966234e+00 1.20947003e+00 6.26777935e+00
  1.27646885e+01 9.14000320e+00 1.68172622e+00 1.11303258e+00
  2.00889036e-01 4.53129435e+00 3.03014088e+00 0.00000000e+00
  9.97102022e-01 4.61695433e+00 1.85306706e-02 8.34019780e-01
  4.62881595e-01 3.33608329e-01 4.35080528e+00 2.57789040e+00
  1.53272009e+00 9.90858936e+00 7.18353462e+00 1.10951459e+00
  1.99052286e+00 0.00000000e+00 2.91709924e+00 2.88503218e+00
  2.06749344e+00 6.85148144e+00 2.23454809e+00 3.68580556e+00
  6.72627836e-02 9.66189384e+00 5.77986240e+00 3.55127120e+00
  8.09944928e-01 3.49738789e+00 3.36753917e+00 3.67704391e+00
  0.00000000e+00 7.44474888e+00 0.00000000e+00 2.99523808e-02
  2.02401114e+00 0.00000000e+00 5.64454556e+00 1.38955224e+00
  0.00000000e+00 2.20657930e-01 2.36332566e-01 1.10430212e+01
  4.44210482e+00 7.74863243e+00 0.00000000e+00 1.04638302e+00
  5.12455463e+00 1.52024899e+01 1.45099926e+00 3.20578790e+00
  1.68517399e+01 2.29802523e-02 3.81993818e+00 5.40485084e-01
  1.16645014e+00 8.13030958e-01 1.21263576e+00 8.20901966e+00
  6.55459017e-02 2.24867415e+00 0.00000000e+00 6.75958693e-01
  7.17355072e-01 0.00000000e+00 3.36008716e+00 1.98443040e-01
  0.00000000e+00 3.86106563e+00 1.76618904e-01 2.46960616e+00
  1.13633025e+00 7.17317998e-01 1.37127006e+00 3.20787400e-01
  1.00483036e+00 3.94068003e+00 4.62410361e-01 1.27135611e+00
  8.81705570e+00 1.72360015e+00 2.80947948e+00 1.07834905e-01
  1.64302373e+00 6.10305595e+00 0.00000000e+00 1.01261556e+00
  4.99242210e+00 1.91128612e-01 1.14292631e+01 6.93391180e+00
  1.26049471e+01 4.13512516e+00 2.13779554e-01 4.44716835e+00
  8.91778851e+00 0.00000000e+00 1.22794688e+00 2.66496010e+01
  4.16469288e+00 2.02199602e+00 8.01732445e+00 0.00000000e+00
  1.20627604e-01 1.53336501e+00 1.49140120e-01 7.34559357e-01
  8.88519573e+00 7.33810246e-01 5.41036415e+00 0.00000000e+00
  3.67278248e-01 7.96293879e+00 4.53875437e-02 1.34595430e+00
  6.33159447e+00 1.95673275e+01 7.44579613e-01 0.00000000e+00
  6.01248837e+00 3.08312488e+00 1.29997659e+00 2.08786398e-01
  3.37039685e+00 4.15860128e+00 1.42288387e-01 0.00000000e+00
  1.85344771e-01 1.44263659e+01 0.00000000e+00 0.00000000e+00
  2.25183532e-01 0.00000000e+00 0.00000000e+00 1.06353693e+01
  1.02066255e+00 3.32900405e+00 1.05803430e+00 2.13523841e+00
  1.08400593e+01 1.17248545e+01 6.06986332e+00 3.64659333e+00
  7.37295210e-01 9.90719509e+00 6.02644587e+00 3.92152309e+00
  0.00000000e+00 4.09160089e+00 7.35093784e+00 3.23379588e+00
  6.94437981e-01 2.64621353e+00 2.71362615e+00 4.24520874e+00
  3.89768630e-01 9.52501774e+00 1.42311558e-01 3.74265242e+00
  1.12289870e-02 7.78346956e-01 1.47671521e+00 2.51959276e+00
  3.08633661e+00 4.46676874e+00 2.07649689e+01 2.06586766e+00
  6.65756655e+00 1.21784627e+00 2.47125530e+00 3.39728904e+00
  4.66606951e+00 2.64896655e+00 9.52168560e+00 0.00000000e+00
  4.67079282e-01 6.07147884e+00 9.00621986e+00 4.11077738e+00
  1.71084189e+00 0.00000000e+00 0.00000000e+00 7.43322992e+00
  5.60617924e+00 4.19332170e+00 7.64626837e+00 2.32998419e+00
  2.56799793e+00 1.34557724e-01 7.66265488e+00 4.30227697e-01
  1.28936410e+00 6.85697556e+00 6.46357441e+00 2.52931213e+00
  8.64925289e+00 2.09056282e+00 1.83644044e+00 5.87144136e-01
  1.12026567e+01 4.95784044e+00 1.13388968e+01 0.00000000e+00
  1.23222136e+00 1.85146689e-01 0.00000000e+00 1.22192669e+01
  1.89247727e+00 1.13126314e+00 0.00000000e+00 5.99206030e-01
  7.46844292e+00 3.19027543e+00 4.44418478e+00 3.47056478e-01
  4.02578771e-01 5.79287863e+00 1.25869656e+00 2.72209764e-01
  1.64512023e-02 3.63150239e-02 6.33427954e+00 9.12619978e-02
  1.30038357e+00 2.09194757e-02 3.27548957e+00 1.05980659e+00
  1.13527393e+00 0.00000000e+00 2.27344179e+00 0.00000000e+00
  1.33756733e+00 4.56382418e+00 4.22994184e+00 6.82325244e-01
  1.66599154e-01 8.35830975e+00 0.00000000e+00 4.53278780e+00
  1.09499149e+01 8.94355106e+00 4.01672661e-01 3.95619416e+00
  5.71365786e+00 4.50894022e+00 1.19392567e+01 3.81895304e-01
  1.51738417e+00 4.47612464e-01 1.54558647e+00 1.12382927e+01
  2.94440699e+00 7.24251866e-01 3.18249941e+00 3.96129537e+00
  3.30336213e+00 2.46425200e+00 5.30373192e+00 1.82933009e+00
  5.40732980e-01 1.88101202e-01 0.00000000e+00 1.61735268e+01
  3.60212421e+00 3.51187825e+00 1.99173892e+00 1.22202086e+00
  2.29750013e+00 5.88196993e-01 4.48316717e+00 1.25752819e+00
  1.24362421e+00 0.00000000e+00 0.00000000e+00 6.54448628e-01
  2.53629804e+00 2.74376822e+00 8.54138613e-01 9.86196876e-01
  1.24855824e+01 3.11500907e-01 1.66832542e+01 4.63774890e-01
  9.62753582e+00 1.96751285e+00 4.57863855e+00 1.04632378e+01
  2.68593740e+00 1.36446333e+00 3.53181690e-01 4.15007293e-01
  6.18213654e+00 3.27472270e-01 1.75263631e+00 5.02688456e+00
  6.74423027e+00 4.26073456e+00 0.00000000e+00 4.15184641e+00
  3.77904677e+00 1.14580286e+00 8.12485409e+00 1.44309092e+00
  2.84881306e+00 3.09627056e-01 1.93506688e-01 3.50949824e-01
  2.14606357e+00 0.00000000e+00 1.17059124e+00 4.46491623e+00
  1.00281258e+01 3.61543489e+00 0.00000000e+00 1.66933501e+00
  6.46057892e+00 2.14574909e+00 6.49924517e-01 5.60054839e-01
  1.63967288e+00 3.57556677e+00 2.34756321e-01 3.72256589e+00
  1.04055901e+01 4.84398556e+00 4.97502995e+00 2.66019559e+00
  8.38322401e-01 1.74956858e+00 0.00000000e+00 2.38547325e+00
  0.00000000e+00 0.00000000e+00 4.68385428e-01 3.02143788e+00
  1.18813181e+01 6.81675434e-01 7.05421746e-01 1.09114714e+01
  3.87075186e+00 1.16427228e-01 2.35870337e+00 1.27683344e+01
  4.40703362e-01 1.13405347e+00 2.93999839e+00 3.56921601e+00
  1.11358130e+00 1.00679433e+00 1.37596858e+00 5.36353111e-01
  1.32683783e+01 4.17816496e+00 0.00000000e+00 1.68353379e-01
  1.44592273e+00 3.71466994e+00 0.00000000e+00 4.68587685e+00
  1.05054414e+00 5.98561727e-02 1.49004316e+00 4.73336267e+00
  3.77856565e+00 8.68761122e-01 2.91740036e+00 1.62213981e+00
  0.00000000e+00 1.73487735e+00 2.06206396e-01 1.53165436e+00
  6.56110382e+00 3.07225680e+00 5.22544570e-02 2.81796145e+00
  4.72542286e+00 2.52437162e+00 1.37741404e+01 2.63885999e+00
  3.36866975e+00 1.73389387e+00 7.54140392e-02 4.78986549e+00
  0.00000000e+00 4.71822470e-01 1.17968023e+00 1.93468481e-01
  5.12008286e+00 0.00000000e+00 1.57487106e+01 2.05633068e+00
  1.18361640e+00 2.62479424e+00 6.09759390e-01 1.66004986e-01
  6.16618729e+00 2.12273765e+00 6.44810438e-01 8.02236438e-01
  0.00000000e+00 1.01747799e+00 0.00000000e+00 1.98499531e-01
  0.00000000e+00 3.64588809e+00 7.29798841e+00 7.69393623e-01
  5.22106791e+00 1.80275154e+00 3.97889137e+00 1.93737483e+00
  3.77585959e+00 8.86610925e-01 6.03540468e+00 1.64354026e+00
  2.22161961e+01 2.26173782e+00 1.42903459e+00 2.32274628e+00
  7.98588514e+00 1.41459703e+00 1.48786986e+00 2.68287849e+00
  1.50804033e+01 2.57344902e-01 8.20580101e+00 0.00000000e+00
  5.59003770e-01 8.45710188e-02 6.78491068e+00 3.92943525e+00]]