[[1.32869139e-01 8.29401731e-01 1.03147674e+00 9.36057985e-01
  4.92103785e-01 7.60753572e-01 5.11609745e+00 0.00000000e+00
  3.42593050e+00 1.60010767e+00 3.69931936e+00 2.56697965e+00
  8.89860332e-01 3.95623136e+00 2.46818447e+00 5.21789134e-01
  2.55126214e+00 1.64653826e+00 4.78580999e+00 6.06946754e+00
  3.50065446e+00 5.51309204e+00 3.74385357e+00 1.45265758e+00
  2.86870480e-01 8.05099964e+00 9.68486309e+00 2.84218490e-01
  2.75054574e-01 2.16280580e-01 5.30785462e-03 6.53547227e-01
  3.59243870e+00 5.01416540e+00 9.11769152e-01 2.25241160e+00
  8.20479584e+00 8.64963010e-02 3.12379670e+00 5.91557503e-01
  4.03107214e+00 4.98627377e+00 2.46482110e+00 5.72329855e+00
  1.50726509e+00 2.95851260e-01 1.75577247e+00 0.00000000e+00
  3.16128111e+00 7.32720017e-01 6.06153393e+00 2.80366325e+00
  6.34095013e-01 7.54312456e-01 7.58777189e+00 4.59699965e+00
  1.12187541e+00 2.05296826e+00 2.01975942e+00 4.13135946e-01
  2.94805199e-01 3.77178836e+00 8.36812794e-01 6.98326254e+00
  1.76436806e+00 3.79414082e+00 0.00000000e+00 4.32999611e+00
  2.31772318e-01 3.66731429e+00 2.85645056e+00 9.94482517e-01
  8.22613597e-01 9.76513767e+00 2.23342538e+00 8.50424647e-01
  0.00000000e+00 1.63551480e-01 1.53278208e+00 3.93748462e-01
  1.31112278e+00 3.25519371e+00 2.99802542e+00 0.00000000e+00
  6.44694865e-02 6.16408253e+00 1.40447938e+00 8.46728683e-02
  6.73097563e+00 0.00000000e+00 3.75313187e+00 3.77411366e+00
  0.00000000e+00 8.82496262e+00 4.27924585e+00 3.39911485e+00
  1.51461959e+00 2.85586524e+00 2.36121559e+00 1.64296830e+00
  6.69790685e-01 7.65004218e-01 2.16226768e+00 2.59662724e+00
  1.03919232e+00 2.01196599e+00 5.76815426e-01 8.37549269e-01
  3.15298629e+00 1.42030025e+00 4.01901627e+00 1.62036681e+00
  0.00000000e+00 5.94693542e-01 1.18795261e+01 0.00000000e+00
  5.75659180e+00 1.61885941e+00 1.71520078e+00 1.55358171e+00
  1.00006449e+00 2.16056800e+00 0.00000000e+00 5.88690233e+00
  4.04550701e-01 2.55903506e+00 2.00791097e+00 3.88380587e-01
  4.16403913e+00 7.14957476e+00 1.98280084e+00 1.85821068e+00
  3.45000505e+00 3.37018251e-01 7.18255281e-01 3.39187622e+00
  2.15917611e+00 7.37204313e-01 3.33790720e-01 5.35314083e+00
  2.65901494e+00 6.35862470e-01 1.23469651e+00 3.05476451e+00
  8.75098467e-01 4.49050367e-01 7.74275959e-01 6.13827646e-01
  0.00000000e+00 2.44000077e+00 1.45798135e+00 6.93849087e-01
  1.28920102e+00 4.45989817e-01 7.96297789e-01 0.00000000e+00
  5.74397683e-01 5.10632515e+00 1.24014294e+00 2.05536962e-01
  9.37519610e-01 4.31838131e+00 8.33794475e-01 3.28602290e+00
  5.17754936e+00 2.62594223e+00 9.27310705e-01 2.95857549e+00
  2.51169771e-01 0.00000000e+00 5.24160099e+00 1.09774685e+00
  8.09819889e+00 1.63851476e+00 8.44030559e-01 5.68312645e+00
  3.78273010e-01 0.00000000e+00 5.21361732e+00 3.44522595e+00
  8.29645872e-01 2.48079486e-02 4.51901484e+00 8.57035443e-03
  6.54491261e-02 2.39748049e+00 2.24820822e-01 1.98656356e+00
  6.30135345e+00 2.14444160e+00 0.00000000e+00 1.03198159e+00
  6.32330179e+00 5.23496103e+00 2.49307036e+00 4.27915692e-01
  2.79486609e+00 3.98891330e-01 1.06321979e+00 5.09150982e-01
  5.63272953e+00 3.94914532e+00 0.00000000e+00 3.24650478e+00
  6.52196050e-01 2.14349961e+00 4.36369836e-01 5.47956991e+00
  1.26307011e+00 2.49643097e+01 4.63407373e+00 1.88355243e+00
  0.00000000e+00 3.21759272e+00 1.30730659e-01 2.01043576e-01
  0.00000000e+00 1.37588382e+00 6.79663539e-01 1.56375670e+00
  2.15360188e+00 7.50086260e+00 5.93809462e+00 0.00000000e+00
  4.15401936e+00 2.12408495e+00 2.18720317e+00 6.27430320e-01
  4.74609911e-01 1.19160962e+00 5.55224371e+00 3.90781212e+00
  5.21139765e+00 1.12138593e+00 5.93601465e-01 1.14027619e+00
  1.46897867e-01 3.31231880e+00 9.99088585e-01 2.94338202e+00
  1.51874983e+00 3.46132934e-01 2.74310231e+00 3.70051336e+00
  9.56360400e-01 2.99830031e+00 7.00606251e+00 0.00000000e+00
  1.86680567e+00 1.21538746e+00 3.33612394e+00 3.89032078e+00
  1.12385869e-01 4.11891890e+00 5.09080267e+00 5.22178449e-02
  2.19547534e+00 2.09453607e+00 2.04927653e-01 1.20620930e+00
  2.43771458e+00 1.80016124e+00 2.32720494e-01 7.46743798e-01
  4.73876953e-01 0.00000000e+00 5.19011915e-01 5.98309183e+00
  2.65865850e+00 1.07591915e+00 8.35461903e+00 3.96580361e-02
  2.63841081e+00 1.47006977e+00 1.09800780e+00 1.91221166e+00
  1.17746449e+01 8.27499330e-01 0.00000000e+00 0.00000000e+00
  8.98788738e+00 7.14534950e+00 1.27102447e+00 6.37338161e-01
  8.40876484e+00 5.15809581e-02 4.96521044e+00 6.09056830e-01
  1.03574157e+00 1.17495984e-01 6.16709106e-02 3.05012494e-01
  1.91233845e+01 4.00976706e+00 5.84048080e+00 1.75730195e-02
  4.98466343e-01 5.49357057e-01 1.04352824e-01 3.49334478e-01
  1.92091668e+00 6.31256044e-01 8.02428126e-02 8.32683623e-01
  8.62617910e-01 9.62791264e-01 1.63046551e+00 1.51100159e+00
  8.74866962e-01 1.20450628e+00 3.62031889e+00 1.61413479e+00
  3.04175496e+00 4.06665921e-01 4.94474459e+00 1.72150207e+00
  7.51502752e-01 8.02935028e+00 2.30979586e+00 3.37284970e+00
  1.49224043e+00 3.28403139e+00 5.56810760e+00 5.41700077e+00
  2.45924902e+00 1.22439408e+00 1.29269581e+01 5.02810538e-01
  3.68816948e+00 9.37181473e+00 1.03500485e+00 3.68770647e+00
  1.01132429e+00 2.28584862e+00 4.03866768e+00 2.49876428e+00
  2.25399788e-02 3.53914797e-01 1.35690367e+00 7.33696222e+00
  2.27256775e+00 2.68284883e-02 1.60965049e+00 7.90978968e-03
  4.33948994e+00 7.42743540e+00 5.11060619e+00 0.00000000e+00
  1.63917387e+00 9.80695009e-01 8.49017203e-02 4.07268667e+00
  2.84461403e+00 3.28052545e+00 2.98258352e+00 5.08096695e-01
  2.51362383e-01 7.19660807e+00 7.95141578e-01 0.00000000e+00
  7.03490734e-01 0.00000000e+00 1.94406605e+00 1.50920880e+00
  2.77085972e+00 2.42113686e+00 3.51546764e+00 3.35884184e-01
  7.47662425e-01 3.83668804e+00 6.58741668e-02 5.35500288e-01
  0.00000000e+00 1.41809273e+00 5.87784350e-01 9.40677226e-02
  2.12250686e+00 3.67807961e+00 4.39822048e-01 6.32794762e+00
  2.98372698e+00 3.38362503e+00 3.09561586e+00 5.39527714e-01
  5.19648647e+00 5.79125732e-02 2.45245486e-01 0.00000000e+00
  1.38989854e+00 5.79007030e-01 1.59243119e+00 1.98480475e+00
  9.01959133e+00 1.64112973e+00 0.00000000e+00 1.78150821e+00
  3.43678594e-02 3.76251876e-01 1.25638950e+00 0.00000000e+00
  3.81236601e+00 1.09179850e+01 1.41151190e+00 1.60306001e+00
  8.20759296e+00 3.25860828e-01 5.79555154e-01 1.46757591e+00
  1.25554921e-02 1.15220928e+00 4.76328182e+00 1.69478822e+00
  0.00000000e+00 2.25180417e-01 3.61999679e+00 0.00000000e+00
  2.67467909e-02 1.99682224e+00 4.92671776e+00 1.19380021e+00
  2.46757317e+00 6.29748464e-01 1.41752768e+00 1.77192175e+00
  1.93465126e+00 0.00000000e+00 7.84027338e-01 2.39946914e+00
  6.99391317e+00 2.25509033e-02 1.52875483e+00 9.38019395e-01
  9.38624382e+00 1.02888784e+01 0.00000000e+00 2.68588257e+00
  2.53390217e+00 7.74814606e-01 0.00000000e+00 7.67490101e+00
  2.46286488e+00 5.77444971e-01 0.00000000e+00 2.49968338e+00
  9.25389677e-02 2.77834721e-02 1.84982717e+00 9.57117975e-01
  0.00000000e+00 1.69502556e-01 8.98162544e-01 2.15392971e+00
  7.22588301e-02 3.90294814e+00 1.20675576e+00 1.51566517e+00
  2.34335613e+00 1.43332589e+00 2.96601534e+00 4.19672489e+00
  2.19475245e+00 6.73561692e-01 7.07791969e-02 1.87036479e+00
  1.64769757e+00 3.65599573e-01 1.67650372e-01 4.32859755e+00
  5.67214632e+00 3.76775098e+00 8.66117358e-01 0.00000000e+00
  8.15002263e-01 7.62434959e+00 6.25764787e-01 9.64386582e-01
  8.18543360e-02 8.23488593e-01 3.04405379e+00 2.38534331e+00
  7.48561919e-01 0.00000000e+00 0.00000000e+00 1.43951154e+00
  2.93572277e-01 1.83517241e+00 1.16819894e+00 1.22218895e+00
  1.13202918e+00 1.35055196e+00 3.07117295e+00 3.85037422e+00
  5.19154024e+00 1.12027383e+00 6.45202303e+00 2.07879567e+00
  1.49372208e+00 1.13317847e+00 2.77647614e+00 4.71684277e-01
  8.50492859e+00 1.55991054e+00 8.88624847e-01 1.57078996e-01
  3.58301878e+00 1.45868945e+00 2.86326027e+00 5.34743547e-01
  1.17559874e+00 1.18275535e+00 4.25703907e+00 9.07372284e+00]]