[[1.05801630e+00 1.85103619e+00 4.99646044e+00 4.42006797e-01
  1.02412295e+00 8.99535656e+00 1.74935353e+00 1.48332894e+00
  2.82535553e-01 8.53392303e-01 3.20785546e+00 2.71743965e+00
  2.19415045e+00 2.87834144e+00 3.75692576e-01 3.54410201e-01
  4.66659975e+00 2.24626637e+00 2.51045562e-02 5.31742334e+00
  2.34604716e+00 8.45870876e+00 0.00000000e+00 3.27977824e+00
  1.56555486e+00 1.01897631e+01 2.46620369e+00 0.00000000e+00
  2.73911178e-01 3.84653640e+00 2.17265502e-01 5.73362494e+00
  4.24139768e-01 8.30606270e+00 7.29747295e-01 4.38075018e+00
  1.91377938e+00 0.00000000e+00 2.54294705e+00 1.66819811e+00
  2.95241207e-01 8.68713439e-01 3.58919001e+00 6.27880812e+00
  6.17022753e+00 4.82419550e-01 1.89310014e+00 3.49167287e-01
  2.93245316e+00 8.99658203e-01 1.90923810e+00 2.08529186e+00
  2.91808575e-01 2.02153611e+00 4.19888639e+00 4.36741590e+00
  0.00000000e+00 8.80352592e+00 5.48748541e+00 6.99936986e-01
  1.60029852e+00 6.56638801e-01 8.79650974e+00 1.69452047e+00
  1.06218278e+00 0.00000000e+00 2.65374541e+00 1.71297514e+00
  1.71100274e-02 4.61202765e+00 3.11511636e+00 6.60739708e+00
  4.95872736e+00 2.86074758e+00 3.35330272e+00 0.00000000e+00
  1.72619033e+00 3.08938213e-02 2.56752014e+00 1.02207825e-01
  8.02076235e-02 1.33429356e+01 2.44303536e+00 2.97940588e+00
  3.38707387e-01 6.18932533e+00 4.86841774e+00 3.66202921e-01
  6.63357162e+00 0.00000000e+00 9.29934025e-01 6.25889227e-02
  2.58084488e+00 4.92568302e+00 7.96944439e-01 7.32438743e-01
  6.21770144e-01 2.16765356e+00 4.86005306e+00 2.05821991e+00
  3.80468941e+00 5.98102140e+00 4.61269021e-01 6.44716740e+00
  1.19959652e+00 1.78585088e+00 6.54064596e-01 6.34408891e-01
  6.69356138e-02 3.68392205e+00 0.00000000e+00 3.99012625e-01
  3.46902199e-02 2.93952131e+00 1.12238631e-01 6.23975433e-02
  5.32701635e+00 9.71690369e+00 0.00000000e+00 8.54018211e-01
  0.00000000e+00 0.00000000e+00 1.35295510e+00 1.06362743e+01
  8.87256190e-02 2.85790896e+00 2.16645226e-02 5.27400970e-01
  1.46228755e+00 3.47639084e+00 4.73716855e-02 1.95017743e+00
  2.46631026e+00 2.55063796e+00 5.12013912e+00 2.85022473e+00
  7.10848927e-01 7.75001720e-02 1.48201275e+00 0.00000000e+00
  1.14366066e+00 4.54952091e-01 6.66591972e-02 8.61790240e-01
  1.15700948e+00 5.67291796e-01 6.17711544e+00 2.88943380e-01
  0.00000000e+00 4.70348775e-01 7.27849102e+00 1.57013670e-01
  4.16654676e-01 7.19011873e-02 2.13600421e+00 2.65392780e+00
  2.43623406e-01 3.86238217e+00 5.86551242e-02 1.52859652e+00
  6.77483857e-01 3.14292812e+00 6.23709488e+00 3.66509628e+00
  6.33871198e-01 1.27288604e+00 1.40977398e-01 5.29354525e+00
  2.73335052e+00 8.75596142e+00 3.35237050e+00 7.48921108e+00
  3.60273576e+00 9.56020534e-01 2.77356267e+00 3.92974758e+00
  4.73621562e-02 3.75795484e+00 5.34686863e-01 6.15862608e+00
  6.92654967e-01 9.87862945e-02 1.40709531e+00 8.84227931e-01
  1.27495730e+00 2.07833600e+00 8.50775063e-01 8.43719661e-01
  2.16417885e+00 2.93550897e+00 5.64701986e+00 4.07807436e-03
  0.00000000e+00 8.43902302e+00 3.85829061e-01 6.61159605e-02
  6.01298511e-02 1.10374317e+01 7.15172216e-02 4.88121986e+00
  5.84269857e+00 7.73217630e+00 2.76163518e-01 0.00000000e+00
  0.00000000e+00 1.86423969e+00 9.95564175e+00 1.04089904e+00
  2.13665724e+00 2.56689882e+00 1.57139671e+00 1.43065596e+00
  1.53743746e-02 2.79739499e+00 3.90744776e-01 5.03935289e+00
  8.64679337e+00 1.60926175e+00 3.58904505e+00 3.57567072e+00
  2.23103499e+00 5.18628550e+00 1.99499965e-01 2.29807734e-01
  2.89900041e+00 9.22976017e+00 1.65948236e+00 3.19192815e+00
  5.50869890e-02 1.23709369e+00 1.01655316e+00 9.63450050e+00
  3.49853277e-01 1.16613255e+01 2.48831820e+00 3.47845697e+00
  1.05248137e+01 3.16289186e-01 9.76858735e-02 7.28089142e+00
  4.84327406e-01 7.89199650e-01 1.39928922e-01 3.77937555e+00
  1.47564900e+00 1.85918832e+00 1.82644594e+00 8.35197568e-02
  4.21233845e+00 3.20731282e+00 8.55225563e+00 1.13443470e+00
  0.00000000e+00 7.12915087e+00 4.67823124e+00 9.15297890e+00
  2.12363437e-01 2.66514087e+00 5.28136790e-01 1.61829674e+00
  1.09917894e-01 7.63251930e-02 1.71186194e-01 2.32330918e+00
  2.63432646e+00 0.00000000e+00 1.11514273e+01 4.68461943e+00
  4.84245539e+00 6.73767388e-01 1.34266853e+01 0.00000000e+00
  5.62419224e+00 4.85182190e+00 1.11941385e+00 3.04688549e+00
  9.53170967e+00 3.18219602e-01 1.17060637e+00 4.31589317e+00
  6.89184380e+00 1.61002600e+00 9.17523801e-02 4.32765532e+00
  4.36543322e+00 0.00000000e+00 7.04239941e+00 8.18643093e-01
  1.19893694e+00 1.62985086e+00 9.48478103e-01 1.75471437e+00
  1.48146429e+01 8.06362820e+00 2.08342361e+00 1.99844763e-01
  1.04078341e+01 4.90851402e+00 2.11139941e+00 3.18054855e-01
  1.93797164e-02 7.56928730e+00 9.00496387e+00 3.25424806e-03
  1.82662237e+00 0.00000000e+00 5.97087801e-01 3.67326856e+00
  1.11543620e+00 1.85119665e+00 2.08130908e+00 0.00000000e+00
  3.58315444e+00 0.00000000e+00 3.17112112e+00 3.01719546e+00
  1.98514807e+00 6.33319569e+00 5.35969794e-01 2.07220840e+00
  2.54231548e+00 3.87439466e+00 3.55764484e+00 5.91897368e-01
  3.82393718e+00 1.02317131e+00 6.08240080e+00 3.21900511e+00
  2.90431690e+00 7.63935995e+00 9.83661830e-01 2.66617823e+00
  2.95332164e-01 4.81128740e+00 5.59599876e+00 9.18096721e-01
  3.31109095e+00 6.11146033e-01 7.82702971e+00 1.97535813e+00
  4.94113453e-02 2.47883230e-01 5.73979855e-01 2.11113405e+00
  4.29901505e+00 4.99299645e-01 7.99614429e-01 1.87446690e+00
  1.36717474e+00 5.78556919e+00 3.11614895e+00 1.29589295e+00
  0.00000000e+00 4.33411646e+00 2.88653851e+00 2.12632275e+00
  2.00093389e+00 1.89848971e+00 5.89599669e-01 3.13311362e+00
  1.65639794e+00 8.57446969e-01 1.18074827e+01 7.12303543e+00
  6.84392118e+00 5.12824249e+00 2.01255274e+00 8.40097332e+00
  1.11074507e+00 7.62008476e+00 5.43573678e-01 6.17884684e+00
  5.07956743e+00 0.00000000e+00 4.76908112e+00 1.00283062e+00
  3.74206758e+00 3.94439316e+00 0.00000000e+00 4.05929708e+00
  8.17088038e-02 1.65978298e+01 2.78030801e+00 2.98297930e+00
  3.50474429e+00 1.64314950e+00 6.33786380e-01 1.09336622e-01
  1.08907163e+00 3.17782784e+00 6.04621840e+00 9.39924363e-03
  6.36519814e+00 3.04184389e+00 5.13689071e-02 3.23988819e+00
  1.31117260e+00 3.00635147e+00 5.13079786e+00 2.46404696e+00
  1.53276265e+00 4.69095230e+00 6.08153629e+00 1.53990412e+00
  6.32389164e+00 3.90869938e-02 6.64600506e-02 1.93696785e+00
  6.50932193e-02 2.13421106e+00 1.37174070e+00 7.18047380e-01
  0.00000000e+00 5.78010380e-02 4.66272449e+00 3.46221507e-01
  7.02873468e-01 5.60932207e+00 6.97021627e+00 8.07715893e+00
  8.97216129e+00 2.58831191e+00 3.63715172e+00 6.45190191e+00
  7.25913048e-01 3.82225156e+00 1.52873790e+00 1.24865758e+00
  2.66263318e+00 1.83323398e-02 9.71635804e-02 1.54310637e+01
  9.31401253e+00 3.16061878e+00 1.95180893e-01 2.68864036e+00
  7.45310962e-01 5.73114574e-01 9.85664558e+00 1.13634098e+00
  1.72390091e+00 5.25902629e-01 1.30872202e+00 3.59947491e+00
  4.17151070e+00 1.64245278e-01 1.30796804e+01 1.84133184e+00
  1.22552383e+00 1.58586919e+00 2.04842448e+00 6.35584307e+00
  1.03467166e+00 2.42449307e+00 4.44628286e+00 1.40216863e+00
  4.22828531e+00 1.46844244e+00 6.76200092e-01 6.52311563e+00
  2.33185410e+00 4.70843983e+00 8.38154078e-01 0.00000000e+00
  0.00000000e+00 1.36866772e+00 4.27327299e+00 6.07296705e-01
  2.86406469e+00 4.68016446e-01 4.38654852e+00 2.69871414e-01
  6.18042135e+00 3.80353355e+00 3.53243768e-01 9.65967119e-01
  6.54883564e-01 2.46446824e+00 1.34908187e+00 7.30831385e-01
  6.33803368e+00 4.22583401e-01 3.16816282e+00 7.38283992e-02
  1.86065125e+00 8.51367760e+00 2.16676760e+00 8.26565647e+00
  3.26324534e+00 1.98346153e-01 3.91851115e+00 4.63861942e+00
  5.75641453e-01 5.72250605e-01 3.64381933e+00 6.61333025e-01
  5.93055439e+00 6.56230688e+00 1.63594222e+00 2.06534171e+00
  3.54424000e+00 2.28613472e+00 3.00619030e+00 6.44653273e+00
  3.03712964e+00 3.84017974e-02 6.93649292e-01 1.98808625e-01
  4.15955395e-01 2.09693575e+00 3.54232860e+00 2.66027308e+00]]