[[4.5851376e-02 9.9983722e-01 6.6512833e+00 5.2779410e-02 5.4637589e-02
  1.0814450e+01 4.8632836e+00 1.0199714e+00 3.1831937e+00 2.9477847e-01
  7.2749406e-01 3.6378624e+00 5.1633043e+00 7.2682009e+00 5.1245995e-02
  5.2569685e+00 2.3808853e-01 1.2000469e+00 5.5718440e-01 6.5972834e+00
  5.0309029e+00 2.1108673e+01 0.0000000e+00 9.7415009e+00 1.9680181e+00
  1.8355970e+00 2.3000672e+00 4.0426812e+00 5.7619319e+00 6.3799638e-01
  0.0000000e+00 6.3952060e+00 5.7568693e-01 3.6058166e+00 3.7955624e-01
  8.6514570e-02 1.4266527e-01 5.5636991e-02 4.1803951e+00 5.5702338e+00
  5.6189984e-01 3.2385902e+00 1.7486622e+00 7.2669101e+00 4.2496565e-01
  8.0150232e-02 4.5736432e+00 5.0835171e+00 6.6558880e-01 0.0000000e+00
  6.3066831e+00 3.9125428e+00 1.6494802e+00 4.4765835e+00 4.0203886e+00
  3.4849851e+00 7.4399084e-01 1.5329481e+00 3.5131335e-01 0.0000000e+00
  4.5853066e-01 0.0000000e+00 5.4625473e+00 7.1362534e+00 0.0000000e+00
  7.4487603e-01 4.9076962e+00 2.1699652e-01 2.5735767e+00 1.1768174e+00
  7.1900425e+00 2.5385370e+00 6.0266596e-01 3.6340532e+00 2.3544228e+00
  8.1760198e-01 1.3408829e+00 1.5918010e-01 1.1335675e+00 3.4224677e+00
  0.0000000e+00 5.6663704e+00 5.8771710e+00 4.4756418e-01 3.0780239e+00
  2.1589203e+00 3.1491933e+00 1.9234776e+00 3.9944141e+00 1.9469622e-01
  1.6459085e+00 1.7685294e-01 5.8243746e-01 1.3608696e+01 3.3299553e+00
  3.6392896e+00 3.4446427e-01 2.2605338e+00 2.6464993e-01 2.8685629e+00
  1.6204023e+00 1.5927610e+00 1.3606219e-01 3.6918447e+00 0.0000000e+00
  0.0000000e+00 3.2938981e-01 3.6491418e+00 3.7913654e+00 3.6742368e+00
  6.2014531e-02 1.2720838e+00 0.0000000e+00 4.2598381e+00 4.0588622e+00
  5.3730330e+00 1.0785649e+01 4.2398767e+00 2.9296825e+00 7.8608823e+00
  3.2391253e+00 0.0000000e+00 4.6448339e-02 1.3903545e+00 4.0650874e-01
  2.4560392e+00 1.5613504e-01 2.0508631e-01 4.2442453e-01 1.0381824e+01
  1.5607164e+00 1.7262220e+00 2.1188357e+00 2.0121543e+00 3.4132624e-01
  4.9648333e+00 9.5589685e-01 0.0000000e+00 2.1890197e+00 1.1457405e+00
  2.7876508e-01 3.9142265e+00 3.3631554e-01 2.6684906e+00 5.3961263e+00
  5.4608464e+00 8.1092596e+00 1.3455185e+00 1.3458129e+00 6.7115229e-01
  1.3628634e+01 3.9824146e-01 8.5694122e-01 0.0000000e+00 2.8887184e+00
  4.2306805e+00 2.6037564e+00 1.1419915e+01 1.9666213e+00 1.3832645e-01
  1.7024841e+00 6.6308653e-01 3.8125455e+00 5.4651198e+00 4.4227219e+00
  1.9290721e+00 1.3013467e-02 2.5550361e+00 1.4351145e+00 3.2277458e+00
  2.8194785e+00 2.2600114e+00 5.4399271e+00 1.8596968e-02 3.2867816e-01
  3.9739065e+00 1.8920994e+00 7.8671288e+00 5.6405485e-01 2.9375954e+00
  5.5505931e-01 7.3339289e-01 8.6553373e+00 6.2899607e-01 2.4017551e+00
  2.2465336e+00 3.1962616e+00 7.2420448e-01 6.2370720e+00 3.0428009e+00
  5.1064914e-01 0.0000000e+00 9.1396254e-03 5.2706075e+00 0.0000000e+00
  3.5736975e-01 1.8100865e-02 5.0179658e+00 0.0000000e+00 2.3308504e+00
  4.0457449e+00 6.4869084e+00 3.4382480e-01 1.3094026e-01 4.6034546e+00
  1.8106526e+00 5.7308540e+00 8.4279413e+00 3.1144459e+00 3.1004704e+01
  3.0279856e+00 1.2457162e+00 2.5993686e+00 0.0000000e+00 1.8593174e+00
  5.1930461e-02 4.3985531e-01 0.0000000e+00 1.0093438e-04 2.4932802e+00
  8.0302687e+00 7.1890526e+00 5.1767254e+00 4.2436749e-01 9.4802237e+00
  4.4551239e+00 5.4022145e-01 2.4305418e+00 2.4692158e-01 4.4024553e+00
  2.3539197e-01 2.6453052e+00 9.5950165e+00 4.1966677e+00 6.9496679e-01
  3.1903343e+00 3.1910322e+00 2.2873294e+00 1.3617369e+00 2.5820849e+00
  2.9948935e-01 7.6803878e-02 3.3748717e+00 4.7472920e+00 4.1052160e+00
  1.1275152e+00 6.0423245e+00 2.0587406e+00 2.5075300e+00 2.6798552e-01
  7.6334834e+00 9.8452240e-02 8.0226636e-01 2.5144396e+00 1.4699205e+00
  3.4029341e+00 9.6435469e-01 2.8105695e+00 8.4095669e-01 9.7206302e-02
  1.8910058e-01 7.7911359e-01 7.5902200e+00 2.1992338e+00 3.2942257e+00
  0.0000000e+00 2.0170052e+00 1.0975082e+00 3.7626047e+00 3.8721402e+00
  5.1927191e-01 1.2114923e-01 1.1666991e+00 2.0523855e-01 1.8012463e+00
  2.4304631e+00 8.7963772e+00 2.2907422e+00 2.5806394e+00 4.4217801e+00
  6.1483641e+00 3.3231840e+00 5.3972111e+00 1.8159702e-01 2.6539907e+00
  9.6700815e-03 6.2920065e+00 4.3821845e-02 3.1069744e+00 4.5359488e+00
  1.9889330e+00 2.3790188e+00 1.3375790e+00 4.0132360e+00 6.1490881e-01
  1.1253198e+00 6.2950616e+00 2.5797924e-01 7.2584534e+00 3.6541483e-01
  3.7081392e+00 7.3120856e-01 1.1404008e+00 5.9931521e+00 2.8969951e+00
  2.0331325e-01 8.7727709e+00 1.5519150e+00 2.6325684e+00 9.0991898e+00
  9.2423499e-02 4.7687539e-01 2.5163822e+00 4.6133929e-01 2.3966775e+00
  7.9827905e+00 8.8109484e+00 4.9402442e+00 2.3165989e+00 1.2693532e+00
  2.3382616e+00 4.5253320e+00 2.0955982e+00 2.2810091e-01 2.2117693e+00
  8.2209425e+00 8.8820648e+00 8.7196892e-01 2.9516354e+00 3.9445028e+00
  9.8989896e-02 2.6831188e+00 1.6283489e+00 4.4199572e+00 6.5255008e+00
  2.6208780e+00 2.8738444e+00 1.4810470e+00 7.2914920e+00 1.3807948e+00
  7.9434242e+00 1.8419317e+00 0.0000000e+00 0.0000000e+00 8.5547578e-01
  2.6922777e+00 8.0591021e+00 2.3460598e+00 1.9925613e+00 2.6943524e+00
  6.6935623e-01 3.2298014e+00 1.3743184e+00 2.7587135e+00 1.4209723e+00
  3.9977327e-01 1.5460943e+00 7.3054380e+00 5.3998203e+00 4.8946590e+00
  8.1554947e+00 2.1068645e+00 2.0684884e+00 6.6650753e+00 8.8454381e-02
  2.8225074e+00 6.2761736e+00 3.5213654e+00 5.5509489e-02 6.8540949e-01
  1.9686410e+00 3.8588815e+00 0.0000000e+00 1.7424266e+00 4.9510522e+00
  2.1289811e+00 9.6519727e-01 2.1152878e-01 2.9402385e+00 4.7154250e+00
  2.8652210e+00 3.3746643e+00 1.3798784e+00 5.7415142e+00 3.1839287e+00
  9.1251194e-01 5.7189541e+00 2.0551090e-01 2.5585186e+00 9.6989069e+00
  1.9669697e+00 2.1663883e+00 7.1953325e+00 1.9008712e+00 6.3572150e-01
  4.3389349e+00 6.5370646e+00 1.1126901e+00 6.2284118e-01 4.2353649e+00
  7.5549989e+00 1.3758934e+01 9.5068846e+00 1.1725199e+00 1.6424469e+00
  3.4003315e+00 0.0000000e+00 1.1997819e+00 0.0000000e+00 1.7781287e+00
  6.4721470e+00 1.4007899e+00 0.0000000e+00 2.5515541e-01 4.0908828e+00
  4.1902118e+00 0.0000000e+00 3.6099526e-01 4.9199909e-01 0.0000000e+00
  4.9322057e+00 7.2504425e-01 1.4014577e+00 3.0221646e+00 1.2340108e+00
  4.8783941e+00 1.0085975e+00 1.2639839e-02 8.1872349e+00 7.6614070e+00
  2.4769952e+00 4.4235191e-01 5.9140795e-01 6.2447882e+00 1.6233511e+00
  5.0997033e+00 4.3484230e+00 3.8779600e+00 4.4079307e-01 1.7534236e+00
  0.0000000e+00 5.0708383e-01 2.1520069e+00 1.0299529e+00 1.1338732e+01
  2.7597506e+00 4.4896188e-01 1.6140021e+00 2.2701094e-01 1.7662285e-01
  1.5355951e+00 9.3858147e+00 4.1271653e+00 1.0343286e+01 8.2182485e-01
  1.8861586e+00 9.8348269e-03 2.7166939e+00 1.8457750e+00 5.6577907e+00
  0.0000000e+00 1.9376764e+00 4.0327215e+00 7.0833915e-01 0.0000000e+00
  5.1008266e-01 4.3810043e+00 2.8486712e+00 7.5307482e-01 3.2311070e-01
  3.8202827e+00 1.0943414e+00 2.4689670e+00 2.8050840e+00 3.9512187e-01
  4.7363803e-01 6.8207135e+00 2.9529518e-01 5.8562951e+00 1.0612365e+00
  1.2527165e-01 5.6771755e-01 1.0787882e+00 0.0000000e+00 5.3093410e+00
  2.5351512e+00 1.0916507e+01 3.7085388e+00 5.8249328e-02 4.5618582e+00
  5.4304051e+00 1.8837291e-01 2.4735777e+00 3.0041206e+00 5.2740908e-01
  2.9388873e-02 1.2685021e+00 1.0764161e+00 1.6571777e+00 2.1202886e+00
  3.1458993e+00 4.2664776e+00 3.6719360e+00 6.0372319e+00 1.0579678e+00
  2.4709785e-01 1.7608278e+00 7.9950647e+00 2.9601294e-01 1.2124848e+00
  6.1657363e-01 2.4861138e+00]]