[[6.89713299e-01 4.60495085e-01 3.85486454e-01 1.11868405e+00
  0.00000000e+00 1.19301009e+00 5.65633965e+00 9.79772627e-01
  4.87750387e+00 7.87914336e-01 1.16143942e+00 9.61163282e-01
  3.26981640e+00 4.26993561e+00 4.31882429e+00 6.61371660e+00
  7.89888322e-01 6.01069152e-01 5.47047913e-01 5.45285511e+00
  1.13107955e+00 4.65298939e+00 2.08155513e+00 0.00000000e+00
  4.05233192e+00 1.21922436e+01 1.62862286e-01 5.51400542e-01
  1.84139669e+00 6.25310659e+00 0.00000000e+00 7.42483318e-01
  1.29093766e+00 3.10470581e+00 8.82308662e-01 0.00000000e+00
  4.03224325e+00 2.33139920e+00 4.98805428e+00 8.79249573e+00
  2.18384576e+00 3.06548691e+00 1.01898141e-01 7.07025909e+00
  2.02856350e+00 0.00000000e+00 1.03428757e+00 0.00000000e+00
  2.11662698e+00 4.24281359e+00 1.29529107e+00 0.00000000e+00
  1.09160189e-02 0.00000000e+00 5.57180762e-01 2.23883343e+00
  2.35196209e+00 2.25800562e+00 1.65564156e+00 0.00000000e+00
  2.68212855e-01 7.56136835e-01 3.91360855e+00 7.91612720e+00
  7.59822309e-01 2.86555362e+00 4.25788784e+00 4.05396795e+00
  3.74967456e+00 2.23554716e-01 2.87709045e+00 3.22726202e+00
  1.19713485e+00 5.52198648e+00 2.22670650e+00 1.72295237e+00
  5.43275237e-01 2.08240807e-01 4.41762120e-01 3.24752522e+00
  1.29987669e+00 2.72204113e+00 1.69011545e+00 5.67527235e-01
  6.55001402e-01 7.83459711e+00 4.29278946e+00 4.13980857e-02
  4.87231302e+00 5.26022539e-02 3.20311594e+00 1.64288819e-01
  0.00000000e+00 5.65378857e+00 1.33014083e+00 4.76062864e-01
  3.16653562e+00 5.63582754e+00 2.16845632e+00 7.37290859e+00
  2.31444374e-01 3.26490998e+00 8.69949436e+00 5.13822269e+00
  0.00000000e+00 1.59836996e+00 1.14176321e+00 0.00000000e+00
  3.94229555e+00 1.12061667e+00 1.60813701e+00 1.75446615e-01
  9.29788888e-01 9.44725722e-02 1.09688783e+00 7.75281072e-01
  6.14216948e+00 8.54887009e+00 1.83075106e+00 2.73493242e+00
  0.00000000e+00 1.45157456e-01 7.78194740e-02 1.00024157e+01
  9.16012645e-01 3.32637668e-01 1.50674140e+00 1.69204712e-01
  1.61332712e-01 2.03874135e+00 1.44870520e+00 6.73034072e-01
  1.21551907e+00 8.03420544e-01 8.92061815e-02 1.01907587e+00
  9.10010040e-01 1.22793090e+00 1.39613795e+00 1.37830317e+00
  2.59525871e+00 8.36597860e-01 1.94605863e+00 5.69181108e+00
  3.29578376e+00 2.88420415e+00 2.75899577e+00 2.33607316e+00
  1.10560131e+00 1.12722313e+00 7.18154684e-02 3.34750843e+00
  3.11673689e+00 8.76793683e-01 9.27091002e-01 8.81107450e-02
  4.71759498e-01 1.13868923e+01 5.72653830e-01 7.73721337e-01
  4.29199886e+00 1.27510242e+01 6.17534542e+00 8.21059990e+00
  2.23747230e+00 4.14731264e+00 1.51459873e-01 3.88262439e+00
  2.74038136e-01 4.57535934e+00 7.99079955e-01 6.87280512e+00
  7.12752008e+00 4.27380610e+00 8.67879272e-01 4.60664558e+00
  1.95524192e+00 0.00000000e+00 1.41409683e+01 5.71905494e-01
  1.69110548e+00 3.17054152e-01 5.94455433e+00 4.42937195e-01
  5.82758856e+00 2.75876141e+00 4.61010367e-01 7.08418226e+00
  1.98430431e+00 1.07140789e+01 2.36658859e+00 0.00000000e+00
  1.74488032e+00 1.24955492e+01 0.00000000e+00 1.38910723e+00
  0.00000000e+00 9.09627151e+00 4.10163403e+00 0.00000000e+00
  6.91263580e+00 6.85506225e-01 3.87559485e+00 5.05182743e+00
  1.35550785e+01 8.99140358e-01 1.94524586e+00 2.85888433e+00
  7.65405655e+00 5.82171822e+00 6.57118559e+00 9.78038597e+00
  2.60824513e+00 3.22713757e+00 2.11003828e+00 1.30724445e-01
  1.72949302e+00 7.72566557e+00 8.11452448e-01 9.03902769e-01
  5.42470634e-01 3.82603741e+00 4.23908621e-01 2.14383888e+00
  8.11737537e-01 9.15071774e+00 5.77392149e+00 1.68555498e+00
  1.24485719e+00 2.98957658e+00 2.39794445e+00 2.05337858e+00
  4.32497382e-01 4.39628935e+00 2.26230454e+00 1.84355688e+00
  2.47403700e-02 2.67581081e+00 0.00000000e+00 1.37262356e+00
  3.25164318e+00 3.91100198e-02 2.19115233e+00 1.80240333e+00
  1.45078647e+00 2.61685991e+00 4.63465023e+00 4.61422980e-01
  4.44297403e-01 3.41396689e-01 3.30123258e+00 1.46220136e+00
  0.00000000e+00 1.61038971e+00 4.74546957e+00 1.06372309e+00
  1.47943211e+00 2.05809903e+00 5.39743662e+00 1.88364780e+00
  7.52029359e-01 3.61486936e+00 0.00000000e+00 4.43128049e-01
  1.98991430e+00 1.04398613e+01 1.37844384e-01 2.19833374e-01
  4.53776598e+00 1.35034442e+00 5.86366844e+00 3.48775101e+00
  8.49409401e-01 6.92574978e-01 5.57954645e+00 3.83332193e-01
  1.21015339e+01 5.58223240e-02 0.00000000e+00 2.27759266e+00
  4.78117609e+00 1.68035698e+00 2.64427900e+00 1.43957484e+00
  3.34605789e+00 2.54589885e-01 6.04610014e+00 3.73100591e+00
  3.02552176e+00 7.90307045e+00 4.07088757e-01 8.37220967e-01
  5.24786294e-01 1.94585943e+00 3.24502277e+00 2.47283316e+00
  8.70782089e+00 7.91658282e-01 1.46643472e+00 2.61279523e-01
  1.50465603e+01 6.41734886e+00 1.13875568e+00 8.88255239e-01
  0.00000000e+00 2.30623817e+00 0.00000000e+00 8.04487705e-01
  6.55427265e+00 4.06004190e-01 2.79102707e+00 3.40230083e+00
  9.27259028e-01 6.70296669e-01 2.14605689e+00 2.83112317e-01
  3.34031284e-01 8.95287418e+00 5.50665236e+00 2.59095836e+00
  5.44638300e+00 3.30127072e+00 2.12081432e+00 3.80778879e-01
  2.01295471e+00 8.20310211e+00 2.43617916e+00 1.41010177e+00
  3.73767585e-01 0.00000000e+00 1.06261277e+00 6.34668970e+00
  2.12083071e-01 1.02959547e+01 1.95390773e+00 2.63186145e+00
  2.52246976e+00 1.85654509e+00 8.06475925e+00 4.20667791e+00
  6.39670491e-01 2.10461468e-02 0.00000000e+00 5.89691699e-01
  4.70307052e-01 4.48823404e+00 1.37301654e-01 1.06932688e+00
  7.29546189e-01 6.26317561e-01 0.00000000e+00 1.41943526e+00
  0.00000000e+00 4.57170439e+00 5.94340086e-01 1.33877456e+00
  1.78242910e+00 1.53734903e+01 4.23400342e-01 1.77640545e+00
  1.08749142e+01 0.00000000e+00 5.58665323e+00 9.12389234e-02
  9.00901127e+00 2.92684972e-01 1.30573893e+01 6.07307209e-03
  7.25038707e-01 1.35209396e-01 2.75741994e-01 3.11134934e+00
  5.65887928e+00 8.27930164e+00 5.99810457e+00 2.82123542e+00
  3.71895409e+00 2.18211389e+00 0.00000000e+00 3.53612590e+00
  0.00000000e+00 3.16912532e+00 6.77782714e-01 2.53693223e+00
  4.69765574e-01 1.27638018e+00 1.59525156e+00 8.84732604e-02
  0.00000000e+00 7.03349543e+00 4.56869745e+00 2.47836366e-01
  1.07941399e+01 3.25255752e-01 4.92163986e-01 2.85908222e+00
  2.24415064e+00 8.79581511e-01 1.66333270e+00 1.40811598e+00
  1.36889732e+00 2.00800114e+01 8.99982393e-01 8.09047985e+00
  2.26288080e+00 6.82365656e+00 1.54220164e+00 2.91079235e+00
  4.44861263e-01 7.90653467e-01 3.38964963e+00 2.73553061e+00
  0.00000000e+00 0.00000000e+00 7.69503355e-01 4.54621054e-02
  1.67014807e-01 3.39031291e+00 2.81127632e-01 7.24488258e-01
  1.40649831e+00 1.31325972e+00 1.17882204e+00 1.96092510e+00
  6.27908349e-01 1.65678766e-02 1.53025472e+00 4.70232344e+00
  1.97900200e+00 2.66482162e+00 1.91997766e-01 3.03246737e+00
  9.06761265e+00 3.67987394e+00 1.00825094e-01 5.39272404e+00
  3.91230249e+00 6.38519907e+00 2.50343847e+00 1.92263532e+00
  2.69551015e+00 2.31209069e-01 6.35646522e-01 6.05447817e+00
  9.88168538e-01 8.58263224e-02 2.89377475e+00 3.51679111e+00
  6.59603214e+00 6.70837402e-01 7.49006629e-01 5.47750425e+00
  4.56517428e-01 7.93911314e+00 5.31726122e+00 1.52337933e+00
  2.46548986e+00 7.67753184e-01 2.03602314e+00 2.75630093e+00
  1.75217021e+00 8.23903143e-01 4.20193148e+00 2.44622016e+00
  4.13522816e+00 1.43659174e+00 3.73002410e+00 1.17703438e+00
  6.66954374e+00 1.04239117e-02 1.27024114e+00 2.05895805e+00
  4.12776172e-01 7.63801193e+00 1.70518950e-01 8.51212144e-01
  8.06892991e-01 4.64589864e-01 2.96707368e+00 2.88842535e+00
  1.89996994e+00 7.23547339e-02 1.64498532e+00 6.09839320e-01
  1.52305961e+00 1.03211908e+01 1.70277369e+00 0.00000000e+00
  1.27733171e+00 4.87189502e-01 2.27693701e+00 9.93828297e+00
  8.41021776e-01 1.60381401e+00 7.89318085e-01 1.06269097e+00
  4.98064518e+00 3.18771744e+00 1.43545067e+00 1.02748883e+00
  1.62697697e+00 1.24418177e-02 3.19693565e+00 1.71419811e+00
  3.88022017e+00 3.95723760e-01 9.07895923e-01 2.43341875e+00
  2.58223772e+00 9.07849222e-02 4.98770285e+00 1.66007745e+00]]