[[4.57098866e+00 2.00688362e+00 1.02126193e+00 0.00000000e+00
  2.78444123e+00 7.31706023e-01 5.10319996e+00 2.01731548e-01
  5.80362916e-01 7.02214122e-01 3.07443309e+00 1.68795979e+00
  7.76710367e+00 3.91894555e+00 4.63737011e-01 2.46239591e+00
  2.77520013e+00 8.41504753e-01 0.00000000e+00 6.58685970e+00
  2.98545510e-01 3.82303190e+00 5.62407970e+00 5.63294458e+00
  1.69752109e+00 1.41687298e+00 4.41422909e-01 5.90851784e-01
  4.93693304e+00 3.03081059e+00 8.00534606e-01 5.78873968e+00
  6.23049617e-01 2.24800897e+00 2.85474825e+00 6.51906282e-02
  5.25421619e+00 3.25820684e-01 4.22043180e+00 6.67370176e+00
  1.65739989e+00 2.58466005e+00 7.59353459e-01 1.08655500e+00
  2.31380892e+00 3.80375338e+00 7.74364412e-01 3.12331724e+00
  2.59374619e+00 3.44039989e+00 0.00000000e+00 1.57908785e+00
  1.50995398e+00 8.39273548e+00 1.33414578e+00 1.20568991e+00
  2.54722404e+00 6.14238071e+00 2.92701292e+00 3.48458576e+00
  2.06075716e+00 5.37907076e+00 6.25643778e+00 7.94338369e+00
  1.38257235e-01 9.76977050e-01 4.28787994e+00 3.35039377e+00
  4.60637426e+00 6.03855789e-01 4.44900370e+00 2.43650913e+00
  8.19959998e-01 4.42355347e+00 1.89259529e+00 4.15155697e+00
  6.19121981e+00 0.00000000e+00 1.52263093e+00 3.81881785e+00
  7.00014925e+00 5.83911896e-01 4.26006508e+00 4.83598590e-01
  4.76226568e-01 5.36830902e+00 0.00000000e+00 5.83438301e+00
  5.22706366e+00 1.51043105e+00 9.66908646e+00 2.10050732e-01
  1.24292350e+00 1.25683427e+00 6.85805202e-01 0.00000000e+00
  2.72443032e+00 4.17100430e+00 1.32442117e+00 2.78588772e+00
  1.45195580e+00 4.91145563e+00 7.71246338e+00 7.04177284e+00
  8.24022114e-01 3.27176630e-01 6.38225698e+00 1.94076478e+00
  6.79018545e+00 4.49535578e-01 3.71502042e+00 4.48019361e+00
  2.35192418e+00 1.21334112e+00 1.27364230e+00 1.92280722e+00
  2.63356924e+00 1.30186546e+00 0.00000000e+00 1.86770797e+00
  1.47332418e+00 4.45361853e-01 7.70332217e-02 7.08155870e+00
  1.22269392e+00 5.16250467e+00 1.53290009e+00 2.86026931e+00
  0.00000000e+00 7.48537540e+00 5.31810284e+00 1.96580184e+00
  2.39701915e+00 2.03038469e-01 1.39215660e+00 3.78771567e+00
  1.61549008e+00 1.91334212e+00 1.71007681e+00 1.04539521e-01
  2.31202102e+00 4.87266874e+00 4.16521168e+00 3.67414045e+00
  7.84931108e-02 6.42523110e-01 2.80814886e+00 6.15815282e-01
  1.79649711e-01 5.26126027e-01 5.87805271e-01 4.81936693e+00
  3.91760856e-01 5.19389343e+00 4.00498199e+00 4.63493586e+00
  2.79587269e+00 6.15153122e+00 8.87165010e-01 2.02511728e-01
  3.83008099e+00 2.88079953e+00 6.07325459e+00 2.64861488e+00
  7.25361919e+00 1.42289293e+00 1.24996448e+00 3.36664414e+00
  0.00000000e+00 8.36135960e+00 5.05069733e+00 6.53535128e+00
  1.10046780e+00 4.10956001e+00 7.51890659e-01 4.37145329e+00
  6.83207226e+00 1.35699390e-02 3.31792784e+00 2.46282172e+00
  1.03623077e-01 0.00000000e+00 5.60455370e+00 2.82260609e+00
  8.44883263e-01 2.33587217e+00 3.73580694e-01 5.35724223e-01
  2.60219097e+00 3.40549493e+00 6.97935629e+00 4.40734357e-01
  4.78502226e+00 5.99687290e+00 2.28692007e+00 1.44453573e+01
  8.59180510e-01 7.29061317e+00 1.72138131e+00 4.31478119e+00
  1.86021423e+00 1.65150046e+00 4.84071612e-01 1.55347395e+00
  4.59526253e+00 1.62312376e+00 4.38512683e-01 1.50362039e+00
  6.33753300e-01 4.49508637e-01 3.81365083e-02 6.57052279e-01
  5.07854700e-01 4.36390162e+00 1.12842298e+00 0.00000000e+00
  9.46630538e-01 9.63530242e-01 3.08342665e-01 9.13846016e-01
  0.00000000e+00 7.25844145e+00 6.14546299e-01 2.21083450e+00
  7.72160769e-01 5.78151608e+00 2.08771753e+00 3.85352612e-01
  0.00000000e+00 1.08503067e+00 3.25820184e+00 4.83608341e+00
  7.52314901e+00 5.47978926e+00 9.59874749e-01 3.72205019e+00
  1.33096993e-01 3.54763794e+00 1.08689852e+01 4.96565580e-01
  1.13864315e+00 0.00000000e+00 4.00758028e+00 5.86318016e+00
  3.01878601e-01 1.83548880e+00 9.62954426e+00 6.05334616e+00
  1.44290411e+00 1.53998375e+01 1.17505801e+00 3.30130029e+00
  2.42865860e-01 3.77848315e+00 2.50636399e-01 0.00000000e+00
  3.06982994e+00 1.33919644e+00 8.84884417e-01 8.07068646e-01
  3.75773048e+00 6.47502959e-01 3.86839688e-01 5.02951670e+00
  1.87084004e-01 1.05779183e+00 5.26128101e+00 1.27285922e+00
  1.14227104e+01 1.01206911e+00 3.46331668e+00 4.05557871e+00
  3.31098723e+00 2.42038798e+00 4.91984338e-01 1.99368346e+00
  2.83868909e+00 1.54546309e+00 5.63945532e-01 1.56955802e+00
  3.23361897e+00 2.19213411e-01 5.82263887e-01 3.59383368e+00
  1.60811877e+00 7.60300934e-01 2.18275404e+00 3.08954763e+00
  3.47269559e+00 2.35567856e+00 1.90467036e+00 2.90875816e+00
  3.37427354e+00 1.19180357e+00 1.92090607e+00 1.27113438e+00
  0.00000000e+00 3.56380320e+00 8.17648590e-01 7.62282073e-01
  7.66638565e+00 1.06737971e+00 3.72157764e+00 5.32119608e+00
  6.18955278e+00 8.98823166e+00 4.74519682e+00 2.07981968e+00
  2.99948359e+00 1.80586100e-01 9.89577484e+00 1.51188254e+00
  1.55895114e+00 6.09667015e+00 4.24560356e+00 9.80336487e-01
  6.90683317e+00 3.85661840e+00 1.50329781e+00 9.30697978e-01
  5.01298070e-01 1.78293381e+01 7.23478842e+00 1.67523515e+00
  3.94639492e+00 9.70256209e-01 2.14449835e+00 2.74339467e-01
  3.37168169e+00 1.20841205e+00 1.01426947e+00 1.21461749e+00
  8.72209370e-01 5.00189327e-02 6.66801214e+00 1.62800074e+00
  4.66180658e+00 4.12312031e+00 2.06067252e+00 1.70614386e+00
  1.03138542e+01 5.96834850e+00 1.43788385e+00 1.69472146e+00
  5.96460915e+00 8.34853649e-01 3.94258857e-01 7.14456737e-01
  1.88959694e+00 2.09595859e-02 4.73655128e+00 7.00855434e-01
  1.00706093e-01 1.56502378e+00 3.59000623e-01 1.30228055e+00
  5.33881092e+00 5.51814365e+00 0.00000000e+00 4.78224993e+00
  4.36037016e+00 2.31241420e-01 4.01480150e+00 9.57683182e+00
  5.13637304e+00 4.13975537e-01 1.14126558e+01 8.29922795e-01
  1.33349407e+00 7.35725737e+00 6.67058134e+00 6.01214123e+00
  0.00000000e+00 4.38695103e-01 1.89173424e+00 8.26000035e-01
  2.05536413e+00 3.22604156e+00 2.52461433e+00 6.84001827e+00
  4.19545698e+00 7.81897008e-01 9.53957811e-02 3.35843086e+00
  2.80940247e+00 2.48005056e+00 4.35640812e+00 1.61506757e-01
  2.52769184e+00 1.80058706e+00 9.04884517e-01 4.67333126e+00
  1.37922883e-01 4.33813572e+00 9.73032892e-01 1.19622040e+00
  2.13482714e+00 1.82004189e+00 4.59202242e+00 8.85703444e-01
  9.32537174e+00 6.95610380e+00 9.49275398e+00 5.90839672e+00
  4.40230989e+00 7.41623223e-01 0.00000000e+00 7.75625110e-01
  8.13232136e+00 4.52341461e+00 3.35082912e+00 0.00000000e+00
  2.33541150e-02 1.80962670e+00 1.98432457e+00 6.23625398e-01
  1.69221029e-01 2.24984363e-01 2.42422104e-01 5.15441000e-01
  9.19824243e-01 2.55813040e-02 6.94454432e-01 4.41603899e+00
  4.21573788e-01 2.67402267e+00 7.84157324e+00 3.98281550e+00
  1.24658518e+01 7.81486332e-01 6.77017212e-01 6.70682609e-01
  1.53450689e+01 2.06552792e+00 3.29115677e+00 7.88416529e+00
  1.46248019e+00 9.15501952e-01 0.00000000e+00 1.73574579e+00
  5.49762547e-01 3.42142344e-01 1.57991982e+00 1.91252744e+00
  8.01448375e-02 3.73723596e-01 3.06351352e+00 3.04970026e+00
  1.18675289e+01 1.41878933e-01 9.70724404e-01 3.03484225e+00
  3.43395281e+00 3.13560700e+00 4.85285997e+00 1.97778714e+00
  1.51549673e+00 2.79174995e+00 0.00000000e+00 1.77664340e+00
  2.96358442e+00 6.80576229e+00 6.29827753e-02 0.00000000e+00
  0.00000000e+00 3.70451689e+00 1.98540613e-02 7.78260529e-01
  2.91073394e+00 4.93352079e+00 4.59762923e-02 5.77356756e-01
  2.10601187e+00 2.19574904e+00 3.33691096e+00 6.52643490e+00
  2.68916368e-01 4.75436163e+00 3.18275237e+00 4.42453337e+00
  1.15109518e-01 1.09986532e+00 1.98204160e+00 3.32550168e+00
  3.81960571e-01 1.10676944e+00 0.00000000e+00 1.06561673e+00
  3.07613630e-02 0.00000000e+00 4.11219883e+00 3.77264285e+00
  2.95551419e+00 2.76542830e+00 1.55103314e+00 4.76622772e+00
  4.98252773e+00 5.55193710e+00 9.99266505e-01 4.88968706e+00
  1.62035573e+00 2.88917327e+00 1.87358356e+00 6.55830979e-01
  2.55908895e+00 3.19857192e+00 6.15046358e+00 3.07727957e+00
  4.48521996e+00 4.03356910e-01 6.70709789e-01 7.63730407e-01]]