[[1.51656342e+00 2.24338844e-02 2.99550462e+00 4.13360059e-01
  6.92899764e-01 3.92544723e+00 9.20403767e+00 8.74911666e-01
  8.38294804e-01 1.86968529e+00 1.59729719e+00 1.56592238e+00
  3.12788320e+00 6.56071138e+00 4.33763295e-01 1.21750557e+00
  2.82557696e-01 1.44349128e-01 4.26858693e-01 2.58001137e+00
  7.64486566e-02 1.57543755e+00 1.13650341e+01 1.65302321e-01
  4.80636179e-01 8.71540451e+00 3.32422757e+00 2.04077983e+00
  5.48515272e+00 1.97333729e+00 7.99301714e-02 0.00000000e+00
  3.53348565e+00 4.40974617e+00 4.78529871e-01 4.12357330e-01
  6.25862598e+00 1.41574335e+00 9.19790554e+00 2.73262715e+00
  2.25205612e+00 9.77519453e-01 1.75469053e+00 3.21664739e+00
  0.00000000e+00 4.78384286e-01 5.40305138e+00 8.46288279e-02
  1.82904804e+00 5.16833544e-01 1.11220753e+00 1.25282025e+00
  1.17184067e+00 1.42540443e+00 2.63624907e+00 4.40354395e+00
  4.37723827e+00 2.13305140e+00 2.29214811e+00 0.00000000e+00
  3.95513661e-02 1.98115075e+00 9.12996864e+00 4.91081762e+00
  1.22323823e+00 7.53174782e-01 4.65713406e+00 1.62424922e+00
  3.72535706e-01 1.88531196e+00 2.03446329e-01 7.80815125e-01
  0.00000000e+00 1.37207851e+01 3.70944947e-01 2.20405054e+00
  2.10979596e-01 1.59263086e+00 2.75774741e+00 6.61670256e+00
  2.03969765e+00 8.02076980e-02 8.90792179e+00 1.76435637e+00
  4.09313726e+00 4.05513859e+00 0.00000000e+00 0.00000000e+00
  2.22393107e+00 0.00000000e+00 2.54823375e+00 5.09645081e+00
  3.63919768e-03 4.11926603e+00 3.94434953e+00 2.32658371e-01
  2.16093612e+00 9.93329436e-02 4.83671379e+00 3.02461457e+00
  1.52633429e+00 1.23869741e+00 4.36946869e+00 5.86535168e+00
  0.00000000e+00 2.99156785e+00 2.89253742e-02 5.32156467e-01
  2.23434424e+00 7.59790778e-01 0.00000000e+00 2.21530628e+00
  0.00000000e+00 4.68903875e+00 7.63149083e-01 0.00000000e+00
  5.49441862e+00 4.49705720e-01 1.37847996e+00 2.59791088e+00
  0.00000000e+00 3.31021929e+00 3.58784688e-03 6.99014091e+00
  1.03142366e+01 5.61498022e+00 1.92862940e+00 0.00000000e+00
  2.50335723e-01 8.36954117e+00 1.58921778e+00 7.75609493e-01
  9.89651871e+00 1.80501914e+00 1.12170589e+00 1.74237108e+00
  3.05463150e-02 1.53987992e+00 4.50644064e+00 7.87349319e+00
  6.30854666e-01 1.54461277e+00 3.93842292e+00 8.20480347e+00
  5.67210436e-01 1.58736920e+00 3.23273945e+00 1.06878483e+00
  4.50707912e+00 6.54976666e-02 4.46781576e-01 4.35242325e-01
  4.35473537e+00 0.00000000e+00 5.37745118e-01 5.78018010e-01
  6.07753575e-01 1.10433893e+01 1.40687793e-01 5.73643267e-01
  6.83498919e-01 5.44330692e+00 4.24956679e-01 1.27426660e+00
  2.16506219e+00 7.90209818e+00 1.64470598e-01 6.37467718e+00
  3.92101437e-01 3.69213128e+00 1.31011569e+00 2.01570606e+00
  1.28324652e+00 1.28247440e-01 0.00000000e+00 7.95256943e-02
  7.80735791e-01 2.46067977e+00 4.72079802e+00 3.67631102e+00
  3.28269553e+00 2.19600976e-01 5.97971058e+00 0.00000000e+00
  5.41769791e+00 3.93775314e-01 9.41704333e-01 3.81503671e-01
  6.02705061e-01 8.95628452e-01 2.69918609e+00 0.00000000e+00
  6.90740490e+00 1.90076981e+01 1.63417578e+00 2.34905556e-01
  7.94496357e-01 1.19120235e+01 1.31168568e+00 0.00000000e+00
  2.01389837e+00 0.00000000e+00 2.57717896e+00 2.18018627e+00
  1.29066706e+01 1.80504549e+00 5.84469020e-01 5.11206329e-01
  6.54805064e-01 4.54403728e-01 2.86593556e+00 3.52328062e+00
  0.00000000e+00 7.91679049e+00 0.00000000e+00 8.72917473e-02
  5.77109866e-02 1.38267428e-01 3.12395900e-01 1.90070426e+00
  1.82470894e+00 5.70046759e+00 3.54604214e-01 4.01434541e-01
  2.58230042e+00 8.11353016e+00 7.13302076e-01 1.02018428e+00
  2.00220370e+00 1.10245325e-01 3.48621035e+00 2.86047888e+00
  1.37407529e+00 1.75504005e+00 1.67372990e+00 1.67351997e+00
  5.13103533e+00 2.38565612e+00 1.74633518e-01 1.08117952e+01
  1.12253404e+00 2.77666235e+00 9.03463721e-01 2.54944229e+00
  5.88628888e-01 5.05693960e+00 1.50670443e+01 2.80191481e-01
  3.66411471e+00 3.35343218e+00 2.45365787e+00 1.69453847e+00
  3.77243733e+00 4.91402531e+00 1.19460201e+00 0.00000000e+00
  1.20796883e+00 1.97770989e+00 3.85279727e+00 5.20885372e+00
  3.18861198e+00 3.33002424e+00 0.00000000e+00 2.31649494e+00
  4.45926762e+00 1.60485041e+00 0.00000000e+00 1.26779377e+00
  3.63932204e+00 8.17957520e-02 4.02065659e+00 5.74608946e+00
  1.49310386e+00 2.18062162e+00 6.05881596e+00 3.03815842e-01
  5.86856031e+00 5.73458709e-02 4.29958701e-01 0.00000000e+00
  4.85855532e+00 4.74408817e+00 2.39894128e+00 0.00000000e+00
  1.14349914e+00 6.62952960e-02 1.50362861e+00 3.56255817e+00
  6.09369373e+00 2.55807734e+00 0.00000000e+00 2.23232076e-01
  4.82860661e+00 6.17557430e+00 6.11820459e+00 5.78538132e+00
  4.22344744e-01 0.00000000e+00 5.93774974e-01 0.00000000e+00
  1.43916016e+01 0.00000000e+00 3.75692463e+00 1.47059870e+00
  9.19111073e-01 2.69692421e+00 1.38258429e+01 1.38859570e-01
  2.99893093e+00 8.88722308e-04 2.10778832e+00 3.48669672e+00
  9.08572555e-01 4.53812695e+00 5.04944026e-01 0.00000000e+00
  2.08427668e+00 1.00886116e+01 4.16048384e+00 3.61575294e+00
  6.93991280e+00 4.58059216e+00 1.33300638e+00 1.79274201e+00
  6.69519365e-01 5.90094852e+00 1.02951727e+01 2.54642032e-02
  1.87710929e+00 0.00000000e+00 4.97648746e-01 3.22843313e+00
  2.26737332e+00 1.40925634e+00 4.77521563e+00 2.99800491e+00
  5.43449354e+00 7.02093506e+00 3.50996780e+00 5.81249523e+00
  4.53954506e+00 3.48536968e-01 7.58131862e-01 7.08889484e-01
  2.35841393e+00 5.37566376e+00 3.63327837e+00 1.46535169e-02
  4.55973101e+00 2.45279193e-01 0.00000000e+00 1.64920342e+00
  3.94384694e+00 2.19393086e+00 1.05390227e+00 1.26324368e+00
  6.56094849e-01 1.70481548e+01 1.26140559e+00 5.28072357e-01
  2.59598684e+00 0.00000000e+00 7.65235603e-01 6.95433092e+00
  3.40437531e+00 1.47031367e+00 9.52789783e+00 7.47720301e-01
  2.81777829e-01 8.05231035e-01 8.45898509e-01 2.00029159e+00
  3.89862633e+00 1.96308529e+00 3.53698850e-01 4.87650824e+00
  4.80977967e-02 7.41250181e+00 0.00000000e+00 5.63680220e+00
  4.53117990e+00 3.39677954e+00 1.40688527e+00 2.46791196e+00
  1.84078231e-01 3.89186120e+00 3.76719856e+00 0.00000000e+00
  3.03553081e+00 9.69122791e+00 4.73809727e-02 2.74317145e+00
  6.53407001e+00 3.16003346e+00 2.92517090e+00 2.22771859e+00
  3.13868475e+00 4.32186079e+00 1.29728246e+00 1.36161852e+00
  3.79842424e+00 1.81215801e+01 3.33983803e+00 1.63773670e+01
  1.24711075e+01 2.79713720e-01 0.00000000e+00 4.70240879e+00
  4.33254147e+00 2.62484014e-01 4.85969496e+00 1.77622056e+00
  2.01579463e-02 8.18464565e+00 1.24038506e+00 2.02509880e+00
  4.03490019e+00 2.32604578e-01 0.00000000e+00 8.48290443e-01
  0.00000000e+00 2.12379724e-01 2.59010839e+00 2.30504370e+00
  1.01810944e+00 2.37105227e+00 5.80873489e+00 6.49117851e+00
  2.97371864e+00 1.35189426e+00 1.45946157e+00 8.73199761e-01
  1.72501545e+01 1.29746592e+00 0.00000000e+00 2.42668033e+00
  4.54026031e+00 6.03434420e+00 0.00000000e+00 7.78015614e-01
  6.14905894e-01 0.00000000e+00 3.03506970e+00 1.31740773e+00
  0.00000000e+00 0.00000000e+00 4.68083829e-01 2.78306913e+00
  1.91179800e+00 3.81765924e-02 7.13653937e-02 1.57945061e+00
  1.19931173e+00 6.36639261e+00 2.36702204e+00 2.77198464e-01
  9.28020060e-01 3.31549311e+00 6.33991659e-01 3.05809045e+00
  2.50735593e+00 3.90469241e+00 1.29847288e-01 1.72224677e+00
  2.76887655e-01 8.15374792e-01 9.50345248e-02 9.97392535e-02
  4.53386974e+00 1.53378546e+00 2.16117525e+00 3.98105049e+00
  2.30450463e+00 3.92150998e+00 1.13250124e+00 1.79428947e+00
  4.22982901e-01 1.31631827e+00 1.08381855e+00 1.89923596e+00
  2.24189258e+00 1.67154551e+00 1.33707070e+00 2.86504078e+00
  0.00000000e+00 7.73284149e+00 1.39231789e+00 4.80345786e-02
  2.99105793e-01 5.60804272e+00 2.06146407e+00 1.02536166e+00
  0.00000000e+00 4.97150183e-01 3.51697397e+00 2.76233506e+00
  1.63658106e+00 3.39946699e+00 3.35571527e-01 3.06095576e+00
  3.29708385e+00 1.67315304e+00 6.53996181e+00 9.78455544e-01
  3.63040805e+00 1.21909112e-01 4.16033602e+00 2.39972138e+00
  2.09785891e+00 3.92942965e-01 1.88062096e+00 3.78262854e+00]]