[[8.5417911e-02 2.4107363e+00 2.0395155e+00 2.0137612e-02 0.0000000e+00
  5.2388902e+00 1.7828920e+01 7.4649758e+00 5.4546614e+00 9.5204955e-01
  5.3578091e-01 1.7143841e+00 6.2209249e-01 1.6507084e+00 1.1282623e+00
  3.5494998e+00 0.0000000e+00 8.9988762e-01 3.8212383e+00 4.3699775e+00
  0.0000000e+00 4.5922837e+00 2.7671156e+00 4.2602649e-01 1.4584310e+00
  5.1639280e+00 3.2833201e-01 3.0722382e+00 1.8769469e+00 1.3295397e+00
  9.5810097e-01 4.7155821e-01 2.2110283e+00 9.4922342e+00 5.6801587e-01
  8.1042677e-02 4.0861267e-01 0.0000000e+00 6.0300050e+00 4.5441661e+00
  1.1024346e+00 3.3696043e+00 1.4960685e+00 9.6286755e+00 1.4025176e+00
  5.2389975e+00 2.9113221e+00 9.1831845e-01 3.4627500e+00 2.9284163e+00
  1.1921771e+00 3.7226806e+00 7.7683759e-01 2.2895701e+00 6.5261036e-01
  5.0574150e+00 1.9894306e-01 6.9788785e+00 1.2938056e+00 4.3405813e-01
  1.9283978e+00 4.9021654e+00 2.2818224e+00 5.6619663e+00 1.2783428e-01
  1.2889327e+00 1.2519294e+00 8.5478315e+00 0.0000000e+00 7.6289015e+00
  0.0000000e+00 4.4611490e-01 4.4613938e+00 6.6658807e+00 1.9170079e+00
  6.2863094e-01 1.9455287e+00 6.1704051e-01 8.9316940e-01 0.0000000e+00
  1.5772083e+00 5.0927954e+00 2.4726250e+00 1.6490543e-01 1.0208256e+00
  6.8785629e+00 2.1320176e-01 7.6404208e-01 3.2186639e-01 1.4634553e+00
  8.4774332e+00 2.1612995e+00 8.2970023e-02 3.4255583e+00 5.6943316e+00
  2.5861710e-02 2.1135123e+00 2.1131523e+00 4.2799926e+00 6.5171700e+00
  2.9567766e+00 4.7518849e+00 1.0687010e+00 4.7741346e+00 0.0000000e+00
  0.0000000e+00 2.4556103e+00 6.5320361e-01 3.2812893e+00 3.4480877e+00
  2.6550937e-01 4.9005318e+00 0.0000000e+00 2.8626976e+00 5.3430476e+00
  3.0410588e-01 5.9185977e+00 4.3325618e-01 1.6675968e+00 8.0835438e+00
  1.0273825e+00 1.7269311e+00 0.0000000e+00 2.0873828e+00 1.9974416e-02
  5.7726234e-01 8.3557463e-01 0.0000000e+00 9.6356010e+00 1.2693522e+01
  1.9253957e+00 1.1599389e+00 7.0694318e+00 4.5266312e-01 5.5654597e-01
  7.7270627e-01 8.8855469e-01 1.0276763e+00 1.3123480e+00 2.6860883e+00
  2.4141836e+00 1.7616613e+00 0.0000000e+00 2.7766824e+00 1.1270336e+01
  3.2530012e+00 1.3688582e+00 2.3596810e-01 0.0000000e+00 6.1209416e-01
  1.3809782e-01 2.6744998e-01 1.6273525e+00 1.9945411e-01 1.8438491e+00
  3.2442818e+00 5.5477552e-02 2.4002490e+00 3.3919322e-01 1.0372676e+00
  1.0511155e+00 6.1325610e-01 8.3733139e+00 5.3252137e-01 1.0406251e+01
  2.5927732e+00 1.7797723e-01 9.3229399e+00 2.2369895e+00 1.5758921e+00
  5.6087375e+00 1.5055603e+00 4.1928902e+00 3.5105515e-01 4.2785954e-01
  2.0814948e+00 1.4939291e+00 0.0000000e+00 8.2895994e+00 1.0913848e+01
  0.0000000e+00 0.0000000e+00 8.3695335e+00 7.3320496e-01 1.2933954e+00
  3.0387673e+00 3.5936909e+00 3.6138874e-01 2.5639706e+00 2.9644122e+00
  2.5854018e-01 0.0000000e+00 3.9334533e+00 5.8145075e+00 3.8339608e+00
  6.3794851e-01 7.1113414e-01 1.1289256e+00 1.0984143e+00 0.0000000e+00
  9.2173643e+00 1.2608500e+00 0.0000000e+00 2.0089234e-01 1.0199484e+00
  1.7904537e+00 4.4072366e-01 1.2184857e+00 4.2563312e-02 6.2916017e+00
  5.5419546e-01 3.4259114e+00 1.1783397e-01 3.1449323e+00 5.5449039e-01
  2.3080761e+00 0.0000000e+00 1.6238287e-01 4.0948868e+00 2.5013354e+00
  0.0000000e+00 7.1507773e+00 4.9250311e-01 2.6148540e-01 1.7919576e+00
  6.8122905e-01 4.8890028e+00 8.0460030e-01 8.1605631e-01 1.0678009e-01
  3.0451756e+00 6.5016642e+00 2.5425441e+00 1.2149292e+00 8.8427281e-01
  5.4193121e-01 5.3853542e-01 7.6616325e+00 1.1110406e+00 1.0769466e+01
  1.1872345e+00 4.2296025e-01 1.5196288e+00 5.8046281e-01 2.7935891e+00
  4.1998348e+00 1.2583310e+01 3.6423463e-02 2.9436405e+00 1.2849301e+00
  0.0000000e+00 5.5636249e+00 1.3452093e-01 9.7483122e-01 6.3521075e+00
  0.0000000e+00 5.2965748e-01 6.1762209e+00 6.0468870e-01 4.3073857e-01
  1.7638502e+00 7.4841750e-01 4.3085624e-02 7.2211461e+00 6.4555087e+00
  3.6386469e-01 6.8122993e+00 7.5343847e+00 2.7163603e+00 3.2421064e-01
  8.5199881e+00 0.0000000e+00 7.2021074e+00 2.8959394e+00 7.9615340e+00
  4.7034967e-01 1.2567109e+01 1.2317261e-01 3.7487221e-01 1.4927248e+00
  1.1058635e+01 6.1937337e+00 6.0777020e+00 1.5476365e-01 1.2467687e+00
  2.0559476e-01 1.8191675e+00 1.8393703e+00 4.1659002e+00 0.0000000e+00
  1.0200171e+00 3.2028532e+00 2.6921325e+00 8.2813203e-01 4.9389105e+00
  1.5421429e+00 0.0000000e+00 2.8347354e+00 0.0000000e+00 2.4623814e-01
  5.3054867e+00 0.0000000e+00 1.9087962e+00 0.0000000e+00 3.8528612e+00
  1.4761026e+00 3.2218702e+00 1.3471861e+00 1.4377766e+00 6.6807002e-02
  8.3360949e+00 3.0855685e-01 3.3512208e-01 1.3219588e+00 7.5953984e+00
  2.7030103e+00 2.3952484e+00 9.6953402e+00 5.7563758e-01 5.7803469e+00
  0.0000000e+00 3.6068714e+00 2.7446049e-01 3.6827238e+00 6.7779393e+00
  2.2888837e+00 1.0553024e+01 1.7086351e+00 4.3932195e+00 1.0998478e+00
  5.5170214e-01 7.7181149e+00 2.8084130e+00 2.2217126e+00 5.6686788e+00
  2.3104892e+00 0.0000000e+00 9.8620462e-01 2.9169250e-01 1.9998157e+00
  3.3985674e+00 2.0399430e-01 1.2618480e+00 5.8799815e-01 2.6896393e+00
  7.3389540e+00 2.3216648e+00 0.0000000e+00 3.9164773e-01 4.0596023e+00
  2.0448153e-01 2.2325907e+00 0.0000000e+00 2.3548796e+00 3.2771451e+00
  2.8918374e-01 3.1974800e+00 6.9477539e+00 6.0179281e+00 3.8207550e+00
  1.5398339e+00 5.6220900e-02 7.9430180e+00 3.0804434e+00 4.0475187e+00
  9.1794616e-01 1.4960920e+01 5.8835652e-02 6.6648155e-01 7.4322313e-01
  1.1760197e+00 3.2354794e+00 4.8365051e-01 1.6485422e+00 8.2727492e-01
  1.5954971e+00 2.4187164e+00 1.3845196e+00 1.9060949e+00 8.2339687e+00
  1.1536139e+00 2.8327925e+00 1.4268190e+00 1.4965212e-01 3.1328664e+00
  3.9690950e+00 0.0000000e+00 0.0000000e+00 2.1360944e-01 4.3837771e+00
  2.1922529e+00 2.7776651e+00 1.2392845e+01 8.6425629e+00 3.9082593e-01
  6.6764870e+00 6.4437914e+00 2.9702363e+00 3.9136415e+00 1.6474217e-01
  1.1174145e+00 9.6429634e+00 2.0700192e+00 2.3938903e-01 9.2834463e+00
  2.0971723e+00 1.0131125e+00 8.2992859e+00 0.0000000e+00 3.1674229e-02
  1.0569284e+00 5.9867269e-01 0.0000000e+00 1.2956538e+00 3.5870333e+00
  2.5101265e-01 1.8607461e+00 2.3000650e+00 2.5252302e+00 6.6520805e+00
  3.7459881e+00 5.5910724e-01 2.7931623e+00 3.6687727e+00 0.0000000e+00
  3.8667071e+00 2.2779813e+00 3.8558004e+00 2.7450924e+00 1.1972518e+00
  5.5824165e+00 1.6463984e+00 7.0391923e-01 9.3676907e-01 3.1723807e+00
  3.4479902e+00 1.5364202e+00 5.8815420e-01 0.0000000e+00 5.3146491e+00
  2.3172297e+00 5.0324858e-03 0.0000000e+00 2.5450009e-01 3.0396883e+00
  1.9854463e+00 7.2379684e+00 4.3419227e-01 0.0000000e+00 1.2530911e+00
  1.0730259e+00 3.4484510e+00 9.4891965e-01 6.7466068e+00 1.7679098e+00
  4.0450549e+00 3.5994310e+00 3.7632790e+00 2.4948823e+00 7.9558735e+00
  6.7401046e-01 1.0695019e+01 1.1375220e-01 2.6440451e+00 1.0726554e-01
  0.0000000e+00 4.9259466e-01 6.4731067e-01 3.0225582e+00 5.2976203e-01
  3.3623309e+00 0.0000000e+00 3.6078053e+00 2.4799542e+00 1.8896064e+00
  1.1918361e+00 2.9414040e-03 2.9584045e+00 7.1891603e+00 2.7792433e-01
  1.3930554e-03 6.0769534e-01 3.8251312e+00 3.3193547e-01 0.0000000e+00
  0.0000000e+00 2.6771441e+00 9.0256059e-01 4.5714122e-01 2.6238081e-01
  1.7793772e+00 9.1496259e-01 2.1007858e-02 5.7167616e+00 3.6742272e+00
  1.9834263e+00 3.5196004e+00 2.2379723e+00 3.0536675e-01 6.1329737e+00
  7.7747564e+00 3.0974469e+00 5.5093122e-01 3.7381785e+00 3.3051486e+00
  9.9471897e-01 1.9915528e+00 2.7886415e+00 2.5680866e+00 1.2879643e-01
  4.0665045e+00 6.9837630e-01]]