[[4.9205124e-02 2.0583606e+00 2.9900830e+00 2.6686227e-01 1.3776215e+00
  3.3675116e-02 5.0718842e+00 3.6986980e+00 1.1454942e-01 1.3166554e+00
  6.3622439e-01 0.0000000e+00 6.0004002e-01 4.0635033e+00 0.0000000e+00
  4.3022981e+00 5.8230150e-01 9.7368199e-01 1.7886466e+00 2.3889177e+00
  6.1406130e-01 3.3240108e+00 1.1398278e-01 0.0000000e+00 3.7808411e+00
  5.3626628e+00 1.2718381e-01 1.5732975e+00 4.4073143e+00 5.2137375e+00
  1.9458796e+00 1.1712179e+00 4.9353580e+00 4.3579302e+00 2.2733366e+00
  6.1048329e-01 0.0000000e+00 2.5326428e-01 6.6979256e+00 1.1895273e+00
  1.6082836e+00 3.4182730e-01 7.3543394e-01 2.2349560e+00 1.7920585e-01
  7.4655252e+00 3.8579404e+00 3.8970530e+00 1.7196624e+00 3.6044281e+00
  0.0000000e+00 4.1270175e+00 3.9777288e-01 9.4176376e-01 3.1509623e-01
  1.2841768e+00 3.8498507e+00 9.6854544e+00 7.3856455e-01 7.2615916e-01
  6.7018600e+00 9.1504163e-01 5.0015421e+00 4.3708177e+00 0.0000000e+00
  1.1935392e+01 1.1924933e+00 4.3277950e+00 2.9329784e+00 1.4658178e+00
  6.7283028e-01 8.8696712e-01 2.5700183e+00 1.0463274e+01 9.7631073e-01
  2.9573529e+00 1.5385860e+00 3.1822554e-03 5.7672864e-01 2.2369831e+00
  2.9895992e+00 1.5612573e-02 4.1151781e+00 3.5411528e-01 3.5336957e+00
  1.2221010e+00 2.0505594e-02 2.7243092e+00 6.5172291e-01 0.0000000e+00
  6.5901079e+00 5.2394385e+00 0.0000000e+00 1.5376643e+00 9.0787954e+00
  1.2401679e+00 4.1185784e+00 3.3586783e+00 2.8206818e+00 3.8787901e+00
  4.9525288e-01 2.1830044e+00 4.3176622e+00 2.6907284e+00 4.9173567e-01
  2.2097996e-02 4.1783422e-01 0.0000000e+00 3.6646929e+00 2.6292355e+00
  2.9746468e+00 8.8980544e-01 8.6099541e-01 1.0650306e+00 3.1624620e+00
  2.1989731e-01 4.7271347e+00 2.9804170e+00 6.2570186e+00 1.4343057e+00
  3.3512485e-01 1.4889916e+00 4.1460216e-01 5.1136894e+00 0.0000000e+00
  2.9026568e+00 2.2159366e-01 0.0000000e+00 0.0000000e+00 1.3840327e+01
  5.0899825e+00 6.4055789e-01 9.0905104e+00 1.0597802e+00 2.2206886e+00
  3.5128920e+00 2.2869942e+00 4.8053002e+00 8.3966923e-01 1.5200825e+00
  4.7997308e+00 1.6876001e+00 1.1430174e+00 6.4404716e+00 4.2662430e+00
  2.4035404e+00 3.2805696e-01 8.5561448e-01 2.7045145e+00 0.0000000e+00
  1.3117236e-01 2.0209079e+00 7.0784364e+00 1.5159236e+00 2.3101342e+00
  5.4121351e+00 3.8347108e+00 2.8713498e+00 6.5158038e+00 3.3068037e+00
  2.6485002e+00 3.6669903e+00 2.1284695e+00 6.2665498e-01 4.6233015e+00
  7.7380009e+00 1.8460399e-01 4.1590405e+00 0.0000000e+00 2.0646863e+00
  1.4139818e+00 1.3383429e+00 8.7578421e+00 9.8748523e-01 0.0000000e+00
  2.4674480e+00 5.9909844e+00 0.0000000e+00 1.1740894e+01 4.5545135e+00
  7.0741196e+00 1.6080503e+00 1.4444332e+00 7.9033911e-01 2.4117692e+00
  1.2692422e+00 3.3496573e+00 3.4919920e+00 1.4025972e+00 2.6315718e+00
  1.3229080e+00 0.0000000e+00 5.2135959e+00 5.7467389e+00 0.0000000e+00
  1.0038071e+00 4.1981959e+00 1.6254807e+00 1.1165190e+00 7.9129171e-01
  0.0000000e+00 0.0000000e+00 1.2480946e+00 0.0000000e+00 3.2282708e+00
  7.4003720e-01 2.9662669e+00 2.4895012e+00 5.2337956e-01 1.0509543e+00
  3.1266093e+00 3.3061435e+00 0.0000000e+00 1.0172806e+00 5.6792128e-01
  0.0000000e+00 4.7290783e+00 1.8084468e+00 1.7614421e+00 1.8678548e+00
  2.9848859e-01 2.0247416e+00 3.9594011e+00 1.8886420e+00 5.5619195e-02
  7.1495968e-01 3.0721757e+00 2.6335948e+00 3.9707546e+00 1.6334844e-01
  1.1696768e+00 1.5997057e+00 7.5983739e-01 4.9954915e-01 7.8509271e-01
  1.0118517e+00 1.4340618e+00 1.0936634e+01 1.7712057e+00 6.9405597e-01
  3.3064160e+00 0.0000000e+00 2.8007975e+00 2.6675742e+00 3.1658790e+00
  3.0474813e+00 1.1624357e+01 1.0449862e+01 2.0151458e+00 2.6448863e+00
  6.0735364e-02 1.3349233e+00 0.0000000e+00 4.5386677e+00 7.4656186e+00
  1.2625693e+00 4.0471406e+00 4.1921248e+00 2.4095387e+00 3.2594581e+00
  2.4456496e+00 5.0323311e-02 7.3787594e-01 5.0693178e+00 3.4830639e+00
  4.6489210e+00 0.0000000e+00 2.0253930e+00 4.3488212e+00 8.2898390e-01
  2.6820819e+00 6.5590120e-03 2.2450120e+00 5.6226902e+00 4.2218471e+00
  2.0434937e+00 1.3407975e+00 1.4662317e+00 0.0000000e+00 9.8414272e-01
  1.2944406e+00 3.8051541e+00 1.4795488e+00 1.5581777e+00 3.2576623e+00
  1.2284450e-01 6.2520027e+00 4.9363499e+00 2.1481757e+00 2.8054950e+00
  8.1300050e-01 1.9028488e+00 6.3525242e-01 9.5393068e-01 1.3168569e+00
  6.1636410e+00 3.0061570e-01 3.0168500e-02 1.4382463e+00 0.0000000e+00
  9.3756638e+00 4.5385156e-02 7.3774940e-01 8.1085986e-01 1.4177877e+00
  3.8311319e+00 2.3706278e-01 1.9078114e+00 3.1478677e+00 0.0000000e+00
  4.6703386e+00 1.9474177e+00 5.5792995e-02 2.9786448e+00 2.2407947e+00
  0.0000000e+00 1.8774271e+00 1.1939661e+01 1.4425719e+00 4.2806444e-01
  4.0382063e-01 0.0000000e+00 1.6347789e+00 2.5753777e+00 6.7782795e-01
  1.3965302e+00 4.9766493e+00 2.1632721e+00 9.8838395e-01 2.3770048e-01
  1.2405984e-01 4.2162147e+00 2.0918362e+00 4.5308976e+00 7.5519166e+00
  1.4900457e+00 2.2109158e+00 6.3379841e+00 9.1004305e+00 1.6410151e+00
  1.0232683e+00 0.0000000e+00 1.5771711e-01 1.3840699e+00 7.5253224e-01
  1.1301068e+00 1.6314940e+00 2.3184340e-01 5.6343520e-01 6.4573444e-02
  5.0515151e-01 4.2827800e-02 3.6299360e-01 5.4902592e+00 1.4432495e+00
  1.5340953e-01 5.1884711e-01 1.3507761e+01 1.8059372e+00 8.5399723e-01
  3.1296926e+00 6.2385511e-01 5.5470686e+00 2.3742075e+00 8.3102665e+00
  2.1917708e+00 1.2255929e+01 5.6464195e-01 1.5129824e+00 2.1041460e+00
  0.0000000e+00 2.1442564e+00 3.7757642e+00 2.0037036e+00 1.3262329e+00
  2.7254312e+00 2.5279481e+00 5.3374109e+00 7.5457902e+00 2.5918579e+00
  1.4775395e+01 2.7519741e+00 6.0849404e+00 7.3250580e-01 4.7642457e-01
  5.4570407e-01 5.3432685e-01 2.7805362e+00 1.6778536e+00 7.2832932e+00
  2.4882281e+00 6.4033651e+00 3.0612967e+00 3.5124125e+00 3.3882469e-02
  2.4188325e+00 4.9092026e+00 1.2421703e+00 2.8315198e+00 2.8146744e-01
  1.6492357e+00 2.9842629e+00 2.1356907e+00 1.4153181e+01 9.2425460e-01
  9.2636929e+00 5.5864649e+00 6.7913475e+00 1.5358816e+00 1.7619084e+00
  1.0208663e+00 2.3072052e+00 3.2138625e-01 1.3378599e-01 3.2406349e+00
  6.1900270e-01 5.0829453e+00 5.9495467e-01 3.5411614e-01 6.6714883e-01
  1.0772139e+00 4.7510952e-01 1.2675598e+00 5.4455304e+00 1.9715555e+00
  1.0030864e-01 6.2026000e+00 7.2272215e+00 0.0000000e+00 2.1134880e-01
  8.6421657e-01 8.6494045e+00 4.9593015e+00 1.2322671e+00 2.7883369e-01
  6.6134157e+00 4.0424156e+00 3.0566173e+00 3.7225068e+00 2.6035373e+00
  8.5499656e-01 3.5212665e+00 8.5086977e-01 4.5485978e+00 1.2979336e-01
  5.9035635e-01 2.3205839e-01 6.8568170e-01 1.8954424e+00 2.3642655e-01
  0.0000000e+00 2.6654880e+00 3.2178781e+00 6.8804755e+00 1.1366830e+00
  2.6529551e-01 1.8566390e+00 2.4560132e+00 1.3249823e+00 2.8049233e+00
  8.5561228e-01 8.2803510e-02 6.0988176e-01 8.9224443e-02 1.3631607e+00
  0.0000000e+00 1.5467834e+00 3.2904258e-01 1.0518110e+01 1.8613193e+00
  2.1681457e+00 9.3681240e-01 0.0000000e+00 4.2247562e+00 8.4418745e+00
  2.3470571e+00 0.0000000e+00 3.6469789e+00 8.4847698e+00 2.3326688e+00
  1.0143790e+00 1.9891438e+00 2.4495862e+00 9.7340593e+00 0.0000000e+00
  1.8957119e+00 2.9621563e+00 2.3769226e-02 6.4601906e-02 1.1768757e+00
  1.2068760e+00 1.1166543e+00 3.7853200e+00 2.8714478e+00 1.4032991e+00
  2.5373704e+00 1.1845630e-01 3.9737053e+00 6.2547445e+00 1.6529657e+00
  7.3808708e+00 1.3241163e+00 2.1115398e+00 5.8597193e+00 6.5111656e+00
  6.5204424e-01 4.8606381e+00 1.2968132e+00 3.2018940e+00 1.9806869e-01
  4.7156968e+00 6.0034096e-01]]