[[6.2060016e-01 1.5028427e+00 1.2872539e+00 3.8045044e+00 2.2901890e-01
  7.1997228e+00 1.7349159e+01 3.6175656e+00 5.3231734e-01 3.4595197e-01
  3.2214761e+00 4.5508680e+00 5.1311827e+00 5.4151902e+00 5.6376591e+00
  4.5676613e+00 5.3092211e-01 9.2883563e-01 2.3146193e-01 4.3251143e+00
  8.6326349e-01 9.4494972e+00 4.9782500e+00 8.2562685e-01 2.6268980e-01
  1.2728350e+01 3.3988597e+00 1.2005724e-01 1.7330287e+00 4.4690970e-02
  0.0000000e+00 6.9728656e+00 6.5643144e+00 5.8714194e+00 7.8328496e-01
  7.6831484e+00 4.0440087e+00 0.0000000e+00 5.8047299e+00 4.1020899e+00
  1.1393636e-01 3.5534718e+00 9.0029230e+00 6.5462174e+00 1.8834172e-01
  3.9874002e-01 4.1674232e+00 1.7069892e+00 2.9562166e+00 8.9515533e+00
  3.6597121e+00 1.6226268e+00 2.1810411e-01 2.6640224e+00 6.3901310e+00
  7.8905721e+00 2.3690834e+00 4.1093268e+00 1.8946931e+00 3.4756560e-02
  9.3068928e-01 1.5308193e+00 1.2169318e+01 1.0680783e+01 8.2376499e+00
  1.3956954e+01 5.0253906e+00 4.5126171e+00 1.6537663e+00 4.5018420e+00
  1.0529706e+00 2.3160961e-01 3.8684103e+00 2.0978522e+00 1.4000598e-02
  3.0794090e-01 1.8800512e-01 2.7147572e+00 2.4503036e+00 3.9777265e+00
  2.0148008e+00 1.1957564e+00 6.8106952e+00 3.7872896e-01 4.3742537e+00
  2.7360492e+00 1.2076272e+00 0.0000000e+00 2.2247806e+00 1.3638917e+00
  4.6087441e+00 6.2183933e+00 3.6785632e-01 6.9777932e+00 1.6092947e+00
  2.4995658e-01 1.3873438e+00 1.2562199e+00 4.7313051e+00 1.2129592e+00
  8.1369358e-01 6.7133486e-01 5.2559896e+00 3.4531150e+00 6.1420864e-01
  3.5187438e+00 3.1643910e+00 3.3890126e+00 2.7990949e-01 1.6955444e+00
  7.0282716e-01 7.1631794e+00 5.1496738e-01 5.0230513e+00 2.1864066e+00
  6.9205832e-01 4.0462513e+00 4.4124082e-01 1.8359371e+00 4.5117836e+00
  2.6214430e+00 1.1891899e-01 5.5668707e+00 5.2127652e+00 4.8798966e+00
  9.6662283e+00 2.1988957e-01 0.0000000e+00 3.1580153e+00 2.3270924e+01
  6.5643234e+00 5.1743931e-01 4.2027531e+00 1.2955085e+00 0.0000000e+00
  3.4899886e+00 4.1014698e-01 4.2935791e+00 1.9992715e+00 5.6321967e-01
  6.4286715e-01 1.1098357e+00 1.6426823e+00 6.3490744e+00 4.0055361e+00
  3.4404035e+00 3.1007481e-01 2.0528381e+00 5.6279116e+00 8.1049246e-01
  1.0751152e+01 2.4498584e+00 6.5097718e+00 4.5281336e-01 3.9079159e-01
  4.7815161e+00 1.9657909e+00 1.0302105e+01 1.7566136e+00 2.7516711e+00
  2.7179441e+00 1.9373994e+00 2.2085130e+00 4.6151862e+00 8.1683359e+00
  1.6020150e+00 4.2593712e-01 4.1964297e+00 3.1252892e+00 3.9722772e+00
  9.9142480e-01 1.9653023e+00 9.2822170e+00 4.3167000e+00 1.5911270e+00
  2.5177441e+00 2.1799183e-01 4.5169121e-01 1.3121412e+01 1.3055803e-01
  4.0257502e+00 2.8176372e+00 1.1740608e+01 1.5622293e+00 1.7355310e+00
  6.9759035e-01 3.3933830e+00 1.6444234e+00 1.5855874e+00 3.2254133e+00
  7.0138007e-01 1.1154963e+00 2.0368643e+00 3.4991076e+00 5.1033859e+00
  4.8797548e-01 1.9651551e+00 1.4837857e+01 2.3520143e+00 5.7914290e+00
  2.0733232e+00 6.1855209e-01 3.8559079e-01 5.5987394e-01 5.5882592e+00
  9.5128173e-01 1.8811375e+00 0.0000000e+00 3.6410501e+00 6.9623446e+00
  5.0762577e+00 3.6681700e+00 1.4318424e+00 5.0473270e+00 0.0000000e+00
  3.6356592e-01 1.4829473e+00 2.7396615e+00 4.8997927e-01 8.8944566e-01
  5.9068909e+00 2.2644107e+00 3.1436830e+00 1.2135024e+00 1.0467757e+00
  6.6175327e+00 3.6909005e-01 1.6196613e+00 4.6893263e+00 2.2015944e+00
  4.2061477e+00 1.8539454e+00 2.6674500e+00 2.7289906e+00 1.0987092e+00
  0.0000000e+00 4.7280941e+00 1.5920520e+01 4.4049314e-01 1.3307154e+00
  1.7977463e+00 4.7679038e+00 3.3599684e+00 1.0999177e+00 1.8398494e+00
  6.1512933e+00 1.2683792e+01 1.4116810e-01 3.2570062e+00 9.7241157e-01
  1.4851102e+01 2.5357125e+00 6.0008345e+00 3.1638618e+00 4.3533745e+00
  3.5046773e+00 1.8217729e-01 8.6803532e+00 3.0219097e+00 1.4011436e+00
  1.3207277e+00 7.0896840e-01 7.9719245e-01 2.8058004e+00 5.3420796e+00
  0.0000000e+00 2.0156770e+00 2.4127069e+00 3.5100820e+00 2.7184994e+00
  4.8538313e+00 7.4007756e-01 3.5469632e+00 3.6460783e+00 9.0435209e+00
  6.6560907e+00 5.1379209e+00 1.7687093e+00 4.8728311e-01 3.1255820e+00
  5.6494737e+00 5.3259583e+00 1.3931816e+01 2.2387199e+00 2.1233900e+00
  1.9079944e-02 1.1236832e+00 3.2445819e+00 5.7271523e+00 1.0007128e+00
  9.8968640e-02 2.1580527e+00 8.5668364e+00 8.7932950e-01 1.9642981e+00
  7.9022333e-02 1.9969283e+00 1.1029263e+00 4.7752037e+00 0.0000000e+00
  9.5909321e-01 4.7126532e+00 3.3243804e+00 2.6583686e+00 3.2129178e+00
  5.5586058e-01 5.7168293e+00 8.1391048e-01 4.2772832e+00 2.4927201e+00
  8.2666838e-01 3.8419976e+00 5.4015722e+00 1.9740398e+00 3.5943859e+00
  1.9399418e+00 2.1440181e-01 3.8141186e+00 1.2227479e+00 1.6852717e+00
  6.1730075e+00 1.9443364e+00 8.2730970e+00 6.9150472e+00 1.6547797e+00
  1.9545304e+00 8.9120741e+00 6.6707861e-01 9.3543285e-01 1.3080647e+00
  1.2842585e-01 3.7371655e+00 8.1751907e-01 1.7294449e+00 5.4573379e+00
  3.0328722e+00 2.9974318e+00 8.2560759e+00 9.8143893e-01 5.8479486e+00
  6.3565249e+00 5.3270400e-01 2.3147330e+00 0.0000000e+00 4.1466050e+00
  9.0226631e+00 7.9422170e-01 0.0000000e+00 4.1976328e+00 3.4819692e-01
  1.4996852e+00 9.9800259e-01 3.7709004e-01 2.5141439e+00 2.8595207e+00
  2.9264614e-01 3.4054720e+00 7.1992960e+00 2.4960146e+00 8.1122285e-01
  3.5566642e+00 4.3041542e-02 7.0812625e-01 5.8791299e+00 3.6098163e+00
  3.3238869e-02 1.1519925e+01 1.2220408e-01 7.9392743e-01 1.8349074e+00
  1.6722054e+00 3.9804919e+00 7.1489768e+00 5.3334327e+00 1.1040980e+00
  1.2784251e+00 5.2122533e-01 6.3635178e+00 0.0000000e+00 1.3272808e+01
  9.4502878e+00 4.8711829e+00 3.6093661e-01 2.1724539e+00 5.0887914e+00
  3.5666871e-01 6.0737910e+00 1.4991447e-01 5.9847200e-01 3.3996894e+00
  5.6712060e+00 3.2302423e+00 1.2236385e+01 4.9905849e+00 1.0350013e-02
  4.9318609e+00 2.1365423e+00 3.3313205e+00 8.6046118e-01 1.3785356e+00
  5.8900914e+00 8.6536360e+00 2.7593672e+00 9.2690104e-01 4.2434931e+00
  4.2462945e-01 0.0000000e+00 6.5027580e+00 6.2098308e+00 3.0534523e+00
  4.7189651e+00 1.0605335e+00 0.0000000e+00 3.0556214e+00 6.4967389e+00
  6.2929487e+00 1.3173715e+00 6.8000698e-01 1.6962425e+00 1.1112782e+00
  1.7400137e+00 9.5439953e-01 1.0311267e+00 1.0572380e+01 1.4251578e-01
  3.4485850e+00 2.8920424e+00 1.3301693e+01 3.8091488e+00 6.5735704e-01
  4.4052637e-01 4.8982573e-01 1.3115205e+01 2.0554433e+00 3.7197021e-01
  2.9641900e+00 1.3118871e+01 7.6924521e-01 2.2126117e-01 2.5197957e+00
  6.9903481e-01 2.2910480e-01 1.4141245e+00 9.0449226e-01 2.4781442e-01
  2.4407659e+00 2.2801771e+00 2.4935880e+00 6.7139177e+00 2.5836852e-01
  3.1127095e+00 5.4773951e+00 4.6982150e+00 8.3663836e+00 2.5670490e+00
  0.0000000e+00 4.0858836e+00 1.6159344e+00 1.6600804e+00 2.4913950e+00
  5.6172886e+00 3.2103939e+00 4.4844335e-01 3.7632058e+00 7.5645385e+00
  1.3964167e+00 1.1102465e+00 1.6299471e+00 5.0771012e+00 8.2871354e-01
  1.8687097e+00 3.6113536e+00 2.0788572e+00 5.5441065e+00 0.0000000e+00
  2.4702294e+00 9.7444642e-01 1.1244252e+00 3.5409334e+00 4.5381007e+00
  1.2525730e+00 0.0000000e+00 2.5843196e+00 3.8169060e+00 5.3491774e+00
  8.7912998e+00 4.4296632e+00 1.7537695e+00 2.1400139e+00 6.1123610e+00
  6.1787047e+00 1.0337528e+01 1.8259085e+00 3.1944933e+00 1.4849573e+00
  3.8192548e-02 3.5305564e+00 5.7888761e+00 4.4528856e+00 5.5299797e+00
  9.1659250e+00 2.2702055e+00 2.6975799e+00 2.8580885e+00 3.4952264e+00
  1.6567942e+00 4.0456591e+00 2.0565772e+00 1.2240217e+00 6.3216925e-01
  1.5578502e+00 4.7962971e+00]]