[[1.77158046e+00 2.17580748e+00 0.00000000e+00 1.96916580e-01
  4.66702223e-01 1.72610784e+00 8.92417717e+00 3.81799750e-02
  6.46812737e-01 1.47748962e-02 3.54764819e+00 3.50405455e+00
  7.25123644e+00 2.18782020e+00 0.00000000e+00 4.24670649e+00
  2.04500747e+00 2.88685822e+00 0.00000000e+00 4.96530008e+00
  3.20581031e+00 4.97452068e+00 2.22099328e+00 1.32565928e+00
  2.54887986e+00 2.88676429e+00 0.00000000e+00 1.58074111e-01
  1.66572225e+00 7.02173933e-02 7.90545464e-01 2.99821645e-01
  2.73713613e+00 3.28168416e+00 6.96595669e-01 2.85984421e+00
  2.96523809e+00 1.16286324e-02 7.16704655e+00 7.86650062e-01
  2.47154698e-01 6.58492470e+00 3.87278124e-05 9.78163719e+00
  1.11908805e+00 1.58165014e+00 5.21220677e-02 2.88103199e+00
  4.25013590e+00 4.06264734e+00 1.02693093e+00 0.00000000e+00
  1.16410637e+00 1.09172308e+00 2.74445009e+00 2.84429407e+00
  2.04801655e+00 1.02047663e+01 4.88935858e-01 3.22059155e-01
  0.00000000e+00 1.44366455e+00 1.05956650e+01 4.03706312e+00
  4.94248688e-01 1.79291904e+00 2.12694430e+00 8.23824978e+00
  2.94559151e-01 4.82441157e-01 1.98908794e+00 3.86169505e+00
  0.00000000e+00 6.48651981e+00 2.52076387e+00 1.73880482e+00
  4.43515873e+00 0.00000000e+00 1.69134533e+00 1.79155016e+00
  4.06013775e+00 1.40589600e+01 5.62569380e+00 0.00000000e+00
  9.52513790e+00 7.92062187e+00 1.00358427e+00 0.00000000e+00
  1.30424080e+01 4.38549185e+00 3.66033125e+00 3.48034835e+00
  8.50476801e-01 5.97058725e+00 4.26733255e+00 0.00000000e+00
  8.76886308e-01 2.36121440e+00 2.76035070e-01 3.67849970e+00
  1.24759412e+00 1.29996884e+00 8.43654919e+00 1.09647675e+01
  0.00000000e+00 4.74614978e-01 2.97512817e+00 0.00000000e+00
  2.69427371e+00 0.00000000e+00 6.66851044e-01 1.12799466e+00
  6.25070393e-01 2.00473952e+00 4.58024472e-01 1.07150328e+00
  1.35559816e+01 3.76442122e+00 3.60931492e+00 3.32560688e-02
  7.84042299e-01 8.57999444e-01 1.76039636e-02 4.04454708e+00
  1.98515818e-01 9.70898867e-01 2.65128344e-01 2.58522749e-01
  0.00000000e+00 5.47592163e+00 1.22856131e+01 1.68444228e+00
  2.08329654e+00 7.56640956e-02 1.09887570e-01 2.41518474e+00
  1.64957896e-01 0.00000000e+00 5.91990650e-01 1.37285805e+01
  1.83431351e+00 0.00000000e+00 1.72623289e+00 2.14309049e+00
  7.52280116e-01 5.11147201e-01 7.38319302e+00 2.19246149e+00
  2.44997525e+00 3.23767400e+00 4.13924599e+00 6.90510845e+00
  3.83362317e+00 0.00000000e+00 1.18868101e+00 8.00943565e+00
  1.47003964e-01 3.72121406e+00 7.07317650e-01 3.95039082e+00
  0.00000000e+00 9.61616993e+00 3.47854304e+00 5.48891783e+00
  3.52964783e+00 6.39580727e+00 0.00000000e+00 4.89549208e+00
  1.51663506e-02 4.44465256e+00 1.28590941e-01 6.60016060e+00
  7.15282774e+00 2.66759539e+00 1.67724466e+00 1.54849005e+00
  2.66048717e+00 1.34825778e+00 1.81529026e+01 3.42121387e+00
  0.00000000e+00 3.72302741e-01 7.99128675e+00 2.33709240e+00
  1.07208855e-01 1.06286144e+00 7.82890081e+00 0.00000000e+00
  2.92852902e+00 5.57991171e+00 1.16435232e+01 0.00000000e+00
  1.38793468e+00 3.85686851e+00 2.41658449e+00 1.88504851e+00
  2.18766379e+00 1.20401525e+00 7.26092100e-01 9.85695553e+00
  5.94728851e+00 4.87451315e-01 0.00000000e+00 1.61045802e+00
  7.16454649e+00 2.52641177e+00 1.20835173e+00 2.82690716e+00
  3.71610308e+00 4.11785030e+00 4.89340115e+00 4.30305815e+00
  2.49985576e+00 3.13063025e+00 0.00000000e+00 0.00000000e+00
  0.00000000e+00 3.08146667e+00 2.11056995e+00 2.27725148e+00
  5.36801624e+00 1.02287178e+01 0.00000000e+00 1.12150335e+00
  1.76680839e+00 1.00371754e+00 1.58487940e+00 2.50738263e-01
  3.52947426e+00 0.00000000e+00 3.65703011e+00 4.12336159e+00
  1.87555027e+00 3.42367411e-01 3.85879248e-01 2.69783735e+00
  0.00000000e+00 1.90432096e+00 0.00000000e+00 2.36682963e+00
  6.40815973e-01 2.67661393e-01 1.53032064e+00 4.32418776e+00
  3.43927646e+00 8.79976082e+00 6.76059341e+00 4.65801775e-01
  5.64681530e-01 4.88373852e+00 2.39836764e+00 2.88616347e+00
  0.00000000e+00 3.57000113e+00 9.26870644e-01 9.42664921e-01
  2.39248204e+00 3.69598478e-01 1.85605991e+00 3.27623010e+00
  0.00000000e+00 6.48450926e-02 9.31958258e-01 0.00000000e+00
  1.67421556e+00 1.30127692e+00 2.06138563e+00 3.64618421e+00
  4.21257687e+00 8.23319435e-01 1.35484552e+01 2.44350243e+00
  0.00000000e+00 4.73434687e-01 6.56322289e+00 6.75577819e-01
  1.44755688e+01 2.16028261e+00 0.00000000e+00 2.31749845e+00
  3.93279099e+00 7.32163334e+00 8.17565346e+00 1.16371560e+00
  8.33475399e+00 7.40110278e-01 4.12564898e+00 1.22724032e+00
  3.84301662e+00 2.88205171e+00 1.76815200e+00 3.99633670e+00
  1.44255257e+01 1.22214880e+01 4.86382151e+00 9.12539363e-02
  6.14736080e+00 8.75401080e-01 0.00000000e+00 4.44426090e-01
  7.22211242e-01 1.61474085e+00 6.41988182e+00 7.38492310e-01
  1.92581236e+00 1.49761236e+00 6.51416063e+00 2.19399595e+00
  3.11782598e+00 8.21809396e-02 3.43330002e+00 3.73142099e+00
  6.09430313e+00 2.19849157e+00 2.71159267e+00 3.45756441e-01
  2.23631072e+00 2.82383084e+00 9.84296989e+00 1.19147789e+00
  2.18799189e-01 8.65147591e+00 3.84054184e+00 1.32730544e+00
  8.95241797e-01 4.86470938e+00 1.35979128e+01 1.30310461e-01
  1.56446898e+00 4.76330900e+00 1.14623904e+00 6.83041930e-01
  7.27432370e-02 7.75839686e-01 4.18689299e+00 4.02661896e+00
  3.09421110e+00 5.42282283e-01 2.63189125e+00 1.06908953e+00
  1.52065694e+00 0.00000000e+00 2.63861597e-01 0.00000000e+00
  1.09022367e+00 2.94085002e+00 1.80458021e+00 2.30553925e-01
  2.12509847e+00 5.10574007e+00 9.93147679e-03 8.20379034e-02
  0.00000000e+00 1.34881907e+01 2.82687038e-01 3.95543814e+00
  2.58835793e+00 5.14588594e+00 2.81059098e+00 3.15302920e+00
  8.75435066e+00 2.44083071e+00 7.00345993e+00 2.76239812e-01
  8.61712742e+00 7.35033929e-01 1.41325769e+01 3.08630037e+00
  1.09220922e+00 1.07083225e+01 3.91945124e+00 3.89566049e-02
  1.05286388e+01 3.69065452e+00 5.15387297e-01 1.45747840e+00
  6.47207785e+00 4.03688133e-01 0.00000000e+00 4.90956306e+00
  1.83367312e+00 4.14761734e+00 6.90458775e-01 2.67487097e+00
  5.63340998e+00 0.00000000e+00 4.51002741e+00 0.00000000e+00
  2.06084192e-01 4.02213717e+00 1.14401329e+00 5.84616698e-02
  1.15588923e+01 2.35181236e+00 1.53117647e+01 2.57088685e+00
  2.65735745e+00 3.07024813e+00 4.92119122e+00 2.51616311e+00
  9.20836926e+00 1.17361479e+01 3.48654485e+00 3.36915064e+00
  5.87590694e+00 1.43747008e+00 9.35062692e-02 1.29614985e+00
  5.70192039e-01 3.65394378e+00 2.13762712e+00 2.11053538e+00
  0.00000000e+00 0.00000000e+00 4.41726029e-01 2.24298525e+00
  0.00000000e+00 1.10088491e+00 0.00000000e+00 2.03165814e-01
  4.33055731e-03 1.10564256e+00 1.09409046e+00 7.82086372e+00
  1.93559334e-01 1.51004708e+00 4.69746780e+00 1.72915244e+00
  0.00000000e+00 3.50183487e-01 7.25752831e+00 0.00000000e+00
  3.11109447e+00 7.01449537e+00 1.12363920e+01 4.37410212e+00
  0.00000000e+00 4.11307156e-01 0.00000000e+00 6.25648355e+00
  1.02908599e+00 1.55074298e+00 3.63504827e-01 3.56879616e+00
  1.91601551e+00 4.62717980e-01 1.94123447e-01 1.21447408e+00
  5.37847900e+00 6.89871311e-01 1.93370402e+00 4.96494913e+00
  4.27301741e+00 2.50743771e+00 4.55813026e+00 1.46365434e-01
  4.90045404e+00 0.00000000e+00 1.18218958e+00 2.51917481e+00
  6.22750711e+00 3.11099124e+00 2.18883634e+00 3.33916903e-01
  9.24582183e-01 7.29785621e-01 7.40630293e+00 4.42557782e-01
  4.44984770e+00 2.37866187e+00 1.48490548e-01 2.71161628e+00
  8.00849628e+00 2.04220581e+00 2.19484282e+00 3.14827275e+00
  4.55300236e+00 7.02013373e-01 2.62321377e+00 3.05254221e+00
  1.22095525e-01 0.00000000e+00 2.90780514e-02 7.09709153e-02
  3.53340864e+00 0.00000000e+00 3.02892119e-01 4.79005307e-01
  1.04053330e+00 1.24733520e+00 4.35049772e+00 7.03453779e+00
  1.49183309e+00 6.56361723e+00 7.73280478e+00 1.21525419e+00
  3.53022957e+00 1.22154016e+01 2.36469030e+00 9.55464482e-01
  6.76770353e+00 1.56953132e+00 9.85333633e+00 2.07333517e+00
  2.88122320e+00 1.51228249e+00 8.95363903e+00 3.55542946e+00
  2.34439802e+00 1.18234575e+00 2.11321926e+00 5.72783463e-02]]