[[1.65920055e+00 8.70714474e+00 2.30030346e+00 1.31042406e-01
  9.86168087e-01 5.39213240e-01 3.93660998e+00 1.93414903e+00
  4.02991867e+00 1.66850388e+00 2.16453314e+00 5.42554140e-01
  0.00000000e+00 4.37199354e+00 0.00000000e+00 5.85657215e+00
  2.18531585e+00 4.82883185e-01 2.76335144e+00 5.73445845e+00
  0.00000000e+00 4.76081431e-01 2.15389371e+00 3.50647044e+00
  3.90602887e-01 1.11539817e+00 1.01892722e+00 2.05696907e+01
  3.83822560e+00 5.78763771e+00 2.09821391e+00 1.27860785e+00
  3.20289302e+00 1.79998085e-01 2.76071358e+00 0.00000000e+00
  0.00000000e+00 4.07131195e+00 4.83507347e+00 4.36257720e-01
  3.91529012e+00 4.67356253e+00 3.44093852e-02 5.21235847e+00
  3.22290629e-01 1.74521792e+00 2.92742109e+00 5.65516806e+00
  1.29668820e+00 1.34134018e+00 1.57805815e-01 5.20788765e+00
  2.83874917e+00 4.58618832e+00 2.04572320e+00 1.97006726e+00
  6.32300568e+00 3.51622200e+00 8.26710463e-01 9.85792577e-01
  6.80344486e+00 4.20249271e+00 6.96721840e+00 9.04360950e-01
  7.04050139e-02 1.10166812e+00 0.00000000e+00 2.05651593e+00
  6.00467873e+00 4.26890469e+00 9.77905369e+00 8.04999590e-01
  2.71832156e+00 5.78125596e-01 0.00000000e+00 5.20516515e-01
  5.47391698e-02 0.00000000e+00 1.40042639e+01 2.31666970e+00
  9.62902784e-01 9.25112844e-01 7.14267969e+00 3.08769512e+00
  1.42932501e+01 4.64180040e+00 4.08600426e+00 3.87287903e+00
  7.90508175e+00 1.12630224e+00 7.34223175e+00 2.18992084e-01
  0.00000000e+00 9.46894646e+00 5.70846510e+00 1.07495284e+00
  1.72549939e+00 3.47955203e+00 4.74190664e+00 5.53338051e+00
  3.84160101e-01 0.00000000e+00 6.40580845e+00 1.88717556e+00
  1.38332820e+00 0.00000000e+00 1.99701035e+00 1.09989546e-01
  5.34081841e+00 6.46774721e+00 1.42566335e+00 1.17952704e+00
  4.56109381e+00 7.82579184e+00 4.53897983e-01 8.63096893e-01
  9.50966263e+00 4.15053701e+00 5.86302698e-01 1.24948537e+00
  1.42941654e+00 7.41179180e+00 4.88432884e+00 3.70029306e+00
  8.24907899e-01 1.70779884e+00 7.73802757e-01 2.41121754e-01
  1.45770133e-01 1.32276249e+01 6.81854296e+00 5.53130722e+00
  4.84445429e+00 1.19451790e+01 4.15977430e+00 8.04335880e+00
  2.13315320e+00 5.34219801e-01 3.96516919e-01 2.39830661e+00
  6.46345901e+00 2.69416714e+00 5.28182936e+00 4.46219301e+00
  7.17842519e-01 4.10307598e+00 5.08465242e+00 1.28341973e+00
  1.99591208e+00 4.83799267e+00 0.00000000e+00 5.89535761e+00
  4.11975193e+00 4.03213453e+00 9.29187536e-01 3.22266555e+00
  5.40412045e+00 3.01383257e+00 3.04401636e+00 0.00000000e+00
  3.95150721e-01 1.69912815e+00 8.20558548e+00 0.00000000e+00
  1.21495497e+00 2.79719472e+00 0.00000000e+00 2.02580380e+00
  3.88518882e+00 1.95615143e-01 3.11026168e+00 1.34279037e+00
  4.33416700e+00 5.54611444e+00 2.40175053e-01 0.00000000e+00
  7.06751728e+00 6.84310246e+00 6.04272127e+00 9.53378487e+00
  3.04940641e-01 2.55079889e+00 5.49419212e+00 3.50692248e+00
  0.00000000e+00 9.57966387e-01 6.64508533e+00 2.71940398e+00
  9.86026525e-01 2.82173634e+00 2.97527671e+00 9.22296238e+00
  7.25174725e-01 1.92483687e+00 1.73544422e-01 1.19599782e-01
  8.03025246e-01 8.87507439e-01 6.42421961e-01 0.00000000e+00
  2.42137980e+00 1.99009550e+00 4.72318220e+00 2.90143967e+00
  1.15268784e+01 7.06831455e-01 1.04147425e+01 8.29418278e+00
  3.75854421e+00 1.34950268e+00 3.52397919e-01 1.82164514e+00
  0.00000000e+00 9.03853834e-01 1.79654961e+01 0.00000000e+00
  5.09581614e+00 0.00000000e+00 2.00645879e-01 1.25434887e+00
  2.07216215e+00 2.75153470e+00 6.38272905e+00 1.04630017e+00
  2.37080860e+00 5.06871414e+00 7.80734718e-01 5.64429331e+00
  6.61494827e+00 3.32649446e+00 1.64887714e+00 3.36375713e+00
  1.63317907e+00 1.84869409e-01 5.46263814e-01 6.97820234e+00
  2.23948646e+00 9.33136177e+00 3.76012802e+00 4.39782143e+00
  4.78846693e+00 1.54297495e+00 4.93736362e+00 1.14138498e+01
  2.58057147e-01 4.04043579e+00 6.28657675e+00 9.43439484e+00
  1.65445948e+00 9.94679034e-02 1.02756047e+00 4.30990934e-01
  4.07111073e+00 8.94233513e+00 7.26441717e+00 0.00000000e+00
  5.47585487e-01 4.18094730e+00 2.54057622e+00 1.15786862e+00
  2.69417930e+00 0.00000000e+00 9.49177265e+00 5.02858353e+00
  8.59826803e-02 2.55694032e-01 7.46637774e+00 3.75150013e+00
  1.16363068e+01 8.25289154e+00 1.09648429e-01 8.33424330e-01
  1.24632806e-01 2.85171437e+00 2.51997256e+00 3.99536520e-01
  3.40034604e+00 4.40712357e+00 5.00308895e+00 4.13125753e+00
  4.79335499e+00 8.13848591e+00 3.63339639e+00 5.66125727e+00
  2.20962477e+00 0.00000000e+00 1.13237991e+01 2.86281037e+00
  2.19855571e+00 5.00203514e+00 4.87633801e+00 2.42538905e+00
  1.46830559e-01 1.09951496e-01 9.87055898e-01 7.51218462e+00
  2.01553798e+00 3.28321099e-01 1.87786460e+00 2.00085536e-01
  1.51106358e+00 2.35459971e+00 2.93547177e+00 0.00000000e+00
  1.75018871e+00 7.47413969e+00 8.28801346e+00 2.37966752e+00
  2.52554804e-01 7.84141159e+00 6.00878239e-01 1.94392636e-01
  5.36706336e-02 6.54590511e+00 2.01898479e+00 1.41536915e+00
  7.87550211e+00 3.44899726e+00 9.40820724e-02 6.77344739e-01
  2.87426949e+00 1.57113528e+00 0.00000000e+00 5.17246962e+00
  1.03547835e+00 1.01735294e+00 6.45451689e+00 1.45536542e+00
  4.61190367e+00 1.30859315e+00 1.09874479e-01 2.06754017e+00
  3.04445297e-01 1.34823668e+00 1.90497136e+00 3.95059085e+00
  1.06435025e+00 2.25045705e+00 5.98818398e+00 5.05652571e+00
  1.18407917e+01 0.00000000e+00 5.40376186e-01 7.65250921e+00
  6.52582347e-01 1.63854504e+00 4.40098715e+00 5.34932613e-01
  2.97860289e+00 1.51435137e+00 6.87783122e-01 0.00000000e+00
  1.09613693e+00 0.00000000e+00 9.14160848e-01 6.97106943e-02
  2.89202452e+00 6.30595541e+00 1.69402635e+00 2.16207147e+00
  1.05555582e+01 7.04242945e+00 1.30473852e+00 7.56392241e+00
  4.43785667e+00 1.63980520e+00 4.55598879e+00 2.18085751e-01
  6.11596107e+00 8.14674377e+00 8.25182647e-02 6.43865347e+00
  5.39557648e+00 2.07259393e+00 4.39866161e+00 3.36345077e+00
  3.23720479e+00 1.63326907e+00 1.23961344e+01 1.99598324e+00
  3.88808513e+00 5.94191694e+00 3.45517445e+00 4.70972443e+00
  0.00000000e+00 2.80178428e+00 2.33494735e+00 2.84557819e-01
  1.25178829e-01 2.14485824e-02 6.11113489e-01 5.68825674e+00
  5.67745924e+00 6.32407665e-01 1.58677444e+01 3.51079136e-01
  1.60632408e+00 4.03723478e+00 5.76142597e+00 1.13175070e+00
  1.51167285e+00 4.99695808e-01 2.68606448e+00 4.28810978e+00
  4.01193094e+00 7.27752304e+00 2.24287200e+00 6.09941816e+00
  0.00000000e+00 7.14595795e+00 1.14831960e+00 1.42376769e+00
  2.25260735e+00 1.73730273e-02 1.22754371e+00 3.17871511e-01
  2.85927862e-01 2.85644341e+00 4.22728109e+00 0.00000000e+00
  6.39247835e-01 9.28578913e-01 5.07053375e-01 4.90901947e+00
  4.97918963e-01 3.38386446e-01 1.25650918e+00 8.77892792e-01
  2.66609192e-02 1.06431770e+01 1.57247865e+00 3.83280230e+00
  3.72993559e-01 4.95380116e+00 7.22503805e+00 2.58287579e-01
  2.93094683e+00 0.00000000e+00 1.47860312e+00 7.21553385e-01
  1.62559554e-01 5.40072012e+00 0.00000000e+00 4.10962677e+00
  7.93134832e+00 3.81035954e-01 3.76049733e+00 2.37179711e-01
  7.24161196e+00 3.04461503e+00 6.96495473e-01 8.14303875e+00
  6.06153011e+00 1.28382978e+01 5.15806961e+00 0.00000000e+00
  3.74555159e+00 2.24490762e+00 0.00000000e+00 8.38050079e+00
  2.44570285e-01 7.02633977e-01 3.26630640e+00 4.73285866e+00
  0.00000000e+00 1.57780111e+00 6.92805243e+00 3.16437721e+00
  7.18842602e+00 1.14795339e+00 4.72742975e-01 3.23088408e+00
  0.00000000e+00 4.97016525e+00 1.67647858e+01 2.08986545e+00
  0.00000000e+00 2.54289055e+00 2.03042579e+00 1.41635633e+00
  7.35707507e-02 1.85770273e+00 3.56172085e+00 1.70887148e+00
  0.00000000e+00 1.38015461e+00 9.34027481e+00 4.03461313e+00
  3.70198846e+00 8.31921959e+00 1.33855686e+01 7.67763019e-01
  3.00980711e+00 5.58389984e-02 9.32317555e-01 2.28185391e+00
  0.00000000e+00 8.47246587e-01 1.23153901e+00 6.87167943e-01
  3.12344670e+00 2.13307834e+00 0.00000000e+00 3.51788950e+00
  9.32221472e-01 2.92604744e-01 2.51996589e+00 6.39367104e-01
  3.46961141e+00 1.39508522e+00 6.75911236e+00 0.00000000e+00]]