[[4.6361866e+00 2.5892248e+00 1.1329858e+00 4.7637790e-01 3.6236808e+00
  6.1619725e+00 1.2750782e+00 0.0000000e+00 5.3584099e-01 3.9778508e-02
  3.1168578e+00 1.4769353e+00 2.8944832e-01 2.0537062e+01 1.7420859e+00
  1.9505403e+00 2.1128242e+00 1.2881902e-02 7.0462257e-01 3.4710765e+00
  3.6896899e+00 4.8785135e-01 7.6296196e+00 0.0000000e+00 4.5464578e-01
  6.3142247e+00 1.6682111e-01 9.5528734e-01 4.0194941e+00 2.4568787e-01
  1.5196945e-01 8.3601378e-02 2.0368594e-01 2.1978548e+00 5.0590485e-01
  5.1249070e+00 1.1867324e+00 4.7037464e-01 1.6366380e+00 3.0827280e-03
  2.2360294e+00 2.4667747e+00 1.8839176e+00 1.1508901e+00 1.0130193e-01
  6.6635317e-01 6.7087708e+00 2.1002007e+00 3.7959282e+00 2.2879798e+00
  2.2778307e-01 1.5588659e+00 3.0314186e-01 2.1585879e+00 5.7651267e+00
  4.1311245e+00 4.0183783e+00 9.0495558e+00 8.5523349e-01 3.4907539e+00
  4.3149109e+00 1.7540282e+00 5.5409389e+00 5.8840575e+00 8.7130439e-01
  6.2056737e+00 1.8715854e-01 2.2017906e+00 1.4172146e+00 3.3041017e+00
  2.9123315e-01 1.5235311e+00 5.2993262e-01 8.8438368e+00 3.4345005e+00
  9.8717219e-01 1.5470068e+00 2.6754456e+00 4.0929770e-01 1.8413042e+00
  8.2521725e-01 6.0600287e-01 7.8710871e+00 5.9143901e-01 2.1403079e+00
  3.6564066e+00 7.9869968e-01 1.3421053e+00 1.6776923e+00 0.0000000e+00
  3.4810951e+00 2.0079553e+00 1.3956736e+00 2.0765891e+00 4.1000867e+00
  1.7202606e-03 2.1534517e+00 2.6006997e+00 7.6538366e-01 5.7809796e+00
  2.4661982e-01 1.3408130e+00 4.4366550e+00 5.7457619e+00 1.3839099e+00
  1.1130793e+00 2.9226494e+00 2.3681297e+00 2.0795591e-01 1.4500435e-03
  4.5143428e+00 3.0396690e+00 1.0700228e+00 1.9768462e+00 4.4370815e-01
  3.3810425e-01 8.0066023e+00 3.3787930e-01 0.0000000e+00 4.8541436e+00
  1.6682671e+00 5.0093132e-01 9.9176198e-01 8.8707190e+00 2.3531585e+00
  5.3553066e+00 2.7835676e-02 1.4193552e-02 3.8241994e-01 1.6638470e+01
  5.5549872e-01 7.1621144e-01 1.1641401e+01 1.0824019e+00 5.1202607e-01
  2.9585183e+00 1.1319107e+00 5.8486180e+00 1.7239858e+00 1.5950167e+01
  9.5413792e-01 2.0217590e+00 1.1585044e+00 3.8332119e+00 2.1515241e+00
  3.7349397e-01 4.8924041e-01 0.0000000e+00 9.2436683e-01 3.2417598e-01
  0.0000000e+00 9.0209776e-01 1.4516835e+00 7.1583861e-01 6.1366465e-02
  2.2820458e+00 2.7903545e+00 2.0340526e+00 2.3505566e+00 1.3359997e+00
  2.7484694e+00 1.7478551e+00 4.6484857e+00 5.7107496e-01 1.8559377e+00
  4.3084678e-01 4.7806168e-01 6.0919676e+00 6.2055713e-01 1.9742178e+00
  4.6035047e+00 9.9551767e-02 2.2846920e+00 3.8050892e+00 6.1992133e-01
  5.1986384e+00 1.9423681e+00 3.5982571e+00 2.1227698e+00 8.1425438e+00
  7.2919040e+00 9.3744755e-01 4.1229901e+00 1.1169033e+00 2.6881844e-01
  3.1738741e+00 1.3465763e+00 1.7500820e+00 5.4150397e-01 4.1800624e-01
  6.6992354e+00 0.0000000e+00 3.0581906e-01 8.0752115e+00 9.5392728e-01
  1.2556996e+00 1.3685073e+00 1.1481555e+01 1.1236780e+00 3.4280410e-01
  5.6663245e-01 4.2243871e-01 5.5050249e+00 7.4478143e-01 2.8332231e+00
  5.2531129e-01 0.0000000e+00 4.7586884e-02 8.8054991e-01 3.6896338e+00
  1.8527751e+00 2.5896162e-01 8.3925653e-01 2.4319365e+00 1.9925951e+00
  1.5280850e+00 2.7985332e+00 2.0274270e+00 1.4923391e+00 3.0950449e+00
  5.5893416e+00 3.6772561e+00 3.1586015e+00 4.9289427e+00 9.3475163e-01
  2.5327594e+00 2.7475163e-01 2.3841441e+00 2.2175083e+00 2.4837332e+00
  5.6725888e+00 2.9199820e+00 4.0463507e-01 3.5349979e+00 2.6318052e+00
  1.5979595e+00 2.8458788e+00 1.0282368e+01 6.1786604e+00 1.2710671e+00
  1.9844826e+00 6.5705001e-01 8.1218117e-01 1.1189222e+00 9.2828029e-01
  6.0430584e+00 1.1585841e+01 2.6217253e+00 2.1348467e+00 1.0861179e+00
  7.3408484e+00 1.9436848e+00 2.9032650e+00 2.2676427e+00 5.0559359e+00
  3.1710711e-01 1.0965914e+00 3.9740174e+00 4.3598070e+00 9.4149697e-01
  1.2345296e+00 2.9218924e-01 0.0000000e+00 1.2686157e+00 1.6479274e+00
  3.4563978e+00 1.0361308e+00 2.5946644e-01 1.0722250e+01 4.7382432e-01
  2.7373030e+00 4.0619345e+00 3.7958412e+00 4.1634107e+00 3.5948193e+00
  3.9881444e-01 1.5922045e+00 2.1133451e+00 0.0000000e+00 2.8900290e-01
  5.6457229e+00 1.5181538e+00 8.6311159e+00 1.5070751e+00 2.0887768e+00
  0.0000000e+00 7.5836504e-01 5.3356996e+00 1.9600495e+00 7.9005992e-01
  1.3139138e-01 4.9372687e+00 6.5464252e-01 2.0191751e+00 2.1520936e+00
  2.1925755e+00 2.7538112e-01 6.5959699e-02 5.9136758e+00 0.0000000e+00
  3.5254068e+00 1.6111494e+00 2.4114718e+00 0.0000000e+00 2.3445306e+00
  1.7665209e+00 3.1364577e+00 8.0582660e-01 1.1335405e+00 1.0662323e-01
  1.4830266e+00 1.3725388e+00 2.1864483e+00 1.0130711e+01 5.3551917e+00
  8.3294195e-01 6.0193195e+00 1.0403086e+01 6.6294354e-01 8.2053143e-01
  1.8677688e+00 7.3565626e+00 4.5894532e+00 2.5714128e+00 6.9430184e-01
  1.7067847e+00 4.5777717e+00 1.7745979e-01 3.0617912e+00 1.2725724e-01
  1.1999780e+00 5.5719709e+00 1.4339146e-01 7.9195434e-01 4.7682457e+00
  6.8735781e+00 3.2689724e+00 1.0905596e+01 3.6510396e+00 2.2208869e+00
  3.6992347e+00 1.2732332e+00 0.0000000e+00 6.9296756e+00 9.4892120e-01
  6.5140829e+00 4.3083829e-01 1.3351025e-01 1.2080367e+00 7.8295600e-01
  8.0672354e-02 8.2723778e-01 3.7109655e-01 1.9995161e+00 3.6754468e-01
  7.9179913e-01 6.8432999e-01 1.0810977e+01 6.1941719e-01 3.5029665e-01
  3.2888925e+00 0.0000000e+00 1.3784666e+00 9.2032452e+00 3.8808103e+00
  6.8390036e+00 7.5182190e+00 3.9721243e+00 5.3921002e-01 3.3027562e-01
  1.6664445e+00 7.3099941e-01 8.6777277e+00 6.9480819e-01 3.4018841e+00
  1.6122119e+00 8.4883541e-01 2.3470325e+00 4.8241657e-01 6.3228555e+00
  9.1156034e+00 6.9644690e-01 1.7409443e+00 9.0759337e-01 9.9754584e-01
  1.4274110e+00 2.0110633e+00 2.1181424e-01 5.8944082e-01 7.9846640e+00
  6.2683523e-01 2.8574862e+00 1.5515054e+00 3.6436825e+00 0.0000000e+00
  1.6921300e+00 2.3080995e+00 5.1760492e+00 3.1785136e-01 2.5419722e+00
  4.0299097e-01 3.6283784e+00 7.3691458e-02 1.0800618e+01 1.0093805e+01
  2.7512684e+00 4.0281374e-02 5.2716389e+00 2.0033770e+00 4.0596910e+00
  2.9048452e+00 1.7145400e+00 4.8522174e-01 2.7602105e+00 5.1560307e-01
  1.5205847e+00 1.5852951e+00 2.0098174e-01 4.1346386e-02 4.2430645e-01
  2.0555899e+00 1.5578166e-02 6.4897281e-01 4.1255541e+00 2.1771181e+00
  6.6548319e+00 8.3811493e+00 3.9526904e+00 1.3591704e+00 8.2429069e-01
  4.4794074e-01 3.1640968e+00 1.0648877e+01 3.2891977e-01 0.0000000e+00
  7.7830796e+00 2.0511422e+00 2.5442238e+00 6.2951028e-01 7.3258382e-01
  9.5377350e-01 1.1099702e+00 2.1750316e-01 1.1831565e+00 1.9129218e+00
  1.4070690e+00 1.6753795e+00 1.4342810e+00 2.0260219e-01 9.8218179e-01
  2.0170644e-01 3.8657372e+00 1.9540539e+00 3.2788367e+00 4.1875758e+00
  8.3227104e-01 3.7463427e+00 3.6937125e+00 5.5321026e-01 2.5520103e+00
  2.5977619e+00 4.3003378e+00 3.4067636e+00 1.5253440e+00 0.0000000e+00
  1.2591808e+00 1.2486236e+00 1.8605747e+00 3.6639097e+00 2.1036422e+00
  8.8105336e-02 1.9966410e+00 2.5377225e-03 5.3949604e+00 5.7213533e-01
  6.0302514e-01 2.6815498e+00 2.6319313e+00 1.9684465e-01 1.4508603e+00
  1.7285646e-01 1.2934934e+01 1.4811566e+00 3.3943169e+00 2.5959882e-01
  3.6955416e+00 7.4349027e+00 2.6006553e-01 1.8144387e-01 1.7390395e+00
  1.4468490e+00 1.8413832e+00 1.2924826e+00 5.8617063e+00 5.5208097e+00
  1.5156053e+00 5.8125505e+00 2.1463242e+00 1.1073976e+00 1.1565267e+00
  4.5385160e+00 2.5242117e-01 3.1397841e+00 2.2100818e+00 5.4571295e+00
  3.6996374e-01 1.0095420e+01 2.7471063e-01 1.8941945e+00 1.2926527e+00
  6.8392329e+00 4.5089455e+00]]