[[7.49699473e-01 3.55874062e+00 1.86271203e+00 0.00000000e+00
  6.93341064e+00 8.59208775e+00 2.69291162e+00 2.37933338e-01
  1.94553673e-01 1.32091320e+00 5.76595211e+00 9.90885615e-01
  3.67111683e+00 1.92877507e+00 3.10124207e+00 1.90992534e+00
  2.12611720e-01 1.83118379e+00 8.16875875e-01 1.03738375e+01
  3.26185091e-03 7.56201935e+00 8.87637019e-01 0.00000000e+00
  8.01675320e+00 5.68331909e+00 0.00000000e+00 0.00000000e+00
  3.36550266e-01 5.13334095e-01 1.07952428e+00 7.26225567e+00
  5.49725413e-01 6.18292904e+00 1.57822073e+00 1.83116114e+00
  6.43489981e+00 0.00000000e+00 5.37721109e+00 3.84282017e+00
  0.00000000e+00 4.10197437e-01 8.62753808e-01 5.40846300e+00
  0.00000000e+00 8.90379131e-01 2.39543772e+00 1.42560458e+00
  4.02805519e+00 2.19813204e+00 0.00000000e+00 1.85492337e+00
  2.47705936e+00 2.91941077e-01 1.50644028e+00 2.64636874e+00
  3.27917099e+00 3.16277337e+00 1.21483839e+00 4.00826263e+00
  2.59791684e+00 9.02136028e-01 8.23961258e+00 8.70392895e+00
  4.75643253e+00 1.55065715e-01 1.44446862e+00 2.78721869e-01
  2.12199330e+00 7.72881866e-01 1.60929000e+00 2.28532046e-01
  0.00000000e+00 1.71566200e+00 4.44131660e+00 2.85467315e+00
  9.66164398e+00 2.85005391e-01 1.01011820e-01 3.19913894e-01
  1.39224806e+01 1.30878374e-01 3.25743937e+00 6.63551474e+00
  1.21136951e+00 4.13638496e+00 9.79635298e-01 2.64399983e-02
  1.25644994e+00 1.07047486e+00 2.94102979e+00 6.29121447e+00
  3.82422924e+00 6.59871054e+00 1.24094832e+00 2.62328482e+00
  5.87819874e-01 3.82250726e-01 3.40010858e+00 8.75227153e-01
  8.02243352e-01 6.15628064e-02 1.00322418e+01 2.29329705e+00
  3.94732386e-01 9.30454358e-02 2.02807426e-01 5.95380425e-01
  2.28088880e+00 1.28253043e+00 3.28291321e+00 6.03804231e-01
  1.01667321e+00 7.57236385e+00 3.49176669e+00 1.21300089e+00
  3.23432589e+00 2.30673122e+00 0.00000000e+00 1.11518848e+00
  3.72365284e+00 3.35309356e-01 1.24376309e+00 3.98244143e+00
  1.63790911e-01 2.13329172e+00 0.00000000e+00 0.00000000e+00
  3.75759268e+00 1.34016228e+01 7.10618687e+00 4.89230585e+00
  1.24541849e-01 0.00000000e+00 1.44622147e+00 2.10491014e+00
  1.01411784e+00 1.47561538e+00 2.19649363e+00 4.53335792e-01
  1.73214352e+00 4.72153330e+00 0.00000000e+00 4.28291225e+00
  3.73993844e-01 0.00000000e+00 2.62595892e-01 4.59177680e-02
  3.21853948e+00 0.00000000e+00 6.22481048e-01 2.38884807e+00
  2.96423578e+00 7.88270283e+00 2.56471014e+00 1.67406714e+00
  2.18328667e+00 1.94690382e+00 2.65418363e+00 7.92980385e+00
  2.09819531e+00 3.15182734e+00 1.66431141e+00 2.20569086e+00
  6.10104227e+00 1.75414956e+00 0.00000000e+00 1.80706060e+00
  2.23004580e+00 3.41544837e-01 2.54621410e+00 2.71252823e+00
  5.64313745e+00 4.17424631e+00 7.46725023e-01 4.41603899e+00
  4.80874628e-01 2.74183422e-01 1.09871311e+01 2.31415653e+00
  1.52958834e+00 1.82545632e-02 6.10751152e+00 7.54493251e-02
  1.23558140e+00 4.87852067e-01 9.88079548e-01 7.57764935e-01
  4.88525009e+00 4.40213680e-01 2.74111962e+00 0.00000000e+00
  8.06969255e-02 1.14431152e+01 3.57533264e+00 1.74693642e+01
  1.52466440e+00 1.34206846e-01 2.12116122e+00 5.91152525e+00
  2.92778254e+00 0.00000000e+00 6.45793304e-02 0.00000000e+00
  1.84502614e+00 6.94852889e-01 7.63219738e+00 3.48871684e+00
  1.26983297e+00 3.13366079e+00 3.36465693e+00 7.12830257e+00
  4.08012360e-01 2.26583457e+00 1.74446619e+00 1.33434939e+00
  5.05330658e+00 9.09915864e-01 1.52092636e-01 7.60726976e+00
  1.76426101e+00 5.18432283e+00 1.65689969e+00 1.32248545e+00
  2.23133564e-02 2.93591285e+00 9.43334579e+00 1.77057362e+00
  3.09334803e+00 4.96588564e+00 2.45030737e+00 9.73061323e-01
  8.24743450e-01 4.71505702e-01 2.00489688e+00 2.34189853e-01
  6.71445513e+00 1.50331557e+00 1.62053919e+00 6.25551403e-01
  1.08500671e+00 3.06321383e+00 6.60144806e+00 4.28488207e+00
  1.48972559e+00 5.93170023e+00 6.27253962e+00 1.68950808e+00
  4.92280102e+00 3.01928215e+01 9.96262169e+00 3.84229112e+00
  1.40212864e-01 4.12832069e+00 1.89854789e+00 1.85598195e+00
  1.05161166e+00 4.37275934e+00 1.42081130e+00 2.15467024e+00
  1.35557008e+00 0.00000000e+00 4.87221181e-02 9.34218109e-01
  1.40126634e+00 3.27149177e+00 2.16871452e+00 1.14694811e-01
  7.15831852e+00 6.29918754e-01 7.28430450e-01 0.00000000e+00
  3.26194882e+00 4.14043379e+00 0.00000000e+00 2.42272925e+00
  5.75025654e+00 1.98559570e+00 6.32744908e-01 2.86597919e+00
  3.76190305e+00 1.51121348e-01 5.72874212e+00 2.99383020e+00
  5.80838823e+00 2.95042843e-01 6.46528244e+00 1.45120943e+00
  1.77630317e+00 2.75572586e+00 0.00000000e+00 2.24770784e+00
  2.54163051e+00 3.23368955e+00 1.87109518e+00 5.44140577e+00
  0.00000000e+00 1.02034438e+00 1.41278699e-01 1.81893840e-01
  5.01218033e+00 5.29839087e+00 6.03873634e+00 7.19083846e-01
  7.91016054e+00 9.47760284e-01 0.00000000e+00 1.00939262e+00
  3.12749100e+00 0.00000000e+00 8.82195950e+00 1.24524683e-01
  5.02213287e+00 3.57264471e+00 8.27784538e+00 3.20249051e-01
  1.37931931e+00 5.93367100e+00 1.72093499e+00 0.00000000e+00
  3.90909529e+00 8.51791859e+00 1.28822732e+00 8.01549435e-01
  1.96433559e-01 1.88861096e+00 2.85973001e+00 1.15432844e-01
  5.08165061e-02 4.41966429e-02 1.31127432e-01 1.52091503e+00
  4.82156128e-01 3.11534452e+00 6.38754892e+00 9.35174465e-01
  1.58648089e-01 2.83169776e-01 1.07145560e+00 7.73101270e-01
  8.97892594e-01 1.69109130e+00 3.27889895e+00 6.44938886e-01
  3.29065323e+00 1.47222483e+00 7.70303667e-01 0.00000000e+00
  4.33393270e-01 1.84320843e+00 4.96388286e-01 0.00000000e+00
  0.00000000e+00 3.86187816e+00 3.53699756e+00 1.83857173e-01
  6.69391632e+00 5.88651323e+00 6.71250224e-01 0.00000000e+00
  5.56334972e+00 6.89000905e-01 5.33999968e+00 1.19872284e+00
  8.20554638e+00 9.95601416e-02 1.31671047e+01 6.07487965e+00
  4.83344682e-02 1.80129039e+00 4.09271210e-01 0.00000000e+00
  6.77243090e+00 2.34636593e+00 1.81325674e+00 9.38416064e-01
  5.36020231e+00 3.64100981e+00 5.18232763e-01 8.62904453e+00
  4.57909060e+00 4.47689962e+00 3.61328244e+00 2.32230735e+00
  2.41359234e+00 9.58674669e-01 1.00931251e+00 8.46019208e-01
  1.12543166e-01 1.60675466e-01 2.62511683e+00 7.83001471e+00
  3.94861317e+00 2.07531071e+00 1.77651852e-01 4.83985996e+00
  4.25627708e+00 3.40709805e+00 7.99528182e-01 3.07261133e+00
  4.07843018e+00 1.15437956e+01 1.32520959e-01 3.37104297e+00
  1.01697898e+00 3.39917874e+00 0.00000000e+00 9.17551136e+00
  9.78739381e-01 1.83522984e-01 8.45564842e+00 9.50128306e-03
  0.00000000e+00 1.33637500e+00 7.17906857e+00 1.63406050e+00
  7.38903582e-01 3.02973104e+00 1.03126788e+00 4.87711877e-01
  3.50716734e+00 3.84776711e+00 1.86958730e+00 6.62866402e+00
  1.49073470e+00 1.79368281e+00 2.73093867e+00 3.71604848e+00
  0.00000000e+00 2.21873069e+00 3.34376025e+00 7.92582321e+00
  6.55458546e+00 1.56430721e+00 1.08647275e+00 7.60456181e+00
  3.74810457e+00 3.96390319e-01 1.80845499e+00 1.79012096e+00
  4.90940958e-01 4.98083115e-01 9.30449188e-01 3.26060486e+00
  4.02270460e+00 6.24281347e-01 1.39100564e+00 1.98240292e+00
  5.84159136e-01 3.06464732e-01 1.26682192e-01 6.23930120e+00
  3.66496992e+00 9.36864567e+00 2.49257922e+00 1.71496242e-01
  1.98754621e+00 2.71486473e+00 4.81797838e+00 3.80734825e+00
  5.88228607e+00 1.83888125e+00 4.66120273e-01 2.92702532e+00
  3.49374056e+00 3.28301978e+00 2.21893370e-01 2.13419104e+00
  4.14543122e-01 3.56969595e+00 5.57188876e-02 3.42351079e+00
  3.15958440e-01 1.03290522e+00 1.10524154e+00 1.76968038e+00
  0.00000000e+00 2.23304772e+00 0.00000000e+00 1.83217704e-01
  6.07241750e-01 1.28041446e+00 1.09320045e+00 1.22690690e+00
  2.30517372e-01 1.75802469e+00 2.75536680e+00 9.24408436e-01
  8.45435619e-01 1.78226483e+00 4.01738882e+00 1.08359501e-01
  3.27741838e+00 2.39519739e+00 2.07613444e+00 4.92428124e-01
  6.10488176e-01 9.08425617e+00 3.27337074e+00 0.00000000e+00
  7.40878868e+00 2.74528909e+00 3.23865145e-01 4.08560848e+00
  6.33147621e+00 1.86810017e+00 1.65659676e+01 3.30887341e+00
  4.64077234e-01 1.64917946e-01 5.12260735e-01 6.48925966e-03]]