[[4.26442891e-01 2.06187498e-02 0.00000000e+00 2.04717323e-01
  1.26306802e-01 1.05172091e+01 8.46025825e-01 5.37023246e-01
  1.05576622e+00 1.69825065e+00 1.24529827e+00 4.95545435e+00
  2.03114891e+00 1.42204118e+00 0.00000000e+00 4.50316811e+00
  9.95619476e-01 2.24213433e+00 3.14624935e-01 6.66272020e+00
  7.69922361e-02 3.70140171e+00 0.00000000e+00 1.28518271e+00
  1.32342070e-01 6.65558338e+00 1.42645550e+00 3.48366594e+00
  7.06730187e-01 7.87464678e-01 2.67813474e-01 1.80446114e-02
  1.56890726e+00 3.01968813e+00 1.02434075e+00 2.42883205e+00
  6.07917452e+00 5.50358355e-01 9.64324951e+00 4.33898497e+00
  5.19479513e-01 7.29773641e-01 1.26570368e+00 7.35792017e+00
  0.00000000e+00 2.47544837e+00 2.95466709e+00 1.14821589e+00
  7.91774082e+00 3.32039165e+00 8.85870382e-02 2.94087648e+00
  5.80749750e-01 8.79801452e-01 1.90569198e+00 8.19667244e+00
  0.00000000e+00 8.95970535e+00 5.66565084e+00 0.00000000e+00
  1.45815396e+00 6.27076328e-01 2.98292112e+00 2.99419069e+00
  9.60414946e-01 4.08836317e+00 6.48114979e-01 1.14584589e+00
  1.33881283e+00 1.04731917e+00 9.35206592e-01 2.67723966e+00
  0.00000000e+00 4.19422436e+00 4.40920544e+00 2.13654757e+00
  8.37547541e-01 3.74733710e+00 9.66898799e-01 1.14366066e+00
  1.25643045e-01 3.27801728e+00 3.34194660e+00 8.81993696e-02
  5.73389173e-01 8.09341717e+00 1.67830646e+00 3.46938968e-01
  5.69269228e+00 8.59529898e-02 8.58450985e+00 4.44000387e+00
  2.44999981e+00 1.25700617e+01 8.55530739e-01 5.42457402e-01
  5.25630772e-01 6.61370897e+00 2.53646612e+00 5.62239981e+00
  1.45323777e+00 1.00985564e-01 1.27945957e+01 3.19628096e+00
  0.00000000e+00 2.21298385e+00 1.81046379e+00 3.64670724e-01
  6.93416670e-02 3.77506137e-01 5.44549561e+00 6.54003382e-01
  0.00000000e+00 7.18630123e+00 4.95784611e-01 8.12320411e-01
  6.08419991e+00 2.60878634e+00 5.18195677e+00 3.49460411e+00
  7.68944263e-01 2.74153709e+00 9.90859210e-01 5.17715311e+00
  5.87224770e+00 1.38880467e+00 7.77157247e-01 0.00000000e+00
  7.26946211e+00 2.30907555e+01 2.12937310e-01 5.00502920e+00
  3.52975774e+00 2.56430387e+00 4.33966041e-01 3.98768216e-01
  2.22778946e-01 2.01325655e+00 1.41063988e+00 2.05538821e+00
  5.47110774e-02 7.41698623e-01 3.15115750e-01 3.38931441e+00
  2.10632944e+00 5.17572582e-01 3.91634536e+00 4.59597439e-01
  0.00000000e+00 0.00000000e+00 0.00000000e+00 1.49458504e+00
  2.69256473e+00 7.28176713e-01 1.13071382e-01 0.00000000e+00
  1.20964050e+00 7.02128112e-01 1.01536882e+00 1.43117535e+00
  2.15489888e+00 4.53353119e+00 2.02457905e+00 6.27563715e-01
  5.52655697e+00 1.36747825e+00 0.00000000e+00 3.68069839e+00
  9.09878790e-01 3.01485395e+00 1.36289835e+00 0.00000000e+00
  4.88675737e+00 6.56200886e-01 1.19444227e+00 3.15150928e+00
  4.97444067e-03 0.00000000e+00 1.08015289e+01 4.17356396e+00
  3.41991878e+00 9.68928218e-01 7.28606796e+00 2.87437469e-01
  2.74500042e-01 6.60152531e+00 3.03140497e+00 5.39573812e+00
  1.80977511e+00 2.62676620e+00 8.75965118e+00 0.00000000e+00
  6.37236059e-01 6.06011105e+00 1.83673590e-01 2.91883016e+00
  1.55442560e+00 7.40573072e+00 4.45804209e-01 0.00000000e+00
  5.59446144e+00 6.79247499e-01 1.38187003e+00 1.03735104e-01
  4.59028816e+00 4.37752962e+00 3.56941819e+00 2.08968425e+00
  5.27578652e-01 4.98506689e+00 3.49889100e-01 2.96673489e+00
  2.09045124e+00 2.90565968e+00 1.92993414e+00 3.05213833e+00
  1.96284735e+00 3.57513845e-01 3.25546336e+00 3.22751856e+00
  2.80405092e+00 2.84943271e+00 1.47268355e+00 4.19035614e-01
  6.42308891e-02 3.49339509e+00 2.01782107e+00 1.88462710e+00
  1.42792121e-01 9.62349176e-01 3.04200220e+00 2.68379897e-01
  1.20345545e+00 1.95650959e+00 4.37720156e+00 2.94702673e+00
  1.73186171e+00 2.66199112e+00 8.20427418e-01 1.92162216e-01
  3.49628639e+00 3.38853431e+00 1.16469860e+00 1.60606325e+00
  4.46178722e+00 9.01486874e+00 5.35928345e+00 7.68827081e-01
  6.83344603e-01 1.62163854e+00 5.87419367e+00 3.80984831e+00
  1.24897823e-01 9.47206020e-01 7.89768028e+00 4.24073309e-01
  6.27034605e-01 3.70666295e-01 2.15869355e+00 3.13549066e+00
  1.97948590e-01 0.00000000e+00 1.01499297e-01 7.29587018e-01
  4.94956207e+00 1.18666686e-01 2.52221018e-01 2.74728632e+00
  8.06122303e+00 2.79413748e+00 2.58166170e+00 1.23215985e+00
  5.48666954e-01 1.12490499e+00 1.05915450e-01 2.79868650e+00
  1.65085831e+01 9.93517816e-01 6.46872222e-01 2.64806914e+00
  1.03153477e+01 1.63846374e+00 2.36444020e+00 4.97430897e+00
  1.45421767e+00 5.44096017e-03 4.77460861e+00 3.64714575e+00
  6.34973705e-01 3.59955716e+00 0.00000000e+00 2.51335621e+00
  2.49774098e+00 3.90107250e+00 3.51589847e+00 1.42482185e+00
  1.13776177e-02 1.69006181e+00 1.46868154e-02 0.00000000e+00
  1.77411354e+00 2.89007592e+00 3.85098648e+00 0.00000000e+00
  1.07719076e+00 1.66791844e+00 0.00000000e+00 0.00000000e+00
  3.20470303e-01 1.07619798e+00 3.49650049e+00 3.07963133e-01
  8.11088800e-01 5.39730549e-01 2.47535443e+00 0.00000000e+00
  4.25978470e+00 1.16733675e+01 4.48825264e+00 7.56791890e-01
  1.91812730e+00 3.09177923e+00 1.50740004e+00 1.41592667e-01
  1.57078266e+00 4.96358252e+00 5.55141830e+00 8.28510225e-02
  1.64463162e+00 0.00000000e+00 5.09513617e-01 8.51518631e+00
  6.22515321e-01 0.00000000e+00 3.30972075e+00 3.67767429e+00
  2.57688570e+00 6.71595049e+00 3.53616905e+00 8.32534730e-01
  1.09495409e-02 0.00000000e+00 1.16408372e+00 3.50727868e+00
  4.69908565e-01 4.07576180e+00 1.47284305e+00 0.00000000e+00
  4.73159599e+00 1.37683856e+00 1.34651169e-01 1.43266213e+00
  0.00000000e+00 1.65830016e+00 9.35315800e+00 1.77592063e+00
  2.87623358e+00 1.07435513e+01 3.36294651e+00 1.87314522e+00
  1.58813515e+01 0.00000000e+00 3.91843152e+00 1.36853385e+00
  8.62754059e+00 1.32213402e+00 9.01637268e+00 1.06359744e+00
  2.64596105e-01 0.00000000e+00 9.95689571e-01 0.00000000e+00
  4.75665569e+00 0.00000000e+00 8.68616199e+00 8.16729927e+00
  3.16214395e+00 4.67011452e+00 5.17528772e-01 1.93650603e+00
  5.50092745e+00 4.84519333e-01 8.44109154e+00 2.37829304e+00
  1.56313786e-03 3.08305287e+00 1.60985768e+00 1.04766525e-02
  1.16023493e+00 4.55720711e+00 7.64942884e-01 1.74140680e+00
  3.26773405e-01 3.92861152e+00 9.09914851e-01 3.74789929e+00
  7.74440289e+00 4.89006519e-01 3.60285616e+00 6.25684595e+00
  1.71242106e+00 5.92029810e+00 2.54317284e-01 7.45599794e+00
  4.35175133e+00 6.53729677e+00 6.28363639e-02 9.80303645e-01
  7.44589925e-01 2.34853292e+00 5.67492056e+00 3.81710029e+00
  2.60082841e-01 1.32079864e+00 3.71155429e+00 2.06128389e-01
  1.41832268e+00 2.40018353e-01 0.00000000e+00 2.60601640e+00
  0.00000000e+00 3.86358428e+00 2.00138405e-01 6.77561283e+00
  2.18833774e-01 4.82142538e-01 8.11731052e+00 4.87530851e+00
  2.27468640e-01 7.36479938e-01 2.31490088e+00 1.18834877e+01
  1.70799904e+01 2.92466903e+00 6.32149935e-01 7.98163843e+00
  0.00000000e+00 1.90217292e+00 8.90211582e-01 4.21215296e+00
  1.70935735e-01 1.29586875e+00 2.58724380e+00 2.52783990e+00
  6.11427367e-01 1.84706654e-02 2.61213183e+00 6.49491966e-01
  0.00000000e+00 4.81165290e-01 1.06080368e-01 3.80697131e+00
  5.00831306e-01 7.19951808e-01 9.51416111e+00 1.38497007e+00
  7.93133974e-01 2.61972237e+00 8.71974468e+00 7.61627817e+00
  6.38101673e+00 1.41795301e+00 4.70402777e-01 9.50203896e-01
  2.55983377e+00 1.47944465e-01 1.84203506e-01 5.38987696e-01
  1.68878186e+00 0.00000000e+00 1.57680416e+00 6.29276943e+00
  1.36027932e+00 1.06254206e+01 2.60527521e-01 2.28635335e+00
  2.21432582e-01 0.00000000e+00 0.00000000e+00 1.78072244e-01
  1.57079458e+00 1.21625221e+00 1.75983429e+00 1.74043798e+00
  0.00000000e+00 1.20740986e+00 3.12300086e+00 1.55870035e-01
  6.39772797e+00 1.99341774e-02 1.17753255e+00 1.33447742e+00
  2.78385329e+00 6.34253561e-01 3.44927645e+00 2.09963322e+00
  6.47779512e+00 1.56752479e+00 8.07492375e-01 7.71036983e-01
  4.22800827e+00 5.30944020e-02 7.78299496e-02 1.29665077e-01
  2.97663903e+00 8.32817912e-01 3.35595894e+00 1.80899620e+00
  2.64684343e+00 3.70161414e-01 6.44944477e+00 3.20061421e+00]]