[[5.89301944e-01 3.82576823e+00 1.49047613e+00 0.00000000e+00
  3.75244713e+00 1.58955860e+00 2.94820762e+00 3.45225120e+00
  1.70928276e+00 3.49402380e+00 5.54309130e-01 1.57514274e+00
  2.18151617e+00 4.07579005e-01 0.00000000e+00 1.89858437e+00
  1.41556948e-01 8.65746796e-01 1.72556058e-01 2.61358809e+00
  4.08023953e-01 5.94491243e+00 1.47199798e+00 3.95656252e+00
  0.00000000e+00 4.25599813e+00 0.00000000e+00 1.40896130e+00
  3.35869718e+00 0.00000000e+00 3.09294915e+00 4.46733356e-01
  9.50000823e-01 4.04281282e+00 0.00000000e+00 1.90810430e+00
  8.29156518e-01 8.42856392e-02 1.58337250e+01 5.88480043e+00
  2.99627113e+00 3.05298328e+00 4.29396659e-01 3.76072478e+00
  0.00000000e+00 1.56870162e+00 4.89620876e+00 1.96859434e-01
  8.55437279e-01 3.78965586e-01 2.65787244e+00 4.20016670e+00
  1.66423249e+00 1.96290112e+00 3.15324569e+00 2.78491950e+00
  2.63477659e+00 2.10508060e+00 1.36495399e+00 7.08516598e-01
  1.72197640e+00 1.52209258e+00 8.83850384e+00 6.82602072e+00
  0.00000000e+00 3.13808531e-01 3.67175847e-01 1.12572420e+00
  1.48906857e-01 9.73731220e-01 7.14098120e+00 5.03931344e-02
  3.72191191e+00 6.21370029e+00 3.04361868e+00 5.26519918e+00
  1.71639872e+00 2.87557173e+00 3.89342874e-01 4.21388912e+00
  5.37978649e-01 1.00226581e-01 1.88641703e+00 4.25592721e-01
  6.44674253e+00 4.02773666e+00 3.33028525e-01 7.44724035e-01
  1.11799335e+00 0.00000000e+00 4.94064569e+00 4.82896298e-01
  8.32323909e-01 5.81229448e+00 5.11399984e+00 1.02957284e+00
  7.72513866e-01 3.64653730e+00 8.02861094e-01 4.88825274e+00
  1.78804964e-01 1.86599959e-02 1.48697586e+01 6.15340137e+00
  0.00000000e+00 6.30351722e-01 2.61915302e+00 2.14790368e+00
  3.40231895e+00 2.81886387e+00 0.00000000e+00 2.76079386e-01
  1.82845071e-01 1.27519786e-01 6.54417217e-01 0.00000000e+00
  6.91576672e+00 2.25022376e-01 3.34906816e+00 1.46659970e+00
  6.14670813e-01 4.88469172e+00 2.04301402e-01 2.50970054e+00
  2.50934696e+00 1.94676125e+00 1.77780449e+00 0.00000000e+00
  7.84100413e-01 1.31286287e+01 1.60567331e+00 2.57023430e+00
  3.88158655e+00 1.04282212e+00 2.29705858e+00 2.32478213e+00
  5.06562948e-01 5.98633885e-01 2.43680596e+00 0.00000000e+00
  1.89726934e-01 1.18585777e+00 1.02901018e+00 9.86113548e+00
  6.27017558e-01 9.43061769e-01 1.04448088e-01 8.01170051e-01
  1.42775202e+00 1.77588463e+00 0.00000000e+00 2.75378847e+00
  3.97565335e-01 0.00000000e+00 1.05719125e+00 2.36012435e+00
  7.61578321e-01 9.81194377e-01 1.08739376e+00 3.89065051e+00
  0.00000000e+00 2.20345163e+00 4.93085670e+00 5.24577260e-01
  2.27064180e+00 3.20987844e+00 6.93540275e-01 3.92189097e+00
  9.84369755e-01 1.73373425e+00 2.52771425e+00 1.08645761e+00
  1.18495388e+01 5.71070004e+00 1.61857152e+00 4.70759678e+00
  1.77342880e+00 3.48079562e-01 1.66273155e+01 2.57971287e+00
  1.64126551e+00 2.34292790e-01 4.60813904e+00 1.99308121e+00
  2.18084788e+00 4.36304903e+00 3.27893555e-01 2.61336565e+00
  4.64277363e+00 2.75775456e+00 4.95490599e+00 1.54080188e+00
  3.38995981e+00 1.16210251e+01 2.84848619e+00 1.99672961e+00
  1.56359673e+00 1.00373852e+00 5.38153315e+00 2.88482696e-01
  1.92673182e+00 4.01525348e-01 0.00000000e+00 1.56443834e+00
  4.39968109e+00 3.50353384e+00 8.30148995e-01 1.65864146e+00
  1.14593349e-01 1.19997110e+01 1.86707854e+00 1.02858675e+00
  9.06567872e-02 1.25650072e+00 4.61876440e+00 3.51219982e-01
  2.49015659e-01 1.78258549e-02 2.62571990e-01 1.35460246e+00
  3.90966892e-01 8.38088393e-01 2.72569108e+00 0.00000000e+00
  5.24225855e+00 4.80805922e+00 1.49062765e+00 2.12423944e+00
  5.04466295e-01 2.13319683e+00 2.93069673e+00 5.90692282e-01
  3.34809089e+00 2.18363896e-01 1.74112296e+00 2.32357812e+00
  3.19972694e-01 5.00214100e+00 5.80681992e+00 4.18677950e+00
  5.10178685e-01 1.69213748e+00 1.02226114e+01 4.43094921e+00
  6.47213399e-01 1.28175936e+01 7.53351450e+00 2.13692737e+00
  2.05050135e+00 4.78130728e-01 1.28633261e+00 2.46098852e+00
  8.98125693e-02 1.03703594e+00 4.96992350e+00 0.00000000e+00
  4.27888346e+00 1.07762158e+00 8.54010463e-01 1.67216659e+00
  0.00000000e+00 1.17546463e+00 3.58452415e+00 9.18911994e-01
  4.50039053e+00 1.14815617e+00 2.42095828e+00 1.19350326e+00
  4.59998322e+00 8.11698616e-01 1.07217824e+00 2.06796154e-01
  2.04464245e+00 3.36366105e+00 4.32988256e-01 1.06890984e-02
  3.01395559e+00 2.02134490e+00 1.43004684e-02 2.13698602e+00
  2.74434638e+00 3.47714758e+00 9.00875950e+00 6.09253168e+00
  1.98632932e+00 7.66057447e-02 4.82102060e+00 5.72992265e-01
  3.43574357e+00 5.51146841e+00 3.22458529e+00 7.61250079e-01
  1.12490368e+00 8.05576038e+00 1.98876548e+00 4.32298392e-01
  2.46079370e-01 1.28221416e+00 8.17487121e-01 0.00000000e+00
  1.07796278e+01 3.02067471e+00 4.22956991e+00 4.52956021e-01
  1.41194057e+00 2.49150085e+00 9.71995234e-01 2.93598652e-01
  4.28606558e+00 3.17912698e-01 2.91684484e+00 2.59585547e+00
  7.67165959e-01 0.00000000e+00 8.46585560e+00 2.68274367e-01
  3.72945380e+00 7.78515577e+00 9.14333344e-01 1.20888424e+00
  2.68926764e+00 9.38754499e-01 1.30897379e+00 1.83407390e+00
  1.83349359e+00 1.71896458e+00 3.32011914e+00 4.66068363e+00
  3.85476851e+00 6.72966540e-02 0.00000000e+00 3.54630613e+00
  1.19616136e-01 1.33753821e-01 1.58509862e+00 3.51473927e+00
  2.21827507e+00 5.40382445e-01 4.36909628e+00 1.72462916e+00
  1.81848383e+00 2.72896793e-02 3.94217134e-01 1.52962935e+00
  2.19079566e+00 3.16502541e-01 3.44847918e+00 0.00000000e+00
  6.45168006e-01 7.35782599e-03 0.00000000e+00 1.76689804e+00
  0.00000000e+00 1.12772620e+00 9.58319008e-01 1.86610281e-01
  1.47468758e+00 7.55726910e+00 1.23470545e+00 3.74250078e+00
  2.48825111e+01 1.96510423e-02 3.02210999e+00 6.35544121e-01
  7.69325542e+00 1.82740346e-01 1.99512272e+01 0.00000000e+00
  4.98135000e-01 6.36328280e-01 1.98310685e+00 2.85992551e+00
  8.71839404e-01 4.64455575e-01 5.08959103e+00 6.22352505e+00
  2.97944570e+00 7.29372203e-01 2.28185940e+00 2.34649134e+00
  3.67713094e+00 5.78455448e-01 1.10009766e+00 2.11977053e+00
  1.57558119e+00 8.20601642e-01 1.20307231e+00 2.05132991e-01
  1.05706060e+00 3.64646602e+00 1.68785715e+00 3.22624588e+00
  1.07519522e+01 4.05547237e+00 7.63594359e-02 1.36516738e+00
  3.97944045e+00 6.21862888e-01 2.05455494e+00 4.69819903e-01
  1.69763184e+00 1.54188223e+01 2.69768786e+00 1.08600578e+01
  1.60443616e+00 1.91340029e+00 3.17202997e+00 1.61972082e+00
  2.50285119e-01 5.67708015e-01 1.32594690e+01 1.70394218e+00
  5.50858498e-01 0.00000000e+00 1.04268050e+00 8.59378815e-01
  0.00000000e+00 1.13897395e+00 8.30512166e-01 0.00000000e+00
  1.92432165e-01 0.00000000e+00 1.62246361e-01 7.14099288e-01
  9.66195315e-02 1.61511272e-01 0.00000000e+00 3.22048068e+00
  2.32767653e+00 0.00000000e+00 5.95266867e+00 1.25476094e-02
  2.26280379e+00 3.99025464e+00 2.83040851e-01 1.66145873e+00
  1.15280676e+00 1.20893395e+00 2.22948402e-01 7.46277094e-01
  1.60834861e+00 6.37497008e-01 0.00000000e+00 3.91468239e+00
  2.02482581e+00 1.55138862e+00 1.34331107e+00 8.57136309e-01
  8.61292243e-01 1.57217550e+00 4.32008862e-01 5.00789452e+00
  3.04331803e+00 2.82199502e+00 6.30907822e+00 1.41648933e-01
  1.47815490e+00 2.59460282e+00 4.81829405e+00 2.64958572e+00
  2.39944950e-01 1.83193922e+00 1.44005334e+00 4.87363338e-01
  0.00000000e+00 0.00000000e+00 1.41053760e+00 7.94825315e-01
  1.49022102e+00 1.24052225e-03 6.77276611e-01 4.15508270e-01
  6.07599199e-01 4.28694916e+00 1.87595510e+00 3.27778602e+00
  3.14537585e-01 1.11514568e+00 2.04819345e+00 2.01106715e+00
  2.41800711e-01 0.00000000e+00 1.05678511e+00 3.14903259e+00
  5.09117126e-01 1.53532708e+00 1.27354503e+00 0.00000000e+00
  3.59081817e+00 6.44875944e-01 2.45028567e+00 5.63392162e+00
  1.23189099e-01 5.00834370e+00 1.13831770e+00 2.46011233e+00
  6.01457775e-01 9.20394230e+00 1.43724358e+00 1.60542011e+00
  5.70449829e+00 2.31272839e-02 4.05255747e+00 1.33773959e+00
  4.94199896e+00 3.41325307e+00 4.70792866e+00 1.85583544e+00
  2.25627637e+00 9.94824290e-01 8.84680390e-01 1.34926188e+00]]