[[3.08902413e-01 0.00000000e+00 3.53848040e-01 4.50513268e+00
  3.87037086e+00 3.31765580e+00 2.04128957e+00 3.06756163e+00
  5.05846548e+00 6.47115588e-01 3.57138842e-01 3.05595875e+00
  3.74977040e+00 1.44232225e+00 0.00000000e+00 2.21336532e+00
  1.51434386e+00 7.02980220e-01 1.06619574e-01 1.46813512e+00
  4.28426772e-01 5.73491144e+00 2.94199753e+00 1.67354286e+00
  3.09792686e+00 8.46844673e+00 4.03685760e+00 1.35926418e+01
  1.56726170e+00 4.16738033e+00 2.73054814e+00 0.00000000e+00
  2.34596729e+00 4.00703192e+00 3.19921064e+00 1.68668956e-01
  0.00000000e+00 3.52530807e-01 8.74802113e+00 2.04345012e+00
  2.31815052e+00 0.00000000e+00 2.42237973e+00 4.81761456e+00
  6.03136718e-01 1.45926511e+00 4.42786646e+00 1.95929658e+00
  1.46605122e+00 3.75203788e-01 1.89761727e-06 4.73199606e+00
  6.15508437e-01 1.63221169e+00 1.11703324e+00 6.51202393e+00
  4.85950279e+00 7.41281891e+00 5.27700186e+00 5.84385347e+00
  1.06718292e+01 1.77918255e+00 2.77672505e+00 7.63501120e+00
  0.00000000e+00 1.47602999e+00 1.07435870e+00 1.49862707e+00
  8.63109052e-01 7.42155671e-01 2.20050883e+00 3.98451638e+00
  1.04060566e+00 2.56153083e+00 7.08472654e-02 5.19732594e-01
  8.63006592e-01 2.55727530e-01 2.19642901e+00 1.36196688e-01
  7.25824684e-02 1.42678154e+00 6.49619389e+00 3.19472671e+00
  2.76942790e-01 3.05621028e+00 6.10332429e-01 3.45319718e-01
  7.07114577e-01 4.57482040e-02 1.95522118e+00 2.43161988e+00
  1.52661934e-01 1.33671389e+01 8.53574181e+00 2.27661014e-01
  3.43088460e+00 2.25354481e+00 3.80760360e+00 6.06839120e-01
  1.27733195e+00 1.64116812e+00 2.47651696e+00 4.61433649e+00
  2.30711773e-02 1.51052356e+00 2.96013379e+00 2.79601336e+00
  7.50079334e-01 3.39930916e+00 2.03058600e+00 5.86967826e-01
  0.00000000e+00 6.09112740e+00 2.13671875e+00 1.34091768e-02
  3.99514198e+00 7.59107530e-01 5.18920571e-02 9.33950305e-01
  1.24461301e-01 2.90285373e+00 1.63121343e-01 3.42823768e+00
  3.51724923e-01 2.04577136e+00 3.72095257e-02 6.54600095e-03
  3.71370625e+00 1.98929157e+01 1.38977861e+00 6.09369315e-02
  4.17979813e+00 4.17555475e+00 1.26267207e+00 4.84672499e+00
  7.45779097e-01 3.99078751e+00 1.21834183e+00 1.73857772e+00
  3.98785019e+00 9.82368946e-01 1.00730932e+00 1.58636081e+00
  5.46390724e+00 3.55673456e+00 2.37604094e+00 0.00000000e+00
  0.00000000e+00 3.73518395e+00 0.00000000e+00 8.17543888e+00
  7.45144308e-01 2.12696731e-01 1.74528897e-01 2.29095483e+00
  4.80807871e-01 6.18079662e+00 3.00600260e-01 1.84559429e+00
  5.85833430e-01 9.39538777e-01 3.10699749e+00 0.00000000e+00
  9.64237690e-01 2.12443757e+00 4.24590081e-01 1.70098317e+00
  2.89465237e+00 1.59874213e+00 2.47196770e+00 9.67883348e-01
  5.37870026e+00 1.93714738e+00 9.32260692e-01 3.45988274e+00
  3.91353011e+00 3.31833988e-01 7.07163274e-01 8.46606350e+00
  2.44768238e+00 6.55010819e-01 8.86662674e+00 2.41842084e-02
  3.73629928e-01 2.19768167e+00 4.66964811e-01 1.59575498e+00
  3.74815154e+00 0.00000000e+00 3.90546083e+00 7.43360460e-01
  1.88047484e-01 1.04718456e+01 0.00000000e+00 1.36122477e+00
  6.95088673e+00 9.61830807e+00 1.78060457e-01 0.00000000e+00
  0.00000000e+00 3.67947078e+00 3.79944062e+00 2.63625574e+00
  2.39792466e+00 1.26852560e+00 3.06631064e+00 1.44808519e+00
  7.93837488e-01 1.29039121e+00 2.99246222e-01 3.79143000e+00
  0.00000000e+00 0.00000000e+00 3.11727595e+00 5.75573564e-01
  5.50642729e+00 0.00000000e+00 2.04947218e-01 2.04903126e+00
  1.23805022e+00 3.87276101e+00 1.96153808e+00 3.78587770e+00
  0.00000000e+00 5.32514238e+00 2.38090014e+00 9.20725465e-01
  0.00000000e+00 1.12107784e-01 1.50357175e+00 1.74061728e+00
  1.27222896e+00 2.29805183e+00 1.77327943e+00 7.54197657e-01
  2.32772040e+00 1.14626656e+01 5.61755836e-01 8.20293009e-01
  5.24884105e-01 2.26479864e+00 1.45206034e+00 6.48984075e-01
  3.43430042e+00 2.39919114e+00 1.20872402e+01 4.44053173e+00
  1.24383509e+00 1.65482223e-01 0.00000000e+00 3.89734536e-01
  3.31414318e+00 7.20758259e-01 7.22065496e+00 1.44089115e+00
  1.18516803e+00 5.71057081e+00 9.46313381e-01 2.74027824e+00
  6.01794600e-01 0.00000000e+00 1.48926294e+00 4.60186625e+00
  1.17145443e+00 4.46605474e-01 1.29756510e+00 1.75010431e+00
  1.15347195e+01 2.73580503e+00 1.85486317e+00 5.64227581e-01
  8.46155107e-01 3.71993995e+00 1.33311725e+00 2.21145844e+00
  6.22323036e+00 3.37814736e+00 7.38813579e-01 5.51538408e-01
  4.93430424e+00 5.85999537e+00 4.31558323e+00 2.16438528e-02
  4.60595036e+00 9.40891653e-02 4.18756247e+00 1.93455267e+00
  1.20110071e+00 0.00000000e+00 6.87778175e-01 7.01045811e-01
  6.12249327e+00 2.94085360e+00 1.10992754e+00 1.15124807e+01
  4.53567505e-01 3.32810998e+00 0.00000000e+00 2.79823214e-01
  3.23537678e-01 4.33750242e-01 5.07385433e-01 9.11955357e-01
  2.83030486e+00 2.13581061e+00 3.50169039e+00 4.00132984e-01
  3.12229455e-01 3.40551645e-01 1.11570227e+00 1.40226617e-01
  4.06951129e-01 5.58944321e+00 2.69099140e+00 2.39381790e+00
  1.81283450e+00 7.75321865e+00 1.16023667e-01 3.04232812e+00
  5.45236647e-01 2.39881147e-02 2.45505348e-01 9.25350475e+00
  2.35409617e+00 5.79075289e+00 1.19917898e+01 4.19057041e-01
  7.60096908e-01 9.46616352e-01 1.99321306e+00 5.26935196e+00
  1.26125467e+00 2.45751333e+00 4.60182571e+00 4.58675098e+00
  1.22152305e+00 1.64370179e+00 6.51022291e+00 4.50027227e+00
  1.67519033e+00 0.00000000e+00 3.14728200e-01 4.32829046e+00
  1.38538861e+00 2.40917897e+00 2.17714119e+00 3.00057113e-01
  3.00855803e+00 3.71505761e+00 0.00000000e+00 2.44111514e+00
  1.07124403e-01 1.84728295e-01 1.12764037e+00 1.04941356e+00
  4.97343153e-01 3.82965112e+00 3.77977371e+00 1.28792465e+00
  2.72014952e+00 1.16612124e+00 6.12723827e+00 8.91540813e+00
  3.25487328e+00 2.76129270e+00 1.22869358e+01 8.58577490e-02
  1.12191463e+00 1.57798409e+00 8.56619358e-01 2.03580305e-01
  2.04072094e+00 0.00000000e+00 4.80349350e+00 7.11146928e-03
  1.39093339e+00 4.37275559e-01 6.36162472e+00 2.64136934e+00
  9.03803825e+00 2.84495234e+00 8.82417011e+00 1.34967792e+00
  5.30943012e+00 1.15847841e-01 7.38220215e-01 6.09937869e-03
  1.07443297e+00 3.61135602e-01 8.62419367e-01 1.66855872e+00
  3.61032987e+00 2.11881685e+00 1.45729148e+00 1.64906228e+00
  1.64660347e+00 7.02433109e+00 2.91332509e-02 1.17253125e+00
  2.27948594e+00 4.79771662e+00 7.64167011e-01 1.00854707e+00
  1.14816070e+00 8.56976891e+00 7.75991499e-01 4.53109324e-01
  0.00000000e+00 3.70274019e+00 3.93086970e-01 8.75519097e-01
  0.00000000e+00 8.91253650e-01 7.67134011e-01 3.05660635e-01
  1.22646654e+00 2.76204944e+00 2.56713486e+00 1.01497412e+00
  5.91080248e-01 5.39613068e-01 1.28902841e+00 5.38216352e+00
  1.52439165e+00 1.03463149e+00 8.08206499e-01 1.34810269e+00
  1.33430994e+00 2.28215504e+00 4.24629593e+00 5.83559990e+00
  6.67910194e+00 7.90320969e+00 9.50010419e-01 1.20823598e+00
  6.97249949e-01 4.37382042e-01 3.44804454e+00 8.62957835e-01
  3.55780458e+00 3.18106651e+00 1.67113855e-01 0.00000000e+00
  2.47996020e+00 1.30551517e+00 6.17969370e+00 7.11428821e-01
  2.45496944e-01 3.25715214e-01 0.00000000e+00 3.66860366e+00
  2.52646661e+00 3.11514187e+00 3.37300539e+00 9.30234790e-02
  6.04206264e-01 1.02616715e+00 6.90905035e-01 1.47269383e-01
  1.61268568e+00 0.00000000e+00 1.83988404e+00 1.27875412e+00
  0.00000000e+00 3.12093329e+00 1.11376369e+00 1.15891171e+00
  4.36446714e+00 1.26919997e+00 3.86733264e-01 3.28429699e+00
  1.19407244e-01 2.53215623e+00 8.58757734e-01 8.07509303e-01
  0.00000000e+00 9.60787535e-01 4.81988049e+00 2.07296565e-01
  3.74724126e+00 1.75074071e-01 2.53206968e+00 6.14092588e+00
  0.00000000e+00 2.33443427e+00 5.96268511e+00 1.00529201e-01
  1.41035962e+00 9.68866527e-01 5.81661129e+00 4.63394821e-01
  1.36228943e+00 2.15685844e+00 3.33500838e+00 8.98935735e-01
  5.27679491e+00 1.01805359e-01 7.06036806e+00 3.20597410e-01
  2.11876702e+00 2.75527668e+00 8.23387682e-01 4.97779131e+00
  7.37211466e+00 1.55928838e+00 7.30959320e+00 1.77725005e+00
  3.48251629e+00 2.83310461e+00 2.22924900e+00 2.70412356e-01]]