[[7.10223436e-01 3.41981578e+00 1.83685946e+00 1.78869772e+00
  0.00000000e+00 6.80506182e+00 5.01666164e+00 3.06920797e-01
  7.42139757e-01 1.14629805e+00 3.76874894e-01 1.27084994e+00
  6.25438169e-02 5.27696276e+00 2.42623210e+00 1.88465381e+00
  1.07752693e+00 1.72651553e+00 7.32056051e-02 5.92794466e+00
  6.66692257e+00 3.75269246e+00 3.99262977e+00 0.00000000e+00
  6.47303343e-01 3.83337784e+00 0.00000000e+00 0.00000000e+00
  3.10934067e+00 0.00000000e+00 7.06504211e-02 3.82831544e-01
  2.01762223e+00 6.94001675e-01 5.76029599e-01 0.00000000e+00
  7.97799826e+00 1.61783174e-01 1.61834836e+00 6.38639736e+00
  1.45042098e+00 7.13814020e+00 5.46202540e-01 5.28038597e+00
  0.00000000e+00 1.98762393e+00 3.65057528e-01 9.85122383e-01
  4.98437166e+00 4.17588758e+00 2.17582226e+00 8.42864737e-02
  8.48333657e-01 0.00000000e+00 2.05613422e+00 1.98318624e+00
  1.84788954e+00 2.88684160e-01 8.29247460e-02 7.35371053e-01
  0.00000000e+00 4.01013947e+00 5.64271259e+00 9.35639381e+00
  5.04972553e+00 1.97739863e+00 3.69371843e+00 6.78440619e+00
  4.79214382e+00 1.01345551e+00 4.31191683e+00 0.00000000e+00
  0.00000000e+00 7.03458118e+00 2.61550522e+00 2.24123192e+00
  4.99991238e-01 1.74442172e-01 1.65388906e+00 1.26588821e+01
  3.81001115e+00 2.30899262e+00 4.22525263e+00 8.82012129e-01
  1.64231205e+00 9.70942497e+00 1.30869246e+00 1.23243146e-01
  2.32329416e+00 0.00000000e+00 1.30093946e+01 3.67029405e+00
  6.33152246e+00 4.48062563e+00 1.19249353e+01 1.64495969e+00
  4.85674858e+00 5.88100195e+00 0.00000000e+00 6.62543583e+00
  6.28033817e-01 0.00000000e+00 9.83698940e+00 3.89838076e+00
  0.00000000e+00 6.39767572e-02 9.18263197e-01 9.99343246e-02
  2.49874258e+00 1.21084344e+00 5.63183308e-01 9.28276598e-01
  7.49157965e-01 0.00000000e+00 5.82083082e+00 4.21483517e+00
  2.01814699e+00 3.48877072e+00 1.71286356e+00 3.73676538e+00
  4.91209961e-02 9.09608483e-01 2.62962312e-01 7.15429735e+00
  2.45827389e+00 3.99412513e+00 2.46764398e+00 5.38616562e+00
  2.13007569e-01 9.12200451e-01 3.34892368e+00 1.43973958e+00
  0.00000000e+00 2.94265598e-01 0.00000000e+00 2.11158323e+00
  1.98960018e+00 3.29842895e-01 2.82104194e-01 1.15270746e+00
  7.97361583e-02 1.94311893e+00 1.03522930e+01 8.08642864e+00
  6.81699574e-01 0.00000000e+00 7.20459580e-01 6.17641389e-01
  8.16589260e+00 1.54418421e+00 0.00000000e+00 6.96035528e+00
  4.42682624e-01 1.42338777e+00 1.70807147e+00 4.61890507e+00
  1.37627229e-01 5.43348312e+00 3.71638834e-01 5.89635372e+00
  5.42691994e+00 1.75968208e+01 2.21350715e-01 2.89677262e+00
  3.88001442e+00 4.22952271e+00 0.00000000e+00 4.81123018e+00
  0.00000000e+00 9.34294987e+00 0.00000000e+00 3.58606243e+00
  5.21559429e+00 8.15200329e+00 2.78243279e+00 6.40430498e+00
  6.20586014e+00 0.00000000e+00 1.72110538e+01 1.60192561e+00
  0.00000000e+00 0.00000000e+00 1.81897783e+00 9.87530291e-01
  5.52485180e+00 1.49844003e+00 5.81832707e-01 9.85796094e-01
  2.05834484e+00 7.27540731e+00 4.71604198e-01 4.51486439e-01
  2.75499439e+00 5.13517666e+00 5.13798952e+00 4.15776730e-01
  5.41752338e-01 5.07726288e+00 2.48950052e+00 3.10036540e+00
  1.00368433e+01 0.00000000e+00 1.93698537e+00 0.00000000e+00
  8.97845209e-01 3.84855175e+00 1.47125304e+00 1.55962026e+00
  2.01643085e+00 2.85479212e+00 3.55020738e+00 4.97979403e+00
  3.73094010e+00 4.71571684e+00 0.00000000e+00 0.00000000e+00
  0.00000000e+00 1.78306663e+00 0.00000000e+00 8.44740868e-01
  1.45939469e+00 7.20000458e+00 3.61446548e+00 0.00000000e+00
  3.38618946e+00 3.47990227e+00 1.73342192e+00 7.13274419e-01
  2.73139381e+00 7.26003826e-01 9.08198893e-01 4.51874703e-01
  1.70955873e+00 1.01223493e+00 4.36569601e-01 7.39435032e-02
  0.00000000e+00 7.96356344e+00 4.22345012e-01 1.72621679e+00
  5.91804206e-01 2.86586118e+00 2.21626329e+00 1.17861712e+00
  4.60973352e-01 4.60041285e+00 3.59987926e+00 2.18001381e-01
  1.32053375e+00 5.46422672e+00 3.72169614e+00 2.12506056e-01
  0.00000000e+00 4.90190601e+00 6.80353999e-01 9.75819826e-02
  8.34396744e+00 6.30135894e-01 2.83696675e+00 1.13558270e-01
  6.47336125e-01 5.50814033e-01 0.00000000e+00 2.54364431e-01
  2.12349772e+00 3.50862622e+00 2.16342926e+00 0.00000000e+00
  3.90546370e+00 6.26107991e-01 3.14644504e+00 8.97131157e+00
  6.51806414e-01 1.01811969e+00 8.65051746e-01 1.53445378e-01
  1.44499767e+00 1.77211881e-01 1.47932351e+00 7.08265781e-01
  3.40736294e+00 6.32146895e-01 4.72657561e-01 4.37352943e+00
  2.15769792e+00 2.39227724e+00 3.07828355e+00 2.46531153e+00
  2.20472193e+00 4.69726706e+00 0.00000000e+00 2.16211867e+00
  4.35133839e+00 8.64165187e-01 2.72551656e+00 4.34956980e+00
  0.00000000e+00 7.09978163e-01 6.76478744e-01 1.89459896e+00
  1.24806509e+01 5.53054047e+00 6.67083263e+00 5.33467197e+00
  5.01757860e-01 9.77348804e-01 5.86875057e+00 6.58111989e-01
  8.88017654e+00 1.10148072e+00 7.40940905e+00 5.03826714e+00
  4.34260321e+00 7.38557220e-01 7.56383419e-01 7.39625245e-02
  2.43873882e+00 3.14383054e+00 1.10036879e+01 6.99842155e-01
  2.02254161e-01 9.20565510e+00 4.27090645e+00 2.10869703e-02
  1.17080808e-01 7.53104746e-01 3.02570081e+00 1.70472622e+00
  2.83936828e-01 0.00000000e+00 2.37930775e+00 2.21281558e-01
  0.00000000e+00 2.78922409e-01 3.72150540e-01 3.49783349e+00
  2.99062192e-01 2.38523817e+00 1.73481917e+00 1.54472208e+00
  3.06282854e+00 3.44111741e-01 2.06540322e+00 0.00000000e+00
  3.93197715e-01 1.78645575e+00 1.72673440e+00 1.07292318e+00
  3.61170030e+00 1.13050222e+00 2.58642793e-01 3.19081903e+00
  0.00000000e+00 2.21292996e+00 1.93070579e+00 8.71357203e-01
  1.18703642e+01 6.86742592e+00 0.00000000e+00 6.43410683e-01
  6.20606661e+00 9.53094006e-01 4.26776075e+00 6.99062049e-02
  5.26779222e+00 5.28903782e-01 7.31082535e+00 3.14623803e-01
  2.70590806e+00 0.00000000e+00 8.76938045e-01 3.91649753e-01
  1.74941607e-02 1.80850935e+00 1.74289453e+00 1.96046233e+00
  5.54460526e+00 0.00000000e+00 0.00000000e+00 3.49488449e+00
  0.00000000e+00 6.90300047e-01 1.78836679e+00 2.77340078e+00
  5.67762423e+00 2.67448634e-01 6.04754591e+00 5.00640087e-02
  6.31670952e-01 2.68803072e+00 3.14948225e+00 3.01197910e+00
  1.11899052e+01 4.78816897e-01 0.00000000e+00 1.28532195e+00
  3.91364312e+00 2.07098579e+00 3.58121967e+00 5.22219129e-02
  7.38390064e+00 9.59876537e+00 5.54005194e+00 2.94851065e+00
  7.31472158e+00 3.16786170e+00 2.59377813e+00 3.93533897e+00
  1.98459074e-01 1.67903796e-01 6.50377941e+00 2.58123589e+00
  0.00000000e+00 2.62242019e-01 1.79715753e-01 3.00677609e+00
  0.00000000e+00 1.26272619e+00 0.00000000e+00 1.21912396e+00
  1.87587038e-01 1.42733932e-01 4.29650640e+00 5.42377567e+00
  1.09329879e+00 5.34381568e-01 1.06014490e+00 1.57814682e+00
  1.02923803e+01 1.59865046e+00 1.61080205e+00 0.00000000e+00
  1.49785967e+01 5.02675819e+00 4.94542606e-02 2.32882619e+00
  6.51325274e+00 2.03767610e+00 5.16567491e-02 2.52217627e+00
  1.36193299e+00 1.54586798e-02 1.69997299e+00 3.92527771e+00
  3.38008590e-02 1.14843404e+00 5.51995933e-01 3.94624925e+00
  1.81697702e+00 1.26576006e-01 1.19734354e-01 2.49002790e+00
  4.71048021e+00 3.26130295e+00 3.82376122e+00 3.07525873e+00
  5.02776957e+00 7.79409111e-01 8.99420261e-01 1.39781022e+00
  7.48210326e-02 3.84483910e+00 8.69129956e-01 2.40948033e+00
  7.63753843e+00 2.47929549e+00 7.01799572e-01 1.24190617e+00
  1.30825818e+00 3.22827369e-01 0.00000000e+00 7.07698464e-02
  3.18885303e+00 7.23196411e+00 1.29027158e-01 3.38492751e+00
  0.00000000e+00 1.47683963e-01 0.00000000e+00 8.00174177e-01
  0.00000000e+00 2.37285793e-01 1.76861370e+00 1.46328974e+00
  1.26380277e+00 2.77223086e+00 8.15229639e-02 0.00000000e+00
  1.55154675e-01 1.53765634e-01 1.99999690e+00 6.05365849e+00
  3.30140305e+00 1.73634529e+00 5.67510986e+00 5.79235673e-01
  0.00000000e+00 1.26806765e+01 5.98473501e+00 1.12272024e+00
  2.97356439e+00 1.02061212e+00 4.19145584e+00 0.00000000e+00
  3.74149060e+00 1.77594945e-01 1.94944870e+00 3.69260073e+00
  3.21994710e+00 1.61015117e+00 2.94398308e+00 5.06712943e-02]]