[[2.19607973e+00 0.00000000e+00 1.22299528e+00 7.64255285e-01
  0.00000000e+00 1.11144352e+00 1.19885874e+00 9.25005853e-01
  1.57416117e+00 4.08353060e-01 7.29318202e-01 2.38746381e+00
  1.41314328e+00 0.00000000e+00 0.00000000e+00 8.94986451e-01
  1.97047925e+00 4.08136463e+00 0.00000000e+00 2.59676075e+00
  1.31934109e+01 1.51231489e+01 3.95096755e+00 9.00289193e-02
  1.25762677e+00 2.76931691e+00 0.00000000e+00 8.94965935e+00
  7.48791516e-01 3.51618946e-01 8.77095759e-01 0.00000000e+00
  2.36977410e+00 2.63975906e+00 1.34857786e+00 0.00000000e+00
  4.53588200e+00 2.21817791e-01 4.97514105e+00 7.70511627e-01
  1.64149106e+00 8.66991997e+00 1.20188022e+00 7.99538374e+00
  6.51823044e-01 3.71696639e+00 9.60282236e-02 2.90180492e+00
  1.98132324e+00 9.56542253e-01 4.45962906e+00 0.00000000e+00
  4.06468838e-01 7.87040710e-01 6.27228212e+00 1.72419369e-01
  2.93550086e+00 2.25164101e-01 0.00000000e+00 3.90174079e+00
  3.27552676e+00 7.91239214e+00 5.03793955e+00 9.61256981e+00
  2.57205907e-02 8.71358626e-03 1.96381533e+00 1.05489647e+00
  3.37380558e-01 3.12762117e+00 1.69881237e+00 8.03626156e+00
  1.27475977e+00 1.63423805e+01 1.22649164e+01 3.03526521e+00
  3.57008368e-01 1.12368917e+00 8.54702091e+00 5.53928185e+00
  1.64409184e+00 3.77644348e+00 1.54896903e+00 3.41010302e-01
  1.18196449e+01 8.66790867e+00 2.38968873e+00 5.54418862e-01
  1.09941673e+00 0.00000000e+00 1.08651819e+01 3.99968433e+00
  1.04882896e+00 1.03208904e+01 9.67959213e+00 1.68989539e-01
  3.15717459e+00 3.35943103e+00 1.06040724e-01 4.26920557e+00
  1.27512336e-01 8.51999581e-01 6.70076084e+00 4.95150423e+00
  0.00000000e+00 2.04975367e+00 3.34392381e+00 1.80163181e+00
  6.21264410e+00 3.49602520e-01 3.68465185e-01 1.11337099e-02
  3.44102979e-01 2.33835414e-01 8.62753987e-01 4.03056955e+00
  3.26395941e+00 3.60533923e-01 1.62600255e+00 3.26052523e+00
  0.00000000e+00 2.31081381e-01 0.00000000e+00 2.76500273e+00
  5.56030846e+00 5.01313782e+00 2.93086076e+00 4.71680462e-01
  1.64685833e+00 7.97220087e+00 7.34811449e+00 1.47746506e+01
  9.70735252e-01 1.11560546e-01 1.08561921e+00 1.25947917e+00
  1.37406141e-01 1.68257758e-01 3.48173356e+00 3.94262783e-02
  9.06232357e-01 1.31996346e+00 2.97979265e-01 5.10034323e+00
  8.71689796e+00 1.09474652e-01 1.06480951e+01 1.12477267e+00
  0.00000000e+00 2.45626497e+00 0.00000000e+00 1.43349743e+00
  9.47889313e-02 6.40415096e+00 1.73196256e+00 2.16412115e+00
  4.51774240e-01 1.81698596e+00 9.44905341e-01 2.98464561e+00
  5.66299893e-02 1.86586723e+01 8.05936813e+00 1.46454978e+00
  4.07436895e+00 4.47538042e+00 3.08703303e-01 0.00000000e+00
  2.83130884e-01 4.28251863e-01 6.03996038e-01 2.70649004e+00
  2.68435383e+00 3.36992598e+00 2.56710291e+00 2.53098655e+00
  6.81710958e+00 2.26123452e-01 8.52219582e+00 1.48673201e+00
  2.70228410e+00 3.63394842e-02 2.51384306e+00 3.64894331e-01
  1.54092369e+01 2.60418773e+00 3.28733516e+00 5.49135303e+00
  7.12924957e+00 7.11197758e+00 7.12351131e+00 1.04090936e-01
  4.66433853e-01 1.63183613e+01 5.19010723e-01 4.46846342e+00
  4.90386200e+00 0.00000000e+00 6.60434186e-01 1.29747772e+00
  1.26341648e+01 8.69458961e+00 3.78431112e-01 1.26123643e+00
  1.53715730e+00 1.45641315e+00 2.13395882e+00 1.58054030e+00
  7.73577631e-01 2.35373306e+01 3.83880019e+00 2.57840681e+00
  3.42426419e+00 1.46485329e+00 8.80832672e-01 2.36224747e+00
  6.30456388e-01 1.83596760e-01 7.55367100e-01 1.30927384e+00
  2.93660784e+00 7.15685034e+00 1.39839077e+00 3.78331751e-01
  2.46807551e+00 9.32212174e-02 6.54007626e+00 1.98370528e+00
  2.48108912e+00 7.51791358e-01 1.94220448e+00 7.36886322e-01
  1.59754127e-01 0.00000000e+00 2.01286048e-01 7.11532533e-02
  2.26352239e+00 3.12755555e-01 0.00000000e+00 1.30256999e+00
  1.18878055e+00 3.88160825e-01 3.57093722e-01 1.87365675e+00
  1.03792407e-01 7.30382156e+00 5.55735874e+00 1.41673684e+00
  5.26945233e-01 5.30617523e+00 1.54452479e+00 1.77569270e+00
  0.00000000e+00 1.28717685e+00 6.40951777e+00 3.92144114e-01
  7.78085089e+00 2.17661962e-01 1.91114759e+00 0.00000000e+00
  8.75049114e-01 0.00000000e+00 0.00000000e+00 8.99095917e+00
  6.79643106e+00 1.58139694e+00 5.93131185e-01 1.22748446e+00
  5.34914780e+00 3.37674558e-01 8.52770996e+00 9.38665867e-01
  0.00000000e+00 2.21646234e-01 6.47268820e+00 0.00000000e+00
  1.42502680e+01 8.76977444e-01 2.01362655e-01 4.26137120e-01
  8.41501236e+00 1.64516008e+00 5.38759679e-02 3.73509431e+00
  0.00000000e+00 9.42765027e-02 5.65050030e+00 3.51575279e+00
  1.85247290e+00 4.31181908e+00 0.00000000e+00 3.91911602e+00
  7.76510763e+00 5.45600224e+00 4.92456388e+00 1.37649071e+00
  0.00000000e+00 2.38854480e+00 0.00000000e+00 1.67637694e+00
  1.73910463e+00 1.71809995e+00 9.67640519e-01 2.13615268e-01
  3.47070503e+00 3.28947258e+00 4.45570081e-01 7.59430602e-02
  7.69618034e-01 9.32076275e-01 7.95745420e+00 0.00000000e+00
  4.86190224e+00 2.69490695e+00 1.54399073e+00 1.24048162e+00
  5.97827721e+00 3.27734184e+00 6.47086048e+00 1.69525754e+00
  5.03854714e-02 1.02289486e+01 3.16398442e-01 6.69697747e-02
  2.06484866e+00 2.31003451e+00 1.01207905e+01 3.36675787e+00
  7.91187954e+00 6.57604039e-01 3.98528218e+00 4.23464203e+00
  7.27484703e-01 3.27496576e+00 5.83092332e-01 3.78434515e+00
  2.60891485e+00 2.02792376e-01 9.72805321e-01 8.44003320e-01
  1.33141434e+00 4.75525284e+00 5.86889172e+00 9.30667222e-02
  8.67879748e-01 1.59360647e-01 2.04877353e+00 4.69192743e-01
  0.00000000e+00 7.62703466e+00 0.00000000e+00 3.90545845e+00
  7.90057373e+00 3.83149600e+00 6.29255342e+00 1.91237068e+00
  6.15108132e-01 3.24707675e+00 1.24452722e+00 4.94176120e-01
  8.25150013e+00 0.00000000e+00 1.03571873e+01 2.35416675e+00
  8.53446770e+00 4.20133859e-01 2.62238274e+01 2.44289112e+00
  1.41260791e+00 0.00000000e+00 3.78148532e+00 1.97272694e+00
  1.14815464e+01 2.27288380e-01 2.94841886e+00 1.96688962e+00
  7.39982319e+00 7.15524375e-01 0.00000000e+00 1.83256209e+00
  3.62659740e+00 2.76404589e-01 7.98013639e+00 8.24836135e-01
  5.50953913e+00 0.00000000e+00 1.83589423e+00 2.52710247e+00
  1.08807945e+00 2.97904819e-01 6.38512325e+00 2.05495262e+00
  1.92409313e+00 2.23225832e+00 1.08616376e+00 3.51564145e+00
  4.93433857e+00 5.75408757e-01 1.99395597e+00 2.52938688e-01
  7.94704854e-01 2.44647217e+01 4.94839370e-01 5.25993729e+00
  2.39631248e+00 5.40787697e+00 2.38301373e+00 2.80514121e+00
  1.63679317e-01 8.04900110e-01 8.14743137e+00 2.05534577e+00
  0.00000000e+00 0.00000000e+00 5.74986398e-01 5.16299820e+00
  2.41343355e+00 1.11987948e-01 6.93968534e-01 3.82501030e+00
  1.06013024e+00 1.14340985e+00 4.41538000e+00 1.60056591e+00
  4.20602369e+00 0.00000000e+00 8.30493867e-02 5.70234478e-01
  6.70352757e-01 1.48791003e+00 8.67014694e+00 0.00000000e+00
  9.30817699e+00 8.72937202e+00 5.16611195e+00 4.34467524e-01
  0.00000000e+00 4.62118924e-01 2.84445912e-01 7.12167025e+00
  4.23825836e+00 9.42909300e-01 8.07300270e-01 6.20867252e+00
  1.64443862e+00 1.70956671e+00 1.41768940e-02 2.92987752e+00
  3.30350786e-01 5.38877189e-01 0.00000000e+00 3.08955622e+00
  2.12138748e+00 1.12806663e-01 2.60442972e+00 0.00000000e+00
  5.36977410e-01 1.01631880e+00 2.06071877e+00 3.13694119e+00
  4.78630453e-01 2.11297154e+00 7.86786270e+00 1.21398151e-01
  0.00000000e+00 3.46207500e+00 4.07686949e+00 2.45970035e+00
  6.83209229e+00 0.00000000e+00 3.56388122e-01 2.25360274e-01
  6.57595396e+00 4.79796362e+00 1.32801068e+00 1.80196381e+00
  2.67886579e-01 2.27304101e-01 3.51526713e+00 0.00000000e+00
  0.00000000e+00 0.00000000e+00 1.13919568e+00 0.00000000e+00
  0.00000000e+00 0.00000000e+00 0.00000000e+00 9.45879817e-01
  2.48119116e+00 1.22534239e+00 1.10908806e+00 2.06416678e+00
  1.38182425e+00 1.42915392e+01 1.11128950e+01 1.92485130e+00
  1.24946966e+01 5.55520678e+00 6.11551094e+00 5.75258881e-02
  1.94837558e+00 1.17117524e+00 6.12743902e+00 3.12226236e-01
  6.10304165e+00 8.32520294e+00 1.97457480e+00 2.75231624e+00
  7.22566462e+00 5.69541395e-01 2.17599916e+00 5.08657873e-01]]