[[5.76170444e-01 6.39232874e-01 5.05885005e-01 2.42867395e-01
  8.86420488e-01 8.49162519e-01 5.36543512e+00 4.24415588e+00
  1.91524613e+00 0.00000000e+00 2.67279577e+00 1.27179599e+00
  4.39740562e+00 1.52343464e+00 8.87705505e-01 6.14160919e+00
  2.23638162e-01 7.55213248e-03 0.00000000e+00 5.52472591e+00
  0.00000000e+00 4.58994198e+00 1.71106958e+00 5.28235972e-01
  2.94410825e-01 8.43617821e+00 1.66178882e+00 1.68900669e+00
  4.14487690e-01 3.13261628e+00 4.09186065e-01 5.25244808e+00
  2.34078550e+00 1.88157713e+00 2.81101966e+00 1.82261574e+00
  9.86875892e-01 1.48665416e+00 7.02047110e+00 3.33541244e-01
  0.00000000e+00 5.60050130e-01 4.15666056e+00 3.48531413e+00
  5.20729244e-01 2.75534678e+00 2.36577320e+00 3.78398013e+00
  4.09171820e+00 2.29717717e-01 2.31276512e+00 2.44254637e+00
  3.91096860e-01 2.04878807e+00 3.29656744e+00 2.21859097e+00
  2.89978743e+00 1.16682100e+01 1.07296867e+01 4.34147120e-01
  6.65152121e+00 2.67311096e+00 6.61332560e+00 7.91605616e+00
  3.30654287e+00 1.06917429e+00 4.26424026e+00 1.76310968e+00
  2.02115154e+00 5.64523554e+00 7.41466093e+00 8.20852566e+00
  1.31848745e+01 2.09850645e+00 9.85061705e-01 2.75559521e+00
  3.56821251e+00 1.14328098e+00 3.93901944e-01 1.30959320e+00
  3.40452701e-01 1.08322783e+01 1.02849798e+01 1.47643685e+00
  2.21192765e+00 9.22976017e+00 2.05136672e-01 2.14424920e+00
  3.55479646e+00 3.78890491e+00 1.16073685e+01 5.72153521e+00
  9.37691033e-02 5.74258423e+00 1.99430883e+00 0.00000000e+00
  6.38243020e-01 1.23178828e+00 4.07923412e+00 1.77366066e+00
  1.24921724e-01 4.83708048e+00 1.08896267e+00 8.34075356e+00
  5.56358480e+00 7.99645615e+00 3.16643786e+00 5.24175704e-01
  3.23597646e+00 2.16806555e+00 6.59855747e+00 4.04272270e+00
  6.47655874e-02 1.34674489e+00 1.58710277e+00 8.24929476e-01
  7.29943228e+00 0.00000000e+00 0.00000000e+00 2.93661928e+00
  8.43720675e-01 7.47443485e+00 2.00103545e+00 1.27563066e+01
  6.06673622e+00 3.27516103e+00 0.00000000e+00 0.00000000e+00
  1.41755629e+00 2.38968678e+01 1.07344472e+00 1.56171894e+00
  1.39894276e+01 1.85858905e+00 1.08753407e+00 2.92380691e+00
  2.23457545e-01 0.00000000e+00 2.76709175e+00 2.82176405e-01
  1.17777610e+00 8.97455513e-01 4.99211341e-01 1.00334620e+00
  1.65527177e+00 8.42766404e-01 5.16182041e+00 7.89651513e-01
  3.08027118e-01 4.08388257e-01 2.26120457e-01 6.59067249e+00
  1.33817554e+00 6.92026138e+00 0.00000000e+00 1.19257593e+00
  2.93100214e+00 0.00000000e+00 2.17382953e-01 2.90530562e+00
  0.00000000e+00 6.22118664e+00 4.94053793e+00 1.31391358e+00
  8.53656197e+00 6.58758640e-01 1.79473162e+00 2.53532243e+00
  2.67122723e-02 5.26347065e+00 5.20952177e+00 1.92240357e-01
  2.95448732e+00 7.14763975e+00 1.86271822e+00 1.01815434e+01
  0.00000000e+00 0.00000000e+00 2.32316422e+00 1.02283134e+01
  8.84644318e+00 4.95550585e+00 4.06394005e+00 7.62767255e-01
  4.34912473e-01 4.60412741e+00 3.02274871e+00 2.06130648e+00
  2.54170275e+00 0.00000000e+00 1.78233109e+01 3.42926025e-01
  3.67062497e+00 5.72933006e+00 5.71068525e-01 2.69965792e+00
  1.34445798e+00 1.96571712e+01 4.54531193e+00 8.11882690e-02
  4.43768835e+00 0.00000000e+00 4.00603950e-01 8.77363205e+00
  1.26500857e+00 6.92354381e-01 1.29480720e-01 6.10360503e-01
  2.09099770e+00 2.85478091e+00 1.17100298e+00 3.30747098e-01
  5.28230965e-02 4.99945116e+00 1.65251815e+00 7.92092562e+00
  3.51904798e+00 1.04608002e+01 1.42881918e+00 3.81432724e+00
  1.82619798e+00 1.09373541e+01 3.32240820e-01 6.11138535e+00
  4.21594411e-01 3.83340168e+00 3.43333554e+00 3.37634623e-01
  2.18449906e-01 4.66212797e+00 1.57966495e+00 2.63586235e+00
  3.34445834e-01 5.11068153e+00 5.58890915e+00 9.50600445e-01
  2.31714082e+00 5.10845470e+00 1.13328350e+00 3.29065084e-01
  9.53073919e-01 4.41333675e+00 3.17095208e+00 3.18420196e+00
  2.15678358e+00 7.70985508e+00 1.24516573e+01 4.48035336e+00
  3.51051259e+00 5.89851618e+00 2.50573087e+00 4.48219061e+00
  1.45984006e+00 3.17359018e+00 2.57248044e-01 8.87395293e-02
  3.25281352e-01 7.33813620e+00 3.32093906e+00 3.16545010e+00
  3.46458197e+00 3.30538201e+00 9.31779981e-01 1.07527018e+01
  8.16315556e+00 5.44359589e+00 2.97499686e-01 7.47774649e+00
  8.78255272e+00 2.42097092e+00 6.38059855e+00 0.00000000e+00
  1.57263398e+00 1.45120239e+01 4.40768862e+00 5.97932148e+00
  1.04973373e+01 4.54594791e-01 2.48946756e-01 1.04910183e+00
  2.53730488e+00 2.56473136e+00 1.77865195e+00 2.20788643e-01
  2.88677239e+00 0.00000000e+00 3.26847935e+00 1.99060655e+00
  2.35580468e+00 3.34202957e+00 4.10077393e-01 1.43471920e+00
  9.12983131e+00 1.87769961e+00 6.34249878e+00 4.68473101e+00
  2.82507110e+00 7.32078731e-01 7.78369367e-01 1.65268764e-01
  3.02703118e+00 1.01631904e+00 1.84657252e+00 0.00000000e+00
  6.80588531e+00 8.91933441e+00 3.84880495e+00 1.55400789e+00
  1.21575689e+00 0.00000000e+00 5.96249628e+00 4.25369215e+00
  4.14471954e-01 4.06881303e-01 5.58122396e+00 0.00000000e+00
  1.92267036e+00 1.79469223e+01 3.46758008e-01 4.99912113e-01
  1.68723130e+00 8.63305950e+00 2.39640474e+00 5.49530220e+00
  3.54849529e+00 6.88344336e+00 1.12719698e+01 1.12856960e+00
  1.23016678e-01 7.97026008e-02 1.28835046e+00 3.87216926e+00
  5.73306131e+00 5.38045526e-01 1.10745821e+01 9.99381244e-01
  6.19275904e+00 4.81352377e+00 1.38956201e+00 5.74910641e+00
  2.18663049e+00 2.22493801e-02 4.64722931e-01 7.14294672e+00
  4.77388954e+00 9.72193241e-01 0.00000000e+00 2.60049105e-01
  5.65580082e+00 0.00000000e+00 2.40233684e+00 1.86090767e+00
  0.00000000e+00 1.38955879e+00 1.31879181e-01 1.38916418e-01
  1.05445549e-01 8.64371967e+00 5.20868838e-01 2.21986032e+00
  4.22376364e-01 0.00000000e+00 1.25517406e+01 1.26344805e+01
  2.75874519e+00 8.15307319e-01 2.17084503e+01 4.28659946e-01
  3.72845709e-01 2.14148784e+00 3.93414068e+00 8.08041954e+00
  1.65234966e+01 2.72625232e+00 1.02571321e+00 3.98792124e+00
  1.15081668e+00 1.87415028e+01 2.42161393e+00 6.04264164e+00
  3.97812200e+00 9.93368804e-01 1.73419654e-01 1.20271039e+00
  3.08411360e+00 7.10543203e+00 1.53897097e-02 4.73128885e-01
  5.16673040e+00 9.79937196e-01 1.76635706e+00 4.42570686e+00
  1.08729072e-01 5.81917715e+00 1.68928415e-01 2.72059345e+00
  9.10984230e+00 1.61043632e+00 4.64797831e+00 1.74149835e+00
  1.82958281e+00 6.42508984e+00 2.22446299e+00 5.34843683e+00
  8.72308064e+00 9.69700143e-02 2.74442971e-01 6.53562725e-01
  1.21878710e+01 4.42710924e+00 1.63892615e+00 1.73620164e+00
  8.50574732e-01 1.79150915e+00 3.18050981e+00 2.20868483e-01
  1.93115020e+00 2.70156646e+00 1.42494154e+00 9.30871201e+00
  6.72348356e+00 1.41524360e-01 2.00226083e-01 5.20013809e+00
  1.20878661e+00 1.35349357e+00 8.47021675e+00 2.15344810e+00
  3.94529462e-01 4.72771376e-02 8.68951499e-01 1.16549218e+00
  1.10198841e+01 1.60854280e+00 9.98629749e-01 8.99155426e+00
  8.20383906e-01 1.49608016e+00 7.56953418e-01 1.66672564e+00
  6.11414611e-01 0.00000000e+00 1.71928674e-01 2.94149184e+00
  1.49117839e+00 8.06841552e-01 1.43210192e+01 1.14777970e+00
  5.41149855e+00 2.45773736e-02 2.18061185e+00 4.35650635e+00
  1.96710920e+00 1.45986784e+00 8.27145195e+00 1.31328359e-01
  4.66535300e-01 2.46262479e+00 3.96522212e+00 2.78622055e+00
  1.82907581e+01 1.88425183e+00 1.39584586e-01 1.47711396e+00
  8.45581830e-01 2.01388359e-01 4.52997506e-01 3.01176935e-01
  4.59019756e+00 4.11333275e+00 3.52634859e+00 2.54738140e+00
  5.85085154e-01 4.82431269e+00 7.50363111e-01 2.46870375e+00
  2.41957366e-01 1.16914940e+00 7.17058134e+00 1.06627617e+01
  1.17221284e+00 1.27985573e+00 5.39610088e-01 2.12278676e+00
  5.99540286e-02 3.51391125e+00 4.27189171e-02 7.47072548e-02
  3.09727639e-01 3.35780859e+00 1.59700453e+00 6.53289557e+00
  2.16837192e+00 7.37261820e+00 3.43884611e+00 4.09640884e+00
  1.71318684e+01 1.59160626e+00 1.07497141e-01 2.57470584e+00
  6.89427948e+00 2.34883323e-01 8.02317262e-01 1.37841547e+00
  6.44457006e+00 1.81211865e+00 1.19854689e+01 6.92567766e-01
  1.52929187e+00 0.00000000e+00 2.19932151e+00 1.84155989e+00]]