[[2.0643208e+00 2.0140355e+00 1.8491943e-01 2.6087356e-01 0.0000000e+00
  6.1419067e+00 3.1755071e-02 9.0336248e-02 4.4941127e-01 2.1086895e+00
  1.4477681e+00 5.0649238e-01 5.2617420e-02 2.5974891e+00 1.3052720e+00
  3.0613527e+00 0.0000000e+00 1.9835181e+00 1.3901752e+00 4.0970831e+00
  1.1249475e+00 1.3162926e+01 3.3988171e+00 0.0000000e+00 1.9414186e+00
  3.1766934e+00 1.3922049e-01 9.4109756e-01 9.5393639e+00 2.9172945e-01
  2.2443728e-01 5.7465034e+00 3.7735298e+00 2.5815721e+00 0.0000000e+00
  5.6783466e+00 1.7955936e+00 3.8542813e-01 5.4061484e+00 2.1300442e+00
  1.8008839e+00 8.1057912e-01 3.6437554e+00 4.6177468e+00 0.0000000e+00
  5.6124597e+00 7.1649184e+00 8.2603890e-01 5.5356592e-01 1.5273696e+00
  5.2998939e+00 2.6877469e-01 4.0506634e-01 2.3858371e-01 1.7008864e+00
  1.8597454e+00 1.0606046e+00 5.6289220e-01 0.0000000e+00 1.6078805e+00
  7.6103055e-01 3.3587253e+00 8.1361074e+00 5.9056554e+00 1.1340374e+00
  1.4292998e+00 0.0000000e+00 2.4052758e+00 1.3865422e-01 3.7267673e+00
  2.7150664e+00 9.8303455e-01 0.0000000e+00 1.1199353e+01 2.3722267e+00
  2.4385767e+00 2.1520455e+00 0.0000000e+00 6.7501144e+00 2.3333409e-01
  5.9220171e-01 2.2514662e-01 3.5017469e+00 8.7920350e-01 0.0000000e+00
  1.7616349e+00 1.4614770e+00 5.7870841e-01 0.0000000e+00 0.0000000e+00
  1.4000875e+01 1.2479118e+00 2.0531416e+00 1.5305525e+00 4.3873265e-01
  4.3001634e-01 1.0197349e+00 2.6930735e+00 2.1065691e+00 1.3664253e+01
  9.7765708e-01 9.0994191e-01 1.2557529e+00 6.9111764e-01 4.6692547e-01
  3.2059303e-01 3.0744724e+00 2.1598475e-02 4.0964856e+00 8.6398736e-02
  0.0000000e+00 8.0993855e-01 0.0000000e+00 3.1046075e-01 3.4882510e+00
  0.0000000e+00 7.8377442e+00 2.0162570e+00 4.9865291e-01 2.3855820e-01
  1.3007565e-01 5.7685083e-01 1.6855533e+00 1.9352967e+00 1.3074965e+00
  1.2754084e+00 1.5056226e-01 2.5923833e-01 2.1806700e+00 5.8630819e+00
  3.9621316e-02 6.4113507e+00 2.3605704e-01 1.9630693e-01 2.3521470e-01
  9.8646522e-01 3.0028138e+00 1.0886805e+00 3.1035736e+00 2.8925905e-01
  1.7406597e+00 1.0234129e+00 2.4773349e-01 2.6465125e+00 2.7702241e+00
  7.1016684e-02 1.0346920e+00 0.0000000e+00 1.0788904e-01 2.0438384e-01
  9.4813263e-01 4.0476954e-01 1.0426970e+00 1.9711999e+00 4.7197585e+00
  2.4202008e+00 1.8687885e+00 5.3321233e+00 4.5602970e+00 1.8306015e+00
  0.0000000e+00 4.0897446e+00 3.0586312e+00 1.0299301e+00 2.8922434e+00
  9.7691149e-01 3.0404115e-01 2.2824872e+00 4.5950494e+00 2.5435874e+00
  8.9756680e+00 7.4862447e+00 2.2005055e+00 4.1459022e+00 5.0398082e-01
  9.4278967e-01 9.7229868e-01 7.4604815e-01 7.6999435e+00 5.3013268e+00
  2.9951825e+00 6.0319629e-02 2.3945477e+00 0.0000000e+00 0.0000000e+00
  2.0104156e+00 8.5386103e-01 1.6527429e-01 2.1900225e+00 4.9553642e+00
  1.3681346e-02 1.4714497e-01 1.5471423e-01 5.4125013e+00 1.3052410e+00
  3.5213840e+00 4.4482636e+00 1.2544419e-02 0.0000000e+00 1.1855426e+00
  2.2163191e+00 3.1792274e+00 1.8333002e-03 0.0000000e+00 3.7313912e+00
  3.2856128e+00 6.7484692e-02 4.2760992e-01 3.9639291e-01 1.4757026e+01
  0.0000000e+00 1.0757101e+00 5.8795786e-01 8.8425452e-01 4.2207032e-01
  2.9603384e+00 3.6236543e-02 6.5571374e-01 4.9390224e-01 2.9357562e+00
  6.5763915e-01 1.9498976e+00 3.3579588e+00 4.4599688e-01 3.9970691e+00
  4.5098367e-01 1.6535962e+00 4.3794813e+00 0.0000000e+00 1.3644090e+00
  5.3197880e+00 3.3712974e+00 2.6007035e-01 4.1539302e+00 3.2723622e+00
  1.3692087e+00 2.8124878e+00 1.7860111e+00 4.3398991e+00 3.8516226e+00
  0.0000000e+00 1.2153122e+00 1.6794401e+00 6.0915585e+00 4.7722930e-01
  1.0237172e+01 8.0703802e+00 1.1693921e+00 5.5816007e+00 9.6113720e+00
  6.0044985e+00 6.0916400e-01 0.0000000e+00 5.0965209e+00 1.5642463e+00
  0.0000000e+00 8.6088123e+00 5.1603889e+00 9.1656265e+00 1.2028846e+00
  1.6759007e-01 2.3893689e-01 0.0000000e+00 5.1650065e-01 2.6677427e+00
  1.2956048e+00 3.6611569e+00 1.3410004e+00 1.4123307e+00 8.1661677e-01
  2.0836446e+00 0.0000000e+00 4.1416883e+00 2.3110044e+00 1.3594925e+00
  4.3386693e+00 1.0066544e+01 2.7763036e-01 0.0000000e+00 8.4039557e-01
  6.1194749e+00 5.9642607e-01 2.9673696e+00 6.1444547e-02 2.1190844e+00
  1.7134039e+00 5.9358883e-01 3.8559890e-01 1.4455698e+00 1.1579963e-01
  4.1268986e-02 2.0751879e+00 2.2757491e-01 1.3156752e+01 1.6200960e+00
  0.0000000e+00 2.1158898e-01 3.1185412e+00 7.1053028e-01 1.5280590e+00
  3.1466513e+00 5.0230322e+00 6.5239114e-01 0.0000000e+00 1.8262206e+00
  8.0774233e-02 3.0335581e-01 2.6863716e+00 1.4293674e+00 2.9652497e-01
  4.2438278e+00 2.1924858e-01 2.8260560e+00 1.2292514e+00 4.2844510e+00
  1.1844194e+00 2.8878415e+00 5.4418950e+00 0.0000000e+00 3.9364713e-01
  1.2711772e+00 1.2591443e+01 2.8203213e-01 3.4804255e-01 6.1380649e-01
  5.2429968e-01 7.4269301e-01 5.1517612e-01 5.7956977e+00 2.3284762e-01
  0.0000000e+00 2.5382843e+00 4.1437123e-02 1.5307033e+00 4.0496345e+00
  4.0556798e+00 2.4273059e+00 3.0901462e-01 2.5596867e+00 1.2336448e+00
  6.8314986e+00 2.8186719e+00 1.0294139e+00 2.6230690e+00 2.0477707e+00
  1.6382496e+00 1.1128386e+00 0.0000000e+00 1.1097394e-01 2.3690736e+00
  0.0000000e+00 5.3246254e-01 0.0000000e+00 1.6916337e+00 5.5218476e-01
  1.4520714e-01 2.4794700e-02 3.7231493e+00 2.4284916e+00 9.8927492e-01
  2.1415157e+00 0.0000000e+00 8.4688282e+00 6.7096105e+00 2.3538902e+00
  2.8765781e+00 5.0614462e+00 1.6937352e+00 5.6692332e-01 3.0652344e+00
  2.3779079e-01 3.0504757e-01 2.8572803e+00 8.2903840e-02 6.3585453e+00
  1.0168405e+00 8.4219319e-01 1.6975110e+00 0.0000000e+00 8.7025223e+00
  3.1805573e+00 1.4107019e-01 2.0044587e+00 8.2988912e-01 6.1138999e-01
  8.5303825e-01 1.4841790e-01 2.3908622e+00 1.9785501e+00 5.8962750e-01
  2.3969193e+00 3.8253560e+00 3.2227113e+00 5.6001315e+00 7.3263961e-01
  4.4099827e+00 2.9952567e+00 4.6730235e-02 1.5268534e+00 1.7176136e+00
  6.9774425e-01 7.9302945e+00 4.4361434e+00 5.0417223e+00 6.5590340e-01
  3.7932679e-01 2.8659305e-02 6.7601526e-01 1.7699271e+00 5.4261237e-01
  2.5851052e+00 1.0519757e+00 0.0000000e+00 2.6252158e+00 1.4801246e+00
  0.0000000e+00 1.1971630e+00 0.0000000e+00 9.2957646e-01 3.5418293e+00
  3.5412047e+00 2.6764145e-01 9.2193422e+00 1.1844791e+00 8.0934393e-01
  6.3266522e-01 6.7706519e-01 5.2480636e+00 1.9800643e+00 1.0815346e-01
  1.2640016e+00 0.0000000e+00 8.4492912e+00 7.0304406e-01 3.1064737e+00
  6.3300781e+00 4.5425555e-01 8.3299738e-01 5.5454519e-02 6.1573946e-01
  0.0000000e+00 3.4964908e-02 2.9082665e-01 2.2228055e+00 1.6266819e+00
  3.4758627e-02 5.8503666e+00 7.2578803e-02 1.0318632e-01 2.8009355e+00
  0.0000000e+00 3.4279428e+00 1.6077852e+00 8.4945679e+00 2.1720061e+00
  3.2134524e-01 1.1456540e+01 1.1807853e+00 3.5845659e+00 3.5196848e+00
  3.0366069e-01 3.1797006e+00 6.1940246e+00 2.7472856e+00 0.0000000e+00
  4.6952543e+00 6.9251657e-01 1.8238015e+00 8.1582994e+00 5.6042612e-01
  1.8820064e+00 0.0000000e+00 1.6982615e-01 6.1446853e+00 6.3353395e-01
  6.7304916e+00 1.4897992e-01 1.9691812e+00 1.5468173e-01 9.9651180e-02
  5.6691420e-01 0.0000000e+00 8.1909376e-01 1.4580611e+00 7.4518585e-01
  3.2857940e+00 2.6922333e+00 1.6777070e+00 1.8063322e+00 3.1815061e-01
  3.0899723e+00 2.6817009e-02 7.6412553e-01 6.1050069e-02 4.0694795e+00
  4.8151183e-01 8.5984033e-01 1.2368373e+01 2.4690509e+00 4.8349385e+00
  5.6386700e+00 6.7159629e-01 9.4801021e-01 1.1707358e+00 6.0248904e+00
  1.2816179e+00 9.5106096e+00 3.1294894e-01 3.8296909e+00 2.6477449e+00
  5.1511879e+00 5.1454716e+00]]