[[4.07666159e+00 1.44076443e+00 9.36075509e-01 5.63891567e-02
  7.11038634e-02 1.03773422e+01 1.43880248e+00 1.35472584e+00
  1.76203862e-01 1.63866746e+00 1.61377978e+00 3.34245801e+00
  2.43127203e+00 2.74341249e+00 3.45753968e-01 1.01141605e+01
  9.86803174e-02 6.36320531e-01 1.51480162e+00 3.52815890e+00
  0.00000000e+00 9.37198162e+00 8.05904090e-01 1.70755816e+00
  2.23359823e-01 2.18637514e+00 0.00000000e+00 3.44181228e+00
  4.03240919e+00 2.20406580e+00 5.29941022e-01 3.48312950e+00
  1.81245595e-01 3.73561001e+00 1.49450004e+00 1.77022803e+00
  3.05922687e-01 4.85196710e-01 1.31849880e+01 5.08588505e+00
  2.30368018e+00 2.93286037e+00 8.91419768e-01 2.53605318e+00
  7.66639635e-02 8.77228737e+00 5.06783152e+00 8.25752199e-01
  1.91768789e+00 1.54623121e-01 2.64139511e-02 1.67210758e+00
  1.83143884e-01 7.43640566e+00 3.78717631e-01 2.29908299e+00
  8.21820319e-01 3.69053125e+00 1.18561812e-01 1.50808465e+00
  2.25677061e+00 1.15576077e+00 3.23405647e+00 4.76033735e+00
  2.29725409e+00 5.78049242e-01 2.65992451e+00 2.11903751e-01
  1.56210232e+00 1.05180323e+00 2.49839616e+00 1.72304630e+00
  0.00000000e+00 3.55242753e+00 2.09331536e+00 1.61434221e+00
  1.41391134e+00 0.00000000e+00 7.98678756e-01 0.00000000e+00
  2.62024832e+00 6.06192112e-01 5.59708452e+00 3.04857659e+00
  1.93496895e+00 3.28044224e+00 1.29767895e+00 2.64493179e+00
  0.00000000e+00 3.57000142e-01 6.45986271e+00 1.38660565e-01
  2.90125299e+00 1.20400035e+00 1.51711166e-01 2.42488056e-01
  8.87611151e-01 1.16028547e+00 2.27409935e+00 1.62027705e+00
  2.93010235e+00 2.11474371e+00 3.45352507e+00 2.25544214e+00
  1.43052423e+00 1.81471333e-01 8.11636925e-01 1.41234803e+00
  1.98268318e+00 9.39669490e-01 6.70679808e-01 6.41309679e-01
  0.00000000e+00 6.20661640e+00 2.20360780e+00 6.52165413e-01
  2.46919990e+00 8.85545075e-01 0.00000000e+00 6.06774473e+00
  1.22492051e+00 1.61333179e+00 1.85207689e+00 6.34643972e-01
  8.02226305e-01 3.44992900e+00 0.00000000e+00 0.00000000e+00
  1.09789395e+00 2.93107738e+01 2.17676139e+00 1.75765705e+00
  3.17687654e+00 1.07274425e+00 0.00000000e+00 4.05655289e+00
  3.25079513e+00 6.89489186e-01 1.81890619e+00 0.00000000e+00
  2.13179970e+00 6.51476741e-01 1.15613878e+00 2.47027993e+00
  1.89295137e+00 3.75544846e-01 3.60947132e+00 1.83315184e-02
  1.56574082e+00 2.19976497e+00 3.83497858e+00 6.14420891e-01
  7.71494031e-01 4.06620121e+00 3.06803465e+00 5.37499332e+00
  2.42423534e+00 2.48020005e+00 9.79094982e-01 4.99650925e-01
  2.49254251e+00 4.62393194e-01 7.19125223e+00 2.06337619e+00
  1.01087208e+01 8.81384194e-01 3.58439773e-01 3.26091886e+00
  1.21662819e+00 4.74433362e-01 3.68348980e+00 3.21240449e+00
  2.92429304e+00 5.44325924e+00 9.06710863e-01 1.76984802e-01
  1.41603541e+00 2.14940262e+00 2.07059002e+00 6.18296099e+00
  3.62047613e-01 3.48395169e-01 5.42425919e+00 4.55047756e-01
  5.50563991e-01 3.12674880e+00 8.16924274e-01 1.65265203e+00
  1.26563704e+00 2.19623256e+00 3.12639809e+00 0.00000000e+00
  4.79938418e-01 1.31663857e+01 1.15582240e+00 3.77493525e+00
  2.16205072e+00 3.85183096e+00 0.00000000e+00 2.07879782e+00
  3.35249615e+00 6.48756623e-01 3.37360144e-01 3.30738664e-01
  2.55448627e+00 4.39289957e-01 3.12468678e-01 9.92245197e-01
  9.60746467e-01 1.10199671e+01 0.00000000e+00 2.07237148e+00
  1.04663789e+00 3.27697009e-01 2.00361466e+00 3.68983293e+00
  1.43252099e+00 0.00000000e+00 4.14201856e-01 1.89347136e+00
  6.24176562e-01 4.50725985e+00 2.32371545e+00 2.48335004e+00
  1.27527523e+00 4.30695820e+00 3.24383569e+00 1.69023037e+00
  5.60373724e-01 0.00000000e+00 3.21887708e+00 3.07850766e+00
  5.85744262e-01 5.44042587e+00 5.53128815e+00 1.17781591e+00
  2.01596355e+00 9.82281399e+00 3.74756813e+00 1.90485084e+00
  4.47122145e+00 1.68248796e+00 1.39725292e+00 4.93639946e+00
  2.78743553e+00 5.03491163e+00 1.11210947e+01 1.70876372e+00
  2.24206448e+00 7.06408310e+00 7.30892897e+00 3.01389933e-01
  0.00000000e+00 2.09066772e+00 4.23950005e+00 4.56719726e-01
  5.14234686e+00 2.45259595e+00 4.70676422e+00 5.46760261e-01
  0.00000000e+00 0.00000000e+00 0.00000000e+00 6.12518454e+00
  4.23139620e+00 4.04580027e-01 9.75830555e+00 8.93381417e-01
  4.41743851e+00 5.20534337e-01 1.29425311e+00 5.63157439e-01
  3.37630439e+00 1.00937283e+00 4.46064383e-01 2.15114474e+00
  1.54371452e+00 1.30913341e+00 6.92496002e-02 2.41486025e+00
  2.33846426e+00 0.00000000e+00 1.12173748e+01 1.68223524e+00
  1.13926351e+00 0.00000000e+00 5.78785801e+00 2.28674746e+00
  4.68266773e+00 8.42766881e-01 2.40684137e-01 7.11419630e+00
  1.71053004e+00 1.77202749e+00 1.62743926e+00 3.19661117e+00
  1.24742424e+00 7.67388940e-01 1.67177689e+00 2.14190304e-01
  4.19055223e+00 1.93099511e+00 4.11627024e-01 7.63336271e-02
  8.28175735e+00 3.43339324e+00 1.49862325e+00 6.70678377e-01
  1.05656195e+00 3.38586897e-01 1.34004462e+00 4.45390105e-01
  7.49548614e-01 1.22616076e+00 8.26010895e+00 5.43414116e-01
  7.76799250e+00 6.49689293e+00 1.53961688e-01 1.95467755e-01
  2.70805264e+00 8.78541756e+00 1.19002497e+00 1.29378927e+00
  1.95493877e+00 7.11872816e-01 4.67998075e+00 0.00000000e+00
  4.77481747e+00 7.68910468e-01 5.86019337e-01 4.60566330e+00
  2.73749924e+00 2.82884622e+00 6.98335838e+00 4.33111095e+00
  6.81878567e-01 6.74597502e-01 2.43344493e-02 4.25307322e+00
  4.91227055e+00 1.98294973e+00 4.45098829e+00 5.61566651e-01
  3.11455059e+00 4.58952808e+00 1.34962046e+00 0.00000000e+00
  1.55328000e+00 9.02939856e-01 1.62399650e+00 0.00000000e+00
  0.00000000e+00 1.93654776e+00 1.01090157e+00 2.62564361e-01
  2.49917224e-01 1.42789853e+00 2.74214506e+00 1.45717323e+00
  7.43699360e+00 2.65370774e+00 4.16274691e+00 6.60380697e+00
  6.44919062e+00 1.42804909e+00 1.00842257e+01 6.02250433e+00
  2.82021105e-01 1.17939270e+00 1.95457041e+00 1.69344091e+00
  2.87566018e+00 1.69988894e+00 4.61931515e+00 5.43208218e+00
  3.08565974e+00 2.16835546e+00 8.77990127e-01 6.18628788e+00
  3.66820097e+00 5.98939419e-01 1.94097149e+00 3.28286028e+00
  0.00000000e+00 4.11987209e+00 1.34406650e+00 7.47717798e-01
  5.93537331e-01 5.36906815e+00 1.61106157e+00 2.77954841e+00
  1.47867635e-01 6.29289722e+00 4.10744524e+00 2.38446236e+00
  7.73165751e+00 1.55083227e+00 1.85813558e+00 2.09139943e+00
  3.20595324e-01 5.63678122e+00 4.76952839e+00 9.02513790e+00
  5.83093345e-01 6.05869532e-01 6.89147115e-02 4.19023466e+00
  7.13590908e+00 5.49368143e+00 3.25011492e+00 8.06967378e-01
  6.58465698e-02 1.88725269e+00 2.20369911e+00 6.26698196e-01
  2.38316727e+00 3.38818699e-01 8.17043364e-01 1.78705049e+00
  7.69590676e-01 1.03073984e-01 9.63854015e-01 4.87994432e+00
  1.70819569e+00 5.74498320e+00 3.70264578e+00 6.66180992e+00
  1.84716785e+00 2.16115880e+00 1.53086936e+00 2.13238955e+00
  2.90150213e+00 6.99705601e-01 2.91716099e+00 5.56331968e+00
  1.79394424e+00 3.45779943e+00 4.96979803e-01 2.25376797e+00
  0.00000000e+00 0.00000000e+00 1.46790349e+00 0.00000000e+00
  3.19283485e+00 1.86123705e+00 2.79349184e+00 9.32341099e-01
  3.14790750e+00 2.08564579e-01 0.00000000e+00 2.20052481e+00
  2.23601103e+00 7.31774950e+00 5.94410849e+00 9.65045094e-01
  2.39022240e-01 1.39103293e+00 3.73298740e+00 5.82123995e+00
  2.69651413e-01 5.32024002e+00 5.77337742e-01 1.46426249e+00
  0.00000000e+00 3.92906308e+00 3.87651026e-01 3.47436023e+00
  2.46722293e+00 1.24383390e+00 5.47046304e-01 1.11855233e+00
  9.36889425e-02 7.12589264e+00 1.11561529e-01 5.01314545e+00
  6.75920010e-01 7.47005165e-01 8.27187121e-01 0.00000000e+00
  0.00000000e+00 1.99883640e+00 3.17782354e+00 1.25237668e+00
  8.90809447e-02 1.27453578e+00 6.24579191e+00 4.20200825e+00
  6.69334412e-01 1.07702112e+00 5.54974413e+00 1.22464538e+00
  5.18389046e-01 8.60381484e-01 2.52716923e+00 3.30719805e+00
  2.06495190e+00 1.48689067e+00 7.34961033e-01 2.21864176e+00
  1.08363533e+01 9.90521193e-01 3.80257130e+00 3.31893396e+00
  4.73690224e+00 1.21476948e-01 1.13604383e+01 3.09530425e+00
  1.39009058e+00 4.32654381e+00 1.48131466e+00 1.00644469e+00]]