[[1.37694705e+00 5.15576720e-01 5.70894301e-01 0.00000000e+00
  0.00000000e+00 1.06132135e+01 2.91905022e+00 3.41504931e+00
  2.56888956e-01 1.25467801e+00 2.06471419e+00 3.89939356e+00
  1.46831465e+00 2.68411994e+00 3.12448812e+00 8.14641666e+00
  4.96521413e-01 1.75584066e+00 7.86672473e-01 2.02313972e+00
  6.56975210e-02 8.23423004e+00 3.04085493e+00 4.86567354e+00
  2.70511436e+00 1.35915887e+00 2.24763632e-01 0.00000000e+00
  8.19142723e+00 3.71420097e+00 1.10997841e-01 8.71491313e-01
  0.00000000e+00 3.18435287e+00 9.30082619e-01 1.89477444e+00
  0.00000000e+00 1.15983903e+00 6.93813944e+00 3.77387881e+00
  4.09842443e+00 3.14022040e+00 4.92095661e+00 1.03994513e+00
  3.31190079e-01 1.09708529e+01 2.12231374e+00 3.82366061e+00
  6.40233397e-01 1.66538024e+00 1.13853955e+00 1.16344094e+00
  2.32603535e-01 3.35872984e+00 1.78663909e-01 1.68793702e+00
  7.28662610e-01 5.06217718e+00 6.94002271e-01 8.82667124e-01
  1.17311764e+00 2.83005142e+00 8.73106670e+00 5.85256386e+00
  6.11260366e+00 2.76218963e+00 0.00000000e+00 1.68195093e+00
  4.26298171e-01 4.13107014e+00 6.42353773e-01 5.86114550e+00
  8.93941224e-02 4.43873405e+00 1.03225142e-01 1.40542293e+00
  1.82806337e+00 4.79908109e-01 7.03455567e-01 0.00000000e+00
  2.43540144e+00 6.03887081e-01 3.18095779e+00 4.99539661e+00
  4.16176140e-01 4.74194676e-01 1.09153152e+00 2.95779991e+00
  2.37231016e-01 9.59289318e-04 3.85678387e+00 9.73250508e-01
  4.88734627e+00 3.97059035e+00 1.38242328e+00 3.83946598e-02
  1.93788517e+00 1.32369697e+00 5.65796089e+00 1.60166085e+00
  6.53693104e+00 3.03697395e+00 2.06698036e+00 1.59976947e+00
  1.26863241e+00 3.67505670e-01 7.96423793e-01 1.37775019e-01
  9.96386290e-01 8.57367218e-01 1.08533049e+00 2.03263497e+00
  1.91752172e+00 2.46052170e+00 2.00491142e+00 1.48532555e-01
  2.76085639e+00 3.45611358e+00 5.14315739e-02 2.12649918e+00
  1.03642547e+00 1.08684696e-01 2.43048978e+00 1.71743488e+00
  0.00000000e+00 2.58950257e+00 0.00000000e+00 1.41415015e-01
  2.65909100e+00 2.55413742e+01 1.34482360e+00 2.24088526e+00
  1.19525659e+00 3.77180076e+00 9.29218054e-01 1.93816292e+00
  4.31629419e+00 6.80919826e-01 4.29265231e-01 4.39492083e+00
  3.46447992e+00 6.81016088e-01 6.82675838e-01 2.82117987e+00
  4.85821056e+00 2.15227440e-01 2.74814272e+00 5.04897721e-02
  1.44046787e-02 2.15830535e-01 1.88352156e+00 1.06093891e-01
  1.15369037e-01 1.86946905e+00 3.86719036e+00 5.46165419e+00
  4.72431183e+00 3.22016096e+00 1.21408629e+00 4.26546574e+00
  6.24885678e-01 4.77436721e-01 5.08185863e+00 1.78405255e-01
  4.30498791e+00 2.53414416e+00 3.08416665e-01 2.58997107e+00
  4.86584139e+00 7.85657549e+00 2.60953116e+00 3.18674111e+00
  8.47370052e+00 5.39918244e-01 6.45988524e-01 9.06865597e-01
  1.36232054e+00 1.21070778e+00 1.35268295e+00 3.98245668e+00
  2.79381680e+00 4.89633590e-01 3.79196858e+00 3.18428755e-01
  1.01824291e-01 1.97959638e+00 4.47560978e+00 9.13251996e-01
  4.63690311e-01 1.25870299e+00 4.23129845e+00 3.30538079e-02
  0.00000000e+00 4.82573652e+00 3.42061758e+00 4.04704428e+00
  2.97553921e+00 4.12356520e+00 5.62552549e-03 2.46834254e+00
  1.86461782e+00 1.40997171e+00 3.22974175e-01 3.01471442e-01
  2.48688865e+00 1.19188488e+00 3.16069555e-03 3.69821668e+00
  6.56114697e-01 8.12306023e+00 1.03360601e-01 9.68305230e-01
  0.00000000e+00 1.16838872e+00 2.05967641e+00 2.78560662e+00
  3.90843534e+00 9.79340449e-02 8.12111974e-01 1.93075907e+00
  2.64843440e+00 6.75080204e+00 6.69093990e+00 2.64862061e+00
  3.18468738e+00 5.91165209e+00 1.48909497e+00 1.55540168e+00
  0.00000000e+00 6.02854967e-01 1.54701519e+00 2.72205782e+00
  2.84643936e+00 8.05785847e+00 4.97528362e+00 5.54227114e-01
  2.34396172e+00 7.25273514e+00 2.12610698e+00 6.72077894e+00
  6.56204045e-01 2.34419250e+00 2.07214308e+00 2.76655602e+00
  3.05767345e+00 3.21366596e+00 1.58602753e+01 2.82729894e-01
  1.38434649e+00 1.08953953e+01 4.28844213e+00 1.21577132e+00
  1.10120964e+00 1.76011980e+00 4.75169152e-01 1.06083703e+00
  4.09146595e+00 7.44755077e+00 8.35285091e+00 0.00000000e+00
  1.66500664e+00 0.00000000e+00 0.00000000e+00 4.53215265e+00
  7.73723543e-01 1.54309440e+00 1.17350817e+01 2.91369081e-01
  6.26622868e+00 1.62913620e+00 1.41648698e+00 3.05851502e-03
  3.94231057e+00 2.45011854e+00 1.87298429e+00 6.25704908e+00
  4.86486626e+00 4.59830225e-01 9.43959057e-01 1.18631566e+00
  7.05001116e-01 1.16603270e-01 1.17400579e+01 1.49571848e+00
  1.22104317e-01 0.00000000e+00 5.09237814e+00 9.70649183e-01
  2.33879209e+00 1.19947529e+00 1.92619240e+00 1.31345820e+00
  5.53296387e-01 1.40877056e+00 8.56118202e-01 4.32198334e+00
  3.59017402e-01 1.05884874e+00 8.93958330e-01 1.54240942e+00
  6.10363543e-01 3.85190701e+00 3.77618298e-02 2.55889483e-02
  4.00469732e+00 3.99615705e-01 5.03025198e+00 8.66343856e-01
  4.48382998e+00 1.67674255e+00 1.00624382e+00 2.97726803e-02
  6.52100682e-01 1.37621641e-01 7.61024427e+00 2.02362466e+00
  3.25308728e+00 9.47283173e+00 1.32521319e+00 1.15631092e+00
  1.44334102e+00 6.08452368e+00 3.86695361e+00 1.14812255e+00
  3.11180902e+00 3.71533871e-01 4.89015818e+00 0.00000000e+00
  2.39526200e+00 7.86779284e-01 0.00000000e+00 4.71732616e+00
  3.22453928e+00 1.95360863e+00 2.23053598e+00 6.35443163e+00
  3.55918169e+00 6.67582154e-01 9.07157883e-02 7.94785619e-01
  5.47987270e+00 8.40604210e+00 5.25814009e+00 5.63042974e+00
  4.75920248e+00 3.11828041e+00 1.85839224e+00 2.34020561e-01
  3.84012032e+00 3.09909749e+00 1.93490911e+00 0.00000000e+00
  1.21278003e-01 0.00000000e+00 1.57896304e+00 2.19665989e-01
  5.47004282e-01 2.27946162e+00 6.43268681e+00 2.14480966e-01
  4.50784826e+00 2.04407120e+00 2.17879105e+00 4.74581861e+00
  2.05064249e+00 5.43062627e-01 6.36380577e+00 4.27065659e+00
  9.96487513e-02 8.27688885e+00 1.15758711e-02 9.29814696e-01
  5.47636461e+00 1.25282168e+00 2.46480656e+00 1.28712296e+00
  3.26480484e+00 1.73595464e+00 0.00000000e+00 3.41828990e+00
  1.21018381e+01 2.27538705e+00 3.82058525e+00 3.72685575e+00
  5.78271985e-01 1.79452312e+00 1.50245368e+00 9.41550374e-01
  3.65821362e-01 2.10207987e+00 2.18081903e+00 2.34225893e+00
  2.39684653e+00 3.73697114e+00 2.61617041e+00 1.58423960e+00
  3.97210932e+00 2.92626071e+00 9.57368195e-01 2.64923978e+00
  4.45980501e+00 2.25737429e+00 7.22770405e+00 6.41277266e+00
  2.48576474e+00 0.00000000e+00 6.21899106e-02 8.86624396e-01
  6.92946243e+00 9.93581355e-01 3.07324195e+00 2.10410859e-02
  6.02039043e-03 1.18755758e+00 2.09523964e+00 9.96246934e-01
  2.90484142e+00 8.81567180e-01 5.00664806e+00 4.29443121e+00
  6.96458387e+00 1.44976234e+00 2.79434705e+00 9.81315613e+00
  2.21459055e+00 5.19133949e+00 6.61454391e+00 6.43818903e+00
  1.59647131e+00 1.89075366e-01 8.74471843e-01 9.24711943e-01
  2.05027032e+00 3.08441699e-01 2.40953064e+00 4.68913460e+00
  2.25815579e-01 2.22305703e+00 2.01487017e+00 7.16716826e-01
  0.00000000e+00 1.09093142e+00 1.24350238e+00 9.13605213e-01
  5.33268034e-01 1.83754718e+00 6.03703785e+00 1.69845462e+00
  4.08264494e+00 2.55349249e-01 4.24867988e-01 4.64317989e+00
  1.05975389e+00 8.08860588e+00 1.11537609e+01 0.00000000e+00
  3.89182878e+00 2.11871099e+00 2.96892738e+00 2.07851028e+00
  1.60316253e+00 5.62128496e+00 1.14772654e+00 2.65509820e+00
  0.00000000e+00 3.13226247e+00 1.24997473e+00 6.58426666e+00
  2.80029941e+00 5.19067621e+00 6.27948701e-01 0.00000000e+00
  3.64273220e-01 2.88534546e+00 0.00000000e+00 8.04360676e+00
  3.78460854e-01 1.55194998e+00 3.61550927e-01 1.03479281e-01
  1.41493690e+00 5.04642105e+00 6.44713783e+00 4.48669529e+00
  0.00000000e+00 2.41822839e+00 8.09392738e+00 8.19946861e+00
  1.20753013e-01 4.28546876e-01 8.78905106e+00 7.80987930e+00
  6.93718493e-01 1.28173363e+00 2.27990478e-01 6.61983728e-01
  6.50281906e+00 6.47521496e+00 6.15619421e-01 2.57123160e+00
  8.56857967e+00 1.22004437e+00 2.03147650e-01 9.01805973e+00
  3.92144561e+00 0.00000000e+00 1.48573093e+01 2.17133269e-01
  8.14626575e-01 5.12941170e+00 1.60317528e+00 4.48320198e+00]]