[[2.23419666e+00 2.14501810e+00 3.28822613e-01 0.00000000e+00
  6.07115507e+00 9.88446808e+00 6.58369112e+00 0.00000000e+00
  4.25962448e+00 8.85110199e-01 3.99935102e+00 3.39085054e+00
  4.82531071e+00 6.54486001e-01 7.66980410e-01 1.28001010e+00
  8.59177589e-01 1.05281949e+00 1.85685799e-01 3.98161888e+00
  5.08728921e-01 1.50645456e+01 2.83072770e-01 1.13041185e-01
  3.46685553e+00 8.93865967e+00 3.72224927e+00 7.40617418e+00
  6.31016552e-01 6.63822985e+00 0.00000000e+00 4.70458603e+00
  0.00000000e+00 8.03747654e+00 7.91919306e-02 9.16356206e-01
  4.50992298e+00 2.11162806e-01 1.38195963e+01 1.03582811e+01
  2.19402122e+00 1.04530323e+00 8.07781637e-01 8.48464298e+00
  5.68817966e-02 8.60430360e-01 5.22954130e+00 1.52324617e+00
  4.53911066e+00 4.06910467e+00 0.00000000e+00 7.82383561e-01
  2.86324918e-01 0.00000000e+00 3.48591232e+00 6.62764072e+00
  1.09637702e+00 2.89663792e+00 1.21252429e+00 1.72326282e-01
  2.12027884e+00 9.01863039e-01 2.18795967e+00 5.44694996e+00
  3.85108367e-02 0.00000000e+00 3.68304014e+00 7.72501647e-01
  4.51597834e+00 0.00000000e+00 1.21840410e-01 1.97185051e+00
  0.00000000e+00 3.38266730e+00 7.73281240e+00 1.87046564e+00
  2.05991745e+00 2.68161893e-01 2.10773754e+00 5.23576880e+00
  5.95275211e+00 3.53164482e+00 2.91986728e+00 1.58847344e+00
  5.53524828e+00 5.22478008e+00 8.74325216e-01 2.37994686e-01
  2.48838925e+00 4.31268275e-01 8.62122655e-01 2.02455783e+00
  0.00000000e+00 1.13471193e+01 9.68775928e-01 2.30976295e+00
  1.63781071e+00 1.10094094e+00 1.51647019e+00 3.68661666e+00
  7.02326179e-01 7.88761556e-01 4.53952026e+00 5.66790009e+00
  7.77163982e-01 1.08027351e+00 1.21603072e+00 1.54567111e+00
  2.49440622e+00 2.59495878e+00 2.75617480e+00 6.66318178e-01
  1.98548877e+00 9.61161327e+00 2.91410041e+00 1.30489022e-01
  8.28468704e+00 3.21518254e+00 1.60407618e-01 8.57855320e-01
  7.32602715e-01 1.87388813e+00 4.58794177e-01 6.18979502e+00
  2.18272060e-01 9.76555169e-01 4.32331800e-01 1.79927266e+00
  1.82148373e+00 1.32656536e+01 4.36857319e+00 3.61116958e+00
  4.80206698e-01 1.48808748e-01 3.77128887e+00 4.49489164e+00
  8.11331272e-01 7.28925824e-01 2.26580119e+00 6.19184923e+00
  4.14016151e+00 1.64308965e+00 5.17225695e+00 4.66277313e+00
  8.52119446e+00 4.97508734e-01 4.21032143e+00 0.00000000e+00
  5.37680328e-01 2.13080406e+00 4.97728586e-01 2.61116862e+00
  2.14331448e-01 2.00352645e+00 9.91816640e-01 3.66350822e-02
  1.03855741e+00 6.04730225e+00 2.07900763e+00 6.90827966e-01
  5.68971336e-01 5.78870010e+00 7.63332701e+00 4.33786869e+00
  4.88341427e+00 9.25208664e+00 0.00000000e+00 4.42179871e+00
  1.70209453e-01 6.93078613e+00 1.27340946e+01 1.57074225e+00
  6.38174820e+00 3.75359505e-01 6.78310096e-01 5.83304405e+00
  0.00000000e+00 2.13043094e+00 1.81446922e+00 1.55981941e+01
  1.35423386e+00 0.00000000e+00 8.82151127e+00 1.91276872e+00
  2.09648013e-01 9.88111436e-01 4.31710863e+00 7.07798600e-01
  1.07416284e+00 5.44418716e+00 1.41622078e+00 1.05169594e-01
  2.59406257e+00 1.75246639e+01 8.67734663e-03 4.81685066e+00
  2.95897317e+00 3.84539509e+00 2.25969696e+00 1.41984463e+00
  4.42790365e+00 0.00000000e+00 3.85621011e-01 4.13221389e-01
  1.57013392e+00 2.43228889e+00 2.35268879e+00 2.31885910e+00
  1.93821776e+00 1.81168866e+00 3.94843817e+00 7.54346275e+00
  4.29114103e+00 3.49836755e+00 8.76549304e-01 8.22053850e-01
  4.27843380e+00 4.16044188e+00 1.44143236e+00 9.57894385e-01
  1.20588672e+00 8.55692005e+00 6.29158437e-01 1.85450029e+00
  2.60069251e+00 3.14049768e+00 7.09841061e+00 1.57981420e+00
  2.89248824e+00 5.15018463e+00 5.36238134e-01 2.11447525e+00
  6.10691977e+00 2.77998018e+00 1.34684849e+00 2.52783489e+00
  6.48853683e+00 2.98502278e+00 1.64016211e+00 2.24105310e+00
  1.80235553e+00 2.01994300e+00 2.54366326e+00 4.17480946e+00
  2.31701231e+00 2.33748507e+00 1.18054247e+01 5.20064831e-01
  1.17719054e+00 7.47008276e+00 5.35918760e+00 8.02326107e+00
  3.31651425e+00 3.84837461e+00 1.89451122e+00 8.50307047e-01
  3.03521228e+00 4.06516600e+00 1.68912458e+00 8.62596154e-01
  0.00000000e+00 2.55792588e-01 0.00000000e+00 4.95220518e+00
  9.47167933e-01 8.84251785e+00 4.92023325e+00 3.64549875e-01
  1.07542105e+01 4.77331161e-01 5.17623329e+00 3.63200712e+00
  1.41254520e+00 3.51478267e+00 4.59945381e-01 1.42639935e+00
  2.73379207e+00 1.51487827e+00 3.56665850e+00 3.22770619e+00
  1.56367338e+00 4.94565070e-01 1.27783418e+00 1.54474998e+00
  2.35770082e+00 0.00000000e+00 4.78417110e+00 3.42856348e-01
  3.02700830e+00 7.56950915e-01 2.06856847e-01 3.20075005e-01
  3.90455508e+00 2.16349912e+00 1.75467980e+00 9.27620471e-01
  1.69737667e-01 2.18143415e+00 0.00000000e+00 0.00000000e+00
  1.34637296e+00 2.83391023e+00 4.16079664e+00 3.34953094e+00
  9.01958275e+00 5.92077911e-01 0.00000000e+00 2.10491109e+00
  3.57951880e+00 1.54202268e-01 6.70321846e+00 3.54467243e-01
  1.09268345e-01 2.03322977e-01 1.21121132e+00 2.28398204e+00
  6.14708281e+00 3.74385905e+00 2.62603879e+00 1.52525634e-01
  3.14905906e+00 7.08490133e+00 4.71696377e-01 7.14741993e+00
  2.60834622e+00 6.14707375e+00 4.57417536e+00 1.23417780e-01
  4.20114470e+00 6.38201416e-01 6.01686299e-01 8.82749844e+00
  0.00000000e+00 6.52484751e+00 4.40886402e+00 4.44842958e+00
  5.31651688e+00 6.79491806e+00 8.94212201e-02 1.43075168e+00
  6.41277730e-01 5.40276945e-01 2.30323863e+00 2.18543315e+00
  4.30083370e+00 8.62878621e-01 1.42795753e+00 1.82546628e+00
  1.42176723e+00 8.14823627e-01 2.29645491e+00 1.79310775e+00
  2.03279972e+00 4.60045218e-01 4.08639145e+00 1.80488336e+00
  6.64673662e+00 6.79258251e+00 6.12726450e+00 2.07271743e+00
  9.72802699e-01 0.00000000e+00 1.37705984e+01 5.12296104e+00
  2.42515397e+00 1.37542939e+00 8.89098644e+00 7.69819784e+00
  1.42908132e+00 3.75610042e+00 3.05907398e-01 1.24228203e+00
  4.27383757e+00 7.53099144e-01 4.09296083e+00 3.11023760e+00
  9.38127339e-01 4.59967470e+00 2.66447514e-01 6.54963398e+00
  1.41930535e-01 2.22885203e+00 3.48683977e+00 1.63922572e+00
  2.25622058e+00 1.58887959e+00 1.58704317e+00 1.60111442e-01
  1.22589147e+00 8.75279427e+00 4.53021097e+00 6.30559635e+00
  1.12912464e+01 7.43749321e-01 7.99282044e-02 2.45364380e+00
  7.01465786e-01 3.25836611e+00 3.23990607e+00 6.20786381e+00
  1.00666904e+00 1.66593037e+01 7.21642137e-01 4.84538841e+00
  2.22278261e+00 1.07381344e+00 7.08354041e-02 3.55989981e+00
  9.05689776e-01 1.49229312e+00 9.81447887e+00 2.85554141e-01
  0.00000000e+00 0.00000000e+00 1.62539527e-01 7.80819356e-01
  3.35072660e+00 2.46885228e+00 1.07967257e+00 4.47670102e-01
  8.93261582e-02 1.42804909e+00 0.00000000e+00 1.64694810e+00
  1.38270259e+00 2.23801422e+00 4.74792182e-01 1.36202002e+00
  1.40957284e+00 4.99792397e-01 7.41286993e+00 1.04366989e+01
  3.90299511e+00 7.15485036e-01 1.23420274e+00 4.49881601e+00
  7.96330404e+00 8.19873333e+00 9.34830546e-01 4.05971622e+00
  0.00000000e+00 2.37845317e-01 2.68466145e-01 6.91202211e+00
  3.37569141e+00 3.11301351e-01 8.67250025e-01 6.17734313e-01
  5.85830212e-01 0.00000000e+00 3.36117297e-01 5.80619049e+00
  1.27203238e+00 5.34925318e+00 2.84015536e+00 1.67456770e+00
  3.77112627e+00 7.01986885e+00 4.83453941e+00 5.01064587e+00
  2.62643766e+00 2.72884965e+00 1.28655136e+00 8.80883992e-01
  1.18236649e+00 2.98460102e+00 3.25130224e+00 8.63051593e-01
  1.96995080e+00 6.43278301e-01 0.00000000e+00 4.31262636e+00
  2.99339318e+00 1.75423372e+00 4.91677970e-01 2.84726763e+00
  6.74771166e+00 2.09122014e+00 1.21467280e+00 9.94578600e-01
  2.73930013e-01 1.18492477e-01 3.69135886e-01 3.47143674e+00
  0.00000000e+00 5.68307924e+00 1.35257423e+00 8.30140114e-01
  4.37678289e+00 1.18575823e-02 2.12269211e+00 1.07832539e+00
  1.02467549e+00 7.06548452e+00 4.99674606e+00 1.54876423e+00
  2.54125857e+00 2.60991287e+00 5.35129929e+00 6.83074713e-01
  1.17771924e+00 5.47656417e-01 2.30288172e+00 4.26027870e+00
  1.45385790e+01 4.65054959e-01 4.54418898e+00 4.16891861e+00
  1.42227972e+00 1.41727412e+00 7.93976128e-01 4.89504151e-02]]