[[1.11210239e+00 1.61919034e+00 2.64577055e+00 3.62720698e-01
  1.24543440e+00 5.43703079e+00 6.16124630e-01 6.61426604e-01
  5.50624095e-02 3.99770951e+00 3.23500037e+00 8.73622835e-01
  2.89599270e-01 2.06950808e+00 7.95112014e-01 2.25934029e+00
  7.54374936e-02 6.87601939e-02 1.02716506e-01 6.37217855e+00
  5.24353170e+00 1.87828314e+00 3.33384085e+00 1.70506071e-02
  1.05723298e+00 6.32840443e+00 0.00000000e+00 1.54325381e-01
  5.71217585e+00 0.00000000e+00 3.12155169e-02 6.54427052e-01
  3.95680010e-01 4.86795998e+00 8.93657088e-01 6.29882431e+00
  7.68421364e+00 0.00000000e+00 3.32846951e+00 1.11468780e+00
  4.88432407e+00 1.82308114e+00 1.73772708e-01 6.60420990e+00
  9.86409709e-02 1.81079153e-02 2.67733765e+00 3.03216958e+00
  2.78745103e+00 6.58053160e-01 9.41193938e-01 3.57613635e+00
  2.90270281e+00 1.76720500e-01 8.47700953e-01 1.32151115e+00
  1.01877654e+00 2.43549871e+00 0.00000000e+00 3.25495869e-01
  1.88148284e+00 1.78297508e+00 6.05909491e+00 5.22892284e+00
  5.28692389e+00 4.07968760e+00 1.92778337e+00 3.73464793e-01
  2.49032784e+00 5.48053408e+00 7.62263060e-01 1.26952863e+00
  0.00000000e+00 2.27939153e+00 1.50868785e+00 2.65863872e+00
  1.62564114e-01 0.00000000e+00 2.84491396e+00 2.40812707e+00
  0.00000000e+00 2.06675482e+00 6.25286484e+00 2.00579446e-02
  2.38938785e+00 1.27642279e+01 1.99701083e+00 3.88773370e+00
  2.27750683e+00 0.00000000e+00 8.67301083e+00 9.56992030e-01
  4.44861794e+00 3.64746785e+00 4.31165171e+00 3.86932999e-01
  2.34552574e+00 1.18334651e+00 6.33586824e-01 8.91973972e+00
  3.61867636e-01 1.34028122e-01 4.60610390e+00 3.24751043e+00
  1.37128428e-01 7.08091021e-01 3.61307096e+00 7.84366369e-01
  9.16849732e-01 5.10961592e-01 4.65416336e+00 3.61215174e-01
  2.85959172e+00 3.35742402e+00 3.09415603e+00 3.17524505e+00
  4.66796446e+00 6.13294077e+00 0.00000000e+00 4.04504967e+00
  2.09620166e+00 9.12150919e-01 1.32971466e-01 9.33611107e+00
  7.89424086e+00 2.60690880e+00 1.41210258e+00 2.04480910e+00
  3.13369036e-01 4.73162985e+00 2.84946871e+00 7.38130748e-01
  5.46794510e+00 6.99973524e-01 3.45130146e-01 3.71597934e+00
  2.14114714e+00 2.70921612e+00 5.53699210e-02 4.42434669e-01
  4.40785265e+00 1.78185642e+00 1.00138497e+00 7.25456476e+00
  3.27571535e+00 5.77097034e+00 2.87738109e+00 1.00232279e+00
  5.33898306e+00 3.05754709e+00 0.00000000e+00 7.02030277e+00
  2.40763783e+00 5.95625544e+00 5.11831462e-01 1.60063848e-01
  2.42010891e-01 4.54541683e+00 2.21984684e-01 2.39075708e+00
  1.13721752e+00 4.74266911e+00 1.88645291e+00 8.74863148e-01
  1.36038554e+00 1.88379157e+00 0.00000000e+00 2.59359860e+00
  0.00000000e+00 1.15445614e+00 7.90993750e-01 7.90395439e-01
  2.14304590e+00 1.09934626e+01 2.78468281e-01 9.48970258e-01
  4.70088243e+00 0.00000000e+00 1.68936932e+00 2.07646060e+00
  3.35535824e-01 7.04621851e-01 2.77015281e+00 6.68467462e-01
  2.15479803e+00 1.78733671e+00 1.65278888e+00 3.62962556e+00
  7.33241975e-01 1.25987186e+01 1.02623296e+00 1.74935609e-01
  2.52405226e-01 1.08477163e+01 4.57214785e+00 5.61042881e+00
  1.94336689e+00 2.20530534e+00 2.64610195e+00 3.18274528e-01
  2.55566716e+00 1.03888571e+00 2.68079233e+00 2.91391581e-01
  6.24684095e+00 4.39274120e+00 1.74628770e+00 1.37530351e+00
  7.22681701e-01 2.48180628e+00 1.42841852e+00 1.15675807e+00
  1.14674175e+00 4.16229963e+00 2.24430704e+00 1.62438524e+00
  1.62925529e+00 0.00000000e+00 2.56378198e+00 1.16324413e+00
  2.46612358e+00 6.62329435e+00 1.94630218e+00 6.87892318e-01
  1.65740669e-01 2.08815527e+00 2.61686063e+00 2.46353555e+00
  3.31667709e+00 1.94118810e+00 2.17432594e+00 4.33523798e+00
  9.50441778e-01 2.22350669e+00 7.80527294e-01 9.90701735e-01
  6.25024259e-01 1.26761055e+00 1.92631280e+00 3.85724783e-01
  3.08934617e+00 0.00000000e+00 9.75083828e-01 3.33944821e+00
  1.28865206e+00 7.60667145e-01 8.44029331e+00 1.48612416e+00
  1.37947528e-02 5.69316816e+00 1.05762901e+01 3.42963874e-01
  0.00000000e+00 3.96906757e+00 3.61265326e+00 5.37829638e-01
  2.78876448e+00 6.27457500e-01 2.70009637e+00 0.00000000e+00
  7.22700879e-02 4.06872320e+00 1.30654454e+00 1.64760602e+00
  1.82066262e+00 2.74698281e+00 5.89277685e-01 1.25144824e-01
  9.90879059e+00 4.60176826e-01 3.70172501e+00 1.13108230e+00
  1.29322112e+00 1.59557402e+00 4.25985575e+00 9.49738771e-02
  1.85735571e+00 3.31966043e+00 1.09238207e+00 1.30381441e+00
  4.13564712e-01 7.74700269e-02 1.56252205e+00 6.86740780e+00
  7.51180696e+00 1.08747554e+00 3.94724846e+00 4.08956337e+00
  5.30943751e-01 6.03694081e-01 6.87215105e-02 4.31137943e+00
  2.72379667e-01 7.76360333e-01 2.44569254e+00 2.18947244e+00
  0.00000000e+00 1.94404032e-02 7.41108656e-01 1.41379035e+00
  1.08584547e+01 7.28984356e+00 6.95753384e+00 6.44229054e-01
  7.69957244e-01 3.72174191e+00 0.00000000e+00 1.33661616e+00
  1.46449804e+00 6.84048116e-01 5.97935200e+00 2.26736569e+00
  1.73877633e+00 1.26586485e+00 9.38994825e-01 0.00000000e+00
  1.40109289e+00 1.09977045e+01 2.89320469e+00 1.11082649e+00
  1.15198839e+00 1.65648758e+00 2.68599248e+00 2.76636863e+00
  1.06349044e-01 1.44875729e+00 1.37672114e+00 4.25842583e-01
  2.50593734e+00 0.00000000e+00 2.90934944e+00 1.46081543e+00
  3.82195301e-02 1.54544130e-01 6.56948900e+00 1.76987505e+00
  2.26047945e+00 8.10784149e+00 9.89657402e-01 2.14698267e+00
  2.75112534e+00 1.79852617e+00 6.85640001e+00 1.00981283e+00
  1.28663516e+00 6.31835535e-02 4.08750439e+00 1.83343398e-03
  1.06932390e+00 2.10582089e+00 2.04934254e-01 3.14830244e-01
  1.24436998e+00 4.39009428e+00 6.16138887e+00 2.36628518e-01
  1.25349788e-02 5.51643896e+00 4.63062137e-01 4.28829002e+00
  3.88367712e-01 5.55024683e-01 2.26808453e+00 2.42352247e+00
  2.32473397e+00 4.31815460e-02 1.86492329e+01 0.00000000e+00
  9.35650587e-01 0.00000000e+00 4.76680547e-01 2.00585628e+00
  9.28835964e+00 1.90912819e+00 7.56941748e+00 7.69396901e-01
  4.19286776e+00 5.08870077e+00 0.00000000e+00 5.01631403e+00
  7.25978076e-01 7.32282937e-01 1.82584381e+00 2.36465955e+00
  1.01758897e+00 1.17412806e+00 2.56831074e+00 1.33150494e+00
  1.49777436e+00 9.08758926e+00 1.38106978e+00 3.56528640e+00
  8.83276910e-02 3.08391869e-01 9.96760130e-01 4.27972078e+00
  9.09943962e+00 2.03772545e+00 4.37216616e+00 2.49924946e+00
  1.77951241e+00 1.15598478e+01 3.89929271e+00 5.38431740e+00
  5.69942045e+00 3.91656613e+00 3.93350506e+00 6.15094960e-01
  0.00000000e+00 3.23161650e+00 4.23684311e+00 2.60732102e+00
  0.00000000e+00 3.11820149e-01 3.56970906e+00 3.11990976e+00
  0.00000000e+00 7.83581555e-01 0.00000000e+00 1.41136482e-01
  1.63704109e+00 1.71752620e+00 1.08694017e+00 4.53625822e+00
  1.00318706e+00 1.34803176e-01 6.18721581e+00 7.25752354e-01
  5.91568053e-01 1.04425788e-01 1.74844837e+00 5.26382662e-02
  1.42471476e+01 1.63880968e+00 3.51452976e-01 1.84819627e+00
  1.84280956e+00 4.32857418e+00 4.14489359e-01 1.35702622e+00
  1.37503818e-01 1.54829609e+00 5.40460527e-01 9.83985138e+00
  2.72498989e+00 6.69259071e-01 5.31349659e-01 1.84969771e+00
  1.45180523e+00 2.94071943e-01 9.52789932e-03 5.15954447e+00
  9.11472499e-01 6.04724360e+00 3.38461423e+00 1.73057303e-01
  1.56834781e+00 3.30592775e+00 4.15125310e-01 2.80822325e+00
  2.97754073e+00 1.24066269e+00 1.31593072e+00 3.58785421e-01
  4.18926334e+00 2.66209984e+00 4.24360752e-01 2.57357568e-01
  3.94333577e+00 3.53558350e+00 2.99972892e-01 0.00000000e+00
  7.55916536e-01 4.42851496e+00 4.08117771e-01 4.71856642e+00
  4.84133512e-01 2.10277414e+00 0.00000000e+00 3.87603045e-01
  8.28656733e-01 1.23656881e+00 1.62876654e+00 5.39141989e+00
  8.14007223e-01 3.12847972e+00 4.88879561e-01 4.38774586e-01
  7.29333043e-01 3.16599536e+00 1.15519798e+00 1.99267280e+00
  3.24783146e-01 6.50825381e-01 1.26744926e+00 1.40493679e+00
  3.09001541e+00 3.00419211e+00 2.37057710e+00 2.08171153e+00
  4.21503019e+00 5.03837829e-03 1.33807838e+00 2.53854096e-01
  2.31036592e+00 8.70788872e-01 4.58011913e+00 2.83216286e+00
  1.48368120e+00 3.77757263e+00 8.07984114e-01 1.64666867e+00]]