[[1.6392729e+00 5.0705320e-01 4.0377884e+00 1.0913036e+00 8.1555367e+00
  2.1815693e+00 3.5237103e+00 5.3676968e+00 6.7057580e-01 1.1418967e+00
  9.7747493e-01 2.6800478e-01 4.9985256e+00 4.2914371e+00 8.8884160e-02
  6.7843008e-01 0.0000000e+00 1.1119578e-01 2.6219897e+00 7.9950252e+00
  1.9949719e+00 2.3242586e+00 1.3929289e-02 4.7968704e-01 2.1181762e+00
  6.3557453e+00 2.3578293e+00 7.1717443e+00 8.6283808e+00 4.2030177e+00
  1.1398124e+00 7.3797934e-02 8.0684566e-01 9.4906445e+00 1.2363217e+00
  1.7148082e-01 1.3173667e-01 3.5380602e-01 3.6863275e+00 5.1232141e-01
  2.8418977e+00 5.3872138e-01 1.8281922e+00 1.1350476e+00 1.0479587e+00
  2.9913001e+00 5.3426204e+00 3.7814012e-01 1.0660543e+00 1.9960229e+00
  3.1733611e+00 6.9025021e+00 7.9673022e-01 9.3349428e+00 2.1853745e+00
  1.3596368e+00 4.4130111e+00 5.4913182e+00 2.0010738e+00 0.0000000e+00
  1.2159441e+00 1.3188040e+00 6.2703819e+00 3.9990985e+00 0.0000000e+00
  4.1938472e+00 1.8238094e+00 3.0820191e+00 2.3458140e+00 2.8182218e+00
  4.2823329e+00 8.5866326e-01 4.8134284e+00 7.0747867e+00 3.3717017e+00
  2.3588097e+00 1.3067693e+00 2.6999357e-01 5.5623543e-01 4.2698778e-02
  3.1916074e-02 6.0481345e-03 9.9437571e+00 7.8972733e-01 2.3722990e+00
  2.2885525e+00 2.1281462e+00 6.7003994e+00 2.6003981e+00 4.9830545e-02
  2.7926586e+00 0.0000000e+00 0.0000000e+00 7.9610950e-01 6.1243830e+00
  2.3817207e-01 3.1517415e+00 2.8681700e+00 5.8105159e+00 5.0907750e+00
  2.2361050e+00 3.4003003e+00 7.5660071e+00 6.0119209e+00 3.5187763e-01
  6.4608008e-01 6.4640993e-01 7.5822532e-01 3.5391226e+00 3.3080111e+00
  4.0382762e+00 2.2020361e+00 1.1343441e-01 1.9527129e+00 1.1222627e+00
  8.7648444e-02 5.6437645e+00 2.4850953e+00 4.2717967e+00 9.8784029e-01
  3.6505890e-01 2.1771884e+00 1.7394283e+00 5.1213808e+00 8.4298396e-01
  1.2700210e+00 4.7276750e-02 0.0000000e+00 0.0000000e+00 1.5053394e+01
  4.3427486e-02 0.0000000e+00 4.3671789e+00 2.0547209e+00 2.4237695e+00
  2.1800032e+00 1.4559723e+00 3.0242748e+00 7.6134076e+00 3.8747242e-01
  1.4385442e+00 1.2408410e+00 1.4287009e+00 2.6137381e+00 2.6016042e+00
  3.6019909e+00 1.6228943e+00 8.2459980e-01 0.0000000e+00 2.8134412e-01
  6.3384205e-01 1.1475874e+00 4.6915622e+00 0.0000000e+00 9.6502918e-01
  5.9252830e+00 2.3865626e+00 2.8902404e+00 4.9013810e+00 4.8088886e-02
  8.1349993e-01 1.3245076e+00 5.7253871e+00 8.8794452e-01 3.8473551e+00
  2.3844845e+00 1.7439328e-02 4.9800563e+00 1.7127972e+00 7.6314932e-01
  4.4125047e+00 1.9198203e+00 1.1615776e+01 3.2311027e+00 2.2492288e-01
  3.4608395e+00 6.6809196e+00 2.3489857e+00 5.9946547e+00 2.3926177e+00
  3.1452389e+00 0.0000000e+00 2.7129850e+00 1.0667653e-01 1.5081640e+00
  4.0791426e+00 1.3224593e+00 3.4362838e-02 5.1153913e+00 2.1759722e+00
  5.1239462e+00 0.0000000e+00 1.5759195e-01 4.9018335e+00 2.0361978e-01
  3.0001528e+00 0.0000000e+00 7.6261353e+00 9.4748110e-01 1.9758590e+00
  5.3060180e-01 4.2599053e+00 2.6103666e+00 1.5596645e+00 1.5451940e+00
  9.2462713e-01 1.0237573e+00 3.8303313e-01 2.1184199e+00 6.1379433e+00
  1.4991314e+00 8.7707245e-01 0.0000000e+00 7.9006076e-01 8.9735689e+00
  4.0046388e-01 7.1031899e+00 0.0000000e+00 2.2075830e+00 3.8912296e+00
  2.3349245e+00 4.1985064e+00 1.0235164e+01 4.2064413e-01 8.0692272e+00
  7.2193747e+00 9.4387770e-01 7.1562839e+00 2.1524975e+00 2.1813299e-01
  1.5921804e+00 2.9166033e+00 3.7597096e+00 5.1021585e+00 3.1490004e+00
  9.1035080e+00 2.7678511e+00 4.2881598e+00 3.5564821e+00 3.4868481e+00
  3.6221924e+00 0.0000000e+00 2.3584530e+00 6.8203516e+00 2.9206450e+00
  6.3653498e+00 6.1303840e+00 6.9304037e+00 2.3553205e+00 3.9813635e-01
  1.1589941e+00 5.0540156e+00 1.0530241e+00 3.8922944e+00 1.9466640e+00
  8.8650942e-01 2.0568900e+00 1.3370394e+00 9.8199886e-01 4.4129062e+00
  0.0000000e+00 9.0443030e-02 4.5291386e+00 5.1708384e+00 5.1167264e+00
  6.3182676e-01 3.3307352e+00 1.8102642e+00 7.2418537e+00 2.1920147e+00
  2.5009685e+00 1.0318185e+00 3.5619464e+00 2.4525030e+00 1.5693632e+00
  4.1862118e-01 4.7480378e+00 0.0000000e+00 5.1437050e-01 1.4594152e+00
  2.6409495e+00 3.9352281e+00 2.2666156e+00 1.4204224e+00 1.6987477e-01
  4.1225716e-01 4.6853032e+00 2.1057889e+00 2.7639661e+00 3.8930714e+00
  4.4642496e+00 1.6743709e+00 3.4556084e+00 5.1401389e-01 3.5157065e+00
  3.6850116e-01 5.1506239e-01 2.9283090e+00 2.9910712e+00 0.0000000e+00
  1.5543290e+00 2.2113819e+00 4.1762903e-01 3.1358862e-01 2.8274748e-01
  3.6257148e-01 2.6577351e+00 2.4310842e+00 9.9955845e-01 3.4858654e+00
  6.4327970e+00 1.4073747e-01 1.4299366e-01 3.2198876e-01 8.4586859e+00
  7.6158750e-01 1.3458586e+01 1.6596230e+01 1.4590443e+00 3.0406888e+00
  5.0616474e+00 7.3172240e+00 2.8325906e+00 3.5691768e-01 4.2264776e+00
  2.1187022e+00 3.9270654e+00 1.9627768e+00 4.6591220e+00 2.3392551e+00
  3.2694650e-01 3.3728631e+00 0.0000000e+00 4.7177343e+00 5.3782940e+00
  1.8478832e+00 3.3901885e+00 6.6594734e+00 1.1681137e+01 3.7575619e+00
  2.5101092e+00 1.9057828e-01 7.7487394e-02 2.7445462e+00 3.4998381e+00
  2.8295705e+00 1.2363971e+00 1.2076182e+00 3.6572981e+00 1.1686046e+00
  1.4706438e+00 8.9017761e-01 2.5438364e+00 5.1421800e+00 2.4733086e+00
  2.2767250e-01 7.4791098e-01 4.9318709e+00 3.7654693e+00 3.1403334e+00
  2.4780078e+00 0.0000000e+00 3.1771586e+00 1.6566533e+00 7.7728329e+00
  4.5331764e-01 5.9399834e+00 1.8234731e+00 1.4817895e+00 2.2146790e+00
  9.2380244e-01 2.8663948e+00 7.7869096e+00 5.8491462e-01 6.3721905e+00
  2.9551778e+00 2.6289651e+00 7.9968462e+00 6.5504208e+00 1.5775111e+00
  2.9078329e+00 1.7676575e+00 1.4085232e+00 4.4599590e+00 1.1195487e+00
  8.5280555e-01 3.4461465e+00 4.7021779e-01 1.3778535e-01 1.4009223e+01
  1.9171220e+00 1.2277361e+01 3.3800678e+00 4.4329958e+00 4.8899171e-01
  1.3630365e+00 2.6101532e+00 4.3856916e+00 8.7068117e-01 1.3510420e+00
  2.7913220e+00 2.5733929e+00 9.8823971e-01 5.9164386e+00 7.4989212e-01
  8.2737503e+00 2.1998427e+00 5.9076738e+00 0.0000000e+00 3.5336952e+00
  1.8170948e+00 7.4070597e-01 5.1119339e-01 1.6869347e-01 3.2899716e+00
  1.6239371e+00 1.6385916e+00 6.1823255e-01 6.7354302e+00 3.6219127e+00
  3.7868783e+00 2.3360531e+00 1.7511970e+00 7.4177427e+00 1.1393727e+00
  2.0248601e+00 4.9473424e+00 8.2033873e-01 0.0000000e+00 1.6088115e+00
  0.0000000e+00 2.4711406e+00 3.0557961e+00 1.6500874e+00 2.2219020e-01
  1.4975021e+00 9.0874863e-01 7.9425514e-01 3.4679544e+00 1.9790040e+00
  0.0000000e+00 1.4472927e+00 1.5285501e+00 2.9064169e+00 1.8604554e+00
  6.1106563e-01 2.7925107e+00 7.1097904e-01 2.6342387e+00 7.7421701e-01
  0.0000000e+00 6.4466190e+00 4.7679482e+00 8.9524632e+00 9.3160266e-01
  5.2269346e-01 5.4055643e+00 4.7458582e+00 1.5419856e+00 2.7764554e+00
  4.4937456e-01 1.3079222e+00 5.4117436e+00 1.4055629e-01 0.0000000e+00
  1.3272585e-01 3.7248239e-01 2.9945774e+00 4.3087854e+00 3.6743588e+00
  1.8387249e+00 4.6708574e+00 6.6241466e-02 4.1978135e+00 1.1254541e+00
  4.0084233e+00 1.6379879e+00 1.7938695e+00 3.5496311e+00 7.9823661e-01
  0.0000000e+00 5.2625403e+00 5.2069821e+00 2.6771128e+00 1.5244434e+00
  3.2162762e+00 7.4618063e+00 3.2144918e+00 7.9834932e-01 7.0878452e-01
  5.4919419e+00 1.9930302e+00 1.1447456e-01 2.8596480e+00 5.1930010e-01
  4.2446847e+00 1.5421091e+00 2.2007110e+00 1.8305814e-01 2.8191099e+00
  9.8033276e+00 2.0508177e+00 7.4527264e+00 2.8895450e+00 5.4958153e+00
  3.6042480e+00 9.1289349e+00 1.5428481e+00 1.6452178e+00 7.2230959e-01
  7.7150345e+00 4.8752193e+00]]