[[2.32768059e+00 0.00000000e+00 1.57774973e+00 2.68905044e-01
  0.00000000e+00 5.93883228e+00 3.43391132e+00 1.70708728e+00
  1.39453113e-01 2.69173205e-01 1.41145766e+00 6.54305100e-01
  5.28749990e+00 5.68960905e+00 0.00000000e+00 3.98205400e+00
  0.00000000e+00 0.00000000e+00 4.07099754e-01 1.94511175e+00
  1.07069767e+00 5.05609035e+00 1.90605164e+00 4.11007732e-01
  4.99484015e+00 7.66196489e+00 1.69792131e-01 3.85722518e+00
  9.51684284e+00 1.87356627e+00 1.82932526e-01 4.43711090e+00
  4.42376471e+00 3.27374148e+00 3.00710291e-01 7.49368608e-01
  6.21240675e-01 2.10411981e-01 5.25723600e+00 1.73956239e+00
  7.71593094e+00 5.69775365e-02 1.83965957e+00 2.20694041e+00
  0.00000000e+00 4.52164841e+00 8.30150414e+00 3.37357974e+00
  7.81094313e-01 1.74250340e+00 2.21978474e+00 5.43968868e+00
  1.52517247e+00 8.12395382e+00 5.97520351e+00 2.42988253e+00
  2.44595766e+00 5.17721176e+00 1.05376923e+00 0.00000000e+00
  9.64200854e-01 0.00000000e+00 7.97787714e+00 4.24981356e+00
  1.16246223e-01 3.93145347e+00 0.00000000e+00 1.13569863e-01
  3.08009243e+00 6.28888786e-01 9.95103478e-01 3.47480249e+00
  5.60915375e+00 5.92549896e+00 1.77393043e+00 2.19432640e+00
  1.57156634e+00 5.70914865e-01 4.53132480e-01 2.78592736e-01
  3.07782102e+00 3.38344288e+00 7.12419081e+00 1.90246090e-01
  2.00313739e-02 4.09041929e+00 1.66856933e+00 5.89672422e+00
  2.68898797e+00 0.00000000e+00 2.29355454e+00 6.07841909e-01
  2.31834936e+00 9.40505207e-01 2.28609991e+00 1.58277392e+00
  1.48451531e+00 9.79945660e-01 4.19912934e-01 3.10378432e+00
  7.38425159e+00 2.49385238e+00 4.87389183e+00 4.80765200e+00
  6.25666976e-02 5.34279346e-01 1.10314906e+00 5.08921564e-01
  4.22079802e+00 8.63743007e-01 5.70246029e+00 5.23309946e+00
  4.89308119e-01 8.28890800e+00 1.52112174e+00 2.50446070e-02
  5.59142065e+00 2.68520904e+00 2.72498155e+00 3.50017977e+00
  0.00000000e+00 1.55599368e+00 1.66913354e+00 3.02312183e+00
  6.61683893e+00 3.22402865e-01 5.79135060e-01 0.00000000e+00
  7.34210491e-01 2.05730114e+01 1.00655556e+00 0.00000000e+00
  7.54083633e+00 2.50842166e+00 1.45582116e+00 2.31675220e+00
  1.68783832e+00 1.67136505e-01 2.89935088e+00 5.44367135e-01
  2.31302452e+00 3.20948291e+00 5.81353426e-01 2.72560716e+00
  9.04206097e-01 6.30533278e-01 4.43108511e+00 2.12638810e-01
  5.93113422e-01 1.91969022e-01 1.06460340e-01 1.40929770e+00
  4.35047007e+00 1.75915897e-01 2.23130286e-01 2.57054639e+00
  4.28006697e+00 1.93417192e+00 1.22336233e+00 1.71594173e-01
  1.36437118e+00 7.33485162e-01 2.81904697e+00 0.00000000e+00
  2.93395925e+00 1.17055595e+00 7.43860304e-01 5.95361376e+00
  2.72845924e-01 2.36898017e+00 7.86939287e+00 9.52542365e-01
  1.11814852e+01 1.24846554e+00 2.14846909e-01 2.02619648e+00
  3.42676830e+00 9.71841633e-01 6.69324458e-01 8.56117630e+00
  2.45108056e+00 2.93826044e-01 3.47126293e+00 1.15929151e+00
  2.80251473e-01 2.05648923e+00 4.93887806e+00 2.61175370e+00
  8.17382097e-01 1.00629139e+01 1.11112394e+01 1.57313371e+00
  0.00000000e+00 7.69602728e+00 1.05127358e+00 3.70624661e+00
  9.90281701e-01 1.01784868e+01 1.11416674e+00 1.98388767e+00
  7.87443876e-01 4.69947767e+00 1.04813606e-01 1.99787223e+00
  4.10177994e+00 5.94217360e-01 2.06029081e+00 2.96385980e+00
  1.17459702e+00 2.26959991e+00 8.66958618e-01 1.40002728e+00
  0.00000000e+00 0.00000000e+00 3.21109533e+00 2.81098843e+00
  2.94373965e+00 5.49082577e-01 1.68801022e+00 4.96895504e+00
  9.72609594e-02 9.71108437e-01 9.88914013e+00 2.60628283e-01
  3.86881828e+00 2.73534966e+00 3.09617639e-01 5.42734814e+00
  1.34186894e-01 3.00940331e-02 3.32760811e+00 2.01844311e+00
  5.79709291e+00 4.59106064e+00 5.18291903e+00 2.43464327e+00
  4.06784916e+00 1.01014118e+01 1.52394068e+00 4.25702477e+00
  1.41346753e+00 1.19369164e-01 2.49068689e+00 2.81583333e+00
  1.20586812e+00 3.16172957e+00 1.20489168e+01 2.77677226e+00
  4.67466879e+00 3.85547400e-01 1.09446888e+01 3.78819168e-01
  0.00000000e+00 2.56001425e+00 1.08842099e+00 2.47361016e+00
  3.47816443e+00 2.52302361e+00 1.97215974e+00 7.60395586e-01
  0.00000000e+00 1.38242617e-01 7.35406220e-01 7.25931644e+00
  5.28777885e+00 2.34569573e+00 1.79273379e+00 2.36476779e+00
  9.51547623e+00 7.95685291e-01 3.17618585e+00 0.00000000e+00
  2.71868277e+00 2.74334621e+00 2.25944710e+00 2.15018177e+00
  9.17680740e+00 0.00000000e+00 5.54598980e-02 4.12406397e+00
  6.47831082e-01 3.61904740e+00 1.28920364e+01 5.12968302e+00
  8.45248342e-01 3.51282984e-01 4.00518036e+00 3.01002574e+00
  3.69258213e+00 3.76715589e+00 3.00182319e+00 6.32305908e+00
  5.81374109e-01 1.23256087e+00 3.41501474e+00 1.32129729e+00
  9.76699516e-02 2.26058459e+00 2.30893993e+00 9.36564356e-02
  2.60680461e+00 2.59102297e+00 1.00651562e+00 1.20541200e-01
  0.00000000e+00 2.17841935e+00 7.26818323e-01 1.01508701e+00
  1.38998604e+00 9.17918205e-01 1.26486874e+00 8.79771933e-02
  2.75320005e+00 1.49678659e+00 9.41321468e+00 1.11398280e+00
  4.40149069e+00 1.40268326e+01 2.42387772e+00 1.46893525e+00
  6.72726095e-01 4.55529976e+00 6.08487511e+00 6.08734965e-01
  1.05526006e+00 7.59215236e-01 9.37204361e+00 1.85011911e+00
  1.19304597e+00 0.00000000e+00 0.00000000e+00 5.88198471e+00
  1.72031000e-01 4.51845503e+00 4.21025467e+00 3.74975157e+00
  9.18865204e-01 6.17885351e+00 1.08701134e+01 3.63234878e+00
  6.69314921e-01 3.48875016e-01 1.33745432e-01 5.88761520e+00
  1.20089936e+00 4.97667074e+00 1.66716671e+00 1.09428056e-01
  3.72416091e+00 4.18591976e+00 1.78783453e+00 0.00000000e+00
  0.00000000e+00 3.50465989e+00 2.50293636e+00 5.25261879e-01
  3.09860766e-01 1.01442881e+01 3.05827928e+00 1.27588406e-01
  3.37911701e+00 0.00000000e+00 5.07682753e+00 2.11757636e+00
  5.53693295e+00 1.19656312e+00 8.68128777e+00 2.57238865e+00
  1.75342655e+00 0.00000000e+00 1.64816928e+00 3.24365067e+00
  9.44582272e+00 0.00000000e+00 3.55007339e+00 2.59417081e+00
  2.33782440e-01 2.25635719e+00 2.32200003e+00 2.67567229e+00
  2.36911988e+00 2.82591367e+00 4.03661996e-01 9.03206921e+00
  1.53021431e+00 2.93480754e+00 2.31181979e+00 2.91501641e-01
  9.05211389e-01 8.07007408e+00 5.26911640e+00 2.06272626e+00
  2.06229949e+00 5.09806776e+00 0.00000000e+00 3.31014633e+00
  4.63004017e+00 5.77066994e+00 2.55068994e+00 9.41740870e-01
  9.29406285e-01 3.64353609e+00 1.24039926e-01 5.78003693e+00
  3.49156070e+00 5.14064693e+00 4.42118025e+00 7.20062590e+00
  1.01901233e+00 8.04823875e-01 1.48231053e+00 4.14494801e+00
  1.30539775e-01 1.75879824e+00 1.05881715e+00 1.32478178e+00
  4.39123964e+00 5.46739846e-02 6.04125595e+00 6.16181469e+00
  7.98405361e+00 6.20020628e-01 3.90638399e+00 1.42812309e+01
  5.10524452e-01 1.22827947e+00 5.20992661e+00 7.23662472e+00
  4.24464382e-02 2.79413414e+00 5.08646369e-01 3.37918091e+00
  2.40391278e+00 1.39044702e-01 9.35842872e-01 4.52401829e+00
  2.64290738e+00 8.89280617e-01 3.84535789e+00 2.05851936e+00
  1.02076456e-01 9.70588997e-02 7.36835063e-05 2.61091423e+00
  4.91089487e+00 1.36563611e+00 3.58621860e+00 8.88666868e-01
  6.07400596e-01 1.32087862e+00 1.35114491e+00 2.24323106e+00
  4.72419167e+00 4.42668724e+00 2.84494901e+00 3.85212958e-01
  2.25775146e+00 9.70449626e-01 2.09271073e+00 2.21429825e+00
  8.35803390e-01 2.39257812e+00 3.35272837e+00 1.01639982e-02
  6.16999343e-02 1.64218664e+00 9.54068422e-01 1.84664881e+00
  6.78224468e+00 1.34376848e+00 2.83473015e+00 6.49947500e+00
  6.51767433e-01 8.13569069e+00 0.00000000e+00 1.60989428e+00
  1.53318369e+00 1.20615828e+00 6.92214668e-01 2.32875705e+00
  0.00000000e+00 4.42234039e+00 2.19353032e+00 9.03815627e-01
  2.02970609e-01 4.21054810e-01 9.22212410e+00 7.22074151e-01
  9.89369988e-01 0.00000000e+00 4.61293268e+00 4.00627327e+00
  0.00000000e+00 5.07173538e+00 1.78654075e-01 3.60831118e+00
  1.07458096e+01 6.34409308e-01 5.05160332e-01 2.41978121e+00
  6.92307901e+00 7.86094189e-01 1.28147447e+00 0.00000000e+00
  3.30921745e+00 1.19756794e+00 1.36906281e+01 1.59133196e+00
  1.32629156e-01 1.17407453e+00 8.85137463e+00 4.44416952e+00]]