[[2.64224434e+00 1.07504213e+00 1.11944401e+00 0.00000000e+00
  2.66886735e+00 5.64452887e+00 1.78660226e+00 5.66617310e-01
  1.73312426e-02 6.05162621e-01 1.44370306e+00 6.80249512e-01
  1.38670966e-01 9.44767475e+00 0.00000000e+00 4.36224461e-01
  1.34541869e+00 3.09937894e-01 3.50461364e-01 3.66509676e+00
  7.02587664e-01 1.55375421e+00 2.50668383e+00 1.31075490e+00
  8.78923535e-01 2.45768023e+00 3.78063202e-01 1.05286968e+00
  1.85686290e+00 5.16525581e-02 3.71427327e-01 1.30408299e+00
  0.00000000e+00 4.41014862e+00 6.02779575e-02 2.74666786e+00
  1.95915878e-01 3.25482003e-02 2.94590235e+00 1.27287209e+00
  1.16503870e+00 1.00463450e+00 3.53037381e+00 1.29970813e+00
  7.11927712e-02 6.85324609e-01 5.32762480e+00 1.70450911e-01
  3.80412722e+00 5.55900395e-01 2.31854081e-01 5.69726181e+00
  3.90076526e-02 4.15983486e+00 3.69169044e+00 2.21194267e+00
  9.73802269e-01 7.10043383e+00 3.92264783e-01 0.00000000e+00
  1.24890554e+00 2.08493337e-01 8.13829613e+00 1.97733819e+00
  0.00000000e+00 3.27864051e+00 7.74175227e-01 7.33423948e-01
  6.44628778e-02 2.71494341e+00 5.35679770e+00 2.47016639e-01
  7.67037988e-01 4.50520468e+00 1.21494508e+00 1.74595833e+00
  1.14795017e+00 6.49505556e-01 0.00000000e+00 1.34580536e-02
  1.64311290e-01 1.18903053e+00 2.35363030e+00 3.41201760e-02
  1.85155615e-01 5.14292479e+00 0.00000000e+00 6.37145185e+00
  2.48863935e+00 0.00000000e+00 5.39354467e+00 1.82744789e+00
  1.35418940e+00 1.26002789e+00 5.69043636e-01 4.62813169e-01
  0.00000000e+00 3.38692927e+00 2.06745338e+00 4.85293293e+00
  3.41358209e+00 2.71973848e+00 2.53374457e+00 5.10274458e+00
  3.27969253e-01 0.00000000e+00 1.33968270e+00 0.00000000e+00
  1.31762946e+00 1.40588418e-01 1.41936326e+00 1.37332559e+00
  0.00000000e+00 7.30277348e+00 1.74592912e+00 1.62337646e-01
  3.73806667e+00 4.83702183e-01 2.68904734e+00 1.78389907e+00
  1.74509263e+00 3.20332557e-01 4.25840092e+00 3.14036775e+00
  3.28742886e+00 1.82769871e+00 0.00000000e+00 7.15519667e-01
  2.30314565e+00 1.67581367e+01 3.84746790e-01 1.38171181e-01
  5.59016514e+00 2.15035111e-01 8.91196728e-01 2.63095307e+00
  3.93947244e-01 5.13288927e+00 4.15667677e+00 1.68961704e+00
  0.00000000e+00 1.70302913e-01 3.55492681e-01 2.79435563e+00
  4.73377556e-02 3.45026135e-01 4.00009781e-01 2.94271260e-02
  0.00000000e+00 3.62235010e-01 9.76895392e-01 2.34286487e-01
  1.70274031e+00 6.60429358e-01 3.63130182e-01 8.36716533e-01
  6.41375065e+00 2.97912061e-01 9.66745794e-01 0.00000000e+00
  2.25149870e-01 1.98513544e+00 2.90986609e+00 0.00000000e+00
  3.61493540e+00 1.13976431e+00 1.83316246e-01 4.88781929e+00
  7.50524938e-01 4.50731069e-01 1.02624979e+01 7.30915248e-01
  8.35750389e+00 1.09049439e+00 1.54656672e+00 1.85706365e+00
  5.64818919e-01 1.57701170e+00 3.54714483e-01 5.98322821e+00
  4.28092766e+00 5.83645046e-01 1.78782606e+00 1.74297452e-01
  0.00000000e+00 1.39564478e+00 2.90343451e+00 0.00000000e+00
  2.43583751e+00 3.28313780e+00 3.76513982e+00 2.43090224e-02
  6.91802561e-01 1.91419363e+00 2.93872571e+00 4.46758419e-01
  0.00000000e+00 1.73575282e+00 0.00000000e+00 0.00000000e+00
  1.01277637e+00 3.95273924e+00 2.50975519e-01 0.00000000e+00
  3.87926809e-02 9.18864131e-01 0.00000000e+00 1.09061801e+00
  7.94152796e-01 2.80520296e+00 0.00000000e+00 1.06970561e+00
  0.00000000e+00 2.92614341e-01 1.94742477e+00 1.59224546e+00
  3.03971362e+00 0.00000000e+00 4.53538132e+00 1.38039815e+00
  6.99489638e-02 4.63436127e+00 7.42323208e+00 5.62647171e-02
  2.24162412e+00 3.41318369e-01 0.00000000e+00 1.01031578e+00
  2.25466430e-01 5.15160024e-01 4.02764225e+00 1.22763306e-01
  6.17980957e+00 2.10340190e+00 1.62171519e+00 4.67962456e+00
  4.51031542e+00 1.07030792e+01 5.01083612e+00 9.15404797e+00
  1.25776207e+00 0.00000000e+00 4.97800255e+00 1.03232074e+00
  2.34322238e+00 5.48353434e+00 1.39248629e+01 1.50083613e+00
  4.22083664e+00 0.00000000e+00 1.70718753e+00 1.72417700e+00
  5.76350451e-01 7.78571987e+00 7.86994076e+00 0.00000000e+00
  4.26855177e-01 3.41461253e+00 0.00000000e+00 1.45934188e+00
  0.00000000e+00 0.00000000e+00 1.50281698e-01 3.10521865e+00
  8.38543177e-01 3.25443409e-02 8.61358166e-01 2.62884355e+00
  2.17251606e+01 8.68875563e-01 2.68430901e+00 0.00000000e+00
  8.36348820e+00 1.36724734e+00 7.00238526e-01 9.10216808e-01
  9.56145573e+00 4.40775305e-01 6.03942238e-02 1.10274449e-01
  1.21892128e+01 4.45241547e+00 2.17025528e+01 3.47487986e-01
  6.51507795e-01 0.00000000e+00 2.45077825e+00 1.49945152e+00
  1.82152152e+00 1.27979553e+00 1.10439658e+00 2.98323584e+00
  6.09008193e-01 4.64543164e-01 2.94486260e+00 4.46235806e-01
  2.37705684e+00 1.17089498e+00 3.87208521e-01 0.00000000e+00
  9.64139223e-01 6.04771256e-01 1.97947431e+00 0.00000000e+00
  2.32741833e-02 2.89432263e+00 1.71498919e+00 1.33154190e+00
  4.25142795e-01 1.47474051e+00 6.57718420e-01 0.00000000e+00
  1.07375765e+00 8.46962750e-01 3.77193975e+00 2.80499220e-01
  3.97811460e+00 9.36840343e+00 0.00000000e+00 4.86801118e-01
  1.55926406e+00 1.78896725e+00 3.89179921e+00 1.19332574e-01
  7.67455101e-01 4.05842841e-01 1.47937107e+00 8.23295191e-02
  6.12708330e-01 1.19336820e+00 8.59849826e-02 7.18571758e+00
  1.04184604e+00 1.99126452e-01 4.15754509e+00 1.35449624e+00
  9.25217271e-01 1.17000036e+01 3.19769049e+00 1.97764623e+00
  2.72880387e+00 4.21330273e-01 0.00000000e+00 9.20589209e-01
  2.18731809e+00 2.95743608e+00 2.00062084e+00 8.06971341e-02
  3.47162056e+00 1.44317374e-01 9.10134971e-01 0.00000000e+00
  6.23626597e-02 9.37390208e-01 3.08871651e+00 6.21833801e-02
  1.06507146e+00 4.76684904e+00 1.10514700e+00 3.93584341e-01
  1.48816073e+00 4.44880575e-01 1.53402710e+00 2.68004251e+00
  1.98522234e+00 2.59932566e+00 6.50429487e+00 2.01597357e+00
  3.59413177e-01 3.42570961e-01 1.05157852e+00 4.80524927e-01
  4.17955875e-01 0.00000000e+00 9.47770894e-01 1.73541403e+00
  0.00000000e+00 1.56183743e+00 7.30287910e-01 2.01862073e+00
  3.23818064e+00 3.45940679e-01 1.07146490e+00 2.20265269e+00
  1.26683366e+00 1.79723239e+00 4.82778251e-01 3.28624368e-01
  6.35193825e-01 8.24222946e+00 0.00000000e+00 3.53251219e+00
  1.74774694e+00 3.95303941e+00 1.75752819e-01 0.00000000e+00
  4.31520128e+00 4.22990894e+00 3.52727115e-01 1.23054051e+00
  2.37784839e+00 4.75889832e-01 1.00967240e+00 7.65439463e+00
  2.21382976e+00 1.93141997e+00 1.36827028e+00 3.31002069e+00
  0.00000000e+00 1.61924374e+00 2.74690032e+00 3.31063628e-01
  0.00000000e+00 2.16829613e-01 4.60142756e+00 1.48381218e-02
  8.82071614e-01 1.63329616e-01 1.63676572e+00 3.30900693e+00
  1.78811252e+00 5.08700192e-01 1.87023297e-01 4.85073709e+00
  4.04228061e-01 4.82629538e+00 2.56555557e-01 5.43010521e+00
  4.59978247e+00 3.08411449e-01 4.85496664e+00 1.04993045e+00
  5.23453808e+00 5.52009642e-02 2.92959005e-01 6.45620775e+00
  3.39490652e-01 1.17121363e+00 2.25096211e-01 4.18352664e-01
  0.00000000e+00 3.88837568e-02 1.92036144e-02 8.94280493e-01
  5.23070526e+00 2.00630760e+00 4.99006844e+00 1.07154989e+00
  1.33963358e-02 1.77308154e+00 5.99794507e-01 1.47054648e+00
  2.31905198e+00 1.62096107e+00 1.67400527e+00 3.74908853e+00
  2.16084538e+01 3.30789685e+00 1.00511718e+00 6.46074057e+00
  2.52018217e-02 1.29051292e+00 2.09277511e+00 1.74470976e-01
  0.00000000e+00 0.00000000e+00 6.48085594e-01 8.38970900e-01
  1.62534904e+00 1.70496428e+00 3.21821427e+00 3.69095594e-01
  0.00000000e+00 1.72425997e+00 3.36161442e-03 5.42662144e-01
  4.63968694e-01 0.00000000e+00 0.00000000e+00 1.14467072e+00
  0.00000000e+00 1.51182652e+01 1.24486947e+00 1.52314031e+00
  0.00000000e+00 0.00000000e+00 1.33164539e+01 2.11730912e-01
  6.97032988e-01 1.29206017e-01 3.34806728e+00 0.00000000e+00
  2.25262880e+00 1.48723745e+00 0.00000000e+00 1.46616518e+00
  2.25575137e+00 1.07618399e-01 2.07866073e-01 1.09981954e+00
  5.86201620e+00 2.91806519e-01 1.27437532e+00 1.80748487e+00
  1.29417491e+00 1.14870512e+00 1.06925898e+01 2.21999437e-01
  5.07096231e-01 2.34272212e-01 3.45282936e+00 4.64278507e+00]]