[[1.38351917e+00 2.12068930e-01 1.13224316e+00 1.25877464e+00
  1.72031724e+00 5.01451540e+00 3.22314382e+00 1.19551301e+00
  1.12710750e+00 1.05499089e-01 8.02312791e-01 7.33329237e-01
  1.70448399e+00 6.74940634e+00 0.00000000e+00 1.99358666e+00
  2.39761782e+00 0.00000000e+00 9.66427684e-01 5.83880997e+00
  2.96752429e+00 4.06926680e+00 8.25741100e+00 1.16801536e+00
  2.70139337e-01 4.06876993e+00 0.00000000e+00 8.52361012e+00
  3.30095816e+00 2.55175734e+00 1.56987384e-01 1.52365434e+00
  2.57973909e+00 1.03364003e+00 1.61942148e+00 7.56411409e+00
  5.82494640e+00 4.02252346e-01 1.50822592e+00 3.45660567e-01
  4.74114943e+00 1.33207464e+00 4.51094866e-01 2.31189728e+00
  6.95214927e-01 1.12915051e+00 3.40279198e+00 4.51322287e-01
  3.54811835e+00 3.62975264e+00 0.00000000e+00 7.02736914e-01
  8.70947719e-01 1.91956067e+00 9.92764115e-01 3.26946592e+00
  6.21564054e+00 3.98061967e+00 2.33932972e+00 4.98696774e-01
  5.30692101e+00 7.39270878e+00 7.30569839e+00 1.15909548e+01
  3.96053648e+00 2.24459100e+00 2.39233062e-01 9.93032575e-01
  1.00398934e+00 3.99585336e-01 1.03674436e+00 5.54172456e-01
  0.00000000e+00 7.42239189e+00 8.34785998e-01 2.41212869e+00
  1.29690635e+00 5.52266455e+00 7.60357738e-01 3.54300237e+00
  5.75626791e-01 3.88325453e-01 5.29858208e+00 0.00000000e+00
  0.00000000e+00 6.03624105e+00 1.26843020e-01 3.05060315e+00
  2.76977658e+00 0.00000000e+00 7.38744068e+00 3.22198200e+00
  4.48220062e+00 6.68715954e-01 8.41486263e+00 1.87776610e-01
  1.14665759e+00 2.64873886e+00 8.11451340e+00 1.02544012e+01
  6.51902795e-01 6.02448821e-01 4.82803345e+00 8.25558782e-01
  3.76661062e-01 1.42611980e+00 1.03548777e+00 8.42575058e-02
  0.00000000e+00 0.00000000e+00 4.21080065e+00 3.20061731e+00
  3.27581704e-01 3.35050893e+00 1.53810620e+00 6.42026961e-02
  8.39343929e+00 2.30720592e+00 1.70649171e-01 3.70937395e+00
  8.53865981e-01 4.07276773e+00 0.00000000e+00 8.80497169e+00
  4.82423067e+00 6.43398094e+00 1.75336313e+00 0.00000000e+00
  1.83656657e+00 1.48195601e+01 1.94520101e-01 2.29628831e-02
  8.00905991e+00 6.77088380e-01 0.00000000e+00 4.08285284e+00
  2.20927310e+00 3.98269939e+00 2.72899890e+00 5.79517841e+00
  3.27535057e+00 0.00000000e+00 1.70164728e+00 4.72256422e+00
  4.82041180e-01 1.72936082e+00 2.03767371e+00 2.24152422e+00
  1.94350675e-01 2.05091286e+00 0.00000000e+00 4.44247437e+00
  1.94927263e+00 5.73814249e+00 3.27862948e-02 3.52575511e-01
  2.12067556e+00 2.07088900e+00 8.07491411e-03 3.27435207e+00
  6.43488932e+00 9.60753250e+00 3.39985251e+00 3.13795304e+00
  7.49423790e+00 4.40494001e-01 2.09655046e-01 7.90697622e+00
  4.45817053e-01 3.19747925e+00 1.80884346e-01 6.92218482e-01
  7.31982231e+00 6.73465347e+00 2.27486706e+00 2.34260201e-01
  8.77745533e+00 7.75256574e-01 2.45503831e+00 4.69006109e+00
  4.44295973e-01 0.00000000e+00 3.34069633e+00 0.00000000e+00
  9.84297872e-01 2.03146887e+00 2.38208580e+00 5.93835115e-01
  2.95216203e+00 2.15936756e+00 4.82381392e+00 0.00000000e+00
  5.68388891e+00 2.27449107e+00 2.19487190e+00 6.65400445e-01
  5.09915257e+00 1.18072472e+01 5.15084028e-01 0.00000000e+00
  4.06641811e-01 0.00000000e+00 3.03303456e+00 6.24928176e-01
  3.50605369e+00 1.27746189e+00 1.00071108e+00 4.61314231e-01
  1.66540289e+00 8.07279110e-01 0.00000000e+00 1.19710338e+00
  0.00000000e+00 4.89997101e+00 2.88533425e+00 1.69002548e-01
  9.22756433e-01 6.43736362e-01 2.72800684e+00 1.94752347e+00
  2.71145153e+00 4.12575626e+00 1.49627900e+00 1.99970260e-01
  0.00000000e+00 7.82385063e+00 6.74783051e-01 3.81796432e+00
  8.02972376e-01 3.09545454e-02 1.15769958e+00 2.20422935e+00
  2.66407752e+00 5.91294003e+00 3.86609554e-01 1.21591806e+00
  1.73823142e+00 8.59607220e+00 3.56976008e+00 8.60533595e-01
  1.55272305e+00 0.00000000e+00 3.80265284e+00 6.52369976e+00
  3.86017114e-02 1.01302872e+01 4.18215990e+00 1.94387758e+00
  1.02318600e-01 2.08744264e+00 3.23960590e+00 3.39117534e-02
  5.45112669e-01 5.37548828e+00 4.55472851e+00 0.00000000e+00
  5.71599054e+00 1.73096979e+00 6.45092726e+00 7.93215692e-01
  1.74183941e+00 8.21098566e-01 0.00000000e+00 8.59068274e-01
  2.06075534e-01 0.00000000e+00 1.12309861e+00 1.99960852e+00
  3.24223614e+00 1.33765805e+00 6.51595688e+00 4.86753750e+00
  3.09743619e+00 2.39373851e+00 4.77768421e+00 1.91824603e+00
  5.97682118e-01 3.49786663e+00 0.00000000e+00 1.68522024e+00
  4.05092001e+00 7.05142403e+00 1.33033571e+01 8.17093432e-01
  1.34720251e-01 3.31658423e-01 4.41897345e+00 6.07438087e+00
  4.06432438e+00 3.40643835e+00 1.21192670e+00 0.00000000e+00
  5.26948094e-01 1.18321395e+00 5.62798691e+00 4.80436945e+00
  1.72995701e-01 8.42235088e-01 2.73449278e+00 1.05036879e+00
  2.33933282e+00 2.24269581e+00 5.33931446e+00 3.29275751e+00
  1.79942846e+00 1.07246697e+00 4.50852299e+00 6.58298433e-01
  2.83093359e-02 0.00000000e+00 3.28829455e+00 1.47789598e+00
  2.73640662e-01 7.27053022e+00 6.77882051e+00 0.00000000e+00
  1.36182263e-01 1.43387985e+01 3.87148571e+00 5.39211273e+00
  1.71143425e+00 3.43429637e+00 2.62557602e+00 4.49576044e+00
  3.11457086e+00 1.77523053e+00 2.07580328e+00 0.00000000e+00
  7.20291913e-01 3.63033652e+00 1.21482384e+00 1.40902698e-01
  1.80882967e+00 4.66189176e-01 9.60547543e+00 1.16826868e+01
  1.71200097e+00 1.38645906e+01 5.80497360e+00 2.38282084e+00
  3.47843432e+00 0.00000000e+00 2.36812964e-01 0.00000000e+00
  2.18369722e+00 4.68770933e+00 3.24119782e+00 4.46278393e-01
  3.30454612e+00 8.36760551e-02 4.64358367e-03 3.67648266e-02
  1.32220578e+00 1.19863379e+00 3.11882973e-01 2.53744274e-01
  1.57231510e+00 4.43924093e+00 1.67072296e+00 8.42309520e-02
  3.92141318e+00 0.00000000e+00 7.73064137e-01 4.33872271e+00
  3.63641453e+00 5.66388321e+00 1.11557493e+01 3.01815681e-02
  2.16034889e+00 0.00000000e+00 5.35034359e-01 4.07927841e-01
  0.00000000e+00 0.00000000e+00 7.57403314e-01 1.46871948e+00
  2.25023794e+00 4.90204096e+00 0.00000000e+00 2.32959819e+00
  4.61477184e+00 7.26242781e-01 2.19059038e+00 8.86356115e-01
  3.17119598e-01 0.00000000e+00 1.90647113e+00 0.00000000e+00
  2.70677161e+00 2.99201322e+00 1.04151689e-01 7.51054645e-01
  6.40242767e+00 9.57913637e-01 1.14894283e+00 1.25129688e+00
  2.99731112e+00 5.87153912e+00 4.58036041e+00 3.28526807e+00
  3.90898013e+00 4.22441483e+00 1.26038074e+00 2.26913524e+00
  4.96013021e+00 8.67235601e-01 3.03611875e+00 4.69691133e+00
  1.36225748e+00 0.00000000e+00 2.43262267e+00 7.38534510e-01
  3.91148776e-01 1.38158715e+00 8.25534999e-01 1.52451229e+00
  5.22845984e-01 5.34578621e-01 2.73830175e-01 7.03027153e+00
  4.31496382e-01 0.00000000e+00 9.21281397e-01 2.91240358e+00
  2.43557668e+00 1.22987637e-02 9.11477947e+00 8.16489029e+00
  7.49205542e+00 0.00000000e+00 3.38983655e+00 1.78152382e-01
  1.18472338e+01 3.46249253e-01 0.00000000e+00 2.33722162e+00
  1.61068571e+00 4.89554358e+00 0.00000000e+00 2.96780825e+00
  5.41575146e+00 2.45426846e+00 8.40368867e-02 8.62606716e+00
  1.94302607e+00 4.56200898e-01 1.98413694e+00 2.55392313e+00
  0.00000000e+00 9.72959578e-01 6.87472224e-01 1.25244951e+00
  1.52855039e+00 2.66704917e+00 3.73454070e+00 1.94014192e+00
  1.06424322e+01 1.53444266e+00 8.14830780e-01 4.96706200e+00
  1.87466466e+00 1.29102314e+00 1.53359544e+00 3.64619565e+00
  0.00000000e+00 3.35580635e+00 2.37520838e+00 7.68142843e+00
  3.91491818e+00 1.77509105e+00 1.83730364e+00 2.01273799e+00
  3.54767710e-01 3.71854687e+00 3.64826173e-01 1.37232351e+00
  2.99359351e-01 0.00000000e+00 2.65050679e-01 3.18989903e-01
  0.00000000e+00 2.55454993e+00 1.55597436e+00 4.54108524e+00
  0.00000000e+00 1.82288074e+00 6.80417538e-01 3.81879658e-02
  0.00000000e+00 1.16715145e+00 5.20538926e-01 3.72313261e+00
  2.62560105e+00 2.89746195e-01 1.85686743e+00 2.12606788e+00
  3.85429049e+00 4.16090155e+00 3.22504306e+00 3.30518186e-02
  1.22116404e+01 7.74190962e-01 5.59131908e+00 2.74060559e+00
  1.59115505e+00 6.26867473e-01 8.03945065e+00 5.48571110e-01
  4.50822067e+00 4.56664896e+00 1.57417190e+00 4.79113674e+00]]