[[4.56686541e-02 0.00000000e+00 1.42362022e+00 2.21211929e-02
  1.23063684e+00 8.74588299e+00 6.71028376e+00 2.41391397e+00
  1.80414021e+00 1.75928903e+00 3.29069048e-01 1.66155708e+00
  2.48292232e+00 1.15087643e-01 0.00000000e+00 3.40650141e-01
  1.43867123e+00 3.49286422e-02 1.45981207e-01 2.30109930e+00
  2.61355352e+00 1.47399673e+01 0.00000000e+00 0.00000000e+00
  1.87279904e+00 9.13975716e+00 2.38044572e+00 6.73680639e+00
  4.30535650e+00 4.39277172e-01 0.00000000e+00 3.69833738e-01
  9.79729414e-01 1.32275164e-01 4.40144576e-02 1.33299565e+00
  0.00000000e+00 0.00000000e+00 2.14390755e+00 1.03095522e+01
  7.18165445e+00 0.00000000e+00 3.49347174e-01 1.66471577e+00
  1.26320958e+00 1.54656852e-02 4.95790958e+00 1.78922892e-01
  7.56320572e+00 4.46534777e+00 6.62634611e-01 5.69045067e-01
  0.00000000e+00 4.26703691e-01 2.19407582e+00 5.61503744e+00
  3.96859026e+00 1.47965789e+00 1.97650695e+00 4.87471253e-01
  1.18711901e+00 5.31673491e-01 3.86922574e+00 4.05245066e+00
  1.73983723e-01 1.56205547e+00 3.49626565e+00 4.05952215e+00
  7.28701055e-01 1.73253751e+00 3.71259999e+00 1.62732506e+00
  2.46338919e-02 3.59218931e+00 3.81537247e+00 1.11499774e+00
  6.24833405e-01 4.20730495e+00 1.26607919e+00 3.53006148e+00
  4.76172388e-01 1.63029778e+00 2.30185342e+00 1.53189704e-01
  1.31863952e+00 2.69777417e+00 4.44796515e+00 5.36241829e-01
  4.65693188e+00 1.56950857e-02 6.65195322e+00 1.03218503e-01
  3.61633825e+00 2.64206553e+00 2.25925303e+00 2.24691238e-02
  1.60722899e+00 4.51949549e+00 0.00000000e+00 5.10698271e+00
  1.00112700e+00 3.42021084e+00 4.36832523e+00 6.69837809e+00
  0.00000000e+00 3.37236188e-02 1.86441684e+00 8.31639171e-01
  1.08245268e-01 4.01962519e-01 1.07266486e+00 2.38735652e+00
  2.75041372e-01 6.50851202e+00 1.31029189e+00 1.42349195e+00
  1.22717686e+01 2.11832857e+00 4.55719614e+00 3.84558380e-01
  0.00000000e+00 0.00000000e+00 3.29509735e-01 6.82573652e+00
  3.85332847e+00 1.55887306e+00 2.53093213e-01 0.00000000e+00
  2.36387825e+00 6.54784727e+00 7.03864336e-01 1.78432986e-01
  2.63272315e-01 3.28837812e-01 0.00000000e+00 1.90067577e+00
  2.73432684e+00 3.57885242e+00 5.76494980e+00 3.89465213e+00
  5.40631592e-01 1.03138185e+00 9.25842881e-01 1.03531914e+01
  5.31127882e+00 1.67528689e+00 7.51687956e+00 0.00000000e+00
  0.00000000e+00 4.89229560e-01 5.08617051e-02 1.24873877e+00
  1.14742577e+00 0.00000000e+00 2.01811385e+00 2.17594385e+00
  1.13356948e-01 7.94399214e+00 9.34490442e-01 5.17742991e-01
  2.35165167e+00 7.54369640e+00 3.86693859e+00 0.00000000e+00
  9.69048023e-01 6.32414389e+00 0.00000000e+00 1.83275819e+00
  1.14278831e-01 1.27301092e+01 1.82423961e+00 2.04823780e+00
  2.88067150e+00 3.13190532e+00 2.13895702e+00 1.70050263e+00
  1.43114173e+00 5.83915186e+00 1.20721483e+01 1.35167923e+01
  4.45369512e-01 5.04142940e-01 5.99010801e+00 5.49522519e-01
  1.69977224e+00 1.98866749e+00 1.51640511e+00 5.39819896e-01
  2.06730819e+00 2.17300677e+00 9.95405614e-01 0.00000000e+00
  6.05073512e-01 2.71551247e+01 0.00000000e+00 5.92460215e-01
  0.00000000e+00 4.93892050e+00 1.64487803e+00 0.00000000e+00
  2.80692840e+00 0.00000000e+00 9.01613653e-01 0.00000000e+00
  1.03928976e+01 1.04274786e+00 1.53718781e+00 1.43702492e-01
  5.71965396e-01 7.45471954e+00 4.24515676e+00 2.64601302e+00
  0.00000000e+00 1.46494913e+00 3.74491334e-01 2.35227180e+00
  6.99720204e-01 0.00000000e+00 0.00000000e+00 2.59168816e+00
  4.23422289e+00 8.74258518e+00 8.68941963e-01 1.13548577e+00
  2.30378914e+00 4.59148026e+00 0.00000000e+00 9.12819982e-01
  2.44132103e-03 2.63046980e+00 5.79572082e-01 2.22242045e+00
  1.89965621e-01 4.58105326e+00 1.47425580e+00 8.86318624e-01
  7.41733456e+00 2.15712047e+00 5.66356468e+00 3.37540299e-01
  3.34710211e-01 2.30518460e+00 2.76347369e-01 5.45009708e+00
  2.40107203e+00 2.71305323e+00 5.74677896e+00 2.79471129e-01
  6.48046792e-01 4.26400471e+00 4.89034081e+00 7.30877459e-01
  3.72712588e+00 4.87753963e+00 8.42345428e+00 8.29157352e-01
  5.91773224e+00 1.28713116e-01 6.16444349e+00 0.00000000e+00
  1.21594667e+00 0.00000000e+00 0.00000000e+00 2.42327023e+00
  0.00000000e+00 1.04030333e+01 5.74178934e+00 0.00000000e+00
  9.31750965e+00 3.17094237e-01 3.44827509e+00 1.23111498e+00
  2.33948464e-03 2.23526192e+00 8.23796511e-01 0.00000000e+00
  1.31497192e+01 1.58820307e+00 1.12330997e+00 1.89422393e+00
  4.30117846e+00 1.57557595e+00 9.78930950e+00 1.37025547e+00
  1.19637895e+00 9.79678109e-02 2.66388297e-01 7.91786790e-01
  3.49068224e-01 3.58772111e+00 3.50376666e-01 1.55653536e+00
  2.38104582e+00 3.69822788e+00 2.36396766e+00 0.00000000e+00
  1.51379597e+00 1.37351751e+00 9.09942016e-02 0.00000000e+00
  1.60430870e+01 4.87769413e+00 5.11727667e+00 1.59165084e+00
  1.61363706e-01 0.00000000e+00 4.35426354e-01 2.42361927e+00
  3.53006768e+00 1.88540661e+00 3.22724009e+00 6.17127180e-01
  3.25934958e+00 1.73565626e+00 1.09386790e+00 2.46652603e-01
  3.66456914e+00 6.52944613e+00 2.10669732e+00 2.81886721e+00
  5.06383002e-01 4.44486523e+00 2.29674149e+00 2.84435958e-01
  1.13922584e+00 1.89899051e+00 5.50686979e+00 1.16198473e-01
  1.97494960e+00 0.00000000e+00 2.53311348e+00 2.49221635e+00
  1.09460282e+00 2.64096141e+00 1.90734220e+00 1.44192398e+00
  4.48451853e+00 5.39515781e+00 1.53374863e+01 4.89280653e+00
  4.90175456e-01 0.00000000e+00 4.63148504e-01 7.54061460e+00
  1.09064125e-01 2.19531894e+00 2.02976346e-01 3.05041981e+00
  5.65639436e-01 1.99041760e+00 1.12160885e+00 4.67308462e-01
  6.01919770e-01 1.67650282e-01 1.51212919e+00 1.65341341e+00
  1.47343898e+00 1.57552643e+01 9.25628603e-01 1.19334364e+00
  2.74639082e+00 7.81425774e-01 1.18293095e+01 2.97296429e+00
  5.35277843e+00 7.34672725e-01 1.66760235e+01 9.41995740e-01
  8.32463145e-01 4.16993678e-01 1.49244070e+00 1.53466606e+00
  4.23221111e+00 1.45622984e-01 4.46447706e+00 1.83325720e+00
  2.37342685e-01 1.41121531e+00 2.95228004e-01 1.76142025e+00
  6.60153925e-01 4.21249819e+00 2.83780336e+00 1.13986981e+00
  3.76623809e-01 1.16349614e+00 1.61880326e+00 0.00000000e+00
  3.31228304e+00 3.68735838e+00 8.85017693e-01 2.06576109e+00
  8.82877731e+00 2.16116977e+00 1.76870811e+00 2.20591855e+00
  1.86695755e-01 4.48862314e+00 1.08692408e+00 1.02204227e+00
  1.40761569e-01 1.70286751e+01 2.85812569e+00 1.20457439e+01
  3.41861486e+00 2.82684016e+00 9.85292077e-01 1.20399034e+00
  5.18411696e-01 2.18900776e+00 4.51401901e+00 4.89174271e+00
  0.00000000e+00 2.59712249e-01 7.66768828e-02 0.00000000e+00
  7.81383574e-01 4.30572659e-01 0.00000000e+00 0.00000000e+00
  0.00000000e+00 1.28371686e-01 1.06816447e+00 2.10706186e+00
  2.15392995e+00 1.31447494e-01 1.12204862e+00 4.69769859e+00
  5.03292656e+00 1.32083297e+00 1.45413518e+00 2.44434643e+00
  8.21565628e+00 5.25419950e-01 4.46620321e+00 4.81804276e+00
  1.60665989e+00 6.91497660e+00 1.90602624e+00 1.36646736e+00
  0.00000000e+00 3.11489195e-01 2.12710238e+00 1.78982086e+01
  6.18030787e+00 0.00000000e+00 4.21021557e+00 6.42549217e-01
  3.23691368e-01 4.77555561e+00 6.80880621e-03 1.46083641e+00
  2.61206460e+00 2.47179055e+00 3.63456726e+00 4.36337441e-01
  1.98866439e+00 3.10564876e+00 2.00898170e+00 4.87050533e+00
  5.52941704e+00 1.14549315e+00 6.81449652e+00 3.13729078e-01
  5.34345284e-02 1.13839757e+00 1.45228612e+00 1.24292028e+00
  1.08330309e+00 3.89418900e-02 0.00000000e+00 9.40243781e-01
  1.51679623e+00 4.67342949e+00 0.00000000e+00 1.77386975e+00
  1.68807483e+00 0.00000000e+00 3.67497392e-02 5.08062243e-01
  0.00000000e+00 1.89568505e-01 3.03329855e-01 2.59121943e+00
  0.00000000e+00 6.49743509e+00 1.60085404e+00 0.00000000e+00
  6.05777323e-01 2.84742773e-01 5.91133165e+00 0.00000000e+00
  0.00000000e+00 3.10292983e+00 1.16638935e+00 7.45274350e-02
  9.04950047e+00 4.66516495e+00 1.65118301e+00 2.21959669e-02
  2.03364730e+00 2.72808135e-01 9.65172827e-01 1.59211636e+00
  5.65720177e+00 0.00000000e+00 2.03707361e+00 6.91438055e+00
  7.92683065e-01 1.59207249e+00 1.71314967e+00 1.59723520e+00]]