[[1.69992971e+00 3.94623399e-01 2.54061198e+00 2.47551537e+00
  8.07546377e-02 3.84527659e+00 7.44962835e+00 0.00000000e+00
  5.96824177e-02 1.97743750e+00 7.86690474e-01 8.67429137e-01
  4.29440117e+00 2.62672019e+00 0.00000000e+00 1.09738169e+01
  0.00000000e+00 7.95853972e-01 2.85274088e-01 3.82078719e+00
  2.06546497e+00 8.82145309e+00 0.00000000e+00 5.88184834e-01
  1.46014798e+00 4.13448477e+00 4.77312118e-01 2.16918874e+00
  1.78480780e+00 7.75715649e-01 0.00000000e+00 5.89264536e+00
  1.24696636e+00 6.23321295e+00 9.76059973e-01 2.13305378e+00
  2.81374407e+00 3.50409955e-01 4.23249245e+00 2.72428489e+00
  1.18273509e+00 7.81409621e-01 1.39274096e+00 3.66686988e+00
  0.00000000e+00 7.14130497e+00 9.07562435e-01 3.06815624e+00
  1.16521752e+00 1.27121639e+00 6.03400326e+00 2.97465134e+00
  1.87305188e+00 2.79696631e+00 3.13193846e+00 8.28684330e-01
  1.53539431e+00 3.57194352e+00 0.00000000e+00 0.00000000e+00
  1.97873965e-01 4.46290940e-01 8.91092420e-01 5.11934471e+00
  0.00000000e+00 2.09894276e+00 3.38169956e+00 1.15347099e+00
  1.50814816e-01 2.20858335e+00 7.87763309e+00 4.15908098e-01
  1.13576794e+00 3.24461699e+00 7.25772023e-01 1.71646285e+00
  1.14056015e+00 0.00000000e+00 8.85861516e-01 2.04813004e+00
  2.92417908e+00 9.21699333e+00 7.49467802e+00 7.11656511e-01
  9.71388593e-02 6.71082783e+00 1.96222579e+00 1.02103508e+00
  7.06723571e-01 0.00000000e+00 8.03390694e+00 2.62137622e-01
  0.00000000e+00 3.15938020e+00 1.54664263e-01 1.46120548e+00
  1.38084197e+00 9.33652782e+00 2.91392744e-01 1.31831670e+00
  1.11384451e+00 6.29966378e-01 7.63136983e-01 4.16355515e+00
  9.74211025e+00 0.00000000e+00 2.28249982e-01 5.39674222e-01
  2.35014105e+00 1.46639705e+00 5.29447272e-02 1.35466361e+00
  3.87319654e-01 5.24446774e+00 1.70996141e+00 3.79886770e+00
  4.12637377e+00 2.81451988e+00 0.00000000e+00 4.01389217e+00
  2.63506174e+00 4.74732276e-03 2.41094157e-01 3.04530084e-01
  7.09695399e-01 1.24373186e+00 1.25379205e-01 3.41131873e-02
  4.51752096e-01 5.16543102e+00 1.09301066e+00 1.15869963e+00
  1.79225636e+00 3.06698298e+00 0.00000000e+00 4.94035387e+00
  4.90957975e-01 1.05593003e-01 2.40769053e+00 1.86008457e-02
  3.15870357e+00 9.63087380e-01 1.54195201e+00 1.94699943e+00
  1.37483048e+00 6.36483550e-01 5.38633585e+00 4.65360522e-01
  1.40405253e-01 1.75685477e+00 5.57499111e-01 2.73277617e+00
  1.13262713e+00 3.29339910e+00 1.21623349e+00 1.56973004e+00
  1.45004988e-01 7.55245495e+00 8.66113961e-01 9.86442149e-01
  4.48019445e-01 2.24537277e+00 2.75538397e+00 4.27497911e+00
  8.02547169e+00 1.99882820e-01 2.03288328e-05 4.92668390e+00
  1.00828297e-01 2.53639865e+00 6.21563578e+00 1.71342659e+00
  3.61552024e+00 4.66078758e+00 3.24169850e+00 1.77248263e+00
  0.00000000e+00 1.58809829e+00 3.62861902e-01 1.59493804e+00
  2.30815244e+00 1.60615500e-02 1.65786016e+00 2.60039181e-01
  0.00000000e+00 3.22546983e+00 9.73052233e-02 4.81699407e-02
  8.68111420e+00 1.06898046e+00 5.76313317e-01 8.27112868e-02
  1.93539172e-01 3.08832169e+00 2.07298532e-01 0.00000000e+00
  1.21196724e-01 4.17042685e+00 1.41789329e+00 1.81666923e+00
  8.70386124e+00 2.89103508e+00 7.04453766e-01 4.25456429e+00
  2.21456838e+00 0.00000000e+00 3.74939501e-01 5.62183082e-01
  2.23145485e+00 2.70201015e+01 3.37503850e-01 0.00000000e+00
  2.91257594e-02 6.37348604e+00 8.63958776e-01 0.00000000e+00
  2.14729524e+00 0.00000000e+00 1.30018818e+00 3.86890441e-01
  4.54729271e+00 6.58998966e+00 1.80073261e+00 3.93828541e-01
  9.56545353e-01 1.20940435e+00 3.97619218e-01 5.07012606e-01
  9.23345685e-02 0.00000000e+00 4.18591388e-02 7.93342769e-01
  2.83454323e+00 4.27119541e+00 9.67195988e-01 4.61803055e+00
  3.03028196e-01 4.06126356e+00 3.94557208e-01 2.22703934e+00
  4.85222995e-01 1.01417966e-01 1.07892716e+00 2.68069935e+00
  7.25424767e-01 3.95703506e+00 4.13483381e+00 1.55471301e+00
  1.03134370e+00 6.75498024e-02 6.12462568e+00 1.50745595e+00
  0.00000000e+00 1.37961662e+00 5.82712173e-01 8.94306242e-01
  6.40790749e+00 7.86662519e-01 1.44592285e+00 1.78134596e+00
  1.00010693e+00 1.96045673e+00 1.54363823e+00 2.48006701e+00
  3.66370153e+00 0.00000000e+00 9.48464721e-02 3.68005443e+00
  1.84098399e+00 8.45081329e-01 9.96749115e+00 3.53548050e-01
  1.28759313e+00 8.32613409e-01 2.50597596e-01 5.42595744e-01
  8.77344799e+00 7.91375339e-02 5.02951801e-01 9.98915851e-01
  5.36015701e+00 5.65544963e-01 7.83202171e-01 1.39984250e+00
  1.78193510e+00 1.99733190e-02 1.26449704e+00 1.18117082e+00
  2.82688165e+00 2.20059562e+00 3.97645086e-01 1.35405529e+00
  1.41722155e+01 2.97071910e+00 5.04897261e+00 3.76729727e+00
  0.00000000e+00 6.93249941e-01 1.21707320e+00 0.00000000e+00
  4.54416007e-01 0.00000000e+00 1.62701160e-01 5.44778347e-01
  8.89789641e-01 0.00000000e+00 2.46470833e+00 1.25877345e+00
  5.19375944e+00 4.30470943e-01 4.55469465e+00 1.44848394e+00
  0.00000000e+00 0.00000000e+00 4.27718401e-01 3.70815754e+00
  1.36893940e+00 2.63378835e+00 2.93043280e+00 1.15829408e+00
  4.59389210e-01 4.49789381e+00 9.92957592e-01 2.24544294e-02
  7.68320024e-01 3.58463955e+00 2.43561053e+00 6.63668156e-01
  2.22875714e+00 2.89568210e+00 3.62792993e+00 5.35107803e+00
  5.66933274e-01 1.76874232e+00 4.50130033e+00 4.41911888e+00
  1.78017509e+00 2.33675146e+00 5.03745365e+00 1.35653937e+00
  5.56221104e+00 6.19014144e-01 0.00000000e+00 0.00000000e+00
  2.36600375e+00 3.25333166e+00 2.07377625e+00 7.69028485e-01
  1.96237886e+00 3.57742381e+00 1.32779494e-01 8.55109632e-01
  7.77625665e-02 4.73331642e+00 3.05889606e-01 1.33263540e+00
  1.11751235e+00 5.14721107e+00 4.98122901e-01 3.35150182e-01
  3.44292641e+00 1.88935488e-01 3.20010400e+00 4.80598688e+00
  1.08576679e+00 6.94389820e-01 7.46389294e+00 3.03106618e+00
  1.16451323e+00 1.78625929e+00 3.64139819e+00 2.61918139e+00
  1.19977427e+00 2.98408127e+00 7.45712757e-01 1.54830980e+00
  1.08450162e+00 1.80178845e+00 2.35273596e-02 4.76502132e+00
  0.00000000e+00 3.51240611e+00 1.76497567e+00 3.62674046e+00
  2.03782654e+00 0.00000000e+00 1.71504247e+00 3.55473846e-01
  1.25831544e+00 5.65158415e+00 3.37770367e+00 2.62852955e+00
  9.77065861e-01 7.22581530e+00 0.00000000e+00 3.87482929e+00
  3.02996206e+00 1.41062641e+00 2.98335743e+00 2.99031675e-01
  4.81048822e+00 9.04057121e+00 5.60362482e+00 4.96899652e+00
  2.29448009e+00 1.41977400e-01 0.00000000e+00 1.63098562e+00
  1.43808448e+00 2.72501230e+00 3.07792258e+00 2.28461474e-01
  0.00000000e+00 0.00000000e+00 3.95538759e+00 1.92353380e+00
  5.97084641e-01 0.00000000e+00 1.39646804e+00 1.52842057e+00
  2.93444252e+00 1.12857796e-01 4.17426527e-01 1.10255730e+00
  2.93174529e+00 8.88893127e-01 1.48690641e+00 2.86783051e+00
  6.08362055e+00 3.58333707e-01 1.37487292e+00 9.13683355e-01
  3.98365784e+00 8.23693180e+00 1.68160450e+00 1.41396513e+01
  2.40898561e+00 1.29375541e+00 5.74834466e-01 1.40733621e-03
  0.00000000e+00 7.82363638e-02 5.12458742e-01 3.19085002e-01
  2.79555702e+00 2.83711457e+00 4.94480520e-01 7.03161418e-01
  1.04545832e+00 1.36552215e-01 1.31301379e+00 1.26212561e+00
  2.18915629e+00 3.37264419e+00 7.63421297e-01 0.00000000e+00
  7.13888645e-01 5.03215909e-01 3.83709645e+00 9.08347702e+00
  0.00000000e+00 2.06633544e+00 1.70523155e+00 0.00000000e+00
  0.00000000e+00 1.27644968e+00 9.33841646e-01 1.57140946e+00
  3.29635628e-02 3.00930548e+00 2.65787989e-01 0.00000000e+00
  1.06008410e+00 4.46882582e+00 0.00000000e+00 2.57179713e+00
  3.74007082e+00 4.60577428e-01 2.96770334e+00 1.18735480e+00
  1.42977417e-01 1.51618803e+00 1.09516811e+00 4.29544784e-02
  2.55066425e-01 3.24371839e+00 2.06296110e+00 1.55561936e+00
  2.08256340e+00 3.41338205e+00 1.48983014e+00 1.31801546e+00
  2.15003863e-01 1.80039060e+00 2.98432279e+00 4.66354758e-01
  1.42110801e+00 2.46272072e-01 5.42949021e-01 3.42601347e+00
  2.19564795e+00 5.50107050e+00 7.37511587e+00 2.15644941e-01
  1.08255088e+00 8.19898963e-01 6.53451324e-01 3.58136153e+00
  0.00000000e+00 3.42225045e-01 1.06452495e-01 2.55492878e+00]]