[[6.2331058e-02 1.1670656e+00 2.4716246e-01 0.0000000e+00 6.4200002e-01
  1.4759634e+00 3.0616038e+00 5.6249774e-01 1.5415289e+00 1.7091211e+00
  2.6616299e+00 7.7465802e-01 4.1569104e+00 1.8029428e+00 1.3934467e+00
  1.6987774e+00 0.0000000e+00 1.5280747e-01 2.3505740e-01 5.0249529e+00
  4.3121782e-01 1.8521025e+01 2.0460904e+00 7.3905921e-01 2.4528368e+00
  6.8201685e+00 0.0000000e+00 8.7104872e-02 2.3204019e+00 0.0000000e+00
  4.8377103e-01 0.0000000e+00 3.5205014e+00 6.1286335e+00 6.4481890e-01
  2.9034417e+00 9.4305582e+00 0.0000000e+00 7.7345910e+00 1.0938421e+00
  0.0000000e+00 3.4785935e-01 9.5936529e-02 5.0018377e+00 0.0000000e+00
  2.5481637e+00 2.2307923e+00 2.1439028e+00 2.8807600e+00 0.0000000e+00
  5.7760029e+00 0.0000000e+00 1.8116001e+00 0.0000000e+00 1.9138180e+00
  7.6139814e-01 3.2645392e+00 1.2425590e+00 8.8402295e-01 1.6847600e-01
  1.7742138e+00 2.6144178e+00 2.6414533e+00 1.1425062e+01 5.4874384e-01
  0.0000000e+00 1.1402048e+00 4.7079861e-01 4.6507162e-01 1.0684277e-01
  3.7471647e+00 2.4271405e+00 4.2629495e-02 1.0903256e+01 7.7758665e+00
  8.1736088e+00 4.5729271e-01 2.0226181e+00 6.1886239e-01 3.7871656e+00
  4.9639902e+00 3.2791872e+00 3.1788130e+00 5.1974827e-01 2.6279392e+00
  6.2427249e+00 1.0770574e+00 3.4274542e-01 5.8331851e-02 1.7145253e+00
  6.3364854e+00 4.1051254e+00 1.9285741e+00 1.4060137e+01 1.0588054e+01
  1.4913342e+00 5.9687667e+00 2.9262464e+00 1.0842042e+00 9.8237485e-01
  2.8828782e-01 1.8320607e-01 1.0156636e+01 6.9968858e+00 0.0000000e+00
  2.5501025e+00 3.0192518e+00 2.0134513e+00 1.9146653e+00 3.2011318e+00
  2.6690668e-01 0.0000000e+00 2.2106592e-02 0.0000000e+00 4.3599070e-03
  1.4101988e+00 7.1193492e-01 4.8726397e+00 1.3892763e+00 2.6808672e+00
  1.1537032e+00 1.3060570e+00 0.0000000e+00 2.0423360e+00 8.5373507e+00
  5.9443581e-01 3.9782686e+00 0.0000000e+00 4.1403999e+00 1.1909090e+01
  9.2488432e-01 4.2034960e-01 1.1115670e+01 1.0980067e-02 2.5205907e-01
  1.3676673e+00 2.5961205e-01 2.9634801e-01 1.6405690e+00 5.8746080e+00
  1.2113719e+00 3.8309979e-01 0.0000000e+00 1.2047955e+00 1.3889289e+00
  6.2445412e+00 7.6283860e+00 8.1657618e-01 2.6172943e+00 5.0819337e-01
  0.0000000e+00 1.3723372e+00 1.3894252e+00 4.0988109e-01 3.2951579e+00
  2.7325640e-03 1.4543030e+00 3.6175108e+00 1.2661666e-01 5.4618626e+00
  2.4633090e-01 5.9750686e+00 4.3670917e+00 0.0000000e+00 4.2290545e+00
  4.3477020e+00 0.0000000e+00 3.2321882e+00 4.0784072e-02 0.0000000e+00
  3.8055339e+00 2.1994708e+00 8.9010668e+00 1.9793276e+00 1.2853359e+00
  1.8601146e+00 4.7072129e+00 2.0426252e-01 1.0547543e+01 2.0207632e+00
  6.4313465e-01 1.4012630e+00 2.9848914e+00 9.2604423e-01 2.5231793e+00
  2.9668353e+00 2.9129100e+00 3.1704121e+00 7.9005551e+00 3.6735671e+00
  7.3168721e+00 0.0000000e+00 0.0000000e+00 1.0561441e+01 1.3745659e+01
  2.1818333e+00 1.3383909e+00 0.0000000e+00 6.1938968e+00 0.0000000e+00
  8.4257889e+00 1.8224306e+00 5.7514715e-01 2.5099280e+00 3.0362031e+00
  1.6905007e+00 2.1487765e+00 0.0000000e+00 2.7325466e-02 3.5026093e+01
  4.6406022e-01 1.0603075e+00 0.0000000e+00 5.9770346e+00 0.0000000e+00
  4.3897166e+00 0.0000000e+00 3.9581857e+00 7.9540032e-01 2.3659215e+00
  1.6471426e+00 5.6829867e+00 4.4688419e-02 4.5247160e-02 2.1211758e+00
  0.0000000e+00 4.1361637e+00 2.0400159e+00 3.2496002e+00 3.0775545e+00
  5.6188101e-01 1.4842535e+00 1.6876500e+00 5.0095195e-01 3.0098300e+00
  1.3021827e-01 0.0000000e+00 1.7571311e+00 1.2918311e+00 3.3862394e-01
  0.0000000e+00 0.0000000e+00 3.3109977e+00 9.5348781e-01 1.1350627e-02
  1.3400590e+01 7.8634100e+00 5.2274759e-03 2.3852348e+00 3.9400067e+00
  5.6505165e+00 2.4860852e+00 9.0374100e-01 9.0566814e-01 9.4600639e+00
  0.0000000e+00 1.2007008e+00 4.9684094e-03 4.8707972e+00 4.1321926e+00
  0.0000000e+00 4.4293594e+00 0.0000000e+00 2.5621057e+00 8.6221838e+00
  2.7288215e+00 1.6481616e-01 2.0247243e-01 5.4740086e+00 2.0498601e-01
  3.9516823e+00 2.1171486e+00 1.0994353e+00 1.6903762e+00 5.6075521e+00
  2.3576191e-02 2.7197721e+00 7.1552143e-02 4.6404177e-01 7.3977083e-02
  5.9195514e+00 1.7423575e+00 2.7613726e+00 8.0082884e+00 7.6524644e+00
  3.0873984e-01 3.1896157e+00 1.6778651e+00 4.3300052e+00 6.0500135e+00
  7.7706581e-01 1.5541724e+00 5.4493494e+00 6.1758580e+00 2.8652894e+00
  3.5985970e+00 0.0000000e+00 1.7212339e-01 0.0000000e+00 5.4991134e-03
  2.5186503e-01 9.2780085e+00 4.5137000e+00 2.0527539e+00 9.1879189e-02
  5.8635106e+00 9.9953359e-01 2.2763472e+00 7.4620199e-01 4.1036859e-01
  8.8305712e+00 1.9588047e+00 6.4091954e+00 8.0719274e-01 5.4225521e+00
  0.0000000e+00 1.2751226e+00 4.6987329e+00 1.2691984e+00 8.1517637e-01
  3.3332834e-01 4.2592392e+00 2.5485470e+00 2.7298572e+00 3.3030608e+00
  1.0548716e+00 6.2083297e+00 5.7207239e-01 7.5776845e-01 0.0000000e+00
  8.5764712e-01 4.4604893e+00 3.9638176e+00 8.8244170e-01 3.0556774e+00
  1.8798105e+00 9.5393568e-01 4.5376915e-01 6.8172240e+00 1.8581671e-01
  0.0000000e+00 3.4178329e-01 9.6173584e-01 9.5128000e-01 1.2416965e-01
  4.7216740e+00 2.5159943e+00 3.3358023e-01 8.5547519e-01 4.7907892e-01
  0.0000000e+00 0.0000000e+00 4.3571219e+00 7.0845890e+00 2.2582812e+00
  8.1623232e-01 0.0000000e+00 4.1994762e+00 1.7503402e+00 8.6230791e-01
  1.5351261e+01 0.0000000e+00 0.0000000e+00 2.1896361e-01 5.5255346e+00
  0.0000000e+00 2.2637766e+01 3.4338689e-01 5.5132920e-01 1.3910557e-02
  5.2259719e-01 2.0659020e+00 7.6938987e+00 3.9665117e+00 5.8928785e+00
  2.0550578e+00 6.6518250e+00 8.7018080e+00 0.0000000e+00 5.7434659e+00
  1.0649559e+00 8.6268508e-01 4.2815685e+00 3.4088736e+00 1.5322754e+00
  3.7704051e+00 1.1588004e+00 2.5924227e-01 6.7040408e-01 7.2003198e+00
  8.6518869e+00 5.5954289e+00 1.9455080e+00 1.5810133e+00 8.7360501e-01
  6.8528996e+00 1.9171296e+00 2.5966182e+00 1.5698740e+00 4.7621185e-01
  5.6886256e-01 2.6458763e+01 0.0000000e+00 3.6027985e+00 2.6490111e+00
  1.0626791e+01 6.9151292e+00 4.4160371e+00 0.0000000e+00 0.0000000e+00
  1.0668136e+01 4.2830124e+00 3.6749077e-01 0.0000000e+00 1.5597846e-01
  6.4407569e-01 0.0000000e+00 1.7694798e+00 0.0000000e+00 0.0000000e+00
  9.2081141e-01 2.1758139e-01 5.6987696e+00 3.8045418e+00 1.7059753e+00
  0.0000000e+00 2.1966510e+00 2.0383329e+00 0.0000000e+00 2.0988686e+00
  6.8565798e+00 2.6395774e-01 1.7389629e+01 5.9857101e+00 7.3323376e-02
  1.6787406e+00 5.0916248e-03 3.5565250e+00 1.6371379e+00 5.5457826e+00
  1.2280844e+00 3.6398202e-01 2.7601075e-01 2.3181956e+00 2.6819727e-01
  7.6599151e-02 2.4753159e-01 1.3473363e+00 0.0000000e+00 6.9136813e-02
  0.0000000e+00 5.0071683e+00 1.6022809e+00 1.7303802e-01 5.4430175e+00
  5.6326866e-02 6.3925302e-01 7.8546721e-01 4.0820479e+00 1.2095414e+00
  2.1349733e+00 2.7192402e+00 1.6150938e-01 8.7083393e-01 4.3276696e+00
  1.2762722e+00 3.5778546e+00 1.0146340e+00 2.2377689e+00 8.0661362e-01
  9.9504679e-01 5.4349976e+00 1.6698515e+00 2.1558859e+00 3.1512764e+00
  4.8629594e+00 7.8701377e-02 5.3607092e+00 2.5902262e-01 0.0000000e+00
  0.0000000e+00 6.4100675e-02 1.8789588e+00 2.9016023e+00 6.8796492e-01
  0.0000000e+00 0.0000000e+00 0.0000000e+00 6.1005479e-01 1.4230503e-01
  7.7972060e-01 1.3181988e+00 3.6058709e-02 7.4502997e+00 5.6901894e+00
  2.5666711e+00 1.4494134e-01 4.9856582e+00 3.2850838e+00 4.0202298e+00
  3.5903239e+00 2.4610777e+00 6.8073549e+00 4.2522218e-02 2.3198519e+00
  4.6425405e+00 1.8885542e+00 1.3872228e+00 3.4564686e+00 2.2942588e+00
  3.8141825e+00 8.2598664e-02]]