[[1.23716879e+00 5.68598890e+00 2.34782958e+00 6.04500532e-01
  3.57505918e-01 4.91499805e+00 1.21460402e+00 1.63476622e+00
  2.86767817e+00 5.00812352e-01 1.57580328e+00 1.21273613e+00
  1.46559393e+00 7.57491291e-01 0.00000000e+00 5.38004589e+00
  1.31431031e+00 6.04067993e+00 4.27973366e+00 6.93806076e+00
  5.84267139e+00 5.90800428e+00 3.73410606e+00 5.74514914e+00
  2.64769644e-01 4.35772467e+00 2.24545574e+00 2.66532612e+00
  1.09637737e+00 4.18608457e-01 0.00000000e+00 1.70326859e-01
  1.02673683e+01 6.64290714e+00 6.20074630e-01 1.32772565e+00
  1.39201336e+01 2.43318602e-01 8.68653393e+00 2.59457827e-01
  2.43589544e+00 4.41212940e+00 1.01250827e+00 1.31146603e+01
  3.29965293e-01 3.01111531e+00 5.19801331e+00 0.00000000e+00
  4.12479118e-02 9.13212061e-01 2.19975591e+00 3.61606169e+00
  7.96371162e-01 3.46993983e-01 5.16470194e+00 2.04331923e+00
  2.44482851e+00 1.82217920e+00 3.90944511e-01 1.91767323e+00
  5.46041489e+00 2.91131592e+00 7.93773031e+00 5.52581406e+00
  1.78052276e-01 1.19315314e+00 3.65637898e+00 2.58991897e-01
  7.97053814e-01 1.48881936e+00 4.32117134e-02 9.14955235e+00
  1.57953158e-01 6.19553995e+00 1.59287941e+00 4.25145245e+00
  6.84020042e+00 0.00000000e+00 1.38474503e+01 4.06438875e+00
  2.85317719e-01 5.52878380e-01 1.69967747e+00 1.91884613e+00
  1.46603632e+01 1.70625341e+00 5.96906662e-01 3.77449512e+00
  3.73586416e+00 1.53163418e-01 1.48120155e+01 8.65544319e+00
  7.69577563e-01 7.29971695e+00 3.05371284e+00 8.12152445e-01
  1.40495753e+00 5.64475727e+00 8.90677929e-01 1.00484982e+01
  1.54802084e+00 3.05371463e-01 1.72337234e+00 5.49280643e+00
  0.00000000e+00 7.59861803e+00 7.51382470e-01 6.97343767e-01
  5.52518177e+00 1.00924039e+00 8.36580575e-01 5.00446737e-01
  7.94122443e-02 1.67370300e+01 3.09005618e+00 3.72956872e+00
  1.85237360e+00 5.40845573e-01 1.30547309e+00 2.62285376e+00
  0.00000000e+00 2.95947105e-01 0.00000000e+00 4.11015272e+00
  1.47833223e+01 3.68876648e+00 0.00000000e+00 3.26249778e-01
  3.55994701e+00 7.06120634e+00 9.37892914e-01 1.92203426e+01
  9.68968582e+00 3.71852636e-01 0.00000000e+00 9.53377068e-01
  3.26926184e+00 1.12893678e-01 2.12816858e+00 2.93082666e+00
  6.43034649e+00 3.26094031e+00 6.79953277e-01 3.42952132e+00
  2.61122942e+00 3.09850287e+00 2.26012439e-01 0.00000000e+00
  0.00000000e+00 1.58362597e-01 0.00000000e+00 2.44814366e-01
  3.51093936e+00 3.73453641e+00 1.10509264e+00 1.05926228e+00
  2.53116655e+00 5.92148781e+00 1.64122868e+00 1.78741801e+00
  3.75426531e+00 1.07315607e+01 5.77817202e+00 0.00000000e+00
  6.51619911e+00 1.26483269e+01 8.57799530e-01 1.20697117e+00
  3.34232628e-01 1.04038393e+00 1.28786917e+01 7.94036102e+00
  1.84326828e+00 1.94999963e-01 0.00000000e+00 5.24113703e+00
  3.97706509e+00 6.07898869e-02 2.69779801e+00 8.98192024e+00
  0.00000000e+00 3.00374240e-01 1.15567064e+01 3.70413244e-01
  4.38930416e+00 1.26635116e-02 5.68568707e-01 2.79947114e+00
  9.31673050e+00 6.28314829e+00 5.00350189e+00 3.30006123e-01
  1.69413552e-01 2.49589419e+00 2.56562042e+00 6.29481554e+00
  3.01898193e+00 5.90839386e+00 1.44264889e+00 0.00000000e+00
  6.59652328e+00 4.08321190e+00 0.00000000e+00 1.69462681e+00
  0.00000000e+00 1.10750365e+00 4.50978422e+00 1.37379301e+00
  3.83892298e-01 5.43015480e+00 6.20923615e+00 1.27214937e+01
  1.97222483e+00 6.54803813e-01 5.82542224e-03 2.51755881e+00
  7.95285106e-01 4.55003321e-01 2.87946820e-01 1.65525353e+00
  1.52563408e-01 4.91568613e+00 1.88161206e+00 5.91184258e-01
  1.94145262e+00 2.48330250e-01 9.78552151e+00 7.74434090e-01
  5.20942867e-01 4.07756329e+00 2.27501559e+00 6.10897779e+00
  1.26385331e+00 0.00000000e+00 6.77078962e-01 0.00000000e+00
  6.03181005e-01 4.91495895e+00 1.59477949e+00 8.70767307e+00
  1.50833476e+00 1.03352571e+00 2.45628834e+00 5.50472879e+00
  3.73019314e+00 8.31661892e+00 7.41343355e+00 3.08474302e-01
  2.73204255e+00 1.29182863e+01 8.01812363e+00 2.00315833e+00
  1.38923490e+00 7.31232071e+00 7.47752285e+00 0.00000000e+00
  7.21162176e+00 1.18040495e+01 3.35364795e+00 9.05813575e-01
  2.60288119e+00 1.28219306e+00 0.00000000e+00 1.10526705e+01
  1.10644948e+00 9.47296768e-02 7.00402856e-01 1.05785787e+00
  5.28169823e+00 7.95219600e-01 2.27426863e+00 2.46090442e-02
  6.05134308e-01 3.79108548e+00 1.66211736e+00 2.14957595e+00
  7.59372711e+00 3.61091256e-01 5.14036655e-01 4.24356431e-01
  8.52097321e+00 1.79863676e-01 2.94627285e+00 3.26789021e+00
  1.13616171e+01 7.54744485e-02 3.50820899e+00 2.44705105e+00
  5.20374298e+00 1.53998077e-01 0.00000000e+00 7.74040318e+00
  5.73297262e-01 4.21986675e+00 2.94227624e+00 1.69572341e+00
  3.04439247e-01 1.09755516e+00 2.83174753e-01 2.20758811e-01
  2.98602867e+00 2.77226377e+00 3.35511938e-02 2.21726358e-01
  2.75168014e+00 8.26947498e+00 0.00000000e+00 4.98175681e-01
  1.40770078e+00 0.00000000e+00 5.88868332e+00 1.23607749e-02
  5.05533218e+00 1.07181597e+00 5.51114738e-01 3.08117771e+00
  2.80252552e+00 6.50601006e+00 3.37835503e+00 1.94475919e-01
  9.40193176e+00 7.56912661e+00 2.50189686e+00 1.87422776e+00
  1.71950030e+00 2.80852556e+00 2.12259030e+00 4.03783381e-01
  6.29009628e+00 3.41067481e+00 1.88571763e+00 3.25015259e+00
  2.39105654e+00 6.62847900e+00 3.84993315e+00 1.30068827e+00
  3.49099541e+00 9.40179646e-01 5.39594851e-02 3.62344790e+00
  1.84308302e+00 3.86602139e+00 8.89295006e+00 3.81249881e+00
  1.49419653e+00 4.04221565e-01 4.73048496e+00 2.14315802e-01
  0.00000000e+00 3.24019730e-01 0.00000000e+00 2.91792774e+00
  1.08967292e+00 1.89274937e-01 7.49300814e+00 4.90737379e-01
  1.02855325e+00 4.61191368e+00 1.01989250e+01 1.60390759e+00
  8.43282318e+00 4.62506443e-01 1.90844955e+01 7.95080602e-01
  4.54020023e+00 7.29812860e-01 2.47595048e+00 8.53176785e+00
  8.20739448e-01 4.21235710e-02 2.22775960e+00 1.31719625e+00
  3.36900306e+00 2.12552261e+00 4.11231041e+00 1.11588967e+00
  9.78554535e+00 3.30776739e+00 1.25890166e-01 1.04707060e+01
  1.46534407e+00 1.64156806e+00 4.80656767e+00 2.61341572e+00
  5.21702051e+00 1.30526924e+00 1.02288699e+00 2.14513326e+00
  3.37706113e+00 3.20749331e+00 4.54676962e+00 1.32921028e+00
  9.27196598e+00 6.96052647e+00 2.86548877e+00 3.67941999e+00
  6.80888319e+00 5.39843976e-01 2.04319097e-02 5.07543862e-01
  1.08742893e+00 4.73116446e+00 2.59023166e+00 5.20918894e+00
  6.52707338e+00 3.02591634e+00 4.59446162e-01 9.76940823e+00
  0.00000000e+00 7.12056220e-01 4.64695740e+00 1.74802649e+00
  8.56897384e-02 6.71644688e-01 3.08625984e+00 8.45508099e+00
  1.13318086e+00 5.24808764e-01 3.32198739e-02 2.37620878e+00
  5.44295073e+00 2.19214177e+00 7.84271479e+00 2.12153959e+00
  2.07274675e+00 5.33714771e-01 1.59091246e-03 1.19671309e+00
  2.13196850e+00 1.25998843e+00 3.20379138e+00 2.39105296e+00
  7.10438919e+00 2.78217030e+00 1.09986639e+00 2.11665154e+00
  9.12675679e-01 5.10203505e+00 1.89088464e-01 4.23900986e+00
  5.71687557e-02 4.80727047e-01 0.00000000e+00 1.63101614e+00
  7.85880566e+00 1.80627179e+00 2.00952578e+00 3.91424727e+00
  2.20423436e+00 1.30335307e+00 4.91695888e-02 8.46355534e+00
  4.51911926e+00 1.62187648e+00 4.86180401e+00 1.07105005e+00
  2.79530430e+00 8.22521269e-01 9.63563263e-01 9.09469891e+00
  3.25530696e+00 3.29012823e+00 1.26875198e+00 0.00000000e+00
  4.18719590e-01 3.96236134e+00 2.38603279e-02 1.11251175e+00
  7.63822794e+00 9.04810250e-01 3.10013127e+00 1.90811783e-01
  3.36421943e+00 4.58261728e+00 2.58674788e+00 4.15700006e+00
  1.13563299e+00 1.39263004e-01 4.44534808e-01 1.72268379e+00
  1.05241954e-01 2.62794518e+00 3.15645051e+00 1.58641851e+00
  0.00000000e+00 3.99538946e+00 2.16806221e+00 1.65533260e-01
  3.10293984e+00 5.40258598e+00 4.78853035e+00 2.80879468e-01
  5.39202154e-01 3.91648054e-01 5.84118843e+00 2.44548607e+00
  1.09003410e+01 8.29005051e+00 3.56937671e+00 8.91057134e-01
  5.17489147e+00 2.05254126e+00 1.61605343e-01 1.28300822e+00
  6.62498951e+00 1.79272521e+00 2.31860924e+00 3.53657395e-01
  3.43699813e+00 7.72001967e-02 3.29023910e+00 8.00839007e-01]]