[[4.7541571e+00 1.4646387e+00 3.0016878e+00 1.7660254e+00 2.6369553e-02
  1.3702108e+00 3.3134229e+00 6.6841469e+00 0.0000000e+00 5.1033401e+00
  4.7355008e+00 4.1765037e+00 1.8873167e+00 2.9138443e-01 4.2193995e+00
  8.3358841e+00 1.5300654e+00 3.8317993e-02 1.7568702e-01 4.0125146e+00
  1.7558732e+00 8.7455063e+00 3.6300874e-01 0.0000000e+00 1.4345198e+00
  7.2043686e+00 7.0407314e+00 5.7082456e-01 4.4710283e+00 1.8553253e-01
  3.0791357e-01 1.2038974e+01 3.3535987e-01 1.7168069e+00 7.5806402e-02
  1.4568059e+00 2.2704767e-01 4.8596419e-02 1.0212505e+00 6.2578254e+00
  9.5859451e+00 5.5848794e+00 4.8171868e+00 7.7923985e+00 4.6457833e-01
  0.0000000e+00 6.8095746e+00 6.0713506e+00 1.8381064e+00 0.0000000e+00
  3.0101950e+00 0.0000000e+00 2.0150250e-01 3.7144637e-01 2.9204094e+00
  1.1347265e+00 9.4763165e+00 1.1946101e+00 8.4296055e-03 2.4716320e+00
  8.7769724e-02 1.0404556e+00 2.0004566e+00 1.1700033e+01 1.7250632e-01
  4.3515129e+00 2.5984162e-01 4.0890552e-02 3.5533304e+00 5.3712592e+00
  6.3814563e-01 9.4864577e-01 5.7622943e+00 2.5767047e+00 4.3004189e+00
  1.5225554e+00 7.2218399e+00 1.0310493e+01 3.9103636e-01 0.0000000e+00
  2.2356251e-01 2.1322997e+00 9.5000923e-01 1.1452154e+00 4.4422688e+00
  5.2199783e+00 1.9670130e+00 3.8519602e+00 5.6127548e+00 4.4715792e-01
  2.6198199e+00 5.7895410e-01 0.0000000e+00 2.0696754e+00 3.5759863e-01
  7.9973545e-03 1.8622961e+00 2.0070801e+00 1.4011465e+00 2.7081158e+00
  7.1299233e-02 9.9792547e+00 1.0960944e+00 4.0186834e+00 1.3547560e+00
  0.0000000e+00 5.9173570e+00 1.8875059e-01 4.6889338e+00 2.7553546e+00
  1.8832930e+00 4.0042768e+00 3.9821177e+00 0.0000000e+00 8.1245461e+00
  5.2715927e-01 1.1699801e+01 5.7512313e-01 2.0828395e+00 6.5669632e-01
  0.0000000e+00 2.5807878e-01 6.8762578e-02 7.3840661e+00 5.5803771e+00
  5.4555297e+00 1.4753756e-01 4.8635695e-02 1.3476264e-01 1.1191821e+00
  5.6836729e+00 2.4780428e-01 4.3896150e-02 2.6105067e-01 4.2876105e+00
  2.8904662e+00 8.9713025e-01 7.6454586e-01 4.1771145e+00 2.9466257e+00
  0.0000000e+00 4.0106872e-01 4.5949876e-01 8.0760183e+00 5.2257195e+00
  2.3619692e-01 1.1047331e+00 3.2526696e+00 0.0000000e+00 1.6957989e-01
  1.3948327e+01 7.9978961e-01 2.3802924e+00 4.2365757e-01 3.5351586e+00
  1.7272513e+00 3.9104885e-01 7.8851280e+00 2.9521036e+00 1.1934401e+00
  0.0000000e+00 8.5791692e-02 3.2210665e+00 4.6514782e-01 6.4067345e+00
  7.5850296e-01 8.9395773e-01 1.2323022e+00 3.8593700e+00 2.3239770e+00
  8.0498129e-01 8.2799988e+00 2.5170841e+00 3.1286614e+00 9.6322727e-01
  1.7566983e+00 3.0366877e-01 4.8411775e+00 3.7180468e-01 9.1350040e+00
  2.9052196e+00 7.3700994e-01 2.4404054e+00 1.6816008e+00 8.8498586e-01
  2.1644425e+00 2.8954587e+00 2.5407307e+00 3.2277801e+00 1.2867136e+01
  0.0000000e+00 1.5366319e+00 2.5482434e-01 8.9833498e+00 0.0000000e+00
  9.2134380e-01 1.4750254e+00 0.0000000e+00 3.3706510e+00 1.5578395e+00
  6.4663043e+00 1.1368074e+00 0.0000000e+00 2.2864544e-01 1.6161142e+01
  6.4286251e+00 1.8951285e+00 2.6736438e+00 1.6539276e-01 4.8200116e+00
  4.7250838e+00 4.2550392e+00 2.6759784e+00 9.3504149e-01 2.6280975e+00
  2.9621518e+00 2.6446083e+00 8.3991976e+00 1.0332439e+00 4.6100453e-01
  9.8785782e+00 2.8053362e+00 1.5965534e+00 2.0787594e+00 6.8356276e+00
  5.6380730e+00 2.6626024e-01 8.4600410e+00 4.7673151e-01 6.8864212e+00
  7.8021270e-01 4.9331832e+00 2.0071596e-01 5.4190688e-02 1.6586676e+00
  5.9315534e+00 3.3149731e+00 2.2401979e+00 4.9729543e+00 1.1593690e+00
  0.0000000e+00 2.1725515e-01 4.1864503e-02 4.9462647e+00 1.8312964e+00
  6.7396588e+00 2.2004142e+00 1.5416333e-01 4.1784010e+00 3.2730114e+00
  2.0025978e+00 0.0000000e+00 9.5791454e+00 4.5752296e+00 3.5877745e+00
  6.1268103e-01 1.2667308e+00 0.0000000e+00 7.8768516e-01 1.1174724e+00
  1.0414028e-01 1.5265915e-02 3.3371711e-01 2.8730345e-01 4.1877561e+00
  1.6996719e-01 5.3974658e-01 1.5426399e+00 3.7103200e+00 1.0917393e-01
  4.4541135e+00 4.4869477e-01 1.0153083e+00 1.7455693e+00 6.0483289e-01
  3.5193229e-01 7.9272060e+00 8.5746533e-01 7.5312370e-01 2.2125165e+00
  9.0350542e+00 1.3405120e+00 2.3344674e+00 2.6472044e+00 5.1656241e+00
  8.1989259e-01 8.3596313e-01 1.5035712e+00 1.0743507e+00 8.2329237e-01
  2.3734982e-01 1.9673815e+00 1.3242903e+00 1.1817065e+01 3.6669598e+00
  9.8731714e-01 2.0078619e+00 4.4125166e+00 8.4523773e+00 4.0133223e-01
  4.0920414e-03 7.3292665e+00 2.4662514e+00 3.6712584e+00 4.1167216e+00
  5.3600125e+00 1.8467337e+00 3.6562982e-01 1.6810215e-01 2.8255687e+00
  7.6381788e-02 4.2963153e-01 4.4858465e+00 8.3943397e-01 3.1466818e-01
  5.4014042e-02 2.6176562e+00 3.4636524e+00 1.3111584e+00 2.2517549e-01
  4.6874329e-02 6.7354755e+00 6.7456136e+00 1.6581849e+00 1.9800884e+00
  8.8338476e-01 5.3682375e+00 1.3435695e-01 3.7164450e+00 1.1714649e+00
  2.8176439e-01 4.4350910e+00 2.9609649e+00 9.0090358e-01 1.9538072e+00
  4.5400681e+00 1.6103491e+00 2.8909609e+00 2.9474863e-01 4.4862981e+00
  9.2567068e-01 2.4180348e-01 1.9897658e+00 6.3417892e+00 2.7319877e+00
  1.5708561e+00 4.5646811e+00 1.6054209e-01 7.1755193e-02 0.0000000e+00
  2.6439288e+00 7.8207541e-01 1.5663177e+00 0.0000000e+00 4.8882866e+00
  2.7096057e+00 1.5734313e+00 3.2305501e+00 8.1561983e-01 4.8683127e-03
  7.5420611e-02 2.7279713e+00 3.1921048e+00 2.1859841e-01 2.2657533e+00
  3.1930807e+00 5.8801894e+00 0.0000000e+00 1.5743947e+00 3.2629746e-01
  1.5767032e-02 1.8838899e+00 7.9227567e-02 1.3690805e+00 5.7707987e+00
  4.1650143e+00 7.3625416e-01 5.2442139e-01 1.3314534e+00 1.0266018e+00
  3.1654716e-01 2.3418169e+00 0.0000000e+00 8.2408530e-01 7.0719185e+00
  0.0000000e+00 5.2568374e+00 1.0288926e+00 2.8815219e+00 5.5936341e+00
  2.0260909e+00 1.8784257e+00 8.6540155e+00 2.7123027e+00 7.1474199e+00
  9.3774092e-01 4.7763219e+00 1.0540359e+00 1.7513072e+00 0.0000000e+00
  5.0031036e-01 7.7825685e+00 8.1077070e+00 4.1023135e+00 2.4903562e+00
  4.3054543e-02 1.8317643e-01 0.0000000e+00 4.7710209e+00 2.3040662e+00
  3.7709179e+00 2.1608660e+00 2.2896798e-01 0.0000000e+00 7.7589169e-02
  2.7227416e+00 2.1710763e+00 1.5577235e+00 3.9034054e+00 7.1110516e+00
  4.1643100e+00 5.7735932e-01 3.1655774e+00 9.7644520e+00 6.2882143e-01
  3.1725079e-01 2.9901743e-01 4.8780746e+00 5.7891893e+00 2.9920611e+00
  8.7733583e+00 1.7294252e-01 4.3455896e+00 2.4320807e+00 9.3757582e+00
  5.6656651e+00 1.7608466e+00 1.7840724e-01 7.9429531e-01 8.9228129e-01
  6.4635515e-01 7.0640936e+00 2.8834796e-01 8.9085598e+00 3.6653948e+00
  1.7326486e+00 4.7752905e+00 1.9558858e+00 0.0000000e+00 1.1210823e+00
  4.5859456e+00 5.2007918e+00 2.9238091e+00 4.2889185e+00 0.0000000e+00
  8.2852036e-02 5.2757835e+00 8.1525583e+00 4.2809067e+00 7.1149807e+00
  1.2918217e+00 2.6531494e+00 4.1595144e+00 2.5391042e+00 8.5847455e-01
  2.8208683e+00 4.8929892e+00 5.8771892e+00 9.7926784e-01 0.0000000e+00
  5.9273009e+00 0.0000000e+00 4.4643784e+00 8.7976961e+00 4.8745978e-01
  3.0983143e+00 1.7829909e+00 6.3842511e-01 5.3813684e-01 3.4935703e+00
  2.0407951e+00 6.7153871e-01 3.0596457e-02 8.5817361e-01 4.7481367e-01
  1.6463579e-01 2.1566336e+00 1.5392064e+00 5.7254863e+00 0.0000000e+00
  4.8697677e+00 4.5086884e+00 3.9805478e-01 3.9804372e-01 2.3429599e+00
  2.3731415e-01 2.8948538e+00 2.7152269e+00 4.2403283e+00 6.8840277e-01
  7.1234665e+00 1.2619294e-02 6.5482609e-02 1.5264857e+00 1.2680840e+01
  2.0877610e-01 3.7085600e-02 3.0173390e+00 1.5526493e+00 3.9254014e+00
  3.1289630e+00 1.6753948e+00]]