[[5.47925854e+00 2.96359229e+00 4.59084415e+00 1.68062791e-01
  6.29932657e-02 7.18738174e+00 4.05099344e+00 7.30126333e+00
  6.38715625e-01 2.40334201e+00 7.78753996e-01 3.61057353e+00
  3.38151526e+00 3.56560528e-01 8.31561327e-01 1.19252119e+01
  1.11637414e+00 1.69503021e+00 4.79724884e+00 2.90266657e+00
  0.00000000e+00 1.62786560e+01 3.78296554e-01 2.70043135e-01
  4.16244507e+00 0.00000000e+00 0.00000000e+00 0.00000000e+00
  0.00000000e+00 0.00000000e+00 9.78146434e-01 2.36929560e+00
  2.01847339e+00 2.04231548e+00 1.29471636e+00 5.87324858e-01
  1.07818931e-01 0.00000000e+00 3.81718111e+00 2.00588584e+00
  5.44178200e+00 2.37404779e-01 1.56619275e+00 6.81365204e+00
  0.00000000e+00 1.10045469e+00 1.59800246e-01 6.93034157e-02
  6.40156507e+00 0.00000000e+00 7.77728748e+00 2.01789522e+00
  2.21721005e+00 0.00000000e+00 4.45692396e+00 9.29343343e-01
  5.33802080e+00 5.40348709e-01 0.00000000e+00 0.00000000e+00
  0.00000000e+00 8.64139870e-02 1.34998024e+00 7.63201857e+00
  9.75267029e+00 6.93351170e-03 1.52333736e+00 1.91929881e-02
  7.23009825e+00 0.00000000e+00 1.31236744e+01 3.20152134e-01
  0.00000000e+00 8.03875446e+00 2.06015110e+00 0.00000000e+00
  1.40302312e+00 3.86906415e-02 1.92330003e+00 1.52195768e+01
  7.44903743e-01 1.55893958e+00 4.55441773e-01 1.48725080e+00
  1.51524200e+01 9.07838154e+00 3.60081887e+00 2.40074232e-01
  4.97506618e+00 3.92987967e+00 8.47551727e+00 0.00000000e+00
  3.89323902e+00 8.31939030e+00 1.60186782e-01 4.52560377e+00
  8.71494532e-01 1.05393667e+01 4.49712485e-01 4.86087894e+00
  3.68855691e+00 0.00000000e+00 9.92091274e+00 8.32090282e+00
  2.98890680e-01 0.00000000e+00 3.00275177e-01 3.25208366e-01
  6.52503490e-01 2.40927649e+00 1.00373280e+00 1.00201333e+00
  3.10941339e-01 0.00000000e+00 6.63428187e-01 3.33592725e+00
  6.45296812e-01 1.30598783e+01 6.40769625e+00 1.11715233e+00
  0.00000000e+00 0.00000000e+00 0.00000000e+00 1.12638640e+00
  1.47572827e+00 2.27567101e+00 1.27548397e+00 5.99840736e+00
  4.26252216e-01 4.34353304e+00 4.34937716e+00 3.04798460e+00
  3.67997003e+00 1.09880543e+00 0.00000000e+00 4.77464437e+00
  4.17992949e-01 6.00255966e+00 2.61022758e+00 1.85695612e+00
  0.00000000e+00 2.34035301e+00 1.05403233e+01 4.89932299e+00
  1.23886496e-01 0.00000000e+00 9.73886681e+00 2.42091250e+00
  3.09186602e+00 4.59598637e+00 1.42878857e+01 3.76010269e-01
  5.16390681e-01 0.00000000e+00 4.54982847e-01 5.99053097e+00
  0.00000000e+00 3.00577974e+00 3.29151392e+00 2.03622460e+00
  6.27905035e+00 9.66484833e+00 1.07606554e+00 1.69734311e+00
  9.36700726e+00 1.02061045e+00 1.96306676e-01 8.74256074e-01
  3.67878340e-02 9.06061113e-01 1.09960854e+00 0.00000000e+00
  5.25143003e+00 7.45258713e+00 3.44275594e+00 2.24348783e+00
  3.54685724e-01 5.83501387e+00 7.47125053e+00 7.71728337e-01
  1.31485736e+00 3.87337470e+00 1.03580758e-01 3.96303272e+00
  3.28969526e+00 2.20495844e+00 2.32659325e-01 0.00000000e+00
  6.03862762e+00 0.00000000e+00 3.70698035e-01 6.16512728e+00
  9.65859890e-01 6.00288296e+00 2.09806895e+00 0.00000000e+00
  1.92739531e-01 0.00000000e+00 8.59143925e+00 7.42471170e+00
  1.02836533e+01 2.89117122e+00 8.03743660e-01 0.00000000e+00
  7.35660568e-02 0.00000000e+00 1.33137476e+00 4.43618917e+00
  1.76356196e+00 2.75133228e+01 1.17961466e+00 1.13978669e-01
  5.66870213e-01 9.56594110e-01 8.22130501e-01 0.00000000e+00
  0.00000000e+00 5.43928817e-02 2.48119816e-01 1.37639272e+00
  6.15452623e+00 3.26639175e+00 1.35881958e+01 0.00000000e+00
  5.04255152e+00 9.23698395e-02 2.25407863e+00 7.89041102e-01
  9.20616913e+00 4.09040260e+00 1.37048554e+00 2.07350075e-01
  3.45704484e+00 1.01114586e-01 2.25112766e-01 8.56639564e-01
  5.48929632e-01 4.03052509e-01 7.77523592e-02 1.41782367e+00
  0.00000000e+00 1.00771294e+01 1.02618990e+01 1.43041801e+00
  3.13315570e-01 6.17257261e+00 4.36378002e+00 1.97709441e-01
  2.36334062e+00 0.00000000e+00 1.08010569e+01 1.08543611e+00
  0.00000000e+00 1.40509033e+00 4.79227448e+00 2.96012259e+00
  4.99519396e+00 5.83372004e-02 1.40007615e+00 1.28803730e+00
  0.00000000e+00 0.00000000e+00 8.73360932e-01 1.65502042e-01
  5.72770119e+00 4.25299788e+00 3.62885404e+00 2.62665606e+00
  2.66764736e+00 8.35113943e-01 3.65909386e+00 6.77796650e+00
  1.65872431e+00 1.83292270e+00 5.80036402e-01 0.00000000e+00
  7.18651533e+00 3.18377584e-01 8.40858757e-01 3.73893833e+00
  1.09604931e+01 4.20947409e+00 1.90316563e+01 2.43680048e+00
  1.37905407e+00 0.00000000e+00 6.12341356e+00 5.32159865e-01
  0.00000000e+00 7.65959454e+00 7.93603778e-01 1.82230818e+00
  2.24245951e-01 1.07981052e+01 3.11647010e+00 0.00000000e+00
  2.62573314e+00 1.62130499e+00 7.66955018e-01 8.08729589e-01
  3.86675930e+00 2.01994514e+00 5.43011284e+00 1.20371652e+00
  1.65950608e+00 4.73570675e-01 6.53532124e+00 1.63825834e+00
  1.59895430e+01 1.05406361e+01 5.15954673e-01 1.47441597e+01
  8.08827019e+00 8.89710709e-02 9.77351129e-01 2.21511745e+00
  4.96918297e+00 2.07207501e-02 4.62879562e+00 0.00000000e+00
  2.91479111e+00 1.43155754e-01 2.67437005e+00 0.00000000e+00
  2.25758985e-01 1.30194083e-01 3.45416141e+00 6.11889887e+00
  1.09829855e+00 0.00000000e+00 3.18776011e+00 3.02382469e+00
  2.03006220e+00 0.00000000e+00 3.84796476e+00 1.13765740e+00
  0.00000000e+00 6.15522480e+00 8.78028965e+00 1.96665084e+00
  4.78105731e-02 0.00000000e+00 0.00000000e+00 3.17795801e+00
  1.08720028e+00 5.86089015e-01 8.07532024e+00 0.00000000e+00
  1.39028108e+00 6.74710131e+00 0.00000000e+00 1.66660929e+00
  2.33563446e-02 0.00000000e+00 1.43693730e-01 5.03340530e+00
  4.81482649e+00 3.41965884e-01 6.69795454e-01 3.06577229e+00
  7.31471729e+00 3.81439745e-01 0.00000000e+00 0.00000000e+00
  6.98614502e+00 2.08595300e+00 1.56214106e+00 1.26361477e+00
  4.39270809e-02 0.00000000e+00 2.70145118e-01 5.94481945e+00
  6.77022040e-01 5.68614340e+00 3.36934388e-01 7.55328131e+00
  1.31370246e+00 0.00000000e+00 0.00000000e+00 1.40075672e+00
  2.90618920e+00 1.50835562e+01 2.27189851e+00 1.69873607e+00
  5.93978500e+00 3.14509368e+00 3.22127271e+00 0.00000000e+00
  4.62149262e-01 3.58726233e-01 6.37623262e+00 1.24301112e+00
  8.25362206e+00 8.37954223e-01 1.48925948e+00 6.31928158e+00
  2.81505919e+00 6.41688049e-01 4.38459110e+00 4.04934120e+00
  3.85385704e+00 6.04588413e+00 0.00000000e+00 2.90582299e+00
  4.73584318e+00 8.61652613e-01 9.83000398e-02 6.23086071e+00
  0.00000000e+00 2.28335783e-01 1.29989023e+01 7.01264203e-01
  2.89633334e-01 0.00000000e+00 4.10018772e-01 0.00000000e+00
  0.00000000e+00 4.45547628e+00 0.00000000e+00 0.00000000e+00
  0.00000000e+00 2.83434629e+00 2.42462134e+00 5.85665226e-01
  8.30500793e+00 2.21416140e+00 0.00000000e+00 4.18195367e-01
  8.89554799e-01 2.19986486e+00 6.81042957e+00 5.08268178e-01
  1.55576932e+00 7.04288101e+00 4.21233356e-01 3.66505957e+00
  6.87007046e+00 0.00000000e+00 8.90869975e-01 2.30565524e+00
  4.54254389e-01 4.72606272e-01 5.72121926e-02 0.00000000e+00
  0.00000000e+00 6.78895473e-01 0.00000000e+00 1.77001143e+00
  4.06252575e+00 2.23399773e-02 1.26922331e+01 2.00287819e+00
  4.50414610e+00 2.89914578e-01 1.62872970e+00 5.09457350e+00
  1.83016860e+00 2.00184035e+00 1.11339521e+00 5.41451406e+00
  2.99192220e-01 3.14776802e+00 4.51804209e+00 2.67168850e-01
  1.89259205e+01 1.44370571e-01 2.07492471e-01 2.11795878e+00
  1.99620593e-02 9.42773297e-02 0.00000000e+00 1.23983517e+01
  5.65244484e+00 1.29627228e+01 1.95302715e+01 3.27099338e-02
  1.64114870e-02 7.82721862e-03 0.00000000e+00 0.00000000e+00
  0.00000000e+00 4.99795005e-02 9.34945869e+00 5.27519321e+00
  7.75818205e+00 0.00000000e+00 4.51534700e+00 1.33163899e-01
  6.66192818e+00 1.81023264e+00 3.84039617e+00 1.11105671e+01
  1.07658231e+00 1.19623375e+01 1.28558302e+00 7.50015676e-01
  0.00000000e+00 6.14044523e+00 7.20901108e+00 1.67029893e+00
  2.18622470e+00 3.69326353e-01 6.69469738e+00 2.07663044e-01
  9.55031931e-01 5.15293837e+00 7.83638573e+00 8.87258053e-01
  2.39621967e-01 5.92220426e-01 4.30078173e+00 0.00000000e+00]]