[[2.05730462e+00 2.42927885e+00 8.65242779e-01 0.00000000e+00
  7.34760106e-01 1.51853216e+00 2.25639510e+00 1.87565899e+00
  2.61953163e+00 7.03983843e-01 1.00878751e+00 4.40677118e+00
  1.66901505e+00 4.06460953e+00 6.53898641e-02 9.09898654e-02
  6.50997937e-01 3.08353233e+00 0.00000000e+00 3.49963689e+00
  2.00486922e+00 1.26911592e+01 4.94783401e-01 7.73578548e+00
  1.02249049e-01 8.62312412e+00 3.85606194e+00 5.31406307e+00
  6.26934886e-01 1.58570242e+00 2.98383497e-02 0.00000000e+00
  4.95257902e+00 1.28395295e+00 1.13513088e+00 1.95295858e+00
  1.59912992e+00 9.78264928e-01 1.01353445e+01 2.44605422e+00
  1.57090390e+00 1.59357870e+00 6.07971251e-01 2.68279696e+00
  8.31590533e-01 2.91835725e-01 4.39634037e+00 1.61087584e+00
  4.81459332e+00 1.07073259e+00 0.00000000e+00 7.98113465e-01
  3.16763967e-01 6.23377657e+00 1.59472716e+00 6.02288055e+00
  1.43398452e+00 5.84859991e+00 6.28534698e+00 5.70552014e-02
  3.43330130e-02 8.20545733e-01 6.22009706e+00 3.91165948e+00
  8.30046758e-02 3.94972301e+00 1.92230189e+00 1.91426769e-01
  1.34548986e+00 1.36597276e-01 1.46484363e+00 1.34623158e+00
  3.92399430e+00 7.73915577e+00 3.15297580e+00 0.00000000e+00
  1.78735566e+00 2.73040771e+00 3.40217471e-01 3.69688392e+00
  6.56600416e-01 1.94673884e+00 3.42524791e+00 0.00000000e+00
  3.03535163e-01 3.20266438e+00 0.00000000e+00 1.96462917e+00
  5.71027231e+00 0.00000000e+00 3.48913670e+00 1.88703048e+00
  0.00000000e+00 7.76210070e+00 4.54282731e-01 4.28243250e-01
  1.00090420e+00 3.15293145e+00 5.84847879e+00 6.03871727e+00
  2.11884633e-01 1.00594079e+00 1.18309164e+01 5.16291332e+00
  0.00000000e+00 1.56181121e+00 1.11427732e-01 3.63885373e-01
  4.71545070e-01 7.95843080e-02 7.67269135e-01 4.94619513e+00
  0.00000000e+00 3.69530773e+00 4.33902115e-01 3.66994619e-01
  8.74504948e+00 1.78314829e+00 2.16500568e+00 1.30652225e+00
  4.52269346e-01 7.95368576e+00 0.00000000e+00 5.29546738e+00
  8.95256424e+00 3.73756504e+00 3.67840290e-01 0.00000000e+00
  3.80640954e-01 2.57985783e+01 0.00000000e+00 2.89344192e+00
  9.82677269e+00 3.58537316e-01 9.58505332e-01 2.60570550e+00
  5.28212547e-01 1.30961454e+00 6.14445257e+00 5.66282558e+00
  4.38262939e-01 2.79713154e-01 2.97604179e+00 2.10330796e+00
  2.94790053e+00 4.32668179e-01 1.27668786e+00 9.82478485e-02
  0.00000000e+00 4.10489231e-01 4.23287487e+00 2.89586931e-01
  1.41325891e+00 0.00000000e+00 1.52750343e-01 0.00000000e+00
  1.05659974e+00 1.23323286e+00 1.43578732e+00 8.06012228e-02
  2.16327405e+00 1.76892149e+00 2.65894508e+00 7.20489979e-01
  3.43577456e+00 1.15500355e+00 2.17276955e+00 4.90565968e+00
  4.12583090e-02 7.12512064e+00 2.38032341e+00 2.09086478e-01
  1.27423420e+01 8.52359772e-01 8.13885987e-01 4.60414076e+00
  3.74800488e-02 2.99623199e-02 9.19437790e+00 5.66458702e+00
  6.54053497e+00 0.00000000e+00 3.75355530e+00 9.46232211e-03
  2.06013232e-01 3.23800951e-01 6.14602661e+00 1.23508620e+00
  4.09085226e+00 4.95406747e-01 8.84398842e+00 1.11416674e+00
  5.83321953e+00 4.78678894e+00 0.00000000e+00 3.21774304e-01
  1.27925664e-01 1.54941597e+01 2.50082588e+00 0.00000000e+00
  5.97707868e-01 0.00000000e+00 0.00000000e+00 6.42933512e+00
  3.56112981e+00 1.15649807e+00 0.00000000e+00 2.27147400e-01
  1.92583764e+00 3.39975142e+00 2.33765650e+00 4.52360451e-01
  0.00000000e+00 5.41531610e+00 1.83105618e-01 0.00000000e+00
  0.00000000e+00 2.31070614e+00 3.88770223e+00 3.27982926e+00
  5.84944391e+00 5.64403486e+00 1.87924910e+00 1.31002283e+00
  1.42323744e+00 5.38602161e+00 1.87464148e-01 6.11026734e-02
  0.00000000e+00 1.27849507e+00 7.59074330e-01 4.70541745e-01
  3.11257124e+00 5.14262342e+00 3.05164003e+00 0.00000000e+00
  1.26053762e+00 1.06396132e+01 1.12780201e+00 2.01799226e+00
  1.55441689e+00 9.35451746e-01 4.00714874e+00 2.16964221e+00
  2.10150218e+00 1.15180569e+01 7.64778042e+00 7.53636897e-01
  1.96239567e+00 2.27059770e+00 4.86771965e+00 1.40963399e+00
  6.34280205e+00 2.33991772e-01 5.29539633e+00 0.00000000e+00
  4.87343609e-01 1.26006758e+00 3.54345322e+00 2.56595343e-01
  1.95522517e-01 1.17409563e+00 0.00000000e+00 1.56908974e-01
  3.33537310e-02 2.12634492e+00 0.00000000e+00 6.52102089e+00
  3.81711650e+00 2.15052471e-01 4.06722736e+00 2.37891018e-01
  1.91098845e+00 1.54462790e+00 4.79019356e+00 2.09704089e+00
  6.35953379e+00 9.67366323e-02 1.96843073e-01 1.26090968e+00
  8.83859539e+00 4.76144028e+00 9.65943813e+00 2.13293701e-01
  2.64087534e+00 1.34105952e-02 1.06933618e+00 1.31797373e+00
  2.65743303e+00 7.69795179e+00 0.00000000e+00 2.96044201e-01
  5.76087415e-01 4.52926302e+00 3.83321214e+00 1.41867086e-01
  1.82055920e-01 6.31783783e-01 2.56431937e-01 0.00000000e+00
  2.76246548e-01 8.59245777e-01 1.09263659e+00 2.23534060e+00
  3.48496586e-01 1.01725197e+00 1.22126329e+00 7.12894678e-01
  1.91837564e-01 1.03374255e+00 1.87291884e+00 4.86250162e-01
  3.70022923e-01 0.00000000e+00 1.90499067e+00 0.00000000e+00
  1.14173800e-01 1.31487255e+01 1.09464276e+00 6.10657930e+00
  1.92326117e+00 2.24654293e+00 1.03197622e+00 7.02345252e-01
  1.36386657e+00 3.73400140e+00 5.58121586e+00 0.00000000e+00
  2.86074400e+00 2.68057168e-01 5.99773109e-01 5.50640392e+00
  3.33136111e-01 1.64542091e+00 5.13630342e+00 2.79332256e+00
  6.88028812e+00 6.81611967e+00 3.98994279e+00 7.71729589e-01
  3.93661916e-01 9.68562663e-01 6.36650383e-01 5.58321953e+00
  4.11164284e+00 3.13951302e+00 1.52230322e+00 0.00000000e+00
  3.51960778e+00 1.80555165e-01 4.51502711e-01 1.42539167e+00
  6.24881946e-02 0.00000000e+00 1.17981517e+00 2.42687732e-01
  7.97730088e-01 9.93124294e+00 3.81837082e+00 9.33706313e-02
  2.89754887e+01 1.38377273e+00 3.50981307e+00 4.77675311e-02
  4.93811083e+00 2.13808513e+00 6.95652819e+00 2.76632547e-01
  0.00000000e+00 0.00000000e+00 3.46534252e-01 3.44659019e+00
  1.24029756e+00 8.42324615e-01 4.27863717e-01 1.19942689e+00
  7.83222735e-01 3.52340269e+00 0.00000000e+00 4.27980709e+00
  4.52012444e+00 8.62358665e+00 1.27524829e+00 3.56191605e-01
  4.21087265e-01 3.03811002e+00 1.78896081e+00 0.00000000e+00
  2.48180842e+00 4.21955615e-01 2.53753275e-01 3.00409412e+00
  3.76375318e+00 3.95258999e+00 2.20494628e-01 8.80868077e-01
  1.36386609e+00 3.44715029e-01 2.81343269e+00 1.18543768e+00
  9.01362956e-01 4.74208450e+00 2.09146142e+00 9.17960072e+00
  4.38373709e+00 3.03293794e-01 0.00000000e+00 9.46264446e-01
  5.18240742e-02 4.02550554e+00 5.87187243e+00 1.07072544e+00
  8.90216902e-02 0.00000000e+00 2.24533653e+00 4.18402880e-01
  1.02634192e+00 4.17526901e-01 1.43597066e+00 3.59901142e+00
  0.00000000e+00 1.42765534e-03 2.76600361e-01 4.52405882e+00
  1.78250805e-01 2.31468821e+00 5.22491646e+00 1.13847017e+01
  8.17991447e+00 5.06529033e-01 7.65551984e-01 3.46068740e+00
  8.76917458e+00 3.35281754e+00 1.21880937e+00 7.99798965e+00
  1.33698225e+00 2.48692226e+00 9.97734293e-02 1.47176099e+00
  2.24379942e-01 0.00000000e+00 5.34073114e-01 5.58262920e+00
  2.82012224e-01 0.00000000e+00 2.10197043e+00 1.26461160e+00
  2.46538054e-02 2.01622677e+00 6.40169477e+00 5.83863616e-01
  1.57081509e+00 3.11641312e+00 1.28178034e+01 3.93743992e+00
  2.00993156e+00 1.45891488e+00 1.69384748e-01 6.62283993e+00
  7.80183983e+00 4.67332304e-01 2.16102362e-01 0.00000000e+00
  1.42128301e+00 0.00000000e+00 6.73326612e-01 0.00000000e+00
  1.77178359e+00 2.40674996e+00 1.33931446e+00 5.62518263e+00
  1.19048178e-01 1.47455275e+00 1.19865902e-01 2.02539563e-01
  0.00000000e+00 8.98384154e-01 8.94613624e-01 3.50329089e+00
  5.97880483e-01 2.53362465e+00 2.06275487e+00 3.58823943e+00
  0.00000000e+00 2.50260901e+00 6.53541660e+00 0.00000000e+00
  3.96278667e+00 4.79548246e-01 1.00977242e+00 2.56801891e+00
  6.35849297e-01 5.31961679e+00 1.05261672e+00 6.01130581e+00
  5.61230946e+00 2.68008447e+00 1.18629241e+00 6.94959342e-01
  4.63858080e+00 9.01362062e-01 2.11208606e+00 2.35910863e-01
  2.74436378e+00 2.96511531e+00 4.83196354e+00 7.07808673e-01
  1.30342960e+00 0.00000000e+00 1.08390844e+00 6.67821932e+00]]