[[6.83783442e-02 9.52524126e-01 3.30436063e+00 1.19261295e-01
  1.37213039e+00 7.06757402e+00 4.41054296e+00 6.21082306e+00
  1.27661192e+00 4.83205175e+00 4.57057667e+00 2.41150045e+00
  7.86424458e-01 4.40396070e+00 2.48486710e+00 6.19689465e-01
  1.72951603e+00 3.42281103e-01 7.83221200e-02 6.24320269e+00
  7.13164091e+00 1.23654547e+01 1.16443343e-01 6.17720366e-01
  2.96552896e-01 8.93486023e+00 1.68853581e-01 0.00000000e+00
  2.99331594e+00 2.23230690e-01 5.31199813e-01 8.97618771e-01
  4.70064402e+00 5.02347136e+00 1.30620265e+00 1.62736475e+00
  4.36129761e+00 7.13011205e-01 6.73780537e+00 3.28699684e+00
  5.61018705e+00 0.00000000e+00 3.59490871e+00 2.82811761e-01
  0.00000000e+00 1.56709480e+00 4.50340366e+00 8.43637562e+00
  4.29142475e+00 4.45630640e-01 2.66961008e-01 1.28688395e+00
  5.19295096e-01 1.64498949e+00 6.64095736e+00 6.25613749e-01
  3.95584750e+00 3.53337717e+00 3.59918928e+00 1.81147969e+00
  7.48032689e-01 6.91793323e-01 8.00309086e+00 3.87119365e+00
  2.10467601e+00 8.50557709e+00 2.65230083e+00 3.20966196e+00
  5.78471959e-01 4.02196789e+00 2.27209258e+00 6.12247896e+00
  1.26886737e+00 9.42421436e+00 1.41097746e+01 5.55423021e-01
  1.86900067e+00 2.58390617e+00 1.57994556e+00 2.41729665e+00
  1.61963511e+00 8.50486517e-01 9.71078873e+00 2.41813034e-01
  3.48720264e+00 1.02592754e+00 2.60780597e+00 1.64190018e+00
  4.76643038e+00 0.00000000e+00 9.97856998e+00 5.49004269e+00
  8.73846710e-01 2.77558875e+00 0.00000000e+00 0.00000000e+00
  5.11683106e-01 5.87420034e+00 5.58053017e+00 6.82193947e+00
  1.64024556e+00 2.85983849e+00 8.69275475e+00 2.53175426e+00
  0.00000000e+00 2.18816447e+00 1.90838408e+00 2.97638088e-01
  0.00000000e+00 1.25224829e+00 1.92489326e+00 4.16261964e-02
  9.14556161e-02 4.75947857e+00 7.37277806e-01 5.50085783e-01
  7.25434589e+00 4.37513208e+00 1.14524364e+01 2.93920493e+00
  3.26820850e-01 2.20574927e+00 1.54073989e+00 8.44508076e+00
  5.73984718e+00 1.58003879e+00 7.50014305e-01 0.00000000e+00
  4.66566467e+00 1.32680578e+01 2.79306841e+00 1.26460342e+01
  1.27742376e+01 4.12646122e-02 8.85337114e-01 1.17373836e+00
  3.97106677e-01 6.02308095e-01 8.43030548e+00 4.24188232e+00
  2.44142935e-01 4.75864783e-02 7.39197195e-01 5.58048534e+00
  3.72183251e+00 1.74090874e+00 4.26952076e+00 5.55960417e-01
  1.17756486e+00 4.13437188e-01 4.82767224e-01 0.00000000e+00
  3.88434315e+00 1.39692068e-01 2.94858408e+00 2.62567431e-01
  1.47479928e+00 6.56976819e-01 1.30828992e-01 2.54381013e+00
  2.54638290e+00 4.49295998e+00 4.66498375e+00 6.73932374e-01
  6.48012877e+00 1.66557050e+00 1.07047044e-01 2.25979280e+00
  8.05910945e-01 1.15528572e+00 1.30269396e+00 1.06188667e+00
  7.53267431e+00 4.34352279e-01 8.24205101e-01 0.00000000e+00
  0.00000000e+00 0.00000000e+00 1.51242151e+01 1.79682398e+00
  6.22395420e+00 1.15041316e+00 4.11199999e+00 1.99497116e+00
  9.17446315e-01 1.24958909e+00 7.72369242e+00 7.04919195e+00
  1.18131292e+00 8.03223848e-01 9.93843937e+00 7.56182134e-01
  2.93289924e+00 1.47386036e+01 2.19840097e+00 1.63018048e-01
  4.64976978e+00 3.15318406e-01 6.77947855e+00 0.00000000e+00
  1.46114922e+00 5.45307100e-01 6.86541438e-01 3.05888557e+00
  9.02261543e+00 2.73613286e+00 3.86435342e+00 2.52608514e+00
  7.10814819e-02 7.77510309e+00 5.48781967e+00 2.77191663e+00
  3.07886481e+00 1.21548700e+01 1.23135614e+00 2.19956565e+00
  0.00000000e+00 7.03386497e+00 2.40151048e+00 3.84674954e+00
  5.78723812e+00 6.88713646e+00 5.29094279e-01 2.17497563e+00
  3.99290371e+00 7.53389299e-01 1.90142021e-02 1.39815533e+00
  8.72502685e-01 6.26080155e-01 1.81750333e+00 3.70062065e+00
  8.81177425e-01 1.65026236e+00 5.60878563e+00 1.77253962e-01
  5.00120783e+00 3.55577660e+00 7.44629085e-01 1.82297218e+00
  9.59193945e-01 4.50190336e-01 6.54939950e-01 2.12342572e+00
  1.31343186e+00 1.02145348e+01 8.06806183e+00 9.74894702e-01
  2.21449566e+00 2.68374062e+00 9.29138947e+00 2.24777555e+00
  4.68490458e+00 2.74362266e-01 6.82191801e+00 4.62380981e+00
  4.60726070e+00 3.69762444e+00 1.40001669e+01 4.15109968e+00
  0.00000000e+00 2.79240727e+00 0.00000000e+00 5.72360039e-01
  2.66714954e+00 1.29429311e-01 4.07929838e-01 8.27707410e-01
  1.60122120e+00 1.99260068e+00 2.41171074e+00 9.89245832e-01
  6.92658424e-01 2.84384584e+00 7.69506359e+00 4.43878651e+00
  1.69266109e+01 0.00000000e+00 0.00000000e+00 7.85928106e+00
  5.81098413e+00 2.12176919e+00 5.56421566e+00 2.55432773e+00
  6.22281265e+00 1.11343093e-01 6.32163858e+00 3.08736277e+00
  2.52683377e+00 4.75622416e+00 2.78756153e-02 1.88691676e+00
  2.69472933e+00 5.50882721e+00 1.81024384e+00 1.23356616e+00
  2.42712006e-01 2.13260353e-01 0.00000000e+00 0.00000000e+00
  1.73398674e+00 2.64919353e+00 2.08648038e+00 7.10958004e-01
  1.93136260e-01 2.15703082e+00 6.13459289e-01 2.38142991e+00
  9.42853510e-01 3.94146347e+00 1.66617632e+00 2.12782407e+00
  4.82719851e+00 3.83599609e-01 3.98119879e+00 7.89815336e-02
  3.82561135e+00 1.45316010e+01 2.01680684e+00 3.23575711e+00
  3.34354907e-01 3.25984025e+00 2.39686513e+00 1.42687273e+00
  1.04564047e+00 4.17481613e+00 1.28915005e+01 2.07197332e+00
  2.99252748e+00 2.71722221e+00 3.40744764e-01 3.37513018e+00
  2.85607982e+00 5.74645233e+00 2.70821095e+00 9.35995460e-01
  9.17076492e+00 2.66698122e+00 1.65806980e+01 1.80619299e+00
  1.62786409e-01 1.47011328e+00 9.07959267e-02 2.43053985e+00
  2.72570968e+00 2.70406866e+00 1.15222728e+00 1.41402259e-01
  6.51947498e-01 1.09055318e-01 4.52693313e-01 3.80342364e-01
  1.47442222e+00 4.48628139e+00 1.59302235e+00 0.00000000e+00
  5.51407623e+00 1.13014441e+01 4.65676928e+00 2.14133635e-01
  9.33127975e+00 1.88915765e+00 6.29057789e+00 8.40025604e-01
  4.73006535e+00 1.34591472e+00 1.89836884e+01 3.62556487e-01
  0.00000000e+00 0.00000000e+00 4.72834617e-01 9.75332379e-01
  1.06776409e+01 2.27743340e+00 2.54118514e+00 3.28328443e+00
  6.59039855e-01 1.19031973e+01 2.76650578e-01 1.29688883e+01
  2.50022507e+00 6.77646065e+00 3.12908649e+00 5.43249726e-01
  2.13246775e+00 1.70830977e+00 1.77381372e+00 2.52932191e-01
  2.75364065e+00 1.42638350e+00 1.66683280e+00 5.78979349e+00
  1.85634649e+00 2.58817220e+00 1.44879520e+00 1.01366091e+00
  2.89116430e+00 1.07211900e+00 2.94505692e+00 5.18031359e+00
  1.73205519e+00 9.85283756e+00 2.26945972e+00 1.39351244e+01
  5.48463774e+00 4.73510742e+00 1.77415311e+00 1.44447696e+00
  0.00000000e+00 2.73138022e+00 6.96027899e+00 7.22774696e+00
  0.00000000e+00 4.43031025e+00 4.20394325e+00 2.38517261e+00
  3.70101273e-01 2.08887768e+00 1.78422940e+00 2.34663725e+00
  2.98180461e+00 2.78813577e+00 3.15192270e+00 4.03122997e+00
  3.58067393e+00 2.28090182e-01 4.48140526e+00 5.17514992e+00
  3.88625205e-01 9.80900526e-01 4.06112194e+00 8.98075008e+00
  1.94897366e+01 2.13534069e+00 1.68000042e+00 6.44892311e+00
  0.00000000e+00 6.49184036e+00 3.77495599e+00 4.74107885e+00
  3.76072860e+00 7.17810512e-01 4.81396526e-01 9.27548409e+00
  1.71127462e+00 1.14522636e-01 9.63503301e-01 1.76735640e+00
  0.00000000e+00 5.30988634e-01 2.78199291e+00 5.36560249e+00
  1.06207514e+00 1.57349503e+00 6.18914032e+00 4.17064466e-02
  1.81668949e+00 4.01328659e+00 1.48724508e+00 4.29110241e+00
  8.90044880e+00 1.34574026e-01 1.55881488e+00 5.75246954e+00
  1.11674919e+01 5.35335392e-02 2.86647201e-01 4.46809912e+00
  2.30879283e+00 1.47249901e+00 1.49304390e+00 1.92561984e+00
  6.64053082e-01 5.43239975e+00 1.96710610e+00 8.47931862e-01
  9.95522261e-01 4.67312217e-01 1.23798084e+00 2.17501974e+00
  1.78979242e+00 3.29436213e-01 4.75896597e+00 4.82846117e+00
  1.74138650e-01 9.56083953e-01 3.14205694e+00 8.30695331e-01
  2.74600053e+00 9.79164720e-01 1.58729506e+00 4.99796581e+00
  1.01704133e+00 7.80969048e+00 3.56397367e+00 2.91663837e+00
  4.28620720e+00 6.93268633e+00 1.77517688e+00 9.83843029e-01
  8.20039558e+00 2.51488477e-01 3.32469821e+00 4.15138781e-01
  7.21940565e+00 2.63328958e+00 4.58582497e+00 3.49963999e+00
  1.00774372e+00 1.21105170e+00 3.54523182e+00 4.24787951e+00]]