[[1.30690444e+00 5.81719303e+00 5.52520418e+00 6.20868087e-01
  3.53673130e-01 1.54233253e+00 4.30561590e+00 7.80157948e+00
  4.68633366e+00 2.46600318e+00 3.58278370e+00 2.04166007e+00
  4.23843431e+00 1.23717606e+00 8.73055458e-01 5.34677553e+00
  0.00000000e+00 2.68216467e+00 4.63263130e+00 3.23032975e+00
  1.26386535e+00 5.45034122e+00 8.39702368e-01 5.84702826e+00
  5.02189541e+00 2.77343726e+00 4.42676735e+00 3.81772065e+00
  4.31866407e+00 1.77142266e-02 5.23611844e-01 3.02041125e+00
  2.87350965e+00 4.43978739e+00 3.49870205e-01 1.90199390e-01
  1.19362757e-01 4.22089361e-02 8.50629807e+00 3.00347590e+00
  0.00000000e+00 1.76673627e+00 4.37914801e+00 3.65983653e+00
  2.69733405e+00 9.11844540e+00 9.58611488e-01 0.00000000e+00
  3.16291642e+00 2.86879614e-02 5.74217510e+00 3.26199317e+00
  3.82477343e-01 1.46576250e+00 4.95470762e+00 7.75661230e-01
  4.40043926e+00 2.55353713e+00 4.95209217e+00 5.73642313e-01
  1.55452460e-01 3.61483788e+00 4.17125988e+00 3.92896080e+00
  2.21834674e-01 3.28847957e+00 2.60245299e+00 2.18405509e+00
  1.19864535e+00 1.37446594e+00 5.66663218e+00 6.93565071e-01
  4.58559704e+00 8.19881725e+00 8.46137032e-02 1.61890566e+00
  1.83392072e+00 1.05518782e+00 1.39209104e+00 1.05863154e+00
  2.19846344e+00 1.97243297e+00 1.27117980e+00 4.40275764e+00
  1.98650968e+00 7.99670458e+00 1.66484749e+00 0.00000000e+00
  3.71243000e-01 3.02623892e+00 5.09654903e+00 1.29124916e+00
  6.04031324e+00 3.70987368e+00 1.76683009e+00 2.86339593e+00
  1.36030066e+00 1.41855276e+00 0.00000000e+00 2.45899940e+00
  1.31060731e+00 4.52011061e+00 1.20026121e+01 7.79119539e+00
  7.59039104e-01 4.82739583e-02 7.18942833e+00 2.94347644e+00
  4.82597017e+00 5.89515972e+00 3.32767099e-01 2.82423091e+00
  0.00000000e+00 2.61991501e+00 3.14191729e-01 3.43433189e+00
  3.65911293e+00 4.48186606e-01 3.26288462e-01 1.72157753e+00
  2.59931773e-01 1.25482595e+00 4.97561872e-01 5.25649190e-01
  0.00000000e+00 2.87551880e+00 0.00000000e+00 9.53331172e-01
  2.83123672e-01 2.59965897e+00 0.00000000e+00 1.16862702e+00
  5.19022369e+00 7.25770521e+00 1.42086133e-01 2.18549275e+00
  7.93779418e-02 0.00000000e+00 2.32744265e+00 8.50073695e-01
  8.56115055e+00 0.00000000e+00 0.00000000e+00 2.03436232e+00
  7.98933506e-01 9.16755855e-01 9.76754856e+00 2.44382367e-01
  7.24653006e-02 1.75595200e+00 8.09583347e-03 1.97757781e+00
  1.75843203e+00 2.71683574e+00 6.71266270e+00 8.50793934e+00
  0.00000000e+00 9.49650764e+00 2.76810026e+00 4.77538872e+00
  5.09453726e+00 3.42870164e+00 2.82291603e+00 1.01733401e-01
  6.09714413e+00 4.26225066e-01 1.98898450e-01 6.51967001e+00
  1.45607829e-01 2.46771157e-01 5.89724112e+00 4.79216957e+00
  5.93076944e+00 1.91176355e+00 3.39974284e+00 7.58582830e-01
  1.02215065e-02 0.00000000e+00 5.35941935e+00 1.71005726e+01
  2.05440354e+00 3.30421662e+00 3.37014294e+00 3.39287734e+00
  9.08095241e-02 2.47541595e+00 0.00000000e+00 1.74571171e-01
  8.67762280e+00 3.83971643e+00 3.44603848e+00 1.97996533e+00
  2.65654564e+00 2.74894142e+00 1.91012287e+00 4.18292657e-02
  5.18911982e+00 4.81622887e+00 2.77001798e-01 1.36860776e+00
  1.38755951e+01 9.80448663e-01 0.00000000e+00 2.51544230e-02
  6.62211943e+00 3.25022769e+00 1.73689473e+00 9.93219674e-01
  4.23184410e-02 1.81885262e+01 0.00000000e+00 1.95721698e+00
  3.18603553e-02 7.62991381e+00 1.26321971e+00 3.03326488e+00
  3.68106556e+00 1.62598920e+00 8.54012251e-01 2.99757671e+00
  1.22769489e+01 1.57987404e+00 1.00143087e+00 0.00000000e+00
  1.33273706e-01 8.52570915e+00 2.83276868e+00 0.00000000e+00
  2.22951490e-02 0.00000000e+00 2.18495345e+00 8.20654392e-01
  3.21119618e+00 2.70692289e-01 5.08740187e-01 1.03890009e-01
  3.55588198e+00 1.03518534e+00 3.96339148e-02 3.12259650e+00
  0.00000000e+00 4.14043570e+00 2.12624979e+00 6.31710339e+00
  3.02235103e+00 7.19851732e+00 3.33521509e+00 5.22741222e+00
  5.69727421e+00 3.77169991e+00 7.42042124e-01 3.51087832e+00
  0.00000000e+00 7.89780712e+00 1.58753526e+00 4.69271213e-01
  2.77917075e+00 4.67186213e+00 4.09338427e+00 3.16681218e+00
  1.79287112e+00 0.00000000e+00 2.48017937e-01 1.33141108e+01
  5.13492346e+00 7.15496349e+00 1.45900869e+01 3.60414410e+00
  4.03494909e-02 2.86611676e-01 4.38742065e+00 1.38966098e-01
  3.90948415e+00 8.33131409e+00 3.09150600e+00 5.84818870e-02
  7.15624237e+00 1.60377875e-01 3.94463688e-01 3.65129858e-01
  8.22338867e+00 1.53189349e+00 2.90992546e+00 4.44985485e+00
  7.32043600e+00 1.55096054e-02 6.18513942e-01 7.07166100e+00
  6.79376543e-01 7.16536188e+00 7.36798763e+00 9.97844219e-01
  1.38016834e+01 4.96098948e+00 8.64538670e+00 2.10530567e+00
  0.00000000e+00 1.21749628e+00 0.00000000e+00 0.00000000e+00
  4.14841700e+00 2.81050706e+00 7.54048228e-01 0.00000000e+00
  2.88098145e+00 4.03305626e+00 1.02652550e+01 2.19776559e+00
  2.67435527e+00 2.37634587e+00 6.63754606e+00 0.00000000e+00
  4.00325489e+00 0.00000000e+00 5.83010244e+00 1.88417554e+00
  1.40137935e+00 2.06156373e+00 6.34220690e-02 3.69469833e+00
  3.06179833e+00 4.47977352e+00 4.22691584e+00 1.43446898e+00
  5.85029745e+00 0.00000000e+00 6.23485374e+00 3.79675126e+00
  1.51676285e+00 0.00000000e+00 3.58143330e-01 8.58227551e-01
  8.26748753e+00 0.00000000e+00 2.38069844e+00 7.38636017e+00
  3.56909895e+00 7.56684959e-01 3.10792923e+00 6.43234015e+00
  5.98808956e+00 1.93008208e+00 1.99578595e+00 7.63420200e+00
  2.00771904e+00 2.19254899e+00 4.84774446e+00 2.29842472e+00
  3.38153815e+00 3.51276016e+00 7.62947679e-01 1.57623482e+00
  0.00000000e+00 3.37953381e-02 5.20747602e-01 9.28384423e-01
  0.00000000e+00 1.29432368e+00 9.63421643e-01 2.77371597e+00
  2.21363831e+01 0.00000000e+00 5.80145121e+00 1.03771601e+01
  6.15284634e+00 1.40826261e+00 1.30298090e+00 3.61470914e+00
  1.93986464e+00 7.93980789e+00 5.00862789e+00 3.02493882e+00
  9.86860156e-01 6.82058513e-01 6.87344909e-01 1.64250016e+00
  3.90112966e-01 1.91416276e+00 1.48620520e+01 7.28741705e-01
  1.61097981e-02 2.85239387e+00 9.28367233e+00 2.89932251e-01
  6.75863743e-01 1.43166571e+01 1.05815925e-01 1.55202782e+00
  4.14408493e+00 3.59961033e+00 1.06625724e+00 1.26120281e+00
  5.21625423e+00 4.45057440e+00 5.41139269e+00 5.61237717e+00
  3.07946396e+00 4.08930731e+00 1.03749287e+00 7.48703554e-02
  2.20414758e+00 6.88135338e+00 4.24336076e-01 2.61148071e+00
  4.45821238e+00 1.59911662e-02 0.00000000e+00 2.29772305e+00
  3.98261690e+00 0.00000000e+00 6.12094164e+00 3.83001065e+00
  3.93722832e-01 0.00000000e+00 2.24548054e+00 4.59635705e-02
  5.23073578e+00 1.36188745e+00 2.86604434e-01 2.55287242e+00
  2.66935015e+00 5.57825454e-02 2.41699457e+00 1.50883520e+00
  7.45078623e-01 9.66484904e-01 4.76821852e+00 4.94289780e+00
  3.72035241e+00 4.47173309e+00 3.30389309e+00 2.53149986e-01
  4.68374777e+00 1.47288523e+01 5.91327786e-01 1.79110813e+00
  3.17650056e+00 1.78232431e+00 2.31380463e-01 2.53796339e+00
  0.00000000e+00 6.21040285e-01 6.36107922e-02 6.17286384e-01
  3.16705346e+00 1.25306463e+00 9.23106861e+00 1.36114693e+00
  1.89736009e+00 8.79984796e-02 0.00000000e+00 2.80712247e+00
  3.70746017e+00 4.48267698e+00 7.53120947e+00 3.08018494e+00
  4.45867628e-01 1.11422908e+00 5.90533066e+00 7.62158775e+00
  0.00000000e+00 6.00075054e+00 0.00000000e+00 9.84366298e-01
  0.00000000e+00 6.26183605e+00 3.27777147e-01 1.44429731e+00
  3.66196704e+00 3.22214055e+00 1.41359198e+00 3.40321970e+00
  3.35569930e+00 5.27666903e+00 3.02538323e+00 4.18844509e+00
  0.00000000e+00 2.56638384e+00 5.06243753e+00 3.76101565e+00
  6.38849258e+00 0.00000000e+00 2.16826272e+00 4.09999341e-01
  0.00000000e+00 2.98366159e-01 4.88023788e-01 1.20851271e-01
  1.75337029e+00 3.47903156e+00 4.76152992e+00 7.24124074e-01
  1.40981853e+00 0.00000000e+00 5.96822977e+00 5.71269631e-01
  6.90566063e-01 2.11936951e+00 4.13301849e+00 8.07474327e+00
  2.20892978e+00 3.90944934e+00 6.30537450e-01 6.13472748e+00
  2.03327012e+00 4.03325677e-01 1.15051103e+00 5.06514907e-01
  1.00221586e+00 1.05307817e+00 5.05280590e+00 8.46566677e+00]]