[[8.40214193e-01 1.13372993e+00 3.15864801e-01 6.59756958e-01
  6.13327217e+00 2.04756808e+00 1.57914734e+00 0.00000000e+00
  1.70121813e+00 5.41131449e+00 1.68061507e+00 2.68520474e+00
  2.67559171e+00 1.01070619e+00 3.51134598e-01 8.40087593e-01
  8.05898234e-02 2.87521029e+00 2.93856621e+00 9.40699959e+00
  9.41971779e-01 1.51714468e+01 8.98304272e+00 9.92725134e-01
  2.43980095e-01 1.86636794e+00 1.82948738e-01 2.54451776e+00
  3.62610245e+00 1.52745515e-01 6.79640651e-01 1.55773193e-01
  6.44114137e-01 4.76844406e+00 4.11395931e+00 1.69371200e+00
  4.77155972e+00 2.61717945e-01 9.90929794e+00 2.33973575e+00
  7.71631289e+00 2.28365850e+00 2.03163695e+00 1.00671649e+00
  0.00000000e+00 5.20684576e+00 5.77842474e+00 4.45041955e-02
  1.08597910e+00 4.17517535e-02 4.30253237e-01 3.98773283e-01
  2.33747363e+00 7.22706079e-01 2.81428289e+00 4.63128424e+00
  1.80769336e+00 2.94563866e+00 2.60527492e-01 0.00000000e+00
  1.32526398e+00 5.48529053e+00 2.27866817e+00 4.99111462e+00
  8.48494709e-01 4.61412787e-01 8.35052252e-01 0.00000000e+00
  8.36747065e-02 9.90913451e-01 5.03708899e-01 2.23802257e+00
  0.00000000e+00 4.59063053e+00 1.13674307e+00 3.92078853e+00
  1.50526476e+00 2.36099648e+00 2.79132932e-01 6.15988588e+00
  9.10863042e-01 1.13738611e-01 7.25563884e-01 4.38732773e-01
  3.75040603e+00 3.41636014e+00 1.67815292e+00 1.74998319e+00
  4.14674997e-01 1.37608647e+00 2.14865351e+00 5.28323603e+00
  4.70923007e-01 3.07677817e+00 5.50340652e+00 3.42183858e-01
  3.34746814e+00 9.38700698e-03 1.31345201e+00 9.00502586e+00
  2.09097385e+00 0.00000000e+00 6.15283203e+00 4.43127680e+00
  2.88040578e-01 2.92868130e-02 8.81692842e-02 3.28976631e+00
  8.91827226e-01 1.66246438e+00 4.79008108e-01 0.00000000e+00
  0.00000000e+00 3.92192483e+00 5.47218609e+00 1.58205616e+00
  1.06282873e+01 1.60094589e-01 1.25764120e+00 1.02561414e+00
  1.71737432e+00 1.54976106e+00 0.00000000e+00 1.59730625e+00
  3.02923012e+00 2.02484012e+00 1.12690672e-01 0.00000000e+00
  9.45636809e-01 8.47351456e+00 0.00000000e+00 3.70514154e-01
  1.28684330e+01 1.83098662e+00 4.12861872e+00 6.97204769e-01
  1.04314029e+00 3.49271989e+00 1.88126159e+00 1.75054379e+01
  1.51595041e-01 1.33982849e+00 3.31294209e-01 4.44329739e+00
  5.24557447e+00 5.17583179e+00 1.51838943e-01 3.20576817e-01
  1.05509162e+00 1.27634597e+00 0.00000000e+00 1.08063519e+00
  1.25728026e-01 1.97056979e-01 1.96139789e+00 3.33870173e-01
  2.45597690e-01 1.97657919e+00 2.59527493e+00 0.00000000e+00
  4.35519171e+00 2.05538368e+00 1.87832785e+00 3.56686741e-01
  2.32308769e+00 1.30583346e+00 0.00000000e+00 2.24332500e+00
  2.33613580e-01 7.77388811e-01 2.69031167e+00 4.71042824e+00
  5.48855543e+00 0.00000000e+00 4.49292243e-01 4.06106710e+00
  3.28378677e+00 2.27364954e-02 1.94311714e+00 8.82501030e+00
  1.47120976e+00 0.00000000e+00 6.36321020e+00 5.70411146e-01
  2.06239745e-01 7.82577085e+00 4.34088230e-01 2.69906763e-02
  4.42812157e+00 1.33345962e+00 5.94484520e+00 9.08781886e-02
  0.00000000e+00 1.83573132e+01 1.57483983e+00 2.13026595e+00
  3.52069557e-01 2.56332707e+00 4.00840330e+00 0.00000000e+00
  1.34346473e+00 3.66088003e-01 2.07895422e+00 2.23220229e+00
  1.51634932e+00 3.89620781e+00 0.00000000e+00 6.40105069e-01
  3.60987455e-01 1.47457390e+01 4.78575230e-02 8.45703602e-01
  0.00000000e+00 2.64474607e+00 1.56228197e+00 0.00000000e+00
  4.25099805e-02 4.53623801e-01 2.55175543e+00 2.11003041e+00
  3.18297601e+00 8.91173840e+00 4.29207563e+00 3.24177051e+00
  1.24979615e+00 2.43263292e+00 3.10286731e-01 1.25013435e+00
  0.00000000e+00 7.19750881e-01 2.56405258e+00 4.55914527e-01
  5.82922792e+00 1.66961551e-01 2.16053534e+00 3.21830416e+00
  6.72945082e-01 8.67134690e-01 5.26288092e-01 2.95549703e+00
  2.73040557e+00 1.05115497e+00 7.16514206e+00 4.56689835e+00
  2.24170089e+00 1.23169255e+00 6.61704445e+00 7.07114220e-01
  6.38088524e-01 6.34363517e-02 3.84273231e-01 1.46860361e+00
  0.00000000e+00 1.39736116e+00 6.65493631e+00 0.00000000e+00
  3.82051682e+00 1.15995324e+00 7.45865107e+00 2.27314520e+00
  6.20630503e+00 1.45302582e+00 0.00000000e+00 4.15206760e-01
  2.48814607e+00 0.00000000e+00 0.00000000e+00 8.90585631e-02
  6.43685460e-01 4.00582738e-02 6.87298441e+00 8.82648373e+00
  1.34243464e+00 2.25557134e-01 2.20204139e+00 2.58266479e-01
  2.54651570e+00 2.86526650e-01 0.00000000e+00 1.23405242e+00
  3.67342448e+00 1.04135072e+00 3.25652719e-01 0.00000000e+00
  3.12753916e+00 1.38648629e-01 1.07846761e+00 3.80457425e+00
  2.56186247e+00 2.07419372e+00 0.00000000e+00 4.04076433e+00
  1.80990505e+00 3.69786501e+00 4.80245924e+00 6.18092680e+00
  0.00000000e+00 1.69783390e+00 4.07898098e-01 0.00000000e+00
  2.44763279e+00 1.74163803e-01 1.43726742e+00 1.69443712e-01
  0.00000000e+00 1.55364645e+00 4.94020176e+00 2.68529582e+00
  1.15278363e+00 0.00000000e+00 2.34054732e+00 1.63575530e+00
  1.43625116e+00 2.73843575e+00 3.20019436e+00 1.30984497e+00
  7.09973383e+00 3.96216846e+00 1.89106786e+00 5.29066610e+00
  4.43937635e+00 6.80054188e-01 4.96040225e-01 2.93778086e+00
  1.26897764e+00 4.81840658e+00 5.94684219e+00 2.74184048e-01
  1.83190167e+00 7.54155695e-01 9.98085618e-01 3.83276081e+00
  1.60351765e+00 8.64791274e-01 1.58556569e+00 2.67054963e+00
  5.09664059e-01 1.30882323e+00 2.32318386e-01 3.64524436e+00
  1.81072593e+00 1.02698433e+00 2.04353690e+00 4.12081337e+00
  1.40259600e+00 1.42299151e+00 7.07025146e+00 0.00000000e+00
  5.09336090e+00 1.93696380e+00 0.00000000e+00 5.39137125e+00
  0.00000000e+00 4.36990857e-01 6.71472192e-01 1.74430653e-01
  3.79294962e-01 6.58222008e+00 2.49246621e+00 2.06791043e+00
  9.08334255e+00 0.00000000e+00 1.06257379e+00 1.60425174e+00
  4.09380245e+00 4.61166769e-01 6.85541725e+00 5.22765493e+00
  5.45809090e-01 2.05311909e-01 2.97744662e-01 0.00000000e+00
  0.00000000e+00 1.89302433e+00 1.05383646e+00 7.19740009e+00
  1.85980853e-02 1.01466918e+00 4.30325180e-01 2.23021436e+00
  2.42375517e+00 5.73858395e-02 4.39994907e+00 2.79149580e+00
  8.46789122e-01 5.16868353e-01 1.79334211e+00 3.29452492e-02
  2.01403236e+00 7.39974380e-01 2.36263180e+00 5.03701830e+00
  2.24394941e+00 1.06637545e+01 1.23891318e+00 1.06858563e+00
  2.58005238e+00 2.37285495e+00 2.02612090e+00 3.33604026e+00
  3.18232036e+00 1.56194906e+01 0.00000000e+00 9.41872215e+00
  2.40848660e+00 2.56503248e+00 3.55759597e+00 1.47673643e+00
  2.42231131e-01 2.29705498e-01 9.46241570e+00 1.79746008e+00
  0.00000000e+00 1.96164465e+00 1.67870909e-01 2.45002246e+00
  1.50645077e-01 1.50000080e-02 0.00000000e+00 1.67666316e+00
  0.00000000e+00 2.69970059e-01 3.80279899e-01 3.33289170e+00
  1.23351797e-01 3.27787995e+00 3.58002138e+00 5.87831163e+00
  1.11832583e+00 4.04635286e+00 1.13490934e+01 6.49889559e-02
  5.82593346e+00 2.30332160e+00 3.20678562e-01 1.13309371e+00
  1.11710332e-01 4.33279562e+00 2.54652917e-01 3.61633325e+00
  8.20050478e-01 2.39962792e+00 6.69176280e-01 5.42727470e+00
  0.00000000e+00 1.43733352e-01 6.17598295e-01 1.27187085e+00
  0.00000000e+00 3.98952276e-01 0.00000000e+00 2.06442237e+00
  3.27292991e+00 0.00000000e+00 4.19009256e+00 4.76405096e+00
  1.10145845e-01 2.74731040e+00 6.16699600e+00 3.00656843e+00
  0.00000000e+00 7.89616406e-01 2.31890893e+00 2.39931607e+00
  0.00000000e+00 2.63543844e-01 2.68862337e-01 1.29216647e+00
  1.84601688e+00 7.14892566e-01 6.67740405e-01 1.26170444e+00
  5.48798263e-01 6.19943380e+00 7.66252816e-01 5.91173458e+00
  0.00000000e+00 2.10695457e+00 1.44559526e+00 3.18852335e-01
  1.38365614e+00 0.00000000e+00 3.12694132e-01 4.40311098e+00
  0.00000000e+00 0.00000000e+00 2.39428598e-02 2.64478661e-02
  1.44083357e+00 4.10724431e-01 1.24424148e+00 4.48858786e+00
  0.00000000e+00 1.33750153e+00 3.17363715e+00 2.23918009e+00
  1.40939331e+00 7.24793673e-01 1.45724094e+00 9.18724597e-01
  3.45277071e+00 3.06209065e-02 4.38047504e+00 1.24541807e+00
  6.26105785e+00 3.79122210e+00 3.49339581e+00 4.98166132e+00
  2.19088984e+00 5.72319210e-01 7.03241396e+00 1.50606132e+00]]