[[2.2570018e-01 1.9615999e-01 9.8897117e-01 0.0000000e+00 5.3268296e-01
  3.2200158e+00 2.8260121e+00 3.2303774e+00 3.5452771e-01 2.7277224e+00
  2.2855420e+00 5.7480514e-01 4.6232500e+00 5.9848708e-01 8.4322619e-01
  2.1303095e-01 4.3545136e-01 2.2385921e-01 0.0000000e+00 1.5903436e+00
  1.7140189e+00 1.4501103e+01 2.8230047e-01 3.0973928e+00 1.9050899e+00
  5.3669844e+00 1.1270959e+01 4.0410647e+00 9.4842345e-01 3.6931071e+00
  0.0000000e+00 2.5390866e+00 4.2456967e-01 4.5347557e+00 1.4435799e-01
  1.4392868e+00 0.0000000e+00 2.9656804e-01 6.1949954e+00 5.9227514e-01
  5.3762636e+00 2.0828087e+00 1.8431077e+00 6.2916570e+00 3.7573442e+00
  2.1751423e+00 3.4763756e+00 5.3638005e+00 3.9888711e+00 1.1633590e+00
  6.4706435e+00 1.6419656e+00 8.6965017e-02 3.8073063e+00 3.0045197e+00
  1.0161418e+00 3.3083320e+00 1.9444458e+00 8.0451593e+00 9.8421091e-01
  6.5199059e-01 4.9184027e-01 6.9082441e+00 1.0634181e+01 0.0000000e+00
  0.0000000e+00 4.8942924e-01 5.5264916e+00 2.5183013e-01 2.3890409e+00
  3.7808750e+00 8.1016321e+00 4.7542038e+00 7.2632799e+00 5.5240302e+00
  7.6526099e-01 8.3894205e-01 4.3382468e+00 1.8079022e-01 0.0000000e+00
  6.6376706e-03 2.5688028e+00 5.4121318e+00 0.0000000e+00 0.0000000e+00
  2.8263793e+00 2.1757231e+00 0.0000000e+00 3.7369542e-02 0.0000000e+00
  1.7038666e+00 3.0476388e-01 1.6518041e-01 7.7310281e+00 9.1340798e-01
  4.8588943e-01 2.1676268e-01 1.5470196e+00 3.8984244e+00 1.7911388e-01
  5.9235972e-01 8.0195913e+00 2.2105119e+00 3.4693968e+00 1.2852060e+00
  2.1575131e+00 4.5395427e+00 1.8656546e+00 3.2206428e+00 1.8029929e+00
  2.9425030e+00 4.6945584e-01 0.0000000e+00 2.8760982e-01 2.0018236e-01
  2.9163897e-01 1.5618247e+00 1.3268375e+00 1.3761261e+00 5.2882057e-01
  0.0000000e+00 2.3906302e+00 5.0733054e-01 8.3561029e+00 1.4875423e+00
  9.7430265e-01 8.5159577e-02 5.2342132e-02 8.2641011e-01 1.2039541e+01
  1.0750294e+00 1.0870156e+00 4.1034727e+00 0.0000000e+00 1.0607451e+00
  1.4985667e+00 0.0000000e+00 0.0000000e+00 5.7180290e+00 1.0090103e+00
  1.9592927e+00 7.7658409e-01 0.0000000e+00 1.5336480e+00 5.4195137e+00
  1.4057683e+00 5.7739158e+00 5.8305001e-01 0.0000000e+00 1.0658616e+00
  1.8517598e+00 0.0000000e+00 5.4542881e-01 3.3315760e-01 6.5921193e-01
  1.8814030e+00 8.5514620e-02 7.2349672e+00 1.5564454e+00 2.3731841e-01
  0.0000000e+00 5.9217077e-01 1.0505050e+01 0.0000000e+00 4.6448884e+00
  4.0618372e-01 0.0000000e+00 4.1510063e-01 5.0209117e+00 2.1321189e+00
  6.7488790e+00 1.5375085e+00 8.1913528e+00 0.0000000e+00 8.1415635e-01
  4.7810459e+00 3.0109963e-01 9.1560423e-01 8.2489977e+00 1.1801796e+01
  1.5912424e+00 6.8506497e-01 3.7619805e+00 1.0392158e+00 0.0000000e+00
  3.7646017e+00 3.8525198e+00 1.1373279e+00 5.2633104e+00 2.7707198e+00
  6.6540947e+00 4.5408785e-01 4.1196249e-02 5.9071755e+00 0.0000000e+00
  0.0000000e+00 1.7857533e+00 4.5867982e+00 5.5465376e-01 5.6497389e-01
  3.9050035e+00 5.0260057e+00 0.0000000e+00 1.1676016e-01 0.0000000e+00
  4.1527133e+00 3.7927830e-01 1.3167439e+00 1.2675714e+00 2.0695385e+01
  3.6713600e+00 2.7263496e+00 1.4846053e+00 4.3106112e+00 2.3234947e-01
  3.9778578e+00 7.7974087e-01 1.7499084e+00 3.1367305e-01 3.5943632e+00
  6.6005068e+00 1.5622590e+01 6.0094041e-01 1.3583241e+00 1.9007539e+00
  6.4272034e-01 1.1184411e+00 4.8412027e+00 1.8816473e-01 5.0900429e-01
  1.4843032e+00 2.3494437e+00 2.4404576e+00 9.2664480e+00 4.1683488e+00
  7.7663118e-01 2.1048074e+00 3.3902345e+00 1.2459664e+00 2.5164969e+00
  2.1674813e-01 9.6090566e-03 7.5189340e-01 3.6931407e+00 2.2802675e+00
  3.3786845e+00 6.1847696e+00 1.1352186e+00 3.0902994e+00 1.8113974e+00
  8.3333766e-01 5.6719489e+00 4.5751519e+00 1.0071452e+00 6.1221247e+00
  2.8681025e-01 1.9540435e-01 1.3408285e+00 5.8856082e+00 2.9208906e+00
  0.0000000e+00 0.0000000e+00 0.0000000e+00 1.8088459e+00 2.1457379e+00
  0.0000000e+00 3.6605735e+00 1.3184073e+00 3.7505019e+00 2.2171650e+00
  7.4183769e+00 0.0000000e+00 3.7480268e-01 4.8732500e+00 1.3516600e+00
  1.0068028e+00 8.5608444e+00 6.6860604e-01 7.2277623e-01 3.7578185e+00
  8.9445457e+00 1.9534017e+00 4.2727551e+00 0.0000000e+00 2.9371026e+00
  2.0153176e-02 9.6131819e-01 1.6890189e-01 7.3217249e-01 7.5563914e-01
  0.0000000e+00 1.0745566e+00 1.4464924e+01 6.4086962e+00 3.5396760e+00
  0.0000000e+00 1.0172706e+00 3.4381070e+00 0.0000000e+00 9.4326371e-03
  2.1146399e-01 1.1718093e+00 2.2557619e+00 0.0000000e+00 3.4808285e+00
  0.0000000e+00 8.7125629e-01 3.4519594e+00 1.9663606e+00 6.6840625e-01
  3.1983173e+00 0.0000000e+00 1.4857966e+00 1.1650209e+00 2.1252120e+00
  1.1941288e+00 8.2138503e-01 8.4015760e+00 0.0000000e+00 4.6989632e+00
  0.0000000e+00 6.0169950e+00 2.4137142e+00 1.0398859e+00 2.3738492e+00
  1.3261888e+00 6.8596740e+00 5.6006920e-01 4.6842098e+00 2.8169613e+00
  1.2744910e-01 9.4380875e+00 9.8364615e-01 2.4240253e+00 3.0128629e+00
  2.7892449e+00 1.0039186e+01 9.5954955e-01 1.0430112e+00 1.3056972e+00
  1.7019762e-02 1.6186900e+00 1.4412395e+00 5.7630434e+00 4.1615911e+00
  9.4859898e-01 5.7514703e-01 3.1074820e+00 6.4948773e-01 1.6183913e+00
  1.6651729e+00 2.0140493e+00 2.8078549e+00 0.0000000e+00 4.4215112e+00
  6.1543244e-01 2.3432045e+00 2.8545666e+00 2.5638640e+00 4.2797208e-01
  2.2444509e-01 0.0000000e+00 1.0173268e+01 2.7462211e+00 5.2026320e+00
  1.2678318e+00 9.2954731e+00 1.5580171e-01 9.7378924e-02 5.2119476e-01
  2.4650855e-01 3.0790124e+00 7.1883082e+00 2.7727731e-02 5.7640400e+00
  2.1889231e+00 2.6100261e+00 4.6738815e+00 5.9348035e-01 1.5851039e+00
  1.2945272e+00 1.3623407e+00 3.8122287e-01 4.5715255e-01 2.8002160e+00
  2.9488549e-01 9.5667392e-01 1.9389665e-01 4.9657989e-01 1.0134227e+01
  1.2992452e+00 3.1895857e+00 2.4606228e+00 1.2089795e+00 0.0000000e+00
  5.3775678e+00 1.5527380e+00 1.3929160e+00 1.0609418e+00 1.8647498e+00
  1.4268192e+00 1.0143007e+01 6.4866095e+00 7.6645154e-01 4.4453406e+00
  1.5556762e+00 0.0000000e+00 4.0395722e-01 6.4872569e-01 1.1217477e+00
  1.1790419e+00 1.0773271e+00 4.2261265e-02 0.0000000e+00 1.5583730e+00
  2.5867179e-01 2.0306115e+00 5.2404052e-01 7.5307603e+00 7.1824560e+00
  4.9217587e+00 3.1938371e-01 2.2138305e+00 4.4868412e+00 4.8758939e-01
  0.0000000e+00 0.0000000e+00 8.2409722e-01 1.4154031e+00 1.5778564e+00
  2.9958434e+00 4.8312464e+00 1.5291000e+01 4.7929792e+00 3.3614519e-01
  1.7323196e+00 0.0000000e+00 8.2834470e-01 1.9435424e-02 2.4391065e+00
  1.1839479e-01 0.0000000e+00 1.6120933e-01 4.9601040e+00 2.0511434e+00
  0.0000000e+00 5.7830377e+00 1.4775056e+00 0.0000000e+00 4.4568175e-01
  0.0000000e+00 4.3307552e+00 3.0434859e+00 5.3618937e+00 1.0037625e+00
  0.0000000e+00 4.8783107e+00 4.4259362e+00 4.6421170e+00 7.5402851e+00
  3.3509195e+00 8.2796830e-01 2.1233559e+00 1.2268281e+00 0.0000000e+00
  0.0000000e+00 1.9891745e+00 1.1898277e+00 1.3383559e+00 5.4866719e-01
  3.2852070e+00 1.6096455e+00 7.4951520e+00 2.0892148e+00 0.0000000e+00
  0.0000000e+00 3.9975383e+00 5.3468614e+00 4.1509160e-01 4.2388424e-01
  4.5904416e-01 0.0000000e+00 1.8327622e-01 1.7482324e-01 0.0000000e+00
  4.2226677e+00 5.6260076e+00 3.2888746e+00 2.6049523e+00 3.6245140e-01
  2.5534961e+00 0.0000000e+00 5.6933308e-01 4.0402393e+00 1.7743170e+00
  1.3278664e+00 1.0316528e+01 3.6481528e+00 1.1010817e+00 4.1327286e+00
  2.6765571e+00 2.6618264e+00 6.5772521e-01 2.9029295e+00 9.0608797e+00
  0.0000000e+00 6.0664005e+00 5.6379828e+00 6.8302578e-01 1.5782466e+00
  8.3241808e-01 3.4925535e+00]]