[[4.98974085e-01 3.55935955e+00 2.28031826e+00 1.46230149e+00
  3.44455123e+00 2.37605000e+00 3.89037657e+00 2.39303207e+00
  4.79345798e+00 3.11665416e+00 3.16171694e+00 2.02435017e+00
  4.06136930e-01 3.89205313e+00 9.98668909e-01 9.50475395e-01
  1.05389142e+00 1.60935295e+00 0.00000000e+00 4.91836691e+00
  7.43748099e-02 5.54181862e+00 4.86234784e-01 2.37719834e-01
  1.24924755e+00 3.81812024e+00 0.00000000e+00 0.00000000e+00
  4.71015978e+00 0.00000000e+00 9.87625420e-01 2.97929668e+00
  2.28316903e-01 5.31965876e+00 1.88327983e-01 1.38634026e-01
  1.19944525e+00 6.45340458e-02 5.04078293e+00 3.81921172e-01
  5.17720032e+00 3.55826092e+00 9.89177942e-01 9.29621696e+00
  1.22809660e+00 2.29194260e+00 3.51993632e+00 1.67919171e+00
  3.99731016e+00 4.51650524e+00 3.69858360e+00 1.35236442e-01
  3.59514743e-01 9.08942595e-02 4.69598722e+00 5.20593500e+00
  4.70944077e-01 1.05803661e+01 9.60499763e-01 7.73724616e-01
  0.00000000e+00 7.57550240e-01 1.07050409e+01 1.36289656e+00
  4.54292089e-01 1.08717358e+00 5.03652275e-01 6.97905660e-01
  1.22288477e+00 1.03299026e+01 3.08904552e+00 1.99806583e+00
  0.00000000e+00 1.91712248e+00 1.35104716e+00 1.73168063e+00
  3.75827980e+00 8.23956490e-01 1.41254675e+00 2.41492137e-01
  2.25824904e+00 1.20710564e+01 3.77937484e+00 1.58761537e+00
  1.04888153e+01 7.81297874e+00 7.09082261e-02 2.90436149e-01
  6.79240704e+00 2.65032077e+00 1.41577005e+00 7.04735327e+00
  1.06804311e+00 6.54066849e+00 3.78396773e+00 1.23991282e-03
  1.51026273e+00 1.23937869e+00 2.62895679e+00 1.13603725e+01
  1.84499812e+00 3.86894941e+00 6.42100573e-01 2.52001977e+00
  4.37326133e-02 6.19611979e-01 1.22188330e+00 0.00000000e+00
  4.48525333e+00 2.18550658e+00 2.17682123e+00 4.86320114e+00
  5.29809356e-01 0.00000000e+00 6.06434166e-01 0.00000000e+00
  1.15073433e+01 7.31722713e-01 2.90581346e+00 1.09846868e-01
  3.06586802e-01 4.73056048e-01 1.59546506e+00 7.91508102e+00
  0.00000000e+00 8.38001013e-01 4.29669559e-01 2.19667673e-01
  3.92006278e-01 1.39576588e+01 6.92879200e+00 0.00000000e+00
  1.05615301e+01 7.26558939e-02 2.26717591e+00 4.84672517e-01
  2.00393963e+00 0.00000000e+00 6.25894487e-01 1.05574923e+01
  2.00850201e+00 2.30156377e-01 3.75537419e+00 1.17310727e+00
  1.55321586e+00 5.08700572e-02 2.64930701e+00 3.95002738e-02
  2.25991392e+00 8.14744234e-01 5.71199894e-01 1.54266906e+00
  2.80019188e+00 1.70205176e+00 3.75928879e-01 7.44526768e+00
  1.49938405e+00 1.01087177e+00 2.70473552e+00 3.55581790e-01
  1.99487954e-01 2.93792152e+00 1.61521709e+00 1.97549808e+00
  3.36235851e-01 3.09273148e+00 0.00000000e+00 3.63947105e+00
  1.51470804e+00 8.49250317e+00 1.21942282e+00 7.34698474e-01
  3.84744668e+00 0.00000000e+00 1.05344760e+00 7.05785513e+00
  3.18866158e+00 1.94521582e+00 7.41221428e-01 2.69922447e+00
  8.54485855e-02 4.86187398e-01 7.14614296e+00 1.58316922e+00
  1.06776297e+00 4.53443646e-01 8.59763908e+00 5.41261017e-01
  2.11793900e+00 4.51399326e+00 3.75267315e+00 9.63853955e-01
  6.93634272e-01 6.17451334e+00 2.95193601e+00 1.28813720e+00
  6.36176884e-01 1.07803059e+01 3.94643140e+00 3.90844297e+00
  1.01340179e+01 0.00000000e+00 7.47001469e-01 0.00000000e+00
  4.17632103e+00 3.80963778e+00 0.00000000e+00 1.32005203e+00
  2.88685679e+00 9.35210037e+00 1.83998632e+00 6.87817574e-01
  1.66819799e+00 2.55184007e+00 9.81466651e-01 3.43456388e-01
  3.63614738e-01 7.19709444e+00 1.74900877e+00 3.67913604e+00
  2.40191889e+00 7.13191175e+00 3.09815317e-01 7.23187447e+00
  6.61286640e+00 6.14809942e+00 9.86862779e-01 7.83716619e-01
  3.40310764e+00 2.49177217e+00 1.98708022e+00 7.03119946e+00
  3.50399390e-02 2.83862129e-02 2.56294179e+00 4.10551834e+00
  1.56254172e+00 3.38427663e+00 3.08556706e-01 4.03891414e-01
  4.06745285e-01 6.32594681e+00 4.18735236e-01 1.83086717e+00
  1.54609036e+00 2.48531127e+00 7.38263273e+00 6.60488382e-02
  4.61230421e+00 1.39453423e+00 2.78421021e+00 1.31264663e+00
  1.94985259e+00 5.63272333e+00 3.79334617e+00 2.91548443e+00
  1.62364292e+00 3.28220177e+00 2.68870258e+00 8.13881993e-01
  2.45933533e-01 4.48747486e-01 6.73491955e-01 3.24056816e+00
  1.01433909e+00 6.05530858e-01 4.16982698e+00 7.49871612e-01
  1.38711615e+01 1.33718467e+00 1.28447638e+01 3.83935943e-02
  2.21206114e-01 7.03805745e-01 7.14643097e+00 3.20311403e+00
  1.01859131e+01 3.93174982e+00 1.29755592e+00 2.45292377e+00
  4.62981033e+00 1.35355747e+00 1.24908686e+00 8.48874390e-01
  6.91412210e+00 0.00000000e+00 6.44383955e+00 2.01761818e+00
  2.36381218e-01 6.57743812e-01 2.12133574e+00 1.94811821e+00
  1.47117271e+01 1.15420780e+01 3.32387066e+00 2.83313394e-01
  2.51672411e+00 1.81224167e-01 3.43715549e+00 1.22317088e+00
  2.60453045e-01 5.69547558e+00 1.04458199e+01 0.00000000e+00
  0.00000000e+00 3.54586124e-01 7.13470078e+00 4.69884157e+00
  2.91922021e+00 3.12720346e+00 4.57337999e+00 7.97252715e-01
  5.88312578e+00 2.69717193e+00 3.62674189e+00 2.55995655e+00
  1.04626906e+00 6.44109344e+00 2.36382127e+00 6.46479654e+00
  1.71798742e+00 7.56807423e+00 7.04845715e+00 1.39660048e+00
  5.25109911e+00 6.78795397e-01 1.01844635e+01 1.31609797e+00
  3.31091785e+00 5.55680466e+00 2.28827381e+00 6.51057577e+00
  3.58879614e+00 2.10195208e+00 3.11096406e+00 2.86600351e+00
  1.91963959e+00 7.87030697e+00 5.02939272e+00 2.41913509e+00
  6.08258247e-01 1.13471836e-01 1.59335986e-01 3.55204749e+00
  4.99380636e+00 2.34398067e-01 1.27924848e+00 4.10226774e+00
  3.45224071e+00 2.77848482e+00 8.40323512e-03 3.10400009e-01
  0.00000000e+00 1.59662640e+00 8.69471908e-01 4.03090954e-01
  3.14582443e+00 2.96550083e+00 4.03641367e+00 2.14197063e+00
  9.87712920e-01 6.23395085e-01 2.80355525e+00 1.02168918e+00
  1.61406851e+00 1.97048891e+00 2.03098178e+00 2.68576771e-01
  6.86466217e-01 1.71102962e+01 1.65145695e-01 0.00000000e+00
  1.09605150e+01 8.18345547e-01 2.46167111e+00 2.10329342e+00
  2.26674938e+00 2.16461658e+00 8.03447723e+00 1.57648182e+00
  3.02375078e+00 5.86639643e+00 0.00000000e+00 1.55497801e+00
  6.02849960e+00 6.36619091e-01 4.69119072e+00 4.82901126e-01
  4.73660156e-02 2.73242784e+00 2.84898257e+00 1.25620353e+00
  4.32384205e+00 3.83181286e+00 2.63130903e+00 1.30138528e+00
  1.20498133e+00 1.18769014e+00 4.65809011e+00 4.08615265e-03
  1.76003778e+00 5.95452499e+00 5.64302397e+00 3.11293507e+00
  7.05615282e+00 3.59502172e+00 9.53170300e-01 6.05329394e-01
  5.62728465e-01 2.27982521e+00 1.28149498e+00 3.30385828e+00
  1.34886897e+00 5.99188805e+00 1.74150407e-01 4.30605030e+00
  1.07856083e+00 1.17725039e+00 2.79915071e+00 3.20139551e+00
  1.91786957e+00 1.63719222e-01 1.35717821e+00 9.59677792e+00
  3.69633007e+00 6.21638060e-01 7.07683468e+00 1.04442298e+00
  5.43786943e-01 1.80755973e-01 1.53965139e+00 6.22308254e-02
  8.15713215e+00 6.56828582e-01 1.96389407e-01 2.50465274e+00
  2.93873101e-01 0.00000000e+00 7.79905736e-01 3.59587741e+00
  0.00000000e+00 1.04205668e+00 7.02211022e-01 3.03198981e+00
  9.62115049e-01 3.18174511e-01 3.05445552e+00 6.15876615e-01
  1.82553208e+00 7.04594851e-01 0.00000000e+00 4.37356091e+00
  3.49610877e+00 1.53037810e+00 8.35887051e+00 1.89495397e+00
  3.68416715e+00 3.82301569e+00 2.97246933e+00 4.03043079e+00
  1.07381392e+01 5.61948061e+00 2.91701555e+00 1.84172773e+00
  0.00000000e+00 2.04671812e+00 1.36123061e+00 5.18540239e+00
  1.12678063e+00 9.69474316e-01 1.89514422e+00 0.00000000e+00
  1.42416298e+00 1.16788876e+00 8.77486020e-02 3.11916113e+00
  1.67742535e-01 6.01875877e+00 6.59433985e+00 4.29248333e+00
  1.93009150e+00 8.46139848e-01 3.31325024e-01 4.19931078e+00
  5.15600801e-01 4.83905315e+00 1.15126598e+00 1.87489843e+00
  4.91058016e+00 2.00201726e+00 3.38969994e+00 4.81732035e+00
  1.45195648e-01 6.90696859e+00 5.29601908e+00 1.00009406e+00
  4.43323994e+00 3.09172773e+00 9.93781209e-01 1.19533443e+00
  3.16970444e+00 4.03020573e+00 4.24207830e+00 9.17778778e+00
  2.28958821e+00 4.14740920e-01 3.66871929e+00 1.11010022e-01
  1.08009815e+00 2.26534009e+00 5.87649107e+00 4.33495492e-01]]