[[4.54786092e-01 2.90077400e+00 4.13284492e+00 3.06207895e+00
  1.35259056e+00 2.85028148e+00 6.94138336e+00 8.50317287e+00
  5.73675215e-01 7.67763495e-01 2.10253119e+00 2.96082687e+00
  2.22508860e+00 1.31386828e+00 7.77485490e-01 1.78287399e+00
  2.25212598e+00 2.90111685e+00 1.07072849e+01 5.03923607e+00
  0.00000000e+00 1.82814293e+01 7.42365062e-01 2.69177486e-03
  1.65074003e+00 5.12054682e+00 5.07777262e+00 1.16252193e+01
  2.86861610e+00 8.53518188e-01 3.85866404e+00 1.17442060e+00
  5.18397927e-01 5.54856586e+00 4.89895964e+00 2.64862943e-02
  2.89419055e-01 0.00000000e+00 7.62628937e+00 4.36886698e-01
  6.98813438e+00 5.92194366e+00 4.06391948e-01 6.87341356e+00
  1.21135928e-01 1.47701824e+00 1.74722695e+00 3.16218781e+00
  5.64187956e+00 5.29155731e+00 3.19017315e+00 5.39591849e-01
  5.89692545e+00 4.09172565e-01 6.26136661e-02 4.23142242e+00
  1.18803015e+01 3.03691715e-01 3.75714749e-01 2.22442698e+00
  1.39179945e+00 6.38390255e+00 1.49071288e+00 9.50815964e+00
  7.51542091e-01 7.44002962e+00 1.86975434e-01 7.04873204e-01
  4.46357584e+00 4.28460741e+00 9.21507168e+00 6.02774262e-01
  2.20482722e-01 3.21520352e+00 3.23469460e-01 4.89894986e-01
  1.03353286e+00 0.00000000e+00 2.83753157e+00 2.90140676e+00
  2.66474746e-02 3.95130277e+00 7.55491924e+00 5.79188442e+00
  1.24549913e+01 5.68127775e+00 5.19774008e+00 2.06448722e+00
  8.12888336e+00 5.30922318e+00 8.23054254e-01 1.20997119e+00
  5.45367861e+00 9.17897415e+00 3.91328716e+00 2.96065784e+00
  7.24399805e+00 5.23432493e-01 1.22133994e+00 1.70800936e+00
  1.90229833e+00 7.12727010e-02 1.05073893e+00 3.32230520e+00
  2.73621130e+00 0.00000000e+00 1.05183268e+00 6.07830191e+00
  1.30163038e+00 7.19471645e+00 3.16721487e+00 2.77311134e+00
  8.56444836e+00 3.02122617e+00 5.40096223e-01 7.84385920e+00
  7.32796001e+00 1.42050371e-01 0.00000000e+00 2.67467082e-01
  4.54847336e+00 1.28598735e-01 3.55687690e+00 2.42149162e+00
  0.00000000e+00 9.51958847e+00 1.10304570e+00 1.16103053e+00
  1.80148501e-02 1.03535700e+01 4.44285059e+00 1.34436154e+00
  6.55680895e+00 2.45704412e+00 1.49224550e-01 8.37165070e+00
  2.77922964e+00 3.79959583e-01 1.57863224e+00 1.75812733e+00
  1.30425525e+00 1.01118031e+01 1.61281240e+00 5.27298570e-01
  2.15608001e+00 4.24092340e+00 4.71505880e+00 3.83688664e+00
  6.68990231e+00 7.01934576e+00 4.91304815e-01 1.61911945e+01
  4.03968668e+00 5.71752787e+00 1.30453670e+00 1.35517225e+01
  1.27683401e+00 1.43884926e+01 3.27853155e+00 5.01791430e+00
  2.31044441e-02 1.71551633e+00 4.28224516e+00 3.06076622e+00
  1.60154021e+00 2.77015376e+00 1.17337298e+00 1.93523720e-01
  3.15690517e+00 1.35227573e+00 0.00000000e+00 5.71022630e-01
  2.19112897e+00 9.44796276e+00 3.75652599e+00 2.63476521e-01
  3.27751327e+00 1.11977887e+00 1.49449408e+00 1.87505078e+00
  2.15157676e+00 5.60400057e+00 3.78232503e+00 2.53780222e+00
  8.59207571e-01 6.37037456e-01 2.67285848e+00 4.01307791e-01
  6.18671656e+00 4.69542217e+00 0.00000000e+00 2.38660884e+00
  4.60221350e-01 2.77403498e+00 3.55535626e-01 2.62166953e+00
  3.56475592e+00 4.37459707e+00 4.45218652e-01 2.33069420e+00
  5.04535389e+00 0.00000000e+00 9.41991043e+00 0.00000000e+00
  8.50713158e+00 3.35066462e+00 5.05983210e+00 6.69007778e+00
  1.58704832e-01 1.69451733e+01 1.08375769e+01 4.17519283e+00
  1.98831415e+00 1.29034042e+00 1.30121660e+01 1.62748411e-01
  5.86520338e+00 0.00000000e+00 1.75380909e+00 3.22356081e+00
  1.17323351e+01 2.91329622e+00 5.15849066e+00 2.55692458e+00
  1.11655378e+00 5.77363062e+00 7.58403391e-02 3.47527289e+00
  7.59715843e+00 1.17995634e+01 1.08510911e-01 9.48232055e-01
  5.98583817e-01 7.42253512e-02 1.44254630e-02 4.20319319e+00
  2.86306882e+00 6.87319469e+00 2.37864804e+00 4.58744335e+00
  3.31852698e+00 5.67741871e+00 5.53216100e-01 6.03483248e+00
  1.13504362e+00 3.96699309e+00 4.92699385e+00 1.13863401e+01
  5.37794113e+00 5.00001574e+00 2.00064516e+00 1.76433456e+00
  5.12377143e-01 4.57196808e+00 3.68518496e+00 1.85543096e+00
  6.11754298e-01 5.74446023e-01 5.22409296e+00 4.42088795e+00
  2.67671895e+00 1.93333554e+00 9.15709114e+00 3.55905390e+00
  8.92825305e-01 5.34372151e-01 9.47316265e+00 6.11571185e-02
  5.42260408e+00 4.67918205e+00 3.35487437e+00 5.73523426e+00
  1.54847121e+00 8.57108879e+00 8.39263439e-01 1.90053046e-01
  5.69665051e+00 9.57888126e+00 5.56742764e+00 3.91534591e+00
  6.88372803e+00 2.73970318e+00 4.53653765e+00 7.44113863e-01
  2.51735401e+00 7.63116479e-01 3.66992879e+00 3.23163843e+00
  4.04195166e+00 2.74142176e-01 4.64187765e+00 1.62920368e+00
  2.15497160e+00 6.79403830e+00 3.73068810e+00 1.32215605e+01
  2.70718038e-01 3.03712100e-01 2.78497219e-01 5.08920699e-02
  6.40789628e-01 2.23315096e+00 1.06038828e+01 5.94122529e-01
  5.18390560e+00 5.48106670e-01 1.32329645e+01 4.36082095e-01
  8.40337127e-02 7.62181342e-01 8.86282444e-01 7.57396638e-01
  7.09658504e-01 1.14773016e+01 1.65467584e+00 8.86775494e-01
  1.09694576e+00 1.21314669e+00 1.08964849e+00 2.25827551e+00
  7.35085106e+00 2.71554542e+00 1.69293809e+00 1.10926886e+01
  5.39460802e+00 2.27062559e+00 1.03105946e+01 3.10614496e-01
  2.84120774e+00 9.89104807e-02 1.77218783e+00 3.14642000e+00
  9.38875258e-01 2.36950383e-01 5.89754057e+00 1.18504105e+01
  3.79149199e+00 7.48068571e+00 9.81136560e-01 1.04482746e+01
  7.12085390e+00 1.36170459e+00 4.29218435e+00 4.51396227e-01
  8.01255286e-01 1.86005914e+00 2.54080677e+00 2.33333111e+00
  6.07959330e-01 0.00000000e+00 7.44485795e-01 0.00000000e+00
  6.96332812e-01 6.29897535e-01 2.86571550e+00 2.05544877e+00
  4.19831306e-01 4.92379856e+00 4.24280375e-01 2.80629802e+00
  1.32510394e-01 2.96546960e+00 1.98262766e-01 4.13957405e+00
  2.06423426e+00 1.10859132e+00 1.95970905e+00 6.94448352e-01
  5.32206774e+00 9.19177628e+00 3.74865437e+00 1.52539575e+00
  2.45811486e+00 2.40546036e+00 3.45095396e+00 5.11470985e+00
  2.74398613e+00 0.00000000e+00 1.50372677e+01 1.24360061e+00
  3.26353526e+00 5.48721361e+00 1.08455765e+00 2.68787682e-01
  1.42853379e-01 3.01548386e+00 4.91477585e+00 3.18643570e-01
  3.18486547e+00 4.16259915e-01 1.81852973e+00 1.10619764e+01
  9.74426365e+00 4.37104750e+00 6.88427269e-01 4.70153034e-01
  3.75080752e+00 3.25681329e-01 7.57695484e+00 2.48040938e+00
  2.54973912e+00 6.24199677e+00 5.47625959e-01 2.74621576e-01
  4.24091196e+00 3.41450691e+00 0.00000000e+00 7.39969730e+00
  4.72861242e+00 1.46569836e+00 7.12270856e-01 1.07824969e+00
  2.43036151e-01 4.28616285e-01 2.49149632e+00 1.58351684e+00
  0.00000000e+00 1.11866295e+00 4.37497884e-01 3.67773557e-03
  2.46535316e-01 2.51947165e+00 2.77650070e+00 2.63256049e+00
  9.27683830e-01 5.22793341e+00 4.43556881e+00 1.52288508e+00
  6.46807432e-01 1.08399582e+01 0.00000000e+00 5.51122427e-01
  5.76704502e+00 5.43706846e+00 6.10253811e-01 3.16310239e+00
  9.74512863e+00 1.28184545e+00 7.04075634e-01 2.31072140e+00
  0.00000000e+00 6.26401615e+00 9.75334942e-01 1.60347331e+00
  7.57283783e+00 6.98780298e-01 7.23625779e-01 1.37631130e+00
  4.47506428e+00 1.75203109e+00 1.11392403e+00 5.22627926e+00
  3.13129091e+00 7.97794437e+00 1.02998388e+00 2.07281485e-01
  3.79638648e+00 3.31800866e+00 1.60308337e+00 8.42838860e+00
  0.00000000e+00 4.56897259e+00 7.27393627e-01 5.07561445e+00
  1.85091153e-01 8.66494465e+00 2.42755938e+00 1.60712719e+00
  1.95486927e+00 3.44136024e+00 1.65229833e+00 5.86601162e+00
  3.58672452e+00 3.32363200e+00 3.48775673e+00 2.74859738e+00
  3.76375407e-01 3.88729244e-01 4.68508720e+00 1.61609793e+00
  8.79974365e-01 7.44176149e-01 8.78065407e-01 2.90400791e+00
  7.25196064e-01 2.65784693e+00 8.08345973e-01 1.69264972e+00
  1.53273165e+00 4.72143173e+00 1.14554863e+01 7.81210518e+00
  2.59598196e-01 1.67804360e+00 8.41423702e+00 3.73811215e-01
  2.51442862e+00 3.39043355e+00 7.37537909e+00 2.03368473e+00
  7.58905232e-01 1.07656515e+00 2.77116150e-02 1.09833546e+01
  1.78714991e+00 5.08804508e-02 3.58041477e+00 2.92881775e+00
  5.14408922e+00 2.32058191e+00 5.76014376e+00 0.00000000e+00]]