[[2.70780325e-01 1.71659857e-01 2.54442859e+00 0.00000000e+00
  0.00000000e+00 2.06015091e+01 3.31254745e+00 0.00000000e+00
  1.44233793e-01 4.31417674e-01 7.87656367e-01 5.87139070e-01
  3.11176968e+00 1.37678671e+00 0.00000000e+00 5.08798075e+00
  1.00460041e+00 9.94055271e-01 3.43048692e+00 5.36222601e+00
  1.22621441e+00 6.56608057e+00 2.53175187e+00 3.32130432e-01
  7.11470842e-01 5.15858889e+00 1.06559658e+00 1.33248955e-01
  4.60167837e+00 0.00000000e+00 9.42970276e-01 8.75174522e+00
  1.56118047e+00 3.65401602e+00 1.39292210e-01 8.92674923e-01
  4.32377625e+00 1.64091855e-01 3.85543394e+00 3.04372549e+00
  1.39610815e+00 2.87048411e+00 1.04567933e+00 4.58545971e+00
  0.00000000e+00 3.49376649e-02 4.77713203e+00 1.67371583e+00
  6.08137226e+00 2.35150710e-01 1.48930149e-02 3.52595425e+00
  4.63737458e-01 5.26004553e-01 3.81819177e+00 4.32326221e+00
  1.98432362e+00 1.17443686e+01 4.39840347e-01 6.99497461e-01
  3.70413452e-01 3.25760698e+00 2.79875064e+00 8.63794899e+00
  2.10959744e+00 2.66174912e+00 3.30234265e+00 2.30357480e+00
  8.36587787e-01 5.54461718e+00 5.37976837e+00 3.97043020e-01
  1.40809193e-01 5.89427710e+00 1.22164142e+00 1.36345577e+00
  1.08271003e+00 0.00000000e+00 2.22835207e+00 2.29195476e+00
  3.00096422e-01 1.08327925e-01 5.04277945e+00 0.00000000e+00
  1.32835531e+00 3.69129443e+00 1.79963008e-01 9.16228667e-02
  1.96365798e+00 2.93908358e-01 1.11951084e+01 4.78013420e+00
  2.37454581e+00 3.43590665e+00 2.67235136e+00 4.49974775e-01
  5.70199728e-01 6.37728214e+00 0.00000000e+00 3.46795869e+00
  2.38231495e-02 4.29808855e-01 5.55559492e+00 6.14104271e+00
  5.87527895e+00 3.05095482e+00 1.09551299e+00 2.84152273e-02
  1.80747092e-01 0.00000000e+00 2.37603593e+00 1.42996991e+00
  1.05799951e-01 2.29967766e+01 9.22706604e-01 3.94575977e+00
  9.07270908e+00 1.23985970e+00 3.79087424e+00 9.39374447e-01
  6.55959904e-01 1.39450443e+00 1.59636366e+00 5.96720123e+00
  4.37179422e+00 2.76301599e+00 1.46597371e-01 0.00000000e+00
  6.55557394e+00 2.23806496e+01 0.00000000e+00 5.32761514e-01
  3.39351130e+00 5.63505352e-01 0.00000000e+00 1.66352451e+00
  7.57331073e-01 5.54072261e-01 6.10998726e+00 5.17966390e-01
  5.17752886e-01 9.59000230e-01 2.07968426e+00 3.47860026e+00
  7.46629834e-01 1.28501105e+00 1.87888956e+00 0.00000000e+00
  2.72839451e+00 4.37896587e-02 6.06344175e+00 2.56448841e+00
  3.52398753e+00 0.00000000e+00 4.63615388e-01 1.09755206e+00
  1.64919198e+00 4.88355064e+00 4.52326328e-01 5.51480651e-01
  2.22800016e+00 9.79918671e+00 1.28441215e+00 3.80262077e-01
  7.61219883e+00 1.45043075e+00 6.80292249e-01 2.11607194e+00
  2.45397377e+00 3.38162959e-01 1.17911301e+01 1.60868645e+00
  3.14690351e+00 4.12523937e+00 1.51640022e+00 4.46134776e-01
  1.08578253e+00 4.13174868e+00 1.00380421e+01 9.22436237e+00
  8.93023908e-01 3.79008621e-01 4.88246632e+00 2.27820784e-01
  3.73532534e-01 2.53423595e+00 4.20258713e+00 1.21412385e+00
  1.09848666e+00 1.11314118e+00 1.11401200e+00 0.00000000e+00
  4.47473437e-01 4.28968239e+00 1.97028303e+00 2.31454921e+00
  0.00000000e+00 6.67764962e-01 1.30597889e-01 9.15057302e-01
  3.90250015e+00 5.85097134e-01 0.00000000e+00 0.00000000e+00
  3.72849393e+00 2.16143012e-01 1.03670788e+00 6.72660351e-01
  3.38879371e+00 4.56559181e+00 2.78697848e+00 4.38407946e+00
  5.42979300e-01 4.34945440e+00 9.16325450e-01 2.05674127e-01
  1.37806141e+00 0.00000000e+00 2.21679837e-01 2.64264560e+00
  0.00000000e+00 1.59165442e+00 0.00000000e+00 3.47296071e+00
  2.29405737e+00 9.32579517e-01 0.00000000e+00 4.40750510e-01
  4.50632215e-01 4.33599055e-01 1.96156418e+00 5.33181429e-01
  1.80044031e+00 2.86046475e-01 1.65026665e+00 4.97900534e+00
  3.49218512e+00 8.53635597e+00 7.76516151e+00 1.56169677e+00
  2.42443770e-01 2.12948418e+00 3.04830050e+00 3.06861281e+00
  2.40843630e+00 7.21936798e+00 3.36863017e+00 2.63134432e+00
  1.34720850e+00 5.40374708e+00 9.85663128e+00 5.81687510e-01
  1.18472970e+00 4.91420984e+00 3.70662832e+00 0.00000000e+00
  2.64793563e+00 6.42986202e+00 3.76098484e-01 3.31512618e+00
  8.85665119e-01 0.00000000e+00 1.29513353e-01 3.61083055e+00
  2.62931013e+00 3.50850560e-02 2.05520201e+00 1.22760916e+00
  1.04495173e+01 3.58109809e-02 2.00113726e+00 0.00000000e+00
  0.00000000e+00 1.78669190e+00 9.03180182e-01 1.71544480e+00
  1.50411758e+01 6.78548872e-01 0.00000000e+00 1.55499857e-02
  8.27380085e+00 0.00000000e+00 1.28173065e+01 1.99743122e-01
  5.43682861e+00 4.10274835e-03 3.37115693e+00 1.59153950e+00
  1.97002709e+00 2.80992961e+00 0.00000000e+00 3.52938032e+00
  7.02208757e-01 1.99704373e+00 4.02362919e+00 4.97899860e-01
  3.58353305e+00 9.25105512e-02 3.14238071e+00 0.00000000e+00
  9.81683064e+00 4.06807721e-01 2.78035545e+00 5.68389535e-01
  8.31587434e-01 4.93251324e-01 4.29478979e+00 8.52768362e-01
  1.23071635e+00 4.92648929e-01 1.25212622e+00 5.20654693e-02
  5.27909613e+00 4.34864283e-01 7.67920303e+00 8.37360084e-01
  4.56160831e+00 1.00535784e+01 5.68005037e+00 3.32294255e-01
  1.02425039e+00 4.71596098e+00 4.87735176e+00 3.54192644e-01
  3.41106713e-01 2.50162983e+00 5.38169336e+00 0.00000000e+00
  0.00000000e+00 1.99764824e+00 6.32721186e-01 4.19005060e+00
  1.41329539e+00 9.61937785e-01 8.84644604e+00 5.10873890e+00
  6.87848389e-01 2.17182088e+00 7.33254862e+00 5.42462730e+00
  4.57957077e+00 2.17840485e-02 3.24276757e+00 0.00000000e+00
  2.63115853e-01 1.26847208e+00 1.00281131e+00 0.00000000e+00
  1.13457970e-01 6.31992742e-02 2.65101838e+00 2.99858713e+00
  0.00000000e+00 1.59975195e+00 2.63897634e+00 4.70427088e-02
  3.59203696e-01 1.17270947e+01 3.03424692e+00 1.08054101e+00
  6.93449640e+00 1.60004720e-01 1.18683138e+01 8.04351711e+00
  5.60605907e+00 1.31736004e+00 2.00383205e+01 7.59836388e+00
  0.00000000e+00 6.54944360e-01 7.33662128e-01 2.54627526e-01
  2.18393421e+00 0.00000000e+00 7.97789335e-01 3.26607585e+00
  8.13523293e-01 2.05005407e+00 1.08825445e+00 6.88251877e+00
  6.47890615e+00 4.95577669e+00 0.00000000e+00 3.89882517e+00
  3.87797713e+00 8.04100335e-01 1.41206551e+00 8.61076117e-01
  1.31077576e+00 5.61590576e+00 1.20276131e-01 1.08665204e+00
  2.11693740e+00 5.88595200e+00 1.78817046e+00 1.48985505e+00
  1.10193336e+00 1.95762074e+00 5.07390499e+00 2.77320790e+00
  2.42367768e+00 8.67957878e+00 2.75113130e+00 6.17575407e+00
  3.42743611e+00 1.06113577e+00 1.07263017e+00 5.06589293e-01
  2.08575726e+00 4.14497232e+00 3.56599951e+00 2.64840662e-01
  0.00000000e+00 3.49628747e-01 6.58801460e+00 1.21566093e+00
  4.87804461e+00 7.68479034e-02 1.06431894e-01 2.69051008e-02
  1.57510114e+00 6.32364377e-02 7.57048607e-01 4.24402428e+00
  1.75648034e+00 5.35614453e-02 4.01059341e+00 8.87086582e+00
  7.16109991e-01 5.85127354e-01 4.43652344e+00 1.99771833e+00
  6.52539539e+00 3.91229987e-01 5.29621792e+00 1.86540871e+01
  4.06232327e-01 5.36853266e+00 7.61831403e-02 1.76868236e+00
  0.00000000e+00 9.12624955e-01 3.97368956e+00 2.48203802e+00
  1.53064575e+01 4.55949926e+00 3.96827698e-01 1.18917298e+00
  9.01634172e-02 3.97307426e-02 1.21133697e+00 2.34789014e+00
  3.64574313e+00 5.72314835e+00 1.78004420e+00 7.21831441e-01
  3.10494828e+00 1.09010863e+00 2.68403441e-01 1.14021358e+01
  2.39793873e+00 2.51371026e+00 3.47637713e-01 5.59202790e-01
  0.00000000e+00 2.41036206e-01 1.40228868e+00 4.48389947e-01
  5.45637417e+00 7.19330788e-01 2.07703519e+00 1.07869041e+00
  1.48438821e-02 1.00174007e+01 3.33957386e+00 3.89495945e+00
  4.27249289e+00 8.93065482e-02 0.00000000e+00 7.64424354e-02
  1.91437542e+00 7.07110524e-01 4.25633103e-01 4.34243298e+00
  0.00000000e+00 3.46260846e-01 3.17808533e+00 0.00000000e+00
  1.39444053e+00 1.32188201e-01 4.45686913e+00 0.00000000e+00
  3.72853577e-01 2.74743271e+00 2.15481257e+00 3.86384702e+00
  3.82969594e+00 5.26339865e+00 1.22628582e+00 5.51879704e-01
  7.40709066e+00 6.79057688e-02 1.65093529e+00 2.38983727e+00
  4.23315430e+00 1.80281460e+00 2.77084780e+00 1.83553171e+00
  1.55613816e+00 0.00000000e+00 2.51347780e+00 4.13892221e+00]]