[[1.57673165e-01 3.50564986e-01 1.21545458e+00 0.00000000e+00
  0.00000000e+00 3.78112388e+00 7.45521879e+00 1.05114651e+00
  9.41306889e-01 1.82906672e-01 2.08627892e+00 1.06152046e+00
  2.20823455e+00 9.24382985e-01 3.52056313e+00 5.74558914e-01
  8.50638330e-01 1.38680530e+00 1.85194433e+00 5.38396215e+00
  1.35314837e-02 1.92224674e+01 3.83164763e+00 8.76684561e-02
  4.23189372e-01 4.77213955e+00 1.22938502e+00 6.55336604e-02
  4.52538586e+00 1.02692261e-01 8.70958507e-01 1.46745098e+00
  1.10029793e+00 6.79138947e+00 0.00000000e+00 6.97484612e-02
  6.51732922e-01 7.23763853e-02 2.98586655e+00 7.86668956e-01
  6.67510414e+00 2.74806023e+00 5.57826948e+00 6.91522551e+00
  0.00000000e+00 1.10598588e+00 4.39449835e+00 3.44530232e-02
  2.51153302e+00 3.21086168e-01 3.90228796e+00 2.92454362e+00
  2.31656343e-01 8.59719753e-01 2.68972945e+00 2.92202759e+00
  4.63293457e+00 4.08143091e+00 1.17128134e+00 2.49058151e+00
  2.05581769e-01 1.35141432e+00 2.11183333e+00 5.29245806e+00
  1.30469370e+00 2.34066844e+00 7.46449381e-02 1.31242120e+00
  0.00000000e+00 3.53321052e+00 2.52806592e+00 3.97855341e-01
  4.81050462e-02 1.19959135e+01 3.60338426e+00 3.65869179e-02
  4.03499573e-01 1.00831878e+00 2.50827447e-02 1.24983108e+00
  6.88923180e-01 2.78030682e+00 6.21776772e+00 3.15264650e-02
  1.78614366e+00 3.20293689e+00 8.33802223e-01 2.68663096e+00
  2.29390764e+00 3.44456077e-01 1.71250522e+00 6.87314463e+00
  3.68356742e-02 1.84093618e+00 3.60105491e+00 2.37562954e-01
  0.00000000e+00 2.02108097e+00 1.71730125e+00 2.80109358e+00
  3.33502984e+00 1.59996808e+00 6.98228657e-01 5.77770853e+00
  8.43072176e-01 1.57011759e+00 1.78784370e+00 2.30334088e-01
  6.35071754e-01 6.87609851e-01 0.00000000e+00 2.78038001e+00
  0.00000000e+00 1.36415040e+00 1.13790274e+00 3.89829606e-01
  2.71883821e+00 4.08088058e-01 1.36258733e+00 6.01376295e+00
  8.89406383e-01 1.16062164e-03 6.39050603e-01 6.81962061e+00
  0.00000000e+00 2.43939948e+00 6.19171023e-01 0.00000000e+00
  4.46942997e+00 1.14762602e+01 2.91376024e-01 3.28401983e-01
  7.54414940e+00 2.60804117e-01 4.43532616e-02 1.32313061e+00
  1.82781164e-02 0.00000000e+00 1.02267778e+00 3.48748684e+00
  1.26755702e+00 8.79859865e-01 0.00000000e+00 1.44693589e+00
  3.94158006e+00 6.14234135e-02 3.21645474e+00 8.61688852e-02
  1.82904136e+00 9.86657500e-01 3.04793894e-01 1.59772158e-01
  3.39270186e+00 4.61187333e-01 1.12344980e+00 2.65176702e+00
  1.24293220e+00 5.22326899e+00 1.42722023e+00 7.02330947e-01
  0.00000000e+00 6.43085909e+00 6.12292814e+00 2.87683994e-01
  3.26404858e+00 5.41589355e+00 4.90243286e-01 1.35070038e+00
  2.26414561e-01 1.44186342e+00 2.77961445e+00 0.00000000e+00
  7.74727392e+00 7.67006338e-01 0.00000000e+00 4.11865354e-01
  2.53508270e-01 6.69099689e-01 6.64836359e+00 4.82566500e+00
  2.73336005e+00 5.33223748e-01 2.69328594e+00 5.21073401e-01
  1.12583447e+00 1.79671383e+00 2.25126457e+00 1.25054765e+00
  1.71308935e+00 6.28732061e+00 2.60180140e+00 1.11263916e-02
  3.16792583e+00 2.94768262e+00 4.51548529e+00 1.15156960e+00
  4.91502953e+00 2.55903196e+00 1.51519561e+00 1.55932832e+00
  4.36924553e+00 0.00000000e+00 6.36155128e-01 1.19843090e+00
  4.31471586e+00 1.55358768e+00 0.00000000e+00 1.01345740e-01
  1.23503409e-01 1.34497871e+01 4.86181051e-01 3.18931675e+00
  0.00000000e+00 4.39693546e+00 2.65461534e-01 9.89794254e-01
  2.80264229e-01 2.05625248e+00 2.67057276e+00 1.12162685e+00
  1.44084013e+00 5.88638306e+00 4.42259598e+00 7.45737553e-01
  7.36905575e+00 2.18555760e+00 4.19091403e-01 1.47623968e+00
  1.16670036e+00 4.32219654e-01 2.14012742e+00 2.37654400e+00
  1.69877946e+00 7.47965202e-02 2.22461343e+00 1.62124991e+00
  3.57204199e+00 1.04300089e+01 2.48879409e+00 8.17496204e+00
  1.70326698e+00 6.29360735e-01 2.42701697e+00 3.25008368e+00
  2.67497778e+00 7.24622774e+00 1.61559677e+01 2.80940270e+00
  1.30188334e+00 3.88999104e+00 1.54888868e+00 2.57463932e-01
  2.43170142e+00 9.19471920e-01 3.04238367e+00 0.00000000e+00
  2.92149353e+00 4.77114630e+00 5.30097628e+00 5.19139194e+00
  3.50603437e+00 0.00000000e+00 1.44418150e-01 1.87047744e+00
  4.35903358e+00 9.16166782e-01 5.59963763e-01 5.04517794e+00
  3.95819211e+00 4.58728760e-01 6.82173061e+00 7.29810223e-02
  8.56762123e+00 2.25200295e+00 2.67415953e+00 1.19136345e+00
  1.27015314e+01 7.69464791e-01 0.00000000e+00 1.89945802e-01
  1.03727045e+01 1.22864628e+01 1.56699419e+01 0.00000000e+00
  2.02951217e+00 2.01483704e-02 8.85464966e-01 1.47352755e+00
  4.00196314e+00 1.44323155e-01 1.31115007e+00 1.27133751e+00
  4.61826706e+00 6.85583115e+00 3.11681294e+00 0.00000000e+00
  4.11605053e-02 0.00000000e+00 0.00000000e+00 0.00000000e+00
  3.01925230e+00 1.08399165e+00 8.24719906e+00 1.96260717e-02
  1.22916090e+00 3.72012258e+00 5.08337355e+00 1.08532536e+00
  6.21368349e-01 8.32441390e-01 1.82084608e+00 1.97068226e+00
  3.95834541e+00 3.30563831e+00 2.67107129e+00 3.27729911e-01
  1.36229753e+00 1.20715618e+01 0.00000000e+00 3.51362884e-01
  2.53146648e+00 4.14549160e+00 5.44796515e+00 2.56090832e+00
  1.05315971e+00 5.09612370e+00 5.30047989e+00 2.31626630e-01
  3.17170548e+00 0.00000000e+00 1.72460485e+00 7.43867445e+00
  1.44061756e+00 5.08220732e-01 4.12920189e+00 6.11044884e+00
  1.19825602e+00 7.24114656e+00 2.20850372e+00 3.06607056e+00
  2.14149880e+00 0.00000000e+00 2.11421275e+00 8.51789653e-01
  4.01214552e+00 4.25937843e+00 1.29879415e+00 0.00000000e+00
  5.22271693e-01 1.17079511e-01 1.42375797e-01 1.02040005e+00
  1.78725541e-01 4.00896740e+00 1.43343401e+00 7.37158880e-02
  0.00000000e+00 1.04733047e+01 1.02715683e+00 2.80078292e-01
  7.80713558e-01 0.00000000e+00 1.58405870e-01 2.19288516e+00
  9.84375775e-01 1.83011878e+00 9.36195374e+00 3.74158397e-02
  1.03686237e+00 3.00597548e+00 1.56144905e+00 2.05166548e-01
  5.26618385e+00 2.78477407e+00 6.96852729e-02 2.27264166e+00
  0.00000000e+00 2.55493259e+00 2.25660396e+00 8.79372406e+00
  1.22201836e+00 5.93379259e-01 4.84120131e-01 4.04616058e-01
  1.41945636e+00 9.05058622e-01 7.30465949e-01 1.61419407e-01
  2.16662621e+00 2.50463510e+00 2.06963554e-01 1.34457552e+00
  7.52597666e+00 3.86712074e+00 0.00000000e+00 4.21347648e-01
  4.21326280e-01 2.35269809e+00 6.29456758e+00 1.26370698e-01
  1.27692938e+00 1.49270058e+01 8.13971937e-01 4.42072487e+00
  8.18243694e+00 3.70780319e-01 2.03383875e+00 2.89093518e+00
  3.85976863e+00 1.30142912e-01 3.19987154e+00 1.43393159e+00
  0.00000000e+00 2.38424158e+00 2.05197644e+00 7.43174672e-01
  1.12081099e+00 2.12721527e-01 1.02741635e+00 1.14151788e+00
  3.37588096e+00 2.07861923e-02 2.34644604e+00 6.81612301e+00
  1.79242921e+00 0.00000000e+00 2.37670422e+00 5.86140919e+00
  1.05710439e-01 1.58884716e+00 7.06722784e+00 1.07567883e+00
  1.62695236e+01 8.87006640e-01 1.93575323e+00 5.76022100e+00
  4.05496716e-01 4.73830150e-04 0.00000000e+00 3.44684672e+00
  0.00000000e+00 2.07062319e-01 5.27384341e-01 4.69665676e-01
  6.47913218e-01 1.50693882e+00 2.52080917e-01 7.11722255e-01
  0.00000000e+00 0.00000000e+00 1.70505911e-01 1.73556554e+00
  1.64511657e+00 5.46822548e-01 3.60533357e-01 0.00000000e+00
  1.37457809e+01 4.74723905e-01 1.36597025e+00 4.31225204e+00
  3.41745186e+00 1.89323664e+00 3.55688125e-01 9.74681020e-01
  3.34846079e-01 0.00000000e+00 2.06375718e-01 2.60441869e-01
  3.28622532e+00 2.28550192e-02 1.67785442e+00 1.77151144e+00
  1.04227090e+00 1.66926327e+01 2.79343700e+00 1.00716233e+00
  2.33637854e-01 6.32228851e-01 4.18771267e+00 1.62418735e+00
  0.00000000e+00 1.60526097e-01 2.48778984e-01 1.92186987e+00
  4.38922971e-01 1.15632737e+00 4.36955512e-01 1.51005113e+00
  2.73677778e+00 3.93738374e-02 1.31515491e+00 1.88121760e+00
  7.11508393e-02 2.51513386e+00 3.64131999e+00 1.71770573e+00
  4.46633434e+00 8.98040009e+00 1.24918389e+00 1.22985375e+00
  1.00727053e+01 5.41723967e-01 2.22270751e+00 8.73325586e-01
  2.99076200e+00 3.79552722e-01 2.91878343e+00 1.04383898e+00
  1.03845787e+00 2.96837509e-01 7.23853350e+00 1.51814735e+00]]