[[1.23707426e+00 1.26649666e+00 1.95669615e+00 3.33217233e-01
  1.40426791e+00 9.03452206e+00 6.24596141e-02 0.00000000e+00
  1.90851867e-01 2.39358044e+00 5.06386042e-01 8.48524690e-01
  8.92735362e-01 8.69939864e-01 0.00000000e+00 6.70554042e-01
  9.41531599e-01 1.10878623e+00 5.36579728e-01 1.08941603e+01
  5.24702668e-01 1.11760740e+01 2.81115437e+00 2.16116056e-01
  2.86718011e-01 2.04040003e+00 1.17570115e-02 1.58045933e-01
  3.41345453e+00 0.00000000e+00 5.31123504e-02 2.20337105e+00
  5.43769374e-02 4.58964920e+00 6.36970520e-01 2.06806564e+00
  4.24288005e-01 0.00000000e+00 7.94373512e+00 5.28036356e-01
  1.38545170e+01 2.34905392e-01 2.64712572e-01 6.26919317e+00
  0.00000000e+00 0.00000000e+00 8.85293007e+00 3.41854382e+00
  1.89553306e-01 7.41521716e-02 2.46703207e-01 0.00000000e+00
  3.31290185e-01 0.00000000e+00 1.53285587e+00 7.64203644e+00
  1.20032537e+00 4.58201027e+00 3.99021685e-01 5.19786954e-01
  1.81399500e+00 2.05613875e+00 3.11811733e+00 6.74528551e+00
  0.00000000e+00 2.08891943e-01 0.00000000e+00 0.00000000e+00
  2.21020412e+00 1.69824779e+00 2.49105841e-01 1.09844065e+00
  0.00000000e+00 3.13047409e+00 1.06965268e+00 0.00000000e+00
  3.35374689e+00 2.54487514e-01 6.27002895e-01 4.79119211e-01
  4.77807999e-01 3.56268793e-01 6.96253681e+00 6.69770464e-02
  1.65708637e+00 5.59439135e+00 2.42595300e-01 7.78192341e-01
  0.00000000e+00 0.00000000e+00 3.14399934e+00 1.69326639e+00
  9.39477324e-01 6.47720289e+00 2.36466503e+00 1.14905632e+00
  1.90004289e+00 6.92330420e-01 6.48356557e-01 2.83476639e+00
  1.09471464e+00 0.00000000e+00 1.01837082e+01 1.50298464e+00
  0.00000000e+00 0.00000000e+00 0.00000000e+00 4.18634081e+00
  0.00000000e+00 2.23369598e-02 2.09798145e+00 1.21241558e+00
  1.47642046e-02 3.07981461e-01 1.06418908e+00 1.21230531e+00
  2.40151525e+00 1.68701982e+00 1.79234356e-01 1.32580066e+00
  2.73703814e-01 1.98085159e-02 1.29675162e+00 7.56146014e-01
  1.99841902e-01 1.85910189e+00 4.36301559e-01 0.00000000e+00
  6.95083022e-01 3.71087227e+01 3.17371035e+00 5.78719854e+00
  5.17933512e+00 9.97211933e-01 1.46977544e+00 1.83705842e+00
  2.66355351e-02 7.74340153e+00 1.26421118e+00 4.61408234e+00
  1.32866234e-01 1.36304832e+00 0.00000000e+00 6.16755843e-01
  2.83185631e-01 0.00000000e+00 1.95499885e+00 1.62464663e-01
  5.14763474e-01 1.46373069e+00 6.41091228e-01 3.08203548e-01
  5.90907574e-01 0.00000000e+00 1.09416819e+00 9.72410440e-02
  1.63411570e+00 2.94569111e+00 0.00000000e+00 4.81556766e-02
  1.00906682e+00 5.04903980e-02 2.31480527e+00 0.00000000e+00
  9.66954052e-01 2.29716563e+00 2.42597699e-01 4.39265937e-01
  4.38439131e-01 0.00000000e+00 0.00000000e+00 5.95193148e-01
  3.24671531e+00 2.06990623e+00 1.71883032e-01 9.47557628e-01
  1.64533043e+00 4.03919995e-01 2.06864905e+00 1.21281230e+00
  1.39509213e+00 2.49200076e-01 3.22532034e+00 3.06804597e-01
  1.95657149e-01 9.63656664e-01 1.26398945e+00 5.23158252e-01
  1.69098759e+00 1.69787860e+00 3.10802603e+00 0.00000000e+00
  0.00000000e+00 1.81539116e+01 6.96534693e-01 2.83033347e+00
  2.90590739e+00 3.08044434e-01 3.50605816e-01 0.00000000e+00
  7.96633184e-01 0.00000000e+00 0.00000000e+00 0.00000000e+00
  2.81536341e+00 1.35970879e+00 2.84218602e-02 0.00000000e+00
  1.03861261e-02 1.79444256e+01 1.76782474e-01 1.57639551e+00
  2.45210722e-01 5.80623209e-01 9.62559938e-01 8.42003644e-01
  2.88740307e-01 0.00000000e+00 7.10180223e-01 1.13235056e+00
  2.24844861e+00 1.05377960e+01 8.54491043e+00 1.81989789e+00
  2.54842663e+00 3.61972570e-01 5.34268498e-01 1.44358516e+00
  1.33964866e-01 1.87012494e+00 4.25848722e+00 3.37853581e-01
  3.29548454e+00 8.25442076e-01 3.18227935e+00 4.82180786e+00
  1.03010588e+01 1.17709064e+01 4.48849916e+00 3.78642261e-01
  5.32044888e-01 9.18960571e-01 1.01310837e+00 4.23563576e+00
  1.02108431e+00 8.62715721e-01 8.59785366e+00 1.60760796e+00
  4.38519764e+00 1.19261181e+00 2.11938214e+00 1.07865024e+00
  0.00000000e+00 1.30778968e+00 2.78866577e+00 3.60768773e-02
  0.00000000e+00 4.73939300e-01 3.13925672e+00 1.58572197e+00
  0.00000000e+00 0.00000000e+00 0.00000000e+00 1.29273951e+00
  1.79620767e+00 1.34619340e-01 0.00000000e+00 2.19914645e-01
  1.00338926e+01 5.49187303e-01 2.77311182e+00 1.06012678e+00
  2.67237663e+00 2.19050550e+00 2.65258193e-01 2.48881713e-01
  3.91437411e+00 2.41072387e-01 0.00000000e+00 2.71306217e-01
  5.20579052e+00 4.22991943e+00 6.15925980e+00 1.53874755e-01
  1.31760519e-02 5.82262456e-01 1.35879278e+00 9.32759583e-01
  1.35679558e-01 1.17731877e-02 0.00000000e+00 2.09246612e+00
  1.07940590e+00 5.55036211e+00 1.11310995e+00 6.68710899e+00
  1.87846303e-01 0.00000000e+00 3.96660995e+00 0.00000000e+00
  1.98044896e+00 1.70590535e-01 5.98528534e-02 6.50944293e-01
  8.84334296e-02 2.97233367e+00 2.86000299e+00 1.60031068e+00
  1.15565658e-01 9.30879891e-01 3.38138199e+00 0.00000000e+00
  1.08345413e+00 3.80468750e+00 7.31876183e+00 1.86950549e-01
  4.45358229e+00 8.94002628e+00 1.08003139e+00 0.00000000e+00
  4.95171025e-02 1.84129798e+00 0.00000000e+00 1.26411021e+00
  3.41237426e-01 3.19875622e+00 4.56090450e+00 0.00000000e+00
  1.25629887e-01 0.00000000e+00 8.17860067e-02 8.44816589e+00
  2.07308218e-01 0.00000000e+00 3.62399292e+00 1.95299232e+00
  1.13703954e+00 6.82412982e-01 1.90344703e+00 1.49768782e+00
  1.95185947e+00 7.26982594e-01 3.97541940e-01 1.32451797e+00
  1.69510353e+00 3.65804648e+00 1.85600579e+00 0.00000000e+00
  5.34864247e-01 0.00000000e+00 0.00000000e+00 2.35636279e-01
  1.04521298e+00 3.10101867e-01 1.03432620e+00 8.98533344e-01
  0.00000000e+00 5.52919674e+00 1.58674169e+00 1.03939044e+00
  9.67220247e-01 4.14953649e-01 1.37832552e-01 4.74641705e+00
  8.11818027e+00 1.46445423e-01 1.54994869e+01 0.00000000e+00
  1.22878170e+00 0.00000000e+00 1.76435784e-01 0.00000000e+00
  2.63041592e+00 3.55970263e-01 3.84225893e+00 0.00000000e+00
  4.14008760e+00 1.36531186e+00 0.00000000e+00 2.41853929e+00
  1.35735188e+01 1.86166036e+00 8.31012428e-01 1.64539528e+00
  0.00000000e+00 1.96702588e+00 4.80862558e-01 3.84485751e-01
  1.04290485e+00 6.28426075e+00 9.15573120e-01 4.97641945e+00
  3.40103316e+00 1.06926775e+00 1.61685616e-01 1.46712446e+00
  1.22604430e+00 6.74680185e+00 1.31276399e-01 2.94953823e+00
  3.83205795e+00 1.00811272e+01 4.71106112e-01 7.22239351e+00
  1.09141040e+00 3.02471685e+00 8.32713842e-02 1.83103442e-01
  4.31540906e-01 5.52505732e+00 3.67908502e+00 2.11745334e+00
  0.00000000e+00 5.86169577e+00 0.00000000e+00 2.82784939e-01
  4.69189107e-01 1.91867888e+00 1.78023010e-01 5.81768215e-01
  0.00000000e+00 7.32400790e-02 1.97302461e+00 7.87433481e+00
  7.02885389e-01 3.85456830e-02 4.61955595e+00 4.51283598e+00
  3.98644865e-01 1.72916019e+00 1.99171615e+00 2.96759272e+00
  3.72123241e-01 2.68452668e+00 1.28241694e+00 4.04551411e+00
  7.34557092e-01 2.11844742e-01 1.77879706e-01 1.57963049e+00
  1.49900429e-02 3.54386151e-01 4.58122045e-01 6.91590214e+00
  1.05875063e+00 1.44496119e+00 3.14436793e-01 8.50881219e-01
  0.00000000e+00 1.56337976e+00 0.00000000e+00 1.82571661e+00
  1.99642748e-01 2.48487544e+00 5.17445946e+00 0.00000000e+00
  6.14611506e-01 4.15160799e+00 7.81809032e-01 5.73580414e-02
  1.30964771e-01 2.57573509e+00 3.55760980e+00 0.00000000e+00
  2.45166510e-01 8.67472030e-03 2.30886102e+00 1.01215839e+00
  3.12785339e+00 3.24108291e+00 4.72111493e-01 1.91461492e+00
  2.76058149e+00 1.74971533e+00 2.94902754e+00 0.00000000e+00
  0.00000000e+00 8.52948248e-01 4.42343771e-01 0.00000000e+00
  1.57813621e+00 2.20311005e-02 1.37022762e-02 3.49678254e+00
  0.00000000e+00 0.00000000e+00 1.07948256e+01 6.64816380e-01
  3.44233298e+00 1.82802010e+00 6.50207043e-01 0.00000000e+00
  7.79463887e-01 6.32620633e-01 2.31990322e-01 9.29454207e-01
  3.22163010e+00 1.05231690e+00 2.07575989e+00 1.05301797e+00
  4.44889975e+00 3.40657020e+00 1.66731942e+00 2.93617900e-02
  2.30227065e+00 1.07988572e+00 1.54828014e+01 2.04469532e-01
  2.23738700e-02 0.00000000e+00 2.58570051e+00 2.03885913e+00]]