[[2.06895375e+00 1.51329970e+00 7.48153090e-01 0.00000000e+00
  1.19196308e+00 1.32208169e+00 1.31651926e+00 9.22464788e-01
  1.04584694e+00 2.61947441e+00 1.89403236e-01 1.62230670e+00
  8.95041561e+00 2.26898837e+00 2.10614353e-01 1.04046249e+00
  0.00000000e+00 1.96103781e-01 1.71872433e-02 1.95659280e+00
  0.00000000e+00 8.87956142e-01 1.37782943e+00 2.26568985e+00
  1.79267943e+00 7.51831722e+00 9.76398468e+00 7.77798462e+00
  3.19140911e+00 4.10499048e+00 0.00000000e+00 4.63932782e-01
  4.88808453e-01 2.08999157e+00 1.73612976e+00 2.29416907e-01
  3.16295481e+00 2.72108030e+00 3.77983809e+00 1.20563650e+00
  1.42252159e+01 1.79077971e+00 1.93582809e+00 4.41780996e+00
  1.31729627e+00 2.58251381e+00 1.22154987e+00 9.03009772e-01
  3.35584688e+00 5.13095903e+00 8.15217793e-01 2.31568027e+00
  9.08541456e-02 5.28269243e+00 8.78054261e-01 1.78818071e+00
  4.55653620e+00 7.34417796e-01 8.35340691e+00 4.08896208e-01
  2.64311552e+00 3.13137221e+00 1.36783433e+00 4.84531546e+00
  1.34394154e-01 3.91697073e+00 4.66981411e+00 1.55646813e+00
  2.57007718e+00 8.38924944e-01 4.34630346e+00 5.85958099e+00
  8.91123295e-01 3.14625239e+00 3.84970975e+00 2.62199378e+00
  1.92068160e+00 2.41471529e-01 4.63749245e-02 1.37010872e-01
  1.89883423e+00 1.56038928e+00 3.27188635e+00 1.05992424e+00
  7.37624931e+00 2.55898237e+00 1.57925591e-01 6.45642900e+00
  1.58884823e+00 1.24284184e+00 6.21536732e+00 1.12450850e+00
  8.02914679e-01 0.00000000e+00 7.73931074e+00 1.55531779e-01
  1.90355134e+00 3.23933625e+00 0.00000000e+00 1.28347254e+01
  1.67383897e+00 8.67756081e+00 2.06975913e+00 4.13833284e+00
  0.00000000e+00 1.65700585e-01 8.53000355e+00 1.06126618e+00
  3.68653131e+00 1.05996422e-01 6.66093826e+00 2.72265387e+00
  1.50336599e+00 1.02774715e+00 1.64246511e+00 2.32667867e-02
  3.83078408e+00 2.80491400e+00 0.00000000e+00 3.12160206e+00
  2.77241737e-01 1.62936866e+00 4.43826318e-01 1.30501480e+01
  1.53569078e+00 2.40151739e+00 7.23835170e-01 1.87054348e+00
  7.61550426e-01 3.14591146e+00 2.29545927e+00 6.96555944e-03
  5.23030233e+00 4.40742671e-02 0.00000000e+00 1.46030974e+00
  3.27064943e+00 2.57929802e-01 1.06139028e+00 8.47174168e+00
  1.95451117e+00 3.17192018e-01 4.17150348e-01 5.16641712e+00
  0.00000000e+00 3.50806546e+00 2.02013922e+00 0.00000000e+00
  0.00000000e+00 6.65676653e-01 0.00000000e+00 1.07012260e+00
  1.71278429e+00 3.63542914e+00 1.63419747e+00 9.57983911e-01
  3.44783664e-01 6.24776459e+00 3.26832342e+00 4.63877916e+00
  1.62310374e+00 3.85435295e+00 6.39308500e+00 9.37897414e-02
  1.02946007e+00 3.69786096e+00 3.70678864e-02 1.96562588e+00
  5.45917273e-01 5.02935410e+00 8.14956760e+00 1.55414546e+00
  2.18674350e+00 3.51966763e+00 3.19875836e-01 2.50091147e+00
  9.45862198e+00 0.00000000e+00 1.09681666e+00 1.80446796e+01
  9.36245501e-01 1.37376964e+00 3.19939709e+00 1.23092115e+00
  9.97056842e-01 6.55918598e-01 3.43578726e-01 3.31507373e+00
  3.39356804e+00 8.40887725e-01 7.03603268e+00 6.41008168e-02
  0.00000000e+00 4.33975601e+00 8.74065384e-02 6.74812460e+00
  1.27316928e+00 1.35891562e+01 3.11032772e-01 0.00000000e+00
  3.49198318e+00 3.93110323e+00 8.09116304e-01 3.02859664e+00
  3.90668511e+00 3.44143271e+00 1.19018173e+00 2.23608589e+00
  7.79075027e-02 5.37292659e-01 2.08930206e+00 4.15791702e+00
  1.18928719e+00 2.34520292e+00 4.48983341e-01 2.39587212e+00
  7.63716638e-01 1.04057252e+00 1.15314388e+00 7.70871043e-01
  1.25926316e+00 8.00180817e+00 8.05938125e-01 1.11957085e+00
  2.33112186e-01 8.53989410e+00 6.61385155e+00 3.32519817e+00
  5.48488088e-02 3.67411375e+00 4.46407825e-01 4.66251612e+00
  1.63855624e+00 1.79344630e+00 5.60320318e-01 5.01323164e-01
  0.00000000e+00 1.18235087e+00 7.30380058e-01 1.47109735e+00
  2.81151444e-01 1.18909490e+00 1.36710405e-01 1.36675625e+01
  3.11130190e+00 3.65786457e+00 7.04979181e+00 2.71294284e+00
  4.52214003e+00 1.24357023e+01 1.38833404e+00 2.04670858e+00
  3.73417258e+00 1.43238029e+01 1.87561321e+00 1.31198198e-01
  2.34129810e+00 2.22375154e+00 5.33683491e+00 3.57621241e+00
  0.00000000e+00 5.51263392e-01 1.43372416e-01 1.20590744e+01
  5.24871349e-01 4.82699364e-01 2.01352760e-01 0.00000000e+00
  9.35653973e+00 3.94380212e-01 3.64191771e+00 7.40630925e-01
  4.31185633e-01 6.98385000e+00 1.39768219e+00 5.71644492e-02
  2.77530289e+00 3.70797729e+00 0.00000000e+00 2.47729301e+00
  3.44759345e+00 5.34909889e-02 1.30898368e+00 3.06627274e+00
  3.03795576e+00 2.95692414e-01 1.29170477e-01 2.48883033e+00
  9.23721313e-01 2.47366667e+00 1.59630322e+00 1.60326791e+00
  4.92289871e-01 5.57704329e-01 1.97482288e+00 1.11896563e-02
  0.00000000e+00 1.68857324e+00 1.10287917e+00 3.86277735e-01
  3.78254986e+00 1.27689290e+00 9.22203445e+00 7.59878457e-01
  4.07913685e+00 3.73916554e+00 7.12157339e-02 5.76428652e+00
  1.05702206e-01 1.07507594e-03 9.82830143e+00 2.31872559e-01
  3.04567838e+00 6.67890596e+00 3.89746465e-02 2.87504339e+00
  4.02562499e-01 6.32820606e+00 2.30020738e+00 1.90564406e+00
  4.47064972e+00 1.32835178e+01 2.68386412e+00 9.28282738e-01
  1.62753606e+00 1.11425889e+00 6.46032572e-01 1.93607181e-01
  3.03762579e+00 3.72236133e+00 2.95217562e+00 1.77719152e+00
  5.27688646e+00 3.93007684e+00 9.85378027e-01 2.06926799e+00
  6.98528004e+00 1.09608936e+01 1.45529675e+00 3.12055016e+00
  1.25761068e+00 4.59953919e-02 6.05255961e-02 7.52553558e+00
  3.33357763e+00 9.31494236e-01 7.69607246e-01 7.38456202e+00
  6.04291081e-01 0.00000000e+00 3.53646815e-01 6.15592778e-01
  0.00000000e+00 6.51626945e-01 1.33886600e+00 2.16429949e-01
  2.16742921e+00 2.50530148e+00 2.99592257e-01 2.22675657e+00
  1.43239391e+00 0.00000000e+00 1.16341963e+01 3.61129355e+00
  3.69977760e+00 1.00279026e+01 6.98707438e+00 1.98768830e+00
  3.53068337e-02 2.04114175e+00 3.47537422e+00 7.54573107e-01
  2.42865825e+00 0.00000000e+00 1.84100461e+00 4.77161407e-01
  8.91072083e+00 4.11748075e+00 9.16106606e+00 2.26134825e+00
  1.83254755e+00 5.01349509e-01 8.54538143e-01 2.78056979e+00
  2.15577707e-01 7.57072735e+00 3.54812098e+00 0.00000000e+00
  5.29508412e-01 7.93823862e+00 1.19269753e+00 4.00113535e+00
  6.14682436e+00 1.47620749e+00 1.67850542e+00 5.77721834e+00
  1.88427544e+00 1.67953038e+00 7.99885082e+00 2.00989932e-01
  9.56536889e-01 3.39342856e+00 5.71728826e-01 5.21010303e+00
  2.65014553e+00 6.91620874e+00 0.00000000e+00 5.23311996e+00
  0.00000000e+00 1.41426325e+00 6.75838053e-01 2.19911575e-01
  7.22842962e-02 0.00000000e+00 1.28068551e-01 3.23362276e-02
  3.49361944e+00 1.74886763e-01 5.83166778e-02 6.20180130e+00
  4.97018576e+00 2.67680019e-01 3.82514119e+00 1.60528457e+00
  9.47356522e-02 2.79722027e-02 2.38775516e+00 3.56682944e+00
  3.93314934e+00 8.32677245e-01 1.99071491e+00 1.49289548e-01
  2.29726734e+01 2.72180345e-02 2.89811771e-02 7.07338154e-01
  2.13566995e+00 3.90570879e+00 1.58503667e-01 3.46012998e+00
  1.91453707e+00 0.00000000e+00 8.89256060e-01 2.04060822e+01
  1.50314188e+00 2.47229743e+00 5.85200882e+00 1.90103436e+00
  5.23440695e+00 0.00000000e+00 8.49412605e-02 4.30508947e+00
  2.97585869e+00 3.25438643e+00 0.00000000e+00 2.40174472e-01
  7.96634579e+00 2.07504821e+00 2.58127022e+00 5.88691421e-02
  6.26169872e+00 2.01454329e+00 2.36275531e-02 0.00000000e+00
  0.00000000e+00 3.96788454e+00 4.90815677e-02 1.80931091e+00
  6.01833105e-01 1.77284682e+00 1.21445763e+00 7.98041248e+00
  4.52637881e-01 7.21279716e+00 0.00000000e+00 3.76193851e-01
  2.71564341e+00 3.35819912e+00 5.39956045e+00 6.12571239e+00
  6.85728490e-01 4.28331232e+00 5.36861241e-01 4.43263817e+00
  0.00000000e+00 2.41138315e+00 0.00000000e+00 1.22470820e+00
  4.24453884e-01 2.43690893e-01 4.25470114e+00 0.00000000e+00
  2.39989012e-01 1.04629910e+00 4.03376281e-01 8.07564497e-01
  5.49507666e+00 1.39357824e+01 3.44446039e+00 3.10266185e+00
  1.92966199e+00 1.24703133e+00 3.29087406e-01 1.26493704e+00
  4.25880814e+00 2.38146767e-01 3.52761531e+00 1.62509406e+00
  2.36025047e+00 1.70161498e+00 2.22363877e+00 2.39001751e+00]]