[[3.3992984e+00 7.1691662e-01 9.0076530e-01 7.8108095e-02 5.4504232e+00
  0.0000000e+00 4.2119350e+00 0.0000000e+00 2.2681501e+00 1.9295059e+00
  2.9313724e+00 1.1505979e+00 6.2766237e+00 0.0000000e+00 0.0000000e+00
  4.6466651e+00 1.5862269e+00 7.6578361e-01 1.5139275e-02 3.2514281e+00
  1.5827473e-01 6.0967860e+00 2.4078641e+00 3.0740418e+00 1.8086731e-01
  1.8939329e+00 6.5433326e+00 9.2954988e+00 9.9289775e-01 3.7374723e+00
  7.4282050e-01 2.0629920e-01 6.0244465e-01 1.3012719e+00 4.9495382e+00
  0.0000000e+00 4.3138966e-02 6.5279961e-01 3.7988007e+00 4.4712710e+00
  7.3226924e+00 3.3865843e+00 1.1529372e-01 7.2986717e+00 2.0273764e+00
  4.3883600e+00 4.6067858e+00 9.9461317e+00 3.0309610e+00 0.0000000e+00
  2.4281920e-01 9.6102321e-01 0.0000000e+00 5.4712548e+00 8.1699008e-01
  0.0000000e+00 2.5306413e+00 2.1233497e+00 4.6898770e+00 1.9446306e+00
  2.5162051e+00 5.0439906e+00 5.3379612e+00 3.7461105e-01 2.0740508e-01
  1.7259886e+00 3.3364027e+00 1.2605449e+00 3.6962087e+00 1.8900354e+00
  2.0890162e+00 6.5789680e+00 2.1581111e+00 4.6705370e+00 1.8653274e+00
  5.4838238e+00 1.5881082e+00 2.7491021e+00 6.7925148e-02 1.7648323e-01
  3.1804323e+00 5.3954411e-01 4.5626926e+00 1.5083368e+00 8.6512051e+00
  5.1208720e+00 0.0000000e+00 8.7141782e-01 6.6848308e-02 4.5776632e-01
  9.7016287e+00 3.6236336e+00 0.0000000e+00 5.9014001e+00 1.0163119e+01
  1.5211506e-01 1.8902194e+00 5.3515396e+00 0.0000000e+00 3.6484535e+00
  2.3552831e-02 6.6536880e+00 6.3532333e+00 3.9315073e+00 0.0000000e+00
  1.2583375e+00 1.0265379e+00 2.2885394e+00 4.2927451e+00 1.3840448e+00
  1.2640431e+00 0.0000000e+00 2.2607777e+00 1.1323719e+00 6.8005991e-01
  4.0276554e-01 5.6207128e+00 8.6329621e-01 3.4043570e+00 1.3746395e+00
  0.0000000e+00 6.6043824e-01 0.0000000e+00 1.0901960e+01 0.0000000e+00
  1.2908100e+00 2.6413706e-01 9.1412258e-01 8.7296438e-01 6.5361638e+00
  1.1055169e+01 1.4194219e-01 1.8215280e+00 3.1260246e-01 3.1712077e+00
  8.8400060e-01 3.6518831e+00 2.5271478e+00 9.6154118e-01 1.1611582e+01
  1.5445110e-01 2.1885450e-01 0.0000000e+00 4.8636436e+00 2.5755849e+00
  9.1690683e-01 5.5603127e+00 0.0000000e+00 0.0000000e+00 1.7594136e+00
  1.5082556e+00 2.5905254e+00 3.7185851e-02 5.9365964e-01 1.6747458e+00
  3.4734663e-01 2.1761618e+00 1.4148291e+00 3.3510072e+00 2.7504778e+00
  1.6767975e+00 1.1419226e+00 1.0690270e+01 5.2149779e-01 6.6244431e+00
  2.4345901e+00 7.3135197e-01 0.0000000e+00 0.0000000e+00 1.9702607e+00
  1.4827845e+01 6.2503695e-01 2.3320413e+00 4.9805865e+00 6.4030969e-01
  2.9684324e+00 5.9892373e+00 1.6755119e-02 1.3037726e+01 1.4666417e+01
  1.7736365e+00 1.0309914e+00 5.2156396e+00 1.0868953e+00 0.0000000e+00
  1.4226587e+00 3.1897693e+00 7.9337204e-01 3.8271546e+00 9.6570835e-02
  1.1455802e+01 0.0000000e+00 4.1998243e+00 6.0832763e+00 1.1354244e+00
  7.9605708e+00 8.8732243e-01 8.3910818e+00 1.1969528e-01 0.0000000e+00
  4.5568829e+00 3.9892483e+00 4.8888847e-03 7.4342041e+00 4.3381391e+00
  8.1740885e+00 4.2604184e-01 2.9849885e+00 6.0133135e-01 5.1661968e+00
  6.5420383e-01 1.0568559e-01 2.6078859e-01 2.2162790e+00 2.4018101e-01
  3.7567372e+00 1.3187958e+00 2.1512728e+00 4.9472946e-01 2.8764372e+00
  2.9804912e+00 4.8378868e+00 1.8572009e-01 2.9313304e+00 5.8786571e-01
  4.5656320e-01 7.0387902e+00 1.6693115e+00 0.0000000e+00 2.8914411e+00
  7.6049376e-01 7.4914443e-01 5.0028914e-01 8.9527346e-02 7.8557611e-01
  2.5279763e+00 2.7835277e-01 1.7886600e+00 7.9304023e+00 3.2600732e+00
  3.9856812e-01 1.8672878e+00 1.6015651e+00 9.0780411e+00 9.7697091e-01
  1.0009740e+01 5.0206795e+00 2.8467395e+00 1.7897905e+00 1.5931930e+01
  4.4988617e-02 5.6491361e+00 5.7196659e-01 2.5827503e+00 9.4420862e+00
  0.0000000e+00 2.9743969e+00 6.0561705e-02 4.8747220e+00 2.2308910e-01
  3.3737460e-01 0.0000000e+00 0.0000000e+00 7.8117085e+00 5.3500414e+00
  1.1897881e+00 5.2134705e-01 8.3975649e+00 5.5704136e+00 1.8728275e+00
  2.4606869e+00 5.9702909e-01 1.3874079e+00 2.7387083e+00 4.2839613e+00
  2.2892523e+00 7.5950203e+00 3.9457064e+00 1.5817709e+00 1.8305501e+00
  6.5761156e+00 2.3577874e+00 3.3830526e+00 2.5970489e-01 2.9324894e+00
  0.0000000e+00 1.3662299e+00 4.7247138e+00 3.6062324e+00 7.0476332e+00
  3.5724416e+00 3.8008109e-01 6.3123572e-01 3.9558208e+00 2.7670898e+00
  4.0909019e+00 1.6222494e+00 2.8587248e+00 4.6947223e-01 2.1885312e+00
  6.5570301e-01 0.0000000e+00 5.1741085e+00 8.1943356e-02 7.8061193e-01
  5.5846910e+00 5.4472103e+00 3.6668582e+00 1.2905921e-01 0.0000000e+00
  5.2919054e+00 1.9048479e-01 1.5239675e+00 2.7164631e+00 2.6431215e+00
  2.8857591e+00 1.5812217e+00 1.3602638e+01 2.8570082e+00 4.3125277e+00
  0.0000000e+00 4.6606412e+00 1.7957020e+00 2.6428752e+00 3.1054769e+00
  6.2151559e-02 8.2808294e+00 1.6261569e-01 1.0915561e+00 1.3505317e+00
  2.4778841e+00 5.1402922e+00 7.9112978e+00 1.7064304e+00 5.6368165e+00
  1.6941962e+00 1.0100117e+01 2.8368711e+00 2.8681803e+00 2.3891184e-01
  7.7699780e-01 2.0788195e+00 1.0037184e+00 2.9313598e+00 2.3461175e+00
  1.7576472e+00 1.2830832e+00 3.6945863e+00 8.7804109e-01 2.8716321e+00
  0.0000000e+00 0.0000000e+00 1.5871949e-01 2.6758149e+00 2.0868645e+00
  2.7876347e-01 9.7458572e+00 1.5577317e+00 1.7354147e+00 4.8887291e+00
  7.1067996e+00 1.8044890e+00 6.0696511e+00 2.9904914e+00 7.3623266e+00
  0.0000000e+00 1.2265600e+01 5.7808173e-01 0.0000000e+00 8.9888754e+00
  8.5216923e+00 0.0000000e+00 6.9492188e+00 3.8861537e-01 3.7532440e-01
  1.4046472e+00 6.6157413e+00 4.7728195e+00 9.8853855e+00 5.2809721e-01
  3.7523587e+00 4.5480612e-01 7.4481449e+00 5.5774546e-01 4.6245408e+00
  5.5134279e-01 1.0178084e+00 0.0000000e+00 7.0661931e+00 2.6583283e+00
  1.1318432e+00 5.3074843e-01 3.5537608e+00 1.8357519e-02 1.4346921e-01
  2.1987548e+00 2.1643410e+00 2.6849153e+00 2.7034025e+00 2.9173579e-02
  1.3099191e+00 4.9174843e+00 4.5416894e+00 7.8351870e+00 1.1264213e+00
  3.3780780e+00 1.5467863e+00 1.3240147e-01 2.3191822e-01 3.0755949e-01
  3.2663922e+00 2.7748191e+00 0.0000000e+00 0.0000000e+00 7.4371435e-02
  2.2061076e+00 1.6393975e+00 1.9233514e+00 1.4827347e-01 3.5280302e+00
  2.4656298e+00 6.0369652e-03 4.8468008e+00 3.6101103e+00 1.9857329e-01
  6.1124402e-01 9.1955721e-01 3.3835063e+00 2.2548270e+00 2.0437671e-01
  2.4753480e+00 1.7227562e-01 4.6843629e+00 2.5925088e+00 0.0000000e+00
  7.2747320e-01 0.0000000e+00 9.3440104e-01 3.2642141e-02 5.9041524e+00
  1.8441468e+00 6.1760414e-01 0.0000000e+00 1.1451875e+01 1.1356535e+00
  7.7013594e-01 4.1241298e+00 5.7963085e-01 0.0000000e+00 3.4140342e-01
  0.0000000e+00 3.5272068e-01 1.6703749e+00 0.0000000e+00 5.3052006e+00
  0.0000000e+00 1.4643828e+00 2.1062803e+00 5.3288636e+00 3.8407764e+00
  1.3114365e+00 9.6798790e-01 0.0000000e+00 6.7412472e-01 0.0000000e+00
  3.7754509e+00 1.0464771e+00 1.7013662e+00 2.2622187e+00 7.2932923e-01
  2.7511806e+00 1.4211609e+00 1.9401237e+00 7.6089888e+00 1.6700748e+00
  7.1189761e-01 5.8124061e+00 5.2377373e-01 9.2785187e+00 4.5978551e+00
  2.8274125e-01 8.3091235e-01 3.4268045e-01 3.6539114e+00 0.0000000e+00
  9.2016393e-01 2.8768973e+00 3.0997998e-01 1.0341041e+00 8.9988810e-01
  2.9135135e-01 0.0000000e+00 2.4827498e-01 4.7675195e+00 4.0461144e+00
  1.2293631e+00 8.5523939e+00 8.3453951e+00 2.9067402e+00 4.7950450e-01
  4.3033748e+00 4.3368500e-01 2.3278905e-01 2.9962175e+00 1.9140966e+00
  9.2616534e-01 3.2593422e+00 2.7212042e-01 5.4485738e-01 0.0000000e+00
  1.4267514e+00 0.0000000e+00]]