[[5.42038631e+00 1.56480563e+00 4.96994257e+00 2.08972469e-01
  5.77667379e+00 1.50355453e+01 1.33182847e+00 0.00000000e+00
  3.80123281e+00 2.97054434e+00 7.04781151e+00 1.86227703e+00
  5.47624779e+00 4.00634229e-01 0.00000000e+00 3.51285315e+00
  4.36809969e+00 3.97619653e+00 3.70023990e+00 9.84866560e-01
  2.74937010e+00 4.42805958e+00 1.13880234e+01 2.21635556e+00
  3.25875378e+00 6.95157623e+00 1.00421324e+01 1.69311218e+01
  1.33852024e+01 1.46390986e+00 0.00000000e+00 7.71257257e+00
  0.00000000e+00 6.65571260e+00 2.29037493e-01 1.23487253e+01
  4.40852690e+00 1.16694003e-01 2.60132957e+00 4.19409323e+00
  2.83368349e+00 2.22396231e+00 2.03404024e-01 6.48056459e+00
  1.40662086e+00 8.36595345e+00 1.51147261e+01 4.29646349e+00
  1.49744475e+00 1.34516907e+00 0.00000000e+00 3.23589611e+00
  2.36876592e-01 4.81849194e+00 2.21469355e+00 1.38898993e+00
  7.08339500e+00 1.56198001e+00 1.47430301e+00 7.73898697e+00
  3.41642523e+00 2.24863911e+00 4.32042265e+00 4.64106417e+00
  0.00000000e+00 3.21822214e+00 2.45679402e+00 8.22681844e-01
  5.55211365e-01 5.10527611e+00 1.86741933e-01 3.60222363e+00
  3.19060397e+00 2.93884754e+00 6.93198442e+00 7.84803724e+00
  1.01307430e+01 7.12677765e+00 4.45997655e-01 2.21530527e-01
  4.66214228e+00 3.69361877e-01 8.30087376e+00 2.08218694e+00
  3.38382912e+00 3.10600185e+00 1.66898263e+00 5.34473228e+00
  1.99488685e-01 4.54490423e-01 2.73214316e+00 9.69186723e-02
  2.15297270e+00 4.10548735e+00 3.94600749e+00 2.01838422e+00
  4.31343079e+00 3.92432749e-01 2.49606180e+00 3.13945413e+00
  7.81244576e-01 8.82358456e+00 1.09223437e+00 5.15150738e+00
  3.34512711e+00 5.91487050e-01 5.27388859e+00 2.31054115e+00
  4.09008217e+00 7.80426085e-01 4.97031164e+00 1.98586786e+00
  3.93107742e-01 7.68024492e+00 8.72941017e+00 0.00000000e+00
  7.99911261e+00 5.07728195e+00 0.00000000e+00 4.85294533e+00
  9.19447005e-01 1.57081401e+00 5.04299879e-01 5.57063246e+00
  5.89986420e+00 3.54343271e+00 1.04429436e+00 2.41474724e+00
  5.44620180e+00 1.46771555e+01 1.35487819e+00 1.72551680e+00
  6.71435165e+00 1.15503740e+00 5.40660000e+00 5.43606424e+00
  4.63935804e+00 3.60096812e+00 3.55149031e+00 3.07770801e+00
  1.37476099e+00 1.88541651e+00 4.84065264e-01 7.01347733e+00
  9.43619967e-01 3.01340073e-01 1.05520403e+00 7.21770942e-01
  0.00000000e+00 1.48047626e+00 0.00000000e+00 3.51607180e+00
  9.15998101e-01 9.48860943e-01 3.00805998e+00 2.60290861e+00
  4.82030821e+00 6.80453348e+00 6.74372768e+00 3.73837256e+00
  2.32511735e+00 8.93865526e-02 5.74771690e+00 3.01656175e+00
  8.13715935e+00 8.41685951e-01 0.00000000e+00 2.84123564e+00
  2.48945332e+00 3.78173053e-01 3.22435265e+01 3.95724583e+00
  8.77820969e+00 2.09762692e+00 0.00000000e+00 8.91048717e+00
  6.21820688e+00 7.61389971e+00 2.62505603e+00 2.67015209e+01
  1.10422230e+00 0.00000000e+00 8.98219585e+00 1.30153224e-01
  0.00000000e+00 7.47988415e+00 7.73708284e-01 5.65164208e-01
  8.59174252e-01 4.64389563e+00 2.60731745e+00 0.00000000e+00
  4.31751534e-02 4.30772781e+00 2.38860083e+00 1.26610394e+01
  2.86927509e+00 8.73695374e+00 8.33926320e-01 0.00000000e+00
  0.00000000e+00 6.51363516e+00 2.42987561e+00 1.07126200e+00
  2.73598361e+00 3.75798845e+00 0.00000000e+00 1.25871217e+00
  1.05636156e+00 7.91425288e-01 2.22824141e-01 0.00000000e+00
  7.48726577e-02 0.00000000e+00 3.62365514e-01 2.20118475e+00
  1.61054480e+00 9.39695477e-01 6.58501744e-01 5.28873444e+00
  1.12590349e+00 6.57126904e+00 9.31313515e+00 3.31043899e-01
  5.13758993e+00 3.17165613e+00 2.94975471e+00 8.89981651e+00
  1.31726849e+00 5.87081861e+00 5.45795965e+00 3.17905998e+00
  7.47355556e+00 9.34237099e+00 1.98351967e+00 4.09995317e-01
  7.77538824e+00 2.63692522e+00 2.17627010e+01 2.14956498e+00
  4.71751727e-02 1.75060010e+00 4.35563183e+00 6.96360874e+00
  0.00000000e+00 2.27205086e+00 9.68488312e+00 3.21577899e-02
  4.84009171e+00 2.54705143e+01 1.04539967e+01 3.53311133e+00
  2.48252296e+00 5.99393272e+00 2.10442185e+00 3.20733279e-01
  3.61585116e+00 2.03668880e+00 3.99300933e+00 2.34138441e+00
  3.24906898e+00 2.90684134e-01 5.64440414e-02 3.53281856e+00
  5.38224459e-01 7.96915472e-01 1.21628160e+01 1.30320877e-01
  8.21906662e+00 1.71868777e+00 1.86034501e+00 2.21744967e+00
  4.68300390e+00 3.76448894e+00 2.42540216e+00 1.83286405e+00
  2.44896913e+00 4.74472475e+00 3.82432032e+00 1.33248639e+00
  8.07761288e+00 1.73221529e+00 7.79072285e+00 3.33911753e+00
  5.10634601e-01 1.61453366e-01 2.12150764e+00 3.71468115e+00
  6.00160074e+00 1.08206141e+00 1.79371327e-01 1.76582503e+00
  0.00000000e+00 3.53033376e+00 3.43117976e+00 6.66076183e+00
  1.23665281e-01 5.75408888e+00 6.39463520e+00 4.54204530e-01
  5.33358335e+00 2.42020655e+00 3.16975570e+00 4.59380007e+00
  5.70939970e+00 1.27532029e+00 2.78664160e+00 4.26018476e+00
  7.50514686e-01 5.98652177e-02 4.78132963e+00 8.17789137e-03
  1.32047915e+00 1.17301388e+01 2.45424271e+00 3.13567233e+00
  1.48094110e+01 9.86277676e+00 1.42190707e+00 4.24800253e+00
  2.56012249e+00 1.04263563e+01 1.03087008e+00 3.84308696e+00
  2.00618982e+00 2.24049568e+00 2.80102873e+00 9.35115218e-01
  2.31129217e+00 4.18339205e+00 2.37014189e-01 1.76771903e+00
  4.50786740e-01 3.11978269e+00 6.02996588e+00 5.28071356e+00
  4.74551392e+00 4.33259964e+00 6.96455860e+00 3.55264211e+00
  1.66037788e+01 2.10247803e+00 1.65314281e+00 3.35258198e+00
  7.99393940e+00 9.37663734e-01 3.86839366e+00 0.00000000e+00
  1.23893932e-01 3.56541485e-01 3.20394778e+00 1.82860458e+00
  3.29810500e+00 4.27283317e-01 3.90892401e-02 2.02291667e-01
  1.43328702e+00 4.69104767e+00 1.74659669e+00 2.60574126e+00
  5.80120039e+00 4.06048536e+00 1.49811525e+01 2.37360458e+01
  8.40053976e-01 5.26658833e-01 1.05718927e+01 2.37081051e+00
  2.80818164e-01 1.15142310e+00 2.96011591e+00 4.11157608e+00
  2.28473520e+00 2.55278170e-01 1.19095020e+01 4.85912561e+00
  3.08264315e-01 9.91178226e+00 2.43520349e-01 6.08855438e+00
  7.34505749e+00 3.10614657e+00 3.06732798e+00 3.76264548e+00
  3.43689299e+00 1.04496956e+00 1.31445324e+00 8.10000360e-01
  7.32040226e-01 4.38430977e+00 5.27171135e-01 5.45441532e+00
  2.09695077e+00 4.23900509e+00 1.29581797e+00 1.19462788e+00
  8.03485203e+00 5.77936220e+00 7.94830561e-01 1.09980106e+00
  1.85280502e+00 3.05209565e+00 5.46270323e+00 3.78931570e+00
  1.87210143e+00 1.06828856e+00 5.90928555e-01 1.31968939e+00
  9.15718651e+00 1.19465709e+00 3.28769493e+00 1.17292619e+00
  4.34191883e-01 1.22650552e+00 3.84425831e+00 9.53782916e-01
  4.45013762e+00 6.40265783e-03 7.21632004e+00 9.41964436e+00
  8.92505109e-01 2.02764615e-01 1.03740501e+00 1.06406391e+00
  8.35789070e-02 4.34682226e+00 2.23737502e+00 3.02753997e+00
  8.42775440e+00 5.60764253e-01 6.43892622e+00 1.27858210e+00
  7.63631964e+00 1.92942810e+00 1.91531992e+00 8.61085701e+00
  7.62098646e+00 1.08489103e+01 4.54163849e-01 5.42581677e-01
  7.09510595e-02 1.00922257e-01 8.81410956e-01 8.41565037e+00
  1.94892025e+01 2.69449562e-01 8.23333263e+00 8.76397908e-01
  0.00000000e+00 2.57830477e+00 0.00000000e+00 7.09443188e+00
  2.66519046e+00 9.81876850e+00 1.77516472e+00 5.28003979e+00
  8.84776592e-01 1.02409687e+01 4.31075096e+00 4.60409927e+00
  2.06382275e+00 4.61725903e+00 9.03467560e+00 5.80815887e+00
  0.00000000e+00 5.63762760e+00 1.75527287e+00 1.71963751e+00
  2.96155477e+00 8.33017921e+00 3.56826949e+00 0.00000000e+00
  2.53878212e+00 8.65602195e-01 1.64001608e+00 6.57651567e+00
  8.66653728e+00 5.88589728e-01 0.00000000e+00 5.45792878e-01
  1.01875019e+00 1.43326807e+00 3.82994592e-01 3.97358108e+00
  0.00000000e+00 5.11734200e+00 1.09303436e+01 5.24826527e+00
  1.12556291e+00 1.03245080e+00 1.62628889e+00 0.00000000e+00
  1.55346441e+00 2.36503816e+00 2.32971811e+00 1.07043135e+00
  5.35004091e+00 1.39142442e+00 3.84717703e+00 2.26988506e+00
  1.83011484e+00 3.24396396e+00 7.76990175e-01 3.44537163e+00
  1.24752617e+01 2.20225525e+00 1.03282785e+01 4.37240505e+00
  1.98761237e+00 5.60744822e-01 1.84622586e+00 4.48576069e+00]]