[[4.71873701e-01 5.01683772e-01 4.36590004e+00 1.13020456e+00
  2.61144829e+00 1.45262599e+00 3.37308794e-01 1.53031206e+00
  3.64044726e-01 3.45878792e+00 4.81234360e+00 4.45982695e+00
  5.11355352e+00 3.32678533e+00 7.35460997e-01 1.96950316e-01
  2.26102009e-01 1.03817630e+00 2.13154897e-01 1.54511297e+00
  0.00000000e+00 4.98965406e+00 2.43523884e+00 2.41439843e+00
  1.48887062e+00 5.58860731e+00 1.66126621e+00 6.12717569e-01
  2.95250988e+00 7.84464061e-01 7.81735480e-02 4.37550688e+00
  1.23498988e+00 3.44273138e+00 5.16346216e+00 5.20203209e+00
  2.33088398e+00 3.26034069e-01 8.73925686e+00 5.34941006e+00
  1.29065323e+00 3.99089962e-01 3.06346774e+00 3.25291777e+00
  2.69683570e-01 1.44298851e-01 2.62819743e+00 1.31493688e-01
  8.54932690e+00 7.16684937e-01 1.72021300e-01 2.22663426e+00
  3.67471814e-01 5.79456031e-01 1.39750206e+00 3.05849409e+00
  2.08434582e+00 2.03906393e+00 2.34884930e+00 7.94890881e+00
  1.47085929e+00 3.80322278e-01 5.43747807e+00 7.40325332e-01
  2.00511947e-01 3.81205130e+00 2.59764433e+00 0.00000000e+00
  7.34522104e+00 6.86455518e-02 1.98652148e+00 5.90155077e+00
  0.00000000e+00 9.68171418e-01 2.78994513e+00 0.00000000e+00
  0.00000000e+00 1.86896920e-01 7.37325728e-01 1.56256467e-01
  0.00000000e+00 1.08981085e+00 2.06617713e+00 4.87162113e+00
  2.52606225e+00 7.43409777e+00 6.36571944e-01 1.62549758e+00
  4.66454983e+00 9.37664747e-01 4.36955631e-01 4.05342436e+00
  0.00000000e+00 1.51030445e+01 0.00000000e+00 1.15592611e+00
  1.55006218e+00 3.05568188e-01 2.70710230e+00 5.84558582e+00
  1.03788249e-01 2.67165351e+00 1.20623093e+01 1.45411491e+00
  4.54723984e-01 1.60812926e+00 2.13704610e+00 2.22257853e+00
  0.00000000e+00 1.74781251e+00 2.35940003e+00 3.44887972e+00
  3.16689968e-01 5.70742249e-01 0.00000000e+00 4.89262603e-02
  3.94668555e+00 1.02939725e+00 8.18417501e-03 4.24545676e-01
  7.08440304e-01 2.18228996e-02 1.82124925e+00 7.29080915e-01
  1.30819416e+00 3.22086930e+00 3.26911628e-01 2.73293376e+00
  2.33348340e-01 1.50056534e+01 4.77715158e+00 2.65730262e-01
  2.31451178e+00 5.63089466e+00 7.41168380e-01 3.95664263e+00
  0.00000000e+00 8.31088257e+00 4.34022009e-01 2.11066532e+00
  3.39488125e+00 4.76703830e-02 1.00971973e+00 4.27208090e+00
  2.22556996e+00 9.70014989e-01 0.00000000e+00 3.48039627e-01
  2.14290231e-01 9.41782570e+00 0.00000000e+00 1.36034575e+01
  1.53441668e+00 0.00000000e+00 2.60730195e+00 2.14219475e+00
  2.52146631e-01 6.53300714e+00 4.50062227e+00 6.52188444e+00
  8.37560081e+00 1.05061805e+00 1.88733733e+00 3.58099890e+00
  2.11085629e+00 7.11670876e-01 6.09663308e-01 2.07948208e+00
  1.48108256e+00 9.34436560e-01 4.96031475e+00 5.97860765e+00
  1.77312303e+00 9.53746605e+00 1.58311164e+00 0.00000000e+00
  0.00000000e+00 0.00000000e+00 1.21773262e+01 2.19223976e+00
  1.57055366e+00 0.00000000e+00 4.31237221e+00 8.97537172e-02
  7.08087862e-01 6.66321814e-01 2.91636014e+00 1.53923668e-02
  1.07898498e+00 4.34018898e+00 6.92721605e+00 1.86356151e+00
  7.88469911e-01 8.04689026e+00 2.82915771e-01 2.15353413e+01
  1.15546906e+00 8.07580853e+00 2.60926914e+00 5.02801609e+00
  8.91229439e+00 1.15041602e+00 2.88871676e-02 5.50240421e+00
  7.57595205e+00 1.52655840e+00 3.01601672e+00 5.61915398e-01
  4.61348981e-01 2.75162053e+00 4.85254526e-01 7.95950115e-01
  3.39099802e-02 5.48538589e+00 6.08195364e-01 1.23269999e+00
  3.51974320e+00 4.40638876e+00 5.77585697e-01 9.96708333e-01
  4.32482004e+00 5.16354752e+00 3.09464931e-02 2.23280811e+00
  1.88149944e-01 9.74346924e+00 9.33532178e-01 3.96511364e+00
  0.00000000e+00 3.03757715e+00 2.44427299e+00 8.24571431e-01
  6.18746459e-01 3.06391263e+00 7.29162335e-01 1.34542561e+00
  1.57363358e+01 1.11114812e+00 1.70012367e+00 1.03678250e+00
  1.39499998e+01 6.38453841e-01 2.29724860e+00 5.46748400e+00
  5.84695399e-01 6.44549894e+00 6.14265621e-01 1.34661424e+00
  1.00969601e+00 1.38993521e+01 6.07379389e+00 4.22907352e-01
  2.83644509e+00 1.31953275e+00 4.82684374e+00 5.37464952e+00
  6.71799898e-01 3.31109905e+00 1.89661145e+00 1.24398506e+00
  0.00000000e+00 3.32971275e-01 6.89833146e-03 2.20404148e+00
  9.01250541e-01 2.26561904e+00 1.30445266e+00 8.64963770e-01
  2.48154259e+00 5.82139313e-01 1.39450133e+00 1.38738418e+00
  8.53293538e-01 2.64248228e+00 4.87032366e+00 1.45794737e+00
  3.16771364e+00 1.06127186e+01 3.11173534e+00 8.53112698e-01
  6.14605141e+00 9.49743837e-02 4.82191592e-01 2.74440026e+00
  3.41361380e+00 5.84418811e-02 5.99031210e+00 1.78347135e+00
  1.22434545e+00 3.59388733e+00 7.53365040e-01 2.19765171e-01
  3.82388926e+00 6.40517187e+00 6.32588446e-01 9.82593954e-01
  0.00000000e+00 1.84417629e+00 1.16677737e+00 1.72727004e-01
  1.85469604e+00 7.80724525e+00 8.15400124e+00 1.40651619e+00
  6.73772335e+00 1.30687726e+00 2.42709112e+00 3.54548335e+00
  5.09240367e-02 0.00000000e+00 7.93811178e+00 1.74310696e+00
  6.85741425e-01 2.31370330e+00 1.32269144e+00 1.75065374e+00
  2.63571739e+00 1.18134916e+00 1.50841191e-01 2.81653547e+00
  6.29926682e+00 4.14720774e+00 9.87877190e-01 3.70801687e+00
  5.56710243e+00 4.24090815e+00 4.66379374e-01 6.93175435e-01
  1.70414436e+00 3.49039376e-01 8.30477238e-01 5.58944523e-01
  1.09160796e-01 1.57366955e+00 1.37364364e+00 1.62950838e+00
  4.23613119e+00 4.93840367e-01 1.71002245e+00 2.14078569e+00
  2.28188467e+00 5.20479560e-01 8.86546326e+00 2.11750627e+00
  3.87114167e+00 9.55857635e-01 1.02069616e+00 3.70511031e+00
  2.14303708e+00 1.90397120e+00 1.19268477e+00 6.05182685e-02
  2.96646118e-01 9.58303034e-01 3.82061672e+00 2.73475766e+00
  2.28532839e+00 1.46524513e+00 8.89146388e-01 5.68438148e+00
  1.27268448e+01 8.96781906e-02 4.66151714e-01 8.41942120e+00
  2.85383940e+00 2.51335526e+00 8.24227524e+00 1.22257936e+00
  1.64940596e+00 7.65537071e+00 5.71720183e-01 5.19320309e-01
  3.03167915e+00 4.20583367e-01 2.01425242e+00 2.29281485e-01
  7.80673981e-01 2.09031105e+00 0.00000000e+00 3.90071177e+00
  1.59696567e+00 1.27216196e+01 1.41396675e+01 1.31765962e+00
  3.52366972e+00 1.17417431e+00 3.15921092e+00 5.58115423e-01
  8.68483782e-01 8.11128902e+00 3.52651453e+00 7.26305842e-01
  2.07168508e+00 5.70577607e-02 5.72047806e+00 1.42257690e+00
  2.10327172e+00 4.08177137e+00 9.12860203e+00 1.45132053e+00
  1.95156336e+00 1.51075487e+01 3.45701575e+00 2.33327627e+00
  2.83004069e+00 4.11104113e-01 6.55716211e-02 8.61904323e-01
  4.09891748e+00 8.37575614e-01 8.43478107e+00 2.78320837e+00
  3.75014335e-01 0.00000000e+00 2.58174491e+00 2.25658369e+00
  2.49167156e+00 1.37916887e+00 2.74977231e+00 0.00000000e+00
  1.91274261e+00 1.79733062e+00 4.96577740e-01 1.78063917e+00
  0.00000000e+00 2.67708755e+00 5.60357392e-01 5.86114073e+00
  1.27505136e+00 2.60882080e-01 9.17076468e-02 5.56074190e+00
  0.00000000e+00 2.10995722e+00 9.30753291e-01 3.16784918e-01
  1.08227324e+00 8.98061842e-02 3.07322311e+00 1.04552221e+00
  2.95332670e-01 7.80522585e-01 1.30535150e+00 3.15237546e+00
  1.06206012e+00 1.02992582e+00 2.64787912e+00 1.26080382e+00
  9.48106468e-01 0.00000000e+00 6.14434481e-01 5.55380106e+00
  4.90949154e+00 6.25305414e+00 5.52885485e+00 1.44650006e+00
  1.32241261e+00 1.78947282e+00 1.23440206e+00 5.16450977e+00
  6.37126505e-01 4.93272901e-01 1.60649097e+00 0.00000000e+00
  1.93647176e-01 6.53327799e+00 8.76978278e-01 1.96162832e+00
  2.08591676e+00 2.77159047e+00 7.43140206e-02 2.53877497e+00
  1.80289418e-01 1.81842160e+00 0.00000000e+00 2.00844955e+00
  1.78995955e+00 1.05667853e+00 1.15024519e+00 1.12190259e+00
  1.47021246e+00 4.20850724e-01 3.28152084e+00 4.93329239e+00
  6.75768018e-01 4.21614218e+00 0.00000000e+00 9.87934947e-01
  2.27766371e+00 1.15894008e+00 4.30059433e+00 6.23928165e+00
  2.17728901e+00 6.67482018e-01 7.68571424e+00 1.18850863e+00
  1.80962992e+00 3.79299283e+00 4.47895241e+00 3.01375296e-02
  3.03341269e+00 3.98707420e-01 1.91727757e+00 1.11860490e+00
  2.45818782e+00 1.08596408e+00 1.74883544e-01 1.01254678e+00
  2.62590051e+00 7.80878246e-01 1.35540736e+00 1.46801388e+00]]