[[2.10661832e-02 1.82602096e+00 3.85702944e+00 2.95287848e-01
  1.68952808e-01 6.16022110e+00 2.08513808e+00 0.00000000e+00
  3.38765889e-01 1.18470860e+00 4.55521107e+00 2.83299780e+00
  3.46778798e+00 7.39096308e+00 3.07123280e+00 9.95783138e+00
  1.12321556e-01 9.94993567e-01 6.60007286e+00 4.52932215e+00
  2.65452909e+00 9.37665558e+00 0.00000000e+00 0.00000000e+00
  6.13737392e+00 1.08513231e+01 5.33418059e-02 0.00000000e+00
  5.31622267e+00 1.27029372e-02 2.97328204e-01 1.52054892e+01
  4.19935989e+00 3.74204612e+00 1.22168854e-01 3.40249467e+00
  1.29770575e+01 2.27271453e-01 4.77304459e+00 0.00000000e+00
  2.26017332e+00 6.70444202e+00 4.91418076e+00 2.89081693e+00
  0.00000000e+00 1.40051997e+00 2.44852567e+00 1.06384134e+00
  3.73933434e+00 3.25732803e+00 8.41275311e+00 6.06201553e+00
  1.42898953e+00 1.82029915e+00 9.81739044e+00 1.94382393e+00
  3.12785244e+00 6.31989908e+00 3.24002579e-02 0.00000000e+00
  3.02399341e-02 1.34128582e+00 8.08710003e+00 1.06685505e+01
  8.47744823e-01 4.76726246e+00 4.10961568e-01 1.45508671e+00
  6.89791381e-01 3.03295684e+00 2.42050552e+00 1.93424210e-01
  4.06421852e+00 8.21270943e+00 6.11410093e+00 1.14589848e-01
  5.06601393e-01 3.51373816e+00 0.00000000e+00 4.16185760e+00
  2.14034700e+00 5.63713121e+00 9.43825626e+00 1.98057866e+00
  2.97912836e+00 7.26241016e+00 3.86348553e-03 1.54950634e-01
  7.23980284e+00 1.59776139e+00 5.68675375e+00 9.91730690e+00
  4.91779119e-01 4.95873070e+00 5.46059608e-01 2.51555896e+00
  0.00000000e+00 1.61803608e+01 5.60372925e+00 8.00485897e+00
  2.65211368e+00 1.04309094e+00 4.24022532e+00 7.72219801e+00
  0.00000000e+00 4.18328822e-01 3.75197887e-01 1.13082969e+00
  1.97057891e+00 3.06270647e+00 2.20105767e+00 1.05004215e+00
  0.00000000e+00 1.07529640e+00 2.09299445e+00 4.77710533e+00
  1.02823868e+01 1.15080607e+00 3.85490322e+00 2.98779631e+00
  2.13956475e+00 6.75893068e-01 2.09501386e+00 1.03282320e+00
  1.07946670e+00 6.00099134e+00 7.52823949e-01 1.15749907e+00
  5.24283791e+00 2.25755348e+01 3.15104961e-01 5.85981083e+00
  4.67869902e+00 4.25213861e+00 1.48028970e+00 1.83171701e+00
  3.88978064e-01 6.25832891e+00 3.36195898e+00 6.75014555e-01
  0.00000000e+00 3.29627490e+00 0.00000000e+00 2.76587701e+00
  5.77214622e+00 2.19820529e-01 3.11007714e+00 7.47283220e-01
  2.70641255e+00 2.64830947e-01 7.32255220e+00 2.64831871e-01
  1.24326057e+01 0.00000000e+00 1.34605265e+00 1.80740511e+00
  6.79536223e-01 2.69313526e+00 8.49792099e+00 6.67559624e-01
  1.26097202e+00 5.47602367e+00 7.67617702e-01 1.07345648e+01
  7.16435957e+00 3.00592136e+00 6.82568550e-01 6.50325108e+00
  3.84531832e+00 1.29824924e+00 1.07208128e+01 6.04278803e-01
  1.24305096e+01 3.83056551e-01 1.35016978e+00 3.31254148e+00
  3.03279424e+00 2.07852674e+00 7.08276093e-01 2.18036628e+00
  5.24556494e+00 3.66432285e+00 5.24340487e+00 3.91548812e-01
  4.36610639e-01 2.61114693e+00 5.26904058e+00 2.60855246e+00
  2.35421395e+00 1.15148544e+01 4.16476578e-02 0.00000000e+00
  4.46609974e-01 3.91748261e+00 1.07068720e+01 2.97688305e-01
  0.00000000e+00 7.85027564e-01 1.23224914e+00 1.78169422e+01
  8.35157776e+00 5.18265867e+00 1.28517592e+00 7.10423326e+00
  7.08594084e+00 1.11827517e+00 1.36317277e+00 2.07150102e+00
  4.15164566e+00 1.40777130e+01 4.26701128e-01 3.81800151e+00
  1.19768536e+00 2.60200882e+00 1.26782209e-01 3.49653459e+00
  5.15308738e-01 8.01059055e+00 1.43531725e-01 3.27823305e+00
  3.71173167e+00 4.06757927e+00 9.43351555e+00 7.00944245e-01
  1.10585098e+01 6.30530715e-01 1.18889022e+00 7.10747147e+00
  1.68402576e+01 3.67441893e+00 1.50863600e+00 1.86406314e+00
  7.44564629e+00 7.15196133e-01 3.79006624e+00 1.21718955e+00
  5.06298494e+00 7.31790733e+00 4.37390774e-01 1.16648922e+01
  3.49023342e-01 3.36103052e-01 3.44511342e+00 2.64305043e+00
  2.89160252e+00 8.31108952e+00 5.51505661e+00 0.00000000e+00
  1.52350020e+00 2.95958579e-01 1.53487501e+01 0.00000000e+00
  4.09035869e-02 9.39931273e-01 4.16437578e+00 9.86457348e-01
  1.04202554e-01 3.61391640e+00 7.40559006e+00 6.16739035e+00
  5.09424925e-01 6.79932415e-01 1.29554141e+00 1.30957806e+00
  7.68521881e+00 7.25974512e+00 1.04004133e+00 1.77223551e+00
  2.61631656e+00 3.28896189e+00 4.31652451e+00 0.00000000e+00
  4.24928522e+00 4.94705534e+00 4.00129032e+00 6.87916946e+00
  2.65695496e+01 2.17840075e-01 0.00000000e+00 5.76284838e+00
  1.43788652e+01 1.21747148e+00 2.26596870e+01 6.49238062e+00
  3.92320657e+00 6.40724778e-01 7.84204531e+00 2.55980194e-01
  1.24553127e+01 1.26638997e+00 3.24583220e+00 4.83556080e+00
  2.35173035e+00 1.46280861e+00 3.73894763e+00 8.87967408e-01
  1.17363853e+01 1.16042268e+00 3.84007478e+00 0.00000000e+00
  2.42367005e+00 8.95888901e+00 9.45175171e-01 6.16910219e-01
  5.23854160e+00 3.76460385e+00 3.54314804e+00 2.33996257e-01
  3.69563532e+00 9.86077785e+00 1.55880880e+00 7.55214024e+00
  7.29454708e+00 4.54916991e-02 2.57131290e+00 3.26438785e+00
  3.14678836e+00 3.62596202e+00 0.00000000e+00 6.16258204e-01
  1.11075811e+01 3.82554102e+00 1.20226202e+01 9.05616462e-01
  1.75279546e+00 3.38701463e+00 1.14779902e+01 1.77428937e+00
  3.84062827e-01 1.63467024e-02 0.00000000e+00 1.26429243e+01
  7.80031025e-01 4.89818001e+00 4.19233894e+00 1.50004685e+00
  5.03140152e-01 7.70962286e+00 1.61955500e+00 5.12155867e+00
  1.97064495e+00 1.87477767e-01 1.95553422e+00 2.90188164e-01
  6.37675703e-01 9.81139469e+00 1.87827563e+00 1.01035893e-01
  3.28981256e+00 9.51340008e+00 1.07589506e-01 1.05653584e+00
  6.01571512e+00 1.40378571e+01 6.78209496e+00 7.82841742e-01
  5.38512111e-01 8.57703400e+00 3.26012397e+00 1.01862298e-02
  1.93808198e+00 0.00000000e+00 0.00000000e+00 3.01988851e-02
  6.96687698e+00 1.09286654e+00 4.43571329e+00 4.11168385e+00
  1.14670813e-01 1.14679413e+01 6.37197256e+00 3.89186287e+00
  1.47218800e+01 4.75036478e+00 2.09367013e+00 4.67709494e+00
  4.55991077e+00 6.22744942e+00 6.13696575e-01 8.92850208e+00
  1.12693796e+01 9.16634941e+00 3.63647056e+00 9.31906879e-01
  1.99705446e+00 2.06549382e+00 7.12008595e-01 5.49170673e-01
  3.04635644e-01 8.56232166e+00 2.40202541e+01 2.29038000e+00
  4.06932831e+00 3.93343544e+00 5.14653492e+00 3.91079593e+00
  3.82054234e+00 8.60320404e-02 1.84875953e+00 4.77598459e-01
  1.39755845e+00 4.75478506e+00 5.63025847e-02 1.08000860e+01
  7.78093910e+00 1.06843925e+00 1.26037046e-01 1.10885906e+01
  2.04600430e+00 2.42201829e+00 1.14509468e+01 3.99141550e+00
  2.82296562e+00 1.15181026e+01 1.22173042e+01 1.34227538e+00
  1.29037941e+00 1.65750825e+00 2.75577688e+00 3.76511991e-01
  1.83795834e+01 2.43291712e+00 2.08128905e+00 3.76126528e+00
  2.95145535e+00 7.92179394e+00 8.95077515e+00 8.86231136e+00
  0.00000000e+00 1.90558314e+00 3.58889759e-01 6.45688820e+00
  3.04913712e+00 3.71948028e+00 1.62365353e+00 1.60332656e+00
  3.09081435e+00 7.69156158e-01 2.96191812e-01 1.29166973e+00
  6.55745715e-02 0.00000000e+00 6.42886221e-01 5.76609015e-01
  6.16287708e-01 2.30296826e+00 2.65817761e+00 1.19667959e+00
  2.42488408e+00 1.09373796e+00 1.16919832e+01 9.57449055e+00
  7.11372948e+00 7.54643536e+00 1.83965826e+00 1.81778347e+00
  3.36106241e-01 8.64496052e-01 7.67449021e-01 4.83750582e+00
  1.14298344e+00 9.64093971e+00 1.63068924e+01 3.72967100e+00
  1.15972748e+01 2.28582814e-01 2.79406023e+00 1.02185202e+00
  4.98723888e+00 1.17061377e+00 1.02662599e+00 9.50142479e+00
  5.98686934e-01 2.62144451e+01 1.49121218e+01 2.08621487e-01
  4.22868919e+00 2.78655267e+00 7.22215748e+00 1.58815980e+00
  2.57553250e-01 8.06513405e+00 2.58101320e+00 9.23672485e+00
  9.89676666e+00 1.79476774e+00 1.12798631e+00 2.09573090e-01
  1.52869964e+00 5.79879379e+00 2.04538274e+00 1.35441618e+01
  1.10301411e+00 8.47710991e+00 1.85109317e+00 3.22308564e+00
  4.64752242e-02 8.94695377e+00 3.33586144e+00 5.80294371e+00
  1.75465608e+00 2.94239372e-02 5.45312929e+00 7.24741161e-01
  1.43559659e+00 8.94013309e+00 1.51743841e+00 2.17681503e+00
  5.02511680e-01 1.90500498e+00 1.23507757e+01 1.27260840e+00]]