[[ 0.27930972  1.9486004   1.298734    0.7158621   0.02337644  1.1466333
   5.7924466   0.27209958  0.44349518  1.1787592   4.7433944   1.7782569
   1.3779943   2.0428402   0.6710496   5.4856906   0.66861093  3.4193614
   0.5212594   6.649713    1.4196799   4.5579495   1.3694001   0.28009412
   1.7305508   8.618703    1.6600868   0.24989927  2.2733893   0.41624284
   0.29950663  0.5691408   2.7007      3.0457945   2.8327749   0.07921095
   1.0214177   0.7512159   5.7417192   3.7559092   6.622272    3.213576
   0.07402836  6.5166364   0.          2.1916993   5.059745    2.0920427
   8.210955    2.968353    0.7027558   0.          0.50734484  2.1369066
   1.3795837   4.0314803   0.2188189   7.250331    0.19952035  0.
   1.039951    0.8852218   3.9593248   4.046784    0.          2.1410978
   0.25975987  0.9056718   2.8684773   2.1515942   2.8357096   6.926318
   0.04614107  7.750071    0.9269076   0.5688501   2.7240386   0.
   0.75044125  2.875703    3.0489686   7.3171034   4.7159886   0.10247587
   3.5464618  10.928771    3.4430478   0.58326185  3.9613519   0.1006977
   3.6849408   4.0799108   0.03605566 11.797652    0.77243906  0.8968002
   0.8640127   1.51883     4.6944675   5.501571    1.9645722   2.372489
  12.439592    2.8475454   0.74703074  0.7228791   0.21400332  8.523053
   4.6642547   0.14931458  3.869573    1.9381562   0.85593677  0.
   1.224642    0.33947158  5.843189    0.02479328  2.762723    4.230961
   0.9828369   0.8455626   1.5568832   3.3223736   0.8732994   2.8027494
   0.9710925   0.46026126  0.06799778 13.495346    1.0420953   0.39796782
   5.754189    1.030872    0.16837947  2.9283428   0.10327807  0.2606708
   0.43772066 12.071209    1.4219049   2.0315301   0.97893447  3.9340086
   2.672634    1.2103773   3.2545705   1.0559604   0.7671613   0.15366483
   0.2186995   2.2901025   4.771773    0.35475615  1.0970037   1.1890646
   1.0401323   3.6799967   0.3868294   1.2013717   2.6630523   3.0276196
   5.4096823   1.5825034   3.7996418   3.2615898   1.8153136   3.988176
   0.678688    0.4377506   0.69797957  0.56674945  6.635571    1.5224527
   1.1871711   0.98468393  0.6929679   0.51717675  9.593368    0.39615735
   4.5297775   0.          1.5481142   0.16304706  0.          0.4300644
   0.3413006   4.809076    3.5210612  13.804935    2.390154    0.1769974
   0.         12.392488    0.423675    2.6685493   2.5346463   4.1827874
   2.7176404   2.446428    4.7444577   0.9997834   0.          8.6619
   7.488349    5.799215    1.0744807   0.33812153  3.6535816  13.433533
   0.4747515   4.326131    0.          4.0225563   1.5290737   0.18052582
   0.06747635  1.1426213   2.3054862   1.870693    1.7994864  10.926651
   2.4123323   0.25756407  3.4432108   1.4979234   1.3281083   1.4089224
   0.          1.6096827   1.6940765   2.1657276   1.4384187   0.6988379
   2.1208363   2.2808611   4.2248955   4.6743317   1.393531    0.6397221
   5.316651    0.          2.746439    3.9798408   1.5223453   8.240605
   6.4944215   1.9805592   3.9848351   1.1521858   1.577794    2.4698775
   0.01848509  1.0984932   4.059508    0.22640496  0.956973    2.3620846
   7.136243    0.41145685  0.          0.8450071   0.          1.0204928
   1.6385959   0.40541348  0.08956232  0.23050489  5.1473856   0.4839825
   6.6113405   2.5683541   0.19416091  1.8995875   2.104288    0.7534813
  12.158717    0.8933225   1.0827864   3.3145955  10.108112    0.6640748
   2.4786081   2.0676425   2.3826652   0.          6.3575354   1.8345715
   2.5203135   4.99386     0.40553153  1.5069588   9.280867    1.949952
   4.184411    0.17195274  0.24266559  0.          0.3425493   0.
   0.22039717  9.049431    1.7840738   1.0155097   0.9785776   5.377546
   0.          2.953487    1.0114094   0.          5.2189145   2.9002573
   0.585558    1.8583624   2.814521    0.440774    3.2493286   8.305241
   0.9974861   3.3676515   2.4234438   5.320227    0.90164226  1.6502191
   0.05955229  2.1840665   9.210196    0.          2.9764771   0.47737238
   1.7815827   9.055211    3.400552    3.2424862   3.2524052   2.448065
   1.6954556   3.571366    0.28336737  3.3282716   0.80999047  4.059226
   2.291638    1.9381742   1.597877    1.7820699   1.8961507   0.14869854
   4.034306    0.92264104  0.04690219  1.2351218   2.446066    3.0589108
   4.793301    0.818574    0.5343615  10.879773    0.31084722  0.6311146
  11.221166    0.          0.11204943  0.14450447  6.647168    0.52447104
   6.593196    0.07719188  0.          5.882056    0.729351    0.09191834
   1.2765896   6.631529    3.6677284   1.0532019   2.391464    3.398651
   1.5706176   3.0698185   0.54484135  2.8923988   0.47977564  2.0896118
   1.7812456   0.02962805  2.2509334   0.20690048  0.5841727   0.04831135
   0.8181473   4.2087765   0.27689335  4.410164    2.2248178   2.5117228
   3.6267977   1.747359    2.1135948   3.57281     2.5194898   7.70121
   4.960232   11.877403    3.103598    2.9933164   1.8874035   2.641213
   0.          0.34491137  5.3280706   2.990319    0.          3.1327696
   3.2782192   1.7699609   0.17396672  1.45504     1.5765761   1.2135544
   3.9999175   1.7997303   0.45251122  3.1605043   1.5714076   2.538985
   6.1323566   2.0265877   1.0667017   1.4628148   1.0882254   0.81422585
   6.691782    1.2498465   0.          1.6891662   0.31043518  2.5331771
   0.88225985  2.3463964   0.20393771  0.35554376  2.6166096   3.2847197
   0.24705812  0.34505922  1.4821789   0.3130534   3.8578644   0.
   0.          1.9117624   2.1883516   4.0639176   4.826467    1.3794355
   0.5531369   1.7399068   1.3785027   4.547551    0.08501574  1.1222966
   1.734699    0.1916104   0.17562999  0.4582625   0.5202133   0.
   4.346192    1.3369799   3.163491    0.14626466  0.11031844  2.5398796
   0.13577932  0.7931107   0.          1.0701286   4.8856645   2.846487
   0.          2.0946896   0.37426272  0.56854177  0.9139701   1.3116235
   1.157785    0.27827844  1.9267396   2.4387546   2.3785398   7.867706
   0.96028996  0.31600866  1.2684913   2.545796    2.9489775   0.6437888
   3.0758238   0.3748744   2.2407732   2.974294    1.3913742   0.02810076
   2.789604    1.6888729   2.2206147   2.271825    2.702377    0.05710572
   7.247316    6.059262  ]]