[[0.00000000e+00 3.85436368e+00 1.04309285e+00 3.23198944e-01
  4.40381199e-01 4.64441270e-01 1.03089199e+01 3.83647978e-02
  1.22994685e+00 1.71879902e-01 2.34942675e+00 2.25013256e+00
  3.80822033e-01 2.48266029e+00 0.00000000e+00 7.62377381e-01
  1.11856318e+00 0.00000000e+00 0.00000000e+00 6.42428541e+00
  1.17438507e+00 4.93609285e+00 5.71115780e+00 5.37104726e-01
  0.00000000e+00 5.08265305e+00 5.36215544e-01 4.41189617e-01
  3.95542192e+00 1.88294813e-01 2.45150423e+00 5.78804202e-02
  1.42265201e+00 2.30829597e+00 1.91035604e+00 2.58994865e+00
  8.84941697e-01 3.39373916e-01 6.27501249e+00 6.61071002e-01
  1.54513106e-01 4.07453442e+00 0.00000000e+00 6.09711123e+00
  0.00000000e+00 7.48911321e-01 5.08069324e+00 2.21784210e+00
  6.33501387e+00 7.05764234e-01 1.62834525e-01 1.72583413e+00
  5.55250764e-01 4.20230436e+00 3.90944624e+00 4.51836777e+00
  2.94385195e+00 1.22121668e+01 1.62205982e+00 6.07667983e-01
  7.64101326e-01 2.01808619e+00 5.36357594e+00 8.74583626e+00
  4.06165600e+00 2.59531069e+00 1.05864632e+00 2.64558077e-01
  6.33105516e-01 4.19346523e+00 4.51674014e-01 1.40384793e+00
  0.00000000e+00 1.94943380e+00 2.63420987e+00 6.59201980e-01
  0.00000000e+00 0.00000000e+00 1.76316619e+00 3.14471030e+00
  4.24617171e-01 6.37186098e+00 1.24924545e+01 6.62664473e-01
  4.41805887e+00 3.95537090e+00 4.06180948e-01 1.71806300e+00
  6.40374279e+00 0.00000000e+00 6.59781647e+00 5.47463512e+00
  1.07618265e-01 8.77654171e+00 6.29468632e+00 2.59952843e-01
  1.70125008e+00 2.61191702e+00 8.65316200e+00 1.45181739e+00
  0.00000000e+00 0.00000000e+00 4.49901581e+00 5.03154278e+00
  0.00000000e+00 1.68104839e+00 1.67659178e-01 9.58461761e-01
  2.43598270e+00 3.37197602e-01 6.06968403e+00 1.12896109e+00
  7.34646261e-01 1.82267439e+00 2.14671850e+00 2.83749133e-01
  4.08296967e+00 1.53761172e+00 1.24175274e+00 2.23488331e+00
  1.36423230e+00 2.78575778e+00 2.56734848e+00 1.33540077e+01
  2.34764934e+00 4.01797628e+00 5.88230371e-01 0.00000000e+00
  1.01473659e-01 2.72413063e+01 4.84927940e+00 3.18012071e+00
  6.46302080e+00 1.66288447e+00 5.71089923e-01 1.78197765e+00
  2.68038368e+00 6.12705946e-01 5.67188978e-01 1.50791721e+01
  4.24546897e-01 1.77982724e+00 2.70459509e+00 4.63197517e+00
  1.91232765e+00 4.39172220e+00 4.78004962e-01 1.93142259e+00
  3.32431269e+00 0.00000000e+00 2.51823604e-01 4.95211887e+00
  1.78224492e+00 7.06292748e-01 0.00000000e+00 1.69093227e+00
  1.38489127e+00 2.21795225e+00 0.00000000e+00 2.09119844e+00
  2.12264746e-01 3.72157478e+00 4.31154871e+00 2.59842777e+00
  3.15437651e+00 1.41185915e+00 7.13828743e-01 4.36645865e-01
  1.58308697e+00 1.63122773e-01 1.62543595e+00 4.72820669e-01
  2.47630191e+00 6.13491821e+00 9.81359065e-01 8.57068673e-02
  4.76839972e+00 4.44749594e-01 6.25087070e+00 2.04908800e+00
  1.24431586e+00 0.00000000e+00 9.28596306e+00 7.61287212e-01
  1.69421330e-01 1.33817399e+00 1.11772454e+00 1.98294473e+00
  2.24389172e+00 3.42365456e+00 3.71743989e+00 7.55954027e-01
  1.22434700e+00 1.34349127e+01 3.49825144e+00 2.73819494e+00
  1.31841874e+00 6.54851866e+00 2.94770241e+00 3.27566266e-01
  9.02243614e-01 4.07618970e-01 2.42186368e-01 1.26953011e+01
  6.48576641e+00 1.27262866e+00 2.73022985e+00 3.50029469e+00
  2.49860311e+00 5.68149233e+00 6.66962862e-01 4.46115923e+00
  6.67913854e-02 4.22574902e+00 6.35331035e-01 0.00000000e+00
  1.56649426e-01 5.94149232e-02 8.46560150e-02 1.14258063e+00
  3.27974534e+00 7.98210096e+00 0.00000000e+00 3.22503328e+00
  5.27579403e+00 2.73741031e+00 0.00000000e+00 9.34237123e-01
  0.00000000e+00 1.09035873e+00 4.01381254e+00 1.54258370e+00
  9.45396125e-01 3.08312893e-01 2.56655240e+00 5.85161038e-02
  1.08772755e+00 7.51638937e+00 3.44881558e+00 2.56345654e+00
  1.23792291e+00 1.20693147e-01 2.90769482e+00 2.97132230e+00
  1.41090143e+00 1.69802177e+00 9.35751057e+00 3.48013908e-01
  2.11305261e-01 2.90473938e+00 2.88896799e+00 1.23671494e-01
  3.92616558e+00 3.76335478e+00 2.21062946e+00 8.01268220e-01
  2.00752950e+00 1.35610437e+00 2.94209719e+00 1.30491197e+00
  1.57083273e+00 2.76204014e+00 1.44224703e+00 1.89168006e-02
  3.37984943e+00 0.00000000e+00 6.19601905e-01 1.75531113e+00
  8.79466248e+00 1.72207355e+00 2.49974394e+00 5.89657545e-01
  1.78993797e+00 3.51385266e-01 1.52311969e+00 1.20252323e+00
  3.78157854e+00 6.81966305e-01 0.00000000e+00 7.43404329e-01
  3.73795342e+00 5.32417250e+00 9.46059883e-01 1.49720013e+00
  3.38096523e+00 2.25040577e-02 1.23867865e+01 2.72038078e+00
  4.53593159e+00 0.00000000e+00 4.42216903e-01 4.22068405e+00
  7.34516335e+00 2.67668486e-01 2.71628022e+00 4.01787758e+00
  9.80544448e-01 9.50405180e-01 2.87960625e+00 7.12349176e-01
  9.71753597e+00 1.64849854e+00 1.43391812e+00 1.16085041e+00
  1.69084632e+00 6.33765268e+00 2.91997552e+00 0.00000000e+00
  2.10120559e+00 2.14344692e+00 3.39299941e+00 7.73475885e+00
  1.35171449e+00 4.36182594e+00 3.93798184e+00 0.00000000e+00
  8.25262070e+00 1.76488686e+01 1.06557870e+00 3.51150036e-01
  2.38201594e+00 8.72535133e+00 5.87311745e-01 1.51272225e+00
  1.29975283e+00 5.04138756e+00 7.22737694e+00 6.93091333e-01
  2.95998740e+00 7.34280646e-01 2.50300384e+00 2.41265059e+00
  7.10694313e-01 2.88097405e+00 9.15349674e+00 2.13466048e+00
  1.58627534e+00 3.31488162e-01 4.24840021e+00 7.40686655e+00
  2.90627360e+00 0.00000000e+00 3.86419082e+00 1.59694028e+00
  1.64349461e+00 3.97543573e+00 0.00000000e+00 4.64784503e-01
  4.61282396e+00 1.41814983e+00 0.00000000e+00 9.40443948e-02
  7.67698765e-01 1.29957640e+00 2.07150698e+00 7.60909081e-01
  2.53196073e+00 1.64043522e+01 4.25640136e-01 1.24444973e+00
  2.93838787e+00 9.15793419e-01 0.00000000e+00 1.33095539e+00
  1.71922266e+00 1.74515951e+00 3.17758732e+01 4.82675582e-01
  1.16624355e-01 1.03350630e+01 3.52059215e-01 0.00000000e+00
  4.02777338e+00 1.10228081e+01 4.05613232e+00 1.01247036e+00
  1.09092069e+00 3.50776863e+00 1.72690499e+00 5.23312330e+00
  3.47135139e+00 1.28266311e+00 1.94099343e+00 9.19378996e-01
  2.58477306e+00 1.11249244e+00 2.10166931e+00 3.19254160e-01
  1.90437210e+00 3.57136354e-02 2.09312654e+00 5.01174033e-01
  2.26251197e+00 1.84399521e+00 1.89256728e+00 1.16691697e+00
  7.18824244e+00 1.35882974e+00 6.98139286e+00 4.83971953e-01
  5.25376940e+00 1.67895317e+01 5.32004118e+00 4.53864288e+00
  1.75166845e+00 1.39514422e+00 1.52070224e+00 2.43809032e+00
  1.19359171e+00 9.10599518e+00 2.47158575e+00 8.83521080e-01
  6.85094576e-03 2.63399529e+00 1.65847278e+00 2.50643802e+00
  2.35299125e-01 1.15921474e+00 0.00000000e+00 4.26808029e-01
  7.15572298e-01 6.25315666e-01 2.70903325e+00 7.00737286e+00
  1.81555796e+00 1.30264387e-01 6.69600153e+00 1.01539338e+00
  1.46386516e+00 1.69104564e+00 2.15229774e+00 5.25723517e-01
  8.31055641e+00 3.27992892e+00 0.00000000e+00 2.04364228e+00
  2.76820850e+00 3.59707260e+00 3.02249849e-01 4.77054310e+00
  1.56132317e+00 1.96049917e+00 0.00000000e+00 3.25778937e+00
  0.00000000e+00 2.42397115e-01 8.55736315e-01 9.63447154e-01
  4.87502718e+00 6.26917556e-02 4.93282408e-01 3.23602104e+00
  3.56651139e+00 6.01255846e+00 4.75615072e+00 5.33328168e-02
  1.96232140e+00 1.84308636e+00 0.00000000e+00 1.78735030e+00
  3.40539885e+00 8.22163463e-01 0.00000000e+00 1.13468134e+00
  1.07048072e-01 8.37761164e-02 6.47861242e-01 1.11019921e+00
  3.22396684e+00 1.15710139e+00 1.02932610e-01 8.64593163e-02
  0.00000000e+00 1.05559625e-01 2.93828225e+00 1.14737713e+00
  2.62227599e-02 3.09085518e-01 4.94607401e+00 2.31180191e+00
  2.32267201e-01 1.01834118e+00 1.25473571e+00 2.43487671e-01
  3.85649443e-01 2.84438992e+00 1.93200529e+00 1.40069544e+00
  4.80597436e-01 3.72713423e+00 4.42684889e+00 7.16627216e+00
  2.89713025e+00 5.55114150e-01 4.72031546e+00 5.43212557e+00
  1.90134215e+00 1.29809225e+00 1.67968750e-01 1.43463910e-01
  6.89862251e+00 1.50699711e+00 2.14001417e+00 1.99506032e+00
  1.12015474e+00 4.82735001e-02 3.43009210e+00 5.32990313e+00
  5.23315763e+00 2.68455416e-01 4.06174612e+00 1.07856643e+00]]