[[9.67795104e-02 4.28767014e+00 1.63957095e+00 9.86848176e-02
  0.00000000e+00 2.65223324e-01 2.85984421e+00 1.55842453e-02
  1.39179242e+00 1.18841684e+00 3.25360131e+00 1.66439223e+00
  2.63501501e+00 6.95920765e-01 2.19146228e+00 4.19280386e+00
  0.00000000e+00 2.29664969e+00 0.00000000e+00 6.83566904e+00
  8.03137302e-01 4.11551714e+00 7.00206220e-01 1.99895155e+00
  1.07779932e+00 2.81486130e+00 0.00000000e+00 5.69018245e-01
  2.05467725e+00 2.38502443e-01 0.00000000e+00 5.33456922e-01
  5.00901461e+00 2.78931141e+00 1.25724738e-02 1.50431061e+00
  3.79530340e-01 2.36655086e-01 5.55466270e+00 1.38933885e+00
  1.91154802e+00 2.49380589e+00 8.97755265e-01 5.09902906e+00
  0.00000000e+00 4.79908085e+00 2.61827278e+00 9.79445577e-01
  3.74006152e-01 1.49670827e+00 1.35854042e+00 2.70742834e-01
  3.48394364e-02 2.81713271e+00 3.99153543e+00 8.11281860e-01
  1.45080820e-01 1.28994417e+00 0.00000000e+00 2.04421401e-01
  3.79352868e-01 1.10113430e+00 5.37372303e+00 3.34270906e+00
  1.62381041e+00 2.87191987e-01 1.21121621e+00 0.00000000e+00
  3.49607974e-01 1.77526981e-01 2.34047103e+00 3.11403179e+00
  0.00000000e+00 9.65192413e+00 2.40599155e+00 2.25953841e+00
  2.97310650e-01 0.00000000e+00 3.66997361e+00 3.73053384e+00
  2.53026557e+00 4.59375906e+00 2.44395900e+00 0.00000000e+00
  4.81382513e+00 9.81362629e+00 2.31811419e-01 2.17974949e+00
  2.97067314e-01 8.26967597e-01 1.03052740e+01 9.07876074e-01
  1.67786017e-01 5.32812357e+00 2.12183118e+00 5.03067613e-01
  3.30546618e-01 3.84721947e+00 3.16318965e+00 3.29280829e+00
  3.86880279e+00 3.05899173e-01 1.10527678e+01 3.32921767e+00
  0.00000000e+00 2.48410419e-01 8.63890529e-01 1.24915934e+00
  1.15331662e+00 4.08315033e-01 0.00000000e+00 8.17328811e-01
  7.04407811e-01 1.66416061e+00 0.00000000e+00 2.38222194e+00
  5.12193394e+00 2.38896608e+00 4.07051086e+00 3.75802946e+00
  2.82052732e+00 5.69563389e-01 0.00000000e+00 1.78908527e+00
  9.51810777e-01 1.66893673e+00 0.00000000e+00 0.00000000e+00
  1.75684273e-01 1.60917816e+01 3.19791555e-01 5.06759405e+00
  9.89841461e+00 1.03978455e+00 0.00000000e+00 1.56655371e+00
  7.13276267e-02 0.00000000e+00 1.60465270e-01 1.14454355e+01
  1.73805356e+00 1.13187110e+00 5.58271110e-01 2.35964870e+00
  4.95969772e+00 1.35994864e+00 4.27613163e+00 2.16422841e-01
  5.52319407e-01 1.02803266e+00 0.00000000e+00 2.42043093e-01
  1.67282355e+00 4.92116332e-01 1.80281425e+00 3.32014620e-01
  1.38012993e+00 3.02494788e+00 6.70118451e-01 3.77896547e-01
  1.00203827e-01 1.08779466e+00 7.47304106e+00 1.32705164e+00
  5.28162670e+00 4.56113052e+00 9.74964350e-03 9.50993538e-01
  0.00000000e+00 6.70870721e-01 1.45624888e+00 5.92380345e-01
  1.00157881e+01 2.74208665e-01 8.41336787e-01 1.86792004e+00
  1.15626943e+00 1.25628738e-02 6.55570936e+00 1.50866175e+00
  1.65518987e+00 3.12783092e-01 8.81428909e+00 1.69856578e-01
  0.00000000e+00 1.28798509e+00 1.13520980e+00 4.52564430e+00
  5.29979658e+00 7.35062933e+00 5.83578682e+00 0.00000000e+00
  0.00000000e+00 6.90573883e+00 1.06492266e-01 0.00000000e+00
  2.44932222e+00 4.58103800e+00 2.01056600e+00 8.24930251e-01
  5.26113319e+00 2.72778034e+00 0.00000000e+00 2.85497093e+00
  3.61020398e+00 4.46265507e+00 5.56199968e-01 8.15143585e-01
  1.18750706e-01 1.32475872e+01 1.29407668e+00 1.86304474e+00
  1.76262498e+00 1.85634410e+00 1.22838080e+00 1.34718990e+00
  0.00000000e+00 1.11691785e+00 1.45279801e+00 9.47043419e-01
  5.22085571e+00 3.61070681e+00 2.64542103e+00 3.73612970e-01
  2.26181006e+00 9.08038855e-01 1.83911431e+00 1.98879674e-01
  4.51920480e-01 1.87591493e-01 7.51468599e-01 8.58585954e-01
  2.07675433e+00 1.59039110e-01 3.97765899e+00 6.56745210e-02
  1.27102554e+00 4.82938623e+00 9.83449370e-02 2.12047124e+00
  7.69025385e-01 2.92257428e-01 3.46297431e+00 1.71313971e-01
  8.64513874e-01 1.02271233e+01 1.68655033e+01 3.88723612e-01
  4.62963915e+00 3.05333078e-01 5.97417784e+00 3.26707768e+00
  4.03759718e-01 1.50821060e-01 4.83509398e+00 5.42380393e-01
  2.26065135e+00 2.87585759e+00 6.06560659e+00 0.00000000e+00
  1.31543982e+00 2.28331298e-01 1.38885319e-01 2.47477412e-01
  2.97375321e+00 2.10334465e-01 0.00000000e+00 2.87679362e+00
  3.34780288e+00 7.02043951e-01 3.96486902e+00 2.78851199e+00
  7.39370227e-01 2.90146971e+00 4.39185667e+00 1.53885856e-01
  9.39181805e+00 5.69867082e-02 3.89940105e-02 1.17820978e+00
  8.37237072e+00 7.79599488e-01 2.32566404e+00 3.00492382e+00
  5.16133356e+00 4.14295383e-02 3.10453892e+00 1.66428125e+00
  6.97109461e-01 5.77687216e+00 1.60640061e-01 4.95173645e+00
  3.33372974e+00 3.18046784e+00 2.04626799e+00 1.52143994e-02
  1.61292744e+00 3.43086332e-01 4.45929378e-01 0.00000000e+00
  1.39271891e+00 5.15874863e+00 1.40365615e-01 7.08001196e-01
  6.26911223e-01 2.22974598e-01 2.28174105e-01 1.19657600e+00
  5.68807554e+00 8.03977787e-01 2.91095591e+00 1.81382358e+00
  2.75333142e+00 0.00000000e+00 3.77913427e+00 1.17001891e+00
  0.00000000e+00 7.87831879e+00 0.00000000e+00 1.32407928e+00
  6.48692548e-01 3.33204079e+00 4.55303282e-01 2.36447930e+00
  2.74149060e-01 6.18881106e-01 5.36493683e+00 0.00000000e+00
  4.65674496e+00 1.03329875e-01 0.00000000e+00 8.21727371e+00
  1.25131333e+00 1.68452764e+00 3.90644431e+00 4.05359936e+00
  1.73613298e+00 1.22965932e+00 1.50452590e+00 3.90263200e-01
  3.00408572e-01 5.19403934e-01 1.11266106e-01 4.48258829e+00
  1.15582752e+00 2.95099306e+00 2.93851900e+00 0.00000000e+00
  3.22891974e+00 1.47804141e+00 0.00000000e+00 2.76108861e-01
  0.00000000e+00 1.24033228e-01 3.41281033e+00 6.70500398e-01
  0.00000000e+00 7.09790611e+00 2.91618371e+00 9.79553461e-01
  1.29577799e+01 0.00000000e+00 1.93603918e-01 2.03096539e-01
  6.57946205e+00 8.05671960e-02 4.65888929e+00 3.27758050e+00
  4.00923789e-01 1.91259480e+00 1.64215195e+00 1.79305589e+00
  1.18590510e+00 4.76760101e+00 5.72239971e+00 8.88153076e-01
  1.32014835e+00 9.80222881e-01 1.17536485e-01 6.35624743e+00
  2.17771292e-01 0.00000000e+00 9.57874835e-01 1.19736814e+00
  7.38546550e-01 1.59693801e+00 3.29131931e-01 2.95173168e-01
  5.30879851e-03 3.34081221e+00 2.31578708e+00 5.02401161e+00
  4.20142460e+00 8.20975685e+00 5.28250337e-01 4.99386024e+00
  1.88619733e+00 9.40456390e-01 0.00000000e+00 1.43083560e+00
  1.35249162e+00 3.39087200e+00 1.08549809e+00 4.16397572e+00
  1.16962874e+00 5.25044966e+00 7.11973011e-01 2.99532676e+00
  0.00000000e+00 9.11063179e-02 4.52847052e+00 3.01158738e+00
  0.00000000e+00 6.14523366e-02 1.51254058e-01 1.18139386e+00
  4.56606507e-01 6.81474134e-02 0.00000000e+00 6.13872588e-01
  2.65037656e+00 2.49219823e+00 1.89944518e+00 7.69918013e+00
  0.00000000e+00 2.48762918e+00 2.25239849e+00 2.19490671e+00
  2.39642119e+00 2.65365005e+00 4.45612860e+00 2.32008290e+00
  5.05752981e-01 5.45802164e+00 4.84814733e-01 1.59518671e+00
  0.00000000e+00 1.96219313e+00 0.00000000e+00 2.03034663e+00
  0.00000000e+00 7.33627751e-02 0.00000000e+00 1.67134798e+00
  2.72958517e-01 2.12045312e-01 2.53116965e-01 6.33301020e-01
  1.97847986e+00 2.87138838e-02 5.20982623e-01 2.94233537e+00
  3.14940524e+00 1.70011535e-01 5.14639521e+00 7.10825026e-01
  1.05401623e+00 2.36363202e-01 4.79005051e+00 4.11609364e+00
  2.99150258e-01 2.60044336e+00 9.60415721e-01 1.67629361e-01
  2.08173800e+00 0.00000000e+00 1.83618367e+00 2.34639001e+00
  2.08852839e+00 8.57130885e-01 2.72646338e-01 7.53304124e-01
  1.50988054e+00 1.82318556e+00 0.00000000e+00 2.82066321e+00
  3.11498851e-01 4.69449902e+00 1.92229247e+00 5.55247664e-01
  0.00000000e+00 8.59866679e-01 1.30412889e+00 7.98231438e-02
  1.49169350e+00 0.00000000e+00 7.70563221e+00 9.73492768e-03
  4.05666828e+00 2.44825172e+00 6.46409893e+00 2.92469096e+00
  0.00000000e+00 1.61306190e+00 1.96304822e+00 2.25813985e+00
  2.33294797e+00 3.09359765e+00 1.60279953e+00 6.91700268e+00
  3.47856832e+00 5.56795931e+00 2.75224710e+00 1.15088081e+00
  1.75122321e+00 5.98335445e-01 9.69932270e+00 2.95094311e-01
  3.00613940e-01 1.34098962e-01 4.71260357e+00 1.20601904e+00]]