[[2.4229598e+00 3.5951983e-02 8.0479145e-01 2.6668152e-01 2.2792276e-02
  2.2008839e+00 7.7361810e-01 0.0000000e+00 3.5185432e+00 3.8074453e+00
  1.5401328e+00 2.6678212e+00 2.1718414e+00 1.3973714e+00 8.4909588e-02
  3.9373636e+00 2.1272128e+00 2.8237233e-01 8.0551952e-01 8.3971796e+00
  6.6103280e-01 7.1210294e+00 9.8347511e+00 1.1315979e+00 9.7248006e-01
  8.8883467e+00 4.6489620e+00 2.1427794e+00 2.8769386e+00 3.2618194e+00
  6.7651397e-01 6.1794657e-02 2.1701877e+00 7.5182676e+00 0.0000000e+00
  2.2334290e+00 2.3930843e+00 1.3304315e+00 7.0760369e+00 1.8478669e+00
  9.8015919e+00 1.0060598e+00 7.1710867e-01 6.2310905e+00 3.0022901e-01
  4.2198333e-01 1.8569437e+00 2.9352181e+00 2.5732214e+00 4.9163282e-01
  1.2323396e+00 1.6079682e+00 2.0724530e+00 3.3779559e+00 1.2862966e+00
  5.5514479e+00 6.5262872e-01 2.7000532e+00 1.0243554e+00 0.0000000e+00
  2.4751973e+00 3.8897327e-01 6.0574627e+00 3.8934004e+00 1.9727489e+00
  0.0000000e+00 6.7470115e-01 1.4739736e+00 1.1267732e+00 2.9696209e+00
  2.6678133e+00 3.8694878e+00 0.0000000e+00 1.9971747e+00 2.2381797e+00
  1.4328919e-01 4.0826920e-02 7.4655749e-02 1.9799261e+00 4.0154696e-01
  1.9008411e+00 6.6556516e+00 3.7423441e+00 9.3116730e-01 7.0131936e+00
  7.4427576e+00 1.2907475e+00 5.1937356e+00 2.3138578e+00 0.0000000e+00
  4.7425909e+00 1.3942865e+00 0.0000000e+00 1.9904903e+00 5.0418234e+00
  1.4924015e-02 1.3149716e+00 4.9278445e+00 5.6617799e+00 7.0619392e+00
  3.4627912e+00 1.4806169e+00 1.1115592e+01 4.8454804e+00 0.0000000e+00
  9.4755220e-01 3.0402443e+00 7.1261019e-01 2.7624178e+00 2.4356041e+00
  1.8284266e+00 4.3946066e-01 5.0256658e-01 6.7711407e-01 8.4923601e-01
  1.9897117e-01 2.2105970e+00 3.1846015e+00 2.6340106e+00 4.4418044e+00
  4.3564799e-01 1.9374950e+00 1.0409158e+00 4.3373857e+00 4.2813940e+00
  2.3062801e+00 1.2764093e+00 0.0000000e+00 6.7993236e-01 9.1372442e+00
  1.7247374e+00 8.2032996e-01 3.3660367e+00 1.2208767e+00 1.4326812e-01
  1.2949010e+00 1.2297052e+00 5.5118644e-01 1.6507014e+00 1.6247982e+01
  4.5809692e-01 4.8034310e-01 1.0272293e+00 5.3278399e+00 9.8738623e-01
  1.4694291e+00 2.8987856e+00 2.6810351e-01 0.0000000e+00 3.5592074e+00
  3.6556947e-01 6.4103401e-01 2.4589236e+00 0.0000000e+00 1.1895828e+00
  9.9096939e-02 6.7053932e-01 2.2618320e+00 1.0535257e+00 2.7808872e-01
  1.0231700e+00 2.9732707e+00 6.3558059e+00 6.5570754e-01 4.1459570e+00
  1.0405272e+00 8.4037997e-02 6.4424813e-01 2.7509972e-01 1.9534407e+00
  2.8781850e+00 0.0000000e+00 2.6658242e+00 3.8092916e+00 1.6320441e+00
  1.8808656e+00 0.0000000e+00 2.3595996e-03 1.4266597e+01 1.1804403e+00
  5.6566560e-01 2.9173097e-01 2.9598501e+00 8.0827081e-01 1.2237079e+00
  7.9715586e-01 7.3246622e-01 5.6422195e+00 2.4789777e+00 6.1549459e+00
  2.3849998e+00 6.6509688e-01 0.0000000e+00 1.2989177e+01 2.7296810e+00
  5.9494929e+00 1.0751665e+00 6.6418724e+00 5.1814022e+00 7.7166641e-01
  9.5459366e+00 2.7097821e+00 0.0000000e+00 1.1269193e+01 2.8630931e+00
  2.2598794e+00 1.8998114e+00 3.0763686e+00 1.6864500e+00 1.1869612e+01
  1.8631982e+00 3.0623028e+00 0.0000000e+00 4.0540714e+00 8.8958400e-01
  9.3158372e-02 6.3979286e-01 3.6534135e+00 2.1043625e+00 2.2051311e+00
  2.3801332e+00 5.5487719e+00 2.5446541e+00 7.7289953e-03 8.3388920e+00
  1.3550502e+00 3.1153607e+00 4.3877201e+00 2.9598333e-02 2.2779541e+00
  1.0637882e+00 5.3005433e+00 5.1957618e-02 1.8166192e-01 1.0213683e+00
  2.1950381e+00 7.2508669e+00 1.6302563e+00 4.0521452e-01 8.7627709e-01
  1.4352896e+00 2.0169749e+00 1.6639653e+00 4.4144592e+00 1.6575278e+00
  7.2575617e+00 8.0201874e+00 1.2156715e-01 3.7296956e+00 6.8366418e+00
  5.6083274e+00 1.0455182e+00 4.1618757e+00 3.4004931e+00 3.4693122e+00
  2.5938790e+00 8.6661762e-01 2.6490216e+00 6.6883273e+00 1.4017686e+00
  0.0000000e+00 2.3174515e+00 4.3678436e-01 1.0137072e+00 2.2800982e+00
  0.0000000e+00 2.7074042e-01 1.3468863e+00 6.8435287e+00 1.1980739e+00
  9.2112875e+00 1.7969564e-01 5.2686155e-01 2.9249744e+00 0.0000000e+00
  1.0919037e+00 7.0584044e+00 1.3698405e+00 0.0000000e+00 7.6178640e-01
  6.4474955e+00 2.7755964e+00 5.6333332e+00 2.1551828e+00 2.5961328e+00
  0.0000000e+00 9.9097214e+00 3.7117198e+00 1.5862020e+00 6.8277950e+00
  5.6432730e-01 0.0000000e+00 4.4858279e+00 4.7016277e+00 1.9065665e+00
  0.0000000e+00 7.5382817e-01 1.3368675e+00 5.2380139e-01 3.3927169e-02
  5.4030335e-01 3.3595386e+00 7.1125879e+00 1.8316078e-01 5.7648201e-02
  6.1044664e+00 1.1969308e-01 4.5697241e+00 1.5748404e-01 6.2375736e-01
  1.7897415e+00 4.4179792e+00 7.6278460e-01 2.1072412e+00 5.0871664e-01
  1.9721960e+00 4.6744289e+00 6.6596246e+00 3.3878701e+00 4.1645455e-01
  5.1678318e-01 4.4270325e+00 3.7730491e+00 1.5385818e+00 1.6175537e+00
  4.6670403e+00 2.9897869e+00 1.3991375e-02 2.7618093e+00 2.0657775e+00
  3.2871503e-01 2.4935560e+00 7.0754272e-01 3.5733562e+00 4.8490210e+00
  3.2232921e+00 2.4454448e+00 3.9796805e+00 7.3795085e+00 1.1557481e+00
  4.8464531e-01 1.4046304e+00 4.6355873e-01 1.9916935e+00 5.5268893e+00
  1.0154841e+00 1.4109004e+00 8.0205154e-01 5.9191570e+00 1.8119773e+00
  1.4892666e-02 2.5758988e-01 7.5558728e-01 1.5208323e+00 3.5845168e+00
  3.7854832e-01 2.2832751e+00 4.6127753e+00 6.8151975e-01 1.1715256e+00
  1.0417800e+01 0.0000000e+00 3.2162434e-01 1.9067254e+00 1.1491052e+01
  1.9268056e+00 3.2488475e+00 4.0125227e-01 0.0000000e+00 3.3736274e+00
  9.5900379e-02 0.0000000e+00 6.4428887e+00 6.6238179e+00 7.2066240e+00
  7.7722979e-01 2.9019413e+00 4.5018353e+00 0.0000000e+00 5.3762760e+00
  5.8150184e-01 6.8910772e-01 4.2142715e+00 3.1652718e+00 3.8945489e+00
  8.5478848e-01 6.2601590e+00 6.6654211e-01 3.8880751e-01 8.3635340e+00
  3.5110135e+00 1.2654722e+00 4.4565673e+00 2.3868153e+00 1.7304469e+00
  5.7061791e+00 1.5502858e+00 6.1242514e+00 7.0182376e+00 1.7145731e+00
  4.6535559e+00 4.9048409e+00 3.6946754e+00 8.0420628e+00 4.2324772e+00
  5.2201443e+00 4.6078901e+00 1.6147772e+00 0.0000000e+00 3.6255044e-01
  4.9926462e+00 3.7658479e+00 0.0000000e+00 3.1416228e-01 0.0000000e+00
  2.9527392e+00 3.8693109e-01 1.3819904e+00 3.2893276e+00 1.8459052e+00
  6.9750774e-01 8.4016412e-01 5.5428839e+00 3.4375601e+00 9.2512763e-01
  8.0622691e-01 3.7225657e+00 1.7483588e+00 1.0734634e+00 1.0020059e+00
  1.1930763e+00 5.1739037e-01 7.7136407e+00 7.4396592e-01 0.0000000e+00
  1.3355447e+00 6.7283571e-01 5.2212721e-01 3.3874896e+00 6.3580074e+00
  2.2821965e+00 1.3967869e+00 7.5459296e-01 1.2016757e+01 6.0026449e-01
  7.5927794e-01 9.1757435e-01 2.2903948e+00 3.2478616e+00 1.3645120e-01
  1.2749195e-01 4.8375597e+00 2.9958098e+00 5.4274416e+00 4.0535073e+00
  2.3455424e-03 6.4155769e+00 7.2709203e-01 2.8553650e+00 2.6369016e+00
  1.5156565e+00 3.5204071e-01 8.2748127e-01 4.4191650e-01 8.3705807e-01
  2.2031367e+00 0.0000000e+00 3.9625039e+00 7.4195105e-01 8.4743685e-01
  1.0570434e+00 2.0332658e+00 7.3492074e-01 1.1361085e+01 0.0000000e+00
  0.0000000e+00 0.0000000e+00 1.8182541e+00 1.4715586e+00 1.8003803e+00
  2.7466649e-01 1.4202982e+00 4.2908397e+00 2.0999870e+00 2.5098720e-01
  1.1914057e+00 1.7463450e-01 5.2331719e+00 1.5675691e+00 1.3220961e+00
  1.8282095e+00 6.3727303e+00 1.1146054e+00 1.1801574e+00 6.3230991e+00
  3.4136136e+00 4.5355320e+00 7.0415120e+00 8.2917124e-02 2.0054607e+00
  1.1482904e+00 1.7742991e+00 6.6380382e-02 0.0000000e+00 7.9815525e-01
  9.1267359e-03 3.0249488e+00 2.0773044e+00 1.1652236e+00 8.2399338e-02
  3.0028126e+00 2.4589906e+00]]