[[1.92072797e+00 8.66480231e-01 1.90351093e+00 1.17509496e+00
  7.67284185e-02 1.67536581e+00 2.11887074e+00 1.07581373e-02
  0.00000000e+00 5.18047857e+00 2.81563044e+00 2.13119435e+00
  1.22903740e+00 1.19044352e+00 9.15217936e-01 5.19560099e+00
  5.67580760e-01 9.76421952e-01 1.59311759e+00 5.41142559e+00
  3.22943592e+00 4.24283266e+00 7.92179406e-01 1.52205914e-01
  2.67848778e+00 7.81059599e+00 3.61294436e+00 1.40092576e+00
  1.04116726e+00 2.08780026e+00 0.00000000e+00 1.33238232e+00
  3.76508498e+00 4.82904291e+00 2.41938144e-01 9.12975597e+00
  1.89022064e+00 2.08828092e+00 4.73825312e+00 1.95715523e+00
  3.80335784e+00 2.56025219e+00 7.19016790e-01 5.33002853e+00
  4.14398283e-01 2.77331638e+00 1.50786638e+00 3.69828010e+00
  2.77770662e+00 2.19383359e+00 1.28553522e+00 8.25326562e-01
  1.04291940e+00 4.07259274e+00 9.91771638e-01 2.48672557e+00
  2.48635679e-01 1.17462766e+00 0.00000000e+00 1.32156700e-01
  1.69875228e+00 2.63380796e-01 4.73216152e+00 2.97799611e+00
  4.12744141e+00 2.45083883e-01 1.05908287e+00 4.96272236e-01
  2.48891449e+00 7.61673546e+00 1.53267932e+00 3.05540347e+00
  0.00000000e+00 1.85384846e+00 1.40521121e+00 1.05504036e+00
  2.07560849e+00 0.00000000e+00 5.07355571e-01 9.89988595e-02
  1.87451589e+00 3.77974677e+00 4.55463505e+00 2.04402947e+00
  3.40938997e+00 1.25977449e+01 1.61780608e+00 4.72628498e+00
  6.21279418e-01 2.79632658e-01 5.18612528e+00 4.91721004e-01
  3.17901254e-01 5.48757267e+00 1.36606455e+00 4.62550819e-01
  1.11750662e+00 2.29898024e+00 5.84832764e+00 3.83258748e+00
  1.45531666e+00 7.05580807e+00 1.14111729e+01 8.88045502e+00
  0.00000000e+00 1.69080740e-03 3.40952969e+00 3.12639683e-01
  4.93899524e-01 7.46152282e-01 1.62714708e+00 1.80999899e+00
  1.29234064e+00 1.28648305e+00 3.65136862e-01 1.51419833e-01
  4.05259323e+00 6.83790731e+00 1.04864955e+00 6.75777864e+00
  2.58939683e-01 2.35693836e+00 8.30663264e-01 4.88493490e+00
  4.55175638e+00 2.44031954e+00 0.00000000e+00 1.68652162e-01
  8.29735100e-01 8.30541325e+00 2.98749876e+00 1.01413417e+00
  1.78779304e+00 1.78879350e-01 5.55997014e-01 9.61334944e-01
  1.05775988e+00 7.27136254e-01 2.14834929e+00 1.43405285e+01
  4.14156818e+00 4.80304867e-01 0.00000000e+00 2.47081637e+00
  2.88540578e+00 3.10229087e+00 4.60782433e+00 2.23008895e+00
  0.00000000e+00 3.94780684e+00 4.18041088e-02 8.96854937e-01
  2.96371841e+00 4.16476917e+00 3.68295074e-01 3.28352745e-03
  2.09726167e+00 6.44934464e+00 5.10360539e-01 1.99099109e-01
  1.32869780e+00 1.48948884e+00 5.67228937e+00 3.08035254e+00
  5.05096722e+00 2.49240726e-01 2.91246176e-01 2.20926738e+00
  0.00000000e+00 4.49615866e-01 1.53502494e-01 9.68136370e-01
  2.08671856e+00 8.94382060e-01 1.84839106e+00 9.01426375e-01
  6.16017342e-01 0.00000000e+00 7.05801392e+00 7.65115917e-01
  1.52331546e-01 7.22780168e-01 7.31279314e-01 1.23042214e+00
  0.00000000e+00 3.30235791e+00 8.41335237e-01 6.14756870e+00
  5.41562271e+00 3.63095403e+00 1.20594418e+00 1.98320970e-01
  1.03341198e+00 3.07989311e+00 5.15938461e-01 9.06374604e-02
  1.35086370e+00 3.07111883e+00 1.14373815e+00 6.41530812e-01
  9.62328148e+00 2.61016273e+00 2.22341552e-01 7.81778717e+00
  4.20482540e+00 4.78419971e+00 2.45448065e+00 2.79894924e+00
  4.28834057e+00 1.36887112e+01 0.00000000e+00 2.25437045e+00
  4.15680647e+00 4.89027214e+00 8.52953374e-01 2.19184422e+00
  4.79076773e-01 3.21802807e+00 3.55751824e+00 2.42611861e+00
  6.70463037e+00 6.21290922e+00 1.17435634e+00 6.84116602e-01
  9.23220038e-01 1.05935521e-01 5.29119015e+00 3.68007064e+00
  7.10034728e-01 6.68048561e-01 5.89754701e-01 3.71280384e+00
  1.33767173e-01 6.44763350e-01 5.58477879e-01 6.52735949e-01
  2.82994181e-01 2.13532281e+00 7.35165412e-03 1.18604660e-01
  3.16557735e-02 1.35550991e-01 2.90666223e-01 3.89062500e+00
  2.96926290e-01 2.63858843e+00 5.07209396e+00 8.52884591e-01
  5.73328447e+00 1.60278678e-01 7.43234253e+00 4.39031315e+00
  2.47625780e+00 1.93415177e+00 3.36218858e+00 2.34625292e+00
  1.97312224e+00 1.84192002e-01 1.82577503e+00 1.00597465e+00
  0.00000000e+00 3.38393688e+00 0.00000000e+00 1.04665852e+00
  9.23722148e-01 0.00000000e+00 0.00000000e+00 3.89622390e-01
  5.75579643e+00 1.12120533e+00 1.47795687e+01 0.00000000e+00
  8.31731498e-01 1.69958580e+00 0.00000000e+00 7.95285761e-01
  5.24769115e+00 0.00000000e+00 2.27380753e+00 1.04304373e+00
  4.92354393e+00 6.95518315e-01 3.23501253e+00 2.76619697e+00
  4.64306021e+00 9.32983160e-02 1.96743965e+00 2.95741200e+00
  1.80849329e-01 4.15894318e+00 9.13564414e-02 2.78246045e-01
  7.09065914e+00 4.21755934e+00 5.14846706e+00 4.60626125e-01
  9.36872363e-01 3.51194263e+00 9.93917048e-01 9.69240218e-02
  0.00000000e+00 5.82339144e+00 2.37221718e+00 0.00000000e+00
  1.11021125e+00 3.90402627e+00 0.00000000e+00 2.77092481e+00
  4.77151483e-01 1.84717640e-01 7.27950430e+00 3.71570230e+00
  5.62222481e-01 1.56810716e-01 2.83147669e+00 5.87815404e-01
  2.68083882e+00 7.60536337e+00 1.23900235e+00 0.00000000e+00
  6.34513842e-03 3.26868773e+00 4.14954090e+00 1.17079347e-01
  3.34059548e+00 2.42575407e+00 6.82581949e+00 0.00000000e+00
  4.17906761e+00 1.40891635e+00 9.87282574e-01 4.52219486e+00
  2.49494338e+00 4.35131669e-01 3.36667514e+00 4.14240980e+00
  1.73405766e+00 4.72173405e+00 1.35332322e+00 4.74747896e+00
  3.19312006e-01 9.38267529e-01 4.10896182e-01 4.05006647e+00
  5.05607033e+00 6.49422109e-01 6.10237837e-01 2.35015178e+00
  2.43980360e+00 1.09729934e+00 8.02613854e-01 0.00000000e+00
  9.15070474e-02 2.28582072e+00 4.55801582e+00 7.89179683e-01
  1.97029734e+00 2.05491161e+00 1.10820699e+00 1.35980189e+00
  6.49508047e+00 6.41063988e-01 1.17580757e-01 2.10956097e+00
  6.28493214e+00 5.64215422e-01 4.69298649e+00 5.66927373e-01
  2.05367543e-02 3.10658026e+00 3.76826704e-01 8.93425167e-01
  8.29219055e+00 3.65127063e+00 6.52649307e+00 1.32814586e+00
  5.46437216e+00 6.62117147e+00 0.00000000e+00 2.20517278e+00
  4.09478337e-01 1.06762302e+00 2.65891218e+00 4.18429077e-01
  3.68584013e+00 1.82420656e-01 3.72193742e+00 1.85830164e+00
  2.31229734e+00 4.88285971e+00 2.15529466e+00 2.99138594e+00
  8.85022044e-01 5.78180790e+00 1.42871261e+00 1.10982265e+01
  1.59425998e+00 1.58111691e+00 5.61956978e+00 1.67733192e+00
  1.50553739e+00 1.33319080e+00 5.00351715e+00 4.11045790e+00
  3.16053128e+00 5.57120752e+00 6.37787431e-02 7.20720649e-01
  0.00000000e+00 0.00000000e+00 1.70443571e+00 1.99685502e+00
  3.41120541e-01 0.00000000e+00 1.24421656e+00 1.54312778e+00
  0.00000000e+00 4.56221364e-02 5.53137445e+00 1.41222286e+00
  1.58167982e+00 2.18136978e+00 1.64811134e+00 1.36925089e+00
  1.56635749e+00 1.50898784e-01 5.93908215e+00 2.14997435e+00
  0.00000000e+00 6.55605257e-01 4.00441736e-01 2.52683997e+00
  1.08532257e+01 3.72759414e+00 1.81666100e+00 4.50991467e-03
  7.75558949e-01 4.11169481e+00 5.19252121e-01 2.54991627e+00
  6.09043837e-01 3.52102369e-01 5.68386674e-01 1.69165504e+00
  3.63611877e-01 3.22832055e-02 5.89087486e+00 2.32488370e+00
  4.03947115e+00 1.02897000e+00 2.82808617e-02 5.38105822e+00
  1.22067928e+00 6.47712135e+00 5.95220995e+00 2.41752818e-01
  3.07135844e+00 1.86906552e+00 4.69928980e+00 5.87149286e+00
  3.78151011e+00 0.00000000e+00 1.32499444e+00 1.90717816e+00
  2.45396042e+00 3.75279951e+00 9.09502525e-03 1.57363379e+00
  1.95220280e+00 4.62130785e-01 2.72975659e+00 0.00000000e+00
  4.45348930e+00 2.60170960e+00 0.00000000e+00 1.07991569e-01
  2.49356365e+00 3.11246729e+00 2.78618872e-01 3.42930675e+00
  5.39514601e-01 1.04972729e-02 1.08014715e+00 1.95952606e+00
  1.93817526e-01 2.36004877e+00 1.55044568e+00 3.55362558e+00
  3.09974265e+00 9.83195543e-01 1.51009786e+00 1.03274240e+01
  1.01898313e+00 6.69943467e-02 2.78590918e+00 2.42183566e+00
  5.87545300e+00 1.15165496e+00 1.00505435e+00 4.83782387e+00
  2.12756991e-01 2.74066067e+00 0.00000000e+00 2.88615469e-02
  1.61832750e+00 4.02365983e-01 3.51612759e+00 2.40832329e+00
  2.55528593e+00 8.68040144e-01 2.17702746e+00 2.77811408e+00]]