[[1.22613466e+00 1.06681037e+00 1.21115372e-01 7.54170194e-02
  1.55598938e-01 2.58358097e+00 2.10680556e+00 1.18328735e-01
  7.59893477e-01 1.71314073e+00 2.07010365e+00 2.87187386e+00
  5.20674437e-02 3.26839161e+00 2.88729370e-01 2.91631436e+00
  1.85042977e-01 2.24623919e+00 2.29096740e-01 7.32184029e+00
  2.05478883e+00 1.49304724e+00 4.76243305e+00 5.53842640e+00
  8.56410384e-01 4.04427767e+00 1.51566267e-01 1.13063109e+00
  1.59384274e+00 9.43987258e-03 7.13706017e-01 0.00000000e+00
  3.05251074e+00 6.69519615e+00 6.55189276e-01 2.03507876e+00
  2.89811492e+00 3.65065128e-01 1.08129807e+01 3.15895009e+00
  1.23556919e+01 3.71771812e+00 1.95173532e-01 7.52226925e+00
  0.00000000e+00 1.03634894e+00 1.11809623e+00 7.15670586e-01
  3.84221387e+00 0.00000000e+00 3.34045380e-01 1.79274455e-01
  1.24471498e+00 1.07496178e+00 2.35351539e+00 5.10733795e+00
  1.98674202e-01 3.20960402e+00 4.64059979e-01 2.50354439e-01
  3.68660975e+00 2.11112452e+00 6.35475636e+00 2.40847301e+00
  1.69606614e+00 0.00000000e+00 8.08424294e-01 4.08772141e-01
  1.76561117e+00 2.17029238e+00 4.23071146e+00 2.00817037e+00
  0.00000000e+00 2.26488447e+00 1.36594355e+00 1.43330121e+00
  4.10645306e-01 0.00000000e+00 4.45695734e+00 9.92079139e-01
  2.80322313e-01 4.73112106e+00 3.07248044e+00 1.96512818e-01
  3.92410707e+00 1.06132574e+01 1.64721084e+00 9.77780223e-01
  1.59015918e+00 0.00000000e+00 4.09432745e+00 1.60601997e+00
  4.50102001e-01 5.48250294e+00 8.56435013e+00 4.08090591e-01
  3.51584363e+00 1.24761641e+00 3.95072937e+00 4.86012077e+00
  3.80931348e-01 7.39741847e-02 2.15747299e+01 3.87826443e+00
  0.00000000e+00 4.11359668e-01 1.60857439e+00 1.05653608e+00
  3.74864292e+00 1.39377344e+00 2.89830899e+00 2.10911259e-01
  2.51866126e+00 1.46438384e+00 1.95302472e-01 0.00000000e+00
  5.61501312e+00 1.66923833e+00 3.24399757e+00 3.00303841e+00
  7.91969836e-01 1.03931546e+00 1.60542000e-02 4.46759510e+00
  1.15622115e+00 1.72715044e+00 8.44170973e-02 0.00000000e+00
  0.00000000e+00 6.21158981e+00 5.32547414e-01 9.17479992e-01
  1.25801725e+01 5.22256494e-01 2.56334400e+00 1.11574554e+00
  1.39942944e-01 5.20466566e-01 1.21017270e-01 1.64023743e+01
  3.51219916e+00 1.67645589e-01 0.00000000e+00 4.54067755e+00
  1.69594467e-01 8.73753428e-01 2.89608264e+00 5.96514106e-01
  3.47015291e-01 5.66237354e+00 1.47827595e-01 7.68813014e-01
  1.51886904e+00 2.87090755e+00 1.19655704e+00 1.47301853e-01
  3.11694711e-01 3.42176747e+00 0.00000000e+00 2.12834454e+00
  1.67351580e+00 3.73995352e+00 2.38385391e+00 2.20829219e-01
  2.66797066e+00 2.92846584e+00 0.00000000e+00 3.67030978e-01
  0.00000000e+00 8.89242906e-03 9.68645453e-01 9.68905687e-01
  3.06390142e+00 5.80140209e+00 1.69137943e+00 1.97502637e+00
  3.06230974e+00 0.00000000e+00 1.17349606e+01 1.44843125e+00
  5.71436342e-03 0.00000000e+00 1.99314213e+00 5.71840465e-01
  1.39580417e+00 4.14668143e-01 1.95202306e-01 2.16508007e+00
  3.89682746e+00 1.52103388e+00 3.64740515e+00 0.00000000e+00
  0.00000000e+00 1.56762075e+01 2.94234133e+00 3.19898248e+00
  2.16712832e+00 3.44408369e+00 2.08881855e+00 0.00000000e+00
  9.88385868e+00 9.41612542e-01 1.33549422e-01 2.34678078e+00
  3.54865098e+00 3.75854158e+00 1.51048779e+00 6.63762569e-01
  1.07608604e+00 1.46250620e+01 1.60972208e-01 1.27520311e+00
  1.08159769e+00 4.73105717e+00 6.83502734e-01 4.85058129e-01
  9.08049345e-01 6.71972156e-01 1.19865119e+00 9.97425795e-01
  6.20512915e+00 1.29639244e+01 1.01439369e+00 0.00000000e+00
  1.30792093e+00 1.58705580e+00 4.74176407e+00 1.94984472e+00
  9.17260870e-02 3.31256199e+00 1.79759157e+00 3.70134211e+00
  0.00000000e+00 8.90447199e-01 2.83984089e+00 1.14966571e+00
  0.00000000e+00 1.43480763e-01 5.40717602e-01 5.37455976e-01
  3.37107229e+00 0.00000000e+00 1.38676739e+00 2.75598311e+00
  3.49627352e+00 8.54059124e+00 5.53317738e+00 1.33400485e-01
  1.04208398e+00 4.95634508e+00 7.15762520e+00 8.16558778e-01
  1.30570483e+00 3.07509947e+00 3.58072138e+00 2.48929128e-01
  5.91276169e-01 6.47065282e-01 3.30681562e+00 1.30657673e+00
  8.58750641e-01 1.70764160e+00 0.00000000e+00 3.08006585e-01
  9.34462965e-01 0.00000000e+00 2.32052699e-01 1.67184186e+00
  4.20676613e+00 1.85885763e+00 5.91102219e+00 1.51721179e+00
  1.14018925e-01 1.41825211e+00 3.05495477e+00 6.38126552e-01
  6.61936569e+00 2.25650692e+00 1.69817522e-01 2.75436789e-01
  3.39227533e+00 1.38355720e+00 0.00000000e+00 2.17253470e+00
  5.76463604e+00 1.16399027e-01 7.16868305e+00 2.57106519e+00
  2.09669352e+00 8.23155499e+00 0.00000000e+00 8.34507406e-01
  8.99139500e+00 6.22518587e+00 3.39968300e+00 1.92905867e+00
  2.05742121e-01 6.54910654e-02 5.61976612e-01 2.25425828e-02
  4.09307599e-01 3.87945771e+00 4.27501917e+00 5.91125071e-01
  2.08942667e-01 3.28653526e+00 0.00000000e+00 1.00841534e+00
  9.07448828e-01 2.29184330e-01 4.61662626e+00 3.10978979e-01
  7.54594684e-01 1.17846167e+00 2.19971180e+00 2.37444956e-02
  3.54504299e+00 6.65471935e+00 1.75185740e+00 1.35088652e-01
  4.49314028e-01 6.90620136e+00 1.96897876e+00 1.73486388e+00
  1.03194797e+00 2.50691921e-01 5.46354532e+00 0.00000000e+00
  2.86584687e+00 9.11650777e-01 1.56108773e+00 5.34052324e+00
  4.89263922e-01 3.35688257e+00 6.62580967e+00 5.85870981e+00
  1.10332537e+00 1.35717535e+00 2.88003445e+00 1.70714939e+00
  4.12167907e-01 8.76900330e-02 5.62850118e-01 6.81682408e-01
  1.93606007e+00 1.89012742e+00 1.49611557e+00 9.83508006e-02
  1.18963718e+00 6.63773835e-01 0.00000000e+00 4.82265800e-02
  4.23690647e-01 1.78863049e+00 2.53479505e+00 7.51567423e-01
  0.00000000e+00 4.61160660e+00 2.28912973e+00 2.23416567e+00
  2.38531475e+01 8.68015960e-02 0.00000000e+00 4.67289120e-01
  1.39692450e+01 0.00000000e+00 3.75504565e+00 2.29510248e-01
  7.41474926e-01 1.95088446e+00 0.00000000e+00 0.00000000e+00
  3.20166850e+00 4.57489586e+00 6.95591640e+00 1.07901812e+00
  6.04868841e+00 3.24248385e+00 0.00000000e+00 4.58064222e+00
  1.22142375e+00 2.26155728e-01 2.97377014e+00 2.19825625e+00
  8.28853905e-01 5.85017979e-01 3.21050429e+00 7.69484282e-01
  0.00000000e+00 3.32585979e+00 3.06801057e+00 2.21853423e+00
  1.14900939e-01 2.30575490e+00 1.83328795e+00 4.40061951e+00
  2.07518435e+00 2.48322964e+00 2.09929490e+00 1.40707493e+00
  3.00451827e+00 8.80099392e+00 4.18286276e+00 7.54055357e+00
  2.96446633e+00 9.45083618e+00 2.57224107e+00 8.87907669e-02
  1.04119577e-01 3.76454282e+00 5.11667395e+00 1.66623020e+00
  0.00000000e+00 1.86405098e+00 3.19807716e-02 2.47433114e+00
  0.00000000e+00 4.45818573e-01 0.00000000e+00 2.47090787e-01
  5.10561049e-01 5.25465310e-01 3.61809587e+00 3.23463416e+00
  4.85815018e-01 0.00000000e+00 8.78650665e+00 2.80700064e+00
  5.41884243e-01 1.04216886e+00 1.41341197e+00 1.29275754e-01
  8.61512470e+00 4.57533312e+00 4.59874906e-02 1.63069874e-01
  1.50082076e+00 1.58012676e+00 8.65681708e-01 4.64717054e+00
  1.80689171e-01 2.00428176e+00 6.56229317e-01 9.00047874e+00
  8.93193007e-01 0.00000000e+00 2.41953954e-01 2.19148731e+00
  7.12554634e-01 1.08831957e-01 0.00000000e+00 4.73985052e+00
  7.66967595e-01 3.58745408e+00 1.19807243e+01 1.06363883e-03
  7.63329983e-01 4.30048972e-01 3.62118912e+00 2.22698188e+00
  2.41794300e+00 3.46163332e-01 1.21731305e+00 2.97762901e-01
  1.36883497e+00 1.51229572e+00 2.85616541e+00 5.02077520e-01
  5.04487658e+00 1.37259281e+00 1.51900463e-02 2.29420990e-01
  1.59049010e+00 9.58003700e-01 0.00000000e+00 1.34320319e+00
  0.00000000e+00 3.26290107e+00 2.10269421e-01 1.82119891e-01
  0.00000000e+00 0.00000000e+00 1.97168589e+00 1.01945126e+00
  0.00000000e+00 1.31802976e+00 2.67358035e-01 2.15905786e+00
  4.02201700e+00 8.73411834e-01 9.09214020e-01 3.27941084e+00
  1.33345693e-01 0.00000000e+00 4.39115858e+00 2.24374437e+00
  1.05722547e+00 6.61866379e+00 6.13804042e-01 2.48447847e+00
  7.06498265e-01 1.06963181e+00 1.46392727e+00 4.35550176e-02
  1.23205936e+00 3.11896920e-01 2.00125051e+00 1.47832739e+00
  1.13306868e+00 1.29852831e+00 3.09589958e+00 3.00537491e+00]]