[[9.70988512e-01 1.14923084e+00 3.87775183e+00 1.22671127e-02
  8.49859834e-01 4.33143520e+00 1.92265236e+00 5.45071268e+00
  1.40917420e+00 7.72537172e-01 1.13630474e+00 1.43317163e+00
  4.55898666e+00 1.33472002e+00 1.06105673e+00 1.54138839e+00
  1.78285277e+00 2.16025531e-01 0.00000000e+00 4.71610975e+00
  5.74836135e-01 2.61612415e+01 5.96807301e-02 3.26783729e+00
  6.87938452e-01 4.07175207e+00 1.84292698e+00 8.20870399e-01
  2.69044250e-01 1.30603623e+00 1.53861558e+00 9.30265725e-01
  4.56260815e-02 3.12188649e+00 1.47881031e+00 1.08734500e+00
  2.74202645e-01 1.51255751e+00 1.91930294e+00 6.26480579e-01
  2.42216325e+00 0.00000000e+00 8.73359144e-01 7.75060892e+00
  4.74895620e+00 2.37095058e-01 3.37317371e+00 5.29026508e+00
  4.29026031e+00 2.16431215e-01 2.18655205e+00 0.00000000e+00
  6.64354682e-01 2.93141150e+00 3.37693691e-01 5.87292290e+00
  9.35409844e-01 1.65167618e+01 5.88343143e+00 1.66972196e+00
  1.79420590e+00 6.31180048e-01 3.79183984e+00 3.99037457e+00
  7.92667687e-01 2.22324505e-01 2.89918900e-01 8.26175392e-01
  1.21189249e+00 5.52035570e-01 8.25222433e-01 3.59614444e+00
  1.95879889e+00 1.42028654e+00 4.76183748e+00 3.53648029e-02
  1.70558989e+00 0.00000000e+00 5.17135859e-01 4.00946796e-01
  8.92090574e-02 9.65167522e+00 4.16644239e+00 1.87756312e+00
  5.54010391e+00 4.90016603e+00 7.16491747e+00 2.72906876e+00
  4.04574442e+00 1.04671752e+00 1.76412678e+00 0.00000000e+00
  3.73128867e+00 8.93273640e+00 1.35740244e+00 6.89365715e-02
  8.06525648e-01 2.85586166e+00 8.52463531e+00 1.54672921e+00
  3.98514366e+00 3.65856194e+00 1.44774413e+00 1.07537165e+01
  2.56951123e-01 2.69779414e-01 2.70478797e+00 3.18488383e+00
  2.92239308e-01 3.96186256e+00 9.22677666e-02 3.48526502e+00
  0.00000000e+00 1.23272967e+00 1.44048715e+00 1.86270345e-02
  2.51128292e+00 1.18950548e+01 3.35862130e-01 1.26016378e+00
  0.00000000e+00 3.62371206e+00 4.51862663e-02 1.05349245e+01
  0.00000000e+00 5.84166467e-01 2.86621392e-01 0.00000000e+00
  7.49207437e-02 1.62516270e+01 2.84105325e+00 0.00000000e+00
  7.53730106e+00 1.13135076e+00 7.81733036e-01 1.73785925e+00
  1.31919188e-02 2.39014292e+00 1.26472139e+00 1.13069210e+01
  2.59486437e-01 2.05964518e+00 5.00525618e+00 4.24783587e-01
  6.78053856e+00 1.03034914e+00 5.70544004e+00 5.31698990e+00
  0.00000000e+00 2.52437234e-01 1.82037163e+01 1.80673993e+00
  8.11424851e-01 0.00000000e+00 0.00000000e+00 8.14202595e+00
  1.90799028e-01 2.46028423e+00 4.80822213e-02 3.20152378e+00
  3.93669844e-01 1.81819057e+00 7.29919052e+00 1.51063168e+00
  3.61679673e+00 2.54400659e+00 4.43877667e-01 8.25614870e-01
  9.85511482e-01 2.89104986e+00 1.86105177e-01 3.91689152e-01
  5.16611004e+00 1.65558708e+00 7.04312205e-01 1.04062438e-01
  1.07497966e+00 1.32889843e+00 3.19405127e+00 7.71333838e+00
  3.90879178e+00 4.41489816e-01 3.17402339e+00 6.72043610e+00
  7.52765894e-01 1.13119149e+00 8.87476540e+00 6.69546425e-01
  1.48448086e+00 1.38684249e+00 8.49771404e+00 2.29259300e+00
  1.10611773e+00 1.53454189e+01 7.83794671e-02 4.28193474e+00
  2.39354819e-01 7.22906685e+00 3.79108167e+00 1.23218870e+00
  4.67493773e+00 4.22270870e+00 8.55894983e-02 1.59362659e-01
  4.90785885e+00 1.53043759e+00 8.68280292e-01 1.00739889e-01
  4.00306672e-01 7.88676786e+00 0.00000000e+00 3.82207394e-01
  0.00000000e+00 2.69869924e+00 2.69304991e-01 0.00000000e+00
  8.69218409e-01 2.18832588e+00 1.54808545e+00 1.41054547e+00
  1.98762143e+00 2.27717018e+00 1.07353764e+01 2.71591377e+00
  4.79225330e-02 1.31386161e+00 1.51665971e-01 2.04266024e+00
  2.32681900e-01 3.90872908e+00 1.24209917e+00 3.51244617e+00
  3.81868291e+00 3.78094524e-01 2.62053823e+00 2.00055313e+00
  2.96935509e-03 8.43147039e-01 1.34403193e+00 1.06672821e+01
  7.61056781e-01 1.31837654e+00 1.23593700e+00 5.30596590e+00
  1.73577321e+00 1.86580873e+00 4.78075409e+00 7.51386344e-01
  2.00504017e+00 6.22313499e-01 2.63111234e+00 1.69165719e+00
  0.00000000e+00 2.10950589e+00 6.61335516e+00 3.19165277e+00
  1.58267558e+00 6.91097558e-01 1.19359350e+00 3.05151606e+00
  4.02351283e-03 4.72943753e-01 8.62899601e-01 1.52879402e-01
  1.78746402e+00 0.00000000e+00 8.91055775e+00 3.43449831e+00
  5.74430895e+00 1.16172627e-01 1.15093288e+01 2.39402342e+00
  3.56923795e+00 1.95459187e-01 2.56343126e+00 1.80540097e+00
  4.68930054e+00 6.62079573e-01 1.19108975e+00 1.17175341e+01
  4.46505308e+00 4.64751959e+00 1.34957228e+01 6.13684845e+00
  1.34093440e+00 1.56994119e-01 5.70325089e+00 0.00000000e+00
  0.00000000e+00 4.01865929e-01 2.76244426e+00 6.15066469e-01
  5.32863808e+00 8.14240456e+00 1.39755142e+00 0.00000000e+00
  5.90190172e+00 1.03101707e+00 1.26797771e+00 6.30345270e-02
  5.75628340e-01 7.33951616e+00 8.55340672e+00 0.00000000e+00
  2.30534151e-01 1.70946196e-01 8.75593245e-01 3.48216772e+00
  2.05051351e+00 5.81196499e+00 2.62337208e-01 2.18275905e+00
  1.09804523e+00 0.00000000e+00 1.80786800e+01 5.84086299e-01
  9.58793938e-01 9.99580002e+00 7.90027916e-01 2.37267184e+00
  8.75182569e-01 1.58591974e+00 6.18908739e+00 1.80124581e-01
  5.07075453e+00 1.38812780e+00 6.01470757e+00 4.31497574e-01
  2.43588138e+00 1.69448650e+00 1.92073405e+00 3.96706057e+00
  2.19741035e+00 0.00000000e+00 7.49204922e+00 2.28298807e+00
  4.05604362e+00 4.18009090e+00 4.85405588e+00 6.56402051e-01
  1.51139557e-01 2.15669227e+00 1.01708841e+00 7.57182026e+00
  2.66982198e+00 1.03432989e+00 3.97168899e+00 1.79996395e+00
  9.83544230e-01 1.01946628e+00 1.41372621e+00 5.26265502e-01
  3.89684021e-01 2.20317334e-01 1.26429510e+00 2.06717920e+00
  2.31708717e+00 2.15203381e+00 1.74251473e+00 1.11446083e+00
  2.57957363e+00 2.06106186e-01 7.14493394e-01 0.00000000e+00
  4.75970793e+00 1.01875532e+00 1.02516327e+01 1.03754187e+00
  2.79414468e-02 1.25949326e+01 3.48871052e-02 2.90012288e+00
  5.23944950e+00 4.49170530e-01 7.71177340e+00 1.79622078e+00
  2.50122380e+00 3.89691561e-01 5.36889029e+00 5.53631186e-01
  4.64695978e+00 8.10095596e+00 4.70645092e-02 1.26929724e+00
  3.12501931e+00 1.35985374e+00 3.75261569e+00 4.94657218e-01
  2.65402842e+00 1.43275905e+00 1.78652179e+00 8.97549510e-01
  5.70355177e+00 1.24986053e+00 3.34146714e+00 2.90876698e+00
  3.73770022e+00 2.44972897e+00 8.90818977e+00 4.01362085e+00
  2.79130554e+00 1.07339201e+01 1.44823265e+00 2.35199356e+00
  2.92868519e+00 3.17435718e+00 0.00000000e+00 2.36289334e+00
  2.70618737e-01 9.62587738e+00 2.84881520e+00 1.52681077e+00
  2.98304200e-01 1.30133644e-01 2.49733043e+00 3.33991468e-01
  0.00000000e+00 4.60062313e+00 3.89848804e+00 2.85554886e+00
  0.00000000e+00 4.56255722e+00 7.86657929e-01 6.98463488e+00
  4.25676614e-01 3.55702430e-01 2.79243779e+00 8.04756546e+00
  9.46426630e-01 5.38463712e-01 4.68169785e+00 4.56696272e+00
  9.09221554e+00 5.29138923e-01 4.12019491e+00 3.70596504e+00
  0.00000000e+00 9.72466826e-01 4.25088835e+00 1.57066715e+00
  2.74984062e-01 3.01183373e-01 2.71816880e-01 9.80932891e-01
  2.12966263e-01 3.68242450e-02 2.03427315e+00 2.40945268e+00
  6.64162636e+00 2.85591036e-01 9.20851707e+00 5.02195549e+00
  5.59350967e+00 1.31554890e+00 3.24068165e+00 1.89532995e-01
  2.01814204e-01 2.00624037e+00 2.09204674e+00 2.89726663e+00
  5.74587870e+00 1.10677183e+00 2.71946430e-01 3.74664478e-02
  2.71970820e+00 3.02595466e-01 1.54355630e-01 3.40856671e-01
  2.46460214e-01 1.12438273e+00 5.03536844e+00 5.49998093e+00
  5.32853937e+00 1.28198588e+00 5.08547306e-01 4.34797525e-01
  9.44813062e-03 6.45187855e-01 1.02594187e-02 1.55611432e+00
  3.98496538e-01 1.52180091e-01 5.52392387e+00 2.35798669e+00
  2.45851016e+00 8.42669532e-02 4.10530233e+00 2.00680709e+00
  3.95408154e+00 2.40901208e+00 4.33384323e+00 1.75542927e+01
  0.00000000e+00 2.70936298e+00 6.36624527e+00 4.28098083e-01
  9.51371956e+00 2.13539267e+00 1.58301279e-01 1.17213988e+00
  7.45353985e+00 1.69240415e+00 9.55324769e-01 8.14873028e+00
  1.96508312e+00 8.96331012e-01 1.94637406e+00 1.27014780e+00
  9.63748634e-01 1.17276001e+00 1.63102046e-01 1.49055517e+00]]