[[4.4597664e+00 0.0000000e+00 1.0837712e+00 3.8889506e+00 2.5058496e-01
  1.8488064e+01 2.0858551e+01 2.6689976e-01 1.5201193e+00 2.0150003e+00
  8.7518320e+00 3.2111835e+00 7.1966987e+00 7.0778686e-01 7.1136875e+00
  1.0242383e+01 0.0000000e+00 2.1200044e+00 3.9638728e-02 4.0897932e+00
  1.4322401e+00 4.5256081e+00 8.7200564e-01 1.4589957e+00 2.8989673e+00
  1.8856887e+00 6.6069412e+00 0.0000000e+00 2.5069062e-02 1.5831921e-01
  5.9579462e-01 1.3001028e+00 9.7367907e+00 5.1129169e+00 8.8146217e-02
  1.3497851e+01 7.2336893e+00 2.4849072e+00 1.2204573e+00 1.3147511e+00
  1.9820200e+00 0.0000000e+00 3.9869022e+00 8.9389884e-01 3.1809916e+00
  8.3345909e+00 1.2799360e+00 4.6473527e-01 2.6874413e+00 5.8892326e+00
  5.6413541e+00 1.5520813e+00 2.0218987e+00 4.9752742e-01 1.3350476e+01
  5.3927809e-01 8.5646477e+00 1.1759988e+00 0.0000000e+00 3.5160571e-01
  1.9909027e+00 6.0359701e-03 3.2503414e+00 9.5131454e+00 7.0093927e+00
  9.6973190e+00 0.0000000e+00 1.0760448e+01 6.8205315e-01 3.4826093e+00
  1.6561861e+01 1.5134647e+00 0.0000000e+00 9.7992363e+00 2.5783923e-01
  1.9325706e-01 9.1073632e-01 6.4370213e+00 2.9710062e+00 0.0000000e+00
  4.8501560e-01 1.9650885e+00 1.3935220e+00 1.2468108e+00 2.5572645e-02
  6.3819642e+00 9.6227258e-02 7.4210267e+00 5.9956747e-01 0.0000000e+00
  1.7885263e+01 4.1678318e-01 4.6339779e+00 3.7879121e-02 3.2890499e-01
  2.4281070e-01 8.2740122e-01 2.5287123e+00 4.5908513e+00 1.8261410e+00
  7.8557479e-01 3.2319272e+00 3.7589865e+00 3.2762780e+00 2.0622038e-03
  7.3735791e-01 1.6289974e+00 7.9159743e-01 1.7980151e-01 1.5680496e+00
  3.2473531e+00 2.6317868e+00 3.3565724e-01 2.0532653e+00 8.9729385e+00
  1.0364667e+00 2.0119689e+00 1.0996734e+01 1.3269481e-01 2.7112837e+00
  1.0421665e+00 8.5930514e-01 4.5022340e+00 2.5206163e+00 4.7978923e-01
  2.3329647e-01 0.0000000e+00 3.3008162e-02 3.3468533e+00 5.1174669e+00
  2.0026529e+00 1.0883926e+00 1.9683565e+00 2.2848229e-01 6.8854761e-01
  5.0983882e+00 9.7463042e-01 5.6133113e+00 5.3460951e+00 5.8002071e+00
  9.7383299e+00 8.1131661e-01 1.3345587e-01 5.3924189e+00 4.9987581e-01
  6.1602592e-01 2.9031475e+00 7.3835695e-01 0.0000000e+00 3.2534626e+00
  1.2789732e+00 1.5059341e+00 3.1149240e+00 2.5115982e-01 9.3761808e-01
  4.4786718e-01 2.5992510e+00 2.0189638e+00 5.2821779e+00 3.3683851e+00
  1.0506691e+01 7.8856587e+00 1.1496079e+00 4.5830274e+00 2.4808087e+00
  1.3768342e+00 0.0000000e+00 5.9287076e+00 9.0906868e+00 1.1585371e+00
  1.0205884e+00 8.5684643e+00 8.7183390e+00 1.9158539e+01 3.9716828e+00
  4.1347051e+00 6.3315682e-02 0.0000000e+00 1.7967108e+01 1.2354964e+00
  3.4236093e+00 0.0000000e+00 1.3678504e+01 4.9233913e+00 0.0000000e+00
  2.3032157e+00 4.5647618e-01 1.8593827e+00 9.4748049e+00 4.2517710e-01
  0.0000000e+00 8.3547145e-02 0.0000000e+00 1.0499629e+00 9.3507929e+00
  2.7727598e-01 2.0264971e+00 4.3372808e+00 0.0000000e+00 1.9841844e+00
  1.5271281e+00 1.4074265e+01 6.9492447e-01 1.5547509e-01 2.3287226e-01
  2.3706479e-01 1.8651005e-02 0.0000000e+00 1.1492585e+00 1.0124989e+01
  2.1252046e+00 2.6635470e+00 1.6318544e+00 2.6142244e+00 3.3650410e-01
  3.6795473e+00 0.0000000e+00 6.0720277e+00 5.3529948e-01 2.6190677e+00
  6.6019535e+00 2.8812690e+00 4.6815143e+00 0.0000000e+00 0.0000000e+00
  6.5031538e+00 3.7752810e-01 1.2761170e+01 4.8497314e+00 1.0134147e+00
  1.1860938e+01 3.7363536e+00 1.1208067e+00 2.9461355e+00 9.3122274e-01
  1.1661971e+00 1.7079886e+00 4.4836464e+00 1.0776191e+00 1.3787456e+00
  1.9677510e+00 0.0000000e+00 2.7551110e+00 5.0338635e+00 4.0565252e+00
  9.4798374e+00 9.2260962e+00 6.2927745e-02 4.1281929e+00 9.9107467e-02
  1.3349215e+01 2.2123945e+00 3.6982059e+00 9.1287212e+00 1.6092962e+00
  1.7091945e+00 3.3336263e+00 2.1019001e+00 6.8772793e+00 9.0819931e+00
  4.5920560e-01 0.0000000e+00 2.5006136e-01 4.0599737e-01 2.5738151e+00
  0.0000000e+00 9.2371187e+00 3.5692649e+00 1.2453555e+00 8.7453276e-01
  1.7943280e+00 0.0000000e+00 3.1175761e+00 2.7453830e+00 3.6176014e+00
  1.2528841e+01 6.1567345e+00 2.8324419e-01 4.8961397e-03 3.1900153e+00
  2.3786960e+00 2.3751736e+00 9.3551254e+00 8.5326332e-01 1.4952395e+01
  2.3466997e+00 8.7117207e-01 2.3728108e+00 3.7694008e+00 1.7722967e+00
  1.0195512e+00 1.3691901e+00 4.1906562e+00 3.2061317e+00 2.8476868e+00
  4.2299578e-01 1.9612054e+00 6.0573311e+00 1.4407202e+00 1.3331006e+00
  2.3088884e+00 2.7275696e+00 2.0188065e+00 7.3340014e-02 1.6437225e+00
  1.1583689e+00 4.4637132e+00 2.9553518e+00 2.7144194e+00 0.0000000e+00
  2.0309584e+00 9.2829503e-02 2.9363251e+00 8.7890700e-02 2.0326338e+00
  6.5720534e+00 1.0350811e+00 8.2675114e+00 8.5585088e-02 1.7622524e+00
  6.9384723e+00 3.3273509e-01 8.7653713e+00 4.9451470e-01 4.3482785e+00
  3.1299043e+00 7.6723609e+00 6.2759823e-01 3.4971466e+00 2.0387403e+01
  2.6863220e-01 1.0457038e+01 2.3791707e-01 2.5450263e+00 1.9917785e+00
  1.4677551e+00 2.3267391e+00 3.5171754e+00 2.8284874e+00 1.7256899e+00
  4.4867325e+00 1.1559083e+00 1.6814689e-01 6.0701432e+00 2.1647916e+00
  7.0273433e+00 3.1915513e-01 6.4077708e-03 3.2679278e-01 3.2271320e-01
  3.6444752e+00 1.6726947e-01 2.1244524e+00 2.5077856e-01 1.6636919e-02
  3.9321134e+00 9.5371860e-01 4.3746934e+00 3.0408063e+00 3.7221971e-01
  5.3982944e+00 1.2003773e+00 1.4370406e+00 1.0794852e-01 3.6122963e+00
  1.9012661e+00 5.7284627e+00 6.1365852e+00 9.9820870e-01 3.4460683e+00
  1.8341454e-02 7.0360154e-01 1.1077352e+00 4.7075513e-01 0.0000000e+00
  1.0131903e+00 2.8924181e+00 2.9313698e+00 0.0000000e+00 1.1145620e+01
  3.2265062e+00 6.5211067e+00 1.1038924e+00 2.1820278e+00 7.1553569e+00
  0.0000000e+00 1.3261124e+00 6.2612361e-01 1.1029578e+00 3.8525519e+00
  8.7496471e+00 3.9249153e+00 1.6016848e+01 8.5830240e+00 2.8309545e-01
  3.5152137e+00 4.0821996e+00 5.5504432e+00 2.0071399e+00 2.3712676e+00
  2.2881072e+00 4.3484683e+00 9.3108393e-02 3.0133717e+00 8.2991581e+00
  0.0000000e+00 0.0000000e+00 4.6451745e+00 6.9980472e-01 1.5346584e+00
  8.8522542e-01 5.2661252e-01 1.4566486e+00 5.4054141e-01 3.3197212e+00
  2.1556349e+00 4.8732433e+00 1.2435526e+00 2.4470957e+01 1.1790837e+01
  1.7128643e+01 0.0000000e+00 1.5063819e+01 7.3156776e+00 2.1282773e+00
  5.2939194e-01 2.2655511e-01 1.0789291e+00 1.8963854e-01 0.0000000e+00
  6.9084907e-01 4.9801350e+00 1.7324305e+00 7.4996891e+00 4.4458762e-01
  2.1156915e-01 1.3923441e+00 2.7899675e+00 0.0000000e+00 5.0224149e-01
  0.0000000e+00 8.6044443e-01 1.2933363e-01 7.3670311e+00 2.7892954e+00
  8.4034884e-01 4.1983747e+00 2.4337325e+00 6.4363807e-02 4.7464519e+00
  1.0903459e-01 9.3793707e+00 7.0697129e-02 1.8758203e+00 4.0148064e-01
  8.3469105e+00 2.8358276e+00 4.9920645e-01 1.6027281e+00 2.2922699e+00
  5.1662230e-01 3.8808391e+00 5.5619059e+00 4.7440324e+00 1.0525853e+01
  4.1347723e+00 2.6081535e-01 3.7439711e+00 1.3357602e+01 4.0181208e+00
  9.5080271e+00 1.9122403e-02 7.4298042e-01 1.2532818e+01 0.0000000e+00
  0.0000000e+00 2.7840894e-01 1.2347550e+00 0.0000000e+00 0.0000000e+00
  5.8804899e-01 0.0000000e+00 5.5211616e+00 7.1362895e-01 5.1138945e+00
  6.4278426e+00 3.5941892e+00 1.0653551e+01 8.1262535e-01 2.2662784e-01
  7.5242066e+00 7.9812603e+00 2.1695464e+00 6.8251886e+00 1.8857416e+00
  1.3542720e+00 4.5225611e+00 5.5753865e+00 4.8370237e+00 1.7058293e+00
  1.3252527e+01 1.2438526e+00 1.4709685e+01 7.3913250e+00 1.2618942e+00
  3.9755883e+00 4.0422468e+00 9.6023947e-01 9.4861603e+00 2.0214117e-01
  3.4073920e+00 4.6439896e+00]]