[[2.63450772e-01 2.34790444e+00 6.27916908e+00 0.00000000e+00
  7.38182306e-01 6.36454248e+00 2.73172331e+00 5.10281134e+00
  4.94320039e-03 6.00271404e-01 1.20905876e+00 1.34604287e+00
  1.51690498e-01 0.00000000e+00 0.00000000e+00 3.97159219e+00
  1.09753323e+00 1.10673058e+00 3.23021436e+00 1.15326099e+01
  2.41947937e+00 1.38294849e+01 4.81896734e+00 0.00000000e+00
  1.95799363e+00 1.27085793e+00 8.19199681e-02 1.57371843e+00
  1.63243628e+00 6.36444092e-02 2.49849725e+00 4.64562848e-02
  1.37354064e+00 6.41701126e+00 2.70478296e+00 0.00000000e+00
  2.16122150e+00 1.06941044e-01 5.63159180e+00 0.00000000e+00
  1.70515180e+00 2.62069392e+00 7.84379303e-01 6.04980469e+00
  2.12697342e-01 1.06111217e+00 1.43021607e+00 2.87731051e+00
  2.99679780e+00 3.90277696e+00 1.66799054e-01 5.42525101e+00
  6.16792059e+00 2.12183371e-01 4.22576427e+00 2.43586135e+00
  1.44844759e+00 1.00308990e+01 0.00000000e+00 8.91188145e-01
  8.22458208e-01 3.55188727e+00 2.54381442e+00 3.01713347e+00
  6.36457682e+00 2.90133417e-01 3.28911990e-01 1.64886080e-02
  1.10766542e+00 5.11851740e+00 9.65111703e-02 1.05514288e+00
  0.00000000e+00 4.33232355e+00 1.88211694e-01 1.54026604e+00
  3.04165435e+00 0.00000000e+00 6.58407354e+00 3.90267539e+00
  1.19039655e-01 7.87376642e+00 9.97542667e+00 2.58174920e+00
  9.03398037e+00 6.72980213e+00 0.00000000e+00 2.38952708e+00
  5.85833597e+00 5.36581039e-01 1.85458720e+00 1.52976441e+00
  1.88108075e+00 6.76465034e+00 4.97304249e+00 6.26367450e-01
  8.58382165e-01 1.65209568e+00 2.56452656e+00 1.23823481e+01
  4.31631505e-01 0.00000000e+00 1.01549411e+00 6.18418360e+00
  1.37456000e+00 1.86317086e+00 1.74909040e-01 6.05508375e+00
  2.97001839e+00 2.24617624e+00 2.25185061e+00 1.86833739e+00
  9.23924327e-01 4.51425362e+00 3.15641880e+00 5.85819340e+00
  2.54529166e+00 4.16080505e-01 5.26716173e-01 1.06071126e+00
  5.68920422e+00 2.78082967e+00 3.63122821e-01 7.18887150e-01
  4.52592945e+00 2.39419484e+00 1.11700344e+00 0.00000000e+00
  9.70632195e-01 1.06517448e+01 1.84193051e+00 2.81232476e+00
  8.32858467e+00 1.00896835e+01 1.00482367e-01 4.80550671e+00
  1.28188729e+00 1.70749879e+00 5.71176815e+00 0.00000000e+00
  5.67263412e+00 3.13326240e+00 6.99519575e-01 1.07406878e+00
  6.40487528e+00 3.76157975e+00 2.34001398e+00 2.19330907e+00
  7.24140167e+00 3.27776980e+00 3.52111220e-01 5.51820755e+00
  2.40728879e+00 1.58042669e+00 1.81288266e+00 1.35354757e+00
  2.46731356e-01 1.88480568e+00 2.17166528e-01 3.10529041e+00
  7.40152657e-01 7.17429543e+00 8.25382710e-01 0.00000000e+00
  3.17100620e+00 2.09140182e+00 1.49637967e-01 1.59029138e+00
  1.06830645e+00 7.43673205e-01 2.15709452e-02 0.00000000e+00
  3.72724938e+00 8.75705183e-01 2.63028115e-01 7.29672313e-02
  6.27728820e-01 3.01663309e-01 2.71167547e-01 1.37390447e+00
  1.87066987e-01 2.51128983e+00 4.12901831e+00 7.66780019e-01
  1.06649008e+01 1.14869070e+00 1.85766792e+00 4.23260897e-01
  2.30968332e+00 8.68819237e+00 4.94837475e+00 1.03558826e+00
  2.37819999e-01 1.41095343e+01 1.97332120e+00 3.55423403e+00
  3.90408134e+00 0.00000000e+00 3.82123613e+00 9.69426706e-02
  5.33962822e+00 2.78374195e+00 1.48021765e-02 1.68750727e+00
  1.61178029e+00 1.13224375e+00 5.41820586e-01 0.00000000e+00
  6.17285013e-01 1.10398655e+01 1.51200247e+00 4.36915576e-01
  1.71335742e-01 8.66452754e-01 1.56813240e+01 1.45974666e-01
  6.10139370e-01 0.00000000e+00 4.67456055e+00 1.31120765e+00
  2.03389978e+00 1.52985744e+01 1.96398604e+00 1.04106009e+00
  4.09833717e+00 9.84958172e-01 4.29328442e-01 2.83694124e+00
  2.10390663e+00 8.40875730e-02 6.14269525e-02 7.15131581e-01
  4.18679333e+00 4.23784465e-01 0.00000000e+00 3.15181589e+00
  4.23385382e+00 1.49861789e+00 2.45470524e+00 1.45379519e+00
  3.02932429e+00 3.07498741e+00 1.01762590e+01 5.84456968e+00
  1.07723773e+00 9.37397182e-01 6.72667265e+00 4.99580050e+00
  4.41079974e-01 8.10030651e+00 1.74113512e+00 1.93680897e-01
  0.00000000e+00 6.53740644e-01 3.32145071e+00 1.01321168e-01
  2.66463852e+00 5.28042428e-02 1.73395288e+00 2.27662635e+00
  5.17644596e+00 3.27041507e+00 4.67555332e+00 0.00000000e+00
  6.43838930e+00 6.14065006e-02 1.64637411e+00 4.31084067e-01
  3.79947090e+00 1.42146921e+00 6.16316319e+00 4.38092589e-01
  4.97860342e-01 2.00981259e+00 6.46235108e-01 2.85646915e-01
  7.78446102e+00 2.02049661e+00 4.51678455e-01 5.57729781e-01
  5.47051954e+00 7.62793636e+00 3.27591944e+00 0.00000000e+00
  6.85782099e+00 0.00000000e+00 9.95510387e+00 1.05771220e+00
  3.27910471e+00 6.14551485e-01 1.26911533e+00 2.91832185e+00
  5.53821182e+00 2.46753231e-01 3.79877305e+00 9.43443108e+00
  1.33617759e-01 1.81805885e+00 1.21221133e-01 1.38767242e-01
  4.65085077e+00 9.85040963e-01 5.85670412e-01 0.00000000e+00
  0.00000000e+00 4.56292963e+00 1.17920666e+01 4.09641415e-01
  1.22628117e+00 5.98688483e-01 3.27898145e+00 2.08170390e+00
  1.95483863e+00 0.00000000e+00 5.86141407e-01 1.58448195e+00
  2.55526376e+00 4.17333221e+00 4.30644512e+00 2.06220105e-01
  0.00000000e+00 1.32909358e-01 1.31741524e+00 4.81932402e+00
  1.82080317e+00 3.21398211e+00 9.61942005e+00 1.02952051e+00
  2.48670530e+00 2.26013803e+00 1.43973792e+00 1.02549195e+00
  8.91877413e-02 8.52312684e-01 7.96108532e+00 5.76291943e+00
  6.77613497e-01 1.75472140e-01 3.12557340e+00 1.45625663e+00
  7.87418461e+00 6.01392329e-01 4.96529818e+00 2.41837208e-03
  8.81253332e-02 1.55036461e+00 2.38336086e+00 5.88998608e-02
  2.07210469e+00 2.97813749e+00 1.50789753e-01 2.44850326e+00
  9.96317506e-01 9.94556725e-01 3.57681775e+00 3.79136622e-01
  1.46914303e+00 6.71552706e+00 4.40054029e-01 4.23412418e+00
  3.54500961e+00 6.10636890e-01 0.00000000e+00 6.65726423e-01
  1.05552638e+00 1.10659194e+00 2.40714531e+01 0.00000000e+00
  2.73530817e+00 0.00000000e+00 4.83338028e-01 4.24315023e+00
  6.17935419e+00 6.56619549e-01 1.58393550e+00 5.94372153e-01
  4.81184393e-01 2.31875086e+00 8.37972611e-02 0.00000000e+00
  5.54153621e-01 7.67236948e+00 3.22390532e+00 1.07236063e+00
  1.12092578e+00 0.00000000e+00 3.69821787e+00 2.53291696e-01
  3.80960059e+00 1.15374291e+00 4.30547476e-01 3.96768975e+00
  2.81416917e+00 4.03847075e+00 4.13376331e+00 4.52161282e-01
  1.46349776e+00 1.43682349e+00 7.12482643e+00 1.17932425e+01
  3.59884000e+00 1.56531467e+01 1.37433302e+00 7.08034229e+00
  5.11982536e+00 5.00905693e-01 6.84117615e-01 4.18681908e+00
  2.43373489e+00 2.21600413e+00 1.51653328e+01 9.57456768e-01
  1.76416612e+00 3.72404866e-02 5.74405670e+00 2.36273527e+00
  0.00000000e+00 2.35868907e+00 7.25903571e-01 4.57451910e-01
  0.00000000e+00 3.89428049e-01 9.69016403e-02 1.17650700e+00
  7.62383282e-01 0.00000000e+00 5.92511368e+00 3.50483704e+00
  1.92661926e-01 6.27317429e+00 1.23846226e+01 7.72127090e-03
  1.18616402e+00 1.88168776e+00 1.29037488e+00 7.87365103e+00
  0.00000000e+00 1.10554504e+00 5.94209909e-01 2.83063269e+00
  0.00000000e+00 4.95025367e-01 6.26789629e-01 3.14917874e+00
  5.78682089e+00 0.00000000e+00 7.89746940e-02 1.12991786e+00
  3.22411537e+00 1.04074860e+00 9.99229193e-01 4.44503927e+00
  4.24144840e+00 1.34678435e+00 2.59899044e+00 4.70401144e+00
  4.28172529e-01 5.67761481e-01 2.67981380e-01 3.40758944e+00
  1.31387696e-01 1.29849124e+00 0.00000000e+00 2.33861971e+00
  7.42929041e-01 2.12222981e+00 5.34111083e-01 0.00000000e+00
  4.37606239e+00 3.81264150e-01 1.70410007e-01 3.16963625e+00
  9.25763488e-01 3.87519747e-01 2.07712364e+00 2.28799796e+00
  0.00000000e+00 1.22543752e+00 2.46425796e+00 0.00000000e+00
  3.66126925e-01 1.02631032e+00 1.52973020e+00 1.73697746e+00
  1.92178810e+00 0.00000000e+00 9.83789742e-01 0.00000000e+00
  1.74821985e+00 2.94593906e+00 2.46039009e+00 2.10297182e-01
  6.58695176e-02 7.29873836e-01 4.68980360e+00 2.50495791e+00
  3.87598068e-01 2.74956560e+00 2.40464783e+00 1.74119547e-01
  1.08563483e+00 9.03018534e-01 1.55194306e+00 4.99409348e-01
  7.56312072e-01 4.01918745e+00 1.56438708e-01 5.21489024e-01
  1.47451210e+00 1.52969766e+00 1.82138050e+00 1.95218754e+00]]