[[1.91054952e+00 9.53391075e-01 1.48667967e+00 0.00000000e+00
  1.21072866e-01 2.87275529e+00 5.16842186e-01 8.11706448e+00
  4.25191283e-01 1.28051579e+00 5.08630574e-01 8.45098197e-01
  1.37448037e+00 2.26047873e+00 2.09956989e-02 7.26880908e-01
  5.87788701e-01 8.62761736e-01 2.41396576e-02 1.60154152e+00
  1.44698656e+00 2.57156715e+01 0.00000000e+00 4.17731428e+00
  2.15620875e+00 8.49649334e+00 2.11416650e+00 1.02435593e-02
  0.00000000e+00 3.59321609e-02 2.38837004e+00 3.89035903e-02
  0.00000000e+00 4.20924091e+00 0.00000000e+00 2.37620568e+00
  4.61473560e+00 2.23840013e-01 4.73582792e+00 1.72067416e+00
  3.75091958e+00 1.91244837e-02 1.86045849e+00 3.51187778e+00
  2.26926163e-01 1.13177454e+00 1.59694254e+00 1.05258906e+00
  3.11077547e+00 3.02770376e+00 1.77727902e+00 0.00000000e+00
  9.99761403e-01 0.00000000e+00 6.88936114e-01 5.12180853e+00
  3.31821179e+00 6.82291889e+00 4.26958466e+00 1.95482001e-01
  0.00000000e+00 1.43678403e+00 5.02322245e+00 3.45307016e+00
  8.19557488e-01 3.19980443e-01 0.00000000e+00 0.00000000e+00
  1.74376833e+00 5.14058888e-01 9.66753602e-01 3.06027102e+00
  1.09294260e+00 4.37234974e+00 1.05173302e+01 0.00000000e+00
  6.77018285e-01 5.36148623e-03 5.80624156e-02 2.03283119e+00
  0.00000000e+00 3.27081871e+00 4.53680038e+00 1.71465695e+00
  3.48254061e+00 2.86071658e+00 1.02987421e+00 7.15634152e-02
  4.45926571e+00 1.48201168e-01 2.79181695e+00 2.91954190e-01
  1.01041164e+01 6.62084818e+00 2.97611058e-01 3.54716986e-01
  1.38228834e-01 5.12904596e+00 4.65896463e+00 4.20435619e+00
  1.25183141e+00 5.50884128e-01 9.85572720e+00 6.17685509e+00
  0.00000000e+00 0.00000000e+00 3.25360298e+00 4.80937332e-01
  0.00000000e+00 1.23280013e+00 2.62776494e+00 1.26844776e+00
  7.83074200e-01 6.70543984e-02 1.16003323e+00 2.66751409e-01
  1.17945015e+00 4.42890596e+00 1.62229371e+00 6.06462955e+00
  0.00000000e+00 1.20890942e+01 2.89846569e-01 1.17425003e+01
  1.94738448e+00 8.74626935e-01 0.00000000e+00 2.21788064e-02
  6.44321918e-01 1.33260059e+01 1.16442311e+00 4.77494389e-01
  1.52291718e+01 1.41319603e-01 7.77157545e-01 6.47187829e-01
  7.08238423e-01 6.37524605e-01 3.46298754e-01 1.14483223e+01
  0.00000000e+00 7.46542394e-01 1.84619200e+00 2.52545762e+00
  1.65093124e+00 3.74797583e-01 3.62611318e+00 8.46565723e+00
  5.09850793e-02 4.21503522e-02 5.60628939e+00 0.00000000e+00
  1.88226318e+00 0.00000000e+00 2.36535951e-01 2.27643037e+00
  4.33772945e+00 1.56703913e+00 0.00000000e+00 1.34144676e+00
  1.32960856e+00 3.43048382e+00 4.90065527e+00 0.00000000e+00
  2.57190633e+00 8.12364697e-01 2.75721997e-01 4.41669178e+00
  9.61623713e-02 5.25066316e-01 1.59302820e-02 3.26305318e+00
  7.43371582e+00 2.64887333e-01 6.06930971e-01 1.89729184e-01
  0.00000000e+00 1.65658489e-01 9.49466324e+00 5.46639204e+00
  1.01635605e-01 1.69483089e+00 2.01722741e+00 5.13860941e+00
  1.78587198e+00 0.00000000e+00 7.12645340e+00 4.63854933e+00
  2.77510238e+00 5.93103468e-01 1.93121374e+00 4.20556831e+00
  1.52276015e+00 9.56793690e+00 5.13994932e+00 3.84725422e-01
  5.24890721e-01 5.38812256e+00 1.51233282e+01 0.00000000e+00
  2.85482168e+00 2.81127859e-02 6.42490387e-01 6.32163882e-03
  3.58684611e+00 1.61433005e+00 8.44408751e-01 1.69661200e+00
  2.24842763e+00 3.33045840e+00 3.79050106e-01 1.83232927e+00
  9.09480676e-02 2.38798714e+00 1.33057010e+00 9.76091981e-01
  1.51663983e+00 2.74496031e+00 6.14534616e-01 1.37232769e+00
  1.05840054e+01 6.47516251e+00 1.09715664e+00 2.99262667e+00
  1.84578550e+00 4.24798536e+00 0.00000000e+00 2.89784956e+00
  0.00000000e+00 4.45860767e+00 0.00000000e+00 7.21186495e+00
  1.32189012e+00 3.92731994e-01 2.18650031e+00 1.78647172e+00
  1.36400476e-01 1.41632175e+00 1.06157410e+00 9.21216846e-01
  9.71080720e-01 8.84887397e-01 2.59664583e+00 1.22846842e+00
  3.08863187e+00 8.08373642e+00 6.78723383e+00 1.06630642e-02
  8.16337109e-01 3.35286289e-01 1.62606049e+00 1.73755914e-01
  0.00000000e+00 1.33762193e+00 7.56525040e+00 9.90280747e-01
  4.65897530e-01 0.00000000e+00 2.91154385e+00 2.90874958e+00
  7.62514994e-02 0.00000000e+00 3.61931734e-02 2.52808750e-01
  2.11004212e-01 7.21013963e-01 1.73543954e+00 2.50172353e+00
  8.19471931e+00 2.34369084e-01 4.65787077e+00 1.27226815e-01
  5.22897542e-01 2.74876714e+00 4.45664930e+00 2.21994495e+00
  2.21746135e+00 1.45049250e+00 1.62721440e-01 8.72265530e+00
  7.03626537e+00 9.56210899e+00 1.84702873e+01 9.83453751e+00
  1.73321390e+00 0.00000000e+00 4.03477097e+00 7.71964490e-01
  1.95951068e+00 5.80033636e+00 1.66946650e+00 8.47440004e-01
  2.37668395e+00 5.08041859e+00 1.77792346e+00 2.54530996e-01
  2.71007299e+00 0.00000000e+00 1.01252042e-01 4.23964188e-02
  1.55759430e+00 4.46047211e+00 6.38000631e+00 6.48152232e-01
  2.70273499e-02 3.12509537e+00 8.80648941e-02 9.08004761e-01
  1.19398868e+00 9.15111923e+00 0.00000000e+00 8.13685322e+00
  5.06043971e-01 1.37491718e-01 1.52202806e+01 3.61522473e-02
  1.24340259e-01 8.48191261e+00 2.53471756e+00 7.10434139e-01
  1.21933274e-01 8.42560828e-02 6.57819271e+00 1.21629143e+00
  4.17334986e+00 7.76106834e-01 4.61390781e+00 3.82788968e+00
  6.03745639e-01 4.87415045e-01 1.21767431e-01 9.48329926e+00
  3.93867993e+00 1.99652717e-01 2.61236668e+00 1.28489172e+00
  4.66972065e+00 3.21827722e+00 5.31657267e+00 3.69850278e+00
  0.00000000e+00 1.06960334e-01 6.40634820e-02 3.01307058e+00
  7.68215239e-01 7.80328333e-01 4.99931574e-01 4.84540582e-01
  1.44079709e+00 4.07349735e-01 2.91708224e-02 7.59060010e-02
  1.34382127e-02 2.67936206e+00 2.19570613e+00 6.76084816e-01
  5.20403481e+00 3.98870730e+00 5.26983166e+00 8.86394083e-02
  1.81260681e+01 2.64582038e-01 9.77093816e-01 0.00000000e+00
  4.77957535e+00 1.08731377e+00 7.57864046e+00 4.20230478e-01
  1.06761433e-01 6.44726515e-01 2.14286655e-01 1.13628738e-01
  4.57361603e+00 9.85297441e-01 4.11328745e+00 1.58413351e+00
  1.17644632e+00 4.37996626e+00 3.86536264e+00 1.25305176e-01
  3.34242630e+00 2.47676563e+00 9.09821838e-02 6.25752592e+00
  3.17670560e+00 2.59498072e+00 6.55067825e+00 3.69993716e-01
  1.64955258e-01 1.08431072e+01 2.83640862e+00 2.55080032e+00
  2.02706909e+00 2.38078814e-02 1.41191292e+00 4.27088690e+00
  3.14626241e+00 3.67033154e-01 6.19379854e+00 4.12684488e+00
  3.14616704e+00 6.98264980e+00 1.45761979e+00 2.78459787e+00
  7.58807373e+00 3.08608055e-01 0.00000000e+00 9.97400999e-01
  4.34258617e-02 8.31125081e-01 5.64831781e+00 4.65897024e-01
  1.95588398e+00 5.57452381e-01 0.00000000e+00 9.15518761e-01
  8.38032305e-01 6.10634947e+00 6.39200032e-01 4.12020493e+00
  0.00000000e+00 2.06881428e+00 2.54620171e+00 8.73095417e+00
  7.47794688e-01 0.00000000e+00 2.68750906e+00 2.54784942e+00
  2.49607235e-01 1.40887547e+00 3.25279522e+00 5.09062243e+00
  1.32936487e+01 1.49572790e+00 8.28520000e-01 2.37918735e+00
  2.29223561e+00 5.58309913e-01 6.82222664e-01 2.76190686e+00
  1.68093407e+00 6.03106618e-01 2.31141186e+00 1.49060571e+00
  8.75775576e-01 9.22686830e-02 3.28319259e-02 1.45309150e+00
  2.11643076e+00 9.61973608e-01 7.81403446e+00 5.01466274e+00
  1.25030088e+00 4.23420668e+00 1.03197308e+01 2.57071090e+00
  1.55760026e+00 6.65127710e-02 0.00000000e+00 1.20974965e-01
  3.31733227e+00 2.42384982e+00 7.81945288e-01 1.19675326e+00
  4.10765457e+00 1.76972181e-01 4.10813475e+00 6.06643021e-01
  3.73370934e+00 9.52684343e-01 1.09288549e+00 4.65292740e+00
  2.10702491e+00 9.21506691e+00 7.03458488e-01 0.00000000e+00
  6.16497695e-02 4.51067734e+00 1.05934806e-01 1.32979727e+00
  1.45739746e+00 2.02478260e-01 4.40751410e+00 2.16097283e+00
  2.60552876e-02 1.80555916e+00 3.91870952e+00 1.03344929e+00
  5.30900288e+00 2.86805129e+00 1.32403600e+00 1.81892452e+01
  3.91825497e-01 1.21644962e+00 5.53687572e-01 1.54787436e-01
  2.07514435e-01 2.20052385e+00 1.12158883e+00 3.33199668e+00
  1.58546901e+00 2.56345510e-01 9.74311352e-01 8.98229897e-01
  4.00744057e+00 1.22152662e+00 2.54682732e+00 2.18402576e+00
  4.07691061e-01 6.60988033e-01 1.26041579e+00 1.82384050e+00]]