[[1.82653689e+00 9.16423857e-01 4.80512428e+00 5.71936131e-01
  8.62653017e-01 3.38716006e+00 2.86721373e+00 2.18030190e+00
  2.13972867e-01 3.52849543e-01 1.23564899e+00 1.73393440e+00
  3.51146847e-01 2.49293685e+00 2.20872000e-01 3.30975103e+00
  4.08070534e-01 3.04277825e+00 3.35257709e-01 7.69198751e+00
  1.05989136e-01 4.60082006e+00 4.68981981e+00 9.82174695e-01
  9.88599300e-01 4.43396664e+00 1.45519781e+00 6.32477105e-01
  3.52496099e+00 8.67547512e-01 1.30107605e+00 0.00000000e+00
  8.49059582e+00 9.50641537e+00 1.86261272e+00 4.63971883e-01
  3.07944226e+00 5.08370399e-01 8.88754845e+00 1.12330115e+00
  2.37084944e-02 8.17958564e-02 2.69727707e+00 4.89676714e+00
  9.73723084e-02 6.23834038e+00 4.20840120e+00 1.85734653e+00
  1.44519389e+00 7.78203666e-01 1.00114298e+00 4.11876297e+00
  4.82406139e-01 1.39978975e-01 3.91602206e+00 1.83323348e+00
  3.84413052e+00 6.14358568e+00 2.37915969e+00 1.39607298e+00
  2.65087056e+00 4.45565605e+00 7.03396940e+00 4.62820578e+00
  3.36258233e-01 1.90353715e+00 1.44091856e+00 1.41851461e+00
  1.38822770e+00 3.81308603e+00 3.32366228e-01 1.17268515e+00
  2.92766184e-01 9.42702961e+00 1.14033961e+00 6.64036632e-01
  1.87981248e+00 8.79542053e-01 8.87935352e+00 5.59288740e-01
  6.90387964e-01 2.36203837e+00 6.51174593e+00 4.47250700e+00
  3.47144771e+00 1.00401964e+01 1.12731799e-01 8.08477923e-02
  4.71901464e+00 1.55499980e-01 5.09411383e+00 8.23561859e+00
  0.00000000e+00 5.20079422e+00 2.18570137e+00 2.44262263e-01
  1.98837042e+00 8.70215416e-01 2.33128428e+00 2.40841150e+00
  1.51735020e+00 9.03000951e-01 6.80212164e+00 5.69209051e+00
  0.00000000e+00 1.39097881e+00 5.31591177e-01 1.19950087e-03
  3.86598849e+00 2.17472053e+00 6.41955912e-01 1.60256878e-01
  0.00000000e+00 4.09422159e+00 1.51111394e-01 6.31243573e-04
  1.67845607e+00 7.92062655e-02 6.56895280e-01 9.33685482e-01
  0.00000000e+00 1.69287395e+00 1.75728464e+00 8.00403976e+00
  2.70223618e+00 3.67784047e+00 5.66031694e-01 7.47923255e-02
  7.27259755e-01 1.68349323e+01 2.87199438e-01 5.87984657e+00
  7.15221500e+00 1.68077207e+00 4.40317661e-01 2.54194856e+00
  9.27219391e-01 5.00101149e-01 1.31258714e+00 1.94528592e+00
  5.83146429e+00 1.85584819e+00 6.98122501e-01 2.03647542e+00
  1.37890160e+00 8.97388220e-01 2.94398308e+00 6.00526452e-01
  1.48203087e+00 1.73882532e+00 4.62580264e-01 2.79714322e+00
  2.37622094e+00 0.00000000e+00 1.90044850e-01 2.11991370e-01
  9.04010236e-01 3.55606705e-01 3.47099692e-01 1.21439326e+00
  5.77239394e-02 7.68900347e+00 1.46767521e+00 1.04284990e+00
  1.99886000e+00 3.77510643e+00 5.59159517e-01 3.01362133e+00
  2.46071324e-01 5.34363627e-01 3.47281003e+00 1.24433577e-01
  1.15917146e+00 1.62720859e+00 7.76896596e-01 7.82830238e-01
  9.95262712e-02 0.00000000e+00 4.99705601e+00 2.79465556e+00
  1.75010335e+00 9.44817603e-01 6.93316841e+00 5.17971963e-02
  2.18296862e+00 1.48262072e+00 4.04916286e+00 3.45350504e-01
  2.07461143e+00 2.65598774e+00 8.67708778e+00 0.00000000e+00
  1.88928056e+00 4.46723604e+00 1.81787610e+00 3.63254666e+00
  4.45584154e+00 1.44656491e+00 7.99677491e-01 0.00000000e+00
  6.16396618e+00 0.00000000e+00 1.63989830e+00 2.12021828e+00
  4.17342758e+00 5.06046474e-01 1.78778040e+00 1.84748757e+00
  1.71591175e+00 5.84338570e+00 1.94731236e+00 2.14742875e+00
  2.62993217e-01 3.75847149e+00 4.00704908e+00 4.29769605e-01
  2.12994903e-01 2.59237885e+00 1.87129688e+00 3.39839506e+00
  2.64514041e+00 2.55864596e+00 2.47258520e+00 1.01870894e+00
  2.73749161e+00 1.92898870e+00 3.45943928e+00 1.44553614e+00
  1.72450566e+00 5.86769819e-01 5.33978939e+00 8.84400487e-01
  9.76902246e-02 3.78627270e-01 1.52607024e+00 0.00000000e+00
  4.34589911e+00 7.71839237e+00 7.14669973e-02 1.20499218e+00
  2.87407923e+00 3.52699971e+00 2.02216768e+00 3.57683325e+00
  2.10704136e+00 3.48747039e+00 1.26278229e+01 2.07017541e+00
  6.08354688e-01 9.52334213e+00 2.91455805e-01 3.31383914e-01
  2.63427114e+00 1.36637318e+00 2.59820795e+00 0.00000000e+00
  1.49881661e+00 7.49089575e+00 1.12860644e+00 3.90852451e+00
  3.48951411e+00 3.63348991e-01 9.89963472e-01 3.08157730e+00
  1.73590529e+00 1.23710620e+00 7.41732597e-01 5.43335736e-01
  1.11986852e+00 5.27748346e-01 8.01695061e+00 4.34720479e-02
  2.08069611e+00 2.73638988e+00 1.29852247e+00 3.32088447e+00
  1.29775562e+01 1.80006564e+00 2.19891086e-01 8.05608153e-01
  6.52803707e+00 3.09955072e+00 4.83406687e+00 1.19203918e-01
  1.64218080e+00 0.00000000e+00 8.15250969e+00 4.37762833e+00
  4.57445335e+00 4.18763351e+00 4.12917398e-02 1.75668672e-01
  2.42068148e+00 5.26757431e+00 2.10215616e+00 7.27542543e+00
  1.65096857e-02 2.20945978e+00 2.21535228e-02 0.00000000e+00
  1.40815628e+00 1.91317752e-01 1.84498429e+00 0.00000000e+00
  5.37123740e-01 6.35305357e+00 4.98932123e+00 0.00000000e+00
  0.00000000e+00 0.00000000e+00 2.47515845e+00 5.44633389e-01
  4.86451328e-01 1.91132450e+00 1.83784950e+00 8.19106877e-01
  2.96455383e+00 1.01835737e+01 2.02971888e+00 1.73603624e-01
  9.23891485e-01 1.12350297e+00 9.42607164e-01 2.22804928e+00
  2.71403432e+00 2.37555075e+00 9.07963276e+00 1.67550147e+00
  3.47560596e+00 1.01291108e+00 4.00436550e-01 1.40731490e+00
  1.24895763e+00 5.27927065e+00 2.31030917e+00 3.74033618e+00
  1.47381985e+00 6.05435753e+00 1.12277985e+00 2.49811435e+00
  2.82563066e+00 1.22504272e-01 4.49494314e+00 1.81936967e+00
  1.69314575e+00 2.24982572e+00 1.49955952e+00 7.11056054e-01
  3.40120816e+00 0.00000000e+00 7.23845482e-01 0.00000000e+00
  0.00000000e+00 2.18361735e+00 3.05491614e+00 4.13169086e-01
  0.00000000e+00 6.81357765e+00 1.54528892e+00 2.58980393e-01
  4.82858133e+00 3.97162527e-01 6.82891798e+00 1.30818534e+00
  3.86031723e+00 2.65326977e+00 9.97740936e+00 1.82693787e-02
  7.18962371e-01 0.00000000e+00 1.86931998e-01 3.43120820e-03
  8.05284405e+00 3.17782593e+00 1.93617690e+00 1.51487732e+00
  4.08856153e-01 8.94203758e+00 1.52351439e+00 5.77289677e+00
  3.57193184e+00 4.72229481e+00 8.68425655e+00 3.41911483e+00
  1.13867927e+00 2.74858570e+00 1.23096406e+00 6.66773543e-02
  9.36354324e-02 0.00000000e+00 1.99232197e+00 2.98144102e+00
  4.88086164e-01 2.73272872e+00 3.16448593e+00 2.22366405e+00
  3.30486631e+00 3.66237783e+00 7.14364171e-01 1.33895361e+00
  1.14206910e+00 5.79413652e+00 9.86576080e-01 2.94848251e+00
  9.65300274e+00 7.85110950e-01 1.69503164e+00 1.40894377e+00
  1.99198201e-01 3.44259918e-01 2.17454100e+00 3.05641079e+00
  3.90909791e-01 0.00000000e+00 4.82565016e-01 9.44491327e-02
  2.71710634e+00 2.24015212e+00 5.11470199e-01 3.52098256e-01
  7.97605157e-01 1.02575111e+00 2.69917059e+00 5.08984137e+00
  2.23622060e+00 1.11587226e+00 7.86018670e-01 3.74472213e+00
  0.00000000e+00 1.20387948e+00 1.78181505e+00 9.63280976e-01
  1.26632013e+01 4.24108028e+00 1.54112303e+00 5.11082411e-01
  1.24656785e+00 3.59722424e+00 5.48297882e-01 2.37360406e+00
  2.08491325e+00 3.59058768e-01 1.61625731e+00 1.44574416e+00
  1.07579815e+00 1.60636365e-01 5.09822035e+00 3.29841900e+00
  7.22788274e-01 1.17883936e-01 0.00000000e+00 4.01198959e+00
  9.85229433e-01 2.34307098e+00 7.73976088e+00 2.41978304e-03
  2.54600143e+00 1.62857366e+00 3.22162271e+00 3.90844703e+00
  8.21571350e+00 6.24597073e-01 1.18215404e-01 1.11327454e-01
  0.00000000e+00 1.93451381e+00 1.06589228e-01 2.16904092e+00
  1.12766018e+01 1.59412324e+00 7.57248878e-01 1.93524528e+00
  2.47332788e+00 4.43832779e+00 3.78320408e+00 3.47102380e+00
  0.00000000e+00 4.48908985e-01 3.61029243e+00 1.26737154e+00
  1.31034148e+00 5.65307319e-01 1.94537604e+00 1.07846606e+00
  0.00000000e+00 2.00090170e-01 2.41805935e+00 1.69294631e+00
  1.41311097e+00 5.41981459e-01 5.86823523e-01 3.08982044e-01
  5.04575348e+00 2.71687031e+00 6.20237589e+00 2.61551785e+00
  2.62964606e-01 3.74211836e+00 2.43317151e+00 1.86019981e+00
  3.02250433e+00 1.96919596e+00 1.09221971e+00 1.02575004e+00
  4.60653114e+00 1.17683697e+00 3.97615767e+00 1.88037138e-02
  2.64907360e+00 6.86359033e-02 5.60901546e+00 4.18007231e+00]]