[[3.22210693e+00 2.02579308e+00 2.72550130e+00 8.77592921e-01
  6.56019896e-03 1.99795794e+00 1.33309889e+01 2.76309729e+00
  1.49639428e+00 1.35041964e+00 5.25421441e-01 4.55013561e+00
  5.08130312e+00 2.58305073e+00 1.52360871e-01 3.82195115e+00
  1.84285998e+00 2.04182029e-01 3.39202374e-01 3.50706315e+00
  2.37583113e+00 1.13558143e-01 4.72136402e+00 8.43862820e+00
  2.01701260e+00 9.12865448e+00 5.35315800e+00 3.43882108e+00
  2.51611090e+00 0.00000000e+00 2.20173463e-01 4.55319166e+00
  2.55194974e+00 1.09739292e+00 6.07378304e-01 8.36904812e+00
  1.45538568e+00 7.67806172e-01 7.19290972e+00 8.05151641e-01
  4.87104326e-01 3.84588289e+00 4.08907719e-02 1.58214068e+00
  7.50462890e-01 0.00000000e+00 1.10643578e+00 7.73849964e+00
  3.76715088e+00 0.00000000e+00 5.53883433e-01 1.39142573e+00
  3.41609195e-02 1.36661434e+00 2.70486641e+00 2.71188450e+00
  2.32236719e+00 6.98989630e+00 4.20110893e+00 0.00000000e+00
  3.27505469e+00 1.46856475e+00 5.75563717e+00 5.90506792e+00
  1.11758530e-01 2.59518951e-01 7.55620599e-01 5.14527035e+00
  0.00000000e+00 4.43828487e+00 9.68510723e+00 4.09928322e+00
  3.55223715e-01 6.82834911e+00 1.50542510e+00 1.00452888e+00
  1.35795152e+00 7.52859497e+00 8.04935217e-01 1.48278844e+00
  0.00000000e+00 2.29320431e+00 3.08497405e+00 5.40881515e-01
  2.58827424e+00 8.49994183e+00 0.00000000e+00 5.65832630e-02
  1.20448599e+01 1.66440988e+00 6.01914930e+00 4.69387436e+00
  0.00000000e+00 1.11169398e+00 8.24165344e-01 6.23832718e-02
  2.14421415e+00 2.67406273e+00 1.18294001e+00 7.03745317e+00
  1.79271996e-01 3.88546062e+00 9.12482071e+00 1.15505400e+01
  6.04990196e+00 1.64928854e+00 4.27318954e+00 9.02359307e-01
  4.28025395e-01 6.47859797e-02 3.76476669e+00 4.14743614e+00
  1.18705440e+00 3.39181796e-02 9.51408207e-01 1.60909951e-01
  3.95886445e+00 1.89063513e+00 0.00000000e+00 6.49701118e+00
  5.89385509e-01 9.35012722e+00 1.83209553e-02 8.67684555e+00
  1.23865433e+01 5.05337000e+00 5.34435511e-01 2.33560405e-03
  6.30343974e-01 1.41121492e+01 0.00000000e+00 5.29742479e-01
  1.29936619e+01 0.00000000e+00 7.04481155e-02 4.02008104e+00
  7.55316839e-02 2.25067720e-01 1.04270220e+00 2.05704556e+01
  7.84237325e-01 0.00000000e+00 2.15202856e+00 4.59505701e+00
  2.66676450e+00 2.68072295e+00 5.29657793e+00 4.52447796e+00
  2.48829007e-01 1.07766652e+00 1.29230280e+01 2.32468203e-01
  2.53168035e+00 3.06706667e+00 6.83417320e-01 3.95619363e-01
  4.48071671e+00 8.45914781e-01 0.00000000e+00 0.00000000e+00
  3.62087376e-02 5.65326500e+00 6.52217960e+00 0.00000000e+00
  5.22902679e+00 5.22846413e+00 4.68534604e-02 1.96400917e+00
  4.59701926e-01 6.15943670e-01 1.05252671e+00 0.00000000e+00
  7.74475431e+00 9.05674553e+00 1.52511644e+00 1.75820458e+00
  1.29375875e+00 5.73070717e+00 1.33937054e+01 6.26277637e+00
  2.86624336e+00 3.37210917e+00 3.55768752e+00 2.84734917e+00
  5.17043054e-01 1.85761297e+00 6.37337208e+00 2.37128782e+00
  6.40048802e-01 2.52178729e-01 1.01637926e+01 0.00000000e+00
  1.70480645e+00 1.95048809e+01 1.44343102e+00 1.62316120e+00
  2.99773037e-01 6.72838879e+00 4.66022301e+00 0.00000000e+00
  8.37364018e-01 0.00000000e+00 2.74816823e+00 4.01510239e+00
  8.02782059e+00 1.17406023e+00 0.00000000e+00 4.87374401e+00
  2.61568379e+00 4.82146025e+00 2.47039723e+00 9.54270840e-01
  9.82141972e-01 5.88990736e+00 8.75892043e-02 1.94041693e+00
  6.01550150e+00 7.08134747e+00 2.63055801e+00 4.95292753e-01
  8.25055885e+00 3.21426779e-01 3.60818841e-02 2.37698102e+00
  0.00000000e+00 2.52549434e+00 0.00000000e+00 1.31373537e+00
  4.13867086e-01 5.64270592e+00 9.95737672e-01 2.45411158e+00
  4.94878531e-01 5.64590096e-01 0.00000000e+00 4.92127609e+00
  0.00000000e+00 1.33528109e+01 1.44739234e+00 3.89920831e-01
  7.20236480e-01 1.01276040e+00 2.53054905e+00 3.46831179e+00
  1.00434594e-01 5.84993362e+00 9.51737404e+00 0.00000000e+00
  6.53238487e+00 1.32169628e+00 3.09974885e+00 1.37773883e+00
  8.97822857e+00 4.70671940e+00 1.07775176e+00 0.00000000e+00
  3.68993521e+00 1.28672445e+00 2.86912203e-01 1.13630080e+00
  8.02060962e-01 3.97777796e+00 2.69437939e-01 2.69029331e+00
  1.36484817e-01 1.03773940e+00 1.75487220e-01 2.70406818e+00
  6.17596865e+00 8.94423604e-01 4.92724133e+00 8.52639019e-01
  1.48104703e+00 7.32173443e+00 1.34082019e+00 2.90154338e+00
  1.54884024e+01 1.82334200e-01 0.00000000e+00 4.01524305e-01
  5.34508228e+00 1.29373515e+00 3.33642960e+00 7.01615155e-01
  5.23076153e+00 0.00000000e+00 7.72816122e-01 1.78326368e+00
  2.37322044e+00 4.79595089e+00 8.01908597e-02 0.00000000e+00
  4.08136320e+00 9.24319267e-01 3.04270411e+00 1.33226168e+00
  2.23596931e+00 3.88427883e-01 4.46280766e+00 0.00000000e+00
  9.90872097e+00 2.97814059e+00 1.30509484e+00 7.41257593e-02
  1.89867616e+00 2.76839685e+00 1.01755178e+00 5.01239896e-01
  2.15609491e-01 3.68891388e-01 1.55626106e+00 1.64639604e+00
  8.86939093e-02 3.10467219e+00 4.10419989e+00 1.28352538e-01
  2.92006397e+00 1.37553835e+01 1.50587559e+00 6.45416403e+00
  0.00000000e+00 7.97293329e+00 8.82400417e+00 1.42397416e+00
  3.20656562e+00 1.34565365e+00 1.63114891e+01 3.20168734e-01
  1.55437350e+00 0.00000000e+00 3.33358854e-01 1.88079464e+00
  3.48492503e+00 2.14020088e-01 9.71224880e+00 1.45400798e+00
  2.22030067e+00 1.30346470e+01 1.74218273e+00 4.20136309e+00
  2.97246003e+00 4.50812355e-02 1.69782698e-01 2.25406313e+00
  1.58152735e+00 1.21189308e+00 6.79628670e-01 1.61609912e+00
  3.40139198e+00 0.00000000e+00 5.29131234e-01 2.02048111e+00
  3.19407403e-01 7.62109101e-01 4.53327805e-01 2.38205362e-02
  1.45741630e+00 1.18429117e+01 1.77123770e-01 1.52909815e-01
  5.89650869e+00 2.92733401e-01 3.30980271e-01 7.89750719e+00
  8.84883308e+00 3.00188214e-01 2.68832817e+01 0.00000000e+00
  1.46748573e-01 3.16062272e-01 1.33438754e+00 1.29243076e+00
  1.04326267e+01 1.72881866e+00 5.03346825e+00 2.38872409e+00
  9.01037276e-01 1.39306469e+01 8.57726514e-01 2.75984168e+00
  3.34693170e+00 9.87883449e-01 0.00000000e+00 1.46383989e+00
  7.96169043e+00 1.41402066e+00 3.81224847e+00 3.04375172e-01
  1.98787975e+00 4.45214081e+00 0.00000000e+00 4.17640829e+00
  1.69625461e+00 3.65054816e-01 1.08055663e+00 5.89977074e+00
  2.08668089e+00 3.32785034e+00 4.04618502e+00 9.51456785e-01
  1.28358054e+00 9.29436588e+00 1.92259932e+00 1.11296883e+01
  5.57348251e-01 1.03763258e+00 0.00000000e+00 8.74587148e-02
  3.74211311e+00 2.15404344e+00 4.77312994e+00 2.05126739e+00
  9.84002888e-01 0.00000000e+00 3.37174237e-01 3.51854354e-01
  0.00000000e+00 1.91868031e+00 0.00000000e+00 1.81603193e+00
  0.00000000e+00 0.00000000e+00 0.00000000e+00 1.33016777e+00
  5.26492596e-01 3.87688465e-02 5.54516792e+00 2.54466558e+00
  2.96104103e-01 1.82225490e+00 5.72928429e+00 9.04352307e-01
  7.08861303e+00 1.70917416e+00 0.00000000e+00 5.61204433e-01
  4.79851931e-01 7.40538692e+00 0.00000000e+00 1.59407854e+00
  2.32770658e+00 9.40376595e-02 0.00000000e+00 8.95619297e+00
  0.00000000e+00 4.20522064e-01 3.15334439e+00 2.49952817e+00
  3.37357104e-01 1.12611488e-01 1.26707697e+00 6.58962250e+00
  9.91472900e-01 6.03012753e+00 3.47652578e+00 4.00164461e+00
  4.24825954e+00 2.69429040e+00 9.63344097e-01 1.49651730e+00
  1.06753988e+01 0.00000000e+00 4.58897734e+00 0.00000000e+00
  1.23369551e+00 1.40347683e+00 1.56395316e+00 8.98309827e-01
  1.34956753e+00 1.21420908e+00 5.46516371e+00 5.23511744e+00
  4.31759691e+00 4.47435379e+00 1.45678401e+00 9.47517455e-01
  2.16670871e+00 0.00000000e+00 4.93193954e-01 7.15038204e+00
  3.10054803e+00 0.00000000e+00 9.26849246e-02 1.84359801e+00
  0.00000000e+00 2.74653286e-01 3.91209388e+00 8.34144205e-02
  0.00000000e+00 6.12009227e-01 2.30942702e+00 9.42207527e+00
  3.76096463e+00 4.57897568e+00 0.00000000e+00 6.00318968e-01
  4.23415804e+00 9.11470234e-01 4.46036100e-01 8.54816496e-01
  4.54200506e+00 1.19643092e+00 0.00000000e+00 1.49484086e+00
  3.13653350e+00 1.09904766e-01 1.24789429e+01 7.46050262e+00
  2.91469932e+00 1.31031883e+00 2.73005080e+00 9.70251179e+00]]