[[8.48767757e-01 1.80665398e+00 0.00000000e+00 3.75591010e-01
  4.65483236e+00 6.61164188e+00 7.49692822e+00 3.10728490e-01
  1.04642785e+00 2.75202966e+00 3.70874333e+00 1.83158726e-01
  4.83873844e+00 2.58755469e+00 0.00000000e+00 3.41325355e+00
  6.68138802e-01 2.09200597e+00 0.00000000e+00 6.61872005e+00
  4.54743052e+00 1.00052900e+01 0.00000000e+00 2.58212805e-01
  3.73229671e+00 6.17446899e+00 0.00000000e+00 1.55262351e+00
  3.18658620e-01 1.73679426e-01 6.26850426e-02 2.98139739e+00
  1.90173864e+00 7.78843784e+00 6.01190984e-01 2.32169127e+00
  1.15528381e+00 2.63591200e-01 5.23259735e+00 4.17165130e-01
  2.08380556e+00 1.13688685e-01 2.18392849e+00 2.40046978e+00
  2.71165609e-01 8.85184824e-01 2.89346385e+00 3.29723239e+00
  2.42189264e+00 5.32439137e+00 1.99351859e+00 1.49143112e+00
  5.95886469e-01 2.05550003e+00 5.74367714e+00 2.51707339e+00
  3.04039645e+00 5.63718891e+00 1.67903274e-01 3.46385449e-01
  1.20762527e+00 9.34330225e-02 3.08154774e+00 2.74014568e+00
  0.00000000e+00 2.32228112e+00 2.58099079e+00 4.76772881e+00
  1.07189023e+00 1.74250618e-01 9.19785321e-01 3.68995965e-01
  1.87822556e+00 4.00886393e+00 6.76640415e+00 3.87854600e+00
  1.31924059e-02 4.28066778e+00 8.38202715e-01 5.53754616e+00
  7.10842896e+00 1.84358180e+00 1.35490370e+01 8.94719481e-01
  3.05078053e+00 6.92219305e+00 5.79399252e+00 8.89766216e-01
  6.65406656e+00 2.46654779e-01 7.56437302e+00 3.76947746e-02
  0.00000000e+00 5.05573940e+00 2.29291773e+00 1.07734001e+00
  1.80884695e+00 3.79489422e+00 2.49756441e-01 2.16831422e+00
  1.80532038e+00 1.58595800e+00 1.07795548e+00 1.11678581e+01
  0.00000000e+00 0.00000000e+00 6.57728791e-01 1.22721040e+00
  1.78632922e-02 2.91297197e+00 4.66366625e+00 3.37854075e+00
  7.54511833e-01 1.51925218e+00 2.58815694e+00 2.99146199e+00
  5.92399263e+00 1.03395691e+01 5.49850273e+00 1.94681442e+00
  4.57067728e+00 6.27381861e-01 2.69762594e-02 4.62422848e+00
  0.00000000e+00 3.41608793e-01 0.00000000e+00 2.50384140e+00
  1.62674606e+00 3.10166645e+01 7.74466276e+00 9.70640361e-01
  6.23767853e+00 2.91586816e-01 8.85287821e-01 4.32392740e+00
  1.84028864e+00 4.35109615e+00 4.84149814e-01 4.28185761e-01
  3.17307264e-01 6.45809603e+00 1.54582888e-01 6.97992373e+00
  4.19201088e+00 1.71673632e+00 3.89544177e+00 1.24313936e-01
  9.17161882e-01 3.27469498e-01 2.26004052e+00 6.09890401e-01
  5.97559547e+00 1.63412280e-02 2.98106641e-01 5.88935375e-01
  3.02999473e+00 6.24508476e+00 2.85757446e+00 1.45738471e+00
  1.86999345e+00 4.12042189e+00 1.19728642e+01 7.15561152e+00
  7.61986876e+00 3.83924079e+00 5.96871674e-01 6.79343081e+00
  1.05103672e+00 6.23400736e+00 4.12096977e+00 1.64777970e+00
  1.05078869e+01 1.06434143e+00 3.24548483e-01 8.79636669e+00
  1.32679784e+00 1.75601923e+00 1.08555813e+01 2.84659433e+00
  9.57474053e-01 3.04745603e+00 6.71709251e+00 2.90646642e-01
  6.56584918e-01 1.54558885e+00 5.49796581e-01 5.05676842e+00
  1.40103674e+00 1.27217650e+00 1.03311977e+01 0.00000000e+00
  3.26334946e-02 1.39459143e+01 0.00000000e+00 0.00000000e+00
  0.00000000e+00 8.54957008e+00 0.00000000e+00 2.94668245e+00
  3.43338728e+00 3.79045510e+00 3.76727909e-01 2.24020696e+00
  3.00621331e-01 9.69871223e-01 8.11034679e+00 9.38492119e-01
  3.28553748e+00 7.13412666e+00 2.73840141e+00 2.41819954e+00
  2.76959705e+00 1.21588014e-01 1.25564516e+00 3.80624866e+00
  1.25388908e+00 3.40208411e+00 7.25804925e-01 5.15970707e+00
  1.76418340e+00 3.24079204e+00 8.10572052e+00 1.64941084e+00
  1.74333107e+00 2.14041519e+00 5.24238527e-01 3.18057585e+00
  6.99492455e+00 2.07255125e+00 9.59264636e-02 3.25062728e+00
  1.79587448e+00 2.75634599e+00 3.78278494e+00 4.90608603e-01
  4.39787775e-01 1.54181108e+01 1.19400539e+01 1.70635021e+00
  1.45311284e+00 1.56193137e+00 4.32681322e+00 3.16379428e+00
  4.08790874e+00 7.79569149e+00 2.19213600e+01 3.02603936e+00
  5.13360929e+00 4.37829703e-01 1.23515959e+01 7.79878902e+00
  0.00000000e+00 1.33089364e+00 7.51181412e+00 9.62922955e+00
  1.30927384e+00 1.92535305e+00 6.48741841e-01 2.75895357e+00
  0.00000000e+00 1.54516593e-01 2.03846291e-01 4.19455737e-01
  3.27350807e+00 6.03672075e+00 4.73907828e-01 6.90111732e+00
  9.13406658e+00 9.18106139e-01 4.96758270e+00 5.72530925e-01
  8.86099720e+00 2.28847647e+00 1.08835995e+00 1.35521865e+00
  2.97156644e+00 0.00000000e+00 1.17749846e+00 1.28081570e+01
  9.43788528e+00 2.67101097e+00 1.48800583e+01 4.70885658e+00
  3.92228198e+00 0.00000000e+00 5.26611376e+00 2.02202722e-01
  4.36727238e+00 7.51343822e+00 3.25004578e+00 5.27749300e+00
  9.29371715e-01 1.64414215e+00 1.91894436e+00 1.44538844e+00
  1.51867962e+00 7.04122961e-01 1.71672094e+00 0.00000000e+00
  3.64129448e+00 4.20819044e+00 3.26034814e-01 8.89607489e-01
  1.72047764e-01 1.19848919e+00 7.84174800e-01 4.67142868e+00
  6.23716068e+00 5.41053724e+00 9.10354853e-01 8.68774235e-01
  5.36728287e+00 3.18380326e-01 4.57844877e+00 8.40847015e+00
  6.94674909e-01 4.92173624e+00 0.00000000e+00 7.38358974e-01
  4.27955866e+00 1.65057763e-01 4.30552197e+00 4.97515619e-01
  2.10138345e+00 3.63013506e+00 9.39876652e+00 1.43575236e-01
  3.10573030e+00 1.50914580e-01 4.32747900e-01 1.35078411e+01
  1.79184771e+00 8.94424725e+00 3.56096601e+00 3.42477489e+00
  5.66577005e+00 4.47638702e+00 5.09141874e+00 6.30750275e+00
  0.00000000e+00 0.00000000e+00 3.30748409e-01 4.10686398e+00
  3.38541436e+00 3.60989714e+00 2.70068407e-01 3.11721516e+00
  1.99292409e+00 4.49446583e+00 1.18011868e+00 6.13275230e-01
  1.29315710e+00 5.23325634e+00 5.74073410e+00 1.04395270e+00
  9.64935398e+00 3.61858296e+00 2.78510857e+00 2.10156822e+00
  0.00000000e+00 6.99132085e-01 3.38330078e+00 0.00000000e+00
  4.80250359e+00 8.54918480e-01 1.39735813e+01 6.54216051e+00
  1.81485578e-01 2.11110497e+00 1.86878240e+00 4.95548964e+00
  1.24080620e+01 2.37034416e+00 5.56267071e+00 1.91378748e+00
  5.20368958e+00 1.10667735e-01 0.00000000e+00 4.34473419e+00
  5.71888399e+00 8.31777859e+00 4.55307722e-01 4.02712774e+00
  0.00000000e+00 1.57304391e-01 1.02864075e+00 5.50025702e-01
  6.11883029e-03 1.62080822e+01 1.01424637e+01 1.03419697e+00
  5.41050625e+00 3.12245607e+00 0.00000000e+00 3.96876407e+00
  1.77786732e+00 1.26774943e+00 2.53886890e+00 4.56250399e-01
  7.08216190e-01 3.09485149e+00 6.47329837e-02 1.37048078e+00
  6.12635040e+00 1.17137222e+01 2.90013969e-01 1.07045383e+01
  0.00000000e+00 3.49936438e+00 1.52689123e+00 2.18176198e+00
  4.96205091e-01 3.61010838e+00 1.62870872e+00 7.98346519e-01
  0.00000000e+00 4.42773283e-01 3.05181980e+00 8.16647828e-01
  6.22302008e+00 9.12239838e+00 6.55568361e-01 4.82971191e+00
  2.50409913e+00 7.05777025e+00 1.16911554e+00 1.29634309e+00
  1.18056703e+00 1.35721385e+00 1.93609273e+00 8.60342407e+00
  1.27012587e+00 1.22792554e+00 5.63108563e-01 1.56182134e+00
  3.15818453e+00 1.37722027e+00 6.28914595e+00 4.01339149e+00
  0.00000000e+00 7.86390007e-01 4.87661734e-02 3.42729521e+00
  2.52148819e+00 1.66590676e-01 6.14041328e-01 9.43744928e-02
  5.40881269e-02 1.89074194e+00 2.17554712e+00 5.85318375e+00
  6.37982321e+00 5.28482294e+00 5.03019238e+00 2.34322667e-01
  4.66078520e+00 1.75761402e+00 1.25042925e+01 1.69835651e+00
  1.08314228e+00 1.90728748e+00 2.39469695e+00 7.65269458e-01
  1.39023876e+00 2.80181468e-01 1.14773130e+00 2.73908687e+00
  5.62647998e-01 5.21418333e+00 1.52932298e+00 7.57983780e+00
  1.48111558e+00 9.11676025e+00 9.11370635e-01 2.40069246e+00
  1.20668259e+01 1.21990097e+00 4.38531971e+00 1.93146992e+00
  6.52308822e-01 3.34719849e+00 6.71072602e-01 3.43782115e+00
  7.38639259e+00 7.49512911e+00 1.08148794e+01 4.58928853e-01
  3.65528226e+00 4.55399418e+00 3.62556362e+00 1.45413244e+00
  4.88868475e-01 6.82189178e+00 2.62982070e-01 9.30837095e-02
  5.33936405e+00 4.33236742e+00 4.44293833e+00 2.04911804e+00
  4.10397577e+00 5.21238947e+00 3.64385033e+00 6.42304277e+00
  2.37058616e+00 6.43187821e-01 6.70814419e+00 4.80740499e+00
  0.00000000e+00 4.51333702e-01 4.72333384e+00 0.00000000e+00]]