[[2.57061362e+00 2.44387484e+00 7.98855257e+00 0.00000000e+00
  8.38952255e+00 5.13991833e-01 3.02306962e+00 0.00000000e+00
  6.72455370e-01 5.75945807e+00 6.13758755e+00 2.85796070e+00
  2.00847006e+00 4.32452726e+00 0.00000000e+00 2.95505434e-01
  0.00000000e+00 3.96909714e+00 0.00000000e+00 8.34103584e+00
  0.00000000e+00 2.74791670e+00 2.66377664e+00 1.74949610e+00
  4.47843254e-01 1.70966792e+00 1.42935979e+00 7.56321001e+00
  1.30036366e+00 1.39236534e+00 4.32739854e-02 0.00000000e+00
  5.58340907e-01 7.00840664e+00 6.84943378e-01 3.35710645e+00
  2.46769810e+00 3.73762280e-01 9.12809753e+00 1.91134429e+00
  1.77183735e+00 7.91174233e-01 2.99447823e+00 2.40122604e+00
  0.00000000e+00 1.05079865e+00 6.54662704e+00 2.40111423e+00
  3.19705510e+00 1.82284200e+00 2.71092672e-02 1.15330970e+00
  0.00000000e+00 5.08145285e+00 2.81171846e+00 4.54418516e+00
  4.45716286e+00 3.88427806e+00 8.92992616e-01 0.00000000e+00
  1.50317943e+00 6.08201885e+00 5.24890757e+00 9.39486313e+00
  0.00000000e+00 5.94102955e+00 4.40038919e+00 7.07375646e-01
  4.00804043e-01 2.89238214e-01 4.14468616e-01 5.07223189e-01
  1.62697613e-01 2.63326693e+00 5.35618877e+00 1.26668072e+00
  4.71628857e+00 6.43571806e+00 4.27383892e-02 1.32615376e+00
  5.00019264e+00 0.00000000e+00 1.01874475e+01 2.84079164e-01
  2.28870606e+00 3.62266922e+00 1.12587786e+00 1.79577756e+00
  2.48407483e+00 1.84362996e+00 4.85055399e+00 5.31278324e+00
  0.00000000e+00 4.85982227e+00 1.45985293e+00 1.15442145e+00
  1.89800370e+00 3.21862555e+00 1.38098025e+00 5.16200256e+00
  4.76834476e-01 3.88193321e+00 8.97803688e+00 8.47393703e+00
  0.00000000e+00 0.00000000e+00 0.00000000e+00 4.10968125e-01
  6.53342438e+00 6.20284176e+00 1.22209632e+00 2.39181161e+00
  2.77762055e-01 4.73136187e-01 2.86221194e+00 0.00000000e+00
  5.54943609e+00 8.78973901e-01 1.28296351e+00 6.23828459e+00
  3.44083047e+00 2.88817263e+00 1.95132807e-01 5.25231552e+00
  3.89792651e-01 8.25374413e+00 7.35223711e-01 0.00000000e+00
  7.51493514e-01 1.84303169e+01 1.88805187e+00 2.10710788e+00
  7.71651554e+00 3.95731735e+00 1.80385381e-01 1.20278025e+00
  0.00000000e+00 2.86880555e-03 2.39196628e-01 4.14341402e+00
  0.00000000e+00 2.15000868e+00 4.08826955e-02 8.33871555e+00
  1.99321127e+00 2.99596578e-01 2.92961597e+00 0.00000000e+00
  9.08372402e-01 2.20504045e+00 0.00000000e+00 3.17040300e+00
  3.26225972e+00 8.86046410e-01 4.40677106e-01 2.91455358e-01
  4.91913652e+00 1.43285394e-01 1.37316692e+00 0.00000000e+00
  3.55692655e-01 8.55234325e-01 3.06021643e+00 6.67096376e+00
  2.23308468e+00 6.00284290e+00 3.61364484e-01 6.00869703e+00
  0.00000000e+00 3.53319478e+00 1.26592455e+01 0.00000000e+00
  5.82039261e+00 1.02751148e+00 2.39376903e-01 2.27194643e+00
  5.37114477e+00 0.00000000e+00 7.82719946e+00 3.80863619e+00
  3.85930717e-01 3.26965714e+00 3.75054812e+00 5.34432292e-01
  3.39398056e-01 1.69812226e+00 2.59951162e+00 0.00000000e+00
  1.29572392e+00 5.14164066e+00 2.57983804e+00 0.00000000e+00
  1.79697931e+00 2.13277359e+01 1.59256327e+00 1.32860315e+00
  7.13271260e-01 4.87951803e+00 6.21029316e-03 2.16196704e+00
  7.87674904e-01 0.00000000e+00 0.00000000e+00 9.84450150e+00
  3.20256615e+00 1.70996809e+00 2.96289134e+00 1.87090445e+00
  1.76798999e-01 1.56795015e+01 1.85416996e-01 1.56787407e+00
  0.00000000e+00 2.37915683e+00 0.00000000e+00 6.22508049e-01
  5.60627095e-02 5.13342476e+00 8.20906043e-01 7.37177312e-01
  3.45075697e-01 5.49101114e+00 3.36606550e+00 1.11602083e-01
  4.60467823e-02 5.46846390e+00 1.00681746e+00 6.84325576e-01
  1.81427240e+00 1.89637280e+00 1.79033637e-01 2.10752800e-01
  7.12971163e+00 2.08589956e-01 1.64201498e-01 1.96456003e+00
  3.37492657e+00 6.74092674e+00 0.00000000e+00 3.83262253e+00
  1.03378057e+00 3.39877534e+00 2.22385168e+00 2.08785796e+00
  2.23016882e+00 2.36608171e+00 1.29079361e+01 3.39281845e+00
  8.09376240e-01 2.88220191e+00 8.05254400e-01 0.00000000e+00
  2.54078245e+00 1.32478487e+00 4.18553495e+00 0.00000000e+00
  3.24280500e-01 9.03323174e-01 1.67888784e+00 2.52526379e+00
  5.49728060e+00 5.66065311e-04 1.16602910e+00 4.95448446e+00
  0.00000000e+00 7.88525403e-01 0.00000000e+00 4.12809706e+00
  4.46626091e+00 7.52437770e-01 1.38223863e+00 8.49328279e-01
  1.80065274e+00 1.11594152e+00 0.00000000e+00 5.55746675e-01
  9.43657589e+00 2.49153876e+00 1.14419389e+00 2.00261211e+00
  2.35078669e+00 2.31300926e+00 1.28418434e+00 0.00000000e+00
  6.09614611e-01 5.42733483e-02 3.44060397e+00 1.13724566e+01
  4.09493494e+00 5.18111229e+00 0.00000000e+00 1.42376348e-01
  1.09591639e+00 1.02852988e+00 4.49082613e+00 1.02855272e+01
  9.27641273e-01 6.72752976e-01 0.00000000e+00 3.37277651e-01
  1.35035572e+01 4.98100705e-02 2.03374362e+00 1.79259253e+00
  1.46496081e+00 1.58784950e+00 5.52280903e+00 1.12402332e+00
  1.21111751e+00 2.90765405e+00 1.31576748e+01 5.53318644e+00
  0.00000000e+00 8.59801483e+00 2.85161519e+00 3.35777551e-01
  8.98906648e-01 2.67137241e+00 1.85754049e+00 5.10888994e-01
  5.94697535e-01 1.61029208e+00 1.48943794e+00 2.38309240e+00
  3.34022331e+00 8.22326660e+00 1.17821817e+01 1.55522656e+00
  1.11609566e+00 1.44208983e-01 1.09225607e+00 7.33819818e+00
  1.07463419e-01 3.56502795e+00 9.97720146e+00 1.79695392e+00
  3.66193581e+00 3.07168078e+00 9.27910447e-01 1.25834739e+00
  7.19706202e+00 0.00000000e+00 2.10285211e+00 0.00000000e+00
  3.31806016e+00 2.65373254e+00 2.42594197e-01 2.37795091e+00
  4.27740288e+00 0.00000000e+00 1.17104769e+00 3.20106857e-02
  1.83860153e-01 3.88863397e+00 3.93980801e-01 5.27243674e-01
  1.48844743e+00 1.86798553e+01 3.07539439e+00 3.45630503e+00
  6.11415672e+00 6.68302849e-02 6.87875271e-01 5.58288097e+00
  4.04540873e+00 0.00000000e+00 2.14732895e+01 5.40087484e-02
  1.85923767e+00 4.95065880e+00 3.44334340e+00 5.88460982e-01
  1.34066656e-01 9.36437428e-01 5.16414821e-01 0.00000000e+00
  1.88569927e+00 7.19337082e+00 2.22735286e-01 5.51919174e+00
  1.17137146e+00 5.01467562e+00 4.47896767e+00 1.59461606e+00
  8.98756757e-02 2.77218342e+00 7.46908307e-01 8.78888071e-02
  1.50172687e+00 3.95458460e-01 9.85122204e-01 4.29271793e+00
  2.88294148e+00 1.66584623e+00 3.90491247e-01 3.72709322e+00
  3.85102320e+00 2.65552807e+00 1.29291761e+00 2.48796797e+00
  2.86327791e+00 2.56651688e+01 4.68908453e+00 1.29331503e+01
  2.89094329e+00 6.86292946e-01 5.82308722e+00 7.05878735e-01
  8.91921043e-01 9.63331103e-01 1.42022066e+01 4.70658213e-01
  1.70886850e+00 7.46037364e-01 7.60953784e-01 2.42819890e-01
  2.83264661e+00 6.31245434e-01 8.22229266e-01 2.19353274e-01
  7.91762397e-02 2.21108615e-01 7.56992161e-01 6.18558943e-01
  2.87565589e+00 2.22337985e+00 2.68076134e+00 1.43452740e+00
  3.04921269e+00 4.23348093e+00 9.79509473e-01 0.00000000e+00
  1.08494081e-01 3.55734453e-02 0.00000000e+00 6.10176373e+00
  4.56221771e+00 2.09182978e+00 0.00000000e+00 1.44839847e+00
  2.47068143e+00 8.01227570e-01 2.18980223e-01 5.17002916e+00
  0.00000000e+00 2.33707547e+00 1.66379106e+00 1.60716164e+00
  7.73237348e-02 6.95599079e-01 0.00000000e+00 3.00538707e+00
  1.48667359e+00 7.25369072e+00 6.00431871e+00 0.00000000e+00
  2.59221125e+00 1.36823511e+00 9.86780524e-02 7.76344156e+00
  1.42800951e+00 3.51432729e+00 4.01414782e-01 9.20267403e-02
  0.00000000e+00 3.82917047e-01 8.47034156e-02 6.56209350e-01
  2.98167080e-01 6.88787413e+00 1.95054501e-01 5.37181735e-01
  2.59515071e+00 1.29162478e+00 3.36828303e+00 3.73495674e+00
  4.79663134e+00 2.09766078e+00 8.60693169e+00 4.15437269e+00
  0.00000000e+00 1.68080962e+00 0.00000000e+00 2.61590958e+00
  0.00000000e+00 0.00000000e+00 5.37472725e+00 7.01709509e-01
  0.00000000e+00 4.33077955e+00 7.48754203e-01 0.00000000e+00
  3.13838601e+00 2.39669800e-01 5.92948866e+00 2.80651236e+00
  0.00000000e+00 2.49212456e+00 1.22964168e+00 2.82062244e+00
  4.55621195e+00 2.66050816e+00 3.36521149e-01 1.24625243e-01
  7.30447435e+00 1.07654536e+00 7.12229538e+00 2.63972497e+00
  2.53655720e+00 9.17447388e-01 4.25615978e+00 1.35736270e-02]]