[[4.03173637e+00 2.27232504e+00 2.03300071e+00 6.53413475e-01
  2.00487792e-01 3.78229797e-01 6.45798779e+00 5.17375069e-03
  4.02467108e+00 9.14184451e-02 5.65396595e+00 2.02853703e+00
  3.48220706e+00 2.10522652e+01 4.99969162e-02 1.72319341e+00
  7.06584501e+00 9.00810719e-01 4.00109005e+00 6.45295680e-01
  1.11892857e-01 3.59405184e+00 7.10281730e-02 3.79988223e-01
  4.74953234e-01 5.48595762e+00 4.43654346e+00 2.12084317e+00
  3.88884759e+00 1.47708571e+00 1.02678645e+00 3.37067294e+00
  4.05037642e+00 2.54366994e+00 6.15928471e-01 8.78230512e-01
  1.16593540e-01 4.07906294e-01 5.77459240e+00 1.11991477e+00
  1.73217738e+00 3.69396806e+00 2.21414074e-01 5.24659872e+00
  9.08893764e-01 0.00000000e+00 4.79531574e+00 1.90582275e-01
  2.07608923e-01 6.50013447e-01 5.65405428e-01 3.94562912e+00
  0.00000000e+00 8.28376865e+00 6.92331553e+00 8.57584763e+00
  3.61085343e+00 1.60155010e+01 2.42032337e+00 6.30084562e+00
  3.00506401e+00 2.32997990e+00 6.24905396e+00 1.70786345e+00
  2.18538210e-01 5.32512665e+00 2.62710905e+00 1.69925189e+00
  3.82924914e+00 2.29811382e+00 6.23669982e-01 1.03603745e+00
  1.96572924e+00 1.41523228e+01 4.88118362e+00 5.78176200e-01
  1.08485174e+00 2.70878887e+00 1.89764452e+00 5.55740833e-01
  1.99579561e+00 2.83066940e+00 4.42025232e+00 7.11145326e-02
  5.92021656e+00 2.73317742e+00 2.26673648e-01 1.12014163e+00
  2.17904282e+00 3.21329713e-01 6.50786352e+00 2.45698571e+00
  0.00000000e+00 3.35781980e+00 1.08397746e+00 1.24600720e+00
  7.48673260e-01 1.39357400e+00 5.50740147e+00 6.83868790e+00
  8.85865211e-01 9.91933465e-01 3.93301582e+00 4.35940647e+00
  2.71431589e+00 4.68926525e+00 7.02263176e-01 3.37373316e-01
  7.04011023e-01 1.60961795e+00 4.87462234e+00 0.00000000e+00
  2.00492597e+00 2.26025343e+00 3.19310641e+00 0.00000000e+00
  1.07772665e+01 7.45643020e-01 1.88436949e+00 1.85116872e-01
  2.55926085e+00 2.51541114e+00 6.82656288e+00 3.59096456e+00
  9.13343012e-01 5.89328051e+00 2.32780528e+00 0.00000000e+00
  3.54062819e+00 2.35643883e+01 3.00053692e+00 1.09086621e+00
  7.89987373e+00 8.05715144e-01 1.20451450e+00 9.34478283e+00
  1.54661858e+00 4.12752295e+00 3.18011880e+00 2.87886173e-01
  1.46594965e+00 9.02093530e-01 3.14311552e+00 4.08775902e+00
  1.93538117e+00 9.78209913e-01 8.21268976e-01 2.67809719e-01
  5.59977710e-01 2.66715527e-01 2.83662510e+00 1.64143527e+00
  4.48516512e+00 1.88934588e+00 7.47981071e-02 3.89991999e-01
  2.00073886e+00 1.03379405e+00 2.45243573e+00 3.26293254e+00
  4.08642292e+00 3.69113040e+00 2.67355442e+00 1.43249202e+00
  4.39958048e+00 2.05264115e+00 1.52858937e+00 5.36987877e+00
  3.01092243e+00 5.64723730e-01 2.11300793e+01 2.78887320e+00
  5.71155214e+00 1.21410973e-01 4.76687640e-01 1.59271695e-02
  0.00000000e+00 3.46677566e+00 1.92260373e+00 1.06784735e+01
  8.82256794e+00 1.84928160e-02 4.60785484e+00 1.89182997e+00
  5.57383537e-01 3.41255093e+00 3.37496638e+00 9.04710412e-01
  2.56736457e-01 3.65401292e+00 3.08027053e+00 1.60232961e+00
  3.76065683e+00 8.23755836e+00 1.65486336e+00 9.11230922e-01
  1.08300459e+00 3.78641033e+00 2.46146023e-01 5.45403385e+00
  4.61251974e-01 2.61181617e+00 3.60979199e-01 8.54290295e+00
  7.11346817e+00 5.25334418e-01 8.97720933e-01 8.62628594e-02
  3.28070688e+00 1.90394843e+00 1.80035102e+00 2.19725990e+00
  9.31892872e-01 2.45173645e+00 1.31245077e-01 1.26674306e+00
  1.87393034e+00 1.93491423e+00 4.29343939e-01 2.08062792e+00
  1.75345875e-02 1.19518852e+00 5.26979828e+00 1.78115535e+00
  5.38134909e+00 1.23377256e-01 6.56361818e-01 3.22530007e+00
  6.32110977e+00 2.81790257e+00 1.52901864e+00 1.76655769e+00
  7.21117973e+00 7.10349679e-02 2.51533031e+00 2.30937696e+00
  5.97783279e+00 9.36046791e+00 5.04314804e+00 3.31924415e+00
  2.73647761e+00 1.73419797e+00 4.89211273e+00 4.80566549e+00
  1.21515560e+00 9.35987568e+00 6.82870340e+00 5.09617448e-01
  1.22851089e-01 1.42144465e+00 4.41346979e+00 1.16768479e+00
  5.40215206e+00 3.56479359e+00 7.63841724e+00 0.00000000e+00
  6.57955360e+00 1.98654294e+00 2.68934798e+00 6.23718262e+00
  4.98878360e-01 1.11373687e+00 6.45466298e-02 1.39529502e+00
  9.09123516e+00 8.51451039e-01 2.67643332e+00 7.75973892e+00
  1.13860683e+01 3.21605499e-03 1.33450758e+00 0.00000000e+00
  3.00995159e+00 4.14197111e+00 2.78456640e+00 2.61933517e+00
  3.43118310e+00 1.98273098e+00 6.75191939e-01 6.12157524e-01
  7.33018732e+00 2.19821119e+00 1.36586142e+01 8.47968638e-01
  7.79247224e-01 0.00000000e+00 5.78223515e+00 9.88824889e-02
  5.20237875e+00 1.54547429e+00 1.99170947e+00 3.75764346e+00
  3.15597351e-03 1.01430666e+00 1.02026868e+00 1.60160577e+00
  1.35342932e+00 8.67805779e-01 6.94531012e+00 0.00000000e+00
  4.56668949e+00 5.94054604e+00 2.17568064e+00 2.02906340e-01
  3.30381203e+00 5.51636505e+00 0.00000000e+00 2.10754395e+00
  6.75610542e-01 7.58193016e-01 1.57223344e-01 8.68237972e-01
  3.25264549e+00 1.22537816e+00 1.22988880e+00 4.73239374e+00
  1.10697060e+01 9.86829758e+00 5.64321935e-01 1.31999290e+00
  1.05458374e+01 1.88086021e+00 1.17300549e+01 2.44841266e+00
  1.27579284e+00 5.09795189e-01 7.65955162e+00 0.00000000e+00
  7.47879076e+00 1.58104515e+00 9.30391729e-01 6.64062023e+00
  1.06720269e+00 2.66284204e+00 2.25401020e+00 2.37965941e+00
  6.45873308e-01 1.89790681e-01 8.73841381e+00 3.45798159e+00
  5.83555317e+00 0.00000000e+00 2.47841284e-01 4.65435982e+00
  1.22230411e+00 5.30558395e+00 5.29657423e-01 0.00000000e+00
  7.08430231e-01 3.77263999e+00 1.62494987e-01 2.65657878e+00
  3.65547895e+00 0.00000000e+00 2.34830737e+00 3.61717701e-01
  5.08657932e-01 2.06056366e+01 0.00000000e+00 1.01109815e+00
  3.77325916e+00 5.03486729e+00 1.97628021e+00 2.96728539e+00
  3.12503028e+00 6.57034683e+00 1.41346931e+01 1.29550207e+00
  2.49890161e+00 1.04361277e+01 2.75868511e+00 3.60243440e+00
  5.95055389e+00 7.78851271e-01 1.08475900e+00 1.72642803e+00
  1.83973253e-01 3.33528328e+00 3.69802380e+00 7.64008427e+00
  1.77767296e+01 5.27127552e+00 0.00000000e+00 1.14024746e+00
  3.89040661e+00 3.06461358e+00 9.67864931e-01 1.72649646e+00
  4.85584641e+00 2.13240433e+00 1.50996900e+00 1.12791610e+00
  2.60013318e+00 3.26495528e-01 1.14796169e-01 0.00000000e+00
  4.12225199e+00 2.47593760e+00 1.01647556e-01 1.18354023e+00
  2.54106116e+00 5.83922052e+00 0.00000000e+00 5.99583101e+00
  6.15900517e+00 2.23828387e+00 0.00000000e+00 5.32106161e+00
  1.56450540e-01 6.35400248e+00 7.00513506e+00 3.17231178e-01
  2.10376453e+00 9.07588577e+00 3.46690154e+00 4.07760024e-01
  1.63131154e+00 3.67680049e+00 2.42437696e+00 2.38020897e-01
  4.42619419e+00 1.47096679e-01 1.17737494e-01 4.60807896e+00
  2.75735044e+00 1.01669395e+00 4.85893726e+00 7.35953760e+00
  1.49641836e+00 1.45381618e+00 2.95763850e+00 5.57823038e+00
  2.77256519e-01 8.62478614e-02 1.79311776e+00 1.92616634e+01
  3.23005056e+00 1.14484012e-01 5.80329299e-01 6.95012748e-01
  0.00000000e+00 5.01574278e-01 1.00457847e-01 3.46406031e+00
  7.09888554e+00 6.06472045e-02 3.52161932e+00 2.64103413e+00
  4.61974055e-01 2.42510152e+00 1.04001868e+00 6.31980324e+00
  5.56571722e+00 2.82334971e+00 3.51835799e+00 1.00106132e+00
  2.46445477e-01 4.94875431e+00 0.00000000e+00 8.50881577e+00
  1.20375204e+00 3.86755085e+00 5.41424179e+00 4.27042675e+00
  0.00000000e+00 1.88164163e+00 3.07610846e+00 8.02942932e-01
  7.10327721e+00 2.81961828e-01 2.78070545e+00 6.38398027e+00
  0.00000000e+00 1.00856485e+01 2.07998314e+01 1.18503690e+00
  2.12124968e+00 2.78430730e-01 5.50212240e+00 3.03766489e+00
  9.53627527e-01 1.19019985e+01 7.84913898e-01 4.00493574e+00
  1.00035715e+00 1.06959498e+00 6.14064264e+00 3.40955228e-01
  1.27242362e+00 5.52855909e-01 3.43046880e+00 6.59129247e-02
  1.25075579e+00 3.96635437e+00 2.30227900e+00 5.50307989e+00
  1.23753822e+00 9.66512859e-01 2.23287892e+00 5.89727044e-01
  3.60859561e+00 9.17214990e-01 8.40592575e+00 4.62065488e-01
  4.15132332e+00 4.63809252e+00 5.76803780e+00 1.78299618e+00
  1.80865496e-01 6.18897140e-01 1.46810951e+01 2.03894615e+00]]