[[2.44718552e+00 4.48708344e+00 1.99149430e-01 3.04912865e-01
  1.28050458e+00 5.51322269e+00 3.59489417e+00 1.38386226e+00
  2.28527331e+00 4.49534595e-01 2.85515279e-01 2.70560408e+00
  2.39258874e-02 7.25399733e-01 0.00000000e+00 6.11671269e-01
  6.44436979e+00 1.49648893e+00 6.25192225e-02 3.85035664e-01
  7.20032310e+00 1.24521494e+00 1.33665931e+00 2.06878686e+00
  7.30351806e-01 2.50194573e+00 7.53454030e-01 5.54719162e+00
  1.63508844e+00 2.00040674e+00 1.37184590e-01 2.71459556e+00
  0.00000000e+00 8.41886997e-01 1.98651493e+00 1.77439320e+00
  9.36738610e-01 2.49902844e-01 2.38168120e+00 4.88308525e+00
  4.04302263e+00 3.62425709e+00 5.73234618e-01 2.18800926e+00
  0.00000000e+00 4.69653159e-01 1.90567482e+00 0.00000000e+00
  1.38565099e+00 9.99581814e-01 8.72380912e-01 3.38598847e+00
  3.89179659e+00 2.78006405e-01 1.35103202e+00 5.00883698e-01
  1.55645514e+00 3.88642065e-02 7.05715641e-02 3.42074633e-01
  2.05041695e+00 1.29478300e+00 6.55036402e+00 1.60260010e+00
  4.93195742e-01 2.34723401e+00 2.46588778e+00 4.07800770e+00
  2.07897329e+00 4.22089291e+00 4.32142210e+00 1.50073612e+00
  6.02106117e-02 1.48660290e+00 6.83783436e+00 6.80795968e-01
  6.75829828e-01 8.79423022e-01 9.55619812e-01 1.27405894e+00
  0.00000000e+00 1.51501942e+00 1.24302471e+00 0.00000000e+00
  7.93557310e+00 1.36760044e+00 1.10677171e+00 1.46504223e+00
  7.13005543e+00 0.00000000e+00 7.66335964e-01 2.50776434e+00
  6.91948473e-01 1.99969339e+00 4.88227367e-01 1.16676271e+00
  8.18633616e-01 1.15818393e+00 1.12224472e+00 5.02335262e+00
  1.58114970e+00 7.03855157e-02 5.36245918e+00 5.29498148e+00
  8.39021301e+00 2.42126989e+00 1.67333871e-01 1.81214094e-01
  3.14289761e+00 2.18760657e+00 7.52003551e-01 0.00000000e+00
  1.10720634e+01 7.66712570e+00 3.06907654e+00 3.12036133e+00
  1.17373075e+01 7.17180967e-01 0.00000000e+00 1.81429052e+00
  2.84842300e+00 2.91369259e-01 3.30990529e+00 5.07246256e+00
  1.74794042e+00 5.16806459e+00 1.11002457e+00 2.52224710e-02
  5.62186861e+00 5.09059191e+00 8.22628498e-01 1.98133099e+00
  4.16603506e-01 4.08520222e-01 5.34650612e+00 5.46474981e+00
  1.29756427e+00 6.41667023e-02 0.00000000e+00 8.16214561e-01
  1.14627612e+00 1.29653469e-01 1.87898970e+00 5.61311626e+00
  4.46764946e+00 3.85856318e+00 2.98011160e+00 7.79744983e-01
  3.68521363e-01 1.41056931e+00 4.77216768e+00 2.18337917e+00
  4.85720724e-01 5.51890182e+00 1.05960953e+00 2.21665049e+00
  6.03544998e+00 1.98000348e+00 1.51253831e+00 2.54906178e-01
  3.92787290e+00 5.21599591e-01 1.48886144e+00 9.82020140e-01
  2.61018217e-01 2.02786136e+00 1.07096171e+00 3.46984982e-01
  1.87442744e+00 2.20888710e+00 6.10853243e+00 4.83903933e+00
  1.69112349e+00 2.84397244e+00 4.21175241e-01 4.05750796e-02
  3.63855004e-01 4.79405451e+00 5.44313526e+00 2.36231685e+00
  8.48066926e-01 0.00000000e+00 5.46368980e+00 1.07007134e+00
  1.21615982e+00 1.44717649e-01 9.20925856e-01 1.43580878e+00
  2.16827080e-01 3.33712578e+00 1.41024962e-02 8.33465874e-01
  1.45557895e-01 6.66716480e+00 1.01317203e+00 9.01283473e-02
  6.39168739e-01 2.78073502e+00 3.51561487e-01 8.39436293e-01
  2.23138601e-01 1.48602760e+00 1.52992010e+00 1.00477767e+00
  3.93429804e+00 1.44444799e+00 1.79053414e+00 4.58974028e+00
  7.81316710e+00 1.68411696e+00 2.15058255e+00 3.33857954e-01
  1.03020817e-02 1.64106691e+00 4.16518831e+00 0.00000000e+00
  1.42789373e+01 0.00000000e+00 2.39092231e+00 3.46505642e-01
  1.50461721e+00 4.97756100e+00 4.85915518e+00 2.20189738e+00
  1.52051210e-01 2.93023205e+00 1.01753664e+00 2.79097867e+00
  2.16316319e+00 7.76998818e-01 2.89985180e-01 2.61156392e+00
  1.29970923e-01 6.27460659e-01 1.35630205e-01 6.65403652e+00
  9.39062786e+00 3.78124213e+00 2.65235662e+00 3.69376659e-01
  2.13463068e+00 1.76861858e+00 2.52294993e+00 2.12777019e+00
  8.70662689e-01 4.72517669e-01 3.33964252e+00 2.56454778e+00
  1.23551333e+00 5.16793549e-01 5.51419640e+00 5.16342878e-01
  6.67625591e-02 4.88048697e+00 2.59060025e+00 9.06583726e-01
  2.01554966e+00 2.96402383e+00 3.24080539e+00 1.15281634e-01
  2.32869363e+00 1.05671120e+00 6.02003145e+00 5.82319355e+00
  4.58801895e-01 7.27483809e-01 1.31152451e+00 4.47569132e+00
  8.41546917e+00 2.12499595e+00 3.88176203e-01 0.00000000e+00
  1.64590156e+00 1.82688594e+00 1.56075370e+00 1.21284366e+00
  2.05657339e+00 3.52479768e+00 3.45915794e+00 1.13733578e+00
  3.27920961e+00 2.43547535e+00 2.68132925e+00 2.64456964e+00
  1.42533433e+00 0.00000000e+00 3.48705482e+00 2.90521002e+00
  3.35065508e+00 4.06957865e+00 2.56606430e-01 1.83138561e+00
  3.98545474e-01 0.00000000e+00 2.15178633e+00 1.11358938e+01
  1.42289996e+00 2.67794633e+00 2.32214451e+00 1.36922371e+00
  3.88652372e+00 5.11038017e+00 1.79661858e+00 1.44545591e+00
  3.63629341e+00 1.71392024e+00 2.60529828e+00 1.71132803e-01
  1.41267753e+00 3.72585988e+00 5.38772404e-01 0.00000000e+00
  7.41425335e-01 5.48136568e+00 1.55552506e+00 1.86752629e+00
  3.89263296e+00 4.25377846e+00 6.18233490e+00 1.17850077e+00
  5.36038399e+00 4.68962252e-01 0.00000000e+00 2.44360304e+00
  8.96329284e-01 2.17527986e+00 2.13663054e+00 5.99047065e-01
  2.64791560e+00 9.39717948e-01 1.45932937e+00 3.04342747e+00
  2.98709311e-02 2.35378432e+00 9.57642651e+00 2.03496599e+00
  0.00000000e+00 2.25286889e+00 1.27856505e+00 3.00032997e+00
  3.04748034e+00 7.01431483e-02 2.23432034e-01 1.37866689e-02
  1.15052307e+00 3.06216717e-01 2.47945571e+00 8.74033630e-01
  1.76537633e+00 4.28953314e+00 0.00000000e+00 3.24595833e+00
  1.27296352e+00 1.94953516e-01 2.11687469e+00 1.54151050e-02
  5.40222836e+00 2.90220809e+00 6.79919362e-01 3.23613787e+00
  7.23958397e+00 1.40595798e+01 5.35692072e+00 5.46865511e+00
  2.18828964e+00 1.86763597e+00 2.81377292e+00 1.06096208e+00
  4.20116520e+00 1.06318623e-01 8.21631074e-01 7.99166560e-01
  1.07116878e+00 1.69655278e-01 2.77132082e+00 7.60179222e-01
  1.84531760e+00 4.59743589e-01 1.10652518e+00 8.10432971e-01
  1.35461771e+00 2.31649160e+00 7.42434442e-01 1.10569847e+00
  6.90551376e+00 2.39311650e-01 9.27965462e-01 2.51408577e+00
  3.18123072e-01 1.97991103e-01 1.37860298e+00 1.68372488e+00
  2.15753746e+00 5.43035090e-01 3.95096779e+00 6.59482598e-01
  1.49245191e+00 4.84676152e-01 1.30738389e+00 2.16386938e+00
  5.18237305e+00 2.19138527e+00 5.56931782e+00 3.99515080e+00
  1.61957368e-01 1.71225035e+00 5.62817752e-02 6.07800364e-01
  5.50830078e+00 9.32271099e+00 6.99772120e+00 1.48167163e-01
  2.98522934e-02 0.00000000e+00 9.91338789e-01 3.99714994e+00
  0.00000000e+00 1.55603397e+00 3.60668480e-01 1.36137903e+00
  1.76715136e+00 1.68478239e+00 1.14024651e+00 4.67315722e+00
  2.26455480e-01 2.18864822e+00 1.70904219e+00 1.18960690e+00
  4.76144886e+00 1.94185901e+00 2.35440874e+00 1.04949784e+00
  0.00000000e+00 1.84229112e+00 1.49350274e+00 2.19517684e+00
  3.73207426e+00 1.05231202e+00 6.79834664e-01 9.43744600e-01
  5.97756147e-01 6.65152740e+00 5.29562593e-01 6.93370914e+00
  9.05450153e+00 3.84316683e+00 1.45242608e+00 1.99382567e+00
  0.00000000e+00 1.80663311e+00 2.52834582e+00 7.56344175e+00
  1.74007332e+00 3.26113510e+00 6.17303658e+00 1.41572320e+00
  4.81796265e+00 1.02553773e+00 2.81898499e-01 1.51430120e+01
  1.15430057e+00 1.02408838e+00 3.73343897e+00 8.82414699e-01
  0.00000000e+00 4.82047892e+00 9.63711834e+00 4.58911705e+00
  1.18483090e+00 1.50680041e+00 1.24720466e+00 0.00000000e+00
  6.50581956e-01 5.61397076e+00 0.00000000e+00 1.19846666e+00
  9.18437362e-01 6.32007301e-01 1.81860697e+00 7.96195447e-01
  1.57325959e+00 2.76856244e-01 7.38675237e-01 2.24688843e-01
  0.00000000e+00 8.65473080e+00 1.37180128e+01 2.09284961e-01
  1.16819286e+00 1.05497217e+00 1.48142743e+00 7.93542922e-01
  2.56199121e+00 0.00000000e+00 8.95407438e-01 1.33895552e+00
  0.00000000e+00 8.26340616e-02 1.63379586e+00 4.89449441e-01
  2.83901596e+00 1.53764439e+00 3.18426919e+00 2.06181502e+00
  3.52670789e+00 0.00000000e+00 5.21106672e+00 9.96392846e-01
  2.83371687e-01 1.63574004e+00 1.22640800e+00 2.96683669e-01]]