[[1.24525666e+00 5.94080210e+00 1.21000862e+00 0.00000000e+00
  1.16329646e+00 7.39735317e+00 3.60311556e+00 1.35035110e+00
  3.35295892e+00 1.89363360e-01 5.47071636e-01 1.66666460e+00
  0.00000000e+00 2.52895296e-01 0.00000000e+00 2.42584085e+00
  7.08590364e+00 7.99107313e-01 9.01604712e-01 2.99467850e+00
  6.64275932e+00 7.18761349e+00 1.95315742e+00 3.20018482e+00
  7.34044850e-01 3.38444042e+00 4.99626547e-01 6.01936579e+00
  1.60936427e+00 2.69376421e+00 1.35782719e+00 2.92749739e+00
  0.00000000e+00 3.12325978e+00 1.01598716e+00 1.54378903e+00
  6.16957068e-01 1.67753994e-01 3.14223409e+00 4.23758411e+00
  7.22184992e+00 3.28301930e+00 8.42160285e-01 4.17815495e+00
  8.91077161e-01 7.01708734e-01 1.37337172e+00 1.69206262e-01
  4.06011492e-01 2.80863382e-02 0.00000000e+00 5.90086317e+00
  2.63835073e+00 0.00000000e+00 9.28046227e-01 2.79740602e-01
  2.34637380e+00 1.31763518e+00 6.73818767e-01 8.86313677e-01
  2.94146919e+00 0.00000000e+00 4.64474344e+00 2.62778020e+00
  1.08060467e+00 4.57565606e-01 1.60339952e+00 9.86680686e-01
  3.55385923e+00 6.10529566e+00 1.42336845e+00 1.35728705e+00
  4.11153324e-02 0.00000000e+00 1.80412495e+00 1.27886236e+00
  2.06838870e+00 1.23067892e+00 0.00000000e+00 2.57582712e+00
  2.86241174e-01 6.49636745e-01 8.97257924e-01 1.07809573e-01
  5.44426203e+00 2.67094135e+00 1.88691306e+00 1.37692380e+00
  7.56175280e+00 0.00000000e+00 9.85635400e-01 4.10788202e+00
  9.85330880e-01 6.00761795e+00 1.53533733e+00 3.08048677e+00
  4.39514667e-01 1.08977413e+00 2.22478652e+00 7.74685192e+00
  1.17006898e+00 8.97679687e-01 8.99700165e+00 5.33171654e+00
  1.47127552e+01 2.26729184e-01 9.98876020e-02 2.78327405e-01
  2.64814043e+00 3.82438183e+00 5.31188011e+00 2.08607376e-01
  1.36216364e+01 1.02050095e+01 4.59832525e+00 5.44601917e-01
  1.35796509e+01 8.94648194e-01 1.92167033e-02 2.14212966e+00
  2.70679402e+00 1.16395509e+00 5.24094486e+00 2.06125760e+00
  1.53498065e+00 4.41479349e+00 1.09446275e+00 2.62190253e-01
  5.37363958e+00 9.04081917e+00 2.33861423e+00 7.39759862e-01
  1.49212790e+00 7.52711296e-01 4.63033438e+00 8.18677235e+00
  1.61214006e+00 1.58755529e+00 9.98992100e-03 5.35646439e+00
  4.63681251e-01 1.87758017e+00 4.73651600e+00 5.20228767e+00
  3.81769633e+00 4.02993011e+00 8.00859332e-01 2.80982047e-01
  1.13790846e+00 5.94705641e-01 3.53328133e+00 2.66529560e+00
  1.90877342e+00 6.18773413e+00 1.51446447e-01 3.69629288e+00
  9.31829071e+00 2.38939071e+00 2.49534774e+00 6.83121026e-01
  6.64050627e+00 1.69840425e-01 4.57608223e+00 3.13773632e-01
  2.08709145e+00 2.09959388e+00 5.71921110e-01 2.40392947e+00
  2.39239931e+00 4.46198404e-01 5.27750063e+00 2.70305037e+00
  2.72906971e+00 1.66041720e+00 1.35597792e-02 1.08272064e+00
  1.36145937e+00 8.50820827e+00 6.20996666e+00 5.22170353e+00
  1.78857660e+00 0.00000000e+00 5.96833944e+00 3.70301157e-01
  8.75200391e-01 5.15894055e-01 2.14116669e+00 2.05263400e+00
  1.74327350e+00 5.28862858e+00 8.07187483e-02 1.44042099e+00
  1.36900568e+00 1.15399160e+01 4.44367588e-01 1.79947460e+00
  5.39762855e-01 2.35202622e+00 2.72186846e-01 4.01612699e-01
  5.99816591e-02 1.96753299e+00 3.35814857e+00 1.31883228e+00
  4.01925087e+00 1.72608626e+00 2.09785986e+00 6.62633896e+00
  6.83130836e+00 1.17161455e+01 3.32520413e+00 2.43440795e+00
  9.14828852e-02 1.30035090e+00 4.40013599e+00 8.31801537e-03
  1.95296040e+01 0.00000000e+00 2.70781666e-01 3.03906620e-01
  1.49350691e+00 4.97297716e+00 4.17694139e+00 6.77760792e+00
  0.00000000e+00 4.12196159e+00 6.62846208e-01 2.47948027e+00
  2.76176286e+00 5.13781548e+00 1.09566808e+00 3.88907695e+00
  1.33605707e+00 5.43306768e-01 1.27170670e+00 4.40330601e+00
  8.63885593e+00 3.15330982e+00 5.55570459e+00 2.04426274e-01
  3.71528792e+00 2.50968242e+00 2.40309024e+00 2.98392534e+00
  5.99906981e-01 3.94371986e+00 1.05496180e+00 2.86942649e+00
  5.55763960e-01 1.11410022e+00 5.79678202e+00 6.87999308e-01
  7.46762037e-01 2.90567183e+00 4.09004498e+00 1.18007153e-01
  1.65961254e+00 2.88501382e+00 2.87848186e+00 4.31312025e-02
  2.36780739e+00 7.92757332e-01 6.43288612e+00 4.85347939e+00
  5.53740978e-01 9.34069574e-01 1.25553989e+00 5.31969213e+00
  6.91909027e+00 2.09877133e+00 2.76514918e-01 9.77259874e-02
  1.41103244e+00 2.13603067e+00 2.33292270e+00 2.00211215e+00
  2.64897048e-01 2.82149768e+00 6.02080536e+00 8.78223121e-01
  4.31921959e+00 3.07285380e+00 3.13274145e+00 4.18237448e+00
  3.43185626e-02 6.36539236e-02 6.25094843e+00 2.14759541e+00
  4.08897257e+00 3.57955861e+00 3.04269433e-01 4.01769972e+00
  2.41461158e-01 1.44720757e+00 6.70371532e-01 1.54665556e+01
  1.17491186e+00 4.21712637e+00 2.69792104e+00 1.68240356e+00
  2.76309180e+00 4.31322718e+00 1.98827124e+00 1.02437425e+00
  1.41053152e+00 1.24838543e+00 2.24157739e+00 5.67812741e-01
  1.57487249e+00 2.19105506e+00 1.04906335e-01 9.11310166e-02
  8.42961073e-02 4.93518257e+00 2.23032331e+00 6.19400620e-01
  6.25270748e+00 7.98369312e+00 5.86179590e+00 2.08824706e+00
  4.21209145e+00 1.61974221e-01 8.68054628e-02 3.10637474e+00
  1.78008187e+00 2.95811081e+00 2.11112261e+00 1.86636090e+00
  2.91716933e+00 1.14787662e+00 5.80903053e-01 6.22870207e+00
  9.51734900e-01 3.27269387e+00 9.03367996e+00 3.31944346e+00
  0.00000000e+00 2.00378346e+00 2.92292261e+00 4.46646500e+00
  3.08310556e+00 1.86869264e-01 1.51557520e-01 8.92570674e-01
  1.94177854e+00 3.18142474e-01 3.58213401e+00 4.51199979e-01
  1.27390003e+00 4.33958292e+00 9.74737778e-02 1.71977341e+00
  5.83380342e-01 0.00000000e+00 1.21248364e+00 1.09267414e-01
  9.27761555e+00 2.67125845e+00 9.14729118e-01 3.50498033e+00
  9.95826244e+00 1.46666861e+01 6.24105072e+00 7.70733786e+00
  3.48311996e+00 8.11422825e-01 9.53048420e+00 7.69603789e-01
  3.68970466e+00 2.09544256e-01 6.37113750e-01 1.76254824e-01
  2.11845204e-01 6.07712686e-01 2.43793702e+00 1.83300877e+00
  2.15410852e+00 6.36317313e-01 3.27111745e+00 8.00894439e-01
  1.41264224e+00 3.82023144e+00 1.16520159e-01 1.35181713e+00
  8.40388966e+00 9.69135910e-02 1.31266546e+00 3.00160694e+00
  3.26186925e-01 1.54492617e-01 9.86211061e-01 2.90478444e+00
  2.88089728e+00 6.32929742e-01 2.00040245e+00 0.00000000e+00
  2.68888259e+00 1.05595410e+00 3.49947309e+00 2.25562215e+00
  4.13540554e+00 4.07113791e+00 4.60016441e+00 7.94697428e+00
  9.55986321e-01 3.14822364e+00 5.77432692e-01 2.81197691e+00
  6.28086901e+00 7.57076359e+00 4.96295834e+00 1.40564167e+00
  0.00000000e+00 3.49959552e-01 6.64544582e-01 2.99904823e+00
  1.93135981e-02 2.90778542e+00 2.36715364e+00 6.52749062e-01
  9.55680370e-01 6.14891827e-01 1.21823835e+00 4.16909409e+00
  2.84328729e-01 9.33966517e-01 2.00966859e+00 2.75483394e+00
  5.06381178e+00 3.03809786e+00 3.72731662e+00 2.36119437e+00
  1.05826378e-01 2.60583210e+00 1.73271549e+00 3.21157432e+00
  3.97522140e+00 2.29058933e+00 5.72960734e-01 4.91056472e-01
  7.85477698e-01 7.26985264e+00 1.08837581e+00 7.97427368e+00
  7.67963839e+00 5.65080976e+00 2.66089773e+00 1.40385759e+00
  3.24157059e-01 1.37269092e+00 1.71162093e+00 9.15580463e+00
  4.47815180e+00 5.02851534e+00 7.34249496e+00 2.05026889e+00
  1.42939663e+00 3.04397464e+00 3.19949612e-02 1.73421860e+01
  2.67864895e+00 1.26182854e+00 7.20209122e+00 9.24396336e-01
  0.00000000e+00 2.39376450e+00 1.26172161e+01 1.24364650e+00
  2.92894554e+00 5.54983795e-01 1.88754284e+00 0.00000000e+00
  1.59848675e-01 3.70192027e+00 4.23959196e-01 1.36505747e+00
  2.60709107e-01 1.73026168e+00 1.07551360e+00 2.03030276e+00
  3.47479558e+00 6.27359509e-01 3.27876806e+00 0.00000000e+00
  0.00000000e+00 6.17466593e+00 1.08299656e+01 8.71150419e-02
  1.50770378e+00 1.67410684e+00 3.79623079e+00 1.50503755e+00
  2.01134682e+00 1.44562614e+00 2.15837032e-01 2.12241697e+00
  2.93215573e-01 1.92878339e-02 1.85133505e+00 2.61836261e-01
  8.03236675e+00 1.39462745e+00 2.20787263e+00 4.54731512e+00
  5.25079966e+00 1.66401267e+00 6.26088524e+00 2.40354133e+00
  3.96905482e-01 2.37977767e+00 2.38047147e+00 1.33790463e-01]]