[[7.4184120e-01 3.5911541e+00 4.9354717e-01 9.6716888e-02 3.7978593e-01
  6.5471315e+00 2.7143390e+00 4.1782317e-01 2.8007209e+00 6.2227297e-01
  3.0334623e+00 8.2599390e-01 1.3288620e+00 4.0005507e+00 1.6647214e-01
  1.5257412e+00 5.1664190e+00 1.6504853e+00 8.7958264e-01 5.0691586e+00
  1.3180335e+00 4.6078262e+00 1.3094264e+00 1.2889809e+01 1.5541902e+00
  3.4308727e+00 2.3350260e+00 6.8166194e+00 1.5799224e+00 7.1361184e-01
  1.1525619e+00 1.8457234e+00 0.0000000e+00 1.4403229e+00 2.1665936e+00
  2.3862843e-01 0.0000000e+00 0.0000000e+00 5.8212910e+00 5.3431401e+00
  1.3245826e+01 3.0841825e+00 6.1211926e-01 8.5516558e+00 0.0000000e+00
  6.8812454e-01 1.0521772e+00 8.9439012e-02 5.3522885e-01 4.0270045e-01
  2.0925102e+00 4.4358921e+00 1.1668136e+00 7.6644075e-01 1.4697018e+00
  1.2074608e+00 4.3025589e-01 1.9489927e+00 1.9702351e-01 2.8544742e-01
  1.8708966e+00 0.0000000e+00 6.9927244e+00 3.8450581e-01 0.0000000e+00
  0.0000000e+00 0.0000000e+00 3.7888569e-01 3.0904660e+00 1.8361362e+00
  1.3146859e+00 8.2653360e+00 3.8141737e+00 1.2399192e+00 2.7972972e+00
  5.3122717e-01 3.2489595e-01 3.8147503e-01 3.3577997e-03 1.9358034e+00
  0.0000000e+00 8.4509939e-01 2.4508259e+00 1.3961229e+00 7.3970418e+00
  7.1951923e+00 1.3747931e+00 3.0897510e+00 1.7067276e+00 1.9748434e-02
  2.2846341e+00 9.4938070e-01 5.3354532e-01 5.9365058e+00 1.4960827e+00
  1.9208688e+00 1.0226904e+00 1.0823094e+00 5.5456348e-02 1.2455907e+01
  0.0000000e+00 2.0915685e+00 1.1451457e+01 1.8389975e+00 2.7514462e+00
  4.2276192e+00 2.6372007e-01 1.1164268e+00 3.3769431e+00 4.0675063e+00
  7.1829801e+00 0.0000000e+00 8.4645157e+00 3.1764772e+00 1.3776811e+00
  2.6956853e-01 1.0076300e+01 1.0610818e+00 8.1538763e-03 1.5633056e+00
  1.6192155e+00 8.8665038e-01 4.1777382e+00 1.5735016e+00 2.1145918e+00
  1.5647191e+00 1.4948626e+00 7.2454698e-02 6.1580181e-01 1.6017345e+01
  1.6003759e+00 8.0266625e-01 7.8919091e+00 5.9771681e-01 5.0883484e+00
  8.0311089e+00 1.1501706e+00 4.0688764e-02 1.7976004e+00 1.8723108e+00
  7.3061693e-01 3.2818017e+00 6.5784776e-01 7.6421833e+00 1.4529262e-01
  1.3223232e+00 4.3483930e+00 2.8313443e-01 7.9830684e-02 3.0210025e+00
  5.8495116e+00 1.1090710e+00 9.8205966e-01 9.1655016e-01 2.7556343e+00
  2.6771808e+00 5.9381671e+00 3.5435374e+00 1.7690238e-01 0.0000000e+00
  8.4213753e+00 3.8436148e+00 4.4406886e+00 3.4171525e-01 2.1708119e+00
  1.4381502e+00 2.4300373e-01 3.5127643e-01 9.6212393e-01 2.0746157e-01
  4.9704680e+00 6.4262209e+00 2.8632975e+00 1.5035139e-01 0.0000000e+00
  1.1221232e+00 6.3618764e-02 8.1383657e+00 1.0086861e+01 5.0443721e+00
  2.8913924e-01 0.0000000e+00 7.3012247e+00 4.2915168e-01 2.5728173e+00
  4.0856054e-01 4.2727842e+00 6.7109019e-02 1.4978074e+00 1.4000241e+00
  3.9880540e+00 2.4943042e-01 3.6877495e-01 1.7856239e+01 1.6153549e+00
  1.5391730e+00 6.8929724e-02 7.9209418e+00 1.4650290e+00 3.5954154e+00
  1.4626646e+00 2.0320685e+00 4.4315442e-01 3.6007980e-01 2.9410825e+00
  4.0830100e-01 9.9657393e-01 1.6746416e+00 2.5985394e+00 9.4081440e+00
  3.9454639e-01 4.4257969e-01 0.0000000e+00 8.9286171e-02 8.4627581e+00
  8.3850241e-01 1.1832202e+01 0.0000000e+00 9.3415773e-01 1.2758598e+00
  2.7360852e+00 8.9557343e+00 9.6746552e-01 1.8096695e+00 1.8033199e+00
  1.8831972e+00 0.0000000e+00 5.7944045e+00 0.0000000e+00 3.2349610e+00
  0.0000000e+00 4.3247137e+00 1.4845022e+00 1.5778329e+00 5.3924227e-01
  6.0304999e+00 6.1583452e+00 5.3427172e+00 2.2867830e+00 9.7017998e-01
  1.9896585e+00 3.6396763e-01 2.6592031e+00 8.3080797e+00 1.2450296e+00
  8.4873524e+00 6.8145746e-01 2.6928389e+00 2.8775015e-01 0.0000000e+00
  3.4321532e+00 6.2496585e-01 2.7294645e-01 3.1611102e+00 6.3065062e+00
  3.6065993e-01 4.3303806e-01 1.7085402e+00 1.1768099e+01 7.5570351e-01
  0.0000000e+00 2.4334139e-01 7.7070227e+00 4.0253210e+00 1.8073958e+00
  0.0000000e+00 4.5352907e+00 2.9744184e+00 8.7458563e+00 2.2652881e+00
  5.4934156e-01 0.0000000e+00 0.0000000e+00 2.5602913e+00 3.2375214e+00
  3.4037285e+00 1.2067010e+00 3.0464184e+00 4.0031276e+00 4.3055716e+00
  6.4820867e+00 8.1820059e+00 4.9210062e+00 2.1927617e+00 3.3502913e+00
  0.0000000e+00 9.1197557e+00 0.0000000e+00 5.8872280e+00 8.5687799e+00
  1.9299875e+00 4.8548546e-01 1.4044188e-01 4.9644065e+00 1.0549610e+00
  1.7911111e+00 3.4282777e+00 1.2990420e+00 1.2731256e+00 0.0000000e+00
  9.9070698e-01 1.7074214e+00 9.6077067e-01 9.0193176e-01 3.7494292e+00
  2.3744140e+00 2.5274928e+00 1.2487078e+00 1.0233612e-01 1.4446065e+00
  0.0000000e+00 6.8260115e-01 1.2193335e+00 4.1915350e+00 8.8003522e-01
  1.2300303e+00 1.0700138e+01 3.7933521e+00 2.7892337e+00 1.2876922e+00
  6.7509170e+00 6.4598405e-01 2.3220456e+00 3.4591093e+00 1.7351652e+00
  6.1334705e-01 3.6343129e+00 2.0133865e+00 7.7216494e-01 3.2367764e+00
  4.9255413e-01 4.6169300e+00 7.0835268e-01 4.3537636e+00 2.4895768e+00
  1.1964282e+00 4.5983300e+00 7.2949851e-01 1.9097816e+00 9.5725572e-01
  3.5110543e+00 3.1628089e+00 2.5697057e+00 3.5500589e-01 9.9382383e-01
  3.0761569e+00 4.1590662e+00 7.2571522e-01 4.3156481e+00 2.2443039e+00
  0.0000000e+00 1.4800527e+00 1.6546111e+00 3.9612906e+00 3.0581656e+00
  8.9399767e-01 8.7422723e-01 5.2292829e+00 5.2058262e-01 2.6087050e+00
  3.0132132e+01 8.2134066e+00 3.4328768e-01 3.3267429e+00 7.0136166e+00
  1.0684439e-01 5.2576189e+00 1.4050533e+00 2.5978100e+00 1.2649343e+00
  1.7251135e+00 7.8128994e-01 3.4876087e+00 1.4480442e+00 2.7264347e+00
  6.9948739e-01 1.1068077e+00 2.9711099e+00 2.3327308e+00 1.2402737e+00
  3.0397778e+00 3.7150900e+00 1.7370439e-01 7.3898149e+00 1.4451661e+00
  3.1752188e+00 3.4722877e+00 1.9156631e+00 2.6531409e-02 7.0167251e+00
  3.0180495e+00 2.6387739e+00 8.0996859e-01 5.9332865e-01 2.2047243e+00
  1.2094052e+00 7.3896110e-01 2.7650692e+00 1.6373214e+00 9.9952918e-01
  4.6440005e+00 7.6084919e+00 7.2351875e+00 9.7141600e+00 4.0669956e+00
  2.5216286e+00 6.6226101e-01 3.6680650e-02 5.4731554e-01 7.4083476e+00
  6.6932826e+00 2.6855555e-01 0.0000000e+00 0.0000000e+00 0.0000000e+00
  4.8135800e+00 1.6780242e-02 2.7545173e+00 3.2563508e+00 7.7064085e-01
  1.0460526e+00 1.0392721e+00 0.0000000e+00 2.6843143e+00 9.0931171e-01
  2.6781719e+00 1.6551402e+00 4.3480949e+00 2.0841880e+00 5.0129299e+00
  1.4148976e+00 3.9282503e+00 2.3294705e-01 2.1580284e+00 0.0000000e+00
  1.0949507e+00 2.2131748e+00 9.6116620e-01 1.4952800e+00 2.2425656e+00
  6.9329649e-01 4.7476788e+00 1.9142024e-01 1.8926369e+01 1.2022364e+01
  3.2325876e+00 2.4268086e+00 1.9504548e+00 1.1378855e+00 2.2590333e-01
  1.0676939e+00 8.2629585e+00 3.5698032e+00 6.0790467e+00 1.1881352e+01
  5.9743232e-01 9.9478159e-03 1.5582874e+00 0.0000000e+00 1.0623178e+01
  3.2059199e-01 2.1330173e+00 4.1563859e+00 1.4160737e+00 1.3504046e-01
  1.3950276e+00 1.1119040e+01 1.7256546e-01 4.5164032e+00 2.1170163e+00
  1.3451160e+00 6.6421771e-01 0.0000000e+00 5.1033359e+00 0.0000000e+00
  4.5696568e-01 9.6528858e-01 5.6603599e-01 1.8920196e+00 1.1172507e+00
  6.6327107e-01 8.5386294e-01 2.9665570e+00 1.3588940e+00 1.9821496e+00
  2.4682856e+00 6.1364555e+00 2.5345421e+00 2.0430229e+00 3.3145058e+00
  1.3134512e+00 4.7755811e-02 6.9484633e-01 0.0000000e+00 4.3430880e-01
  2.7057991e+00 7.8353673e-01 0.0000000e+00 1.4428263e+00 1.1792290e-01
  1.8463024e+00 1.5507816e+00 1.1141742e+00 2.0648365e+00 1.0999191e+00
  1.5064199e-01 2.0495379e+00 1.8560307e+00 2.7481040e-01 1.1802523e+00
  2.4622166e+00 4.6319425e-01]]