[[1.49996126e+00 2.21411395e+00 1.57739568e+00 1.58092511e+00
  1.54441059e-01 2.89886785e+00 3.65076900e+00 7.31523156e-01
  1.70586431e+00 4.67470676e-01 3.67343664e+00 7.50448406e-01
  2.00435519e+00 4.77892113e+00 7.06646919e-01 3.22126555e+00
  6.63499832e-02 3.27375722e+00 5.85093164e+00 7.99013233e+00
  4.24593478e-01 4.84362316e+00 2.03716612e+00 6.09620690e-01
  5.09751856e-01 5.39474344e+00 9.93139386e-01 8.85438696e-02
  1.17776251e+00 2.66115189e+00 1.25913054e-01 4.88686532e-01
  4.70153141e+00 6.41626644e+00 4.67456460e-01 5.33277631e-01
  4.82357454e+00 3.94860446e-01 2.06924987e+00 8.15383434e-01
  1.33358562e+00 5.71746206e+00 3.62085772e+00 9.36444187e+00
  3.06704491e-01 4.34191799e+00 1.84960783e+00 2.04402184e+00
  4.55116361e-01 2.77858448e+00 3.04425979e+00 2.26485968e+00
  3.87885898e-01 2.77596736e+00 6.99526644e+00 2.31611180e+00
  1.85556114e+00 2.85494566e+00 1.44291237e-01 9.45476055e-01
  6.88949776e+00 7.09505177e+00 9.23876667e+00 9.88900185e+00
  3.96501839e-01 5.64860487e+00 2.47589731e+00 4.52087355e+00
  5.00773573e+00 6.28024340e+00 2.80899256e-01 2.68209434e+00
  1.01926160e+00 6.39154434e+00 1.24887598e+00 3.24655533e+00
  2.61152446e-01 6.18234649e-02 5.32203722e+00 9.14957166e-01
  2.17333150e+00 1.58812726e+00 1.78748941e+00 8.76795202e-02
  1.41471872e+01 8.91240883e+00 2.48374958e-02 2.05771136e+00
  1.95968553e-01 2.30565524e+00 1.18885946e+01 6.96393967e+00
  2.23480844e+00 1.08020477e+01 4.52776289e+00 8.75327647e-01
  2.48596048e+00 9.12988484e-01 2.90266013e+00 3.36021805e+00
  1.14557683e+00 6.37548256e+00 2.02290916e+00 4.05197382e+00
  9.92942631e-01 4.62730646e+00 3.61669540e+00 1.42107797e+00
  7.91387081e+00 6.66519165e-01 2.40034282e-01 2.18272424e+00
  3.27429199e+00 2.61873436e+00 2.90070713e-01 3.28966498e+00
  3.41745567e+00 8.17866683e-01 6.71996474e-01 3.14927483e+00
  1.01503181e+00 1.86993778e-01 6.00220299e+00 1.90363204e+00
  1.06646070e+01 7.12137032e+00 0.00000000e+00 1.40765786e-01
  4.01919901e-01 2.23495388e+01 2.84638047e+00 1.05924978e+01
  1.99756489e+01 1.53074652e-01 9.82799351e-01 2.58560872e+00
  4.56589609e-01 2.79147577e+00 2.25763893e+00 1.56552839e+00
  1.49044907e+00 3.64533305e+00 3.48770380e-01 5.66704845e+00
  1.69088840e+00 1.74226749e+00 3.02822471e+00 3.45556760e+00
  1.30594957e+00 2.99689555e+00 1.58079374e+00 2.23738647e+00
  5.11763573e+00 5.03666830e+00 6.65400386e-01 2.00661957e-01
  2.40974784e+00 5.59683847e+00 2.06239700e+00 1.78612316e+00
  9.77910233e+00 5.21712637e+00 4.21054554e+00 7.23188460e-01
  1.09169731e+01 7.12114429e+00 1.48529088e+00 3.98193985e-01
  9.01328325e-01 2.82244325e-01 7.78187084e+00 5.16910028e+00
  2.41469479e+00 3.78033924e+00 2.13906273e-01 3.74861622e+00
  7.81686592e+00 1.62905380e-01 7.99226701e-01 6.89050055e+00
  6.92205334e+00 2.71224189e+00 9.51109409e+00 2.87890375e-01
  4.12309599e+00 1.38927448e+00 6.42935693e-01 7.54026413e+00
  5.73950386e+00 2.93558645e+00 3.88890100e+00 0.00000000e+00
  7.63111413e-01 7.54649925e+00 1.54886878e+00 1.84372747e+00
  3.36852026e+00 1.08880415e+01 1.14759743e+00 2.72330213e+00
  1.13765783e+01 2.78798652e+00 4.48173255e-01 1.09427524e+00
  9.09498215e+00 3.09317803e+00 2.27384996e+00 2.35350862e-01
  1.15281832e+00 1.34376879e+01 4.90794754e+00 5.30874157e+00
  1.35269070e+00 4.22819471e+00 2.37273619e-01 6.04522085e+00
  2.59744930e+00 4.02138042e+00 1.39657044e+00 2.12899709e+00
  2.58549380e+00 6.15326881e+00 8.61111701e-01 1.09850395e+00
  2.73311555e-01 1.08197832e+00 9.71190929e+00 1.67872822e+00
  7.15719163e-01 1.59907591e+00 4.81820297e+00 2.26787782e+00
  1.27682650e+00 9.81890619e-01 4.52691031e+00 4.26638156e-01
  4.05295312e-01 4.95914841e+00 1.50874123e-01 1.29366589e+00
  9.41017151e-01 5.61240971e-01 2.88593769e-01 3.28216016e-01
  1.55762959e+00 4.18726873e+00 9.24243355e+00 7.16852069e-01
  3.88623357e+00 2.92330146e+00 3.78056312e+00 2.99710679e+00
  3.50251794e-01 2.56318259e+00 6.95464325e+00 0.00000000e+00
  0.00000000e+00 5.73790026e+00 1.39163094e+01 5.25952768e+00
  4.38670683e+00 1.89257681e-01 0.00000000e+00 1.39483061e+01
  7.13656950e+00 2.20245051e+00 1.10021913e+00 1.34708202e+00
  6.20144701e+00 2.38698021e-01 4.49409437e+00 2.49814652e-02
  5.85786998e-01 7.72103453e+00 6.46374035e+00 7.43280792e+00
  1.83183689e+01 1.24884740e-01 2.60277182e-01 1.59428763e+00
  9.86308002e+00 1.13167298e+00 2.17521977e+00 5.98664904e+00
  4.23535013e+00 1.22659586e-01 4.15519047e+00 4.43702984e+00
  2.11342216e+00 9.01179731e-01 0.00000000e+00 1.22316527e+00
  1.25898576e+00 3.48398733e+00 5.93460894e+00 2.30325150e+00
  0.00000000e+00 4.66882974e-01 2.93986225e+00 2.78968304e-01
  1.73609972e+00 1.24694991e+00 8.49427462e-01 2.60482550e-01
  6.66483402e+00 1.19984827e+01 7.52209425e-01 3.73474121e-01
  2.70344782e+00 0.00000000e+00 5.59479761e+00 1.08947086e+00
  2.07845592e+00 2.80633736e+00 8.27229500e+00 7.83817053e-01
  3.60374665e+00 4.10160017e+00 2.12252712e+00 1.21006405e+00
  1.57792635e+01 7.80348253e+00 5.15489244e+00 3.10393143e+00
  6.51581407e-01 2.49359369e+00 4.65874243e+00 2.47851872e+00
  2.24115539e+00 0.00000000e+00 1.46274102e+00 1.30706577e+01
  2.57452369e+00 4.68299478e-01 4.06753778e+00 4.83096266e+00
  3.00320745e+00 5.81428146e+00 8.19841802e-01 4.78873062e+00
  2.09244299e+00 1.85372472e+00 4.07991028e+00 3.54688019e-01
  2.61810493e+00 6.40768433e+00 4.47937489e+00 2.64003086e+00
  8.77060413e-01 1.01905279e-01 2.67101645e-01 9.04240727e-01
  5.65034628e-01 5.55392790e+00 7.01646185e+00 2.14286995e+00
  1.07973605e-01 6.87610865e+00 3.86916876e-01 5.33846557e-01
  1.16661291e+01 9.65315819e-01 9.09654713e+00 4.64231586e+00
  1.10893402e+01 1.49715769e+00 2.43079090e+00 2.39563870e+00
  1.34012747e+00 5.13374186e+00 3.75740957e+00 1.13776433e+00
  1.32619314e+01 3.54269242e+00 2.16004658e+00 3.66869068e+00
  1.23680105e+01 9.15603447e+00 1.01839149e+00 6.95103121e+00
  8.65220642e+00 7.15351522e-01 3.93985868e+00 3.44930619e-01
  5.79896212e-01 2.73691750e+00 1.98464602e-01 3.65764618e-01
  3.30834627e+00 2.02803421e+00 3.96915197e+00 1.03822336e+01
  4.13243151e+00 8.06311703e+00 6.23548746e+00 4.93294144e+00
  3.27231264e+00 1.93589616e+00 3.80444616e-01 4.67823297e-01
  9.69372511e-01 4.99725628e+00 3.22049201e-01 5.43164206e+00
  6.60930729e+00 6.91753340e+00 5.09319484e-01 1.05112553e+01
  1.17818320e+00 3.27320528e+00 1.61928642e+00 4.53194332e+00
  0.00000000e+00 4.66645479e+00 1.03505635e+00 4.05128050e+00
  6.16536856e+00 1.28578037e-01 1.08004773e+00 4.34715748e+00
  1.00911427e+01 0.00000000e+00 5.17388248e+00 5.44009542e+00
  8.35724175e-01 1.35332549e+00 8.98199463e+00 1.15005217e+01
  0.00000000e+00 2.52435851e+00 1.95143461e-01 3.61006665e+00
  7.44438219e+00 2.47609186e+00 0.00000000e+00 1.88650560e+00
  3.01471663e+00 1.26574004e+00 8.51341486e-02 2.73113060e+00
  1.87459528e+00 1.36300653e-01 0.00000000e+00 6.60709944e-03
  2.57116032e+00 5.55744791e+00 5.63984299e+00 2.23387098e+00
  5.24621725e+00 1.99805766e-01 0.00000000e+00 5.30954933e+00
  3.42141652e+00 4.79610062e+00 4.19232893e+00 7.54954517e-01
  9.21545506e-01 1.72358263e+00 3.60051680e+00 8.13873959e+00
  1.57652605e+00 1.63306570e+00 2.19905496e-01 3.26937461e+00
  3.74583066e-01 2.73524904e+00 1.19506693e+00 1.63899291e+00
  1.24349766e+01 5.83222032e-01 5.18011712e-02 1.64055824e+00
  2.08668852e+00 4.42410278e+00 2.60470342e-03 1.36861897e+00
  1.75417855e-01 3.34658241e+00 1.95436502e+00 5.47178745e+00
  2.11711138e-01 4.19726938e-01 1.45249799e-01 2.97979116e+00
  3.28092545e-01 5.23109293e+00 2.90079761e+00 2.15383068e-01
  3.47802329e+00 6.18990421e+00 2.32271862e+00 1.31862962e+00
  2.16176486e+00 2.37051904e-01 7.23281193e+00 3.86546707e+00
  1.47747269e+01 6.69264555e+00 1.09379017e+00 8.21859837e+00
  6.09450865e+00 2.49047136e+00 1.08752239e+00 5.01842690e+00
  9.22776794e+00 5.30209959e-01 6.37049389e+00 0.00000000e+00
  3.12684608e+00 3.24432343e-01 1.10045710e+01 1.59380448e+00]]