[[2.05976844e+00 7.13999152e-01 1.39188433e+00 3.16153884e-01
  8.41078281e-01 9.32107806e-01 6.03435278e+00 1.05232458e+01
  6.37544692e-01 1.26796365e+00 9.02208388e-01 9.04223621e-01
  1.60587156e+00 1.97189772e+00 1.35546172e+00 1.81622553e+00
  0.00000000e+00 2.74887919e+00 0.00000000e+00 4.05664492e+00
  8.08032513e-01 1.44506626e+01 3.88416576e+00 2.33572221e+00
  1.05232918e+00 7.47004509e-01 2.41957974e+00 1.22666255e-01
  2.05387592e+00 1.04697204e+00 3.96512955e-01 3.79291326e-02
  3.43276882e+00 2.46580720e+00 6.52737260e-01 3.37890685e-02
  5.36208034e-01 0.00000000e+00 6.09888124e+00 2.59009290e+00
  1.09261966e+00 4.77932072e+00 9.20404339e+00 8.65230656e+00
  0.00000000e+00 5.12854904e-02 5.29779434e+00 2.79456705e-01
  5.96507597e+00 2.43938017e+00 5.25206852e+00 3.80427361e+00
  0.00000000e+00 2.69590974e+00 3.32747817e+00 6.96646118e+00
  4.83437252e+00 2.58273911e+00 7.30714083e-01 0.00000000e+00
  1.24076939e+00 4.49487162e+00 1.56146040e+01 9.73300648e+00
  4.61770922e-01 7.40011597e+00 7.04740226e-01 4.09507656e+00
  2.00042263e-01 3.48472190e+00 5.15907049e+00 4.07667398e+00
  5.73298991e-01 7.30284166e+00 3.62352729e-01 1.21947968e+00
  7.24114895e-01 1.52060497e+00 8.10432017e-01 1.28642762e+00
  6.45205379e-01 1.92120874e+00 3.28014135e-01 0.00000000e+00
  8.60446072e+00 4.71857214e+00 7.73373663e-01 0.00000000e+00
  8.11032355e-02 3.29603601e+00 4.57741737e+00 9.21094418e+00
  6.98790908e-01 1.00285740e+01 3.78469348e+00 2.38305235e+00
  9.68100071e-01 1.38724077e+00 3.60677505e+00 1.69234768e-01
  1.47071671e+00 4.68419361e+00 1.26311808e+01 3.56667161e+00
  0.00000000e+00 3.09111810e+00 2.02841115e+00 2.50100112e+00
  4.49255228e+00 1.71180177e+00 0.00000000e+00 1.43950349e-02
  0.00000000e+00 3.66235423e+00 0.00000000e+00 2.26872587e+00
  3.99581409e+00 1.23060860e-01 2.74198008e+00 3.39882374e+00
  3.78760427e-01 4.05730581e+00 1.21438956e+00 2.02535534e+00
  4.03838158e+00 7.51945734e+00 1.91084854e-02 0.00000000e+00
  2.98940301e-01 1.24490585e+01 3.72140348e-01 7.50317872e-01
  8.62192917e+00 1.85332382e+00 0.00000000e+00 1.15369785e+00
  1.85626477e-01 2.69247341e+00 3.37561989e+00 3.42686367e+00
  1.32992697e+00 1.27366590e+00 5.30317664e-01 2.56397724e+00
  2.22786140e+00 1.92309260e+00 8.06075001e+00 2.19431609e-01
  1.10476065e+00 2.69732326e-02 1.44581389e+00 0.00000000e+00
  3.54789495e-01 0.00000000e+00 1.15786910e+00 1.80720830e+00
  1.04705083e+00 1.44826066e+00 4.71422791e-01 0.00000000e+00
  8.00793767e-02 1.85846138e+00 2.46359730e+00 1.10960639e+00
  4.95078897e+00 1.46764827e+00 2.49775052e+00 2.57348394e+00
  0.00000000e+00 2.01849556e+00 3.65942746e-01 1.22545171e+00
  1.48175116e+01 4.09066156e-02 6.19654894e-01 1.48822308e+00
  3.06508875e+00 1.77732974e-01 1.19782228e+01 5.18002033e+00
  1.85932207e+00 2.25506473e+00 1.04000864e+01 0.00000000e+00
  2.33109975e+00 1.20824289e+00 9.41367817e+00 5.50526798e-01
  5.92713594e+00 2.05582571e+00 4.61757278e+00 0.00000000e+00
  8.04851532e+00 3.35400724e+00 1.60220945e+00 4.56305861e-01
  3.37167978e-01 0.00000000e+00 9.40060735e-01 0.00000000e+00
  7.63702250e+00 3.70544314e-01 0.00000000e+00 2.71558225e-01
  4.28421974e+00 2.59135818e+00 1.43174175e-02 2.19128162e-01
  2.28161961e-01 2.59909496e+01 2.03050661e+00 2.70589280e+00
  1.15577757e-01 1.14116514e+00 4.65883881e-01 1.03516757e+00
  6.52882457e-02 2.57101804e-01 3.95324230e-01 1.65659332e+00
  8.61000156e+00 3.34863305e+00 3.36357689e+00 1.28839958e+00
  2.04934096e+00 1.89609635e+00 1.95644081e+00 1.22946763e+00
  5.11655140e+00 6.94418788e-01 5.78853321e+00 6.64407313e-01
  7.22798705e-01 1.89443946e-01 2.99900842e+00 7.01381922e-01
  7.18356550e-01 8.60216331e+00 0.00000000e+00 3.45869064e-01
  1.48724079e-01 1.94203866e+00 1.05701268e+00 1.33416605e+00
  2.74338692e-01 1.29141560e+01 6.63101959e+00 2.82923603e+00
  2.00899220e+00 2.58036137e+00 8.09137464e-01 8.92502844e-01
  4.10407972e+00 8.07169020e-01 7.61966944e+00 1.96370527e-01
  3.32371861e-01 2.33116722e+00 8.21178246e+00 1.68066096e+00
  4.23968792e+00 0.00000000e+00 2.34622777e-01 6.23079205e+00
  2.45509958e+00 4.16246176e+00 0.00000000e+00 7.37062359e+00
  2.29967928e+00 4.07291025e-01 1.99578106e+00 0.00000000e+00
  1.87983859e+00 8.60556984e+00 6.37477636e+00 2.82051682e+00
  1.71395531e+01 1.58302963e-01 2.12397128e-01 4.78935152e-01
  1.08557377e+01 6.01024771e+00 6.69841528e+00 7.70516098e-02
  4.31150293e+00 4.39991802e-01 2.24714231e+00 3.01676536e+00
  3.83151126e+00 7.54575443e+00 0.00000000e+00 1.38045156e+00
  3.10432583e-01 1.01186190e+01 7.44729042e+00 0.00000000e+00
  3.80892336e-01 7.97519445e-01 4.53799218e-01 0.00000000e+00
  3.12946057e+00 0.00000000e+00 4.87474233e-01 0.00000000e+00
  1.72534680e+00 5.39210987e+00 8.84590626e+00 0.00000000e+00
  1.56968653e+00 1.49121284e-01 6.91932976e-01 1.74477267e+00
  1.91874576e+00 2.55466819e+00 7.92087173e+00 5.73097527e-01
  9.75495934e-01 5.09514332e+00 1.94194400e+00 2.37876505e-01
  7.99330664e+00 2.53923059e+00 2.75877786e+00 2.92302752e+00
  4.08251905e+00 1.97999203e+00 7.55171537e+00 4.13756561e+00
  1.93743861e+00 1.40583038e-01 1.11424737e-01 9.45343781e+00
  3.50773501e+00 8.51171434e-01 4.45048237e+00 3.39421773e+00
  3.80132103e+00 1.10576308e+00 1.48852503e+00 1.99913704e+00
  2.71196413e+00 1.84865868e+00 2.20860100e+00 2.72934914e+00
  1.05961084e+00 3.60609460e+00 6.06619835e+00 1.07190645e+00
  1.74058163e+00 0.00000000e+00 0.00000000e+00 0.00000000e+00
  1.86448550e+00 1.84861672e+00 3.28294158e+00 1.43856895e+00
  0.00000000e+00 6.86495972e+00 7.95767963e-01 0.00000000e+00
  1.07973356e+01 4.71785329e-02 0.00000000e+00 1.63498974e+00
  3.80255342e+00 1.29293835e+00 9.11011314e+00 0.00000000e+00
  4.42727119e-01 2.81081170e-01 2.68164706e+00 1.37890148e+00
  5.47089052e+00 9.11206782e-01 3.03293109e-01 3.06998420e+00
  4.07800943e-01 6.76090145e+00 1.22161388e+00 2.76959157e+00
  6.89465904e+00 5.68549514e-01 2.12493920e+00 2.09929299e+00
  1.34519041e+00 3.05731010e+00 1.45931339e+00 2.67154396e-01
  2.44420600e+00 1.48245382e+00 1.44840097e+00 2.40988326e+00
  3.59539151e+00 5.25322139e-01 1.12742591e+00 3.80179787e+00
  1.69699657e+00 8.51042986e-01 2.79570651e+00 1.38612485e+00
  1.40914202e+00 1.31246996e+01 0.00000000e+00 8.39963734e-01
  4.97219515e+00 1.75209844e+00 3.95809978e-01 1.33012950e+00
  9.72108543e-01 0.00000000e+00 1.42435920e+00 1.20867765e+00
  0.00000000e+00 4.23304796e+00 1.78582048e+00 5.52928090e-01
  1.54763675e+00 1.04203403e+00 8.98821175e-01 9.78538692e-01
  3.28439832e+00 4.58898902e-01 8.82453442e-01 2.16846943e+00
  1.69971824e-01 0.00000000e+00 9.43215656e+00 5.67765951e+00
  0.00000000e+00 1.99493015e+00 1.07041121e+00 1.47290361e+00
  7.77149916e+00 3.21204042e+00 0.00000000e+00 2.25743508e+00
  1.67153373e-01 4.15827274e+00 1.35334238e-01 2.05486465e+00
  1.01018536e+00 7.13017821e-01 2.73793377e-02 3.27805668e-01
  1.03518164e+00 2.24436069e+00 2.56280589e+00 1.61310124e+00
  2.66028070e+00 6.66852057e-01 0.00000000e+00 2.05357552e+00
  1.12385607e+00 2.25914940e-01 4.01341200e+00 2.41105914e-01
  6.73993230e-01 3.74963164e+00 1.61198348e-01 7.61965799e+00
  1.14386058e+00 1.17827863e-01 3.07569265e-01 1.36267304e+00
  0.00000000e+00 7.01755360e-02 5.55716939e-02 4.71475005e-01
  4.21145391e+00 1.05334449e+00 1.57457137e+00 2.98278117e+00
  2.90879607e+00 3.36395264e+00 1.46575618e+00 1.15463424e+00
  0.00000000e+00 2.03564739e+00 2.19833446e+00 5.59000587e+00
  5.37672877e-01 2.66663939e-01 1.05346896e-01 3.04976916e+00
  0.00000000e+00 8.20061803e-01 4.30742979e+00 9.92968231e-02
  1.30206180e+00 2.43926072e+00 2.04440641e+00 2.97374845e+00
  0.00000000e+00 1.08805456e+01 1.63601279e+00 2.01684546e+00
  2.02592087e+00 2.18290687e+00 2.72851467e+00 4.32618284e+00
  6.29169321e+00 7.16908991e-01 3.12246943e+00 2.22549033e+00
  5.83973980e+00 2.06729245e+00 2.96488953e+00 1.76358372e-01
  3.11717319e+00 1.29935637e-01 7.11023092e+00 2.24751353e+00]]