[[2.2539158e+00 9.9877620e-01 3.5337588e-01 1.0325906e+00 1.9944271e-01
  4.0332870e+00 4.5944943e+00 1.9372330e+00 2.1354127e+00 2.0353942e+00
  1.8614273e+00 4.1151881e-01 5.2202873e+00 5.9851036e+00 0.0000000e+00
  1.0754544e+01 2.4012767e-01 7.6356691e-01 3.9033359e-01 1.6820996e+00
  5.5729651e-01 3.2865734e+00 2.2267723e+00 1.8121382e+00 5.1314807e-01
  1.8836741e+00 8.9545403e+00 7.0464668e+00 3.8911376e+00 3.3699820e+00
  1.2694297e+00 1.4406826e-01 3.4459810e+00 2.9720337e+00 2.2795012e+00
  0.0000000e+00 4.4223559e-01 1.0212976e+00 4.5969887e+00 1.2533437e+00
  5.1054311e+00 4.3461075e+00 3.9269712e+00 5.6685319e+00 0.0000000e+00
  5.1310616e+00 5.8554024e-01 0.0000000e+00 7.9670620e-01 0.0000000e+00
  6.9603052e+00 7.8302498e+00 8.5738075e-01 2.4381237e+00 1.7174575e+00
  1.1524200e+00 7.2248411e+00 2.2285993e+00 9.4555521e-01 0.0000000e+00
  2.6836834e+00 8.2555923e+00 1.1354793e+01 5.3175778e+00 7.8455552e-02
  6.0413041e+00 4.3637123e+00 7.0531267e-01 3.6499128e+00 3.8272593e+00
  1.8865404e+01 7.7110901e+00 1.1274608e+00 1.1158501e+01 6.6068703e-01
  1.8452108e+00 4.2383938e+00 3.3337688e+00 1.9952557e+00 1.3563982e-01
  1.8107487e+00 7.4831285e-02 1.8128450e+00 2.6442054e-01 1.4961217e+01
  5.2996135e+00 7.7813369e-01 2.1773860e+00 3.8125813e-01 9.3021828e-01
  2.6493022e+00 1.1698800e+01 1.3178450e+00 2.0387340e-02 3.5361331e+00
  5.3640574e-01 1.0156505e-01 0.0000000e+00 5.0870144e-01 9.1256332e+00
  1.2050973e+00 7.3800025e+00 2.9463261e-01 6.3969684e+00 0.0000000e+00
  6.5379176e+00 4.1316271e+00 1.9459279e+00 6.6234560e+00 4.0236431e-01
  1.2837045e+00 2.0763531e+00 6.5581888e-01 3.1332388e+00 1.5680258e-01
  6.0964543e-03 8.1485653e+00 1.1448294e-01 2.3266466e+00 6.4379802e+00
  7.4284509e-02 2.6728983e+00 1.2198417e+00 5.5594177e+00 2.9370279e+00
  1.0386002e+01 7.0145541e-01 1.5392342e-01 2.7941122e+00 9.2457275e+00
  4.2333479e+00 2.1601210e+00 3.2451551e+00 5.8387655e-01 8.1394053e-01
  2.5646427e+00 5.8412772e-01 1.9187165e+00 5.8146119e-01 2.2409768e+00
  2.4988718e+00 1.0149019e+00 3.6720654e-01 7.1002645e+00 1.9181113e+00
  1.0856390e+00 1.3783959e+00 0.0000000e+00 0.0000000e+00 5.0192034e-01
  0.0000000e+00 6.8207365e-01 1.6157012e+00 1.7470776e+00 1.3545935e+00
  1.4477016e+00 8.1356758e-01 5.9601545e+00 4.7040911e+00 2.5250385e+00
  5.1174641e+00 2.6196058e+00 6.5748630e+00 4.1731980e-02 3.2154644e+00
  4.4899316e+00 7.7222115e-01 1.9333982e+00 7.4643469e-01 0.0000000e+00
  8.4885731e+00 4.2202921e+00 5.8322668e+00 2.4177485e+01 3.9782341e+00
  1.9549830e+00 4.8266268e+00 1.6786566e+00 6.8036218e+00 1.3294777e+01
  2.3209124e+00 4.1955876e-01 5.3869343e+00 2.5947657e-01 4.0598164e+00
  2.0397387e+00 1.9408590e+00 4.5986600e+00 2.1770501e+00 6.5826945e+00
  4.0588279e+00 0.0000000e+00 4.7524328e+00 3.4372349e+00 1.0588714e+00
  2.4560357e-02 6.0089159e+00 4.5156560e+00 0.0000000e+00 8.4408933e-01
  3.6827736e+00 2.7086363e+00 2.8360566e-02 4.8846378e+00 7.2901421e+00
  7.4184046e+00 1.0497354e-01 2.4459100e+00 7.0529804e-02 6.4603081e+00
  2.0840710e-01 3.6206524e+00 2.0467281e+00 7.1748155e-01 7.5870132e-01
  3.0121496e-01 3.2181606e+00 7.7514386e-01 1.4164377e+00 2.1862808e-01
  8.2910889e-01 6.4519491e+00 4.6499834e+00 5.8170485e+00 8.2618415e-01
  6.5154524e+00 4.5712180e+00 1.4933730e+00 2.9499052e+00 2.0283482e+00
  7.0512667e-02 8.6925668e-01 4.3403485e-01 2.3941953e+00 4.8605356e-01
  2.1501853e+00 2.7767982e+00 8.8998041e+00 1.5116968e+00 5.1487863e-01
  6.9540864e-01 2.8700927e-01 3.3416882e+00 7.0937395e+00 1.9114670e+00
  1.0692969e+01 8.6697102e+00 5.5470805e+00 2.3084276e+00 4.8117042e-01
  1.4245553e+00 2.2381625e+00 1.3804455e+00 4.1936817e+00 1.3882097e+00
  3.5098328e-03 4.6165255e-01 3.8967755e+00 7.4957852e+00 7.3880568e+00
  2.9073405e+00 5.4766154e-01 0.0000000e+00 1.1432514e+01 1.1222157e+01
  3.8777119e-01 5.5742234e-01 3.1674609e+00 1.0741759e+01 1.4766347e-01
  2.6253450e+00 0.0000000e+00 4.6243019e+00 3.7743785e+00 3.6066191e+00
  4.6649928e+00 1.3422204e+01 3.3006663e+00 4.8535429e-02 0.0000000e+00
  6.5497699e+00 9.5802909e-01 7.6286364e+00 2.0133374e+00 3.1083750e-02
  0.0000000e+00 7.6439482e-01 6.7996383e+00 4.6359310e+00 1.2402188e+00
  0.0000000e+00 8.5461915e-01 9.1994405e-01 4.9917812e+00 3.6633322e+00
  4.0181575e+00 4.9746975e-01 9.0349734e-01 0.0000000e+00 0.0000000e+00
  0.0000000e+00 9.2525297e-01 1.9151682e+01 1.7191888e-01 5.0524650e+00
  7.8877702e+00 1.8492547e+00 3.7556791e-01 1.6022310e-01 0.0000000e+00
  3.9812646e+00 1.4387046e-01 4.3553251e-01 5.0776272e+00 7.6389521e-01
  1.2720501e-01 1.9886500e+00 1.0736476e+01 6.9975405e+00 3.0706024e+00
  1.3736968e+01 3.4898376e+00 1.7959176e-01 1.0698158e+00 2.3512378e+00
  5.2335944e+00 1.1900009e+00 3.8617330e+00 3.4240112e+00 1.4413227e+00
  1.6353939e-01 2.9538267e+00 9.2330952e+00 1.4534993e+00 3.3768148e+00
  1.6415950e+00 5.4603372e+00 7.6246691e+00 2.4737670e-01 2.2935575e-01
  2.9332211e+00 2.2425804e+00 1.6599803e+00 0.0000000e+00 4.1783595e+00
  9.8550755e-01 3.2974536e+00 4.9733806e+00 5.1357019e-01 6.3547394e-03
  1.1117592e-01 1.5852576e+00 2.6672902e+00 4.0294480e+00 2.2931335e+00
  9.1845669e-02 1.9683375e+00 4.2888312e+00 1.8777808e+00 3.2664602e+00
  3.0028119e+00 6.9789481e-01 9.2578907e+00 5.0254397e+00 2.1111159e+00
  1.4046564e+00 8.3743544e+00 3.7663300e-02 8.9212471e-01 4.4891044e-02
  5.4022975e+00 4.0606549e-01 7.3610940e+00 5.6559074e-01 7.3501104e-01
  5.5446310e+00 3.9271588e+00 8.1578121e+00 7.1529069e+00 5.2500949e+00
  1.1435751e+00 6.8593037e-01 6.3718671e-01 1.2241873e+00 4.0206161e+00
  2.0331991e+00 1.3693832e+00 0.0000000e+00 1.5344249e+00 5.8539724e-01
  5.0458735e-01 1.1097831e+00 6.5934343e+00 4.0329334e-01 2.4047801e+00
  3.4986763e+00 1.0595128e+01 1.6044129e+00 1.7138631e+00 3.1994729e+00
  3.3834364e+00 4.9487553e+00 1.2286233e-01 5.0391793e+00 2.4337349e+00
  1.5156020e+00 1.4860394e+00 1.4344033e+00 1.2797908e-01 2.7939272e-01
  5.9451861e+00 1.4755116e+00 1.2531973e-02 1.9880805e+00 3.4183112e-01
  3.0038741e+00 3.9474344e+00 6.7881292e-01 1.1946028e+00 2.7533526e+00
  5.0520310e+00 1.5848461e-01 8.1454670e-01 6.2364745e+00 2.0888395e+00
  1.9857966e+00 2.2928666e-01 4.5111489e+00 4.5144781e-01 6.2034470e-01
  2.1040764e+00 1.3167882e+00 4.1823869e+00 1.8015807e+00 1.8887600e-01
  1.4449573e-01 4.6479923e-01 4.8126225e+00 7.5319499e-01 6.6979527e-01
  3.8254812e+00 2.9209155e-01 1.5702921e+00 3.3783236e+00 1.6144531e+00
  3.9023495e+00 1.3854721e+00 9.8470557e-01 2.1411967e+00 3.3490816e-01
  2.6632780e-02 5.0988026e+00 2.8869505e+00 2.6877022e+00 3.2899342e+00
  5.7935542e-01 2.0144770e+01 2.2092290e+00 4.7995653e+00 3.4300392e+00
  7.9589504e-01 5.9459096e-01 8.5004991e-01 7.7676344e-01 0.0000000e+00
  3.2697978e+00 7.2398597e-01 2.1745176e+00 2.3647468e+00 3.7518871e-01
  7.4344401e+00 9.0953881e-01 2.9893634e+00 5.8296566e+00 2.5629735e-01
  1.6935657e+00 1.4465373e+00 2.3193135e+00 8.6001844e+00 6.2331414e+00
  6.7515802e-01 8.2473052e-01 1.1830053e+00 0.0000000e+00 0.0000000e+00
  8.1920300e+00 7.3537407e+00 1.8615912e-01 0.0000000e+00 8.1035405e-01
  1.2519642e+00 2.4183242e-01 1.3315217e+00 7.5835710e+00 3.9194027e-01
  1.9068447e+00 3.5668771e+00 1.6774321e+01 1.6393993e+00 2.5906096e+00
  6.4410639e+00 4.2416081e-01 1.0458989e+01 2.1055107e+00 9.6394081e+00
  1.9040141e+00 6.0185018e+00 8.3642244e-01 1.3968446e+00 1.7826616e+00
  7.3823404e+00 5.0947256e+00]]