[[4.25578773e-01 7.82262981e-01 2.11989260e+00 9.15634334e-01
  8.27473700e-02 2.97765541e+00 5.58890247e+00 4.82067204e+00
  1.16769388e-01 4.47891027e-01 2.45572281e+00 1.91573548e+00
  1.40149999e+00 2.48912954e+00 0.00000000e+00 7.02314901e+00
  4.38007057e-01 8.22485805e-01 1.44268322e+00 6.44069767e+00
  2.52849191e-01 8.49946880e+00 6.53549671e-01 1.07603681e+00
  2.41451208e-02 2.07545662e+00 5.69008446e+00 6.67130947e+00
  1.60365808e+00 2.62405062e+00 1.60308734e-01 0.00000000e+00
  4.95991468e+00 2.54294133e+00 1.05755532e+00 6.94040418e-01
  0.00000000e+00 2.76365221e-01 1.07196817e+01 1.96559656e+00
  1.53720403e+00 4.21078157e+00 2.16759109e+00 7.30991745e+00
  0.00000000e+00 4.50609970e+00 1.89479768e+00 2.47334814e+00
  2.72575974e+00 0.00000000e+00 4.26420085e-02 4.34515715e+00
  3.16159934e-01 1.94370520e+00 7.00142384e-01 3.76113272e+00
  2.99161386e+00 2.03597546e+00 8.78101885e-01 1.01535201e+00
  4.14319086e+00 4.03491688e+00 4.99938917e+00 5.82148981e+00
  1.95326284e-01 1.89490652e+00 2.40885592e+00 1.97799373e+00
  4.91958141e+00 4.56600475e+00 1.25939298e+00 1.41219449e+00
  0.00000000e+00 4.72901630e+00 1.45389497e+00 7.58275688e-01
  8.64386201e-01 3.48274922e+00 6.13456678e+00 0.00000000e+00
  1.83714032e+00 1.96602321e+00 7.24349499e+00 3.51407975e-01
  5.44552755e+00 8.27738953e+00 0.00000000e+00 6.05023205e-02
  1.23954642e+00 4.23405208e-02 5.81110477e+00 6.93096876e+00
  0.00000000e+00 4.91424799e+00 4.26523638e+00 3.58165503e-01
  1.81871903e+00 1.28291261e+00 2.39869595e+00 3.71676207e+00
  9.92988050e-02 4.17405462e+00 1.13231363e+01 6.14842939e+00
  0.00000000e+00 1.70858872e+00 2.86993217e+00 7.28898048e-01
  7.36872959e+00 2.11286306e+00 2.71418786e+00 1.05038807e-01
  6.49142027e-01 1.75515699e+00 4.56155360e-01 0.00000000e+00
  6.84343910e+00 9.45320964e-01 2.95489812e+00 2.63597941e+00
  6.18003309e-01 1.86237645e+00 2.23858476e+00 5.52853346e+00
  2.26965833e+00 7.47760868e+00 1.81183529e+00 0.00000000e+00
  1.09869123e+00 1.99039898e+01 1.73178470e+00 2.58597589e+00
  4.98697567e+00 2.13210893e+00 0.00000000e+00 1.79976976e+00
  1.35392606e+00 8.05989265e-01 1.24821007e+00 1.63962519e+00
  5.91452646e+00 5.06386399e-01 8.22548494e-02 9.84929180e+00
  3.15125012e+00 2.44696212e+00 2.84968090e+00 2.52691567e-01
  0.00000000e+00 7.53990710e-01 5.01970172e-01 2.86842585e+00
  2.36144090e+00 8.73453259e-01 3.76874208e-01 1.04495001e+00
  4.57303524e-01 4.70887393e-01 1.76862168e+00 5.76043367e+00
  1.01467408e-01 2.57482529e+00 4.06921291e+00 9.77509096e-02
  4.32800150e+00 5.69376469e+00 6.43577799e-02 3.71709633e+00
  3.54241192e-01 9.06329229e-02 1.81936359e+00 8.22526991e-01
  5.11992693e+00 1.10496206e+01 3.55691028e+00 3.53502584e+00
  3.72842574e+00 3.36608678e-01 1.67640038e+01 3.15985799e+00
  1.94044960e+00 9.94806707e-01 6.53719091e+00 7.82548428e-01
  2.10641217e+00 1.72547913e+00 2.10012078e+00 8.43909442e-01
  2.25667334e+00 1.94387138e+00 1.57950759e+00 0.00000000e+00
  7.23652124e-01 1.61187973e+01 0.00000000e+00 2.11282253e+00
  6.26783276e+00 8.51721287e-01 8.32164511e-02 3.83962482e-01
  5.67652798e+00 0.00000000e+00 0.00000000e+00 8.51698518e-01
  1.18678780e+01 6.53569603e+00 2.51022744e+00 1.61151004e+00
  2.29330492e+00 1.17315884e+01 1.29065502e+00 6.54446554e+00
  4.06068420e+00 4.11253023e+00 0.00000000e+00 1.59104002e+00
  1.15063655e+00 4.77866888e-01 2.01011136e-01 1.53237927e+00
  7.05767775e+00 1.39319503e+00 1.21235013e+00 1.98904979e+00
  3.54738027e-01 2.51706338e+00 5.69051456e+00 1.53859794e+00
  3.22577953e+00 8.08648586e-01 4.53584766e+00 2.03455403e-01
  0.00000000e+00 1.40191710e+00 3.53921413e+00 0.00000000e+00
  9.05873701e-02 1.06059475e+01 4.93678004e-01 1.60091743e-01
  3.03597927e-01 7.68401027e-01 1.64670324e+00 4.39105177e+00
  1.11499429e+00 8.92439079e+00 1.37072458e+01 4.87957430e+00
  6.09285414e-01 4.58217621e+00 1.04270267e+00 4.26961660e-01
  3.48626733e+00 1.43110251e+00 3.23649693e+00 0.00000000e+00
  3.51938748e+00 3.28714490e+00 2.41759300e+00 8.45439148e+00
  2.98225492e-01 8.27406287e-01 0.00000000e+00 4.18084478e+00
  6.45218945e+00 1.42859563e-01 0.00000000e+00 2.49493718e+00
  2.01846838e+00 1.36717343e+00 3.43638992e+00 0.00000000e+00
  2.22196007e+00 1.37096441e+00 0.00000000e+00 3.95323205e+00
  4.38514233e+00 2.08787131e+00 2.63689697e-01 7.70395875e-01
  3.89691734e+00 2.18280125e+00 7.79014647e-01 7.72383660e-02
  7.05244350e+00 0.00000000e+00 2.84043813e+00 1.29929769e+00
  2.05792189e+00 4.44862938e+00 0.00000000e+00 1.20106804e+00
  2.72352636e-01 5.18585777e+00 2.74357486e+00 3.02326322e+00
  2.20486403e+00 2.74976826e+00 1.02700010e-01 9.28101003e-01
  1.03705978e+01 3.45004797e-01 2.58079338e+00 0.00000000e+00
  3.24483871e+00 1.48068523e+00 0.00000000e+00 6.27146065e-01
  1.11454010e+00 4.25616354e-01 2.30081081e+00 6.72141850e-01
  6.44274950e-01 2.29831457e+00 3.96665525e+00 3.86081426e-03
  3.03316379e+00 7.73377609e+00 2.08588195e+00 0.00000000e+00
  0.00000000e+00 5.63840055e+00 2.56838143e-01 1.49944961e+00
  1.11662281e+00 5.78122807e+00 3.50528264e+00 2.79939771e+00
  2.67544580e+00 1.03007317e+00 1.11250985e+00 1.84746718e+00
  1.41066909e+00 1.27399957e+00 2.93461776e+00 4.48156118e+00
  1.14181960e+00 6.67538404e-01 4.05638888e-02 5.35191727e+00
  7.96041012e-01 0.00000000e+00 1.80578268e+00 1.21267438e-01
  5.73878646e-01 2.58608723e+00 1.36566150e+00 1.69492626e+00
  1.11447644e+00 1.24944024e-01 4.58452582e-01 7.69778967e-01
  1.34828174e+00 2.02510619e+00 4.75830078e+00 8.73486102e-02
  0.00000000e+00 8.45963955e+00 1.37316298e+00 4.15420622e-01
  9.56472301e+00 3.27694833e-01 4.49542856e+00 1.55466425e+00
  1.52768364e+01 1.12126589e+00 2.61645260e+01 0.00000000e+00
  3.90348360e-02 0.00000000e+00 1.64405748e-01 0.00000000e+00
  8.91379738e+00 1.72156608e+00 4.76407719e+00 6.34252056e-02
  8.34495926e+00 9.55306149e+00 1.70089161e+00 3.33256340e+00
  9.26189804e+00 2.55568564e-01 2.23049474e+00 9.69767049e-02
  2.36199641e+00 6.06522322e-01 5.96783638e-01 8.59157026e-01
  7.99096763e-01 1.12506092e-01 1.72063029e+00 1.58078301e+00
  3.82158947e+00 1.22088873e+00 3.50069666e+00 2.23934817e+00
  5.33727598e+00 9.50741827e-01 2.01642871e+00 5.22150457e-01
  1.52957821e+00 1.40090208e+01 1.71772170e+00 7.45747280e+00
  8.06555092e-01 5.89144230e+00 0.00000000e+00 3.27395868e+00
  0.00000000e+00 2.26725623e-01 3.58853745e+00 1.14798009e+00
  0.00000000e+00 1.92535031e+00 5.31976879e-01 5.18232703e-01
  4.39050770e+00 8.32536995e-01 4.24713671e-01 1.53072774e+00
  1.20524943e+00 5.40125072e-01 2.38049841e+00 3.34821272e+00
  5.20440865e+00 6.06509626e-01 5.06383801e+00 6.64425898e+00
  0.00000000e+00 2.39353967e+00 1.60985160e+00 1.32146204e+00
  2.63903022e+00 7.70237160e+00 2.88863850e+00 2.33000112e+00
  3.50392246e+00 1.40530586e+00 0.00000000e+00 2.08118200e+00
  1.36875594e+00 2.03000975e+00 3.00972521e-01 1.17823303e+00
  1.03324699e+00 1.71298182e+00 2.55247593e+00 6.74063146e-01
  7.21357241e-02 6.19928002e-01 7.44660497e-02 4.94372702e+00
  6.66813076e-01 5.32035351e+00 5.85616684e+00 0.00000000e+00
  1.07668626e+00 1.10733151e+00 2.13141680e+00 5.03835058e+00
  3.39191365e+00 3.49654049e-01 9.86710429e-01 2.81035185e+00
  0.00000000e+00 1.82070041e+00 1.43295205e+00 6.13891935e+00
  3.94117236e+00 1.42915583e+00 4.68315870e-01 9.48169768e-01
  1.52413905e+00 6.06560421e+00 5.03906488e+00 1.20060849e+00
  3.04956824e-01 1.45027471e+00 4.20806885e+00 7.64106274e-01
  0.00000000e+00 9.53129400e-03 4.76397723e-01 3.13832378e+00
  0.00000000e+00 7.24464715e-01 2.88303804e+00 3.11184263e+00
  1.23231828e+00 1.29854286e+00 5.81823170e-01 2.06639275e-01
  2.20732784e+00 1.64833152e+00 3.82873058e+00 1.92074895e+00
  1.82963222e-01 1.16601801e+01 3.32488942e+00 1.43754113e+00
  6.30768061e+00 1.17485392e+00 4.10163021e+00 1.71653938e+00
  7.49583387e+00 3.61116491e-02 8.46418190e+00 2.28075910e+00
  1.18868887e+00 5.10311961e-01 3.37756443e+00 5.68194926e-01]]