[[4.13507164e-01 3.11820269e+00 7.77491927e-02 2.26651892e-01
  1.69024765e+00 2.42266679e+00 1.08191080e+01 1.68112338e+00
  1.99074161e+00 0.00000000e+00 3.31899810e+00 1.76866353e+00
  3.04220796e-01 5.38269520e-01 5.26598729e-02 1.18174303e+00
  4.74479532e+00 5.27893209e+00 3.44786310e+00 3.47737598e+00
  0.00000000e+00 1.16575308e+01 7.26852044e-02 6.59505665e-01
  3.95172358e-01 4.29399109e+00 6.11553097e+00 4.08116722e+00
  3.46783113e+00 1.88625789e+00 2.72073531e+00 3.27470489e-02
  4.99015856e+00 2.62542725e+00 9.86008644e-01 1.16031063e+00
  2.07386923e+00 0.00000000e+00 4.07894659e+00 1.68667495e+00
  1.17628384e+00 1.89873111e+00 6.20190620e+00 2.76737666e+00
  4.34243023e-01 5.51443005e+00 2.22912645e+00 0.00000000e+00
  2.32316470e+00 0.00000000e+00 4.68089437e+00 9.31713867e+00
  0.00000000e+00 7.79202521e-01 3.53431296e+00 1.24312758e+00
  2.35341501e+00 3.98995948e+00 2.62455916e+00 4.20347638e-02
  2.07261562e+00 3.54255176e+00 6.42658615e+00 5.62749863e+00
  2.20381245e-01 2.11420798e+00 1.46585047e+00 6.82773018e+00
  4.68745565e+00 8.30033779e+00 8.32673758e-02 5.80798006e+00
  3.58390832e+00 8.99893951e+00 1.79333353e+00 1.56376123e+00
  1.03926316e-01 1.98665440e-01 2.93911457e+00 1.91909056e-02
  6.50016844e-01 3.91631246e+00 6.32692397e-01 9.35435534e-01
  1.51034679e+01 2.04475594e+00 1.09943904e-01 4.55869466e-01
  2.30711532e+00 3.53536654e+00 1.96268959e+01 1.22579069e+01
  3.76941824e+00 3.64098835e+00 3.05718875e+00 5.34130454e-01
  1.12552226e+00 2.54249883e+00 3.43801880e+00 4.11932755e+00
  1.32734871e+00 6.23798084e+00 5.72158432e+00 2.85314655e+00
  0.00000000e+00 6.23925304e+00 3.81827688e+00 0.00000000e+00
  2.40582752e+00 8.68988276e-01 2.54820853e-01 6.21599793e-01
  1.28322244e-01 5.29791927e+00 1.99016511e+00 0.00000000e+00
  5.68377638e+00 1.87236279e-01 7.59353414e-02 1.83165634e+00
  3.62878144e-01 2.69202757e+00 5.80583334e+00 4.73166466e+00
  8.38004971e+00 9.61101151e+00 1.27906895e+00 1.64872691e-01
  6.19267368e+00 1.27838020e+01 8.15856159e-01 8.73211861e+00
  1.07730150e+01 1.30652010e+00 3.60519886e-01 5.51002383e-01
  1.67162836e-01 1.77720177e+00 0.00000000e+00 1.66666925e+00
  5.39228380e-01 1.20565462e+00 3.68665695e-01 8.00848675e+00
  2.54171753e+00 1.24974525e+00 3.32261348e+00 1.13846147e+00
  0.00000000e+00 1.95364261e+00 1.09648442e+00 4.46985513e-01
  2.72265124e+00 0.00000000e+00 1.40477049e+00 2.09232521e+00
  2.67863703e+00 5.56620121e+00 6.75380290e-01 1.16723740e+00
  4.12169123e+00 1.05761156e+01 7.87589169e+00 4.49381679e-01
  9.30049610e+00 5.13033295e+00 4.38044405e+00 1.67868212e-02
  2.41544914e+00 1.77158356e+00 1.70615864e+00 4.60905695e+00
  1.05755568e+01 4.83043134e-01 3.58397961e-01 6.13427639e-01
  1.57619619e+00 2.06020737e+00 1.07039671e+01 8.67073059e+00
  3.70387912e-01 9.27621663e-01 7.24140358e+00 3.98301935e+00
  1.77470243e+00 1.32721817e+00 2.33503699e+00 5.35591078e+00
  6.04718065e+00 2.24940157e+00 9.23161328e-01 7.21881926e-01
  1.37795448e+00 2.94785881e+00 4.23061752e+00 3.47402841e-01
  3.19219255e+00 3.59861135e+00 7.64190733e-01 5.14158154e+00
  6.16501272e-01 2.06490993e+00 6.72803760e-01 6.61827683e-01
  9.29510117e+00 3.88028955e+00 3.51328477e-02 1.58522248e+00
  1.32337332e+00 1.63217468e+01 9.48889077e-01 1.02847707e+00
  1.17833483e+00 5.72769225e-01 3.25072217e+00 9.31164646e+00
  5.92460811e-01 1.20638812e+00 1.43846631e+00 1.77598536e+00
  5.66209126e+00 4.43835402e+00 2.27368188e+00 2.53590178e+00
  9.93905127e-01 1.96964872e+00 1.69668484e+00 2.31297922e+00
  8.39376092e-01 2.47051740e+00 4.24903774e+00 3.00318527e+00
  9.35105860e-01 1.07206449e-01 2.46721640e-01 1.29564017e-01
  4.05698478e-01 6.21481371e+00 7.24029875e+00 1.69048405e+00
  7.13061094e-01 2.07129455e+00 4.66266918e+00 5.99442780e-01
  2.46475279e-01 8.88458538e+00 1.02012968e+01 1.89368501e-01
  1.66680598e+00 2.54624665e-01 4.27548504e+00 1.27169085e+00
  4.62110013e-01 3.75181460e+00 2.77402878e+00 0.00000000e+00
  4.76364899e+00 5.02719259e+00 5.33930063e+00 3.10513091e+00
  1.98965752e+00 0.00000000e+00 3.59722137e-01 1.16761723e+01
  5.20165300e+00 2.08662343e+00 2.04574800e+00 6.47396421e+00
  3.62943244e+00 4.17388201e-01 2.65467548e+00 0.00000000e+00
  1.03512990e+00 8.29225731e+00 6.12362528e+00 9.06676102e+00
  3.68833542e+00 3.22173908e-02 0.00000000e+00 1.35451287e-01
  7.45911455e+00 1.30959263e+01 1.08518295e+01 6.90655851e+00
  1.25706151e-01 0.00000000e+00 5.93276167e+00 1.83419359e+00
  6.24601364e+00 1.69439054e+00 8.89934957e-01 1.62319064e+00
  1.36963212e+00 6.80223751e+00 4.54237223e+00 5.67320776e+00
  8.62541497e-01 3.71887398e+00 2.19803786e+00 1.16852701e-01
  2.58556032e+00 6.39227629e-01 2.06723499e+00 0.00000000e+00
  8.46600413e-01 1.03855028e+01 2.55040169e+00 2.26253986e+00
  4.99533236e-01 3.44466060e-01 1.19383526e+00 7.01888263e-01
  1.85325921e+00 1.03317559e+00 2.88649559e+00 3.94738525e-01
  3.14401960e+00 5.08516121e+00 1.33639932e+00 2.54529595e+00
  1.00673151e+01 1.59295714e+00 5.89364672e+00 2.25003862e+00
  5.83491182e+00 2.22196054e+00 6.00307655e+00 8.47265530e+00
  4.26929903e+00 1.40080917e+00 1.73578358e+00 3.92456794e+00
  3.16747713e+00 6.87106609e-01 4.13025427e+00 2.98285604e+00
  1.00961447e+00 1.92711163e+00 2.81529576e-01 4.77338743e+00
  4.33581161e+00 4.18252289e-01 1.99819708e+00 2.53046083e+00
  8.54689598e-01 4.59073544e+00 1.51184034e+00 2.04133487e+00
  7.83599079e-01 4.09343481e+00 0.00000000e+00 3.14527661e-01
  2.81777084e-01 6.34757137e+00 1.71189165e+00 2.14016438e-02
  7.25595117e-01 3.17645144e+00 5.76333821e-01 1.90730846e+00
  1.73198090e+01 2.54444122e+00 6.21237993e+00 1.30856442e+00
  2.98532701e+00 9.44915473e-01 6.00743580e+00 1.53061831e+00
  2.54678893e+00 1.33366239e+00 3.16221929e+00 0.00000000e+00
  1.25723743e+01 1.21808100e+00 2.05064011e+00 2.68833232e+00
  2.02792954e+00 7.30203581e+00 2.63992715e+00 6.71303177e+00
  3.98555374e+00 7.51004279e-01 1.27912566e-01 2.65261710e-01
  6.61804962e+00 5.02299249e-01 4.13441718e-01 0.00000000e+00
  3.45809460e+00 4.56068802e+00 3.18991184e+00 4.43359852e+00
  1.57990427e+01 2.10768127e+00 1.56824951e+01 1.13014317e+00
  1.56585395e+00 6.12498820e-01 3.28242278e+00 2.48622894e-01
  9.85847890e-01 6.68074894e+00 1.44253150e-01 2.21384239e+00
  5.69305658e+00 1.86576641e+00 9.66307744e-02 3.10333490e-01
  0.00000000e+00 4.46703374e-01 3.59162021e+00 3.05591393e+00
  0.00000000e+00 9.21652973e-01 2.99898481e+00 4.80652809e+00
  8.83279896e+00 2.51541877e+00 5.66035128e+00 2.39195371e+00
  9.54016399e+00 2.60050207e-01 1.28036487e+00 2.41456914e+00
  3.54159564e-01 4.30596828e-01 1.04976535e+00 5.61147738e+00
  4.80210751e-01 4.49269295e+00 4.67132092e+00 2.14920783e+00
  7.60539484e+00 2.49829912e+00 9.69468504e-02 4.29427624e-01
  1.20391393e+00 6.53628051e-01 1.24131106e-01 3.52310348e+00
  3.40294886e+00 0.00000000e+00 6.43941045e-01 3.56143802e-01
  2.55271697e+00 9.38418484e+00 9.59532261e+00 1.81423485e+00
  1.27187479e+00 9.94744122e-01 2.71688199e+00 7.06746578e+00
  3.28480196e+00 2.65022993e+00 5.72727585e+00 3.48570824e+00
  1.81933534e+00 3.50262976e+00 1.02339125e+00 7.09210873e-01
  2.36852384e+00 8.16278100e-01 1.57158181e-01 2.82743597e+00
  0.00000000e+00 2.52704203e-01 1.47912800e+00 1.85913101e-01
  9.66697216e+00 5.18960059e-01 1.59433734e+00 0.00000000e+00
  2.74213886e+00 2.51678967e+00 7.98122835e+00 1.88923049e+00
  4.83292155e-02 2.98127323e-01 1.59018552e+00 2.45490766e+00
  6.81138813e-01 0.00000000e+00 2.16534328e+00 3.17485881e+00
  0.00000000e+00 4.32275867e+00 5.71995497e+00 2.03974303e-02
  3.59319150e-01 5.64027357e+00 8.11824203e-01 4.06583929e+00
  8.45314324e-01 1.06998789e+00 2.54011965e+00 4.34976006e+00
  7.46710205e+00 8.47086716e+00 7.49100327e-01 2.06214890e-01
  1.13678589e+01 1.55621898e+00 1.15435600e+00 3.52480745e+00
  3.14766669e+00 1.55100572e+00 2.71935821e+00 9.62436423e-02
  3.84357166e+00 1.08962619e+00 1.21005211e+01 1.40046072e+00]]