[[ 0.16229975  2.6803489   3.3806658   2.3823102   7.856761    4.7359786
   5.252877    2.3550982   3.8789477   1.285725    1.226051    0.2402181
   1.6702479   7.971594    1.1046546   2.9231322   1.2644485   1.0517966
   0.04413777  8.155818    1.0994973   5.7368097   2.601018    8.390003
   0.5438724   7.6161575   5.8518996   4.0358644   5.6283307   1.3740711
   2.0937731   3.2912629   4.9565234  10.26847     3.5040236   0.29975328
   0.31011942  0.4242802  13.367152    3.213288    0.41459316  3.6689198
   3.3404903   7.2524858   0.25963202  8.089861    3.383718    2.672219
   2.6712317   0.57689667  3.104116    5.7745857   0.6314702   2.0712547
   2.4959638   2.165047    5.0111356   4.0236397   7.225741    1.3855867
   8.401713    6.9114947  14.766303    5.241399    1.9421026   5.1359158
   4.853407    1.4173493   3.4070365   6.28051     1.4355861   4.1782756
   0.53337413  4.2068877   0.34145293  4.4308586  18.297276    1.6989754
   1.5350089   0.3965265   5.477938    0.07242598  3.9963777   1.1853206
   5.4943523  12.6342535   0.29312998  0.08756226  6.4233456   0.8325
   6.9782753  13.902811    0.28431013  3.5334063   3.2723484   0.16516308
   5.4652743   1.5027533   3.3822608   0.9890273   0.35689452  7.079268
   8.125028   11.017848    3.344706    6.106474    2.3989885   0.21002147
   9.363045    3.4098692   3.412375    0.7650141   0.7224578   8.83214
   1.1561744   0.23605171  6.72355     0.          0.55997646  6.498499
   2.8300068   4.012371    2.086017    7.2719054   4.8994637   8.3167095
   0.13627207  0.          5.3843446  21.157225    1.544315    6.6878624
   8.00481     1.7334794   6.1488643   0.80841625  1.915969    5.1185746
   1.162162    4.9281464   2.6409228   0.79658353  1.1208663   5.7957134
   3.3049624   1.6941934   4.2390776   0.94628847  2.5857465   1.7922744
   0.06836025  5.25293     3.8637397   3.013807    1.0437002   3.027189
   3.3855257   2.7720947   0.7421254   0.92574966  2.1528842   1.398445
   5.6037736   1.0581007   5.475427    9.667795    1.8706117   8.492191
   2.3274229   5.715869    8.775145    1.327068    5.5581894   6.9356937
   1.7262717   4.0680475   8.089928    0.3390072   9.013594   10.354964
   2.630233    1.5945522  13.224287    2.1550143   0.9231097   1.7908682
   7.2272987   4.6636176   2.6737049   5.828138    5.6007085   0.
   3.7847486   4.343884    0.98588055  2.3697996   6.2536626   5.719473
   0.13817702  0.3482911   6.4901795   0.23503967  8.442719    2.0115085
   7.0572996   6.2371173   5.6386175   4.9091783   7.0947185  10.427589
   0.85549265  8.119133    3.1377573   1.9248198   1.5164582   4.046023
   4.863359    2.689868    2.8081038   1.844515    3.1128323   6.176679
   2.041063   16.91149     0.26116812 15.218916   12.925037    1.5036536
   4.595175    2.40333     3.4698586   1.5547392   0.63777214  3.9291127
   2.3417435   2.5761814   1.9902518  21.264175    5.466844    3.2502086
   6.2861485   2.675848    1.073384    7.1301417   3.0566611   9.407069
   7.287747    1.4170378   1.6152246   3.4043455   1.5828085   3.9913757
   5.808244    1.9410489   2.9516783   0.05135125  0.54685813 13.455295
   2.3381906   3.4877858   9.593871    2.5526528   1.846226    9.15406
   2.0164444   5.7166314   0.68984103  0.77589077  3.691585    0.6432404
   4.919368    0.          2.9777555   4.141325    1.8234566   2.3820121
  17.136736    0.5408794   0.3565685   2.0336626   4.7748437   1.1010584
   2.087338    2.4167717   0.          0.          2.1046746  16.22748
   5.6229873   3.8773184   0.17600459  1.4952589   0.87440956  6.5067544
   4.5848975  12.791643    1.7804967   2.8824282   5.429936    2.1320117
   2.4052982   3.135036    3.4937716   0.63784087  7.806974    4.3344054
   6.7116137   0.92086387  0.53444564  2.0917568  12.893993    0.1649457
   0.8343632   5.978772    2.5141869   2.5461435   4.3833923  11.562865
   3.1838784   2.3847353   4.5115166   8.598853    1.0109059   2.8089006
   5.889202    3.509444    5.421494    2.5124438   1.9724143   1.2397621
   0.03862917 10.159069    4.471511    5.448448    8.190497    5.6345906
   4.0676394   1.5774504   2.1643953   2.9707224   9.077259    0.12355105
   3.0076566   5.1184883   4.1062417   1.0938553   3.0317812   0.6412708
   4.733667    0.26019964  0.45697275  1.719663    1.0442417   1.9665158
   3.9104328   0.          1.4657278   8.5517235   5.512937    3.6667378
  11.795158    4.8924146  14.377897   12.289159   14.178881    0.74937814
   8.19065     1.5623078   1.2029377   1.8710585   2.7362285   0.79842496
   7.880843    2.1723423   2.226949    2.103965   12.77197    10.355529
   3.9964273  11.430202    2.9474597   3.869581    7.8841567   0.4270663
   5.027482    3.5732076   0.62372077  2.8524299   0.8502858   1.8688114
   2.5707216   2.1911452   8.130578    3.7181966   7.983165    3.554676
   4.692621    1.7653998   2.0882947   2.5140815   3.4913034   4.3478894
   4.1954126   1.9310737   5.049102    6.941342    0.5772796   5.9783754
   4.7735066   1.2578037   3.842153    2.100304    0.          0.41866946
   4.161818    0.1432556   4.984187    2.8360925   1.2926803   1.6101274
   2.7460167   0.99480903  0.5153753   3.1216342   2.2098534   3.6158671
   5.480922    8.228445    0.9859465   3.615034    4.516146    8.2348175
   5.3123765   5.951928    2.3958602   0.6767168   4.5342536   7.1372724
   1.0845447   1.5088247   1.0617002   4.033894    0.99606806  0.43981335
   4.2277865   1.3383561   8.578993    0.8006755   0.38572723  4.0107517
   0.          6.932866    2.7047179  11.729468   10.452715    1.3837658
   1.6394063   1.9565033   4.36769     6.650641    9.624834    6.23138
   4.905035    2.112986    0.          3.3426025   2.7641451   0.8762699
   9.109716    4.407213    3.2806835   1.5891805   2.291151    3.3578951
   3.321306    3.176508    0.96764314  1.7749269   2.440054    3.5423734
   2.012845    0.          4.516361    0.9984897   0.          1.7564878
  10.126032    2.1020653   3.7676485   1.068742    2.690047    5.342244
   6.9388847  11.443966    6.9305677   2.4261012   1.2753907   8.837601
   0.952363    1.4789315   4.248868    4.2649517   7.1189113   3.5859468
  11.833621    1.1707215  13.523966    1.0031968   1.6017576   0.40224522
   7.517898    6.187399  ]]