[[3.42053995e-02 1.21948920e-01 4.24698734e+00 5.13039827e-01
  4.38337207e-01 2.27942780e-01 6.48932457e+00 6.41442955e-01
  1.17862329e-01 1.10925741e-01 5.98885834e-01 1.68094122e+00
  5.23000538e-01 6.71500564e-01 0.00000000e+00 2.89658093e+00
  1.19678986e+00 1.06327474e+00 1.23684084e+00 3.73768997e+00
  3.27324420e-01 1.94913197e+00 3.52581453e+00 3.81695080e+00
  1.37030393e-01 8.20377445e+00 7.59049225e+00 4.74171609e-01
  5.85612726e+00 2.06271958e+00 8.03249896e-01 2.58625001e-01
  3.46199131e+00 4.37746000e+00 1.20717001e+00 2.13252813e-01
  1.51297510e+00 0.00000000e+00 7.71517706e+00 1.45716810e+00
  1.01736152e+00 4.37028122e+00 4.60516644e+00 5.95082951e+00
  0.00000000e+00 4.67602587e+00 2.93696928e+00 1.99876118e+00
  1.29921603e+00 1.30956054e+00 1.31175268e+00 6.22988653e+00
  1.75144628e-01 1.83246553e+00 5.20584011e+00 3.10770965e+00
  3.07532573e+00 3.52854085e+00 2.91134620e+00 0.00000000e+00
  4.65593767e+00 6.04146576e+00 1.01889086e+01 5.22059441e+00
  1.90570951e-02 1.23041892e+00 2.79066563e+00 1.15499330e+00
  8.91551256e-01 7.32644415e+00 3.58186626e+00 3.40075517e+00
  3.52875400e+00 6.93991232e+00 1.94531000e+00 4.64166589e-02
  1.03897572e+00 8.91237855e-01 1.77759302e+00 1.61222555e-02
  2.44204903e+00 1.58613086e+00 5.19459486e+00 0.00000000e+00
  1.17151375e+01 3.40191340e+00 0.00000000e+00 0.00000000e+00
  5.22653401e-01 6.10115826e-01 8.06332970e+00 1.11856642e+01
  5.38170993e-01 6.47451401e+00 4.22370052e+00 0.00000000e+00
  1.76495171e+00 5.59009027e+00 6.02306426e-01 5.33864498e-01
  3.40425944e+00 2.70473838e+00 9.39949131e+00 4.93016005e+00
  3.49202842e-01 6.77389479e+00 4.79636526e+00 1.10658877e-01
  3.87817812e+00 0.00000000e+00 1.51636028e+00 0.00000000e+00
  3.79779726e-01 4.69585752e+00 9.20792222e-02 5.93490452e-02
  4.34344959e+00 4.20640141e-01 4.68736559e-01 4.35710382e+00
  5.52308500e-01 0.00000000e+00 3.73394203e+00 5.08861685e+00
  4.12309027e+00 4.76881552e+00 8.16069484e-01 0.00000000e+00
  6.52351856e+00 1.14220734e+01 1.60089576e+00 4.34532738e+00
  7.58497715e+00 1.28911424e+00 9.34184968e-01 8.17472637e-01
  4.48717326e-02 9.00052667e-01 1.40755427e+00 2.18922281e+00
  2.44884109e+00 5.80538034e-01 0.00000000e+00 5.86810875e+00
  1.34824264e+00 1.27360559e+00 1.88228142e+00 8.55049193e-02
  0.00000000e+00 1.18504798e+00 6.63006842e-01 1.21844196e+00
  2.39918137e+00 2.01227212e+00 3.19691181e-01 1.70876050e+00
  1.93236053e-01 5.22768116e+00 8.48794997e-01 8.12186599e-01
  3.95447493e-01 2.84213328e+00 2.50524616e+00 2.38374412e-01
  2.82022190e+00 6.37068129e+00 1.30656198e-01 2.05484748e+00
  2.80141413e-01 2.70112634e+00 7.79219151e+00 0.00000000e+00
  2.77742505e+00 4.38994855e-01 1.50245416e+00 8.85834098e-02
  3.07244802e+00 1.79801032e-01 1.11344967e+01 9.20129108e+00
  4.63318968e+00 2.83552980e+00 1.03810968e+01 2.72629023e-01
  1.17894769e+00 9.72703636e-01 1.24495411e+00 3.08485794e+00
  1.78748310e+00 2.12147069e+00 4.04242897e+00 2.53948182e-01
  1.22917461e+00 5.76224709e+00 9.08753514e-01 3.17263293e+00
  2.96099782e+00 6.67922544e+00 0.00000000e+00 3.88622493e-01
  2.62310171e+00 1.01664984e+00 0.00000000e+00 2.55432558e+00
  9.77393436e+00 3.94516611e+00 1.19327402e+00 2.07642031e+00
  3.17520440e-01 3.89359021e+00 2.13731074e+00 8.12126827e+00
  0.00000000e+00 1.59816682e+00 0.00000000e+00 4.50824833e+00
  9.44536507e-01 2.85431695e+00 1.20998740e+00 2.31916428e+00
  1.70554185e+00 1.70075023e+00 1.69101560e+00 3.75000811e+00
  1.95440221e+00 3.11277181e-01 2.17477775e+00 2.96699911e-01
  6.13288105e-01 3.61449718e-01 1.24572051e+00 2.96434224e-01
  3.92561197e-01 0.00000000e+00 7.38326728e-01 7.83620775e-01
  1.65626061e+00 9.67633343e+00 2.59857345e+00 6.99835825e+00
  0.00000000e+00 1.24431527e+00 3.11598611e+00 4.22667831e-01
  1.47673404e+00 9.98958492e+00 1.37107897e+01 1.35750318e+00
  2.23214436e+00 5.36532736e+00 2.21066856e+00 7.18691289e-01
  2.65296912e+00 1.47935236e+00 4.08853722e+00 4.79822122e-02
  1.91424143e+00 7.94071817e+00 3.75898099e+00 5.68285513e+00
  1.60552812e+00 0.00000000e+00 0.00000000e+00 1.25429401e+01
  3.55873680e+00 9.72764134e-01 1.33320582e+00 1.81337142e+00
  5.85124588e+00 4.48911190e-01 6.10170937e+00 0.00000000e+00
  1.97890729e-01 7.70123434e+00 0.00000000e+00 1.56197870e+00
  1.11752920e+01 1.03918584e-02 1.31779894e-01 3.01891834e-01
  7.03695250e+00 1.89712512e+00 3.76782513e+00 3.47551966e+00
  5.55096245e+00 0.00000000e+00 3.98515964e+00 3.01769900e+00
  3.32414985e+00 5.56551266e+00 0.00000000e+00 3.49746078e-01
  5.08938456e+00 6.55606890e+00 3.91749597e+00 1.70667279e+00
  1.61650628e-01 1.24115062e+00 0.00000000e+00 0.00000000e+00
  2.97209811e+00 1.36652052e+00 5.34605503e-01 0.00000000e+00
  8.60341167e+00 6.56285810e+00 2.52010703e-01 1.14544666e+00
  1.77077448e+00 0.00000000e+00 2.68995261e+00 1.07633211e-01
  1.94441545e+00 2.36051607e+00 4.62992811e+00 3.04873168e-01
  1.83076644e+00 9.69921207e+00 1.86105514e+00 1.30189681e+00
  3.57115459e+00 6.06732941e+00 3.35189724e+00 1.87359154e+00
  1.67665553e+00 9.03241694e-01 1.01313591e+01 6.87528789e-01
  2.98397446e+00 0.00000000e+00 2.68488139e-01 5.77272987e+00
  3.94218946e+00 1.62020874e+00 3.23923564e+00 5.89153671e+00
  6.30674982e+00 1.61717260e+00 8.15693200e-01 5.51533031e+00
  3.76624131e+00 1.85313702e+00 7.16879702e+00 2.53166842e+00
  1.64983010e+00 2.54810452e+00 2.04708433e+00 2.01251531e+00
  5.97429991e-01 1.89352703e+00 0.00000000e+00 1.15344405e+00
  3.94564390e-01 3.46303129e+00 6.20170069e+00 0.00000000e+00
  0.00000000e+00 1.12463541e+01 1.38938701e+00 7.30139494e-01
  1.80518742e+01 1.38741255e-01 9.62849045e+00 3.77133512e+00
  7.37463188e+00 1.35530663e+00 1.12495451e+01 1.74659574e+00
  7.72462249e-01 2.41591483e-02 1.71047878e+00 1.59268424e-01
  1.20384598e+01 8.00278783e-01 2.27994919e+00 1.88419080e+00
  3.44714522e+00 6.69056034e+00 5.31079578e+00 8.97963333e+00
  8.66533566e+00 2.22624451e-01 4.51364470e+00 1.68860495e-01
  2.48998070e+00 4.16504681e-01 2.02090859e-01 0.00000000e+00
  3.67836237e+00 3.04536772e+00 1.91040099e+00 1.85027862e+00
  3.70611358e+00 4.08677912e+00 4.13792992e+00 1.94076693e+00
  1.21296382e+00 2.09109926e+00 1.81675971e-01 0.00000000e+00
  3.09390485e-01 7.52757788e+00 8.13104272e-01 3.98156309e+00
  1.00675344e+01 2.85462666e+00 1.01091854e-01 2.68071365e+00
  9.68457282e-01 1.34512573e-01 3.01586819e+00 1.31462300e+00
  0.00000000e+00 2.43133330e+00 3.06377292e+00 1.30146551e+00
  5.40270376e+00 4.51201081e-01 5.44694602e-01 1.07769430e+00
  5.97521353e+00 3.65653366e-01 1.61746538e+00 2.91266346e+00
  2.97194719e+00 2.87690401e+00 3.13756919e+00 8.22609234e+00
  1.61469784e-02 3.80544734e+00 1.14458072e+00 2.67102170e+00
  6.39013243e+00 4.74819326e+00 4.58934493e-02 3.34383821e+00
  6.41125023e-01 8.87207866e-01 5.45387082e-02 1.43065524e+00
  2.28908515e+00 5.64898491e-01 1.69906616e-01 2.19986844e+00
  5.36286879e+00 4.54941034e+00 5.66509151e+00 2.77779512e-02
  6.85378492e-01 3.88910800e-01 2.34610796e-01 5.66007137e+00
  2.43417692e+00 3.16081214e+00 9.14680386e+00 0.00000000e+00
  2.79894423e+00 1.82274973e+00 2.07331553e-01 5.31029940e+00
  3.01389861e+00 1.31699431e+00 1.30819821e+00 2.22008681e+00
  0.00000000e+00 4.77626801e-01 9.47935283e-01 6.07487869e+00
  1.52475059e+00 1.85992587e+00 7.70432711e-01 7.60980904e-01
  2.50983685e-01 6.75009537e+00 0.00000000e+00 9.07103062e-01
  2.02912390e-01 6.29319474e-02 2.98951602e+00 3.18752861e+00
  8.07931781e-01 1.17368007e+00 1.70386147e+00 3.41803908e+00
  0.00000000e+00 5.95505571e+00 1.05119336e+00 0.00000000e+00
  2.84386301e+00 4.93919039e+00 8.68885219e-01 3.52759004e-01
  9.82976854e-01 5.89847386e-01 3.38296294e+00 7.59778142e-01
  9.33041191e+00 6.52143717e+00 3.34396660e-01 2.28036928e+00
  6.02397919e+00 4.51473284e+00 0.00000000e+00 1.35518861e+00
  1.02618723e+01 5.81934988e-01 3.63288045e+00 1.61841601e-01
  1.47640598e+00 1.52474523e+00 8.01009369e+00 3.54529285e+00]]