[[6.25810087e-01 8.54201794e-01 2.23577666e+00 9.19298649e-01
  0.00000000e+00 3.63659763e+00 6.95189142e+00 2.71174431e+00
  1.18607454e-01 1.59102309e+00 7.60687232e-01 2.69930929e-01
  6.50124788e+00 2.15981221e+00 5.07721782e-01 1.69456685e+00
  4.72023450e-02 3.16837907e+00 9.40868855e+00 2.02507806e+00
  0.00000000e+00 1.12322559e+01 0.00000000e+00 4.56774801e-01
  1.97331786e+00 1.59859383e+00 0.00000000e+00 2.45189786e-01
  2.69332480e+00 7.26307690e-01 0.00000000e+00 8.46638870e+00
  1.20703948e+00 2.56245875e+00 3.87592673e-01 0.00000000e+00
  0.00000000e+00 5.81091762e-01 5.94128847e+00 2.59956956e+00
  3.61239338e+00 1.17126358e+00 9.75435352e+00 4.74586105e+00
  0.00000000e+00 0.00000000e+00 6.68142915e-01 3.57957810e-01
  2.36223793e+00 3.44387579e+00 1.98152196e+00 1.40103257e+00
  4.00058270e-01 2.11871088e-01 4.68432522e+00 6.66803718e-01
  4.55235481e+00 1.36884279e+01 9.22793970e-02 0.00000000e+00
  1.58802116e+00 9.67522144e-01 3.75181389e+00 1.20959835e+01
  7.84456804e-02 3.63310409e+00 3.52515578e+00 6.23252630e+00
  1.17073882e+00 3.06005508e-01 1.03446722e+01 2.59689331e-01
  2.06801236e-01 6.42347145e+00 3.19773984e+00 8.93116593e-01
  3.45490240e-02 0.00000000e+00 0.00000000e+00 7.96876013e-01
  1.18238136e-01 1.18133378e+00 4.38091278e-01 2.09045219e+00
  1.97337174e+00 4.48328400e+00 6.33391917e-01 7.04457521e-01
  2.58910108e+00 8.72407246e+00 2.26096916e+00 4.11106253e+00
  0.00000000e+00 8.69764042e+00 0.00000000e+00 3.14471865e+00
  6.06353879e-01 8.36163235e+00 1.46131706e+00 5.43978024e+00
  1.31026161e+00 2.23023391e+00 5.74719429e+00 2.06728649e+00
  0.00000000e+00 0.00000000e+00 2.24524188e+00 9.81870070e-02
  1.36924958e+00 5.08559227e+00 2.72124767e+00 1.20536959e+00
  9.46121693e-01 1.54815984e+00 1.05865371e+00 1.68494618e+00
  4.89838600e+00 3.20170522e-01 6.57406664e+00 1.06815457e+00
  2.34762549e-01 1.21682036e+00 3.68927741e+00 7.68124628e+00
  0.00000000e+00 4.92045927e+00 0.00000000e+00 2.20765755e-01
  5.76587856e-01 1.13530912e+01 0.00000000e+00 2.44484043e+00
  5.56311035e+00 2.14398593e-01 1.61828578e-01 4.88471317e+00
  1.21428274e-01 8.09128046e-01 2.24131376e-01 1.20171595e+00
  0.00000000e+00 0.00000000e+00 5.79890132e-01 8.74191570e+00
  8.65054250e-01 5.41072369e-01 3.28696156e+00 1.23968124e-01
  1.51554501e+00 2.17068434e+00 8.40711117e+00 1.09406984e+00
  4.64488173e+00 0.00000000e+00 2.29932022e+00 4.15010929e+00
  1.51485479e+00 1.15459156e+00 1.07010400e+00 1.97855115e-01
  8.78769934e-01 3.12556267e+00 4.51586676e+00 1.11373484e+00
  1.08808780e+00 2.79660249e+00 0.00000000e+00 2.78215027e+00
  3.80218220e+00 2.42255497e+00 3.45051908e+00 0.00000000e+00
  1.31290770e+01 7.59093904e+00 3.72216821e+00 2.58453846e+00
  7.45337188e-01 9.71938819e-02 1.77225647e+01 2.21582127e+00
  6.08052969e+00 2.86758137e+00 2.72775149e+00 3.70129615e-01
  7.82652855e-01 1.67034721e+00 1.37904036e+00 1.05940592e+00
  1.54790044e+00 1.49314594e+00 1.07604778e+00 0.00000000e+00
  0.00000000e+00 3.14851170e+01 0.00000000e+00 5.46125293e-01
  6.69951662e-02 0.00000000e+00 0.00000000e+00 1.06437817e+01
  5.36238384e+00 1.42753613e+00 3.17006540e+00 5.06997228e-01
  2.27348709e+00 1.68189406e+00 5.37885809e+00 4.10896683e+00
  1.21258020e+00 1.60986633e+01 3.30003524e+00 2.07303333e+00
  2.11720753e+00 2.60575086e-01 1.14817843e-01 4.92942190e+00
  0.00000000e+00 3.85184455e+00 3.18281919e-01 2.12688327e+00
  5.13168395e-01 8.52000809e+00 6.74962902e+00 1.23079205e+00
  4.49324846e+00 8.10613215e-01 2.84538174e+00 2.48977995e+00
  6.49124479e+00 3.95028353e+00 1.62626004e+00 0.00000000e+00
  7.61172950e-01 3.39177181e-03 1.39487058e-01 2.26266384e+00
  1.63780200e+00 7.31836510e+00 1.17432976e+00 3.07160544e+00
  7.85383046e-01 9.88647282e-01 2.10401773e+00 1.54862022e+00
  2.96239543e+00 7.23040628e+00 6.92886305e+00 2.54694790e-01
  2.19617343e+00 1.07080328e+00 6.05590963e+00 1.06186533e+00
  8.33067775e-01 1.52345133e+00 3.17772222e+00 5.61594105e+00
  2.25646645e-01 5.42976475e+00 3.48117638e+00 3.68787622e+00
  0.00000000e+00 0.00000000e+00 0.00000000e+00 5.12872458e+00
  9.07205296e+00 1.48177891e+01 0.00000000e+00 5.01849222e+00
  4.88506985e+00 1.89162302e+00 1.57033932e+00 0.00000000e+00
  3.58038831e+00 1.74771271e+01 8.62678349e-01 2.30309820e+00
  1.37587481e+01 4.83020358e-02 3.76025170e-01 3.94115591e+00
  6.24186039e+00 6.11297846e-01 1.34224787e+01 0.00000000e+00
  3.62598956e-01 0.00000000e+00 7.74782848e+00 7.38473773e-01
  2.53400564e+00 4.99309349e+00 2.18625879e+00 6.90228891e+00
  3.26025820e+00 1.90704596e+00 2.01927614e+00 0.00000000e+00
  7.69375181e+00 1.53447104e+00 2.90733635e-01 0.00000000e+00
  2.05640621e+01 2.10007000e+00 7.52919436e-01 0.00000000e+00
  4.12405729e+00 7.26201832e-01 2.29087400e+00 1.51426464e-01
  7.35925245e+00 2.13980699e+00 1.49764463e-01 1.28998101e+00
  7.40817451e+00 0.00000000e+00 3.88971353e+00 5.42064476e+00
  1.64275050e+00 3.47594070e+00 7.03514934e-01 1.86083329e+00
  3.45043874e+00 5.71684599e-01 7.45400250e-01 0.00000000e+00
  8.55800867e-01 2.68451548e+00 6.06759691e+00 3.13458228e+00
  9.87640560e-01 1.58957258e-01 0.00000000e+00 7.66205168e+00
  9.84771132e-01 1.27702951e+01 6.14629889e+00 1.03922224e+00
  0.00000000e+00 6.06584406e+00 5.93989325e+00 2.37327290e+00
  5.45857148e-03 6.54692277e-02 1.43647447e-01 7.81695509e+00
  0.00000000e+00 1.33255911e+00 2.05195737e+00 3.11568713e+00
  6.57567605e-02 4.30938673e+00 2.10379526e-01 0.00000000e+00
  1.58468708e-01 4.40186739e+00 5.95368099e+00 2.91604519e-01
  1.57827902e+00 1.82997169e+01 1.24349749e+00 2.26372766e+00
  8.79243660e+00 4.15801331e-02 5.26934767e+00 4.49874848e-01
  8.85060596e+00 2.38714650e-01 2.14501896e+01 1.28035507e+01
  0.00000000e+00 7.70880604e+00 9.13814306e-01 2.37837291e+00
  1.05271845e+01 7.77476168e+00 1.56187379e+00 2.29976609e-01
  1.08348143e+00 1.26739597e+00 8.05780983e+00 3.05855203e+00
  3.66528320e+00 1.11302423e+01 1.17882824e+00 2.34599280e+00
  3.39758921e+00 1.01719036e+01 5.63149638e-02 1.61579195e-02
  3.79228592e-03 4.15000010e+00 1.05072670e+01 2.23260260e+00
  2.52663040e+00 5.91712892e-01 2.31430620e-01 5.23450947e+00
  2.45292640e+00 5.72546303e-01 2.14774013e+00 7.51839504e-02
  1.27375579e+00 2.44037590e+01 1.41369417e-01 1.36054802e+01
  9.11038697e-01 2.00149107e+00 0.00000000e+00 2.88329458e+00
  0.00000000e+00 5.74615836e-01 1.27310553e+01 7.14031219e-01
  0.00000000e+00 1.33418068e-01 3.01819444e+00 0.00000000e+00
  7.11328268e+00 5.15347195e+00 2.89561033e-01 4.95233163e-02
  1.75590992e+01 2.19067812e+00 7.02874839e-01 1.96447968e+00
  4.14229870e+00 1.29184961e+00 4.03787136e+00 2.07140994e+00
  8.20648819e-02 1.39773846e+00 1.77251965e-01 6.87767792e+00
  3.23084533e-01 3.96738321e-01 1.96380973e+00 7.65083075e+00
  1.82260883e+00 8.28360081e-01 2.20652699e+00 6.81005359e-01
  2.01387584e-01 1.54134959e-01 2.22540088e-02 2.15585556e+01
  1.16506922e+00 2.29772758e+00 4.12304258e+00 1.99392176e+00
  6.85842848e+00 1.43651754e-01 6.13573980e+00 8.55653095e+00
  9.40424144e-01 3.85739970e+00 2.76717186e+00 1.25972438e+00
  2.29832172e+00 1.71161449e+00 3.72996628e-01 4.07071972e+00
  1.37890565e+00 2.40742469e+00 2.30341148e+00 2.43081778e-01
  1.34187117e-01 0.00000000e+00 0.00000000e+00 1.71911609e+00
  1.07751906e+00 3.64712864e-01 1.11984931e-01 1.10532427e+01
  7.82758892e-01 1.30387173e+01 3.12003803e+01 1.39164162e+00
  1.83106840e+00 2.34692976e-01 1.23787041e+01 3.35879230e+00
  4.30052012e-01 9.74732697e-01 1.23261251e-01 4.26502323e+00
  8.04152012e+00 0.00000000e+00 7.66911030e+00 2.58794695e-01
  9.66480434e-01 4.45470154e-01 9.85868835e+00 4.33516216e+00
  1.19380486e+00 1.07276258e+01 4.10128295e-01 9.44512710e-02
  1.86984718e-01 7.53446388e+00 7.60066271e-01 3.07342339e+00
  5.51419258e+00 2.32252195e-01 1.58195245e+00 1.21525507e+01
  2.58546925e+00 8.42403698e+00 1.04043760e+01 4.56259775e+00
  9.39919353e-01 0.00000000e+00 1.66709538e+01 5.02604656e-02]]