[[2.42166114e+00 1.65785789e+00 2.43602440e-01 0.00000000e+00
  4.59984131e-02 2.02566409e+00 1.52380681e+00 3.28109473e-01
  5.94698787e-01 7.30584860e-02 1.59619820e+00 1.77617252e+00
  1.44954622e+00 5.06381273e-01 1.43764704e-03 3.57718825e+00
  8.65776837e-01 1.41721666e+00 1.33193687e-01 1.70211577e+00
  0.00000000e+00 1.97333393e+01 0.00000000e+00 5.26193285e+00
  4.03730303e-01 5.58541632e+00 3.56578040e+00 0.00000000e+00
  3.43522996e-01 6.97986007e-01 2.10887164e-01 4.00632977e-01
  8.77678752e-01 2.28616810e+00 8.73768106e-02 1.43246400e+00
  2.42760253e+00 0.00000000e+00 8.35423851e+00 7.49452782e+00
  2.10839987e+00 0.00000000e+00 2.95000982e+00 1.96492350e+00
  1.06089592e+00 1.48437634e-01 4.45480824e+00 4.02346432e-01
  3.63385129e+00 5.99009216e-01 2.57310808e-01 4.33305711e-01
  7.85384253e-02 5.74836969e-01 2.36777353e+00 1.44349790e+00
  4.51429337e-01 4.90499115e+00 7.24811268e+00 0.00000000e+00
  1.01886310e-01 1.68804094e-01 6.54251480e+00 6.37532806e+00
  0.00000000e+00 2.16432881e+00 4.75941181e+00 3.13820183e-01
  2.12188408e-01 4.14419651e+00 2.55002439e-01 7.17514467e+00
  4.53262568e+00 4.36590862e+00 4.04266596e+00 0.00000000e+00
  2.47662649e-01 1.98652446e-01 0.00000000e+00 1.12142503e-01
  2.23981810e+00 3.38799715e-01 2.13567033e-01 0.00000000e+00
  6.57463980e+00 2.34292507e+00 0.00000000e+00 1.03045487e+00
  2.28882408e+00 2.40919280e+00 5.50130033e+00 7.03799963e-01
  1.52002990e-01 4.99499655e+00 9.11399841e-01 1.47947639e-01
  4.07890752e-02 9.93960285e+00 0.00000000e+00 6.01924038e+00
  4.13794661e+00 8.23600483e+00 1.22712212e+01 5.67221642e+00
  3.57919216e-01 4.35417223e+00 1.18357718e+00 0.00000000e+00
  3.95894617e-01 6.55356586e-01 1.57633781e-01 7.38333404e-01
  0.00000000e+00 5.36431551e+00 2.25619581e-02 7.87783325e-01
  4.56162882e+00 4.09612370e+00 2.92319679e+00 3.65632248e+00
  2.18456030e-01 2.77753472e+00 0.00000000e+00 8.79230785e+00
  4.19866753e+00 2.31311035e+00 1.41109109e+00 0.00000000e+00
  0.00000000e+00 1.32215300e+01 1.47557110e-01 6.56666681e-02
  1.50925481e+00 2.57339329e-01 4.40836549e-02 1.04957271e+00
  1.09007418e-01 2.01327443e-01 2.16375732e+00 4.06250596e-01
  0.00000000e+00 0.00000000e+00 3.76453567e+00 2.74987149e+00
  7.29104102e-01 0.00000000e+00 1.79844379e+00 0.00000000e+00
  2.01938674e-01 0.00000000e+00 4.16572332e+00 0.00000000e+00
  1.38260141e-01 0.00000000e+00 4.74335879e-01 0.00000000e+00
  7.07365096e-01 1.28056288e+00 1.60011083e-01 1.38038993e+00
  4.24087085e-02 6.20499802e+00 3.00084496e+00 0.00000000e+00
  2.80582094e+00 1.12841880e+00 0.00000000e+00 2.26878476e+00
  0.00000000e+00 1.90651608e+00 7.08453608e+00 1.84345508e+00
  9.88381004e+00 3.36537153e-01 2.44855955e-01 7.93019772e-01
  0.00000000e+00 4.27008569e-01 9.01218128e+00 1.03584175e+01
  1.07026386e+00 7.90120482e-01 2.23865032e+00 4.73882318e-01
  5.27893245e-01 3.00059587e-01 1.52190924e+01 1.73271167e+00
  2.22560883e+00 1.24699011e-01 5.86982393e+00 0.00000000e+00
  6.38456249e+00 1.60493469e+01 5.70345461e-01 7.67807364e-02
  0.00000000e+00 5.75454903e+00 4.68334734e-01 0.00000000e+00
  1.19403493e+00 0.00000000e+00 4.65869188e-01 3.44761467e+00
  1.83161724e+00 1.10769689e+00 0.00000000e+00 5.11252761e-01
  0.00000000e+00 9.59268951e+00 3.01552296e-01 4.81877476e-01
  0.00000000e+00 2.87721962e-01 2.41545391e+00 0.00000000e+00
  0.00000000e+00 1.09576664e+01 8.29089284e-01 1.58627284e+00
  1.61432281e-01 5.10797930e+00 3.61412334e+00 2.34755135e+00
  9.59202111e-01 4.91287184e+00 8.61563254e-03 1.66980326e+00
  0.00000000e+00 3.29379511e+00 1.06142771e+00 2.11132646e-01
  2.60841399e-01 6.20357573e-01 1.78412867e+00 2.03967154e-01
  5.02191603e-01 5.01720524e+00 2.17751956e+00 1.18024623e+00
  1.38227642e+00 2.47349930e+00 1.48385429e+00 1.18027735e+00
  2.17914271e+00 9.18334198e+00 8.79848766e+00 4.69945252e-01
  2.24242282e+00 2.35851049e+00 9.23890710e-01 4.35559654e+00
  6.32805347e+00 3.36432385e+00 1.97469997e+00 7.05250679e-03
  1.54175735e+00 3.73083925e+00 2.72320032e+00 2.82137489e+00
  0.00000000e+00 3.32534760e-01 2.11993173e-01 3.96161389e+00
  1.21621132e+00 1.95786929e+00 1.67588961e+00 9.71565056e+00
  9.17534733e+00 1.26334643e+00 3.12016416e+00 1.88550614e-02
  1.27738547e+00 5.24156952e+00 1.64364338e+00 2.03261089e+00
  9.05839729e+00 0.00000000e+00 3.24526280e-01 2.18451810e+00
  9.29407120e+00 3.45021749e+00 1.69798756e+01 3.52328992e+00
  9.00034249e-01 2.13231947e-02 2.51047325e+00 5.10969579e-01
  1.23599613e+00 6.00054741e+00 2.33804435e-01 0.00000000e+00
  1.05738568e+00 4.13762283e+00 1.47178602e+00 4.27467935e-02
  3.45937824e+00 2.71704584e-01 0.00000000e+00 0.00000000e+00
  6.82796896e-01 0.00000000e+00 1.44901484e-01 0.00000000e+00
  4.39591566e-03 9.84033585e+00 1.46306777e+00 3.06862473e-01
  1.81488663e-01 1.98061454e+00 4.25562114e-01 8.74415636e-01
  1.46856093e+00 2.80584633e-01 7.25966990e-01 1.13375461e+00
  1.40174806e+00 1.21488581e+01 2.09088564e+00 0.00000000e+00
  5.29539704e-01 4.19954449e-01 8.15830326e+00 0.00000000e+00
  1.14315045e+00 1.71068692e+00 3.33649397e+00 2.41207078e-01
  2.48280391e-01 2.64423281e-01 1.30399838e-01 3.54946280e+00
  2.03395653e+00 3.33370298e-01 5.29683208e+00 3.19222188e+00
  3.16217852e+00 2.53519917e+00 7.02332544e+00 4.06537026e-01
  5.72441798e-03 1.68117476e+00 0.00000000e+00 2.04565930e+00
  1.75630844e+00 1.74234176e+00 6.60469383e-02 2.06924820e+00
  1.30243063e+00 0.00000000e+00 2.34139585e+00 5.20038664e-01
  0.00000000e+00 4.20625925e-01 2.34048143e-01 1.25264347e-01
  2.61904407e+00 3.99993467e+00 4.91134119e+00 0.00000000e+00
  9.14679718e+00 5.97389460e-01 9.87136745e+00 1.06420845e-01
  7.08189869e+00 2.44771338e+00 7.66508150e+00 4.64071155e-01
  0.00000000e+00 2.46773291e+00 3.47639561e+00 8.67628992e-01
  1.69964552e+00 1.30769044e-01 4.49135751e-02 1.76804709e+00
  1.22548612e-02 9.72543812e+00 1.82305801e+00 1.22970319e+00
  5.68182373e+00 1.60546553e+00 0.00000000e+00 1.46894073e+00
  5.58245087e+00 3.59795809e+00 1.20715225e+00 0.00000000e+00
  5.94017506e+00 1.41038668e+00 8.64978731e-01 6.09192193e-01
  9.01680529e-01 8.28680515e-01 0.00000000e+00 1.84250128e+00
  2.27890760e-01 1.97989917e+00 1.06986451e+00 1.21693261e-01
  1.05268204e+00 1.11767550e+01 5.61415577e+00 7.94698095e+00
  8.69916153e+00 7.04087541e-02 5.89569271e-01 1.88737124e-01
  8.00484538e-01 9.76151705e-01 5.68516493e+00 8.08701634e-01
  0.00000000e+00 0.00000000e+00 1.60156417e+00 0.00000000e+00
  1.43646762e-01 1.35633767e+00 0.00000000e+00 6.22661293e-01
  2.12907210e-01 0.00000000e+00 7.97185302e-02 4.31593513e+00
  8.24971020e-01 6.68857872e-01 0.00000000e+00 3.97261071e+00
  5.69323778e+00 8.18735242e-01 5.66277075e+00 1.62342787e+00
  1.29846601e+01 2.52751946e-01 2.72605157e+00 1.08110218e+01
  0.00000000e+00 6.08161068e+00 7.23539710e-01 1.66747141e+00
  7.08547294e-01 0.00000000e+00 9.51376617e-01 5.76095390e+00
  9.20181751e-01 2.91540306e-02 5.78424835e+00 1.59631646e+00
  3.67334819e+00 1.19211920e-01 5.68229532e+00 1.90478766e+00
  1.09047782e+00 0.00000000e+00 4.90420341e+00 5.95689178e-01
  2.13075638e+00 2.44415927e+00 0.00000000e+00 4.25909853e+00
  1.13037281e+01 3.49537253e-01 1.88429698e-01 3.26778561e-01
  0.00000000e+00 0.00000000e+00 4.16950375e-01 1.01899363e-01
  1.81489170e-01 1.10143280e+00 5.89882731e-01 7.42164925e-02
  2.26410842e+00 1.32013416e+01 0.00000000e+00 2.04906002e-01
  6.62270665e-01 0.00000000e+00 6.60360396e-01 7.61241674e+00
  2.06090093e-01 7.53428876e-01 0.00000000e+00 1.25257552e+00
  0.00000000e+00 9.59544182e-01 5.21253538e+00 1.02466390e-01
  0.00000000e+00 0.00000000e+00 5.87143123e-01 2.05360508e+00
  1.20095384e+00 5.09409046e+00 0.00000000e+00 4.68314022e-01
  6.52481270e+00 5.10795546e+00 2.25448683e-01 2.08859131e-01
  2.85855484e+00 3.88942547e-02 5.64026058e-01 3.97337705e-01
  4.90550232e+00 0.00000000e+00 5.51395226e+00 2.50615501e+00
  8.52397978e-02 0.00000000e+00 5.36301076e-01 4.95937973e-01]]