[[2.2433701e+00 3.6514905e-01 4.3572503e-01 0.0000000e+00 1.6445085e+00
  3.2373681e+00 3.3439424e+00 2.8814833e+00 1.4934797e+00 2.0663686e+00
  6.6225481e-01 2.3914824e+00 2.9914491e+00 3.8477480e-01 0.0000000e+00
  2.0292630e+00 1.3233353e+00 2.4677545e-01 4.5700735e-01 3.5998800e+00
  8.6694993e-02 1.0355709e+01 4.9484289e-01 2.5116735e+00 8.5712560e-02
  6.0956326e+00 9.2091637e+00 4.1064744e+00 4.8298886e-01 1.1130670e+00
  1.3825095e-01 0.0000000e+00 7.1851724e-01 4.7698221e+00 3.0804676e-01
  2.4891967e-01 8.8554949e-01 3.3770019e-01 8.0490961e+00 3.8634257e+00
  9.7763596e+00 1.9671705e-01 1.9510629e+00 1.6650997e+00 3.3896157e-01
  1.5704789e+00 3.9751365e+00 1.3537787e+00 3.3529053e+00 1.2653039e+00
  1.0316175e+00 5.6172724e+00 7.7430671e-01 5.6178155e+00 9.2621660e-01
  3.7127745e+00 1.4548428e+00 2.0931501e+00 4.3644729e+00 0.0000000e+00
  4.5370474e-01 2.2594633e+00 5.1401839e+00 5.6049891e+00 3.5557985e-01
  1.2708734e+00 5.7228935e-01 1.6988827e+00 1.9131433e+00 2.5710313e+00
  7.1098595e+00 6.1193514e-01 1.8896185e+00 5.2759829e+00 4.8609219e+00
  4.5161314e+00 3.9596707e-01 3.5906909e+00 2.9152262e-01 9.6147247e-02
  7.1779120e-01 1.4152129e+00 3.1107862e+00 8.5421726e-02 9.2854339e-01
  2.1841087e+00 1.1837407e+00 2.0957775e+00 3.1275113e+00 0.0000000e+00
  2.4563847e+00 3.0364725e-01 0.0000000e+00 0.0000000e+00 5.1795282e+00
  3.4908381e-01 5.8777793e-03 2.1966305e+00 4.7416873e+00 5.8532701e+00
  2.3839788e+00 4.6884475e+00 7.5551715e+00 5.0735331e+00 0.0000000e+00
  7.4853134e-01 3.2213399e+00 3.6803463e-01 2.9984767e-02 0.0000000e+00
  6.5502340e-01 1.5481421e+00 2.1677366e-01 1.8881650e-01 1.0875709e+00
  2.6040944e-01 3.3819568e+00 1.2898396e+00 6.0543866e+00 7.5283146e-01
  0.0000000e+00 2.9112246e+00 8.6933953e-01 6.1657653e+00 1.4463791e+00
  3.6008506e+00 1.0460278e+00 5.4470146e-01 1.9947453e-01 1.1244153e+01
  1.7730131e+00 3.4157939e+00 8.2145035e-01 4.7954634e-02 6.1858487e-01
  3.1021352e+00 1.0098202e+00 1.7647069e+00 3.0423357e+00 4.2152584e-01
  6.7243433e-01 3.7718438e-02 0.0000000e+00 3.7952719e+00 1.5916599e+00
  9.6101755e-01 1.7510066e+00 7.3118484e-01 0.0000000e+00 3.6240536e-01
  7.4056083e-01 4.5001057e-01 3.5567458e+00 0.0000000e+00 3.5623884e-01
  6.8599081e-01 3.3138406e-01 1.0336471e+00 1.1665467e+00 3.0344455e+00
  1.7312729e+00 4.2219764e-01 3.5876243e+00 8.2689810e-01 3.2177198e+00
  2.0337231e+00 4.3578500e-01 2.6864116e+00 3.6289096e-01 6.9866508e-01
  2.9952416e+00 8.2485801e-01 8.9873276e+00 8.6195326e+00 5.3621964e+00
  1.2753861e+00 3.1330776e-01 0.0000000e+00 9.5233631e+00 3.7207632e+00
  1.1226950e+00 3.4214288e-01 2.4901493e+00 4.3684223e-01 1.3791668e+00
  7.8979135e-01 2.3019352e+00 6.5024204e+00 1.9475021e+00 2.5530336e+00
  9.8157781e-01 2.2451115e+00 1.8465759e+00 7.9441857e+00 4.7062293e-01
  1.7127639e-02 3.4065213e+00 3.8597410e+00 7.3176759e-01 0.0000000e+00
  2.3656960e+00 2.3848987e+00 0.0000000e+00 8.2762804e+00 2.2433743e+00
  3.8898125e+00 1.9139500e+00 4.9933228e+00 1.5717229e+00 7.8706317e+00
  1.3745711e+00 3.1823114e-01 0.0000000e+00 3.3297534e+00 4.4847301e-01
  7.1313798e-01 5.1876491e-01 1.7120243e+00 1.2372968e+00 2.3768053e+00
  1.4544469e+00 3.5246971e+00 2.4351127e+00 7.7572602e-01 1.9640324e-01
  1.7209806e+00 0.0000000e+00 3.3087857e+00 1.9359388e+00 1.2378244e+00
  1.5313785e+00 2.1755404e+00 2.8166192e+00 2.3074150e+00 2.2107439e+00
  3.3971074e-01 4.4410360e-01 8.0584860e+00 3.3833170e+00 1.6340961e+00
  5.8187395e-01 7.6183581e-01 2.4867766e+00 3.9026480e+00 1.5197297e+00
  7.7238593e+00 8.8369608e+00 6.4783044e+00 4.8164992e+00 2.2774713e-02
  3.0340700e+00 1.3002402e+00 2.0817385e+00 3.0692461e+00 4.3293037e+00
  1.9480348e+00 6.4181840e-01 3.4455407e-02 9.3318415e+00 2.4216156e+00
  0.0000000e+00 6.7448688e-01 5.9698583e-03 3.7504601e-01 2.2684050e+00
  0.0000000e+00 1.2211085e-01 1.2372581e+00 6.1739597e+00 2.5325034e+00
  3.4464257e+00 0.0000000e+00 3.5849104e+00 1.9222019e+00 9.7400218e-02
  1.7352136e+00 1.9651251e+00 1.0344367e+00 0.0000000e+00 6.9966168e+00
  7.1739321e+00 4.4418044e+00 1.9227592e+01 2.2920156e+00 1.7977488e+00
  0.0000000e+00 4.0311337e+00 1.3159525e+00 4.6833530e-01 6.5101056e+00
  1.3123127e+00 0.0000000e+00 2.1573956e+00 3.8681014e+00 2.8638918e+00
  6.3602245e-01 6.7044848e-01 1.8880433e+00 3.6773749e-02 0.0000000e+00
  1.0394886e+00 1.0524695e+00 9.4068956e+00 1.5538934e+00 0.0000000e+00
  1.0117722e+00 0.0000000e+00 2.8090360e+00 9.6801353e-01 1.7728661e+00
  3.7222233e+00 9.0430373e-01 1.5864106e+00 0.0000000e+00 1.6409386e+00
  4.5461825e-01 8.6311644e-01 9.8913403e+00 1.4573408e+00 1.7370113e+00
  7.9847240e-01 3.1419063e-01 2.9319451e+00 1.4031689e+00 1.4260482e+00
  2.8166897e+00 2.1832600e+00 9.5855993e-01 3.0732658e+00 1.4670860e+00
  6.9648230e-01 2.9140134e+00 9.7077131e-01 3.4150908e+00 3.9059336e+00
  3.5709679e+00 3.7937744e+00 5.1657414e+00 1.4363013e+01 2.8441439e+00
  5.0373107e-01 0.0000000e+00 4.4325642e-02 1.7826394e+00 3.7630403e+00
  6.3652956e-01 1.3262831e+00 2.2844698e+00 8.6285675e-01 1.5055819e-01
  7.4532568e-01 1.2102851e+00 5.0123848e-02 6.1710989e-01 1.4845634e+00
  1.2265903e-01 2.3976738e+00 4.8305149e+00 2.8819106e+00 5.1012605e-01
  6.8283186e+00 4.6772674e-01 2.6808889e+00 1.9233081e-03 7.9330487e+00
  2.6736004e+00 6.9102783e+00 0.0000000e+00 1.9719677e-01 8.8075131e-01
  4.3226719e-02 2.8710737e+00 2.1230052e+00 5.8108014e-01 5.4675798e+00
  9.1925311e-01 8.3626413e-01 5.3885098e+00 2.2931516e+00 9.0912861e-01
  1.7647491e+00 1.4623414e+00 1.1793926e+00 6.0121822e-01 2.9129698e+00
  2.8452053e+00 2.0178390e+00 2.4573937e-01 1.3232845e+00 5.2708726e+00
  3.3521777e-01 1.7579727e+00 1.9703559e+00 1.6805983e+00 9.5106846e-01
  1.5304677e+00 2.0619912e+00 4.1221979e-01 2.8203423e+00 2.4598992e+00
  3.2433186e+00 1.7191410e+00 3.7432563e+00 5.5624118e+00 2.4644508e+00
  3.8127525e+00 5.2165675e+00 8.3332932e-01 1.6776878e-02 1.4044621e+00
  1.4320349e+00 5.9833026e+00 0.0000000e+00 0.0000000e+00 2.5838227e+00
  0.0000000e+00 8.7423068e-01 2.2467819e-01 4.5379519e+00 1.9925478e+00
  8.6872733e-01 2.4575288e+00 3.9322543e-01 3.8337836e+00 9.0409452e-01
  1.1356678e+00 7.1898413e-01 4.3335543e+00 2.9446981e+00 9.0883964e-01
  7.7166975e-01 3.0565999e+00 6.6929407e+00 6.8045980e-01 2.0644126e-02
  3.3775880e+00 2.4871168e+00 2.2629243e-01 1.3620174e+00 2.0562563e+00
  1.8141215e+00 9.8852634e-01 1.4792261e+00 7.5768223e+00 7.9766202e-01
  8.0141589e-02 4.9777703e+00 1.9550625e+00 2.5278986e-01 2.7655892e+00
  5.7878977e-01 2.3316534e+00 1.7223604e+00 5.5061321e+00 2.4930601e+00
  8.2196623e-02 1.4120831e+01 1.8305235e+00 2.9876871e+00 3.1912661e+00
  1.8924285e-02 3.0725460e-02 0.0000000e+00 3.7111005e-01 0.0000000e+00
  9.7973895e-01 4.0582013e-01 5.4721389e+00 1.1776222e+00 8.1105274e-01
  2.3699069e+00 2.8032246e+00 1.4351441e+00 1.1148724e+01 0.0000000e+00
  0.0000000e+00 2.7193098e+00 4.9384743e-01 5.3670263e+00 3.0112791e+00
  3.2198414e-01 3.2731259e-01 1.4987174e-01 1.5730960e+00 1.3311782e-01
  2.1873972e+00 1.1717647e+00 1.4415269e+00 8.2105315e-01 0.0000000e+00
  6.5358758e-01 1.2110696e+00 1.6940496e+00 2.1917672e+00 1.9284328e+00
  1.6475723e+00 8.4936452e-01 8.4192572e+00 1.2161902e+00 8.8229924e-01
  7.0463171e+00 1.1979713e+00 1.2865151e+00 3.1427348e-01 4.1447382e+00
  1.3666651e-01 3.5815439e+00 1.4027125e+00 2.9075654e+00 8.7799001e-01
  2.4177570e+00 2.7322683e+00]]