[[1.52655435e+00 5.78416157e+00 6.07354355e+00 3.15202928e+00
  2.61282539e+00 8.82187366e-01 6.67359686e+00 3.64204794e-01
  1.04133284e+00 5.33550882e+00 2.55809093e+00 1.21338606e+00
  6.56049609e-01 1.93895161e+00 9.92006421e-01 7.94856071e-01
  1.29659235e-01 8.52250159e-01 9.87313166e-02 2.16649055e+00
  9.53614771e-01 1.21700983e+01 4.55021572e+00 4.41987562e+00
  1.87763429e+00 3.35321760e+00 1.07803130e+00 7.43724525e-01
  1.62224483e+00 2.99239963e-01 8.85815084e-01 5.14019728e-01
  1.88362074e+00 2.28541756e+00 2.03731728e+00 1.44390881e+00
  2.11147285e+00 0.00000000e+00 1.11300783e+01 4.72151804e+00
  2.62828183e+00 1.65677321e+00 3.38858151e+00 4.47668219e+00
  0.00000000e+00 0.00000000e+00 5.27240562e+00 5.13850784e+00
  5.52651215e+00 1.12839305e+00 6.07924819e-01 4.80458212e+00
  3.31829953e+00 3.44782114e+00 3.93008709e-01 5.81680775e+00
  1.09846210e+00 5.96574366e-01 1.40280402e+00 2.36306357e+00
  8.02957237e-01 7.35560358e-02 9.13114929e+00 5.25631952e+00
  8.79701424e+00 4.75194597e+00 1.48586190e+00 2.28158379e+00
  4.71215677e+00 1.52747035e+00 2.53805614e+00 1.30323970e+00
  0.00000000e+00 5.94017553e+00 1.81700099e+00 9.87564862e-01
  2.84742534e-01 1.12273765e+00 1.28660575e-01 4.72900629e+00
  1.02691114e+00 7.29340315e-01 2.58721185e+00 8.09511542e-01
  7.79714155e+00 4.87783480e+00 2.61474323e+00 7.26699591e-01
  4.10716486e+00 4.98709917e-01 1.13082898e+00 3.74765015e+00
  2.42304623e-01 1.41837978e+01 5.24318075e+00 1.69876242e+00
  1.84621489e+00 7.71687031e-01 5.57170010e+00 5.07296276e+00
  8.47696185e-01 9.74444151e-01 1.08245945e+01 3.01613069e+00
  0.00000000e+00 7.15017378e-01 2.67330796e-01 4.41757250e+00
  5.69164395e-01 1.46578765e+00 1.88013196e-01 3.71515989e-01
  0.00000000e+00 1.75726306e+00 8.50088418e-01 3.94982100e-01
  6.52613163e+00 3.82354826e-01 3.06544566e+00 4.09481525e+00
  1.66592109e+00 8.12383831e-01 9.22864005e-02 2.16671443e+00
  1.23942077e+00 3.37977934e+00 1.66245055e+00 0.00000000e+00
  0.00000000e+00 8.17882347e+00 4.83678675e+00 1.26695776e+00
  3.24297476e+00 3.33705521e+00 2.46567893e+00 1.67193842e+00
  2.06117079e-01 4.56252098e+00 1.58109760e+00 4.13709354e+00
  4.95301485e-01 1.52439618e+00 2.35054636e+00 2.64170599e+00
  6.34014320e+00 9.39748108e-01 2.76087832e+00 1.05396914e+00
  5.51044321e+00 8.34198093e+00 3.75450291e-02 1.12068043e+01
  9.75908935e-01 8.35117638e-01 1.23945272e+00 3.62707329e+00
  9.90897059e-01 7.31169462e-01 1.50068045e+00 1.52232766e-01
  6.22611523e-01 1.40728664e+00 4.86097002e+00 5.62757730e+00
  1.23484898e+00 1.18469560e+00 9.39067066e-01 1.13481843e+00
  0.00000000e+00 3.54900217e+00 7.41631806e-01 1.68215171e-01
  1.27165203e+01 5.82266855e+00 1.97527468e+00 2.66919374e+00
  8.92247260e-01 0.00000000e+00 7.08072138e+00 1.42249095e+00
  2.77272820e+00 9.09736454e-01 4.57615137e+00 1.00904712e-02
  1.11720622e+00 1.58662307e+00 4.78152132e+00 1.22542942e+00
  4.24964046e+00 9.90340590e-01 2.59239149e+00 7.95942187e-01
  6.76793432e+00 1.53201091e+00 1.74348795e+00 7.95048189e+00
  1.91939995e-01 1.15783679e+00 6.72083557e-01 0.00000000e+00
  7.41990387e-01 1.37589648e-01 2.86311179e-01 4.95823383e+00
  1.20465536e+01 4.63975000e+00 1.14397192e+00 6.12443018e+00
  2.64493795e-03 1.04542027e+01 0.00000000e+00 2.29547763e+00
  1.84673071e-01 1.72024214e+00 7.56108940e-01 0.00000000e+00
  3.38282436e-02 0.00000000e+00 1.96442211e+00 1.32105339e+00
  1.25733495e+00 2.14286637e+00 1.95306408e+00 9.50184703e-01
  2.24062133e+00 1.33387744e+00 9.23279226e-01 6.07546687e-01
  3.62752104e+00 3.13379556e-01 2.10191846e+00 7.21828490e-02
  4.65794039e+00 8.80749673e-02 3.94493341e-01 2.14151740e+00
  9.98042583e-01 7.03389740e+00 9.59935427e-01 1.39472032e+00
  1.35281253e+00 5.68414509e-01 1.03278551e+01 3.03164911e+00
  1.28813672e+00 5.74604034e+00 2.22881413e+00 2.07286024e+00
  5.91920674e-01 1.03496246e+01 2.90504122e+00 1.30379450e+00
  5.79463124e-01 9.51022029e-01 7.64391756e+00 1.68123579e+00
  1.47760749e-01 8.90611231e-01 1.63167739e+00 3.08409482e-01
  1.20726383e+00 3.10294986e+00 2.54834270e+00 2.30974436e+00
  1.59414923e+00 8.49410295e-01 5.09245135e-02 2.86789942e+00
  2.54306579e+00 1.12393713e+00 1.83673859e-01 1.99141860e+00
  7.11186945e-01 8.58886242e-01 1.49606919e+00 4.41857666e-01
  5.66073990e+00 7.63258934e+00 2.14058232e+00 4.27283823e-01
  8.07494640e+00 7.72646141e+00 4.26506233e+00 1.48831880e+00
  1.27433693e+00 4.50546779e-02 5.58057070e+00 3.17889285e+00
  5.30408907e+00 3.94909644e+00 2.39005637e+00 9.89033222e-01
  9.10597205e-01 8.77016127e-01 1.17342496e+00 7.06669092e-01
  9.69077766e-01 4.58340943e-01 0.00000000e+00 0.00000000e+00
  3.13195705e+00 9.89624560e-01 8.32034397e+00 2.23747063e+00
  1.77894965e-01 1.42526329e+00 3.31475401e+00 1.98783076e+00
  3.29713774e+00 4.30077128e-02 3.99763489e+00 9.73793888e+00
  9.60197926e-01 6.42438054e-01 5.30481720e+00 1.04114532e-01
  1.30156410e+00 7.77324200e+00 3.33983588e+00 2.34154749e+00
  2.69946623e+00 2.03116488e+00 2.27270079e+00 8.26472819e-01
  3.97185040e+00 1.42851365e+00 5.42956066e+00 9.26108837e-01
  1.28643751e-01 9.26515520e-01 7.15706825e-01 5.40964699e+00
  4.63925898e-01 1.94828749e+00 7.11423683e+00 1.04056251e+00
  4.69300175e+00 1.29366088e+00 5.14368486e+00 7.51980007e-01
  1.39994919e+00 1.86893117e+00 6.91650689e-01 6.64078295e-02
  2.90000010e+00 9.94631290e-01 7.17138624e+00 5.56252241e-01
  5.14444447e+00 6.38936758e-02 1.55309215e-01 3.54489833e-02
  0.00000000e+00 4.15835953e+00 2.05168843e+00 7.95740068e-01
  7.98163891e-01 7.09770346e+00 9.72285032e-01 1.81842160e+00
  1.36593885e+01 1.93489268e-01 0.00000000e+00 9.30588841e-01
  2.09438705e+00 9.38807130e-01 2.00972672e+01 0.00000000e+00
  8.29360962e-01 1.06027281e+00 1.84336245e+00 1.80795836e+00
  2.04522341e-01 5.18765736e+00 2.98408890e+00 1.19872069e+00
  5.37680507e-01 3.60095787e+00 1.80819765e-01 3.95452547e+00
  1.11372113e+00 2.18005037e+00 8.50012684e+00 1.46927750e+00
  9.84902859e-01 1.76295412e+00 1.62125301e+00 2.05901638e-01
  2.17735386e+00 7.25422382e+00 1.39152789e+00 3.58536410e+00
  1.77922559e+00 1.10267198e+00 7.27245235e+00 7.02802300e-01
  2.25026822e+00 9.99964356e-01 3.50363803e+00 6.14100170e+00
  3.56753778e+00 1.35461168e+01 4.50172377e+00 4.16374397e+00
  1.02846825e+00 4.13944435e+00 4.99812651e+00 2.46806216e+00
  3.86401005e-02 6.44105732e-01 1.22273102e+01 1.20955229e+00
  8.08646679e-01 0.00000000e+00 3.39612937e+00 2.86419451e-01
  4.45661731e-02 2.11534500e+00 5.64530134e-01 0.00000000e+00
  1.72418896e-02 9.07084882e-01 1.38911143e-01 3.16555190e+00
  6.77687675e-02 2.09815383e-01 2.19492769e+00 7.07100630e+00
  3.14636159e+00 7.76093721e+00 5.75033140e+00 1.67093456e+00
  5.48485100e-01 1.16261744e+00 1.95982504e+00 2.43011832e+00
  1.97161961e+00 4.69961405e+00 1.14392960e+00 4.91352987e+00
  3.21415401e+00 3.28723264e+00 1.53453982e+00 1.60656214e+00
  7.63447732e-02 3.20430219e-01 9.45153832e-01 1.35317397e+00
  3.72806478e+00 0.00000000e+00 8.27116847e-01 1.95019519e+00
  2.62548852e+00 2.10391259e+00 7.98512602e+00 4.46352929e-01
  2.01876950e+00 1.46245813e+00 6.62458777e-01 3.42918491e+00
  1.26525298e-01 0.00000000e+00 3.09659660e-01 6.39299750e-02
  8.91763330e-01 6.71639368e-02 2.06226394e-01 7.02499330e-01
  1.05314612e+00 1.40113521e+00 0.00000000e+00 9.46430624e-01
  9.94704783e-01 1.60561132e+00 9.26663220e-01 6.94629908e-01
  1.59798786e-01 1.49029756e+00 1.43199253e+00 2.75362468e+00
  0.00000000e+00 0.00000000e+00 1.51630008e+00 5.24199486e+00
  2.04469532e-01 8.61315966e-01 3.28946567e+00 0.00000000e+00
  1.54382873e+00 1.88006508e+00 1.73933423e+00 8.89962673e+00
  2.39806485e+00 3.35593390e+00 5.34914923e+00 1.95907497e+00
  9.38755348e-02 3.13415647e+00 1.00046349e+00 1.14685965e+00
  4.13833666e+00 2.08244592e-01 1.43813169e+00 4.35945928e-01
  3.65558267e+00 2.17286301e+00 4.79682446e+00 2.50779772e+00
  2.26224089e+00 5.51391065e-01 4.44963169e+00 1.69476962e+00]]