[[8.08015919e+00 5.75339365e+00 5.44183350e+00 2.90258050e+00
  3.69400650e-01 1.96643972e+00 1.36298382e+00 0.00000000e+00
  7.14906037e-01 1.68730557e+00 4.23717594e+00 1.76806223e+00
  3.17112803e+00 1.58478713e+00 0.00000000e+00 6.14162731e+00
  6.82651997e-01 0.00000000e+00 4.88890350e-01 4.10826302e+00
  0.00000000e+00 2.42470908e+00 1.50384820e+00 1.23524828e+01
  1.02863395e+00 3.48281860e+00 1.16735496e-01 7.51886606e+00
  1.72352540e+00 1.01711297e+00 2.25823000e-01 9.56604421e-01
  7.60158253e+00 2.02820730e+00 1.62382469e-01 4.94441092e-01
  1.36861056e-01 7.08920434e-02 1.56064439e+00 2.87806416e+00
  4.46342230e+00 3.03201526e-02 6.09754503e-01 4.94178534e+00
  3.41199130e-01 6.88846064e+00 8.27375293e-01 1.88630730e-01
  2.32388377e+00 0.00000000e+00 3.52247310e+00 3.90452743e+00
  1.33750200e+00 3.69329453e+00 3.13280964e+00 8.46531749e-01
  6.15314770e+00 6.94159210e-01 7.41424859e-01 5.05742757e-03
  5.92329025e+00 3.40184188e+00 7.76487350e+00 6.16183138e+00
  0.00000000e+00 9.71552968e-01 0.00000000e+00 0.00000000e+00
  4.82039499e+00 9.80097532e-01 2.46467361e+01 7.02055454e+00
  1.45446941e-01 9.93936598e-01 0.00000000e+00 2.88049746e+00
  1.92719221e+00 2.45376515e+00 7.52983618e+00 6.55879593e+00
  2.14225340e+00 8.38272393e-01 1.74799299e+00 6.08746910e+00
  1.15096769e+01 1.00434113e+01 3.98827934e+00 3.89310479e+00
  1.99725246e+00 1.97360384e+00 6.93466663e+00 2.17065287e+00
  4.35817182e-01 2.02524996e+00 1.07904491e+01 3.23994923e+00
  2.30676508e+00 1.61285007e+00 0.00000000e+00 6.75296164e+00
  2.80935240e+00 6.53986871e-01 4.01792145e+00 1.46709025e+00
  0.00000000e+00 2.88637662e+00 2.26603413e+00 6.08597219e-01
  3.09479380e+00 4.32814312e+00 1.17964017e+00 4.95744085e+00
  2.30414405e-01 4.21941566e+00 5.80569625e-01 1.07747591e+00
  6.97587967e+00 6.12504147e-02 4.76318151e-01 1.38368893e+00
  2.62107348e+00 3.36942941e-01 2.50706971e-01 2.78844190e+00
  9.17468369e-02 2.49637651e+00 2.13558197e-01 1.69711208e+00
  2.07217216e-01 1.29384918e+01 4.18615311e-01 1.76965833e+00
  4.07994938e+00 5.19772863e+00 0.00000000e+00 2.29166722e+00
  1.19649649e+00 1.16509914e+00 7.36727178e-01 4.22169924e+00
  9.84586620e+00 1.70676470e+00 4.52186441e+00 5.41693592e+00
  0.00000000e+00 2.07082883e-01 5.67081547e+00 0.00000000e+00
  1.15602231e+00 3.49747849e+00 0.00000000e+00 5.51933050e+00
  2.63044238e+00 1.05108881e+00 1.81336761e+00 3.88712597e+00
  9.03854311e-01 2.96800756e+00 1.47674769e-01 8.62233925e+00
  3.17093325e+00 2.46181846e+00 1.39781189e+00 1.33796656e+00
  8.03341866e-01 8.12455750e+00 0.00000000e+00 0.00000000e+00
  8.09002757e-01 0.00000000e+00 9.37628841e+00 7.60361147e+00
  5.27815294e+00 2.56403389e+01 3.03095531e+00 6.18506312e-01
  1.15625596e+00 4.93974313e-02 6.42494726e+00 8.99596596e+00
  0.00000000e+00 0.00000000e+00 5.68925571e+00 5.10295391e+00
  5.58319712e+00 1.11567211e+00 3.11753130e+00 1.13485634e+00
  2.63669252e+00 0.00000000e+00 1.01517696e+01 1.34197414e-01
  5.47429466e+00 3.13254189e+00 1.27179706e+00 1.30323827e+00
  7.59551239e+00 6.96831417e+00 6.61946654e-01 3.10480237e+00
  5.57921600e+00 0.00000000e+00 0.00000000e+00 2.16796875e-01
  5.80244684e+00 0.00000000e+00 1.01191788e+01 2.20109391e+00
  3.11149120e-01 8.81256866e+00 1.56054473e+00 5.45056641e-01
  5.87392092e-01 1.64000547e+00 2.90832400e+00 0.00000000e+00
  1.12313271e+00 6.95348918e-01 7.27746010e-01 3.39064980e+00
  1.10031641e+00 5.00571489e+00 5.36634111e+00 1.66536331e-01
  1.20075417e+00 7.98214531e+00 5.61361694e+00 1.44620275e+00
  4.14318234e-01 1.16305506e+00 4.93344754e-01 2.62068391e+00
  1.06346571e+00 1.01273298e+00 2.64021069e-01 0.00000000e+00
  1.14721620e+00 4.64670467e+00 1.58205926e+00 1.76401305e+00
  5.47340736e-02 1.78520036e+00 2.02902102e+00 9.77323532e+00
  1.47026563e+00 2.29139543e+00 8.80718040e+00 6.36479473e+00
  3.80205870e+00 8.46791744e-01 3.40501237e+00 8.71692121e-01
  1.91405028e-01 4.26051903e+00 1.70973706e+00 3.22968841e+00
  6.94080830e+00 1.21973157e+00 2.87183499e+00 7.16247797e-01
  0.00000000e+00 0.00000000e+00 3.70741558e+00 5.67646551e+00
  1.99370718e+00 3.16710520e+00 8.69493961e+00 2.14373398e+00
  9.06530285e+00 1.53357446e+00 1.52297223e+00 0.00000000e+00
  2.63278174e+00 9.15534675e-01 5.70092010e+00 7.48659730e-01
  5.40178490e+00 2.89352751e+00 1.49399555e+00 4.16657358e-01
  3.87116838e+00 3.40363574e+00 1.32804651e+01 4.19694662e+00
  1.47485152e-01 3.29842269e-01 9.24193573e+00 5.71311903e+00
  1.13663924e+00 7.05267143e+00 1.78612709e+00 1.25401151e+00
  3.54472756e+00 4.60728455e+00 2.68582988e+00 2.16453457e+00
  1.12280615e-01 7.87745595e-01 3.15725625e-01 6.19289577e-01
  5.98291270e-02 2.80277181e+00 1.23542366e+01 1.84593186e-01
  9.04972255e-01 2.20674801e+00 6.04260564e-01 2.00279307e+00
  0.00000000e+00 2.52834034e+00 4.62951803e+00 7.92165458e-01
  6.41392803e+00 1.47171056e+00 8.99890512e-02 1.73695612e+00
  1.98917937e+00 4.01453209e+00 2.65348506e+00 2.29514289e+00
  1.13291168e+01 9.48940694e-01 6.10523939e+00 3.99170458e-01
  1.83188939e+00 6.30985320e-01 2.15677810e+00 1.63180101e+00
  3.40304971e+00 3.32412690e-01 3.62149775e-01 6.41259968e-01
  0.00000000e+00 8.69493294e+00 3.96457410e+00 4.02766800e+00
  4.31838512e+00 1.21371651e+01 1.03407049e+01 5.98416865e-01
  4.47805023e+00 7.45101929e-01 1.36437312e-01 6.75158620e-01
  3.48202538e+00 3.67318898e-01 4.99387693e+00 4.64273024e+00
  4.92458153e+00 0.00000000e+00 1.76268625e+00 0.00000000e+00
  5.08918948e-02 2.87904739e+00 2.55102158e+00 4.20440845e-02
  1.44841456e+00 1.84488320e+00 6.00475132e-01 4.73501825e+00
  1.27582331e+01 5.82577109e-01 8.41464710e+00 5.21776962e+00
  5.97410250e+00 9.98531520e-01 4.34183884e+00 4.58638620e+00
  8.12240690e-02 2.73057461e+00 6.53584146e+00 4.70722795e-01
  3.17560458e+00 0.00000000e+00 1.37248266e+00 9.68526542e-01
  5.70042181e+00 3.34207392e+00 1.61433780e+00 2.31056905e+00
  1.43222046e+00 4.50590611e+00 6.59834385e+00 6.02986526e+00
  2.96571463e-01 2.60506821e+00 3.22707725e+00 4.25197303e-01
  1.77273619e+00 3.60269237e+00 9.32576561e+00 3.69376183e+00
  3.28251648e+00 7.07236290e-01 9.12632751e+00 1.98335516e+00
  9.66504097e-01 4.15039396e+00 6.56480455e+00 1.29247022e+00
  3.63685131e+00 1.34681249e+00 9.03900146e-01 1.17352796e+00
  5.30599356e+00 3.28211951e+00 5.28595567e-01 1.45326066e+00
  5.31149283e-02 1.43041646e+00 5.34836578e+00 3.11271763e+00
  2.27626705e+00 1.81086826e+00 0.00000000e+00 2.00687337e+00
  1.29925847e+00 3.43772912e+00 3.12196112e+00 6.69462085e-02
  3.20147783e-01 1.51017392e+00 6.03587008e+00 6.11355925e+00
  2.12887549e+00 0.00000000e+00 1.31636894e+00 1.97874081e+00
  3.55123186e+00 6.83309126e+00 1.39802408e+00 8.14310253e-01
  1.03571844e+01 3.01776195e+00 0.00000000e+00 1.57481402e-01
  5.32526970e-01 3.47721076e+00 5.11657238e+00 4.84510994e+00
  2.29553008e+00 1.88362932e+00 6.47075027e-02 3.07877493e+00
  1.02399292e+01 1.07577848e+00 8.05281758e-01 7.11044312e-01
  2.67979145e+00 1.07262775e-01 1.50303304e+00 2.94459701e+00
  6.70615101e+00 3.23026633e+00 5.13589096e+00 1.40579975e+00
  1.08847866e+01 1.23900783e+00 4.55146217e+00 3.70419443e-01
  9.12952840e-01 1.59442091e+00 2.89120483e+00 0.00000000e+00
  0.00000000e+00 6.85676193e+00 1.75415707e+00 1.32871103e+01
  1.20928252e+00 4.88630486e+00 0.00000000e+00 7.06965160e+00
  1.69142246e+00 1.16278772e+01 3.54779363e-02 1.54122615e+00
  1.06237376e+00 1.59223437e+00 2.24594641e+00 6.43085051e+00
  1.81133926e+00 4.73349661e-01 4.03722785e-02 0.00000000e+00
  0.00000000e+00 1.71825087e+00 2.55281353e+00 1.36097148e-01
  5.94043195e-01 3.59608579e+00 3.61701250e+00 2.67789841e-01
  3.63454707e-02 0.00000000e+00 2.75168228e+00 5.67804813e-01
  1.03706074e+00 1.31535711e+01 1.27267408e+00 1.43316996e+00
  2.20551920e+00 2.94167519e+00 1.01344585e+00 2.31917953e+00
  2.13759065e+00 1.62118658e-01 8.50851059e+00 7.13807106e-01
  3.33599120e-01 4.47946501e+00 1.65453017e+00 6.50332332e-01]]