[[1.13751344e-01 1.55063236e+00 5.10109711e+00 6.96904957e-01
  5.62724352e-01 9.52863693e+00 5.26357174e+00 7.69377613e+00
  1.03203464e+00 3.93722367e+00 9.99936163e-01 8.06825697e-01
  6.58675909e+00 8.58425903e+00 0.00000000e+00 9.53877807e-01
  6.14819336e+00 2.58673716e+00 0.00000000e+00 4.18133402e+00
  2.64216042e+00 9.58267117e+00 0.00000000e+00 1.00811758e+01
  2.35322401e-01 2.26817989e+00 2.70216852e-01 5.36504164e-02
  7.28189087e+00 7.42643237e-01 3.35589623e+00 3.68976474e+00
  0.00000000e+00 6.73662472e+00 9.82793152e-01 6.85168896e-03
  0.00000000e+00 3.30172814e-02 3.20484042e+00 1.90943968e+00
  9.00306320e+00 6.12021685e+00 1.48846090e+00 8.66831207e+00
  7.16672063e-01 8.96989346e-01 1.65945351e+00 2.46488023e+00
  2.42899179e+00 0.00000000e+00 1.10306871e+00 3.91803479e+00
  1.23183382e+00 1.84609008e+00 1.07435751e+00 2.64546824e+00
  5.97376982e-03 1.05310268e+01 2.19322777e+00 1.02417842e-01
  0.00000000e+00 4.74312931e-01 9.41790295e+00 4.90198326e+00
  1.75512934e+00 6.16131008e-01 3.82806087e+00 0.00000000e+00
  1.54248571e+00 4.97801214e-01 2.29807332e-01 8.69174004e+00
  1.63628376e+00 5.90190053e-01 6.85866117e+00 7.05225706e-01
  2.39892937e-02 6.97485134e-02 6.78896546e-01 1.19686568e+00
  0.00000000e+00 1.58755529e+00 2.88013983e+00 1.58198893e+00
  1.61441636e+00 3.84192276e+00 5.53760350e-01 0.00000000e+00
  7.81182241e+00 1.81697655e+00 6.87768281e-01 1.02164984e+01
  5.76526928e+00 1.16237373e+01 1.08274162e+00 2.06006670e+00
  1.30792558e+00 2.16616049e-01 2.41775084e+00 2.43969202e+00
  6.51249051e-01 4.04928303e+00 5.20571291e-01 4.68480778e+00
  2.72285032e+00 2.44680047e+00 8.97164717e-02 2.97047186e+00
  4.98562670e+00 2.88752317e+00 2.49035668e+00 2.40039706e+00
  1.07279339e+01 4.80699492e+00 8.73227775e-01 4.58283234e+00
  7.76180077e+00 5.16915619e-01 8.19177032e-01 5.56856096e-02
  2.64744568e+00 0.00000000e+00 2.65139961e+00 1.44698036e+00
  0.00000000e+00 2.22714210e+00 2.74059743e-01 1.44226182e+00
  2.38771057e+00 1.03139601e+01 2.71500850e+00 3.59396338e-01
  2.28778839e+00 1.07377283e-01 6.84531927e+00 4.95369482e+00
  1.06134522e+00 1.32079768e+00 1.42539263e+00 2.23397708e+00
  5.04901469e-01 2.27190828e+00 1.62363291e-01 2.42413807e+00
  3.36107445e+00 1.25148954e+01 8.80834866e+00 2.72301817e+00
  1.11931586e+00 8.80020618e+00 8.38524437e+00 2.34057808e+00
  3.03268743e+00 0.00000000e+00 1.23135865e+00 9.37017441e+00
  2.82754207e+00 4.25803661e+00 4.52209711e-01 2.56947160e-01
  1.56591964e+00 1.52407050e-01 2.45464849e+00 4.52717447e+00
  6.50927424e-01 2.87114358e+00 5.95411460e-04 3.12268257e+00
  3.47054172e+00 3.31963539e+00 3.35511506e-01 5.28627062e+00
  5.94804668e+00 3.93821038e-02 0.00000000e+00 4.80556202e+00
  3.42884094e-01 1.42587957e+01 6.90672755e-01 1.62271786e+00
  2.37905145e+00 1.12433299e-01 8.23283005e+00 3.99117380e-01
  6.11211598e-01 2.33754921e+00 8.47835541e+00 7.66861498e-01
  3.33891010e+00 7.12246370e+00 6.46058750e+00 0.00000000e+00
  0.00000000e+00 7.23822832e+00 2.25923777e+00 5.63042462e-02
  4.12119448e-01 4.89877415e+00 5.00942647e-01 1.87010944e+00
  1.79466808e+00 2.73845744e+00 1.27925420e+00 0.00000000e+00
  1.09845996e+00 2.75771070e+00 3.41852236e+00 7.87698412e+00
  7.01927710e+00 1.18114185e+01 1.24974453e+00 3.43027306e+00
  2.44157743e+00 5.32600462e-01 3.34903646e+00 1.10670185e+00
  3.68310380e+00 0.00000000e+00 7.28289843e-01 2.62871623e+00
  3.95956087e+00 5.59999418e+00 1.52284360e+00 3.94450754e-01
  5.49926996e+00 5.68855381e+00 2.68323749e-01 3.32594299e+00
  6.98245466e-01 3.68181062e+00 0.00000000e+00 4.12027740e+00
  2.76378870e+00 9.04130459e+00 6.67371869e-01 1.01263828e+01
  3.64346552e+00 4.09245539e+00 5.85818470e-01 1.34975898e+00
  8.35192323e-01 0.00000000e+00 6.35673225e-01 5.29552364e+00
  3.84089875e+00 4.99575406e-01 2.41096973e+00 9.55038965e-01
  6.16581202e-01 4.14906293e-01 1.04859006e+00 4.71662551e-01
  6.17402136e-01 1.20250821e+00 1.13785720e+00 2.48392606e+00
  2.70096731e+00 1.55655301e+00 2.75581169e+00 0.00000000e+00
  3.74170929e-01 7.90497009e-03 6.55424833e+00 4.03778601e+00
  2.36458793e-01 2.40695071e+00 9.32444954e+00 2.08258176e+00
  7.89206696e+00 4.02973366e+00 5.72614193e+00 0.00000000e+00
  4.29349422e-01 1.09399629e+00 4.82247972e+00 6.19070673e+00
  8.35471058e+00 3.33649564e+00 3.92815328e+00 1.69346559e+00
  2.53017116e+00 2.69281125e+00 6.56785250e-01 1.48688388e+00
  2.56796336e+00 6.66078627e-01 1.29451103e+01 6.04969859e-01
  6.28134775e+00 1.96125627e+00 5.60590601e+00 8.77923608e-01
  3.99189878e+00 7.18081999e+00 1.06304348e+00 2.71113157e+00
  6.61034584e+00 6.63393915e-01 7.43364525e+00 8.05694878e-01
  7.91430414e-01 1.04821978e+01 1.26552403e+00 1.41376662e+00
  1.74019980e+00 0.00000000e+00 1.06201878e+01 2.73238397e+00
  3.15850824e-02 6.40749741e+00 9.68822956e-01 6.90531969e-01
  2.67053509e+00 1.08902264e+00 8.77055585e-01 6.86915255e+00
  5.79673672e+00 5.17172861e+00 1.37996387e+00 3.77776790e+00
  4.92041254e+00 2.52848792e+00 4.22869396e+00 5.89325953e+00
  4.83215046e+00 4.08410102e-01 9.37968636e+00 0.00000000e+00
  5.66388941e+00 3.45551640e-01 2.23630762e+00 3.09905195e+00
  2.14813399e+00 7.95405674e+00 5.67781162e+00 5.52448797e+00
  4.75962257e+00 1.82366943e+00 3.00314605e-01 2.01571727e+00
  2.92098570e+00 2.63784766e+00 3.61055994e+00 2.31757164e-01
  1.18965733e+00 9.45860028e-01 2.60466790e+00 5.05047321e+00
  4.32580853e+00 3.06762791e+00 2.66923100e-01 3.67272049e-02
  1.20575881e+00 6.36777067e+00 6.03687000e+00 2.53814220e+00
  1.11337543e+00 4.89248896e+00 3.68255281e+00 5.93330526e+00
  2.20114851e+00 6.69718552e+00 5.53966475e+00 9.41099823e-01
  1.71553648e+00 2.31526569e-01 7.19522142e+00 7.70864534e+00
  6.79221439e+00 8.15211296e+00 7.43816614e-01 0.00000000e+00
  6.17741060e+00 9.60479021e-01 7.87397242e+00 0.00000000e+00
  1.55590606e+00 1.73380220e+00 7.83403349e+00 7.30192900e-01
  4.17712450e-01 1.02454824e+01 6.85680807e-01 1.43406737e+00
  4.21498775e+00 1.77813217e-01 4.85365105e+00 1.55586839e-01
  7.96709120e-01 1.13142099e+01 8.34565830e+00 6.63412571e-01
  1.39533627e+00 2.53206515e+00 4.54825938e-01 6.46908522e-01
  1.28587699e+00 4.95502621e-01 1.69291091e+00 9.68691349e-01
  3.24693012e+00 6.20771313e+00 2.18327355e+00 1.88472342e+00
  2.93936992e+00 1.91224265e+00 0.00000000e+00 1.08922613e+00
  2.36866784e+00 7.46977329e+00 1.36497211e+00 1.24301767e+00
  0.00000000e+00 0.00000000e+00 7.46932411e+00 2.22173667e+00
  0.00000000e+00 2.41559958e+00 1.82630193e+00 1.68685064e-01
  8.93521690e+00 4.55852628e-01 5.66726327e-01 3.63480020e+00
  3.80387604e-02 2.16008830e+00 3.72902250e+00 5.19456923e-01
  3.76867563e-01 2.05404711e+00 1.11585784e+00 5.61149359e-01
  4.83217269e-01 8.45189953e+00 4.64512110e-01 6.86220303e-02
  1.08090258e+00 5.45889282e+00 1.83072424e+00 1.02353704e+00
  0.00000000e+00 3.42323589e+00 2.43784964e-01 4.63424158e+00
  9.63093948e+00 2.45661378e-01 3.20927835e+00 2.72705007e+00
  3.29874253e+00 1.12691019e-02 3.31517339e+00 9.89494038e+00
  5.63935137e+00 7.18857956e+00 1.08964062e+01 8.83096755e-01
  0.00000000e+00 2.64310054e-02 2.72981286e+00 3.06835222e+00
  7.80758619e-01 2.29041433e+00 4.89752007e+00 2.48564482e+00
  7.70829767e-02 2.67022109e+00 9.66059017e+00 1.46436945e-01
  2.91261053e+00 1.67832685e+00 4.89020139e-01 4.76414633e+00
  5.48289442e+00 1.48272943e+00 0.00000000e+00 4.76621121e-01
  9.28903818e-02 5.41177607e+00 4.83317375e+00 4.40842390e-01
  4.94641590e+00 8.23986083e-02 2.73001623e+00 1.68674454e-01
  6.26312447e+00 2.13363075e+00 9.76330566e+00 2.91315103e+00
  3.12763643e+00 1.66222537e+00 4.58405924e+00 3.64673805e+00
  2.63616037e+00 8.49581623e+00 8.41609657e-01 3.74917477e-01
  1.73144114e+00 8.42547044e-02 2.66047859e+00 1.14658523e+00
  2.30096722e+00 1.85284817e+00 3.09180498e+00 1.11067333e+01
  8.43997121e-01 1.94060099e+00 1.53300786e+00 1.78921771e+00
  2.90130526e-01 6.97637510e+00 2.76109934e+00 1.57880390e+00]]