[[5.54799223e+00 1.67008662e+00 8.97723138e-01 1.33341873e+00
  1.88998175e+00 4.42379570e+00 2.40459752e+00 6.94237351e-02
  2.79429722e+00 6.15338945e+00 1.10199785e+00 3.92607659e-01
  2.72064924e-01 5.04225111e+00 1.21885467e+00 0.00000000e+00
  1.21422005e+00 8.82573605e-01 1.98519707e-01 4.08528614e+00
  9.70783997e+00 1.07361174e+01 7.12741661e+00 1.11654270e+00
  1.40856087e+00 8.16839123e+00 1.09885716e+00 4.90061235e+00
  4.31779385e+00 5.93854547e-01 9.30471793e-02 8.62212539e-01
  2.99840689e+00 1.18102968e+00 3.52163278e-02 1.19673262e+01
  9.14975548e+00 3.28928924e+00 7.98040271e-01 1.43188429e+00
  2.69106221e+00 3.66676164e+00 3.80422735e+00 4.48888779e+00
  3.69150817e-01 2.60193062e+00 2.11459517e+00 6.11965132e+00
  3.04840255e+00 3.68274093e-01 5.45116043e+00 7.51488745e-01
  2.86445546e+00 2.85740685e+00 4.25162268e+00 4.66004992e+00
  9.14783096e+00 1.11012769e+00 4.10002172e-01 5.41559458e+00
  0.00000000e+00 4.75832790e-01 5.26179266e+00 7.99815226e+00
  5.36904573e-01 3.17957592e+00 6.34988356e+00 4.21503973e+00
  7.19524670e+00 9.21207523e+00 2.57876706e+00 4.95290661e+00
  0.00000000e+00 1.09613943e+01 2.05458546e+00 1.98900545e+00
  7.31179118e-01 0.00000000e+00 7.58767891e+00 8.74697804e-01
  1.71068311e-01 6.85613871e+00 6.78092384e+00 1.38518178e+00
  4.72471762e+00 3.52773476e+00 3.98750335e-01 3.29495931e+00
  3.30840421e+00 0.00000000e+00 1.14983201e+00 0.00000000e+00
  1.81707457e-01 1.61401987e+00 1.86509085e+00 2.71686971e-01
  2.23070216e+00 6.07718408e-01 2.33111954e+00 4.29463577e+00
  2.67654181e+00 6.19373608e+00 5.78839874e+00 8.90536308e+00
  5.91842461e+00 1.03100610e+00 1.23538768e+00 3.09838676e+00
  1.12046492e+00 4.35103476e-01 3.93050432e-01 1.75239038e+00
  1.70306459e-01 9.08179939e-01 3.95569623e-01 2.60192901e-01
  7.33648014e+00 4.68485212e+00 0.00000000e+00 4.09479809e+00
  3.33158672e-02 2.02442050e+00 2.41213232e-01 6.55954552e+00
  7.90849447e+00 6.24942398e+00 1.76526830e-01 9.29355621e-01
  9.35652614e-01 2.05889320e+00 2.71019292e+00 6.15083885e+00
  1.51614513e+01 0.00000000e+00 1.82493079e+00 2.42410254e+00
  2.40028548e+00 7.65301241e-03 1.79802656e+00 1.54949923e+01
  2.50516081e+00 3.91229391e-01 1.00152242e+00 6.30474329e-01
  9.16083336e-01 9.15334606e+00 6.19140196e+00 1.37752473e+00
  4.84654337e-01 1.53101397e+00 0.00000000e+00 2.79549390e-01
  2.54467440e+00 3.77049851e+00 3.46389127e+00 0.00000000e+00
  1.78854120e+00 1.20688114e+01 1.24304855e+00 4.55438256e-01
  2.14360261e+00 6.76069546e+00 8.69625854e+00 9.44294810e-01
  4.21101665e+00 2.93640375e+00 6.74443692e-02 8.10599029e-01
  5.75389266e-02 3.28626299e+00 1.92249537e+00 2.99329805e+00
  1.85160565e+00 1.36342859e+00 1.93877304e+00 6.69011712e-01
  4.73167896e+00 4.03914833e+00 4.35724068e+00 6.63258314e+00
  1.46188414e+00 7.06979692e-01 1.16567242e+00 1.55301583e+00
  3.40157188e-02 1.14609444e+00 5.19269884e-01 1.69855893e+00
  2.55001473e+00 2.08449173e+00 1.95006597e+00 0.00000000e+00
  0.00000000e+00 8.52480984e+00 9.38390076e-01 1.88985556e-01
  3.65816569e+00 3.85532451e+00 2.02421713e+00 9.14464965e-02
  7.34085751e+00 7.26801968e+00 1.10364580e+01 5.01308918e+00
  2.01588669e+01 4.59234893e-01 6.56379759e-01 2.67405534e+00
  3.43844795e+00 7.96511269e+00 1.46361426e-01 1.61902416e+00
  2.69858193e+00 2.05600858e+00 4.69049424e-01 4.42948341e-02
  1.54033899e+00 2.48104668e+00 1.24720013e+00 1.21745598e+00
  2.94186592e+00 6.90346050e+00 3.61377048e+00 6.11172020e-01
  2.25088263e+00 4.71585131e+00 1.84687746e+00 4.11844492e+00
  3.34571034e-01 2.19586921e+00 2.19424963e+00 7.23948097e+00
  0.00000000e+00 1.95504975e+00 5.59488714e-01 2.54767275e+00
  1.12783937e-02 6.45751953e+00 1.10374463e+00 1.86157441e+00
  1.26166213e+00 1.32031348e-02 8.35484385e-01 4.72478914e+00
  5.35982430e-01 8.25869274e+00 5.50734425e+00 1.13111567e-02
  4.84703016e+00 4.33288956e+00 1.25902452e+01 1.07564902e+00
  3.43289113e+00 5.13040352e+00 5.44735253e-01 5.30103184e-02
  3.22026491e+00 1.20903349e+00 4.10471678e+00 4.04090357e+00
  2.79167962e+00 9.26591873e+00 2.83543915e-02 3.66740847e+00
  3.98787212e+00 0.00000000e+00 3.89525175e-01 5.38234115e-01
  1.44339108e+00 8.96307826e-01 8.86460114e+00 5.60932684e+00
  3.46265650e+00 7.30749547e-01 6.00545120e+00 2.64520794e-01
  2.26058841e+00 6.52033949e+00 0.00000000e+00 7.49961793e-01
  6.86327648e+00 3.57336020e+00 8.86045575e-01 2.25190353e+00
  6.44159937e+00 4.09774899e-01 0.00000000e+00 4.60786486e+00
  8.09240437e+00 4.46367311e+00 0.00000000e+00 1.92874706e+00
  1.29453039e+01 1.32344103e+01 6.79945326e+00 3.94359040e+00
  5.19865084e+00 8.74560356e-01 5.67393875e+00 7.04477429e-01
  8.02319348e-01 2.59594178e+00 6.01230240e+00 1.07272637e+00
  2.49678397e+00 1.92642534e+00 5.28332376e+00 2.60879755e+00
  2.12719226e+00 1.97446156e+00 3.48984575e+00 9.40091968e-01
  2.21872163e+00 8.25968361e+00 2.72762728e+00 2.94431829e+00
  3.66694045e+00 1.26445751e+01 3.36278868e+00 2.09855032e+00
  3.61572057e-02 1.64702988e+01 2.40537238e+00 3.74738574e+00
  1.82331944e+00 6.51542091e+00 7.60625267e+00 2.38695979e-01
  8.03690338e+00 2.96003532e+00 8.02910700e-02 4.52783853e-01
  0.00000000e+00 6.20021105e-01 1.95060253e+00 9.41493893e+00
  1.56388462e+00 2.41940308e+00 5.47392178e+00 1.21567392e+01
  5.49881840e+00 5.70098730e-03 0.00000000e+00 2.40657425e+00
  1.50648451e+00 3.74706554e+00 1.82508647e+00 1.62412119e+00
  1.50697017e+00 1.18949777e-02 0.00000000e+00 2.53720737e+00
  2.18946838e+00 1.26001215e+00 1.46986336e-01 1.25934255e+00
  4.30913806e-01 5.82935190e+00 1.73926151e+00 7.39424109e-01
  7.14459658e+00 5.55407941e-01 1.62114620e+00 1.08546925e+01
  3.84890103e+00 2.24978876e+00 3.30758333e+00 1.41131127e+00
  6.07199967e-01 0.00000000e+00 2.59104222e-01 3.33809280e+00
  1.33784676e+00 3.13221812e+00 2.84163022e+00 3.66444379e-01
  3.20415115e+00 2.79956627e+00 0.00000000e+00 1.33459396e+01
  3.79759836e+00 2.09619999e+00 1.07296519e-01 1.04452915e+01
  4.46324444e+00 0.00000000e+00 2.72485423e+00 0.00000000e+00
  4.64683741e-01 6.02920866e+00 3.81191325e+00 2.73244095e+00
  5.56877995e+00 2.77560711e+00 1.01570930e+01 2.27871394e+00
  8.39267969e-01 1.24318027e+00 4.21312809e+00 4.12412852e-01
  6.81169653e+00 1.18682795e+01 1.03948936e+01 1.27686667e+00
  1.49424801e+01 0.00000000e+00 1.83664978e-01 1.41219068e+00
  8.90313244e+00 9.65583026e-01 8.53130281e-01 5.85151076e-01
  0.00000000e+00 0.00000000e+00 0.00000000e+00 2.70963025e+00
  0.00000000e+00 9.56499457e-01 2.59338409e-01 2.87176514e+00
  2.00035596e+00 4.69344296e-02 8.46743393e+00 7.91781425e+00
  3.26426601e+00 2.07291293e+00 3.92460918e+00 5.45138693e+00
  8.64269161e+00 4.98188829e+00 3.95611072e+00 4.17405510e+00
  2.01591396e+01 7.08808517e+00 2.35365677e+00 4.13840342e+00
  1.22043514e+00 9.99589539e+00 3.49161536e-01 2.37205580e-01
  2.65580654e+00 1.23481441e+00 7.99482048e-01 2.29626536e+00
  5.55080891e-01 2.37557554e+00 1.91716003e+00 1.80563521e+00
  2.04385138e+00 6.65593147e-01 1.71221709e+00 6.86384201e+00
  4.79515493e-01 5.31967211e+00 1.99272418e+00 1.96554333e-01
  5.67092133e+00 1.15128648e+00 1.09971023e+00 7.75776005e+00
  1.86719549e+00 2.92917347e+00 3.21907830e+00 2.29071665e+00
  0.00000000e+00 2.61991239e+00 1.65244246e+00 4.26475477e+00
  6.25297022e+00 2.04087400e+00 1.81657219e+00 0.00000000e+00
  2.12376952e+00 7.60753393e+00 6.78632140e-01 3.61591220e+00
  1.31498265e+00 6.62989473e+00 0.00000000e+00 1.77500057e+00
  1.53657246e+00 3.05994332e-01 8.24525714e-01 7.60674298e-01
  1.18141854e+00 3.39639449e+00 1.15798533e+00 2.81992078e+00
  2.92430902e+00 3.60662627e+00 4.41836596e+00 1.00464878e+01
  7.35595226e-01 7.59042263e-01 4.80924416e+00 4.46708822e+00
  6.66060114e+00 3.96232271e+00 3.64167476e+00 3.93452287e+00
  5.88340616e+00 1.62096405e+00 1.45969832e+00 0.00000000e+00
  1.50053418e+00 8.11408043e-01 5.57106924e+00 1.31205702e+00
  2.46133614e+00 3.32585430e+00 4.17448521e+00 6.81686640e+00]]