[[1.9351146e-01 1.3047030e+00 8.7446786e-02 6.5768540e-01 1.9394319e+00
  3.0143969e+00 5.7040548e+00 4.0498272e-01 7.3616594e-01 1.2920635e+00
  2.8267829e+00 2.3465524e+00 3.8481587e-01 6.4172330e+00 6.7367995e-01
  1.6139752e+00 8.0296457e-02 9.8483855e-01 7.7938700e-01 4.0379214e+00
  0.0000000e+00 1.3494833e+00 3.6780176e-01 1.5378679e+00 0.0000000e+00
  3.6426842e+00 5.2796072e-01 5.6883103e-01 1.3085891e+00 2.6904148e-01
  3.4257588e-01 4.5122585e+00 3.1062267e+00 4.3851366e+00 1.4318480e+00
  2.4594066e-01 0.0000000e+00 0.0000000e+00 1.0402719e+01 1.6764576e+00
  9.6955991e-01 1.9876735e+00 4.3634782e+00 2.3868446e+00 0.0000000e+00
  1.4719886e+00 1.2255032e+00 0.0000000e+00 9.1831023e-01 1.6783179e+00
  1.1274474e-03 5.3719835e+00 0.0000000e+00 0.0000000e+00 7.8634119e-01
  2.3130670e+00 6.4381951e-01 6.1250644e+00 9.1839480e-01 2.5836439e+00
  1.4078325e+00 4.8969451e-01 5.4047790e+00 2.7820752e+00 0.0000000e+00
  5.3784146e+00 1.2377528e-01 8.5080266e-01 1.0781949e+00 7.6229595e-02
  1.5077958e-01 1.2105867e+00 3.3808682e+00 3.0856853e+00 2.5977705e+00
  9.2309471e-03 7.6722115e-01 0.0000000e+00 1.4050553e+00 0.0000000e+00
  2.8126580e-01 7.1289697e+00 3.9243543e+00 1.7075344e+00 3.8168468e-02
  6.6099949e+00 0.0000000e+00 3.8241845e-02 1.1512074e+00 0.0000000e+00
  1.3048091e+00 2.3357825e+00 2.6618284e-01 4.5956140e+00 8.1467891e-01
  7.5285397e-02 1.5672071e-01 2.1086631e+00 1.0257345e+00 8.8636070e-02
  2.4866450e+00 8.2656270e-01 1.6972845e+00 2.5164623e+00 2.8791656e+00
  8.7717736e-01 5.8193159e-01 1.7023346e+00 5.4925442e-01 5.0470835e-01
  7.0612997e-01 2.5748855e-02 4.3193522e-01 9.8678774e-01 5.8274746e-01
  2.5697497e-01 2.3870647e+00 1.4779907e-01 2.6885719e+00 2.3518755e+00
  3.2232904e-01 3.1909126e-01 2.0017347e+00 1.7339337e+00 5.1949167e-01
  1.9137590e+00 0.0000000e+00 0.0000000e+00 2.1716902e+00 2.1808689e+01
  1.2775409e+00 9.9036331e+00 2.6163805e+00 4.3182185e-01 2.6804984e+00
  4.9739819e+00 1.6981914e+00 1.2695177e+00 1.0141443e+00 2.2658788e-01
  2.4948485e+00 8.1007570e-01 0.0000000e+00 8.3948433e-01 1.6112988e+00
  3.4447214e-01 5.5889133e-02 0.0000000e+00 0.0000000e+00 2.9544437e+00
  1.9926155e-01 2.1509864e+00 2.5440862e+00 1.1782579e-01 0.0000000e+00
  1.2945761e-01 1.7890499e+00 5.6711310e-01 8.5716599e-01 0.0000000e+00
  1.2760377e+00 0.0000000e+00 6.8668997e-01 0.0000000e+00 2.5685995e+00
  3.8754158e+00 6.6813372e-02 5.2637334e+00 2.8947511e+00 2.6609805e+00
  3.6650074e+00 4.6355250e-01 3.2356956e+00 1.1903656e+00 2.8090507e-01
  5.7693768e-01 1.2227316e-01 7.9490095e-01 4.6144706e-01 1.1063640e+00
  3.4026904e+00 4.6873322e-01 2.4106047e+00 8.8705592e-02 6.9152528e-01
  1.1157743e+00 3.7770591e+00 2.8723416e+00 0.0000000e+00 1.0465246e+01
  2.7045412e+00 0.0000000e+00 3.3429873e-01 3.1837721e+00 4.6934724e-01
  6.5425849e-01 6.0984449e+00 1.6592591e+00 4.4358093e-01 3.5824093e-01
  6.0125809e+00 1.2686629e+00 4.2034748e-01 0.0000000e+00 1.9169760e+00
  3.5689883e+00 1.8825052e+00 2.9230447e+00 2.3339455e+00 4.6349752e-01
  0.0000000e+00 6.4357204e+00 3.0061481e+00 3.1355960e+00 2.7397311e-01
  2.8477967e+00 1.8600434e+00 3.8106000e-01 1.6559068e+00 1.2400888e+00
  0.0000000e+00 8.2232599e+00 4.9366612e+00 8.5811687e-01 2.8186026e+00
  2.3971900e-01 3.3008950e+00 1.8108262e+00 8.3513729e-02 1.8507370e-01
  5.1418290e+00 5.0998276e-01 5.6977968e+00 1.9011419e+00 3.9988046e+00
  8.9086586e-01 8.3057890e+00 1.0521862e+01 1.1054047e+00 1.0699919e+01
  2.7814419e+00 0.0000000e+00 1.1184429e+00 8.4670281e-01 3.2624216e+00
  8.8562196e-01 1.6014013e+01 1.2170398e+00 2.3644400e+00 4.5587067e-03
  2.4170508e+00 1.8483931e+00 0.0000000e+00 1.0687172e+00 3.2847769e+00
  2.4577647e-02 1.5020326e-01 1.9350673e+00 9.5719910e-01 5.1995927e-01
  7.1875685e-01 0.0000000e+00 0.0000000e+00 6.3323653e-01 2.4987576e+00
  1.5277648e+00 8.1844768e-03 3.1180055e+00 1.2109151e+01 3.6162120e-01
  3.2473826e+00 0.0000000e+00 5.0330033e+00 8.4119296e-01 0.0000000e+00
  3.2844055e+00 6.4752407e+00 5.5381918e+00 4.8412663e-01 2.9664876e+00
  4.1600652e+00 3.1934507e+00 2.6649578e+00 0.0000000e+00 7.7269822e-01
  0.0000000e+00 2.2460804e+00 4.0660038e+00 1.3964229e+00 1.5570106e-01
  1.2565717e-01 7.1198905e-01 1.2797328e+00 1.9968923e+00 2.4616356e+00
  2.2071276e+00 8.4495044e-01 6.2514365e-01 1.0884998e+00 0.0000000e+00
  6.2583548e-01 5.2957482e+00 1.6455321e+00 4.3532178e-01 5.3450413e+00
  2.2317295e+00 6.1661482e-01 2.2396998e-01 4.5736745e-01 2.9980397e+00
  9.5737487e-01 1.0546602e+00 3.3210313e-01 5.4988128e-01 2.0085666e+00
  3.7419596e-01 3.0042381e+00 1.0994616e+01 3.6522505e-01 0.0000000e+00
  1.0516893e+00 5.7484275e-01 2.3388302e-01 2.0967185e+00 1.2142657e+00
  3.3953667e-01 3.7945549e+00 5.0093871e-01 4.6967974e+00 1.1622786e-01
  1.9926310e-02 9.4638653e+00 0.0000000e+00 3.4571545e+00 8.8509769e+00
  5.6046100e+00 2.0874746e+00 1.2369860e+00 0.0000000e+00 3.9815326e+00
  2.2869632e+00 1.6317169e-01 2.6328351e+00 9.9508107e-01 1.3564345e+00
  2.5293863e+00 0.0000000e+00 0.0000000e+00 1.2469839e-01 1.2551981e+00
  1.4435589e+00 1.0607793e+00 1.9436106e-02 2.5186558e+00 6.0968547e+00
  8.5497834e-02 9.6179324e-01 7.9920974e+00 4.4032111e+00 6.8809307e-01
  2.4521639e+00 1.5936955e+00 8.3726444e+00 7.8858465e-02 4.1488743e+00
  5.7300429e+00 1.6132332e+01 4.5122659e-01 1.9237850e+00 0.0000000e+00
  3.2772815e-01 2.3514445e+00 1.3895814e+00 2.4017582e+00 3.9859407e+00
  1.5399860e+00 2.1855032e-01 3.7180271e+00 0.0000000e+00 7.5675802e+00
  4.3918500e+00 3.8833737e+00 4.1270990e+00 1.1887477e-03 0.0000000e+00
  1.5771822e+00 1.7893368e-02 1.4904923e+00 3.6438417e-01 4.2583939e-01
  1.0343400e+00 2.4278798e+00 6.5762550e-01 1.8389667e+00 1.9167580e-02
  9.2051104e-02 2.7635417e+00 1.4042970e+00 6.2314779e-01 6.1963689e-01
  1.8746056e-02 2.9535391e+00 1.5388635e+00 1.9159967e+00 4.0570960e+00
  3.2847074e-01 0.0000000e+00 3.2699180e+00 1.4673519e+00 3.6369053e-01
  7.0867252e+00 1.1227180e+00 0.0000000e+00 2.1931551e+00 3.9047253e+00
  0.0000000e+00 3.2778695e+00 3.1846337e+00 5.9562099e-01 1.5210382e+00
  5.8074903e+00 3.4712839e+00 5.0022710e-02 1.8854944e+01 7.3665011e-01
  1.0957911e+01 2.7011311e+00 8.9980946e+00 9.4947863e-01 5.1913887e-01
  3.1327020e-02 9.3426809e+00 3.6908374e+00 0.0000000e+00 1.9413711e+00
  7.6838455e+00 1.7688353e-02 0.0000000e+00 8.9961439e-03 1.9631847e+00
  5.3840179e-02 3.1105003e+00 2.4376570e-01 3.4350219e-01 4.1865377e+00
  1.8906462e-01 3.8051333e+00 1.0484362e+00 0.0000000e+00 9.8298246e-01
  2.8346372e-01 2.7649529e+00 8.1200582e-01 8.7277097e-01 8.0583420e+00
  1.4068335e+00 1.9653838e+00 3.7567317e-01 3.6023242e+00 4.1328139e+00
  0.0000000e+00 6.8217645e+00 1.4254123e-03 1.6292624e+00 0.0000000e+00
  1.5850596e+00 8.5053369e-02 1.5381047e+00 1.7483710e+00 1.1596482e+00
  5.2710581e-01 2.6156933e+00 4.6219650e-01 4.3444949e-01 0.0000000e+00
  4.5159701e-01 3.8129500e-01 2.4611092e+00 2.4392033e+00 0.0000000e+00
  1.8671526e+00 1.6066050e+01 3.4019777e-01 1.1868865e+00 0.0000000e+00
  2.3766740e-01 1.3235640e+01 1.0046386e+00 5.5369644e+00 3.2513162e-01
  5.9935892e-01 9.3128704e-02 1.3981446e+00 1.8715709e+00 4.0881248e+00
  4.2100978e-01 9.0821046e-01 2.0963587e-02 1.6102921e+00 1.9633707e+00
  3.9755225e+00 1.2350599e+00 1.8530562e+00 2.5325663e+00 6.4674315e+00
  0.0000000e+00 6.2688594e+00 2.7037323e-03 1.5065223e-01 7.2856516e-01
  4.5640316e+00 0.0000000e+00]]