[[1.68744221e-01 2.13029528e+00 2.22983384e+00 5.39201908e-02
  9.82064903e-01 4.06528378e+00 3.03100586e+00 5.73323607e-01
  5.23469448e+00 6.97751436e-03 2.02352142e+00 8.07965815e-01
  3.77866745e+00 2.75971174e+00 0.00000000e+00 1.72930861e+00
  3.88728237e+00 1.12306714e-01 3.87093234e+00 2.14589930e+00
  0.00000000e+00 1.09026861e+01 2.14056343e-01 5.40486860e+00
  2.09179506e-01 3.52274346e+00 1.12949133e+00 4.92675591e+00
  9.85052049e-01 1.53641507e-01 2.18508482e-01 3.14216852e+00
  0.00000000e+00 6.51592016e+00 1.33834636e+00 5.95261216e-01
  5.80361247e-01 0.00000000e+00 1.01921349e+01 2.77004600e+00
  8.06435883e-01 3.64939904e+00 3.10953725e-02 3.98449802e+00
  1.70486557e+00 7.68263459e-01 3.70023417e+00 1.63822532e-01
  1.62074399e+00 2.12419018e-01 5.43331981e-01 2.89251018e+00
  1.91015911e+00 1.50471556e+00 9.96330008e-02 1.98575938e+00
  8.09836924e-01 1.52510512e+00 1.28615081e-01 5.99589920e+00
  1.06599545e+00 2.92514712e-01 4.12553549e+00 3.01305723e+00
  0.00000000e+00 4.39747632e-01 3.77469683e+00 5.94081581e-01
  6.79246759e+00 9.05156255e-01 7.51039326e-01 1.86353004e+00
  1.61531234e+00 9.02321160e-01 3.70712757e+00 4.97743875e-01
  5.93998146e+00 3.56321841e-01 1.88608408e+00 6.73556471e+00
  0.00000000e+00 3.23454285e+00 2.82636404e+00 4.19903725e-01
  4.95502043e+00 4.94003057e+00 3.77663064e+00 1.56709146e+00
  1.98315799e+00 1.80887234e+00 2.63302088e+00 5.26494645e-02
  1.68867540e+00 6.38155890e+00 2.33583403e+00 6.62694502e+00
  4.18756783e-01 4.65312600e-02 1.77204981e-01 5.87347794e+00
  8.34924400e-01 2.48386145e-01 8.92074966e+00 3.51305246e+00
  7.13961124e+00 2.10242200e+00 9.14759338e-01 1.01929832e+00
  2.45412612e+00 3.11607528e+00 3.44471121e+00 1.25242442e-01
  1.19532442e+00 2.79406118e+00 1.64318967e+00 8.13646317e+00
  7.74636650e+00 4.86481571e+00 2.96764344e-01 3.85191536e+00
  1.88810897e+00 2.09899023e-01 3.68485779e-01 6.74616039e-01
  0.00000000e+00 4.11214709e-01 9.30184424e-01 1.94475138e+00
  3.93553436e-01 1.11843491e+01 2.42519712e+00 3.23027658e+00
  1.87653244e+00 7.36419499e-01 7.02162743e+00 4.77165365e+00
  1.70181131e+00 3.52702260e+00 5.43499589e-01 9.28164184e-01
  2.09514555e-02 3.40637517e+00 1.49033034e+00 2.83767891e+00
  1.97156739e+00 6.38602161e+00 3.33077359e+00 3.72478783e-01
  2.80686712e+00 3.06558061e+00 7.03217793e+00 2.00962567e+00
  1.91534162e+00 7.62871563e-01 9.96261895e-01 3.46746445e+00
  1.83172417e+00 7.31787252e+00 3.05942583e+00 1.66000724e-01
  7.21009588e+00 8.13981116e-01 5.59362602e+00 3.14865279e+00
  1.43457115e+00 1.90246391e+00 7.74531215e-02 2.47850943e+00
  7.59588301e-01 2.25572348e-01 9.14215851e+00 2.61853337e+00
  4.56032467e+00 0.00000000e+00 0.00000000e+00 4.01975441e+00
  5.19552767e-01 3.65475225e+00 7.53278542e+00 8.88591194e+00
  0.00000000e+00 1.00937188e+00 6.51099777e+00 2.05749631e+00
  0.00000000e+00 4.56687498e+00 6.21348858e-01 9.27387178e-01
  1.25796169e-01 3.49177957e+00 3.41792762e-01 0.00000000e+00
  3.38066578e-01 9.17209625e+00 2.38166317e-01 3.26108384e+00
  7.94523895e-01 6.70386791e+00 3.11548170e-02 6.44749999e-01
  1.89002323e+00 8.34745049e-01 1.66141212e+00 2.72309273e-01
  1.70517313e+00 1.21404159e+00 3.48414636e+00 1.99920261e+00
  5.19658756e+00 7.60672379e+00 0.00000000e+00 1.61317706e+00
  2.34406686e+00 8.54057312e-01 4.42286825e+00 0.00000000e+00
  2.72786975e+00 0.00000000e+00 3.16666812e-01 4.64070320e+00
  2.10178494e+00 4.87557125e+00 3.09448981e+00 1.61012971e+00
  3.56399608e+00 2.99027443e+00 2.54892445e+00 2.14295721e+00
  5.22769868e-01 2.27790642e+00 1.39676559e+00 2.19456601e+00
  2.08308864e+00 1.66418505e+00 8.49425733e-01 5.21104479e+00
  3.72155166e+00 2.13097620e+00 4.93833160e+00 1.13290393e+00
  2.12862849e+00 2.95794845e-01 2.71308494e+00 7.43992043e+00
  1.91489983e+00 2.07949972e+00 3.97056866e+00 2.81664729e+00
  1.41427505e+00 6.79979980e-01 8.22298527e-01 0.00000000e+00
  7.77070343e-01 1.24295759e+00 2.49508572e+00 3.55678387e-02
  1.86299074e+00 2.05036116e+00 4.42986727e+00 8.14180434e-01
  4.23936397e-02 0.00000000e+00 4.38836193e+00 2.77519822e+00
  3.52089977e+00 3.53936243e+00 7.09255600e+00 5.44943213e-01
  2.58266330e+00 2.28487682e+00 5.45869112e-01 1.40315688e+00
  1.13320243e+00 2.36209512e+00 1.30907643e+00 7.40588903e-01
  3.96458507e-02 4.39759445e+00 9.67503369e-01 3.74691296e+00
  4.38256788e+00 1.88660324e-01 2.73130703e+00 3.42718673e+00
  2.36358240e-01 7.65107647e-02 5.78246593e+00 0.00000000e+00
  1.62543643e+00 5.59848022e+00 2.27854848e+00 6.78864598e-01
  0.00000000e+00 8.68253887e-01 1.28067434e+00 5.69869566e+00
  2.00203156e+00 2.79645967e+00 5.16047096e+00 4.64836001e-01
  4.14076614e+00 5.01478910e+00 0.00000000e+00 1.23802376e+00
  4.13718319e+00 3.20883799e+00 6.93194151e-01 3.06225959e-02
  1.51697621e-01 8.15594769e+00 1.16083205e+00 0.00000000e+00
  1.74064934e+00 9.82441247e-01 9.59710121e-01 2.61485767e+00
  1.02983723e+01 3.22458935e+00 2.25991845e+00 1.04786539e+00
  9.57056522e+00 1.37569726e-01 5.56080163e-01 8.98769796e-01
  4.16608047e+00 3.31527274e-03 2.58374006e-01 0.00000000e+00
  6.48026180e+00 0.00000000e+00 4.97424081e-02 4.67794180e+00
  1.85234427e+00 1.79274857e+00 4.18635130e+00 4.80743980e+00
  1.12331533e+00 1.01413622e-01 4.90236163e-01 2.32783198e+00
  1.63622069e+00 0.00000000e+00 3.15450454e+00 1.79025248e-01
  2.17283916e+00 1.58925486e+00 3.02397585e+00 3.49554205e+00
  3.41354203e+00 1.93457329e+00 5.05953431e-01 2.07151079e+00
  4.18591201e-02 3.23417878e+00 3.89901304e+00 1.73605204e-01
  3.07850003e+00 4.55044794e+00 1.64464533e+00 6.43382168e+00
  1.26426182e+01 3.74116135e+00 8.37750673e-01 5.90671635e+00
  1.22597671e+00 4.35865021e+00 1.15966425e+01 4.58463860e+00
  2.54239535e+00 9.18103313e+00 4.91546917e+00 7.98731983e-01
  1.89794886e+00 0.00000000e+00 5.42751694e+00 5.35742569e+00
  1.30976343e+00 2.51329303e+00 8.78215313e+00 8.73005986e-01
  1.15904176e+00 4.90930510e+00 1.22298825e+00 3.98350000e+00
  9.76460814e-01 3.31711054e+00 3.68699813e+00 2.34079599e+00
  4.78883713e-01 1.93485057e+00 6.95958734e-01 3.54725361e+00
  2.28817511e+00 9.99843657e-01 5.70383489e-01 1.54547739e+00
  4.47354889e+00 4.74033982e-01 1.55049598e+00 2.77356982e+00
  2.29911113e+00 1.19178629e+01 0.00000000e+00 8.07679653e+00
  5.61481535e-01 1.86751044e+00 3.61180566e-02 4.96692848e+00
  2.49605918e+00 9.55526733e+00 7.30090570e+00 6.22569203e-01
  0.00000000e+00 0.00000000e+00 9.98885632e-01 1.43058777e-01
  1.15633868e-01 3.70636940e+00 8.00835133e-01 1.61788449e-01
  3.19154525e+00 9.62684527e-02 0.00000000e+00 2.31903791e+00
  2.97766733e+00 3.27991199e+00 1.29348648e+00 1.38330293e+00
  6.66505694e-01 7.04078722e+00 3.02685785e+00 4.36837816e+00
  1.27727568e+00 2.37919641e+00 5.73359013e-01 6.00743151e+00
  7.20103216e+00 5.94944429e+00 1.57614541e+00 1.32661092e+00
  0.00000000e+00 2.37097597e+00 4.34846908e-01 4.47117233e+00
  1.66503677e+01 9.70122039e-01 1.21965313e+00 1.29377246e+00
  1.16897202e+00 1.95141494e+00 2.59373856e+00 7.51348686e+00
  6.33606720e+00 5.86586952e+00 5.21119308e+00 2.70809770e+00
  1.19797385e+00 2.27787590e+00 5.15372455e-01 1.01968803e+01
  3.37374598e-01 4.86362076e+00 5.91804028e+00 2.69138145e+00
  0.00000000e+00 3.73118997e-01 5.29713821e+00 3.91063809e-01
  2.19516182e+00 1.15575111e+00 2.06439567e+00 4.49607468e+00
  9.12817717e-02 6.16347671e-01 0.00000000e+00 2.97676623e-01
  5.20056105e+00 4.64360803e-01 4.00979948e+00 3.16081214e+00
  3.90923238e+00 1.70609939e+00 5.40744483e-01 5.80452025e-01
  2.91502047e+00 3.52751684e+00 9.38266373e+00 2.63380438e-01
  3.91323733e+00 1.03511536e+00 4.97507900e-01 0.00000000e+00
  1.36039591e+00 6.63245976e-01 1.65596104e+00 1.07041180e+00
  1.02517694e-01 1.96813703e-01 2.15834570e+00 5.07225990e-01
  6.85162663e-01 3.49769741e-01 8.39160442e-01 5.42572975e+00
  3.74538493e+00 9.57229078e-01 4.20660973e+00 4.34751129e+00
  1.55831739e-01 2.73985100e+00 7.62879896e+00 0.00000000e+00]]