[[1.30917311e-01 2.44714284e+00 1.52848923e+00 1.50498962e+00
  3.66046333e+00 8.24277496e+00 1.31232061e+01 3.18998885e+00
  3.51865768e+00 1.65674639e+00 3.80478001e+00 4.32334900e-01
  1.44287050e+00 6.68862295e+00 3.39279985e+00 3.30051470e+00
  1.88197941e-01 1.29864466e+00 4.11435461e+00 5.93248510e+00
  5.78101397e+00 9.09387875e+00 1.15046501e-02 0.00000000e+00
  2.68731570e+00 2.12378478e+00 0.00000000e+00 3.85180488e-02
  4.48852517e-02 2.70892382e-01 2.26415813e-01 2.66557306e-01
  1.98760116e+00 4.23644364e-01 1.06499267e+00 0.00000000e+00
  7.59137988e-01 8.22086513e-01 2.31157541e+00 2.88171601e+00
  2.63563013e+00 3.83884273e-02 2.24877930e+00 2.82465243e+00
  6.20254688e-02 2.58202106e-01 9.03883100e-01 5.78668022e+00
  2.24909282e+00 4.27795792e+00 1.07235169e+00 4.17768508e-01
  1.15298665e+00 1.19291413e+00 3.37598062e+00 6.42083943e-01
  2.75117207e+00 2.75172853e+00 6.60039186e-02 4.73104328e-01
  1.92934424e-01 0.00000000e+00 3.66350794e+00 8.68154049e+00
  1.27397799e+00 9.18109894e+00 3.27666330e+00 7.83151436e+00
  1.76232231e+00 1.89798188e+00 1.17940378e+00 1.30495965e+00
  3.90353650e-01 1.23458385e+01 6.27451530e-03 1.27718940e-01
  2.85723537e-01 0.00000000e+00 0.00000000e+00 4.16914272e+00
  1.56642056e+00 1.45557830e-02 5.39121962e+00 1.15490712e-01
  2.54035926e+00 2.52716827e+00 5.29012024e-01 6.42502904e-01
  7.64470994e-01 1.90382943e-01 2.44065189e+00 0.00000000e+00
  2.96156526e-01 1.73272669e+00 7.74780273e-01 2.17582679e+00
  0.00000000e+00 1.10925972e+00 0.00000000e+00 4.90603256e+00
  1.76021683e+00 4.01238298e+00 6.69222832e+00 2.17535448e+00
  0.00000000e+00 9.13723707e-01 4.37153280e-01 1.51286352e+00
  6.98888525e-02 1.66867220e+00 1.76036227e+00 1.62165082e+00
  1.81920424e-01 2.61686635e+00 1.05352640e+00 2.80792856e+00
  2.57879162e+00 8.60522842e+00 2.73542672e-01 2.41133046e+00
  1.29253864e+00 2.58465633e-02 5.14914870e-01 1.55779791e+00
  0.00000000e+00 1.49540782e-01 0.00000000e+00 9.84100580e-01
  3.81075710e-01 1.05680580e+01 9.99637783e-01 0.00000000e+00
  1.30261974e+01 1.23541929e-01 0.00000000e+00 3.63811636e+00
  0.00000000e+00 5.60621166e+00 1.41835725e+00 0.00000000e+00
  5.58660924e-01 2.44610476e+00 3.90855908e-01 2.07626057e+00
  2.40587637e-01 2.15777659e+00 9.61617827e-01 1.14713594e-01
  9.32955861e-01 1.80583715e-01 5.34935713e+00 1.81540430e-01
  2.11948061e+00 0.00000000e+00 2.25532460e+00 4.62542295e+00
  2.37419963e+00 1.97729027e+00 6.80184269e+00 4.80170220e-01
  4.40150356e+00 3.07233477e+00 2.94560027e+00 2.49281619e-02
  7.61594629e+00 1.16931587e-01 0.00000000e+00 2.80459905e+00
  1.72791868e-01 2.01706219e+00 1.61259425e+00 1.17517188e-01
  7.36737537e+00 1.90797877e+00 1.74563193e+00 1.57089019e+00
  2.22785011e-01 5.00745475e-01 1.14587555e+01 2.76371032e-01
  1.10143795e+01 2.97708058e+00 1.35631704e+00 2.58681327e-01
  0.00000000e+00 3.89338851e+00 2.60328913e+00 0.00000000e+00
  2.95573854e+00 1.03822887e-01 1.41402349e-01 0.00000000e+00
  5.22170495e-03 4.58770800e+00 0.00000000e+00 9.00784060e-02
  4.28884812e-02 2.15316176e+00 3.83183002e-01 3.59960842e+00
  1.63112426e+00 6.16273642e+00 6.33024931e-01 2.78488129e-01
  3.33594155e+00 0.00000000e+00 0.00000000e+00 0.00000000e+00
  0.00000000e+00 6.08489990e+00 7.10490167e-01 1.16133630e+00
  0.00000000e+00 8.72441173e-01 0.00000000e+00 7.75648475e-01
  0.00000000e+00 1.94350872e-02 2.05983472e+00 2.02332449e+00
  6.75059557e-01 1.39267933e+00 6.91693735e+00 0.00000000e+00
  1.75853372e-01 0.00000000e+00 1.63879144e+00 3.05865258e-01
  3.58101225e+00 4.83196676e-01 5.12574959e+00 3.55976748e+00
  1.20505202e+00 4.55051251e-02 1.04376411e+00 3.37319016e-01
  1.70247138e-01 1.47232637e+01 1.75084993e-01 6.16652298e+00
  2.34697938e+00 0.00000000e+00 3.70577121e+00 2.81529713e+00
  8.33572924e-01 1.65260315e+01 1.03179703e+01 3.75208259e+00
  2.36126590e+00 0.00000000e+00 3.10220528e+00 8.56027699e+00
  0.00000000e+00 2.77535939e+00 2.24506140e+00 1.31470752e+00
  6.44147694e-01 5.67074203e+00 5.51029205e+00 2.67143416e+00
  0.00000000e+00 3.17082882e-01 0.00000000e+00 1.98025048e+00
  7.21002054e+00 1.45272779e+00 1.65301728e+00 3.95767021e+00
  2.22007275e+00 1.21485937e+00 3.33744025e+00 4.34560061e+00
  3.56219912e+00 7.45662308e+00 3.48413277e+00 3.03180158e-01
  3.00710368e+00 8.22387338e-02 1.96180101e-02 4.87273741e+00
  3.76869535e+00 1.05730104e+01 2.08988800e+01 1.99881289e-02
  3.05713534e+00 7.20533431e-01 1.48988378e+00 2.62627053e+00
  5.76520979e-01 4.66112614e+00 7.77787209e-01 5.78247213e+00
  9.23923194e-01 3.76008081e+00 4.33801556e+00 2.14901678e-02
  2.75164187e-01 4.83712792e-01 0.00000000e+00 0.00000000e+00
  1.52375066e+00 0.00000000e+00 1.79454887e+00 1.15003489e-01
  3.19389129e+00 2.47231770e+00 2.02495718e+00 9.34995055e-01
  9.16054630e+00 2.19032224e-02 1.93634474e+00 9.51789856e-01
  1.97727966e+00 9.16970313e-01 2.48907924e+00 4.55324078e+00
  4.45884848e+00 1.12775602e+01 1.12480402e+00 4.31742907e-01
  1.70370296e-01 6.47381902e-01 7.68008947e-01 6.52974248e-02
  2.81121224e-01 2.39305711e+00 4.87119532e+00 0.00000000e+00
  4.97667521e-01 0.00000000e+00 0.00000000e+00 5.39569569e+00
  0.00000000e+00 4.00307685e-01 1.23402727e+00 1.39778018e+00
  2.13565350e+00 9.84524822e+00 4.06692266e+00 5.65788651e+00
  1.07063735e+00 1.91144824e-01 0.00000000e+00 1.03573596e+00
  7.24239945e-01 8.57796192e+00 8.81066680e-01 7.39500150e-02
  2.01478529e+00 1.30270791e+00 7.17128277e-01 1.20211196e+00
  1.32487702e+00 3.10908675e+00 0.00000000e+00 1.10475563e-01
  3.80889356e-01 5.62579489e+00 5.28208065e+00 5.08462489e-01
  5.11240482e+00 0.00000000e+00 0.00000000e+00 1.03826010e+00
  4.58848381e+00 2.31271434e+00 2.74177146e+00 4.19143677e+00
  0.00000000e+00 8.99343371e-01 1.49329066e+00 6.08430433e+00
  3.84896064e+00 5.47323608e+00 0.00000000e+00 2.86238837e+00
  2.62472361e-01 1.36210889e-01 4.33229476e-01 7.12808800e+00
  1.35865812e+01 1.23832858e+00 8.75362813e-01 4.55622053e+00
  2.21784741e-01 3.40358019e-01 1.01300347e+00 0.00000000e+00
  2.37770472e-02 5.88402939e+00 8.43271136e-01 3.45810366e+00
  4.75215101e+00 3.50730395e+00 0.00000000e+00 3.10564590e+00
  2.10765219e+00 4.23278284e+00 1.34655499e+00 4.13937211e-01
  2.81221080e+00 1.48609459e+00 3.84201929e-02 1.11246862e+01
  7.97288609e+00 1.55472383e-01 3.04470569e-01 1.36906643e+01
  0.00000000e+00 7.97301531e-01 2.12803841e+00 2.34532297e-01
  7.21160620e-02 0.00000000e+00 4.29131699e+00 4.43533927e-01
  3.48600224e-02 1.40651500e+00 2.59621412e-01 1.49833119e+00
  5.05101156e+00 4.66741361e-02 5.42780399e+00 1.21918983e+01
  3.63620281e+00 3.10208511e+00 4.31625319e+00 6.21899986e+00
  1.12255800e+00 1.27375603e+00 3.47064555e-01 1.02486074e+00
  2.85084915e+00 1.15075183e+00 1.15928471e-01 7.60714340e+00
  3.65791172e-01 9.67990637e-01 1.53659821e+00 1.36808455e+00
  0.00000000e+00 0.00000000e+00 1.39668778e-01 1.27138436e+00
  1.54610658e+00 7.61166930e-01 2.10854709e-01 3.48257087e-02
  8.43480110e+00 7.67733812e-01 3.89605969e-01 4.68155766e+00
  4.65116739e+00 2.78946733e+00 2.55175996e+00 7.07709074e-01
  1.97527523e+01 4.07609415e+00 5.50743379e-02 1.21910369e+00
  0.00000000e+00 2.51116300e+00 3.08884680e-01 2.57074189e+00
  5.39652109e-01 0.00000000e+00 1.28009871e-01 3.17306304e+00
  4.72139025e+00 1.96299899e+00 2.09537968e-01 3.99541378e-01
  1.50546658e+00 1.30378551e+01 1.03795605e+01 2.26946974e+00
  2.70984268e+00 5.51225841e-01 4.08070898e+00 4.71498698e-01
  0.00000000e+00 8.29327202e+00 5.65484524e-01 6.48600292e+00
  3.86464930e+00 9.20895636e-01 1.11899042e+01 6.26037940e-02
  1.93308368e-01 2.32121038e+00 4.60592556e+00 3.29964471e+00
  2.08498150e-01 2.49399662e+00 8.81157294e-02 8.01787853e-01
  6.59699559e-01 1.96972942e+00 2.80554724e+00 6.77441597e-01
  1.13152294e+01 9.36508000e-01 1.10594594e+00 5.88909674e+00
  7.04668403e-01 3.41341925e+00 1.48711557e+01 4.26723957e-02
  1.06514490e+00 0.00000000e+00 5.39414406e+00 1.13303912e+00]]