[[8.45149326e+00 6.20629215e+00 4.96190220e-01 2.30320525e+00
  2.10042572e+00 2.17163920e+00 4.50624084e+00 0.00000000e+00
  5.82528210e+00 7.50609934e-01 2.09338713e+00 4.24916792e+00
  1.07889128e+00 4.69143105e+00 3.07119220e-01 1.95572662e+00
  3.96040535e+00 0.00000000e+00 0.00000000e+00 1.54949391e+00
  2.15926886e-01 1.64014888e+00 2.22202635e+00 1.05301809e+01
  2.00282678e-01 3.46032524e+00 1.38606870e+00 1.26247606e+01
  1.35209605e-01 4.61758089e+00 0.00000000e+00 3.37644815e-01
  0.00000000e+00 2.59758186e+00 3.58121729e+00 6.21375561e-01
  3.10914946e+00 0.00000000e+00 1.33958340e+01 3.31538558e+00
  7.18525028e+00 3.86845207e+00 7.38434121e-02 3.62430811e+00
  3.51000762e+00 2.09925417e-02 7.20507383e-01 3.92885637e+00
  4.09679127e+00 4.14632022e-01 2.05186829e-02 6.03247643e-01
  3.48363370e-01 5.74564040e-01 9.78663921e-01 4.04721916e-01
  3.33924389e+00 2.60326719e+00 2.97944760e+00 0.00000000e+00
  6.31541300e+00 3.42749548e+00 8.19701099e+00 4.54318094e+00
  1.69396609e-01 1.95098436e+00 1.61235046e+00 1.00791609e+00
  2.85036951e-01 2.51803875e+00 8.62635612e+00 8.32942426e-01
  5.46652675e-01 2.51627135e+00 2.78696918e+00 8.78990233e-01
  1.17617357e+00 4.93030262e+00 1.03512836e+00 2.54860306e+00
  2.20516634e+00 2.84754515e+00 2.44814110e+00 1.06288649e-01
  5.01826096e+00 1.49786625e+01 4.25627470e+00 1.17561686e+00
  6.87025690e+00 2.71801424e+00 6.13661957e+00 1.03363132e+00
  0.00000000e+00 6.60502481e+00 6.07138252e+00 5.41649520e-01
  1.87856174e+00 1.16037476e+00 2.08282843e-01 7.03474998e+00
  1.88103989e-01 2.05116487e+00 8.67699432e+00 2.12284541e+00
  1.15716763e+01 0.00000000e+00 7.77217031e-01 3.91016304e-01
  2.16479301e+00 4.08163118e+00 1.78647828e+00 1.52264655e+00
  1.24703493e+01 3.23107028e+00 5.11482134e-02 1.43437600e+00
  1.39280262e+01 2.33637404e+00 2.32987952e+00 1.48891822e-01
  1.61340857e+00 3.29359055e-01 1.09731364e+00 5.64543390e+00
  0.00000000e+00 2.21879411e+00 4.00326729e+00 1.54344454e-01
  4.25585985e-01 8.40111828e+00 2.29868746e+00 6.57325506e-01
  4.24361897e+00 4.12859946e-01 4.28979015e+00 3.73255587e+00
  2.39774585e+00 1.49831331e+00 1.26111627e+00 3.47101665e+00
  2.05269948e-01 1.41795945e+00 6.24236059e+00 7.82544088e+00
  7.06585199e-02 1.13254726e-01 2.15213251e+00 1.46396644e-02
  1.57464504e+00 2.85229063e+00 1.95463812e+00 1.61168730e+00
  3.42611700e-01 6.41579247e+00 3.31202418e-01 3.25990295e+00
  3.12654424e+00 4.26246023e+00 2.93397039e-01 8.07464302e-01
  5.38372278e-01 1.06247473e+00 5.82033348e+00 3.88610625e+00
  2.20011401e+00 3.78895879e+00 4.34889793e-02 4.65147161e+00
  3.18919122e-01 2.35962200e+00 1.44551773e+01 3.16190791e+00
  7.60621691e+00 8.15663528e+00 8.55257094e-01 4.90505397e-02
  2.73114395e+00 4.75117016e+00 8.03380680e+00 1.09662104e+01
  5.28368950e-02 1.24522877e+00 6.42592144e+00 2.63490224e+00
  1.02692597e-01 1.02935040e+00 5.95935488e+00 1.88200653e-01
  1.04574466e+00 9.09548998e-01 3.04600191e+00 3.53087075e-02
  3.93013334e+00 1.52006702e+01 7.37140656e-01 4.87582147e-01
  1.02632856e+00 8.90514851e+00 0.00000000e+00 4.06641215e-01
  2.49226236e+00 1.90732315e-01 1.43130970e+00 1.26091421e+00
  6.49013138e+00 2.40292609e-01 7.92423677e+00 9.24348927e+00
  5.48366499e+00 2.38452625e+00 2.71001863e+00 1.74567580e+00
  1.15084696e+00 1.58030605e+00 2.22888172e-01 0.00000000e+00
  1.38333225e+01 7.19462812e-01 3.48621577e-01 1.02925563e+00
  1.42225897e+00 6.57396507e+00 0.00000000e+00 7.75267982e+00
  1.41365575e-02 2.39988184e+00 2.33968997e+00 1.52229118e+00
  2.36506104e-01 4.09276819e+00 0.00000000e+00 1.58481836e+00
  3.73468924e+00 1.05189216e+00 0.00000000e+00 1.29211226e+01
  1.66301644e+00 1.68218148e+00 4.24384147e-01 9.24301863e-01
  2.27612734e+00 2.24925017e+00 2.06471419e+00 4.96653080e+00
  5.16160011e-01 1.88294721e+00 5.16205454e+00 5.80484509e-01
  2.13276410e+00 5.70586979e-01 1.17657077e+00 2.32247338e-01
  4.46579978e-02 4.56046343e+00 6.68655014e+00 0.00000000e+00
  1.63817847e+00 1.01037645e+00 4.75676870e+00 1.03322893e-01
  2.53920364e+00 4.46874738e-01 3.07500339e+00 5.13983822e+00
  5.52008867e-01 3.10024053e-01 5.78620243e+00 5.16195297e+00
  1.00109386e+01 3.15180135e+00 3.61457020e-01 2.32864499e-01
  1.71179727e-01 3.42755556e+00 4.29459047e+00 1.18848991e+00
  5.70508242e+00 1.39285159e+00 2.26553822e+00 2.18754387e+00
  6.27834749e+00 4.77338123e+00 2.26772875e-01 2.73257947e+00
  1.40858197e+00 6.30427152e-02 8.85166359e+00 2.74391103e+00
  2.74974632e+00 4.50888205e+00 8.71698320e-01 1.41184640e+00
  6.40008271e-01 0.00000000e+00 2.10174084e+00 9.69567299e+00
  8.68077204e-03 2.15488768e+00 7.81653523e-01 2.01505080e-01
  1.42865000e+01 7.15390563e-01 2.43975401e+00 5.95399976e-01
  2.86336184e+00 1.53356165e-01 1.92122328e+00 7.00655878e-01
  6.07484877e-01 4.04732800e+00 5.38769484e-01 1.72175035e-01
  2.25912839e-01 3.70008063e+00 5.49935877e-01 2.24216819e+00
  5.52200937e+00 4.67131853e+00 1.05651274e+01 3.38769913e+00
  1.31484306e+00 4.76414710e-01 2.06263244e-01 2.28466845e+00
  5.30812550e+00 2.71503615e+00 5.92712545e+00 2.21809316e+00
  4.32486105e+00 3.09168720e+00 9.06751692e-01 3.99670577e+00
  5.43897212e-01 4.28820801e+00 1.18570681e+01 1.05752850e+00
  2.81472182e+00 4.33568525e+00 4.72099924e+00 3.71532178e+00
  1.31171298e+00 4.01403457e-02 1.13346827e+00 0.00000000e+00
  2.46448350e+00 3.27896118e+00 3.36642027e+00 6.67768776e-01
  2.68747020e+00 4.48293418e-01 1.84981897e-01 4.67122763e-01
  0.00000000e+00 2.12796402e+00 7.65501916e-01 5.61822094e-02
  8.05542088e+00 7.96903849e+00 1.81401312e+00 2.25541043e+00
  6.65990829e+00 4.74755526e+00 8.68027401e+00 6.17958975e+00
  9.08137512e+00 0.00000000e+00 1.24812098e+01 2.46568704e+00
  7.05799484e+00 3.54082131e+00 8.32931709e+00 2.29847893e-01
  0.00000000e+00 0.00000000e+00 2.01252246e+00 4.90054965e-01
  2.21679449e+00 3.97481966e+00 5.11205912e+00 1.58391583e+00
  1.47903657e+00 2.82768190e-01 1.21555412e+00 1.53509772e+00
  3.80041933e+00 1.68911803e+00 3.40164185e+00 3.29802632e+00
  1.57625902e+00 1.97011173e-01 2.82912314e-01 3.26633739e+00
  4.20785046e+00 0.00000000e+00 3.62102270e+00 1.37883854e+00
  1.84917510e+00 4.04884875e-01 9.59261656e-01 1.29124153e+00
  4.37856579e+00 1.12676802e+01 8.70071602e+00 9.77455425e+00
  1.04094899e+00 7.84866524e+00 6.43173635e-01 2.47864425e-01
  1.34186554e+00 8.17395115e+00 6.63261080e+00 9.23008800e-01
  0.00000000e+00 0.00000000e+00 1.10183656e-01 1.30069780e+00
  2.59162039e-01 4.69035673e+00 3.61282438e-01 8.96751106e-01
  3.72148976e-02 4.11271572e-01 2.22235098e-01 4.17820787e+00
  4.31489468e-01 1.08451772e+00 1.17035556e+00 1.19251513e+00
  6.29475784e+00 4.25857687e+00 4.84470034e+00 2.51574612e+00
  7.84093022e-01 5.57647943e+00 6.46828771e-01 1.10505009e+00
  3.59042740e+00 4.43537664e+00 1.60411072e+00 8.40644658e-01
  2.36465693e+00 1.04784193e+01 8.07280719e-01 8.43361759e+00
  9.15852928e+00 6.06445014e-01 4.38938427e+00 2.74245906e+00
  3.83949876e-02 1.39488733e+00 3.04870121e-02 3.17110634e+00
  3.53245211e+00 5.51881123e+00 6.94629049e+00 0.00000000e+00
  2.33801222e+00 7.95750439e-01 8.21693599e-01 1.11483030e+01
  8.01054835e-01 2.75326729e+00 4.55426359e+00 9.46393535e-02
  0.00000000e+00 3.85567760e+00 1.45403976e+01 1.23041391e+00
  3.40014267e+00 1.56682134e+00 1.18743837e+00 0.00000000e+00
  6.17781758e-01 1.88867140e+00 0.00000000e+00 1.76606393e+00
  4.83769274e+00 1.24611926e+00 3.40235901e+00 4.33311939e+00
  5.27721024e+00 9.99631286e-01 2.08317697e-01 2.01402712e+00
  0.00000000e+00 1.78024793e+00 7.66874123e+00 1.45203751e-02
  0.00000000e+00 2.82577515e+00 1.71825603e-01 6.77391142e-02
  4.60787392e+00 2.02170476e-01 4.28340048e-01 7.47302055e-01
  7.71240517e-02 3.07875544e-01 1.43269992e+00 1.51848853e+00
  1.32825327e+00 1.29375696e+00 3.99360389e-01 1.99379838e+00
  2.25871682e+00 0.00000000e+00 1.42047560e+00 9.28041077e+00
  4.15576637e-01 3.80101657e+00 1.09395361e+00 6.38078392e-01]]