[[9.26076174e-02 1.28158343e+00 0.00000000e+00 8.37346613e-01
  7.24346876e-01 2.06481695e+00 9.74689770e+00 1.53854722e-02
  2.29839039e+00 7.39651471e-02 6.99698567e-01 1.83152527e-01
  5.64683580e+00 1.41856909e+00 0.00000000e+00 6.70876265e-01
  6.51044369e-01 4.14099991e-02 0.00000000e+00 4.03755760e+00
  1.37667328e-01 9.72848225e+00 2.66007215e-01 1.78639397e-01
  1.79821181e+00 1.38427057e+01 1.69279933e+00 8.45709443e-01
  1.70717144e+00 0.00000000e+00 2.26939023e-01 1.05358638e-01
  4.92840624e+00 3.23023248e+00 4.25188690e-01 1.43675911e+00
  3.63632202e+00 0.00000000e+00 8.22088718e+00 5.07340813e+00
  1.29151261e+00 1.49613023e-01 7.78668642e-01 2.68697619e+00
  3.78493488e-01 0.00000000e+00 4.69873619e+00 2.69195485e+00
  3.67175579e+00 7.40663815e+00 9.57656428e-02 6.56878948e-01
  4.37473595e-01 4.88343000e+00 1.89200890e+00 1.46099210e+00
  4.76399755e+00 8.94655228e+00 7.86991501e+00 5.87306499e-01
  2.62146306e+00 6.97597325e-01 5.25960684e+00 5.92025948e+00
  0.00000000e+00 9.22842979e+00 4.87271976e+00 2.90817571e+00
  2.01059127e+00 4.09896803e+00 5.83169162e-01 2.79056001e+00
  1.83513272e+00 6.31013727e+00 3.32880616e-01 3.79444286e-02
  5.21763146e-01 0.00000000e+00 3.39343280e-01 3.15024233e+00
  9.59547341e-01 1.94845295e+00 3.72723055e+00 0.00000000e+00
  4.01388073e+00 2.29958391e+00 8.53935719e-01 3.88370752e+00
  5.14585161e+00 5.96419096e-01 2.53193092e+00 5.78918219e+00
  2.51859874e-01 1.57582033e+00 7.76024640e-01 1.49964407e-01
  7.54850268e-01 1.12099457e+00 3.80087644e-01 2.37229133e+00
  2.04979753e+00 4.78132582e+00 1.86475217e+00 9.41833591e+00
  3.00904036e-01 3.25653648e+00 0.00000000e+00 2.41950363e-01
  1.98563516e-01 4.61438335e-02 6.75494576e+00 2.18638039e+00
  2.12672368e-01 1.16450262e+01 1.28337002e+00 6.13268316e-01
  3.41243076e+00 1.24310982e+00 1.99439144e+00 1.35233164e+00
  1.17207956e+00 9.30091321e-01 1.18147159e+00 5.69543028e+00
  6.97820854e+00 6.67282522e-01 4.13571335e-02 0.00000000e+00
  2.45633841e+00 3.13871574e+01 1.12220752e+00 1.00055687e-01
  1.10084257e+01 8.51960301e-01 1.15527352e-02 5.96484423e+00
  7.91506112e-01 6.02405167e+00 2.93413305e+00 9.99843597e+00
  9.12649214e-01 1.01662910e+00 3.10139489e+00 2.66680741e+00
  2.47942472e+00 2.46099257e+00 1.88631332e+00 8.28331769e-01
  1.90454289e-01 9.28532839e-01 2.41245461e+00 2.11543918e+00
  1.22201908e+00 2.41198137e-01 0.00000000e+00 2.10789621e-01
  4.42505932e+00 5.04948568e+00 4.36031818e-01 7.64146745e-01
  9.55709577e-01 2.36998415e+00 3.84676290e+00 2.87096471e-01
  5.05352306e+00 2.38788414e+00 0.00000000e+00 4.88689423e+00
  5.82203925e-01 8.58130550e+00 5.23860502e+00 0.00000000e+00
  6.31562853e+00 7.47130156e-01 2.38015279e-01 3.94616294e+00
  2.62436360e-01 0.00000000e+00 1.63373935e+00 7.75106239e+00
  3.71253657e+00 8.10394347e-01 1.21833572e+01 7.87500292e-02
  1.78946435e-01 1.84532747e-01 6.81699467e+00 2.05753469e+00
  9.48551655e-01 7.48710334e-01 6.19175768e+00 0.00000000e+00
  0.00000000e+00 2.03599358e+00 0.00000000e+00 1.69241858e+00
  0.00000000e+00 1.10669422e+01 1.63901162e+00 0.00000000e+00
  2.32729450e-01 3.96010339e-01 0.00000000e+00 4.80048180e+00
  8.02421474e+00 3.66926491e-02 3.46272492e+00 6.40234351e-02
  1.11771309e+00 1.17294514e+00 5.36743736e+00 5.19539714e-01
  0.00000000e+00 3.05404997e+00 5.17504930e-01 5.38642168e-01
  6.18184090e-01 2.56259942e+00 7.28124738e-01 2.70461535e+00
  0.00000000e+00 4.89256334e+00 1.43746996e+00 5.36538744e+00
  2.77592182e-01 3.07958174e+00 2.52556592e-01 2.59253561e-01
  7.80499518e-01 3.14173371e-01 1.10510695e+00 8.07425678e-01
  1.75259805e+00 2.08425784e+00 2.36342001e+00 2.35800648e+00
  5.79381657e+00 2.71178741e+01 8.58176887e-01 1.05085492e-01
  1.91545057e+00 8.30276728e-01 1.87650108e+00 6.32900447e-02
  2.12343192e+00 1.00128975e+01 1.27670517e+01 1.04117823e+00
  3.84767115e-01 3.61398911e+00 5.49761915e+00 2.32606435e+00
  1.64298105e+00 8.26036513e-01 6.23881865e+00 2.43289709e+00
  1.28076160e+00 4.79379129e+00 1.41127527e+00 4.24571180e+00
  8.57444465e-01 1.72765648e+00 0.00000000e+00 3.33729577e+00
  1.18528867e+00 1.56121349e+00 1.97892282e-02 4.55456781e+00
  1.16105118e+01 1.17630303e-01 2.40787053e+00 8.28234404e-02
  3.79219794e+00 2.34258151e+00 5.77663136e+00 4.92493486e+00
  4.45089817e+00 7.28804290e-01 8.47777575e-02 3.36567044e+00
  6.53490210e+00 2.66424942e+00 1.65949669e+01 2.26016283e+00
  1.23801637e+00 0.00000000e+00 1.01014924e+00 8.88928533e-01
  1.53734434e+00 1.88750625e+00 4.12303135e-02 4.80233192e+00
  5.34887835e-02 1.10931307e-01 3.79550910e+00 7.45219707e-01
  5.03664064e+00 7.30132222e-01 5.64780414e-01 0.00000000e+00
  2.53966165e+00 3.19942623e-01 1.68899298e+00 2.27119684e+00
  1.15699284e-01 1.47906208e+00 4.54956710e-01 1.02691495e+00
  1.31443679e+00 1.27442017e-01 1.92875111e+00 1.99821234e-01
  1.15461922e+00 0.00000000e+00 6.33170784e-01 0.00000000e+00
  1.66261292e+00 1.36939735e+01 4.31252432e+00 7.62849927e-01
  1.24457920e+00 2.36146927e+00 3.81709862e+00 1.06541920e+00
  2.66682148e-01 5.63843822e+00 4.40486717e+00 0.00000000e+00
  0.00000000e+00 2.44791046e-01 2.29371458e-01 2.83052039e+00
  4.60536528e+00 4.04181242e+00 1.02369766e+01 1.39503896e+00
  3.82514668e+00 6.29329681e+00 1.58611097e+01 3.21122050e+00
  1.02147663e+00 0.00000000e+00 1.04072297e+00 5.06838560e+00
  2.45091534e+00 3.06464195e+00 0.00000000e+00 0.00000000e+00
  2.35313296e+00 7.32714117e-01 1.94258187e-02 8.91749084e-01
  1.12339087e-01 2.27042294e+00 1.04525793e+00 0.00000000e+00
  3.56943250e+00 1.35593805e+01 5.92858219e+00 2.20122695e-01
  9.96795967e-02 5.45063639e+00 1.18395147e+01 1.96426940e+00
  1.49611342e+00 1.00772893e+00 2.30217781e+01 1.00676107e+00
  1.10119307e+00 0.00000000e+00 1.42539608e+00 1.37811804e+00
  8.75383735e-01 1.03976762e+00 1.41607618e+00 2.75997496e+00
  0.00000000e+00 2.88883591e+00 1.25041354e+00 3.26688313e+00
  1.18209114e+01 3.74012780e+00 1.35230505e+00 4.46213388e+00
  5.59847689e+00 2.07416677e+00 1.26920509e+00 4.90183860e-01
  1.54403079e+00 7.07948399e+00 1.22012341e+00 1.62922275e+00
  2.92145824e+00 7.32649088e+00 4.52617735e-01 3.32122184e-02
  6.04025507e+00 4.91152000e+00 1.79638863e+00 3.88532329e+00
  1.20237148e+00 2.04015160e+00 4.91687393e+00 3.74626994e+00
  3.03411573e-01 1.07847679e+00 5.79085469e-01 2.73661470e+00
  1.49478614e+00 4.40545416e+00 6.27274275e-01 1.38579261e+00
  0.00000000e+00 2.42315197e+00 8.86532068e-01 8.40594411e-01
  3.93777585e+00 3.85902911e-01 0.00000000e+00 5.53874302e+00
  3.23070399e-02 0.00000000e+00 0.00000000e+00 3.20769143e+00
  2.56913853e+00 9.46701765e-01 1.27605963e+01 1.42229824e+01
  8.18927479e+00 2.75303274e-02 3.39023328e+00 7.36807394e+00
  8.55428982e+00 2.13401645e-01 9.32857573e-01 1.26872635e+01
  2.31024504e+00 2.61321235e+00 3.41105056e+00 6.82473958e-01
  6.97611272e-02 2.32017130e-01 1.46922565e+00 2.67926049e+00
  0.00000000e+00 1.62397087e-01 7.49695158e+00 1.26691842e+00
  1.00312757e+00 5.20439923e-01 2.25720882e+00 2.44437242e+00
  2.59181380e+00 1.88299155e+00 6.66957474e+00 4.20184374e+00
  2.11020494e+00 4.12071037e+00 1.66863954e+00 1.96825159e+00
  1.43688889e+01 3.87871504e-01 1.23543584e+00 1.59914708e+00
  0.00000000e+00 6.83533624e-02 4.90756363e-01 2.88056403e-01
  3.48501468e+00 3.59818721e+00 3.30043125e+00 6.15787029e-01
  1.45659193e-01 4.54680061e+00 1.23496759e+00 1.05956578e+00
  4.05939865e+00 2.26628557e-01 8.25206339e-02 5.67288589e+00
  8.82427156e-01 8.29237938e-01 1.36101329e+00 9.23791981e+00
  0.00000000e+00 6.04988623e+00 8.14949989e+00 2.56920438e-02
  1.14378855e-01 7.62839198e-01 2.57840943e+00 6.80599809e-01
  1.69685328e+00 6.20468950e+00 5.17483056e-01 3.74615979e+00
  1.10082016e+01 1.98994744e+00 1.68556321e+00 1.48137331e-01
  5.20463037e+00 5.17089891e+00 3.75570035e+00 8.01495135e-01
  4.73737049e+00 1.91205561e+00 1.44518461e+01 2.09245276e+00
  1.84197557e+00 5.39839208e-01 3.34508324e+00 1.02550793e+00]]