[[2.91815042e-01 7.60386801e+00 5.84538877e-01 1.41945791e+00
  1.76586926e+00 1.51511240e+00 3.63646865e+00 4.06747788e-01
  7.78828096e+00 1.21581304e+00 1.48630726e+00 3.81351233e+00
  1.11264861e+00 3.20686269e+00 0.00000000e+00 4.68595123e+00
  2.41155043e-01 2.06575608e+00 1.46356836e-01 4.62630844e+00
  1.13413081e-01 4.86575651e+00 1.21530366e+00 2.48098516e+00
  1.69273883e-01 7.85845470e+00 2.63552427e+00 7.78266525e+00
  2.00219393e+00 4.18037939e+00 6.26688838e-01 5.99263573e+00
  1.18416238e+00 4.03371239e+00 8.20129395e-01 1.95530295e+00
  1.07322371e+00 1.65606260e-01 8.42548370e+00 3.10518765e+00
  7.11327434e-01 8.47861290e-01 2.66256422e-01 1.38173962e+01
  4.33571291e+00 2.80904245e+00 2.16625237e+00 2.48272395e+00
  3.07560015e+00 3.36278892e+00 4.38731052e-02 1.73037481e+00
  0.00000000e+00 2.48375750e+00 2.39247060e+00 2.51726151e+00
  4.80109692e+00 8.12014008e+00 6.18920135e+00 1.61114216e+00
  9.95467663e+00 5.95952177e+00 4.69612265e+00 4.36622477e+00
  3.74507248e-01 1.93464649e+00 2.31344268e-01 3.84169388e+00
  9.45267498e-01 1.58308935e+00 2.53911662e+00 2.26489329e+00
  0.00000000e+00 5.25784445e+00 5.14806652e+00 5.96104145e+00
  3.38552523e+00 2.11374950e+00 1.65558326e+00 1.01505574e-02
  1.16586900e+00 1.21575212e+00 2.66187239e+00 1.29400313e+00
  4.62864065e+00 7.98716879e+00 4.93450701e-01 2.40183711e+00
  8.77445316e+00 4.12097454e-01 1.34678335e+01 3.37213135e+00
  1.04411215e-01 7.70111847e+00 7.05410528e+00 7.62896612e-02
  3.25520611e+00 1.66832232e+00 1.99011981e+00 1.98063576e+00
  3.34243566e-01 4.79355049e+00 7.43694639e+00 5.18194532e+00
  2.86505556e+00 0.00000000e+00 1.57294023e+00 8.50711912e-02
  3.97729731e+00 3.79441667e+00 2.31610298e+00 1.77106392e+00
  1.72654048e-01 1.43382299e+00 6.40918553e-01 1.36361420e-01
  7.35540915e+00 3.05465508e+00 5.19320440e+00 2.53281116e+00
  2.63471031e+00 4.08703279e+00 1.32251084e+00 1.18604212e+01
  1.94335091e+00 2.21654987e+00 8.26206923e-01 0.00000000e+00
  2.48033476e+00 9.16693878e+00 1.94743967e+00 6.13046598e+00
  4.54019403e+00 0.00000000e+00 5.08783758e-01 1.10464084e+00
  4.03538275e+00 2.64692068e-01 1.27578139e+00 1.61988907e+01
  8.05901885e-01 4.72098917e-01 0.00000000e+00 4.78932953e+00
  6.27256811e-01 1.19853687e+00 6.12713471e-02 1.80601180e+00
  0.00000000e+00 1.08549702e+00 2.24818274e-01 6.81718493e+00
  3.30399060e+00 4.99748564e+00 2.11841655e+00 5.66657662e-01
  3.89517593e+00 2.67957950e+00 1.13854527e-01 5.79845762e+00
  3.66899759e-01 5.28052759e+00 9.41637516e+00 6.05738401e-01
  7.60339355e+00 6.24090004e+00 1.47964343e-01 1.53253675e+00
  6.89672291e-01 7.50125051e-01 8.32976341e+00 4.21917057e+00
  1.11329699e+00 6.49758482e+00 2.17149377e+00 2.55558872e+00
  1.55431247e+00 0.00000000e+00 1.60035839e+01 1.68207645e+01
  2.26506376e+00 1.46777499e+00 1.10792847e+01 3.39754462e+00
  8.48904908e-01 5.74226022e-01 4.42001200e+00 6.20485973e+00
  3.73473239e+00 9.41522658e-01 5.58079290e+00 9.23149735e-02
  0.00000000e+00 6.80547428e+00 1.38188744e+00 5.43010855e+00
  5.84586716e+00 7.08527207e-01 1.62108511e-01 2.73188092e-02
  4.91648340e+00 3.94296551e+00 9.52388123e-02 1.89060831e+00
  6.39303160e+00 2.91986084e+00 4.82939148e+00 3.85409975e+00
  1.98864985e+00 2.52228975e+00 4.49372339e+00 4.70929050e+00
  1.48191527e-01 1.14118791e+00 0.00000000e+00 4.58568144e+00
  1.37560737e+00 1.35707796e+00 0.00000000e+00 2.46657944e+00
  5.30594921e+00 3.53586102e+00 5.81068993e-01 2.50262713e+00
  0.00000000e+00 4.58315134e+00 6.85426092e+00 1.37246490e+00
  4.35361862e-01 3.97900367e+00 1.02625599e+01 3.16475749e+00
  3.94539213e+00 2.71168351e-01 3.12435436e+00 1.14460337e+00
  1.85179138e+00 6.74744940e+00 2.42132813e-01 2.21200633e+00
  4.56316566e+00 2.81676412e+00 1.06221759e+00 4.92804193e+00
  3.02945876e+00 6.73556137e+00 7.34207296e+00 2.26678801e+00
  1.39804590e+00 1.14678562e+00 1.06173646e+00 2.59417248e+00
  5.84572315e-01 5.98792458e+00 4.64665127e+00 0.00000000e+00
  6.28623605e-01 7.89316225e+00 1.52615523e+00 2.38468313e+00
  3.14392519e+00 2.36682191e-01 0.00000000e+00 5.75617313e+00
  6.15999103e-01 0.00000000e+00 9.53149736e-01 2.46781588e+00
  9.47936249e+00 1.09844530e+00 1.01149344e+00 0.00000000e+00
  0.00000000e+00 5.42333746e+00 3.93948793e+00 1.72620285e+00
  1.27510376e+01 6.23507619e-01 1.81995094e-01 2.32145071e+00
  5.11067533e+00 1.89572543e-01 4.45759439e+00 5.36094379e+00
  1.19258702e+00 0.00000000e+00 3.41812849e+00 3.45982742e+00
  1.63596702e+00 4.48178434e+00 7.64411509e-01 2.12510300e+00
  1.63682604e+00 4.04481030e+00 4.00113487e+00 2.58726811e+00
  0.00000000e+00 8.85462880e-01 8.27470958e-01 1.52029961e-01
  8.36905098e+00 1.70292258e+00 2.81031084e+00 2.61085320e+00
  6.33729100e-01 1.43183541e+00 1.31569013e-01 6.29036427e-01
  1.67922127e+00 1.43699795e-01 2.65071797e+00 6.78673267e-01
  1.32717633e+00 5.77888310e-01 6.95449257e+00 1.25327778e+00
  3.59174323e+00 3.31751990e+00 1.84373483e-01 1.72998393e+00
  1.95690525e+00 2.69124007e+00 1.56386805e+00 5.12606764e+00
  3.03227735e+00 5.48108041e-01 7.85115576e+00 4.68907213e+00
  1.36061192e-01 3.70134211e+00 1.15720451e+00 4.10024500e+00
  3.61024904e+00 2.05426764e+00 2.95715642e+00 2.79389954e+00
  4.32885265e+00 1.64646494e+00 6.05159140e+00 5.87288141e+00
  7.39500701e-01 1.50862232e-01 1.81950188e+00 7.68180513e+00
  8.80372941e-01 2.38907290e+00 2.73415804e+00 1.61598027e-01
  3.14974040e-01 1.08696043e+00 0.00000000e+00 5.61815143e-01
  0.00000000e+00 7.23965883e-01 1.10745955e+00 6.56927824e-01
  3.81303525e+00 1.22652073e+01 1.09220934e+00 2.89899325e+00
  1.10414495e+01 8.81608129e-01 1.20246544e+01 5.66488647e+00
  1.18449249e+01 5.53543389e-01 5.05736017e+00 1.67806292e+00
  5.66825092e-01 3.64766550e+00 1.20565379e+00 7.33502865e-01
  7.67260015e-01 3.53750634e+00 4.31596851e+00 6.48585677e-01
  4.15760517e+00 3.13442278e+00 9.79470909e-01 4.63474274e+00
  3.57671881e+00 1.00457036e+00 7.51835346e+00 5.92771173e-02
  4.59446043e-01 5.09341860e+00 9.60288346e-02 3.19870925e+00
  4.91413927e+00 3.67345810e+00 4.16481638e+00 4.78086805e+00
  1.38494835e+01 2.03366518e+00 5.85717392e+00 4.43440104e+00
  2.59548879e+00 8.75987291e-01 2.48957336e-01 1.78964710e+00
  1.79676458e-01 8.08117008e+00 2.70652580e+00 4.17469454e+00
  1.82920229e+00 5.29922676e+00 2.78840542e+00 9.17557001e-01
  3.34629059e-01 2.82993746e+00 5.59575605e+00 2.20309210e+00
  1.36606529e-01 2.01153922e+00 1.90099895e-01 9.43722799e-02
  2.54260850e+00 6.10861588e+00 1.47026825e+00 6.45505762e+00
  3.19057584e-01 1.07070267e+00 4.54495716e+00 4.97113609e+00
  2.03127265e+00 2.48189121e-02 4.20658112e+00 6.21283150e+00
  4.47225428e+00 2.89684844e+00 8.82787514e+00 4.67097282e+00
  6.65614796e+00 3.08951998e+00 1.81679583e+00 5.15227938e+00
  1.85176885e+00 1.46923983e+00 1.30927372e+00 3.34439826e+00
  2.19459867e+00 1.87304282e+00 1.15889955e+00 2.52572751e+00
  3.01934719e-01 1.51708460e+00 1.09584417e+01 7.06775069e-01
  2.74756759e-01 0.00000000e+00 0.00000000e+00 8.31754684e+00
  7.52758861e-01 4.81887341e+00 8.38298893e+00 1.42809406e-01
  1.31266785e+00 1.08932352e+00 3.27874923e+00 3.09322023e+00
  3.72705412e+00 2.38646984e+00 3.66641253e-01 6.06822491e-01
  1.53855696e-01 3.10421038e+00 5.13853729e-01 1.49014080e+00
  1.16241331e+01 2.39961004e+00 3.73099625e-01 2.45747995e+00
  2.36621952e+00 5.40938520e+00 1.74946141e+00 3.70067686e-01
  4.77188528e-01 3.00151229e+00 2.13332391e+00 4.38123494e-01
  3.91239315e-01 1.15981126e+00 3.40327144e+00 3.36544961e-01
  2.18996510e-01 3.07600796e-02 1.17340398e+00 9.50101137e-01
  1.87873936e+00 1.06522250e+00 6.13300371e+00 0.00000000e+00
  7.53211260e+00 1.13948703e+00 8.31081390e+00 3.54507637e+00
  6.82319105e-01 2.47520852e+00 3.81429887e+00 3.84569573e+00
  1.30356455e+00 2.14910054e+00 9.64498997e-01 2.68082857e+00
  7.54055309e+00 3.89454700e-02 5.27222347e+00 1.70896661e+00
  2.59630227e+00 2.44895043e-03 8.53184319e+00 7.51896918e-01]]