[[5.21253407e-01 5.08661985e-01 0.00000000e+00 0.00000000e+00
  0.00000000e+00 8.22868729e+00 3.39575505e+00 6.84635258e+00
  8.00506401e+00 1.57974851e+00 1.70670196e-01 1.57272959e+00
  1.77572346e+00 3.55254817e+00 0.00000000e+00 4.71694613e+00
  3.68699789e-01 1.68910062e+00 8.46529067e-01 2.39569926e+00
  6.96106136e-01 2.34186440e+01 9.57317278e-03 2.00586176e+00
  5.44142127e-01 9.99712753e+00 2.20274925e+00 8.20386791e+00
  7.51481280e-02 1.50440097e+00 3.12239885e-01 0.00000000e+00
  0.00000000e+00 1.80388659e-01 1.90871847e+00 5.40509336e-02
  2.33117199e+00 1.64940393e+00 6.54297018e+00 5.86998224e+00
  1.57627192e+01 3.54202390e-01 4.55382109e+00 3.70247889e+00
  3.07028317e+00 1.65590382e+00 8.96010101e-01 7.31842995e-01
  3.15662003e+00 1.70346200e-01 6.74578011e-01 9.23659652e-02
  0.00000000e+00 3.13689256e+00 1.08768791e-01 4.97191757e-01
  9.02850342e+00 4.38759995e+00 9.69492626e+00 1.82204638e-02
  2.26069307e+00 4.53060418e-01 5.00470495e+00 6.79350805e+00
  8.94843340e-02 3.63409352e+00 3.74151039e+00 3.74384570e+00
  1.53682756e+00 2.09401906e-01 2.39322996e+00 1.13997641e+01
  3.62129301e-01 8.88606167e+00 7.73668289e-03 0.00000000e+00
  9.17554140e-01 0.00000000e+00 1.80501723e+00 6.05025578e+00
  0.00000000e+00 6.89412892e-01 2.32714128e+00 0.00000000e+00
  1.53040819e+01 9.37240899e-01 2.87274647e+00 5.71103334e-01
  2.38813329e+00 0.00000000e+00 3.57479787e+00 1.96175551e+00
  0.00000000e+00 5.81981167e-02 4.62352604e-01 4.02717233e-01
  3.06925982e-01 2.38778543e+00 3.09707975e+00 6.18101597e+00
  1.64858794e+00 2.23091602e+00 1.10597620e+01 5.58535576e+00
  0.00000000e+00 7.88745117e+00 3.99441153e-01 1.42039895e-01
  2.92673886e-01 5.07858992e-01 8.73405397e-01 2.91765869e-01
  1.33909926e-01 1.00856314e+01 4.49215285e-02 6.13733232e-02
  3.31310248e+00 6.17718458e-01 1.15283120e+00 3.95426059e+00
  1.83798149e-01 4.00565004e+00 7.48772249e-02 1.72299500e+01
  8.51563275e-01 9.88970876e-01 0.00000000e+00 1.04493745e-01
  2.42815566e+00 7.16165733e+00 2.15519786e+00 6.76679313e-01
  8.52859783e+00 1.19817957e-01 1.05507731e+00 9.62265015e-01
  2.28901649e+00 2.25732237e-01 3.41924143e+00 1.02475653e+01
  5.47225535e-01 2.59211802e+00 4.44265366e+00 2.38671708e+00
  4.27473068e+00 3.13056135e+00 1.29482520e+00 3.26196879e-01
  0.00000000e+00 1.72937179e+00 7.19238663e+00 2.19645321e-01
  2.50500113e-01 0.00000000e+00 2.25640535e+00 3.72691154e+00
  1.66074181e+00 5.34188795e+00 1.54229283e+00 4.98295039e-01
  3.20679784e-01 5.00324631e+00 1.04312162e+01 0.00000000e+00
  4.40663385e+00 3.95967293e+00 7.95402303e-02 1.21925163e+00
  8.49023461e-01 1.75842881e+00 3.21502119e-01 3.34241676e+00
  6.91380835e+00 3.16228962e+00 1.36275470e+00 9.34786439e-01
  8.06475356e-02 0.00000000e+00 1.15762053e+01 1.03878794e+01
  5.55904818e+00 3.31998873e+00 5.35137606e+00 1.41211778e-01
  1.42504227e+00 3.46851587e-01 1.22571573e+01 2.28070378e+00
  3.27976036e+00 2.29932889e-01 8.05443954e+00 2.29727194e-01
  8.60484898e-01 1.07460175e+01 0.00000000e+00 0.00000000e+00
  0.00000000e+00 1.49572334e+01 2.66993999e+00 0.00000000e+00
  1.38696460e-02 7.72822350e-02 2.25217366e+00 9.65340137e-01
  5.78029823e+00 1.69785726e+00 4.26705956e-01 1.09014702e+00
  9.79141667e-02 1.42737961e+01 6.13696909e+00 3.29525185e+00
  0.00000000e+00 3.26150274e+00 1.24122953e+00 8.89577806e-01
  4.99416851e-02 3.79752398e-01 2.44540787e+00 1.33677435e+00
  4.27569717e-01 4.41219664e+00 4.79555279e-01 6.35549498e+00
  5.17309368e-01 6.21840191e+00 1.15448505e-01 4.96667504e-01
  2.54067987e-01 2.32355738e+00 5.74043989e-01 2.22851253e+00
  0.00000000e+00 1.14595044e+00 1.92658019e+00 1.26768684e+00
  0.00000000e+00 9.57836246e+00 0.00000000e+00 1.08715606e+00
  1.91089809e-01 4.75191879e+00 1.03865147e+00 7.00042295e+00
  2.38611794e+00 1.32551308e+01 8.92004108e+00 3.34198880e+00
  2.82073164e+00 1.58705860e-01 1.43999720e+00 8.47011089e-01
  3.83223367e+00 1.56632876e+00 3.29767680e+00 7.32162952e-01
  1.19525902e-02 4.14894342e+00 6.87751675e+00 1.99144697e+00
  1.85908362e-01 0.00000000e+00 0.00000000e+00 8.31320953e+00
  1.27854753e+00 4.71555948e+00 0.00000000e+00 3.98760653e+00
  5.11325026e+00 7.00680554e-01 4.80471992e+00 0.00000000e+00
  1.37299311e+00 5.98443794e+00 1.83184159e+00 1.17714214e+00
  9.62977409e+00 1.27645105e-01 9.49993432e-02 6.69984770e+00
  6.56110382e+00 1.07197838e+01 1.71831284e+01 2.34300941e-02
  6.32293940e+00 0.00000000e+00 1.71184254e+00 1.73915696e+00
  1.50494778e+00 6.09723043e+00 0.00000000e+00 1.39323115e+00
  1.13676155e+00 4.70340347e+00 5.38426971e+00 1.13174319e+00
  9.24726677e+00 4.90171134e-01 0.00000000e+00 4.81367737e-01
  3.89945596e-01 0.00000000e+00 8.25598621e+00 3.09678912e-01
  6.94930613e-01 3.94946665e-01 1.66006935e+00 3.66149998e+00
  2.86079097e+00 6.08762085e-01 3.86540353e-01 7.36237586e-01
  1.53640640e+00 0.00000000e+00 4.69692737e-01 8.26510847e-01
  0.00000000e+00 1.07613287e+01 3.62161469e+00 1.29657435e+00
  3.18697691e+00 5.68043768e-01 1.64488220e+00 0.00000000e+00
  2.06945375e-01 1.08201933e+01 7.14664459e-01 0.00000000e+00
  0.00000000e+00 0.00000000e+00 3.33637500e+00 2.96807647e+00
  4.53359985e+00 4.33501720e+00 7.05128145e+00 1.00974226e+00
  9.66017628e+00 2.08384180e+00 6.57819223e+00 1.15095365e+00
  7.65863240e-01 1.63347828e+00 4.50854003e-01 9.30964088e+00
  1.58172464e+00 1.44264340e+00 2.39124179e+00 1.33193314e+00
  5.65655947e-01 4.10623819e-01 2.88143344e-02 1.44626582e+00
  5.47230206e-02 0.00000000e+00 4.85826224e-01 7.49310255e-01
  3.10411549e+00 6.79373980e+00 2.34043169e+00 7.77800158e-02
  1.37785511e+01 3.29224795e-01 9.75027180e+00 1.31192768e+00
  1.46808233e+01 0.00000000e+00 6.56224823e+00 1.63080797e-01
  9.84408483e-02 0.00000000e+00 3.48633975e-01 2.05618650e-01
  6.24610615e+00 1.39558530e+00 2.41962075e-01 9.33055496e+00
  9.28443313e-01 0.00000000e+00 5.98345995e+00 2.07603145e+00
  3.68447399e+00 8.62966716e-01 0.00000000e+00 6.08816147e+00
  1.58748412e+00 7.91632652e-01 3.06081104e+00 0.00000000e+00
  9.99886766e-02 2.94808650e+00 1.30891967e+00 3.64998579e-01
  2.86763334e+00 1.31955957e+00 0.00000000e+00 1.34214270e+00
  1.34023893e+00 3.80195332e+00 4.97907686e+00 1.69620216e+00
  9.87788439e-01 9.96206570e+00 2.15126729e+00 5.35691452e+00
  5.55114365e+00 2.87385988e+00 6.30823970e-02 1.44826818e+00
  2.34082198e+00 1.84046125e+00 2.57595682e+00 1.99568853e-01
  0.00000000e+00 0.00000000e+00 9.87316389e-03 4.68414962e-01
  1.10845768e+00 1.07045805e+00 0.00000000e+00 1.76526988e+00
  0.00000000e+00 4.61201906e-01 3.84453416e-01 6.55518723e+00
  7.71741152e-01 2.01897949e-01 9.74200010e-01 6.18802452e+00
  4.39610434e+00 1.52496660e+00 1.48806500e+00 2.03257942e+00
  1.97175922e+01 9.35944989e-02 1.62483621e+00 2.25597453e+00
  2.12031889e+00 3.21220732e+00 4.18223429e+00 2.26818606e-01
  1.63823187e+00 6.54598713e-01 5.62062979e-01 7.92903805e+00
  2.01329917e-01 1.67025650e+00 1.19270265e+00 8.54502320e-01
  3.13988829e+00 1.92645118e-01 8.23482990e+00 2.68189073e+00
  2.42425704e+00 1.30841005e+00 5.65641022e+00 0.00000000e+00
  5.75254679e+00 1.32724321e+00 2.48352706e-01 1.37386426e-01
  1.09238091e+01 1.99507643e-02 2.19562382e-01 0.00000000e+00
  0.00000000e+00 7.77753517e-02 4.21640366e-01 1.23149455e+00
  2.49277425e+00 8.89815271e-01 2.45579928e-01 2.43241405e+00
  4.58414173e+00 1.28895884e+01 1.33596033e-01 1.44933999e-01
  9.13447961e-02 2.72498250e+00 2.84964991e+00 2.98479724e+00
  2.73985720e+00 4.62207705e-01 3.52571225e+00 5.95391631e-01
  0.00000000e+00 1.01811562e+01 6.42496347e+00 0.00000000e+00
  1.46382141e+00 2.55782962e-01 7.28532648e+00 6.28560841e-01
  4.87945169e-01 2.30431151e+00 0.00000000e+00 1.88868165e+00
  1.05268202e+01 7.07312965e+00 1.32890940e+00 1.28323889e+00
  7.88225174e+00 1.28019834e+00 0.00000000e+00 6.97120285e+00
  4.40324259e+00 1.05326520e-02 7.12966681e+00 7.89075255e-01
  5.53518593e-01 7.32201338e-01 1.84935522e+00 1.24819458e+00]]