[[0.0000000e+00 4.7856913e+00 1.7320603e+00 0.0000000e+00 1.5343459e+00
  1.7722496e+01 8.3972168e+00 2.4994246e-03 0.0000000e+00 2.0531366e-02
  1.3426654e+00 2.7605143e+00 6.5407882e+00 9.6672344e+00 3.1816922e-02
  2.6401813e+00 4.3887064e-01 2.5962343e+00 8.7730205e-01 6.2677436e+00
  1.5012287e+00 4.7014318e+00 2.1672952e-01 4.3940252e-01 5.9606993e-01
  4.9415627e+00 8.3564329e-01 1.1962048e+00 4.7387810e+00 3.4775484e-01
  0.0000000e+00 5.7450719e+00 0.0000000e+00 8.5534821e+00 2.1672521e+00
  1.9683361e+00 5.7900887e+00 0.0000000e+00 9.6624458e-01 3.8423257e+00
  3.4551187e+00 5.5806789e+00 1.5025467e+00 1.3951145e+00 3.2316169e-01
  6.1933976e-01 1.7126527e+00 7.2087094e-02 7.3297424e+00 7.4861914e-01
  7.3578364e-01 2.6705437e+00 2.8860006e+00 1.6605866e+00 1.2562288e+00
  1.0752109e+01 1.9145710e+00 1.0210231e+01 2.7266234e-01 1.7675641e+00
  0.0000000e+00 1.2788163e-01 5.5719037e+00 5.5184593e+00 3.4923816e+00
  2.4166639e+00 6.9664731e+00 6.2684088e+00 5.3626981e+00 8.3692223e-01
  9.9808149e+00 1.3445441e+00 0.0000000e+00 2.7617674e+00 7.2224587e-01
  1.7844590e+00 6.5116954e-01 2.2693093e+00 2.7799103e+00 2.7252178e+00
  0.0000000e+00 4.1642685e+00 7.7247615e+00 0.0000000e+00 4.2663589e+00
  4.6781068e+00 2.6970211e-01 1.7484933e+00 1.1583251e+01 1.3127331e+00
  6.3847570e+00 1.6228980e+00 2.8463783e+00 1.8830903e+00 8.2434165e-01
  1.0870315e+00 1.2976037e+00 6.5116158e+00 9.8524481e-01 1.3562073e+00
  2.9751527e-01 1.8530015e+00 3.8235028e+00 9.9459476e+00 2.3202728e+01
  8.7625229e-01 1.2418779e-01 3.4380651e-01 2.9130819e+00 5.6228107e-01
  1.9316092e+00 1.4554867e+00 8.2490009e-01 1.0509268e+01 2.3096230e+00
  4.9523168e+00 7.6070633e+00 4.7325273e+00 1.5158229e-01 3.2224936e+00
  4.3815575e+00 9.3920636e-01 3.2240775e-01 3.4278419e+00 2.3503885e+00
  3.1125288e+00 5.6743544e-01 1.4845796e-01 2.6980751e+00 1.2296351e+01
  5.0140748e+00 1.1715540e+00 1.6005403e+00 7.2167516e-02 1.0263238e+00
  4.2517929e+00 9.9183452e-01 3.1920621e-01 3.3511767e+00 1.5006581e-01
  2.2611976e-01 2.9846499e+00 3.2870042e-01 3.7024508e+00 2.7104315e-01
  3.3437650e+00 4.5122504e+00 0.0000000e+00 9.6914613e-01 1.1693833e+00
  1.0168786e+01 4.1279287e+00 4.5560584e+00 7.0120770e-01 6.5858489e-01
  4.3951035e+00 0.0000000e+00 8.1169300e+00 0.0000000e+00 8.9370012e-01
  1.3712615e+00 8.9826212e+00 2.2552657e+00 5.6500649e+00 8.1961155e+00
  3.2441373e+00 0.0000000e+00 7.3616886e+00 0.0000000e+00 4.0993519e+00
  6.0445848e+00 5.1255527e+00 2.5096514e+00 1.1195234e+01 5.6796699e+00
  3.8791485e+00 1.5688874e+00 9.9190130e+00 1.4389359e+01 1.7440028e+00
  1.6905104e-01 1.9776672e+00 3.7031319e+00 3.1441888e-03 7.5121731e-01
  9.1995306e+00 1.9417921e+00 2.5270104e-01 1.1342920e+00 1.5833515e+00
  1.2829946e+00 0.0000000e+00 8.0655473e-01 9.1128111e+00 3.2469685e+00
  1.8364546e+00 0.0000000e+00 1.0350271e+01 5.0204641e-01 1.6383740e+00
  1.6369613e+00 4.3993187e+00 1.9199060e+00 0.0000000e+00 6.6862190e-01
  7.4272007e-01 4.6149621e+00 3.6322122e+00 1.0937841e+01 3.8103983e+00
  1.8749740e+00 5.0520053e+00 1.6289384e+00 2.6445942e+00 5.4900241e-01
  4.8931271e-01 5.1249833e+00 0.0000000e+00 1.8101220e-01 1.5392478e+00
  1.7486344e-01 3.8541429e+00 1.4647162e+00 3.9664528e+00 2.5817478e+00
  1.0948108e+01 1.2665020e-01 1.7382185e+00 2.4959345e+00 2.5390453e+00
  1.9493520e+00 2.7053022e+00 8.1703466e-01 5.6882329e+00 2.2108898e+00
  1.0601071e+01 1.2173407e+00 9.5400562e+00 8.0494082e-01 2.8711038e+00
  1.5924680e-01 3.0795729e+00 3.2133098e+00 3.0467782e+00 1.8892924e+00
  3.7218151e+00 4.6425104e+00 2.9869273e+00 5.3924141e+00 7.6529473e-01
  8.9124012e+00 2.8085297e-01 0.0000000e+00 2.5782189e+00 3.5400859e-01
  0.0000000e+00 5.9775877e+00 1.7433742e+00 5.6611019e-01 4.6402583e+00
  2.4985328e+00 8.9814013e-01 3.8256431e+00 4.0293264e+00 6.6433759e+00
  4.1158814e-02 4.9109106e+00 1.1362369e-01 1.5356498e+01 7.9463315e-01
  6.3302484e+00 1.0179323e-01 2.0139992e+00 1.2727108e+00 6.2989765e-01
  6.8741095e-01 7.8659010e+00 3.1095188e+00 8.3486551e-01 1.1385764e+00
  4.4319115e+00 6.7101049e-01 1.7487420e-01 3.6851948e-01 2.4742515e+00
  0.0000000e+00 5.0175328e+00 1.8073165e-01 6.4136996e+00 2.5684345e+00
  5.0219184e-01 5.1568091e-01 1.1090814e+01 1.6118578e+00 1.8188168e+00
  1.2244817e+01 4.4976802e+00 2.5787718e+00 1.5444138e+01 8.0450512e-02
  4.2836890e+00 2.8451791e+00 8.1865168e+00 1.4783037e+00 3.0606954e+00
  5.1031131e-01 4.2003779e+00 7.4066143e-03 2.4244790e+00 3.2659116e+00
  6.1989841e+00 0.0000000e+00 5.8770531e-01 2.5491378e+00 2.2307024e+00
  5.5245924e+00 9.4354744e+00 4.5772171e+00 2.0744495e+00 9.1161907e-01
  6.9690700e+00 7.5070848e+00 2.5421023e+00 1.3800318e+00 1.8437743e+00
  3.3012791e+00 1.9752080e+00 0.0000000e+00 3.7508955e+00 2.0916760e+00
  1.7497798e+00 4.1651301e+00 0.0000000e+00 3.9310546e+00 1.7595587e+01
  1.6955887e+00 2.0526717e+00 2.5867312e+00 7.3933023e-01 3.5273945e+00
  5.7631626e+00 1.1149337e-01 4.6204957e-01 0.0000000e+00 1.5323659e+00
  2.2775662e+00 2.3283234e-02 1.2379062e+00 1.4955568e+00 1.3216488e+00
  2.1983893e+00 1.5620812e+00 0.0000000e+00 7.9854288e+00 1.7052299e+00
  3.0390731e-01 6.0644088e+00 5.4048581e+00 8.7909438e-02 4.2822814e+00
  5.1314535e+00 8.1145134e+00 6.1306338e+00 5.7018127e+00 4.1422081e+00
  5.8195800e-01 1.0819199e+01 7.7978663e+00 1.9856771e+00 0.0000000e+00
  3.4503050e+00 1.8429133e+00 4.2408123e+00 4.5064956e-01 3.2426436e+00
  5.5440750e+00 9.2200410e-01 2.2195785e+00 0.0000000e+00 8.1698618e+00
  3.0981488e+00 1.0762650e+01 5.5686289e-01 8.1149826e+00 2.9023607e+00
  5.5110800e-01 3.1381001e+00 0.0000000e+00 0.0000000e+00 7.5348654e+00
  2.5051699e+00 6.6841489e-01 4.6634474e+00 2.8850858e+00 3.2021463e-01
  2.8280291e-01 7.5596762e+00 1.0910567e+00 7.4268961e+00 4.5316470e-01
  5.7330451e+00 6.2822299e+00 3.7213717e+00 2.5055571e+00 1.4369322e+00
  2.2456582e+00 0.0000000e+00 2.0090578e+00 8.0360184e+00 1.6671249e+01
  5.1325536e+00 0.0000000e+00 1.3862324e-02 4.1810179e-01 3.3063788e+00
  1.6080649e+00 0.0000000e+00 1.7835438e+00 2.6623425e-01 9.1206424e-02
  1.4486705e+00 0.0000000e+00 0.0000000e+00 4.4342065e+00 4.3072939e+00
  3.9217024e+00 2.9844530e+00 3.3182240e+00 3.0138776e+00 2.3863232e+00
  2.6029067e+00 1.7244645e+00 2.6075366e+00 3.4234419e+00 1.5143086e+00
  1.2917792e+01 6.6503029e+00 6.0869489e+00 0.0000000e+00 3.5976118e-01
  0.0000000e+00 6.5412045e-02 1.6632131e+00 1.8585770e+00 9.3694258e+00
  4.4290414e+00 1.6352504e+00 1.6703535e+00 4.9705592e-01 0.0000000e+00
  1.3061177e+00 2.4410229e+00 4.0160828e+00 1.2786576e+01 4.5513158e+00
  2.8966784e+00 8.1083479e+00 4.2137990e+00 0.0000000e+00 1.1357048e+01
  1.3079118e+00 6.6491785e+00 7.3398395e+00 2.5282254e+00 0.0000000e+00
  2.0253227e+00 3.0490856e+00 3.4270582e-01 1.8265691e+00 1.2783983e+00
  4.7085911e-01 3.5795417e+00 1.9868469e-01 6.3656063e+00 5.7966155e-01
  3.9436097e+00 1.2375647e+00 5.9126258e-01 1.9743823e-01 1.2886648e+00
  4.9640203e+00 1.6976559e+00 3.4741616e+00 7.6290917e-01 1.3446951e+00
  6.1918149e+00 1.1151018e+01 3.2521141e+00 3.2898140e-01 1.8537582e+00
  2.6118305e+00 2.6950318e-01 5.8948960e+00 6.7499986e+00 5.3579593e+00
  2.2416608e+00 6.6860020e-01 2.7754579e+00 3.9135969e-01 8.1195241e-01
  2.2421401e+00 0.0000000e+00 8.7707748e+00 7.1865505e-01 5.3747350e-01
  1.0691561e+00 2.4011986e+00 3.0402598e+00 8.1390363e-01 1.2567443e+00
  2.7615316e+00 4.0934178e-01]]