[[6.47261888e-02 6.69247293e+00 3.41133761e+00 1.58667839e+00
  1.49717367e+00 1.38316500e+00 3.80842566e+00 3.13128754e-02
  4.14017248e+00 1.06222212e+00 2.62943721e+00 3.10904932e+00
  3.93444300e+00 4.85106516e+00 0.00000000e+00 2.39799309e+00
  6.70523071e+00 1.37170359e-01 2.73032725e-01 4.50652456e+00
  5.08730221e+00 9.56142426e-01 5.23361802e-01 1.70443134e+01
  0.00000000e+00 2.96290255e+00 1.15345800e+00 9.81271458e+00
  8.83683026e-01 1.11814809e+00 0.00000000e+00 5.13236821e-01
  0.00000000e+00 2.63243675e+00 1.89807165e+00 7.27678597e-01
  7.39950061e-01 2.44697392e-01 1.97305584e+00 1.63490903e+00
  1.83900547e+00 2.07647681e+00 7.81604588e-01 4.21586943e+00
  1.72003138e+00 6.49885595e-01 2.80969429e+00 4.89568377e+00
  1.95578396e+00 5.34279466e-01 1.65842438e+00 4.53222752e+00
  1.81477055e-01 7.34766901e-01 6.57529116e-01 2.55525923e+00
  1.54495859e+00 2.63095999e+00 6.61329329e-01 4.41621113e+00
  8.19366550e+00 1.41279542e+00 7.08045721e+00 2.48600602e+00
  0.00000000e+00 2.81927252e+00 4.06996822e+00 1.72586060e+00
  8.60575438e-01 2.41627693e+00 1.44738245e+01 7.57473707e+00
  9.31960106e-01 8.02089453e-01 1.21520829e+00 4.10834074e-01
  3.18547440e+00 2.88297939e+00 0.00000000e+00 3.34741092e+00
  1.22897530e+00 3.19578338e+00 2.79718852e+00 9.18068349e-01
  4.35387707e+00 5.08576202e+00 2.66237211e+00 3.26780367e+00
  8.02242947e+00 6.98123753e-01 5.95592213e+00 5.79714918e+00
  0.00000000e+00 8.33279896e+00 2.10604715e+00 2.44126463e+00
  3.04528594e-01 8.16816628e-01 5.85097313e-01 5.45912218e+00
  1.59563292e-02 1.82645416e+00 2.52474713e+00 3.75608206e+00
  1.64615083e+00 7.40033090e-02 5.50658822e-01 1.29920876e+00
  4.74238777e+00 4.43656874e+00 6.29281998e+00 2.45625782e+00
  5.83710909e+00 4.28059435e+00 2.81835407e-01 6.36413872e-01
  5.15747023e+00 5.61936736e-01 3.89311695e+00 4.65796852e+00
  2.82820725e+00 2.69781411e-01 2.34567928e+00 5.14800358e+00
  1.34879899e+00 4.15321445e+00 2.21102071e+00 1.69568256e-01
  2.56576705e+00 1.51107130e+01 3.88492537e+00 2.20750123e-01
  5.50426483e+00 8.27349663e-01 5.24856091e+00 1.78125262e+00
  3.83222342e+00 7.72838652e-01 3.02627593e-01 3.70641518e+00
  9.90878791e-02 2.80660421e-01 1.65523005e+00 3.53693128e+00
  1.77773893e+00 2.43665147e+00 5.31071091e+00 3.02251160e-01
  9.00485516e-01 3.97911847e-01 6.51970291e+00 2.81715679e+00
  2.45440817e+00 2.80629903e-01 2.66944051e+00 1.74273872e+00
  7.49428463e+00 9.33470950e-02 2.93152153e-01 1.60570228e+00
  3.13428926e+00 1.09434485e+00 7.43541288e+00 3.45810509e+00
  1.02236879e+00 5.48693085e+00 5.03329277e-01 3.89662647e+00
  5.74717045e-01 1.36751920e-01 1.12686958e+01 2.04345822e+00
  4.15412521e+00 1.58841276e+01 2.41267514e+00 2.17571139e+00
  0.00000000e+00 2.30377913e+00 1.14891710e+01 5.94730282e+00
  1.08128168e-01 0.00000000e+00 7.09031773e+00 3.94184566e+00
  3.17632437e+00 1.41685688e+00 1.02445126e+01 8.95822704e-01
  3.26843166e+00 3.61268193e-01 9.12926769e+00 6.56624138e-01
  1.18891466e+00 3.49482322e+00 3.61113250e-01 6.50923824e+00
  1.48642528e+00 2.17038107e+00 0.00000000e+00 3.46488643e+00
  8.88838232e-01 5.78801692e-01 1.56116283e+00 7.33066797e+00
  1.68948576e-01 4.33967113e+00 6.09835243e+00 7.66112041e+00
  2.82649016e+00 6.32929087e+00 3.65358496e+00 1.55969098e-01
  4.54169631e-01 1.01455855e+00 7.73634911e-01 2.56668448e-01
  7.02880812e+00 1.00276089e+00 1.41490734e+00 3.70017385e+00
  1.03406870e+00 3.76303434e+00 1.76545948e-01 3.55604935e+00
  4.68912154e-01 1.89984035e+00 2.32694864e+00 1.74670219e+00
  0.00000000e+00 1.65921307e+00 2.34947205e+00 3.11444926e+00
  3.52738857e+00 2.18408465e+00 6.39167905e-01 5.70840502e+00
  2.06879997e+00 5.81457281e+00 1.79274809e+00 5.86029351e-01
  1.19908404e+00 0.00000000e+00 4.02750111e+00 6.43713236e+00
  1.29361629e+00 3.36184287e+00 4.63496876e+00 2.79004550e+00
  3.83326590e-01 1.56226242e+00 3.29982781e+00 8.87241304e-01
  1.93410134e+00 1.79609442e+00 7.57861090e+00 1.15879548e+00
  7.83183873e-01 1.53448582e+00 6.61598206e-01 0.00000000e+00
  1.09332633e+00 6.93015516e-01 5.59486914e+00 8.29661369e+00
  2.88794070e-01 1.50355592e-01 4.25644457e-01 5.30300713e+00
  1.03863249e+01 1.54092443e+00 1.81469464e+00 0.00000000e+00
  4.87474173e-01 1.32585847e+00 7.49924040e+00 3.71087217e+00
  9.65648353e-01 3.39066029e+00 9.56992090e-01 8.84371758e-01
  8.04805183e+00 9.23884296e+00 6.52681303e+00 3.66220403e+00
  7.94326007e-01 9.17980373e-01 7.89012384e+00 2.07969928e+00
  5.11877108e+00 4.99563694e+00 1.09026015e+00 2.20984077e+00
  6.10632002e-01 7.57720172e-01 6.37767732e-01 3.49718595e+00
  5.43358326e+00 1.39002883e+00 1.36528790e+00 8.84695798e-02
  4.90303010e-01 1.78250790e+00 1.10484409e+00 3.93418574e+00
  1.55446720e+00 4.42587662e+00 4.06208694e-01 6.66817307e-01
  0.00000000e+00 2.23865700e+00 8.45262349e-01 2.19911885e+00
  1.03143185e-01 3.68728733e+00 7.36279368e-01 2.04021311e+00
  1.14441757e+01 4.68405104e+00 4.75325584e+00 6.85410976e+00
  1.54349959e+00 8.54659677e-02 1.82928050e+00 3.51588655e+00
  3.48006606e+00 4.61977625e+00 1.57266521e+00 1.66163957e+00
  1.29592216e+00 3.86598802e+00 4.14008290e-01 3.07342839e+00
  1.17962086e+00 4.85785961e+00 1.57253857e+01 5.36075413e-01
  5.06684303e+00 1.06053889e+00 2.41013288e+00 1.22200496e-01
  4.73275632e-01 7.86539197e-01 1.28482834e-01 1.59737170e-01
  2.11591411e+00 1.76390529e+00 5.25152826e+00 5.01854897e+00
  2.52408838e+00 1.36215830e+00 2.39835642e-02 2.42481494e+00
  1.76693416e+00 4.00713730e+00 6.18733263e+00 0.00000000e+00
  7.72958326e+00 7.29979324e+00 4.96063995e+00 7.78645992e+00
  7.03066587e+00 9.33951569e+00 2.95639610e+00 5.62878370e+00
  1.71245980e+00 7.13413835e-01 1.34312449e+01 1.27409077e+00
  8.16963732e-01 2.46526909e+00 2.53172779e+00 2.09615898e+00
  1.56811118e+00 1.04655111e+00 5.61415148e+00 4.00118768e-01
  9.36898232e-01 4.05396652e+00 4.44286633e+00 1.53651512e+00
  3.11869931e+00 1.56978595e+00 3.78757358e-01 3.57221508e+00
  3.35474157e+00 4.29944247e-01 2.45674515e+00 1.69047701e+00
  6.33017778e-01 3.80610824e+00 2.56324077e+00 3.13363624e+00
  7.18368828e-01 3.36036414e-01 1.28645968e+00 0.00000000e+00
  6.98903942e+00 1.49192345e+00 2.06525040e+00 7.32971787e-01
  5.25401831e+00 3.29877615e+00 5.01220226e+00 6.99691200e+00
  0.00000000e+00 5.16475010e+00 6.76895916e-01 6.04008138e-01
  0.00000000e+00 6.94666719e+00 6.71089077e+00 1.25648451e+00
  0.00000000e+00 0.00000000e+00 7.53696501e-01 3.48419356e+00
  0.00000000e+00 7.52848577e+00 3.62868786e-01 1.35448515e+00
  2.34806228e+00 3.01296282e+00 5.10942638e-01 6.30643749e+00
  6.53226376e-01 5.34939885e-01 3.36581588e+00 8.04241598e-01
  6.96195078e+00 4.16175127e-01 4.74129200e+00 3.36908484e+00
  2.18420148e-01 3.45647669e+00 2.74994493e-01 3.56889129e+00
  2.82922775e-01 4.19694567e+00 2.51540518e+00 4.51474476e+00
  3.48558998e+00 9.62652969e+00 2.13411435e-01 4.32359123e+00
  4.92438364e+00 4.63131475e+00 2.45145106e+00 1.82591334e-01
  0.00000000e+00 1.30153403e-01 4.04904938e+00 1.69453793e+01
  1.72245276e+00 3.52140164e+00 5.92740726e+00 1.29991913e+00
  5.44947672e+00 2.59017444e+00 4.18202221e-01 1.42350540e+01
  1.30174696e+00 5.61384261e-01 1.50999308e+00 1.23310052e-01
  0.00000000e+00 1.33705461e+00 5.62632847e+00 9.40321541e+00
  2.95589209e+00 8.15938663e+00 9.49856567e+00 1.15314925e+00
  6.74928367e-01 3.32514477e+00 1.18456602e+00 2.15536714e-01
  4.27753735e+00 5.86224198e-01 6.07931376e+00 3.83829737e+00
  3.10085344e+00 0.00000000e+00 1.64065039e+00 2.75146574e-01
  6.98599994e-01 5.27849078e-01 1.39023666e+01 1.22214541e-01
  1.65364432e+00 3.17578626e+00 1.01797092e+00 0.00000000e+00
  6.48665190e+00 5.80951166e+00 3.76996279e-01 2.08883500e+00
  4.95304823e-01 1.82269800e+00 1.26964062e-01 5.27089596e-01
  5.85985327e+00 2.00381923e+00 4.98999357e+00 1.17741227e+00
  3.72701907e+00 2.13127661e+00 1.40534220e+01 1.45725858e+00
  1.04531872e+00 7.51180708e-01 2.66897488e+00 7.42596269e-01]]