[[1.03842807e+00 7.46782660e-01 3.41095257e+00 1.20293236e+00
  2.36125350e+00 1.17814646e+01 2.61048651e+00 9.47272015e+00
  4.34218884e-01 1.66181087e+00 1.55579138e+00 4.03605795e+00
  7.22726250e+00 7.52690411e+00 2.36400411e-01 2.64005232e+00
  1.25311241e+01 2.38865733e+00 8.54528618e+00 1.85605335e+00
  8.39448261e+00 1.06225882e+01 0.00000000e+00 1.28697300e+00
  1.05439687e+00 5.91795802e-01 2.33821011e+00 1.22093220e+01
  2.41062641e+00 4.52533007e+00 1.00428965e-02 2.80238152e+00
  0.00000000e+00 2.47991467e+00 4.09103441e+00 1.85449719e-01
  2.14397311e-01 0.00000000e+00 4.64727402e+00 9.17214274e-01
  4.81040144e+00 2.79284334e+00 3.87665486e+00 3.37657809e+00
  1.11942613e+00 0.00000000e+00 5.17442942e+00 4.39660168e+00
  3.38462532e-01 6.63252249e-02 4.64652389e-01 5.54862690e+00
  8.80029976e-01 7.50645220e-01 1.98236835e+00 3.59680802e-01
  3.74707627e+00 6.91673040e-01 0.00000000e+00 4.01154101e-01
  1.52239275e+00 2.52234101e-01 2.02812123e+00 6.71943378e+00
  1.15540721e-01 2.58081126e+00 0.00000000e+00 7.55130827e-01
  3.08843589e+00 7.79124945e-02 3.60784006e+00 1.29330301e+00
  2.93803573e-01 3.36747766e+00 2.85729194e+00 3.29756904e+00
  5.33967829e+00 5.66606665e+00 2.14247990e+00 6.01693296e+00
  0.00000000e+00 2.22895837e+00 3.48418689e+00 2.44548869e+00
  5.30931997e+00 4.89496183e+00 9.88535881e+00 1.69658148e+00
  8.47587681e+00 1.32795620e+00 1.77424103e-01 2.26568484e+00
  1.08439052e+00 1.34970789e+01 2.36437607e+00 5.00072336e+00
  2.53078842e+00 4.01414663e-01 2.17753220e+00 4.05097389e+00
  4.03551608e-01 1.12057507e+00 1.81165004e+00 6.76231909e+00
  8.82684040e+00 0.00000000e+00 5.19185364e-01 2.92512846e+00
  1.47201145e+00 5.75541830e+00 2.79265213e+00 1.93379152e+00
  1.10684614e+01 1.26475525e+00 7.46085346e-01 5.60998201e-01
  9.41990471e+00 8.27958167e-01 1.83994055e+00 1.94069862e-01
  3.53330994e+00 0.00000000e+00 7.06097364e+00 2.72718906e+00
  2.59490037e+00 5.22381926e+00 1.28931999e-02 5.42371845e+00
  5.38308764e+00 4.66560745e+00 1.48497200e+00 0.00000000e+00
  8.09655857e+00 4.10422468e+00 1.06443357e+01 6.58438349e+00
  3.13195896e+00 1.69897366e+00 3.41519809e+00 1.09610593e+00
  3.59434247e-01 3.59900689e+00 3.01984083e-02 4.73663998e+00
  8.14820099e+00 7.64099360e+00 3.82859397e+00 5.20401144e+00
  3.18634689e-01 5.52787066e+00 1.28401051e+01 2.51099277e+00
  9.89971638e-01 4.37252760e-01 5.06419706e+00 2.06040168e+00
  3.04816508e+00 6.96835470e+00 7.71254241e-01 2.23815426e-01
  2.13861918e+00 0.00000000e+00 2.45345116e+00 2.70601571e-01
  1.98139238e+00 1.67507160e+00 2.99935192e-01 2.12440729e+00
  5.28430223e+00 1.48233354e-01 7.49085248e-01 4.99636602e+00
  2.41937184e+00 3.23898196e+00 6.84720397e-01 3.78721766e-02
  4.59561205e+00 1.71638317e+01 5.65578640e-01 2.63868189e+00
  2.43003154e+00 1.73614705e+00 3.06104565e+00 7.02955902e-01
  6.63242769e+00 3.40682149e+00 1.15725064e+00 2.55470216e-01
  3.15801001e+00 4.65074968e+00 1.64490318e+00 1.11473858e-01
  0.00000000e+00 8.51124477e+00 0.00000000e+00 8.54752541e-01
  2.42895320e-01 1.13968062e+00 0.00000000e+00 0.00000000e+00
  7.96350420e-01 8.73457527e+00 4.60442734e+00 1.04859710e-01
  2.00524187e+00 2.51177120e+00 1.82841599e+00 2.78394669e-01
  8.33227062e+00 5.61608744e+00 5.27475309e+00 3.96427691e-01
  1.60928798e+00 6.57095850e-01 2.38514996e+00 6.89264488e+00
  8.44192410e+00 0.00000000e+00 6.56423151e-01 8.59345973e-01
  1.10002470e+01 5.98888969e+00 7.87815952e+00 1.31519890e+01
  3.98879075e+00 8.74121845e-01 2.19175220e+00 8.74476242e+00
  1.28865063e+00 5.05918837e+00 3.27906013e-01 1.84977865e+00
  5.90183115e+00 6.49050593e-01 6.02919042e-01 1.66207695e+01
  4.11791420e+00 5.24878168e+00 4.97266436e+00 1.60925913e+00
  5.74364758e+00 0.00000000e+00 2.72593689e+00 6.19104671e+00
  1.38268185e+00 2.15148941e-01 1.90179527e+00 5.53556681e+00
  3.00668985e-01 2.07325131e-01 6.30490494e+00 7.32437521e-02
  7.47942877e+00 3.41514611e+00 6.81253815e+00 1.31364763e-01
  1.16730487e+00 1.77097213e+00 3.52725124e+00 8.16797435e-01
  3.15204233e-01 9.98008102e-02 3.58409333e+00 1.81939733e+00
  2.19760880e-01 3.29002142e+00 1.99854717e-01 2.12253071e-02
  4.44975138e+00 3.11137366e+00 2.00733829e+00 1.88495796e-02
  1.35650754e+00 1.12861538e+00 2.96401858e+00 4.61942792e-01
  4.11280346e+00 5.43678856e+00 1.24395828e+01 5.25152922e-01
  9.94665146e+00 5.23794556e+00 2.01696968e+00 8.65958154e-01
  0.00000000e+00 0.00000000e+00 1.80196238e+00 1.05571115e+00
  1.13239729e+00 3.22474051e+00 2.59514004e-01 2.11723948e+00
  2.85071969e-01 0.00000000e+00 2.73191333e+00 5.35116100e+00
  6.80051327e+00 4.97670841e+00 6.60213804e+00 4.01329696e-02
  3.33586037e-01 7.15372992e+00 1.22592020e+00 5.32073116e+00
  1.60022187e+00 6.27554595e-01 8.03822422e+00 3.00134683e+00
  4.73942727e-01 3.24006438e+00 0.00000000e+00 2.98096836e-01
  1.48382895e-02 5.32935333e+00 1.46072304e+00 4.43142748e+00
  1.59492054e+01 1.67156005e+00 2.77293730e+00 2.73872805e+00
  2.16374135e+00 1.38589847e+00 1.66395009e-01 6.18896008e+00
  6.81505060e+00 9.27483177e+00 5.78102779e+00 3.55015427e-01
  7.37833214e+00 0.00000000e+00 4.64980412e+00 6.14031172e+00
  5.69451332e-01 2.22411537e+00 8.90312290e+00 4.51194096e+00
  2.93585515e+00 2.57526851e+00 3.93172312e+00 3.41339636e+00
  2.85076714e+00 1.88743949e-01 2.45716715e+00 8.33291149e+00
  1.79352507e-01 1.72787082e+00 1.10196543e+01 4.82197666e+00
  0.00000000e+00 1.24909735e+00 1.91095626e+00 3.81693935e+00
  1.36695480e+01 0.00000000e+00 2.49902940e+00 3.13309193e+00
  5.21617711e-01 1.99673295e+00 3.11740190e-01 1.13268013e+01
  2.37075567e+00 1.46959438e+01 1.49438024e+00 2.44998527e+00
  3.51639199e+00 1.48162377e+00 3.86704540e+00 2.77733016e+00
  6.30117178e+00 0.00000000e+00 0.00000000e+00 4.04337311e+00
  4.41599190e-01 5.82946062e-01 4.70345068e+00 3.29932570e-01
  5.92530072e-01 0.00000000e+00 7.57260859e-01 8.83554101e-01
  4.79391623e+00 4.65304995e+00 4.26507145e-01 9.96436238e-01
  2.31105709e+00 0.00000000e+00 2.55315137e+00 2.04455113e+00
  1.21005535e+00 1.96021032e+00 1.22494563e-01 1.09998226e+00
  8.95812035e+00 3.24783516e+00 1.96803987e+00 1.01413526e-01
  2.86065197e+00 1.50810945e+00 9.03431952e-01 3.95952845e+00
  1.76791072e+00 6.22951126e+00 2.03218713e-01 3.38591123e+00
  2.01911640e+00 6.89858019e-01 2.71718830e-01 4.60275602e+00
  0.00000000e+00 1.17635727e+01 6.81779957e+00 1.50986934e+00
  8.49431336e-01 0.00000000e+00 1.04416823e+00 2.46963525e+00
  0.00000000e+00 3.44512820e+00 2.67413044e+00 3.58391911e-01
  6.11760855e+00 3.22765529e-01 1.55186760e+00 2.79414988e+00
  0.00000000e+00 6.06267357e+00 0.00000000e+00 1.53882205e+00
  3.07082701e+00 9.87397099e+00 4.92087555e+00 1.24334288e+00
  2.78844643e+00 8.45527649e+00 1.54977536e+00 8.61147046e-02
  1.56047451e+00 9.81055737e+00 9.28443491e-01 5.77145576e-01
  1.97260991e-01 1.49209442e+01 1.47878635e+00 7.99906683e+00
  1.18705311e+01 7.74174261e+00 1.09329663e-01 4.84097862e+00
  1.92830145e-01 3.33650851e+00 4.24733782e+00 9.89092731e+00
  9.59762955e+00 8.09527683e+00 3.94689751e+00 1.87914088e-01
  4.06626415e+00 2.83945179e+00 3.21027184e+00 1.81591263e+01
  1.61503971e-01 9.47294712e-01 3.61866021e+00 5.60625839e+00
  1.14469677e-01 1.72538638e+00 1.96570396e+01 1.07072568e+00
  4.12821579e+00 5.67443037e+00 1.41441333e+00 2.97819853e+00
  4.07741976e+00 3.78501725e+00 1.40571606e+00 1.82290685e+00
  3.13386631e+00 4.28990412e+00 1.11123180e+00 4.13961336e-03
  3.69943166e+00 1.20272768e+00 1.53988504e+00 3.28704827e-02
  2.54516768e+00 2.09425807e-01 6.90882492e+00 1.50053769e-01
  3.70805025e+00 3.52604270e+00 8.59926987e+00 2.53656530e+00
  0.00000000e+00 4.28375512e-01 1.27297986e+00 3.74718845e-01
  2.34184170e+00 0.00000000e+00 6.77234030e+00 4.58504140e-01
  7.00021410e+00 1.47532856e+00 1.34132743e-01 6.42347145e+00
  7.99532270e+00 2.36795163e+00 1.07165980e+00 2.30730319e+00
  1.63451445e+00 3.48181939e+00 2.26172066e+00 4.52368379e-01]]