[[2.47555470e+00 1.10705805e+00 7.14103580e-02 0.00000000e+00
  4.62851254e-03 1.94920874e+00 3.18867803e+00 1.58907771e+00
  8.14285219e-01 2.92791963e+00 2.93085670e+00 5.47808409e-01
  2.34544969e+00 1.78065479e+00 2.58011132e-01 5.12859011e+00
  5.52381808e-03 6.52326107e-01 3.06449246e+00 4.80312777e+00
  1.39150155e+00 8.39490700e+00 4.20916080e+00 1.51961601e+00
  8.46010685e-01 6.05804920e+00 4.90536642e+00 3.50831819e+00
  3.92874026e+00 3.62755704e+00 1.32414901e+00 1.31240582e+00
  1.35548294e-01 6.06428814e+00 9.37049910e-02 2.41640136e-01
  2.80600572e+00 3.38153243e-01 8.36536312e+00 1.45025229e+00
  9.66879177e+00 4.09504318e+00 1.24807680e+00 1.20267258e+01
  1.07049799e+00 4.34948301e+00 2.18318796e+00 5.09069443e+00
  7.73551524e-01 1.35892078e-01 8.97898614e-01 4.92611408e+00
  2.61392355e-01 5.83938456e+00 4.84234858e+00 2.35600042e+00
  1.83621585e-01 2.54100919e+00 1.24042772e-01 0.00000000e+00
  1.48445678e+00 4.68715715e+00 3.05423784e+00 5.55091953e+00
  4.28157657e-01 3.03981751e-01 2.08455976e-02 2.31535268e+00
  1.57053992e-01 5.68003178e+00 1.67397797e-01 5.77733898e+00
  5.12724018e+00 1.00556440e+01 4.88175917e+00 1.70221448e+00
  6.40958190e-01 8.02342743e-02 0.00000000e+00 7.96532989e-01
  2.37547874e+00 2.15279746e+00 9.14568233e+00 1.15532212e-01
  8.07314968e+00 4.02541447e+00 2.42793024e-01 4.94527769e+00
  3.74276805e+00 2.44492099e-01 3.75073934e+00 1.94326729e-01
  2.89426970e+00 2.75791001e+00 4.08516598e+00 2.17940390e-01
  1.57831526e+00 3.74899125e+00 2.33770537e+00 1.52644844e+01
  8.36456001e-01 3.45959759e+00 1.15837736e+01 3.80962205e+00
  6.23147368e-01 1.23536229e+00 7.47493362e+00 5.36832142e+00
  5.92232656e+00 3.56741929e+00 2.76647520e+00 9.59989727e-01
  2.73399949e-01 7.21491039e-01 2.34200311e+00 6.55889452e-01
  7.45261860e+00 0.00000000e+00 2.15276337e+00 3.71945572e+00
  1.53232729e+00 1.76332548e-01 4.32707101e-01 4.17375374e+00
  5.46431124e-01 3.26592898e+00 1.14922650e-01 0.00000000e+00
  5.05778968e-01 1.62906265e+01 1.07041967e+00 2.53552854e-01
  9.90621853e+00 7.83749223e-01 8.96778703e-01 5.76109052e-01
  2.94518501e-01 4.92015421e-01 1.76637506e+00 1.89320493e+00
  1.30667579e+00 2.83447361e+00 9.70316529e-01 4.96844149e+00
  3.07899499e+00 2.75872350e-01 2.84860563e+00 1.06555626e-01
  1.24236017e-01 4.51262146e-01 1.88721406e+00 0.00000000e+00
  3.95549297e+00 2.29458117e+00 4.52480316e+00 5.13395023e+00
  1.85902560e+00 5.32974720e+00 1.39203739e+00 9.73739848e-02
  3.07459331e+00 1.37019968e+00 7.75374556e+00 0.00000000e+00
  6.17175913e+00 1.35848653e+00 2.61139601e-01 2.35490918e-01
  2.08709025e+00 1.15797490e-01 7.37210321e+00 1.51717877e+00
  5.92790604e+00 4.76036966e-01 0.00000000e+00 2.51114058e+00
  3.06646204e+00 1.29866332e-01 1.02098026e+01 6.31686592e+00
  2.91156435e+00 6.32966608e-02 4.74682999e+00 9.22953725e-01
  1.68148506e+00 5.13860166e-01 4.33626533e-01 2.26704311e+00
  2.22846484e+00 3.95895600e+00 3.33602071e+00 1.65965152e+00
  0.00000000e+00 2.07505035e+01 3.17027569e-01 4.94185114e+00
  1.65550399e+00 3.67742491e+00 1.28857046e-01 4.46091175e+00
  7.25599432e+00 5.67764664e+00 6.33096099e-01 2.46380019e+00
  8.49096394e+00 2.17382002e+00 6.21583045e-01 2.36571574e+00
  1.13000596e+00 2.44558334e+01 1.64458585e+00 3.20517659e+00
  0.00000000e+00 8.04109871e-02 2.44969010e+00 2.23088717e+00
  1.76818633e+00 4.54854727e-01 1.12688982e+00 4.60837841e+00
  8.55320215e-01 1.00224905e+01 3.19868231e+00 2.33132109e-01
  4.36041927e+00 7.01186121e-01 1.88186026e+00 6.61488104e+00
  9.00761604e-01 2.54172134e+00 3.73839587e-01 4.14004469e+00
  4.39189434e+00 5.14167488e-01 4.00470352e+00 2.69779897e+00
  1.57165468e+00 4.14954185e+00 1.09043121e+00 8.83584321e-01
  3.77852291e-01 4.07182038e-01 3.15742517e+00 8.37405109e+00
  1.29962575e+00 9.87718964e+00 1.10730619e+01 2.35151339e+00
  4.48937607e+00 2.54869819e+00 1.15532160e+00 1.89746654e+00
  1.22153521e+00 1.88576460e+00 6.37350512e+00 2.25506514e-01
  3.50456715e-01 7.44279385e-01 1.20960531e+01 3.91248465e+00
  6.47566020e-01 0.00000000e+00 1.98236752e+00 5.16480494e+00
  3.24586201e+00 0.00000000e+00 9.17674160e+00 8.24774206e-01
  7.47260809e+00 2.05290973e-01 3.44329119e+00 0.00000000e+00
  3.41550678e-01 4.67353344e+00 3.87068772e+00 5.69868028e-01
  1.43607903e+01 6.84793055e-01 0.00000000e+00 1.55776763e+00
  8.19719887e+00 2.32623160e-01 5.56689024e+00 4.77541113e+00
  1.57538795e+00 0.00000000e+00 5.55224657e+00 1.83085129e-01
  2.80409431e+00 6.06916714e+00 2.62205482e+00 9.17492986e-01
  3.29201907e-01 2.08731437e+00 4.13866520e+00 6.35334611e-01
  1.30780685e+00 1.78874528e+00 7.21028090e-01 0.00000000e+00
  2.42614269e+00 1.55191910e+00 4.04734659e+00 4.87265736e-01
  2.11338043e+00 2.33247209e+00 0.00000000e+00 3.46069098e+00
  2.71547109e-01 1.03295684e+00 4.37548965e-01 6.86438799e-01
  1.28410041e+00 4.65439510e+00 4.94503641e+00 3.50101084e-01
  5.78206921e+00 1.21710863e+01 9.91817653e-01 1.80799496e+00
  7.16010630e-01 8.70760632e+00 5.45264101e+00 4.22103882e+00
  2.71043420e+00 4.17492211e-01 8.71213913e+00 1.54259098e+00
  4.62742090e+00 2.24071217e+00 1.39119938e-01 1.04020329e+01
  2.49684715e+00 3.05773807e+00 3.01284385e+00 4.48769569e+00
  5.69371939e+00 4.93580484e+00 3.61786461e+00 3.94555664e+00
  1.05316699e+00 2.55536102e-02 1.86649287e+00 1.69714415e+00
  2.42345643e+00 1.99351943e+00 4.79281902e+00 1.06583130e+00
  1.56328499e+00 1.24151576e+00 8.07155430e-01 1.09176266e+00
  3.33501482e+00 1.35678971e+00 3.01213908e+00 1.23531111e-01
  9.03141618e-01 8.49348450e+00 6.54699147e-01 7.59252191e-01
  1.42506886e+01 1.27862543e-01 4.49810791e+00 3.13238430e+00
  1.33448782e+01 5.73972762e-01 8.38745308e+00 2.10357428e+00
  1.48436025e-01 3.60134554e+00 1.88656676e+00 4.19658279e+00
  6.19713306e+00 3.46530437e-01 6.65450430e+00 2.05016112e+00
  4.18421841e+00 1.66924453e+00 6.31181479e+00 2.97175217e+00
  3.17340684e+00 0.00000000e+00 1.47674441e+00 9.94222701e-01
  9.53902602e-01 1.04557425e-01 2.00156426e+00 2.10472256e-01
  4.00240362e-01 8.45951271e+00 2.31651068e+00 6.43273163e+00
  1.49643147e+00 5.94896698e+00 6.36177921e+00 5.30276108e+00
  2.10343099e+00 2.49019194e+00 1.10242617e+00 8.98081720e-01
  1.77449334e+00 1.70058651e+01 5.56663799e+00 1.45933399e+01
  5.51570988e+00 5.74423027e+00 8.08602870e-01 3.36916304e+00
  1.84344277e-02 7.47529507e-01 3.95273328e+00 6.64054811e-01
  1.72431016e+00 0.00000000e+00 1.33681238e+00 2.88526630e+00
  2.40761137e+00 1.58680484e-01 6.31104803e+00 4.31427765e+00
  5.81688881e+00 5.12720406e-01 1.78730989e+00 1.30439138e+00
  2.27362931e-01 6.52417719e-01 5.68486333e-01 1.58529067e+00
  6.25562072e-01 4.74014044e+00 5.90319252e+00 8.74623179e-01
  1.62082176e+01 6.86073974e-02 4.10968870e-01 4.95933819e+00
  6.19086266e-01 4.16626453e-01 1.07176936e+00 5.11082602e+00
  3.10728908e-01 4.19498473e-01 2.07070231e+00 1.82812958e+01
  6.17488194e+00 1.52440321e+00 2.44215631e+00 1.77714622e+00
  4.53426790e+00 0.00000000e+00 0.00000000e+00 6.34637260e+00
  4.95118570e+00 8.28631306e+00 3.13497400e+00 3.06993693e-01
  4.41942930e-01 1.23048949e+00 6.48440170e+00 3.71305060e+00
  5.33624366e-02 1.38678098e+00 1.01824713e+00 1.06020272e+00
  0.00000000e+00 1.10341322e+00 9.96633917e-02 1.03097975e+00
  1.96587765e+00 2.61351109e+00 4.78603983e+00 3.07265759e+00
  0.00000000e+00 6.12931252e+00 1.38488007e+00 9.71794594e-03
  1.96142733e+00 2.59182096e+00 2.58373737e+00 2.27489591e+00
  0.00000000e+00 8.29096258e-01 1.35206056e+00 6.00836426e-02
  0.00000000e+00 1.58934116e+00 1.83092666e+00 1.52099872e+00
  6.24362171e-01 4.72073126e+00 4.62076759e+00 3.89384985e-01
  2.91491777e-01 0.00000000e+00 1.37888455e+00 2.38736200e+00
  3.45808315e+00 3.13866591e+00 8.84455293e-02 4.73246813e+00
  1.59874988e+00 2.77253199e+00 0.00000000e+00 1.63827038e+00
  6.54681158e+00 1.16447382e-01 4.47355747e+00 2.19976211e+00
  8.14467907e-01 0.00000000e+00 5.68806362e+00 4.18455029e+00]]