[[4.1447961e-01 2.5658083e+00 2.4234114e+00 7.8076494e-01 7.7080357e-01
  1.5904368e+00 7.4961157e+00 1.4834367e+00 2.6207685e+00 4.1810098e+00
  1.9039986e-01 1.0795188e+00 1.2949569e+00 8.5119814e-01 0.0000000e+00
  1.6316824e+00 0.0000000e+00 2.5503013e+00 2.3588247e+00 2.2029195e+00
  2.8906298e+00 7.3723817e+00 7.9157072e-01 5.5310931e+00 1.8617474e+00
  5.7990279e+00 3.6707979e-01 2.7166789e+00 9.2974246e-01 7.0079893e-02
  8.7390435e-01 2.4131417e+00 1.1061702e+00 2.2666883e+00 1.4137348e+00
  2.3186544e-01 0.0000000e+00 5.2554774e-01 1.7341724e+01 5.4580224e-01
  5.8751717e+00 7.6618111e-01 2.6016831e+00 1.7445856e+00 0.0000000e+00
  0.0000000e+00 7.7925664e-01 4.4380412e+00 2.1700327e+00 1.9338988e+00
  2.9415147e+00 5.9168110e+00 2.0213223e+00 5.3149825e-01 1.4780233e+00
  6.3145626e-01 8.6736453e-01 2.1580048e+00 1.1655512e+00 0.0000000e+00
  0.0000000e+00 3.8414997e-01 5.2672601e+00 6.4912310e+00 1.0937166e+00
  3.8282297e+00 2.0258136e+00 1.7955496e+00 3.3629709e-01 6.0519791e+00
  5.7799482e+00 1.6193359e-01 1.2573010e+00 1.1331054e+00 7.8856486e-01
  1.9884585e-01 2.2433245e-01 2.0845452e-01 9.5122659e-01 1.8102573e+00
  9.9273241e-01 5.4057970e+00 2.4420452e+00 1.4008569e+00 3.2968469e+00
  8.3166513e+00 1.2191044e+00 1.3268062e+00 4.0605321e+00 0.0000000e+00
  2.1013582e+00 6.1923385e+00 0.0000000e+00 8.5686245e+00 1.1036905e+00
  8.1245548e-01 3.0327165e-01 1.0656434e+00 3.5456967e+00 3.5678568e+00
  0.0000000e+00 3.2573774e-01 1.3729728e+01 5.7130537e+00 4.2304781e-01
  4.3891434e-02 1.9103297e+00 1.2053839e+00 5.8869052e-01 2.8696265e+00
  1.9728699e+00 3.8030138e+00 5.4641312e-01 4.1144576e+00 1.1640526e+00
  6.8049356e-02 9.7363577e+00 0.0000000e+00 1.3018587e+00 4.1010923e+00
  2.0823452e+00 4.7854117e-01 9.6612900e-02 4.9251614e+00 4.3854806e-01
  3.2282624e+00 6.1280382e-01 0.0000000e+00 5.5963726e+00 1.1117443e+01
  4.6359339e-01 2.0930176e+00 5.2943649e+00 1.0694563e+00 1.1525731e+00
  3.2030225e+00 1.5430712e+00 2.0013593e-01 5.9248221e-01 3.9829721e+00
  3.6777005e+00 0.0000000e+00 8.9328504e-01 7.0278368e+00 2.8318391e+00
  2.3216469e+00 1.1795799e+00 3.1468731e-01 3.9043987e-01 6.9217901e+00
  2.3712232e+00 1.1300577e+01 2.8277531e+00 6.1805648e-01 6.2161940e-01
  2.9531066e+00 1.4813577e-01 4.2172685e+00 1.3037972e+00 1.9158111e+00
  0.0000000e+00 3.5231940e-03 3.4592021e+00 7.4784237e-01 4.5932797e-01
  1.5225712e+01 1.1268451e+00 4.1783972e+00 4.9266939e+00 7.8394661e+00
  3.5995841e-01 2.4656752e-01 6.8448625e+00 1.1352095e+01 2.4079781e+00
  8.0044919e-01 6.0386068e-01 0.0000000e+00 1.8130447e+01 4.2684808e+00
  1.9041808e+00 0.0000000e+00 4.7229123e+00 1.7286250e-01 9.4776440e-01
  8.3905369e-01 3.3376522e+00 5.1496673e+00 5.4202495e+00 3.8735237e+00
  3.4089348e+00 1.5963517e+00 9.1176009e-04 8.0328245e+00 0.0000000e+00
  0.0000000e+00 1.4842672e+00 1.1075383e+00 2.6255260e+00 1.1135154e+00
  2.2594950e+00 1.8592108e+00 2.2995832e+00 4.5126472e+00 7.6986389e+00
  2.0779986e+00 7.4772978e-01 3.9845502e+00 2.2363033e+00 9.5788946e+00
  3.6459298e+00 4.7079248e+00 7.0108104e-01 2.5798018e+00 7.5987822e-01
  4.5656750e-01 1.5004145e+00 1.1026291e+00 6.3341248e-01 1.2874450e-01
  3.5098422e+00 2.7369332e+00 5.3333616e-01 1.0846401e+00 0.0000000e+00
  4.1286983e+00 7.2419792e-02 1.4181106e+00 6.7832279e-01 2.1757989e+00
  2.1160914e-01 6.7199373e-01 3.3616467e+00 7.2501212e-02 2.0339980e+00
  6.5271509e-01 4.1640061e-01 2.7396515e+01 7.2199655e-01 8.6741841e-01
  7.4048429e+00 1.9145848e+00 3.7795572e+00 3.0386322e+00 8.5816950e-01
  9.2608166e+00 1.2353423e+01 1.4724088e-01 1.8412063e+00 6.6795093e-01
  3.4467251e+00 0.0000000e+00 1.1849726e+00 1.5941209e+00 3.7315278e+00
  1.2258636e+00 2.4334872e-01 3.7369068e+00 4.6611533e-01 0.0000000e+00
  4.6984851e-01 4.0826553e-01 5.9363413e-01 3.8649733e+00 0.0000000e+00
  0.0000000e+00 0.0000000e+00 3.9760652e+00 1.5793376e+00 9.1392028e-01
  1.6789987e+00 7.5321928e-02 1.2326763e+00 3.4423540e+00 4.7098696e-01
  2.1069597e-01 7.0016832e+00 6.5517840e+00 1.2664627e+00 6.3208270e-01
  8.6221123e+00 4.6981149e+00 1.9934149e+00 3.6383135e+00 1.8647208e+00
  0.0000000e+00 2.7467251e+00 1.5697224e+00 3.7211475e+00 5.1031561e+00
  1.2497135e+00 3.2165356e+00 2.0057726e+00 3.3637431e+00 2.6926110e+00
  1.4867899e+00 4.0910125e-01 7.7928919e-01 0.0000000e+00 2.7673858e-01
  1.1121231e+01 2.5318172e+00 3.2415447e+00 3.1753466e-01 1.3708426e+00
  3.8939457e+00 1.7095475e+00 9.6091545e-01 2.8455706e+00 5.9788275e-01
  3.5824535e+00 2.2886927e+00 4.6124253e-01 2.2501178e+00 3.6240640e+00
  2.0437315e+00 1.2372047e-01 2.5718677e+00 6.9104707e-01 2.3186879e+00
  9.1158643e-02 1.9255972e+00 1.2192761e+00 3.2602003e+00 2.3230889e+00
  5.6551213e+00 8.5815239e+00 8.3668447e-01 6.1830425e-01 2.1830144e+00
  1.4280137e+00 6.9480472e+00 1.2865582e-01 1.6777226e+00 3.3652403e+00
  2.9539726e+00 0.0000000e+00 4.7298579e+00 3.0091677e+00 5.7130437e+00
  2.9063079e+00 2.0989972e-01 0.0000000e+00 2.4332740e+00 1.2881874e+00
  4.6802351e-01 2.2879314e+00 0.0000000e+00 2.0533161e+00 3.4722211e+00
  0.0000000e+00 1.1198512e+00 0.0000000e+00 0.0000000e+00 6.8462503e-01
  8.1953156e-01 2.5056899e-01 1.7438641e+01 1.9301252e+00 1.4576839e+00
  2.0238293e+01 3.9609399e+00 2.2434547e+00 2.0994997e+00 3.3575470e+00
  1.0240793e+00 1.2501710e+01 7.0129234e-01 3.8643172e-01 1.7443860e+00
  1.3447693e-02 5.3672194e-01 4.6518978e-01 6.2759051e+00 2.2981071e-01
  6.2371463e-02 4.1875094e-02 0.0000000e+00 2.4779980e+00 4.9183125e+00
  8.5939866e-01 4.1230807e+00 4.3851221e-01 5.6608182e-01 2.9206855e+00
  1.7229225e-01 9.1416073e-01 2.0212491e-01 1.7907590e-01 1.3594030e+00
  1.0513300e+00 2.7003984e+00 1.3661703e+01 1.6282610e+00 5.1605692e+00
  9.4445966e-02 6.7178124e-01 1.7323253e+00 1.0456315e+01 4.5021144e-01
  6.1774802e-01 1.2667085e+01 2.9428353e+00 9.6219044e+00 2.6397552e+00
  1.2760401e+00 4.7165474e-01 4.3233034e-01 0.0000000e+00 1.3099568e+00
  3.3039091e+00 5.4894817e-01 0.0000000e+00 7.3406354e-02 3.1830068e+00
  1.5836136e+00 0.0000000e+00 2.1819570e+00 5.0115049e-02 9.1190398e-02
  1.0816934e+00 1.2800262e+00 0.0000000e+00 1.0040557e+00 3.7408766e-01
  4.8231628e-02 1.2081976e+00 4.0477033e+00 3.0063267e+00 3.4661582e+00
  6.8794231e+00 4.0652342e+00 3.5342333e-01 6.6162620e+00 5.0775132e+00
  2.7406719e+00 5.4968768e-03 0.0000000e+00 2.4333498e+00 2.0626946e-01
  2.5980763e+00 7.1481409e+00 0.0000000e+00 5.4283280e+00 1.1218544e-01
  6.0855198e+00 4.6125374e+00 1.0035508e+00 0.0000000e+00 2.7634904e-01
  3.1495485e+00 5.0740876e+00 2.2403371e+00 3.2999063e+00 4.8328977e+00
  0.0000000e+00 1.1013765e+00 1.4947321e-01 0.0000000e+00 5.6995687e+00
  1.1276608e+00 0.0000000e+00 4.7167978e-01 0.0000000e+00 1.4075153e+00
  4.7109959e-01 9.8782086e-01 5.5335313e-01 9.9366915e-01 1.2909639e+00
  0.0000000e+00 3.5315192e-01 6.5441936e-01 5.1706486e+00 9.4727409e-01
  1.3011153e+00 3.8935128e-01 1.2413154e+00 2.8324120e+00 1.0645634e+00
  2.1382490e-01 0.0000000e+00 5.0635138e+00 2.9386625e+00 1.3596362e-01
  0.0000000e+00 5.8061709e+00 0.0000000e+00 1.0684874e+00 4.6820030e-01
  3.9130766e+00 8.0064335e+00 1.8732181e-01 2.8462791e+00 2.7777262e+00
  7.9173464e-01 2.3756292e+00 3.0908861e+00 2.3998213e+00 4.6546736e-01
  1.9318160e+00 2.7555854e+00 1.2316886e+00 2.0634332e+00 5.7268143e+00
  1.4762875e+00 2.6639259e+00 3.3732128e+00 2.2323396e+00 3.5991030e+00
  3.0687630e+00 3.7652118e+00]]