[[4.74984694e+00 4.21226883e+00 9.95953083e-01 3.51307797e+00
  1.83564559e-01 1.06096115e+01 2.00810075e+00 3.30947250e-01
  1.23593462e+00 2.54340142e-01 2.10008907e+00 2.63936687e+00
  1.05028400e+01 1.18360174e+00 2.22486898e-01 7.08313406e-01
  7.22767401e+00 4.79631662e-01 9.41829622e-01 9.57510412e-01
  0.00000000e+00 2.27199364e+00 5.70040166e-01 7.33935893e-01
  2.46958852e+00 5.67955875e+00 1.11618080e+01 3.63180041e+00
  2.96944475e+00 4.66990948e+00 2.03910828e+00 4.24620628e+00
  5.35715073e-02 5.41277695e+00 1.12363505e+00 6.15439653e+00
  5.54127753e-01 1.59531009e+00 6.51799488e+00 1.74839687e+00
  1.87289464e+00 1.29432154e+00 2.70498967e+00 2.72631502e+00
  1.02865863e+00 1.94779325e+00 5.55133438e+00 6.38006163e+00
  7.67047286e-01 3.40748620e+00 1.83763742e-01 4.78869963e+00
  4.16636646e-01 1.18569779e+00 1.04976523e+00 2.67322063e+00
  2.32864809e+00 3.70924401e+00 1.32740068e+00 1.38140988e+00
  1.55055082e+00 1.72176647e+00 3.05107951e+00 2.69504499e+00
  1.63373220e+00 1.62190497e+00 3.15938778e-02 1.54590595e+00
  6.10603750e-01 8.63497734e-01 5.39437473e-01 2.03218365e+00
  3.19365889e-01 1.10449409e+00 9.00593567e+00 1.46806645e+00
  3.76864195e+00 8.22571337e-01 1.44895971e+00 0.00000000e+00
  2.22324803e-01 1.09716678e+00 4.33525181e+00 6.57455385e-01
  1.26149893e+00 6.27829361e+00 2.52572846e+00 1.32201862e+00
  5.05220366e+00 6.53957069e-01 5.16889191e+00 2.58147836e+00
  6.29455709e+00 3.05805230e+00 1.49905109e+00 6.82918802e-02
  4.31249046e+00 5.80700016e+00 4.06385565e+00 3.97912621e+00
  4.14224577e+00 9.89391994e+00 3.30690002e+00 8.62884998e+00
  7.86853552e-01 5.10206521e-01 1.08194971e+00 1.81599867e+00
  3.03659856e-01 3.22665900e-01 5.39631128e+00 3.06698298e+00
  2.40848374e+00 6.75272751e+00 9.24722791e-01 3.99729550e-01
  7.23389959e+00 2.06459546e+00 1.63527918e+00 1.14820945e+00
  5.86500049e-01 3.48087239e+00 6.62845278e+00 1.40461502e+01
  4.06163365e-01 3.66788292e+00 3.82190824e-01 1.64592481e+00
  2.95767498e+00 1.32619476e+01 7.71102667e+00 9.36516476e+00
  5.75907588e-01 3.26541185e-01 4.65003443e+00 2.52087784e+00
  5.07826614e+00 2.07790470e+00 0.00000000e+00 1.04402924e+01
  1.43954563e+00 1.11506736e+00 7.52612650e-01 5.63759184e+00
  3.80701280e+00 4.33801126e+00 5.20248985e+00 2.13183194e-01
  5.94392113e-05 1.56806231e+00 7.79688358e-01 7.19067955e+00
  2.08338213e+00 5.57751283e-02 9.50860232e-02 6.37079060e-01
  2.77451372e+00 5.19178200e+00 2.15743494e+00 3.32901120e-01
  7.97849447e-02 2.60211706e+00 5.25342464e+00 4.19068485e-02
  1.42297578e+00 2.31459928e+00 8.98413658e-01 3.44150567e+00
  7.79241133e+00 4.65212154e+00 6.25476265e+00 1.29966927e+00
  1.43467498e+00 3.26432610e+00 5.17356455e-01 2.53006387e+00
  6.46294236e-01 8.42302895e+00 5.44834495e-01 1.86032047e+01
  7.17485473e-02 1.00144243e+00 5.43549013e+00 1.46186888e+00
  7.65625834e-01 1.22397327e+00 2.39023614e+00 4.59988022e+00
  5.73205531e-01 2.15148878e+00 4.11049604e-01 0.00000000e+00
  9.01014730e-02 1.01180887e+01 2.64845467e+00 8.90124202e-01
  3.21736550e+00 2.60051131e+00 3.01108479e+00 1.78182209e+00
  4.61506039e-01 5.95822620e+00 5.95308781e+00 7.49490678e-01
  1.93626189e+00 1.54470313e+00 1.56882882e-01 3.07299376e+00
  9.16754436e+00 1.27675265e-01 3.57451057e+00 9.86089611e+00
  6.85956001e+00 4.86053467e-01 2.46560121e+00 9.76409817e+00
  4.23121691e+00 8.40845466e-01 6.76511407e-01 1.64625657e+00
  6.69149590e+00 5.19096136e+00 2.10984015e+00 3.58993626e+00
  7.33098698e+00 1.06761968e+00 2.57721496e+00 5.58977890e+00
  2.32399374e-01 4.10139513e+00 4.39728022e-01 5.95144224e+00
  1.73348427e+00 2.39392805e+00 2.67099881e+00 2.14133811e+00
  3.14904404e+00 6.69831133e+00 2.95806718e+00 1.34983814e+00
  2.25121689e+00 2.44139266e+00 5.78190327e-01 3.30245638e+00
  2.25395679e+00 1.43803596e+00 5.44781685e+00 1.15697289e+00
  1.41378284e+00 1.23725367e+00 9.53740501e+00 2.91679716e+00
  2.93415046e+00 2.28760195e+00 7.50084519e-01 5.16367435e+00
  3.86558151e+00 5.42640734e+00 3.57263535e-01 4.70983791e+00
  2.63670906e-02 3.89983654e-02 0.00000000e+00 3.31555653e+00
  3.18097425e+00 0.00000000e+00 6.87421703e+00 9.64907110e-01
  1.01119156e+01 3.38104129e-01 3.41104412e+00 4.15758342e-01
  8.68831575e-01 2.62644935e+00 2.73189020e+00 2.45238948e+00
  2.13004088e+00 2.06648612e+00 0.00000000e+00 5.69553757e+00
  8.92809331e-01 1.76870894e+00 3.29320383e+00 5.34511089e+00
  3.23797107e+00 0.00000000e+00 4.64074755e+00 4.94789362e+00
  2.60484481e+00 5.19733392e-02 1.56043446e+00 1.64617503e+00
  4.18673933e-01 1.04679751e+00 1.00345165e-01 1.83279133e+00
  7.50525904e+00 8.23668003e+00 7.66698837e+00 4.48362768e-01
  1.76258528e+00 1.24446421e+01 3.92863488e+00 2.94586495e-02
  2.24183679e+00 2.03281879e+00 0.00000000e+00 2.90059710e+00
  1.81226864e-01 1.07169237e+01 0.00000000e+00 3.84612769e-01
  1.59645605e+00 6.49333477e-01 3.70354748e+00 2.57510483e-01
  5.28025293e+00 2.97345471e+00 2.03821945e+00 7.78253451e-02
  1.00719161e-01 5.08923244e+00 2.26619506e+00 2.99747944e+00
  2.55650520e+00 2.67876101e+00 6.83694077e+00 8.77830327e-01
  7.40382671e+00 4.41480017e+00 4.79030520e-01 6.37199974e+00
  9.01975691e-01 3.66442037e+00 1.17740822e+00 4.44878912e+00
  1.92522943e+00 5.19755840e+00 1.97247839e+00 4.84050369e+00
  1.53344676e-01 9.10234153e-01 1.83538163e+00 6.90045214e+00
  2.76474333e+00 4.87468868e-01 2.18645290e-01 1.27995205e+00
  2.11356831e+00 3.66331553e+00 1.94364822e+00 5.52534759e-01
  0.00000000e+00 1.80830336e+00 1.60174823e+00 1.17581546e+00
  9.65270901e+00 3.39207554e+00 1.18902493e+00 1.77485061e+00
  1.14242077e-01 3.26026440e+00 1.98159847e+01 1.34870338e+00
  3.72801423e-01 4.27390099e+00 8.38092899e+00 8.04796696e+00
  1.90364027e+00 3.20931387e+00 0.00000000e+00 0.00000000e+00
  7.18657255e+00 1.09847474e+00 8.96917057e+00 5.97210266e-02
  1.43011069e+00 5.34937286e+00 1.84981704e+00 3.43608332e+00
  3.51322055e+00 6.82568121e+00 4.03786182e-01 2.08856082e+00
  9.50513935e+00 4.35940564e-01 1.07762790e+00 5.85361958e-01
  5.69251716e-01 2.29646492e+00 2.58290124e+00 1.96298873e+00
  2.60843682e+00 9.73222852e-01 4.34722126e-01 1.96832442e+00
  3.11978722e+00 1.84414780e+00 5.91760588e+00 1.94147503e+00
  1.53732049e+00 1.37175024e+00 2.33378005e+00 3.54213428e+00
  5.20583439e+00 3.17062259e+00 6.31555736e-01 1.69502056e+00
  0.00000000e+00 4.22831964e+00 7.96774566e-01 1.32900965e+00
  1.64072916e-01 1.22304118e+00 2.36640692e+00 1.49105930e+00
  5.92572641e+00 1.11868167e+00 7.26961613e+00 1.01749153e+01
  9.60643768e+00 4.58751869e+00 3.45004678e-01 5.26219416e+00
  4.45779514e+00 1.76654041e+00 2.50315285e+00 3.87835443e-01
  0.00000000e+00 1.04369318e+00 4.42712975e+00 7.23090982e+00
  7.47994041e+00 2.92000842e+00 3.50000525e+00 2.22012496e+00
  3.23332548e+00 2.41292739e+00 1.09826326e+00 1.57622981e+00
  0.00000000e+00 4.86338043e+00 1.95482731e+00 1.04008636e+01
  1.96514583e+00 3.92509627e+00 1.05473585e+01 8.56505096e-01
  2.88575858e-01 1.53858137e+00 1.22272229e+00 6.33691597e+00
  1.90546370e+00 6.98279428e+00 7.04981089e+00 6.95690215e-01
  2.03056768e-01 2.07196212e+00 2.51840281e+00 9.24922228e-02
  3.55313921e+00 3.98160028e+00 4.24076414e+00 4.10839415e+00
  1.23653531e+00 2.48997569e+00 6.07694745e-01 1.70746195e+00
  1.68203068e+00 2.99560356e+00 1.06988597e+00 4.14192200e-01
  8.38757324e+00 2.78973889e+00 2.89000559e+00 4.66060549e-01
  4.17735767e+00 4.08361483e+00 4.19231832e-01 0.00000000e+00
  6.04139268e-01 1.85227767e-01 2.73448801e+00 5.32684469e+00
  0.00000000e+00 4.32006419e-01 5.79148960e+00 1.52013597e+01
  2.94926524e+00 8.25695455e-01 6.11045742e+00 3.88637733e+00
  3.49311423e+00 5.20982409e+00 3.62218118e+00 1.29416943e+00
  1.14960909e+01 0.00000000e+00 3.95930982e+00 2.06071687e+00
  8.89202535e-01 1.67410183e+00 1.92142799e-01 4.43743038e+00
  5.95515966e+00 1.73046935e+00 6.07194185e-01 7.48527622e+00
  1.67740977e+00 3.73289251e+00 5.40960503e+00 0.00000000e+00]]