[[1.24587762e+00 0.00000000e+00 1.89906681e+00 9.58299756e-01
  1.22728956e+00 1.94486856e+00 1.06222200e+01 1.17637597e-01
  1.36125946e+00 1.00597009e-01 4.09058928e-01 2.83657217e+00
  4.08702230e+00 2.23366782e-01 0.00000000e+00 4.20224237e+00
  6.90251887e-01 5.85577190e-01 3.20680261e+00 4.04953766e+00
  7.22780287e-01 6.67478704e+00 3.23316038e-01 1.52705395e+00
  3.72846389e+00 8.56688309e+00 3.37040812e-01 4.43792820e+00
  3.18443274e+00 1.00202096e+00 2.68059790e-01 2.34248829e+00
  3.44415689e+00 3.16087556e+00 0.00000000e+00 5.13972668e-03
  1.03573668e+00 6.50112391e-01 6.76555920e+00 5.67812300e+00
  2.13392305e+00 0.00000000e+00 1.48421121e+00 1.49385309e+00
  4.99253422e-01 1.67821348e+00 1.11405754e+00 6.68043256e-01
  5.53534567e-01 6.06477880e+00 1.55666411e+00 2.63634300e+00
  9.68047082e-02 9.48929667e-01 1.45881891e+00 3.51532280e-01
  2.60105562e+00 1.92826140e+00 1.46175846e-02 2.83836499e-02
  1.50117993e+00 1.15342684e-01 3.16275263e+00 3.73508096e+00
  7.05130622e-02 2.13909078e+00 5.86660290e+00 3.59178400e+00
  3.93299770e+00 3.56013560e+00 8.63668156e+00 6.31867886e-01
  4.32865858e-01 3.80914330e+00 1.53075862e+00 3.23717237e+00
  4.66377592e+00 2.30233288e+00 0.00000000e+00 1.38122189e+00
  2.29910612e+00 4.18002415e+00 1.26956463e+00 5.02810431e+00
  1.03861439e+00 5.34213734e+00 7.02140391e-01 3.80561185e+00
  1.64607298e+00 1.64623785e+00 1.05045605e+00 1.71743762e+00
  2.84021378e-01 1.92764199e+00 5.91296665e-02 5.96164227e-01
  3.52887845e+00 1.15745807e+00 4.00236785e-01 3.35307527e+00
  3.12888980e-01 2.51327038e-01 7.21580267e+00 4.74766922e+00
  0.00000000e+00 0.00000000e+00 6.41867042e-01 4.84798580e-01
  1.75047135e+00 6.32809496e+00 2.50174785e+00 6.58627748e+00
  7.84404874e-02 5.93156099e+00 9.81805980e-01 1.90231514e+00
  5.44879293e+00 6.27723396e-01 2.58695936e+00 2.17981339e+00
  5.11289716e-01 4.94425327e-01 9.83320892e-01 2.84849715e+00
  2.90701580e+00 4.38979006e+00 1.14767160e-02 1.84909928e+00
  7.17350817e+00 8.40089989e+00 1.32793260e+00 1.83647418e+00
  1.36487532e+00 1.40928179e-01 1.20495331e+00 2.64293528e+00
  1.54583430e+00 4.09350395e+00 7.35734105e-01 1.61512613e+00
  1.56571940e-02 1.21757433e-01 5.72245419e-01 5.68354416e+00
  2.74008560e+00 1.54008651e+00 4.19918031e-01 0.00000000e+00
  3.97389263e-01 5.64029738e-02 3.38146257e+00 1.13730812e+00
  1.80771792e+00 5.18957190e-02 2.42118374e-01 1.76214591e-01
  3.16436601e+00 1.64780474e+00 4.53808689e+00 2.20175838e+00
  2.21132851e+00 4.78447437e+00 3.72268510e+00 2.78818160e-01
  1.99683988e+00 6.46927023e+00 1.87318146e-01 9.77922261e-01
  2.84696054e+00 4.49749517e+00 1.24003658e+01 3.70968223e-01
  4.22985554e+00 3.85237026e+00 2.39548445e+00 1.16007080e+01
  0.00000000e+00 4.39591080e-01 1.04756012e+01 1.12071524e+01
  1.08447361e+00 0.00000000e+00 3.08248901e+00 0.00000000e+00
  5.00767231e+00 8.51011753e-01 2.50777841e-01 7.94630229e-01
  2.70937228e+00 6.35589361e+00 1.27360904e+00 1.50495362e+00
  1.83229625e-01 1.26193552e+01 6.63001537e-01 3.59600115e+00
  8.79421294e-01 7.06679249e+00 4.22627479e-02 0.00000000e+00
  2.70023608e+00 0.00000000e+00 1.79902986e-01 1.18857110e+00
  1.65913224e+00 0.00000000e+00 2.31967497e+00 1.05725777e+00
  3.34937245e-01 8.62896347e+00 7.34012079e+00 2.39565596e-01
  1.05377579e+00 1.00710487e+00 7.70114720e-01 2.92750144e+00
  3.27804875e+00 4.87305069e+00 5.03103435e-01 2.44677210e+00
  1.41487166e-01 4.62744951e+00 1.32095838e+00 1.16089106e+00
  4.98175859e+00 3.63048792e+00 5.89274287e-01 4.74758768e+00
  9.48914170e-01 3.84605074e+00 3.25873584e-01 2.89667678e+00
  0.00000000e+00 3.58821893e+00 1.34992031e-02 2.26254418e-01
  5.78725958e+00 5.43525791e+00 1.16327786e+00 3.38962936e+00
  7.70936370e-01 2.52232957e+00 4.35183674e-01 5.08625460e+00
  3.48759484e+00 9.44464970e+00 1.41618881e+01 9.72127795e-01
  7.92518556e-01 8.41732323e-01 9.40528679e+00 1.95634055e+00
  4.86459112e+00 3.37150049e+00 1.53728998e+00 4.47658587e+00
  7.22268403e-01 1.10898542e+00 4.49715137e+00 3.44313532e-02
  1.38240099e-01 0.00000000e+00 0.00000000e+00 6.23106909e+00
  1.68012643e+00 6.03285599e+00 1.50889897e+00 1.06683528e+00
  5.20447206e+00 1.20997477e+00 3.14987993e+00 2.25176764e+00
  1.13478374e+00 6.51814604e+00 1.03164876e+00 3.24945658e-01
  3.67812800e+00 2.03722572e+00 4.79567170e-01 1.05467725e+00
  5.19810200e+00 1.83184850e+00 9.12829876e+00 3.10948420e+00
  1.57681093e-01 0.00000000e+00 5.01534939e+00 5.62789261e-01
  3.47909033e-01 6.23703766e+00 1.17663634e+00 2.03098679e+00
  1.70812845e+00 3.73798084e+00 1.86343181e+00 3.89282882e-01
  4.80703878e+00 3.44716501e+00 4.34042245e-01 0.00000000e+00
  9.11901951e+00 3.73685336e+00 5.11131382e+00 2.01610416e-01
  0.00000000e+00 2.36614799e+00 1.60932362e+00 1.53390181e+00
  1.06004274e+00 4.83947664e-01 2.25686073e+00 2.72529453e-01
  3.94562387e+00 1.32463157e-01 1.93845677e+00 6.50737762e+00
  5.44481993e-01 4.38421631e+00 2.90423065e-01 3.15197140e-01
  3.31170273e+00 3.22983682e-01 1.51959574e+00 1.27613753e-01
  1.47745430e+00 1.95821226e+00 5.85311413e+00 4.23655212e-01
  1.78961247e-01 0.00000000e+00 7.13217333e-02 3.31829619e+00
  3.11482280e-01 1.20685778e+01 5.01564693e+00 5.86437941e-01
  1.38234746e+00 9.73460960e+00 1.49109344e+01 1.54355156e+00
  3.36901009e-01 0.00000000e+00 0.00000000e+00 6.64170361e+00
  4.15292692e+00 1.37971175e+00 4.30741024e+00 2.52888918e+00
  1.41304386e+00 9.78895843e-01 4.41997719e+00 1.58903003e+00
  7.34244883e-02 0.00000000e+00 1.06097031e+00 0.00000000e+00
  4.89322996e+00 8.28905773e+00 1.19871569e+00 1.88020849e+00
  7.50969839e+00 9.61934566e-01 1.46806717e+01 2.27550864e+00
  3.39539695e+00 1.50574923e-01 1.46431284e+01 1.08199322e+00
  4.64525819e-01 0.00000000e+00 8.43849182e-01 5.89561605e+00
  5.07872915e+00 1.89043832e+00 3.87521791e+00 1.89529791e-01
  1.24815674e-02 2.08714294e+00 3.52429295e+00 2.54363489e+00
  3.65319908e-01 1.45632925e+01 1.35352719e+00 2.03639340e+00
  1.61845303e+00 9.49730456e-01 1.39977932e+00 9.08450365e-01
  8.79490912e-01 1.76427603e+00 6.47073174e+00 2.83856773e+00
  5.16011286e+00 2.26491046e+00 0.00000000e+00 7.53503740e-01
  1.37933290e+00 2.31214643e+00 1.58803117e+00 7.14711785e-01
  4.02697206e-01 8.11441231e+00 1.83082268e-01 9.75182629e+00
  1.24060702e+00 1.82484433e-01 4.70122874e-01 2.48071337e+00
  0.00000000e+00 1.60328403e-01 2.66971016e+00 6.63282537e+00
  0.00000000e+00 0.00000000e+00 2.33099699e+00 1.66971445e+00
  3.40653777e+00 5.33543062e+00 1.63110554e+00 6.55963570e-02
  3.78754306e+00 4.25859600e-01 7.41059363e-01 3.93864536e+00
  3.23769897e-01 2.13672280e+00 4.98631656e-01 1.24423122e+00
  3.86239588e-01 2.50244498e-01 1.07444918e+00 3.23091960e+00
  3.30620098e+00 4.44257689e+00 0.00000000e+00 8.03076982e-01
  2.42017174e+00 1.73269764e-01 5.40823936e+00 7.85107970e-01
  5.16454935e-01 2.00286174e+00 8.40376556e-01 6.92413521e+00
  9.19272232e+00 1.89599049e+00 2.25742316e+00 7.79168487e-01
  6.72972023e-01 3.32247519e+00 4.27691889e+00 4.86381292e+00
  5.02039766e+00 3.57312083e+00 2.93816257e+00 2.62666655e+00
  5.71258497e+00 8.53666484e-01 1.49792266e+00 4.32713556e+00
  4.93929178e-01 7.36367762e-01 2.55986738e+00 0.00000000e+00
  0.00000000e+00 2.26359963e+00 9.92598534e-01 4.78211850e-01
  1.76469338e+00 1.97998106e+00 8.87207448e-01 2.69704890e+00
  2.27558637e+00 1.02206612e+01 1.23882091e+00 1.70310676e+00
  3.75927043e+00 1.24769509e+00 1.10537374e+00 2.30967712e+00
  3.77752519e+00 2.22774720e+00 3.71124291e+00 4.67589527e-01
  0.00000000e+00 3.59720850e+00 3.91443062e+00 0.00000000e+00
  0.00000000e+00 1.40390098e-01 3.43862391e+00 6.47550642e-01
  0.00000000e+00 5.86883354e+00 2.72694945e-01 7.44982481e-01
  5.48211813e+00 3.46670461e+00 8.46103728e-01 4.09313560e-01
  1.06426156e+00 2.54206717e-01 3.95453632e-01 2.84611535e+00
  3.39951086e+00 4.65813965e-01 3.89357185e+00 4.31908798e+00
  5.76334476e-01 5.14437735e-01 2.39083219e+00 6.41333163e-02]]