[[9.51016724e-01 3.01909208e+00 4.80972242e+00 2.79948616e+00
  2.87603569e+00 2.62893558e+00 5.86790085e+00 6.22299254e-01
  6.19829655e-01 2.30026841e+00 3.02573204e+00 2.94324517e-01
  9.79898274e-01 3.69451332e+00 8.79257172e-02 3.56733799e+00
  0.00000000e+00 3.93122077e-01 7.31594861e-01 2.73540688e+00
  3.39785028e+00 1.02808399e+01 7.78931332e+00 0.00000000e+00
  1.28061926e+00 6.85780859e+00 6.64638996e-01 7.55613595e-02
  7.87859058e+00 8.12538981e-01 3.84601086e-01 1.75879562e+00
  1.10049450e+00 3.15243459e+00 9.34964836e-01 1.30585182e+00
  2.20141816e+00 8.56524706e-03 2.37713742e+00 1.50994265e+00
  2.29755354e+00 2.30337405e+00 5.55077419e-02 7.59471297e-01
  7.39353716e-01 5.79020023e-01 8.18413544e+00 1.85448468e+00
  1.33458912e+00 1.35977638e+00 5.64772558e+00 4.58238220e+00
  8.48577857e-01 2.61907530e+00 4.47583055e+00 2.93714571e+00
  5.13866282e+00 6.92149925e+00 1.26577950e+00 0.00000000e+00
  0.00000000e+00 1.09991111e-01 6.02795553e+00 2.87448740e+00
  0.00000000e+00 6.14464664e+00 5.57527244e-01 1.38296146e+01
  1.32048500e+00 2.26683784e+00 7.21449852e+00 1.49163678e-01
  1.59587920e+00 8.28656483e+00 1.57308877e-01 3.52490926e+00
  6.89991832e-01 0.00000000e+00 1.43242848e+00 5.54293871e-01
  3.34207803e-01 6.00046015e+00 7.40248251e+00 1.38895738e+00
  4.23056173e+00 1.25160503e+00 2.53449351e-01 1.48388529e+00
  4.40699244e+00 0.00000000e+00 5.60573292e+00 1.13962793e+00
  5.27793244e-02 5.10425615e+00 1.72018516e+00 1.21574625e-02
  3.30271220e+00 1.05641842e+00 1.38230383e+00 9.54087257e-01
  4.29779470e-01 1.20543194e+00 8.30312824e+00 3.72605824e+00
  1.84982204e+00 4.02797684e-02 3.13504958e+00 1.06494737e+00
  5.09289837e+00 8.97537827e-01 3.23645175e-01 3.21487927e+00
  4.90695745e-01 1.23023903e+00 1.89962959e+00 1.71763804e-02
  3.74735641e+00 3.15190697e+00 2.29134130e+00 1.90605450e+00
  6.37145162e-01 6.94856465e-01 5.01580477e-01 3.38254166e+00
  2.06475234e+00 5.45492828e-01 0.00000000e+00 0.00000000e+00
  1.04786599e+00 5.11606073e+00 1.37218559e+00 1.36462927e-01
  3.57435203e+00 3.49597287e+00 1.19270277e+00 3.08885312e+00
  0.00000000e+00 1.80061281e+00 6.34538651e+00 3.67614460e+00
  2.94569373e+00 0.00000000e+00 0.00000000e+00 1.52035010e+00
  6.95829093e-01 1.15226686e+00 1.40627456e+00 4.98255789e-01
  1.45794332e+00 4.65951145e-01 0.00000000e+00 4.24570227e+00
  3.97553062e+00 3.46377373e+00 2.87089515e+00 7.58973181e-01
  8.16289067e-01 3.14248180e+00 9.06331599e-01 2.33156800e-01
  2.24534094e-01 3.24249649e+00 6.28545380e+00 2.08683133e+00
  3.96398091e+00 1.84731698e+00 2.86752760e-01 1.41779280e+00
  1.24458462e-01 1.85874701e+00 3.52437830e+00 4.66919482e-01
  3.41988659e+00 1.24468362e+00 1.96086621e+00 1.80214196e-01
  3.50480580e+00 1.07788587e+00 1.85236549e+01 1.85783374e+00
  5.72890282e-01 1.03499901e+00 7.27025092e-01 2.99173188e+00
  1.07038724e+00 3.11749053e+00 4.77839053e-01 1.74603748e+00
  3.82232761e+00 5.83055687e+00 2.99464750e+00 3.05978984e-01
  5.86142063e-01 1.78843319e+00 1.44266713e+00 4.26419020e+00
  2.45254561e-01 0.00000000e+00 5.18944442e-01 6.09523594e-01
  1.08281994e+00 5.18048716e+00 2.90884566e+00 3.29984260e+00
  5.18710279e+00 2.30032635e+00 0.00000000e+00 2.94009113e+00
  7.12740004e-01 1.12224092e+01 4.98900265e-01 2.78314018e+00
  1.26090324e+00 1.60831237e+00 5.05150318e+00 1.23112452e+00
  6.75797611e-02 0.00000000e+00 1.83077320e-01 1.09401035e+00
  1.23967588e+00 2.25337353e-02 1.35917509e+00 2.56851196e-01
  5.09695959e+00 1.81345940e+00 1.00339472e+00 2.24279857e+00
  7.52814150e+00 7.18075037e-01 7.62636995e+00 2.17805052e+00
  2.43475381e-02 2.59161498e-02 4.05648470e-01 5.60202217e+00
  3.22755098e+00 6.79030514e+00 6.92041349e+00 3.24376917e+00
  1.87226915e+00 1.51861636e-02 3.37448931e+00 2.86891198e+00
  2.39964470e-01 1.38988123e+01 2.49487615e+00 1.47072184e+00
  2.35268617e+00 1.42816734e+01 9.03532982e-01 2.84532285e+00
  0.00000000e+00 4.78925848e+00 3.07005644e-01 0.00000000e+00
  1.55447078e+00 1.68649507e+00 4.65248775e+00 4.28054476e+00
  3.57132125e+00 1.25833118e+00 3.85336354e-02 3.12719321e+00
  3.77022409e+00 0.00000000e+00 2.50615716e+00 9.84800637e-01
  2.69696951e+00 2.40720201e+00 1.88119411e+00 3.81110847e-01
  1.00085282e+00 2.62549162e+00 8.61357391e-01 6.53594732e-01
  8.14494896e+00 5.63883305e+00 1.68123674e+00 1.55512524e+00
  4.80777311e+00 6.49612188e-01 3.22789502e+00 9.79263008e-01
  1.99539149e+00 3.39988589e-01 4.57629156e+00 2.35252738e+00
  4.51358604e+00 3.97383714e+00 4.67460823e+00 2.36059642e+00
  5.89213908e-01 1.19729729e+01 3.01205206e+00 2.33651209e+00
  0.00000000e+00 1.25319958e+00 1.10645187e+00 2.00202420e-01
  2.42792892e+00 2.80957937e+00 6.87457418e+00 1.51595879e+00
  1.14727564e-01 1.69469953e+00 4.84950829e+00 6.26271129e-01
  1.20935452e+00 1.96895197e-01 7.13590860e+00 5.19748986e-01
  7.73343384e-01 9.59054470e-01 5.91298389e+00 9.20855224e-01
  6.74375343e+00 7.10421133e+00 1.32179010e+00 4.29883838e-01
  8.31009507e-01 6.32080412e+00 4.70044184e+00 1.84168541e+00
  1.26399219e+00 6.36346698e-01 4.66016817e+00 1.56036174e+00
  2.67615390e+00 2.46187258e+00 0.00000000e+00 4.67474318e+00
  4.56783921e-01 8.47133577e-01 4.13588238e+00 1.48133492e+00
  2.44047713e+00 1.71824563e+00 3.06590104e+00 6.04182816e+00
  6.41971397e+00 8.66156936e-01 1.99308050e+00 2.22256541e+00
  1.17535305e+00 1.33657575e+00 1.62192547e+00 4.44442660e-01
  5.23685098e-01 8.14094484e-01 0.00000000e+00 0.00000000e+00
  0.00000000e+00 4.03222990e+00 2.11376071e+00 0.00000000e+00
  0.00000000e+00 8.86102772e+00 1.42047644e+00 1.92069542e+00
  6.19610357e+00 0.00000000e+00 0.00000000e+00 7.46888781e+00
  5.21729183e+00 4.53179955e-01 1.53890419e+01 2.25822735e+00
  3.38995171e+00 1.24563181e+00 1.29669821e+00 3.53732371e+00
  3.50775218e+00 4.30643469e-01 2.91550922e+00 5.38391733e+00
  2.43696642e+00 2.34736156e+00 0.00000000e+00 5.15410566e+00
  5.30511475e+00 2.00107408e+00 3.70313287e-01 1.12342238e+00
  1.34453282e-01 1.58855903e+00 0.00000000e+00 0.00000000e+00
  3.60871196e+00 8.47804832e+00 4.46343958e-01 2.70157456e+00
  2.68134165e+00 5.27829742e+00 7.16786575e+00 2.18925595e-01
  2.08174968e+00 2.17963338e+00 2.81701136e+00 0.00000000e+00
  1.87202919e+00 1.25930386e+01 6.37203634e-01 3.76335764e+00
  1.05169022e+00 3.94052774e-01 3.75507385e-01 3.38217139e+00
  3.08043551e+00 1.20780194e+00 2.00830603e+00 1.64615273e+00
  1.16742581e-01 2.08897665e-02 5.73432684e+00 0.00000000e+00
  1.07531220e-01 0.00000000e+00 3.28278589e+00 1.30194080e+00
  2.37491679e+00 2.39389971e-01 9.78836155e+00 2.23289442e+00
  9.90741104e-02 1.20041534e-01 9.16511822e+00 1.90445662e+00
  9.53181148e-01 9.33564246e-01 6.72709322e+00 9.08700347e-01
  2.14107203e+00 1.06329894e+00 3.18580413e+00 9.80649948e+00
  1.85081035e-01 3.60591769e+00 0.00000000e+00 3.28570306e-01
  4.23063487e-01 2.39958823e-01 0.00000000e+00 9.92886007e-01
  2.06960702e+00 0.00000000e+00 5.06014919e+00 7.43723214e-02
  2.51696038e+00 0.00000000e+00 0.00000000e+00 3.72695994e+00
  1.14363515e+00 4.20179892e+00 8.88525128e-01 0.00000000e+00
  4.82932663e+00 5.14244461e+00 0.00000000e+00 4.05051708e+00
  3.61689234e+00 2.67600584e+00 9.97343421e-01 2.45239705e-01
  0.00000000e+00 1.58078146e+00 1.84408557e+00 0.00000000e+00
  2.64238405e+00 3.82861733e+00 1.53992546e+00 6.65271044e-01
  1.19051528e+00 1.53827465e+00 6.51155663e+00 4.90969610e+00
  0.00000000e+00 2.40507507e+00 8.71290505e-01 9.84359562e-01
  1.94244909e+00 1.91818312e-01 1.11411834e+00 2.98924088e+00
  4.26126897e-01 7.30858326e-01 2.01847181e-01 2.21364815e-02
  9.91511762e-01 6.22603931e-02 1.62421894e+00 2.34634423e+00
  4.43676919e-01 4.25127172e+00 3.76889420e+00 3.61217618e+00
  5.47943711e-02 9.82467365e+00 9.02849078e-01 4.63495225e-01
  6.05342579e+00 2.86922067e-01 5.82191563e+00 2.79320687e-01
  2.34631395e+00 3.14992189e+00 3.00993133e+00 6.15208626e-01
  3.88986921e+00 4.06799726e-02 7.08525133e+00 2.75194716e+00]]