[[3.00570774e+00 1.37512612e+00 4.52086020e+00 3.79796934e+00
  1.97947383e-01 5.05483210e-01 5.84696817e+00 4.77279902e+00
  2.78854203e+00 2.10320067e+00 9.40245867e-01 3.05664718e-01
  6.44949150e+00 7.05882120e+00 1.11172879e+00 5.87766552e+00
  6.32606566e-01 3.65155053e+00 1.74917972e+00 1.60094559e-01
  0.00000000e+00 3.74275541e+00 5.14804649e+00 1.14039850e+01
  5.22019482e+00 3.40664697e+00 4.59904814e+00 3.16572040e-01
  9.35879707e+00 1.72255313e+00 4.22154474e+00 9.72709835e-01
  4.02630758e+00 3.33843255e+00 1.04277039e+00 5.15809543e-02
  7.97300860e-02 6.80741854e-03 1.24167466e+00 2.89593983e+00
  5.68662786e+00 9.30077076e-01 3.10889888e+00 4.62714291e+00
  5.13827682e-01 1.93132007e+00 2.46764112e+00 2.96310496e+00
  3.82031369e+00 2.11826086e-01 8.50577641e+00 6.68368220e-01
  4.43812348e-02 0.00000000e+00 2.42529941e+00 2.93550229e+00
  4.91991329e+00 1.53390825e+00 6.04634333e+00 0.00000000e+00
  5.32137692e-01 8.57543707e-01 8.14986515e+00 1.13971877e+00
  0.00000000e+00 2.94129753e+00 3.78909200e-01 4.17917442e+00
  3.71676421e+00 1.10894763e+00 3.82845039e+01 2.71181035e+00
  5.05184221e+00 1.28268373e+00 5.36492348e-01 1.55786574e+00
  5.38080633e-02 4.18977213e+00 1.93566537e+00 5.49750447e-01
  8.92640591e-01 1.17277220e-01 5.44281006e+00 8.69220448e+00
  2.28685021e+00 5.03146553e+00 9.06015933e-02 1.70583844e+00
  0.00000000e+00 4.79402274e-01 5.02115345e+00 7.14016140e-01
  0.00000000e+00 4.27694178e+00 5.82718897e+00 1.68157208e+00
  2.07878613e+00 3.04913259e+00 9.06811047e+00 2.72260356e+00
  5.74185476e-02 1.20461798e+00 1.97326213e-01 3.82410789e+00
  6.08319879e-01 3.65253711e+00 1.22857344e+00 5.40458632e+00
  2.58524776e+00 4.77614307e+00 3.03582907e-01 1.03590488e+00
  1.39722042e-03 0.00000000e+00 1.16028562e-01 0.00000000e+00
  2.10094500e+00 1.66885704e-01 4.00465518e-01 9.45005536e-01
  0.00000000e+00 4.10873270e+00 5.55048168e-01 2.00038171e+00
  0.00000000e+00 3.87586403e+00 4.01214629e-01 1.90348458e+00
  0.00000000e+00 6.51050949e+00 1.02411616e+00 1.50542185e-01
  5.47742033e+00 8.91738510e+00 0.00000000e+00 1.26035082e+00
  4.36216927e+00 7.60857821e-01 1.53866053e+00 0.00000000e+00
  6.18217945e+00 3.74842501e+00 1.97128010e+00 5.10690784e+00
  2.79600501e-01 0.00000000e+00 2.41504502e+00 8.05752650e-02
  8.85172606e-01 3.39323521e+00 1.76363051e-01 3.82677650e+00
  6.37585163e-01 0.00000000e+00 1.01335802e+01 5.41976070e+00
  9.00250018e-01 4.86738253e+00 1.31132340e+00 6.13206768e+00
  2.44942403e+00 1.02825046e+00 2.58763194e+00 0.00000000e+00
  1.77658165e+00 2.22035933e+00 1.16610241e+00 1.48143084e-03
  3.64719319e+00 0.00000000e+00 1.35612321e+00 1.03123331e+01
  5.44516230e+00 4.03243141e+01 3.08265567e+00 2.89385462e+00
  0.00000000e+00 1.54633474e+00 1.14054775e+01 3.99583530e+00
  0.00000000e+00 5.42568803e-01 2.69318151e+00 0.00000000e+00
  1.49818301e-01 7.57521808e-01 1.08207178e+00 8.71278793e-02
  3.50981545e+00 4.07414645e-01 9.15851974e+00 8.72077847e+00
  4.37302780e+00 1.02535856e+00 2.04282522e+00 4.47355509e-01
  3.51059437e+00 6.02058125e+00 1.00674763e+01 4.83874893e+00
  6.25896168e+00 1.54531002e+00 9.20951068e-01 3.71282220e+00
  3.36484879e-01 1.39621294e+00 2.13132834e+00 3.47138190e+00
  2.96396166e-01 1.33906775e+01 8.50379243e-02 2.06524539e+00
  2.52035987e-02 5.37165999e-01 4.16739643e-01 1.07300624e-01
  9.72747326e-01 7.95059967e+00 3.84144753e-01 6.36466444e-01
  2.93197823e+00 3.46088260e-01 3.89542031e+00 0.00000000e+00
  7.31245756e+00 6.18693066e+00 1.59201801e-01 4.85840750e+00
  0.00000000e+00 1.66281641e-01 0.00000000e+00 5.22836876e+00
  4.16188717e+00 4.15108061e+00 6.54141665e-01 3.70112658e-01
  7.96549034e+00 8.56748104e+00 8.83803368e+00 2.00963926e+00
  3.49013567e-01 3.44256306e+00 2.42839527e+00 8.15421295e+00
  0.00000000e+00 6.55939293e+00 7.55085897e+00 3.65771818e+00
  3.06369591e+00 4.15580702e+00 3.75335038e-01 8.64765704e-01
  5.84347582e+00 1.02105703e+01 6.54981136e+00 2.15064311e+00
  0.00000000e+00 6.23227358e-01 1.57237411e+00 3.01485777e+00
  7.15261042e-01 0.00000000e+00 7.26877391e-01 1.22797929e-01
  2.91881299e+00 1.00943971e+00 1.00555480e+00 7.65233564e+00
  4.29994774e+00 1.33842552e+00 1.88022411e+00 0.00000000e+00
  2.90045953e+00 6.74396706e+00 3.79923058e+00 1.16598499e+00
  8.25033569e+00 6.10436535e+00 0.00000000e+00 3.39348269e+00
  9.11336708e+00 6.11564875e+00 1.05326815e+01 1.02631271e+00
  5.05427027e+00 1.97837830e-01 9.38976479e+00 4.85861254e+00
  5.11261320e+00 4.23332882e+00 6.54157639e+00 0.00000000e+00
  3.01231408e+00 2.38811326e+00 3.07381010e+00 4.01992846e+00
  2.57984579e-01 9.46831226e-01 1.75411117e+00 0.00000000e+00
  7.15890050e-01 5.10627079e+00 1.86148682e+01 0.00000000e+00
  9.60395992e-01 6.58058453e+00 1.06745043e+01 3.30694652e+00
  5.31275630e-01 2.49526191e+00 1.18272543e+00 6.92065048e+00
  1.89335957e-01 1.80997729e+00 5.67858696e+00 2.40398598e+00
  2.51766086e+00 1.90546584e+00 0.00000000e+00 2.91397905e+00
  1.56691802e+00 9.34766293e-01 7.94419575e+00 5.60965014e+00
  3.42081642e+00 8.92456025e-02 3.49131155e+00 2.78581858e+00
  3.61804128e+00 2.89259523e-01 9.72616673e-01 9.22259271e-01
  4.94921833e-01 1.73663938e+00 3.13264894e+00 6.38699722e+00
  7.18785477e+00 5.27300167e+00 9.89903927e+00 1.91793823e+00
  7.27621508e+00 7.70928812e+00 1.94212747e+00 6.04436207e+00
  4.67787933e+00 2.73962831e+00 3.05257964e+00 1.18206096e+00
  3.21849704e+00 9.02643025e-01 3.10007241e-02 1.55526125e+00
  0.00000000e+00 0.00000000e+00 1.88787532e+00 3.05670518e-02
  0.00000000e+00 1.98691416e+00 2.00430974e-01 1.33835924e+00
  1.07499714e+01 5.51163197e-01 5.08299291e-01 5.13725233e+00
  4.84127164e-01 3.20743531e-01 3.68009567e+00 0.00000000e+00
  0.00000000e+00 1.14535599e+01 0.00000000e+00 4.27682257e+00
  3.99891996e+00 1.96780920e+00 6.08215034e-01 3.32116783e-02
  2.93520629e-01 1.23524725e+00 7.39474916e+00 4.14010239e+00
  1.77536011e+00 7.41225433e+00 4.29546309e+00 1.83801860e-01
  2.25714231e+00 2.04765296e+00 1.39838362e+00 4.14811000e-02
  3.62046695e+00 4.78788137e+00 1.18864501e+00 3.61984682e+00
  3.23810697e+00 6.22261226e-01 3.05484504e-01 1.86627209e+00
  0.00000000e+00 6.81025028e+00 2.28654289e+00 0.00000000e+00
  3.34692502e+00 2.43756843e+00 5.56141376e+00 2.11857319e+00
  8.14598942e+00 2.07148179e-01 0.00000000e+00 5.75042665e-01
  4.80468392e-01 0.00000000e+00 4.11620998e+00 2.17750597e+00
  8.32312465e-01 0.00000000e+00 4.97473627e-01 5.82125783e-01
  3.29601002e+00 5.60859013e+00 2.49027848e+00 7.23045051e-01
  5.38612008e-01 0.00000000e+00 4.32399130e+00 4.29993248e+00
  0.00000000e+00 8.66937995e-01 0.00000000e+00 1.39382780e+00
  7.78739452e+00 4.05048466e+00 1.47757098e-01 4.33616734e+00
  2.49249196e+00 4.04951811e+00 0.00000000e+00 0.00000000e+00
  8.24135423e-01 0.00000000e+00 1.01914322e+00 0.00000000e+00
  1.61457312e+00 2.86296916e+00 0.00000000e+00 0.00000000e+00
  3.59411657e-01 7.44835734e-01 3.29231048e+00 6.04607999e-01
  1.84451687e+00 2.50629306e+00 2.23372722e+00 3.27797103e+00
  5.17286634e+00 1.03429317e+01 1.95099640e+00 0.00000000e+00
  1.38046665e+01 1.95006549e+00 6.26791358e-01 9.99759674e+00
  2.22829044e-01 3.08585018e-01 3.34527922e+00 1.16392136e+00
  2.53387958e-01 2.08418918e+00 2.08953309e+00 9.03093052e+00
  5.18646193e+00 2.48675609e+00 2.33580530e-01 3.97691822e+00
  1.27103007e+00 1.73866405e+01 0.00000000e+00 1.67756125e-01
  0.00000000e+00 6.01907969e+00 9.12919140e+00 2.58378172e+00
  8.54283142e+00 7.01216698e-01 5.98985338e+00 9.97336745e-01
  3.26248908e+00 2.22514361e-01 4.68578148e+00 2.07014903e-01
  9.28219687e-03 4.33410168e+00 6.33541441e+00 1.07391853e+01
  2.31428909e+00 0.00000000e+00 1.56060040e+00 2.80419767e-01
  3.60644913e+00 1.17186289e+01 1.19906640e+00 3.41410637e+00
  8.93940353e+00 1.29694247e+00 2.13259196e+00 1.63310134e+00
  3.22639346e+00 6.77263290e-02 2.67870903e+00 2.41447330e+00
  9.80600655e-01 2.81407809e+00 1.23202145e-01 7.55812216e+00]]