[[3.96723837e-01 3.50267798e-01 3.21917629e+00 1.03854918e+00
  0.00000000e+00 4.71235275e+00 7.00762510e+00 2.79508138e+00
  6.62316847e+00 9.25603926e-01 1.09193242e+00 9.74600434e-01
  2.78819442e+00 7.29775620e+00 2.20874280e-01 4.41626978e+00
  2.29767680e-01 7.79689103e-02 4.46525216e-01 3.65331388e+00
  9.07811403e-01 7.36809826e+00 3.48352122e+00 8.44467163e-01
  5.29615700e-01 8.22740746e+00 7.04301834e+00 1.63203084e+00
  1.82503712e+00 2.00880870e-01 0.00000000e+00 3.85645461e+00
  9.67585325e-01 1.87822402e+00 0.00000000e+00 4.36912149e-01
  7.49197841e-01 1.38182387e-01 1.26319361e+00 4.06493425e+00
  6.29957485e+00 4.10672379e+00 8.95293891e-01 4.88638735e+00
  2.89689243e-01 3.23028088e-01 4.71204901e+00 2.34603906e+00
  2.29676294e+00 2.07220078e+00 2.72799969e+00 6.62138164e-01
  6.67149127e-01 5.42068839e-01 1.29646075e+00 4.28336096e+00
  2.33766675e+00 2.93780899e+00 2.78278995e+00 0.00000000e+00
  8.40487242e-01 1.08133388e+00 4.32358503e+00 4.09224987e+00
  1.54415369e+00 3.91831470e+00 2.49904513e+00 1.37426364e+00
  2.07427835e+00 4.61479044e+00 9.74168205e+00 0.00000000e+00
  2.13305020e+00 7.28987074e+00 2.50305223e+00 0.00000000e+00
  0.00000000e+00 3.32592678e+00 6.18394434e-01 2.06485415e+00
  1.81961715e+00 2.93966508e+00 3.76187515e+00 3.08762342e-02
  9.93019879e-01 2.95407033e+00 0.00000000e+00 2.44974470e+00
  4.28132105e+00 0.00000000e+00 3.93997693e+00 1.63595271e+00
  7.33934462e-01 2.42472634e-01 1.77533305e+00 2.04597712e-02
  1.18244469e+00 3.66356826e+00 5.51322460e-01 4.79420757e+00
  7.76614606e-01 3.85651565e+00 2.03958139e-01 6.65484619e+00
  1.36626542e+00 1.21423268e+00 1.31268835e+00 5.90665102e-01
  1.27771759e+00 2.83989608e-01 1.50763440e+00 3.60228276e+00
  0.00000000e+00 2.26816368e+00 9.10668015e-01 5.05057395e-01
  4.91524410e+00 2.52226639e+00 5.22434044e+00 4.60002947e+00
  1.01542628e+00 5.79191637e+00 0.00000000e+00 3.43338442e+00
  5.13937950e+00 2.72450876e+00 1.54405737e+00 1.30640775e-01
  6.11631453e-01 1.05638905e+01 2.68606991e-01 6.22180104e-01
  3.10016441e+00 6.15519464e-01 0.00000000e+00 3.42536402e+00
  3.14963683e-02 1.56591749e+00 2.89284849e+00 5.99058151e+00
  5.62130570e-01 9.58338678e-02 2.32538939e+00 3.62419319e+00
  1.45419514e+00 1.90423322e+00 2.03619051e+00 1.30648661e+00
  2.74951398e-01 0.00000000e+00 1.22508450e+01 2.25668505e-01
  1.33582950e+00 2.46660858e-01 1.16134971e-01 3.51135463e-01
  1.16095161e+00 3.57806182e+00 2.85610533e+00 1.84769332e-01
  0.00000000e+00 4.39756250e+00 2.20565653e+00 1.03264131e-01
  9.69507027e+00 8.44632804e-01 0.00000000e+00 5.07967091e+00
  9.44172591e-03 3.38936901e+00 4.93774271e+00 1.87875196e-01
  5.77435970e+00 3.01814389e+00 1.50604856e+00 3.60505104e+00
  2.55345285e-01 2.96274018e+00 1.26638699e+00 9.16348743e+00
  4.14147234e+00 4.47135657e-01 3.37814569e+00 2.42656067e-01
  4.19204205e-01 6.13603890e-01 1.82095945e+00 9.76615846e-01
  1.04146135e+00 3.49266338e+00 2.73575568e+00 1.10946685e-01
  4.67582035e+00 6.69922209e+00 1.11043096e+00 2.56258637e-01
  2.50375271e-01 9.78311348e+00 3.50717044e+00 0.00000000e+00
  5.88628340e+00 0.00000000e+00 4.23610449e-01 1.76638544e+00
  5.27507925e+00 4.28096962e+00 2.09299043e-01 3.16479683e+00
  9.09815311e-01 1.50819960e+01 2.34506154e+00 2.14241341e-01
  3.04256158e-04 4.59520674e+00 2.07315636e+00 3.52130890e-01
  1.43224522e-01 3.02628493e+00 8.80543947e-01 2.67247581e+00
  7.43726909e-01 1.72774744e+00 2.03981853e+00 1.25562406e+00
  2.72361350e+00 4.06121731e+00 5.92244148e-01 8.69346559e-01
  3.31606835e-01 3.84986448e+00 4.67429727e-01 1.92236948e+00
  2.26566911e+00 6.49625111e+00 1.20061588e+00 1.18399334e+00
  2.77744412e+00 8.54376984e+00 5.08977604e+00 4.87300968e+00
  0.00000000e+00 4.69702899e-01 1.16914093e-01 3.31074190e+00
  4.13269341e-01 1.00816736e+01 6.21032524e+00 0.00000000e+00
  8.24269116e-01 1.09023297e+00 3.42090464e+00 1.03846204e+00
  6.48901033e+00 2.87516260e+00 5.04626513e+00 7.26138353e-01
  8.37472081e-01 3.41418207e-01 1.97186098e-01 2.62557244e+00
  1.51928052e-01 1.41638649e+00 1.72806680e-01 1.50650620e+00
  2.59422898e+00 4.83250284e+00 1.36111760e+00 3.44961262e+00
  6.67227221e+00 8.67444873e-01 5.54784298e+00 1.35416090e+00
  4.49539423e+00 3.42930317e+00 2.47577596e+00 6.58892632e-01
  7.29935265e+00 1.43257654e+00 7.14779973e-01 1.66401476e-01
  1.08354006e+01 1.98889279e+00 1.24023361e+01 1.24636300e-01
  4.71391630e+00 0.00000000e+00 1.26415467e+00 8.65608156e-01
  2.32197261e+00 4.66980124e+00 1.67136192e-01 1.14698246e-01
  3.13264936e-01 8.64281559e+00 3.62839556e+00 5.87425530e-01
  4.16719139e-01 6.18824482e-01 2.06141233e+00 3.18310969e-02
  2.21563146e-01 7.94627607e-01 8.20092010e+00 1.79109669e+00
  9.76516128e-01 2.77748179e+00 1.35815799e+00 1.22014761e+00
  3.45932156e-01 4.64553261e+00 6.70117199e-01 4.82650042e-01
  3.25427723e+00 0.00000000e+00 4.47049320e-01 6.30452111e-02
  1.57763386e+00 9.39918804e+00 4.37403649e-01 3.87163806e+00
  1.56108093e+00 3.51817346e+00 9.04103947e+00 7.77760565e-01
  9.04214025e-01 1.00970244e+00 5.21767330e+00 0.00000000e+00
  2.20010042e+00 2.79814154e-02 1.53363812e+00 4.08204126e+00
  5.06133842e+00 5.56213260e-01 3.03011990e+00 3.05699062e+00
  4.31843662e+00 7.23277760e+00 3.17888689e+00 2.73478174e+00
  2.16101098e+00 0.00000000e+00 2.66080827e-01 2.68345428e+00
  1.23169100e+00 2.57659411e+00 5.77465117e-01 1.22533298e+00
  5.20264983e-01 0.00000000e+00 1.37246704e+00 2.08692527e+00
  1.08095217e+00 7.84247100e-01 4.55591774e+00 2.84853488e-01
  3.10372424e+00 6.67685509e+00 1.42314911e+00 0.00000000e+00
  0.00000000e+00 2.28062183e-01 2.28349614e+00 1.24371111e+00
  9.40574706e-01 3.61037403e-01 4.68500519e+00 1.03290871e-01
  1.30322695e-01 2.79315859e-01 7.22469866e-01 1.18207669e+00
  5.79836607e+00 1.80818653e+00 2.60987425e+00 1.42179000e+00
  5.80169261e-01 7.68912220e+00 5.72355211e-01 1.81210613e+00
  3.41953874e+00 3.57511610e-01 1.78684052e-02 1.42753768e+00
  1.03952694e+00 3.58397388e+00 2.82523918e+00 0.00000000e+00
  1.75081944e+00 6.73323536e+00 3.62725425e+00 1.47466743e+00
  7.25499201e+00 2.43513680e+00 0.00000000e+00 6.03795338e+00
  3.91914785e-01 9.50686574e-01 1.23915863e+00 5.84470890e-02
  5.07043004e-01 7.03977442e+00 1.92581940e+00 4.04470253e+00
  6.10189009e+00 1.15048754e+00 0.00000000e+00 3.39627802e-01
  9.99146581e-01 1.44633198e+00 4.93256092e+00 2.00630450e+00
  6.75747633e-01 0.00000000e+00 2.43967757e-01 0.00000000e+00
  2.74049729e-01 1.48840547e+00 5.64104356e-02 6.91664338e-01
  4.43208069e-01 3.96015942e-02 8.08681190e-01 2.01564050e+00
  1.47023726e+00 0.00000000e+00 3.98300767e+00 6.67342138e+00
  5.47186852e+00 1.30600703e+00 1.23453355e+00 2.21161914e+00
  1.07065239e+01 7.65600026e-01 0.00000000e+00 9.20538044e+00
  2.72030210e+00 3.61387229e+00 0.00000000e+00 1.83535826e+00
  4.27240223e-01 0.00000000e+00 4.61768627e-01 2.61482739e+00
  1.55596733e+00 2.69947238e-02 1.76831710e+00 1.79816544e+00
  1.71920955e-01 6.95940629e-02 1.51202154e+00 1.57645071e+00
  9.15008724e-01 6.39394712e+00 8.22811067e-01 7.54792809e-01
  1.22500486e+01 2.49976110e+00 5.46794990e-03 8.92955971e+00
  5.14216185e+00 2.25105119e+00 2.02341700e+00 4.52047765e-01
  2.05336064e-02 5.86381614e-01 1.94404089e+00 3.92012930e+00
  9.14502501e-01 2.17687321e+00 1.73587787e+00 3.68909216e+00
  9.29577291e-01 1.00835285e+01 1.90652013e-01 0.00000000e+00
  2.77188271e-01 9.41156805e-01 3.16217780e-01 4.28227806e+00
  1.19934046e+00 2.50873184e+00 1.29636317e-01 2.31520462e+00
  0.00000000e+00 5.58888197e+00 7.47183228e+00 1.58051848e-01
  4.01976675e-01 1.04976130e+00 7.49130428e-01 3.09570193e-01
  1.00294459e+00 5.40668201e+00 5.26895761e-01 1.57006574e+00
  2.15079808e+00 4.81148720e+00 4.56610769e-01 2.43873715e+00
  4.83940697e+00 2.56833053e+00 2.01905990e+00 7.95494378e-01
  2.39999986e+00 0.00000000e+00 1.67365205e+00 2.67485571e+00
  1.34163427e+00 3.92013162e-01 4.00859928e+00 6.99921083e+00]]