[[5.92361498e+00 7.64158344e+00 1.01793277e+00 1.27793741e+00
  1.01925159e+00 2.83043647e+00 4.34480333e+00 0.00000000e+00
  2.99742799e-02 1.57117510e+00 4.31871605e+00 1.33980012e+00
  1.83404967e-01 1.15359020e+00 2.52634317e-01 1.41578078e+00
  2.69510984e-01 4.37430716e+00 8.58162880e-01 1.31334627e+00
  3.34086180e+00 7.38648081e+00 5.28125286e-01 6.25689551e-02
  1.39595389e-01 2.92783999e+00 3.81205864e-02 2.10816789e+00
  3.75510597e+00 0.00000000e+00 4.38242942e-01 1.24282408e+00
  4.29977751e+00 2.54421568e+00 1.37281084e+00 7.61503220e+00
  1.32234764e+00 3.14616412e-01 6.17921591e+00 2.20243549e+00
  3.04828572e+00 2.79182339e+00 1.91464448e+00 1.77856255e+00
  8.77532482e-01 1.65728796e+00 6.49151611e+00 1.99689925e-01
  1.51079869e+00 9.17578638e-02 1.83512163e+00 4.01669645e+00
  1.18895435e+00 8.46033955e+00 1.02166004e+01 1.08057284e+00
  2.70300174e+00 2.92051291e+00 1.26437390e+00 1.36809036e-01
  1.24440241e+00 3.50374436e+00 6.96818638e+00 7.19065523e+00
  2.17713428e+00 9.09952545e+00 8.14717487e-02 1.37010026e+00
  7.74754072e-03 1.62550366e+00 1.39858711e+00 1.10815334e+00
  1.65372461e-01 8.45850945e+00 4.02930880e+00 1.38287485e-01
  5.01870394e+00 2.89041162e+00 1.88554907e+00 1.13860023e+00
  5.62207282e-01 1.96841061e-01 1.90116918e+00 7.52884820e-02
  3.54373360e+00 7.54830885e+00 9.82164025e-01 4.21226025e+00
  6.45725536e+00 1.90328553e-01 5.57755899e+00 2.02640295e+00
  2.94521302e-02 7.57643163e-01 2.97908735e+00 0.00000000e+00
  1.64734319e-01 8.34595501e-01 4.30640841e+00 6.08858919e+00
  3.51020098e+00 9.81283665e-01 6.82994032e+00 7.04758453e+00
  3.93091403e-02 2.53260076e-01 3.13284540e+00 7.39677012e-01
  5.43735683e-01 9.50729698e-02 1.18871856e+00 4.33430052e+00
  3.34000736e-01 7.96250939e-01 1.58577275e+00 4.68837470e-02
  5.67240763e+00 4.69495535e-01 1.87561786e+00 1.91735673e+00
  4.25078487e+00 3.93312752e-01 3.46090615e-01 6.20550966e+00
  4.60575628e+00 9.14525318e+00 0.00000000e+00 9.33302820e-01
  9.28821027e-01 1.52457027e+01 4.01294529e-02 3.10349512e+00
  2.34230018e+00 8.55285376e-02 1.86523736e-01 3.04840016e+00
  1.62748003e+00 3.43427253e+00 2.48584604e+00 4.85982001e-01
  2.56037378e+00 1.34587443e+00 1.45964897e+00 2.90528584e+00
  2.54470563e+00 0.00000000e+00 2.66667128e-01 3.58247787e-01
  1.48038697e+00 4.17218161e+00 4.44371969e-01 3.23471975e+00
  2.19156933e+00 6.17299020e-01 3.72307628e-01 2.13393617e+00
  2.41984153e+00 1.82257044e+00 1.12020445e+00 1.30960405e+00
  5.88536620e-01 1.74101603e+00 5.28911543e+00 3.67740345e+00
  2.68103647e+00 3.42675805e+00 8.79925549e-01 1.44405603e+00
  8.67455959e-01 2.81480879e-01 6.87618446e+00 3.26882195e+00
  2.87728071e+00 8.50497150e+00 2.04717326e+00 1.72188580e+00
  2.10001230e-01 2.74342036e+00 3.09470820e+00 3.59286261e+00
  1.26711011e+00 4.66104925e-01 4.48781395e+00 3.78889889e-01
  0.00000000e+00 1.33883524e+00 0.00000000e+00 1.07084823e+00
  2.25594187e+00 2.56604147e+00 3.91595936e+00 0.00000000e+00
  3.65819740e+00 6.08809614e+00 7.40927267e+00 6.02423668e-01
  4.32088423e+00 6.74656451e-01 1.38880420e+00 3.04855251e+00
  2.62029433e+00 1.21557224e+00 1.41662550e+00 1.11411428e+00
  3.09645422e-02 7.15481281e-01 1.91502243e-01 7.69673362e-02
  0.00000000e+00 3.08643913e+00 6.64088786e-01 3.27461314e+00
  1.60258755e-01 1.88063133e+00 0.00000000e+00 1.35187948e+00
  0.00000000e+00 1.46608651e-01 1.64908540e+00 1.73127699e+00
  3.33090711e+00 1.62509665e-01 4.78030443e+00 1.69055367e+00
  5.80658627e+00 1.00858855e+00 3.30703139e-01 3.34078765e+00
  1.94472182e+00 1.49510813e+00 2.70223475e+00 3.81582528e-01
  5.73656368e+00 5.89388371e-01 4.62379980e+00 1.17448723e+00
  3.38707256e+00 1.19227285e+01 4.67119646e+00 2.10406160e+00
  2.67459154e-01 1.05358148e+00 4.37531042e+00 7.76297569e-01
  1.84756672e+00 3.42403269e+00 9.96355915e+00 2.43864560e+00
  2.69254017e+00 6.39312744e-01 6.13678026e+00 5.14045246e-02
  1.62926376e+00 4.10848331e+00 5.06212091e+00 0.00000000e+00
  3.46368122e+00 1.55227244e+00 1.91390634e+00 0.00000000e+00
  7.68767595e-02 0.00000000e+00 9.18180943e-01 3.46021384e-01
  3.29646516e+00 0.00000000e+00 4.43075228e+00 4.54853153e+00
  4.39636993e+00 7.80430019e-01 2.26988888e+00 4.31924790e-01
  3.42572713e+00 9.90663096e-02 1.69275153e+00 1.75060773e+00
  1.12751999e+01 8.16044390e-01 0.00000000e+00 4.53365177e-01
  1.16385365e+01 6.39455843e+00 1.81209068e+01 6.84394896e-01
  2.67821884e+00 5.64860344e-01 1.06509805e-01 5.61405087e+00
  3.96145558e+00 1.28213465e+00 1.27464819e+00 7.07541704e+00
  6.49416745e-01 7.34666169e-01 3.98668742e+00 0.00000000e+00
  1.53759921e+00 1.60536301e+00 8.23151052e-01 0.00000000e+00
  1.57565951e+00 2.98871803e+00 3.60860419e+00 3.20004493e-01
  1.56948709e+00 9.25818920e-01 5.31615067e+00 2.36597419e+00
  7.78098762e-01 7.04353631e-01 4.53462029e+00 7.00647414e-01
  3.88760805e+00 2.42864943e+00 6.25747538e+00 3.06533480e+00
  2.79053783e+00 7.72860575e+00 5.61550185e-02 1.67160785e+00
  2.64572120e+00 4.22003174e+00 7.09584761e+00 1.48875034e+00
  2.34824800e+00 8.58048737e-01 6.43897772e+00 1.26329467e-01
  4.79053116e+00 1.20118451e+00 2.97304690e-01 8.99883938e+00
  3.97250712e-01 1.03577244e+00 1.82138944e+00 6.90204430e+00
  1.59704715e-01 4.75278854e+00 4.76485777e+00 1.63874769e+00
  5.78955889e+00 8.13933253e-01 0.00000000e+00 1.79275525e+00
  5.08823991e-01 1.64355254e+00 2.57819200e+00 2.30152518e-01
  2.82809138e+00 3.49884009e+00 1.52212405e+00 9.13876355e-01
  0.00000000e+00 3.78464371e-01 2.88567305e-01 0.00000000e+00
  1.40925616e-01 1.01162090e+01 1.12113409e+01 6.57468975e-01
  1.42833042e+00 1.60481524e+00 1.50937152e+00 1.43703628e+00
  4.70227146e+00 6.07767391e+00 2.20139050e+00 1.27441931e+00
  1.21343553e+00 2.68340445e+00 7.96681356e+00 4.12958765e+00
  6.62113965e-01 3.96609664e-01 3.99260700e-01 1.25775826e+00
  2.64557505e+00 5.40738225e-01 6.99169412e-02 7.20860147e+00
  3.87118220e+00 1.86323702e+00 1.92880058e+00 1.08772933e+00
  7.03720033e-01 5.23593485e-01 9.12313342e-01 4.97675687e-01
  1.41487086e+00 0.00000000e+00 1.45100808e+00 2.20217514e+00
  1.07928839e+01 9.19835186e+00 1.63150835e+00 7.23034918e-01
  1.76310682e+00 1.96811914e+00 2.28178048e+00 4.38051641e-01
  1.23008418e+00 4.23131371e+00 4.62600082e-01 7.85663509e+00
  7.79825687e+00 1.86104834e+00 9.66177881e-02 3.31146550e+00
  0.00000000e+00 1.76186121e+00 2.53583431e+00 9.51272488e-01
  1.11477244e+00 9.95456636e-01 3.45782781e+00 4.72712547e-01
  0.00000000e+00 4.77550358e-01 2.41025615e+00 1.10627747e+00
  2.07718921e+00 0.00000000e+00 1.79353595e+00 3.98514318e+00
  1.72840670e-01 1.11478591e+00 1.78989977e-01 6.51604462e+00
  3.22751355e+00 0.00000000e+00 6.50551796e+00 2.21086836e+00
  7.71220624e-01 8.76372695e-01 2.52706337e+00 2.01754308e+00
  8.51776123e-01 5.86323366e-02 0.00000000e+00 3.77809882e-01
  2.86404103e-01 1.79084468e+00 8.46008584e-02 1.65181696e+00
  5.42211914e+00 8.32604393e-02 1.93005586e+00 4.31662351e-01
  0.00000000e+00 5.53091097e+00 7.16127828e-02 2.39798260e+00
  3.98125315e+00 1.10111713e+00 4.19459313e-01 6.26708651e+00
  5.01462460e+00 4.80142683e-01 9.40507174e-01 5.76307297e+00
  6.57631338e-01 4.53418207e+00 2.34751272e+00 0.00000000e+00
  3.22699696e-01 8.48395050e-01 5.58591890e+00 9.01879215e+00
  5.20371199e+00 1.25170839e+00 3.17626333e+00 3.24833184e-01
  4.15014565e-01 1.33305998e+01 4.82338190e-01 1.51617324e+00
  9.74034429e-01 1.91472578e+00 2.57343602e+00 1.88302016e+00
  3.38188559e-01 5.31822383e-01 0.00000000e+00 6.86021745e-02
  1.13055313e+00 0.00000000e+00 4.20076847e+00 5.03692823e-03
  3.17384839e+00 0.00000000e+00 2.02709126e+00 2.65779686e+00
  9.22906399e-01 3.28780532e+00 3.72429228e+00 2.33123255e+00
  2.71668911e+00 5.15397882e+00 3.50845528e+00 2.73292923e+00
  4.10433435e+00 1.58318317e+00 2.66052055e+00 0.00000000e+00
  3.15965247e+00 1.96101284e+00 1.34839993e+01 1.20338108e-02
  4.79764557e+00 3.68690109e+00 1.49601293e+00 3.99760723e+00]]