[[1.06067014e+00 2.63973069e+00 4.04755771e-01 1.40765011e+00
  0.00000000e+00 3.83356839e-01 8.49275780e+00 3.28851938e-01
  5.84436774e-01 6.55297518e-01 4.80388021e+00 7.31206322e+00
  3.17085028e+00 3.15617871e+00 3.16196799e+00 1.15049200e+01
  0.00000000e+00 3.52076888e-01 6.37724757e-01 2.97326565e+00
  1.54970086e+00 3.91007161e+00 2.18321013e+00 2.96556115e-01
  2.76852226e+00 5.29706049e+00 4.51915652e-01 0.00000000e+00
  2.29298258e+00 1.39006348e-02 0.00000000e+00 4.26076078e+00
  0.00000000e+00 4.45805359e+00 1.46965480e+00 1.33494282e+00
  3.56841743e-01 5.99862576e-01 7.30476332e+00 5.60212660e+00
  4.00074959e+00 6.80066776e+00 0.00000000e+00 4.56169605e+00
  0.00000000e+00 4.44058466e+00 6.06827593e+00 5.66770919e-02
  2.84789419e+00 5.53761721e-01 1.74019742e+00 4.01964635e-02
  2.20913887e+00 3.10250878e+00 1.81981003e+00 2.79307747e+00
  3.69271159e+00 5.29075086e-01 0.00000000e+00 0.00000000e+00
  2.67823517e-01 3.86498928e-01 1.27144117e+01 7.07198429e+00
  5.21983480e+00 1.36655974e+00 0.00000000e+00 6.20324326e+00
  1.09477651e+00 3.74564588e-01 1.65700901e+00 1.01703835e+00
  0.00000000e+00 6.62696695e+00 1.49842739e+00 2.53287745e+00
  1.84773469e+00 0.00000000e+00 8.02715838e-01 2.12714914e-02
  5.34662104e+00 5.18430519e+00 5.33297873e+00 0.00000000e+00
  8.77811611e-01 6.93377924e+00 1.14969659e+00 1.74544775e+00
  1.14415884e+00 7.97366619e-01 1.28747463e+01 0.00000000e+00
  0.00000000e+00 2.95712399e+00 1.71904242e+00 7.48090804e-01
  3.59657931e+00 2.80558801e+00 5.06589127e+00 4.52219152e+00
  1.90208745e+00 1.65977848e+00 8.11163044e+00 5.83600616e+00
  0.00000000e+00 0.00000000e+00 4.12712479e+00 1.07442722e-01
  2.43335533e+00 0.00000000e+00 1.02682963e-01 1.42099783e-01
  3.69570374e-01 0.00000000e+00 1.73553360e+00 0.00000000e+00
  4.73233271e+00 4.55484772e+00 3.85323930e+00 1.73909152e+00
  1.30389512e+00 2.51849860e-01 1.50289327e-01 4.73953915e+00
  2.68414593e+00 6.15093887e-01 0.00000000e+00 0.00000000e+00
  6.99119866e-01 1.25349779e+01 3.03137708e+00 4.20025796e-01
  0.00000000e+00 7.53809288e-02 2.68131465e-01 3.58514619e+00
  1.91741633e+00 9.83375907e-02 1.29231882e+00 1.01217947e+01
  1.24559546e+00 7.35388160e-01 1.07144606e+00 1.31970291e+01
  1.40515232e+00 3.20446086e+00 1.92200527e-01 1.06950819e+00
  4.12448466e-01 1.01548421e+00 0.00000000e+00 1.06208578e-01
  2.48463869e+00 1.19556010e+00 0.00000000e+00 3.91965008e+00
  3.41185898e-01 1.05019093e+00 2.00024557e+00 8.99166346e-01
  2.87592530e-01 6.28247142e-01 8.73813725e+00 3.75308365e-01
  1.13968267e+01 4.27698326e+00 5.02456605e-01 6.14615631e+00
  2.95891047e-01 5.55613136e+00 0.00000000e+00 1.05480921e+00
  7.63562250e+00 1.31657686e+01 1.70122433e+00 4.62890053e+00
  9.63786316e+00 2.50733614e+00 2.18524551e+01 1.46212578e+00
  1.08335316e+00 2.37396389e-01 7.13232470e+00 3.22430134e-01
  1.33155382e+00 1.89965940e+00 0.00000000e+00 4.47345638e+00
  2.60956097e+00 4.41656876e+00 1.55585957e+00 1.99306965e+00
  8.06640565e-01 1.02663145e+01 4.55649734e-01 1.85233760e+00
  3.16944122e-02 1.68617845e+00 3.21544170e+00 6.73201466e+00
  9.68024135e-01 7.41756201e+00 2.06265599e-01 6.39021635e+00
  2.47448397e+00 4.59198952e+00 2.70582587e-02 2.41629720e+00
  2.60216331e+00 8.23294640e+00 3.12039709e+00 6.21157646e+00
  1.53557324e+00 2.83288336e+00 0.00000000e+00 0.00000000e+00
  4.82373595e-01 0.00000000e+00 0.00000000e+00 1.10515022e+00
  2.89146852e+00 2.08720922e+00 1.40159798e+00 0.00000000e+00
  2.11808419e+00 3.55238938e+00 6.33310795e-01 4.21013355e+00
  2.51969981e+00 1.35468006e+00 2.51564813e+00 2.88385534e+00
  4.12953424e+00 2.03227973e+00 3.03935361e+00 2.35862780e+00
  3.88392746e-01 1.67016125e+01 8.61757946e+00 3.29616737e+00
  0.00000000e+00 1.09057520e-02 3.83234358e+00 3.84365225e+00
  2.95471370e-01 1.95373821e+01 9.55760860e+00 1.32932746e+00
  5.64342070e+00 4.87939501e+00 6.26727676e+00 3.24850702e+00
  0.00000000e+00 1.63609862e+00 4.63500834e+00 1.07632768e+00
  1.39549470e+00 4.71801996e+00 7.98020840e+00 2.14199305e-01
  2.38620830e+00 4.58887398e-01 2.69885272e-01 0.00000000e+00
  4.50339222e+00 0.00000000e+00 0.00000000e+00 1.50437164e+00
  7.82067108e+00 7.60407746e-01 1.10813904e+00 0.00000000e+00
  1.74744201e+00 8.74522626e-01 1.26264000e+00 3.33369732e+00
  5.37335682e+00 2.40588903e+00 5.99249780e-01 9.35450673e-01
  7.20195389e+00 1.35859227e+00 2.55813980e+00 1.85965478e+00
  3.45940566e+00 0.00000000e+00 6.34393740e+00 3.15928757e-01
  3.05306530e+00 4.54363155e+00 1.45653415e+00 1.66233480e+00
  1.12715256e+00 9.55054665e+00 4.75453329e+00 0.00000000e+00
  9.66838896e-01 4.39875841e+00 2.54023027e+00 2.27876008e-01
  1.07035265e+01 5.97575235e+00 8.55341530e+00 1.25781620e+00
  1.08966386e+00 8.16284895e-01 5.71860969e-01 1.30513525e+00
  6.16157484e+00 7.09801137e-01 2.42527366e+00 3.66906309e+00
  2.88127160e+00 3.27224398e+00 1.12300930e+01 9.38787639e-01
  5.51543951e+00 9.18460369e+00 5.01425207e-01 2.43221569e+00
  3.82733893e+00 1.55971384e+01 5.72053862e+00 6.06368601e-01
  3.06654751e-01 2.67435312e+00 2.78778696e+00 5.94566405e-01
  5.02379847e+00 1.30928242e+00 1.00830905e-01 8.16992092e+00
  1.47201788e+00 1.71770558e-01 7.94188023e+00 3.47966385e+00
  1.42314506e+00 2.20061731e+00 3.67397857e+00 1.90700084e-01
  3.13700140e-01 0.00000000e+00 1.02407098e-01 9.29897010e-01
  5.17529726e+00 1.37007844e+00 1.80860019e+00 0.00000000e+00
  3.78930545e+00 4.16898918e+00 0.00000000e+00 3.45369875e-01
  1.48320291e-02 4.02049637e+00 1.46004784e+00 1.37503505e-01
  1.97995472e+00 6.71063900e+00 1.05143940e+00 2.57440352e+00
  7.13628197e+00 1.40845999e-01 1.74030900e+00 2.52599573e+00
  6.27396202e+00 1.01549447e+00 1.95756912e+01 0.00000000e+00
  1.69856817e-01 4.31414986e+00 0.00000000e+00 1.44111443e+00
  4.48157883e+00 8.69371414e+00 2.20243454e+00 1.04160750e+00
  4.34890318e+00 2.35968292e-01 8.98803994e-02 7.11789179e+00
  2.38822842e+00 1.57438827e+00 0.00000000e+00 2.97027779e+00
  3.56808877e+00 4.01830561e-02 4.48325729e+00 1.94816321e-01
  1.36999667e-01 2.24019504e+00 7.04716027e-01 4.58856225e-01
  3.52611113e+00 1.40180290e+00 0.00000000e+00 4.29764652e+00
  6.11536121e+00 2.39880458e-01 2.20026231e+00 1.40409005e+00
  5.99835515e-01 1.37049894e+01 3.10474277e-01 4.34585857e+00
  0.00000000e+00 8.43149376e+00 0.00000000e+00 6.79930353e+00
  8.99925530e-02 2.87227005e-01 6.38797760e+00 0.00000000e+00
  5.50467968e-01 3.39710712e+00 2.12274575e+00 8.59579206e-01
  2.21752718e-01 0.00000000e+00 7.21922016e+00 9.14559960e-01
  5.31166840e+00 4.00605232e-01 1.00810790e+00 7.13096762e+00
  1.77876174e+00 0.00000000e+00 5.92694759e+00 2.73920560e+00
  2.95600593e-01 4.44018608e-03 3.73513028e-02 1.78060338e-01
  9.61059153e-01 2.94231081e+00 9.75189984e-01 1.93536532e+00
  9.48928773e-01 0.00000000e+00 3.99726778e-01 4.73517752e+00
  3.60813513e-02 2.49724239e-01 2.23023593e-01 3.71240973e+00
  0.00000000e+00 2.91896582e-01 1.62635338e+00 4.99558657e-01
  1.23128166e+01 4.42405105e-01 2.84972221e-01 4.47496319e+00
  8.04134464e+00 8.86246490e+00 4.68233204e+00 1.92915201e+00
  3.73284888e+00 2.89969277e+00 8.43439865e+00 4.30739403e+00
  0.00000000e+00 4.16338384e-01 1.84298861e+00 7.42851794e-01
  3.42424607e+00 2.98460245e-01 7.27144599e-01 0.00000000e+00
  1.55999184e+00 2.81263262e-01 2.58384775e-02 4.39561367e+00
  4.45128381e-01 3.63399172e+00 2.55027699e+00 2.64589882e+00
  0.00000000e+00 3.85522306e-01 1.64111435e+00 8.02842379e-01
  0.00000000e+00 1.19340003e-01 4.11706018e+00 1.16653991e+00
  6.23132992e+00 2.60301447e+00 2.68921852e+00 2.86589026e+00
  2.02960300e+00 1.13595193e-02 5.23101616e+00 6.91874170e+00
  2.60761189e+00 7.34848356e+00 1.51141715e+00 2.51214290e+00
  2.42027212e-02 6.82895279e+00 5.00771813e-02 2.47551680e+00
  1.96464479e+00 2.00565052e+00 8.84975910e+00 4.49756908e+00
  3.03111458e+00 1.53644717e+00 3.15432572e+00 3.66297889e+00
  4.19967461e+00 6.45810544e-01 4.50009108e+00 0.00000000e+00]]