[[1.33177042e+00 4.86087370e+00 2.21750903e+00 0.00000000e+00
  0.00000000e+00 4.59956741e+00 4.50586796e+00 8.34957957e-01
  1.38543379e+00 2.90405798e+00 1.85157609e+00 1.37534618e+00
  1.74379897e+00 0.00000000e+00 2.08443448e-01 1.09966078e+01
  0.00000000e+00 6.04300737e-01 1.23431003e+00 5.58076763e+00
  2.93670092e-02 1.21055288e+01 2.93501556e-01 1.28603077e+00
  7.79942870e-01 1.69000089e+00 1.37451425e-01 3.30242491e+00
  2.84820180e-02 2.85374475e+00 0.00000000e+00 2.75564194e+00
  8.47704858e-02 5.31634855e+00 1.34699747e-01 5.63221909e-02
  0.00000000e+00 2.56603688e-01 6.86294699e+00 1.04028845e+00
  6.95072269e+00 2.11694360e+00 2.91897178e-01 5.13540268e+00
  1.54032215e-01 2.93475533e+00 3.50153542e+00 5.80546439e-01
  0.00000000e+00 0.00000000e+00 6.87585497e+00 8.31530035e-01
  1.40801281e-01 3.23731756e+00 1.89664209e+00 2.05172944e+00
  2.78262943e-02 5.31999350e+00 2.26638600e-01 0.00000000e+00
  8.08029234e-01 3.53745252e-01 4.84436798e+00 5.76755190e+00
  0.00000000e+00 3.32356513e-01 3.48413467e-01 3.43473941e-01
  0.00000000e+00 9.24689651e-01 7.23352814e+00 2.90162325e+00
  1.79349935e+00 8.49335015e-01 1.59622717e+00 1.35670558e-01
  4.21662092e-01 3.33890170e-01 3.68145928e-02 2.08166495e-01
  3.27035093e+00 8.00298095e-01 1.89802456e+00 0.00000000e+00
  1.37283111e+00 2.19449878e+00 2.72472429e+00 8.42262447e-01
  6.99198425e-01 0.00000000e+00 4.86238766e+00 2.79071212e-01
  3.40531617e-02 3.74731684e+00 0.00000000e+00 7.64372766e-01
  1.45019218e-01 5.48973370e+00 3.28727078e+00 3.83110547e+00
  2.40975618e+00 5.85333049e-01 3.46164751e+00 2.25644040e+00
  0.00000000e+00 8.86791945e-01 7.75501490e-01 2.67753434e+00
  5.02773142e+00 1.36437416e+00 8.73275995e-02 1.30752832e-01
  0.00000000e+00 2.29037464e-01 1.41860282e+00 6.04395390e-01
  3.96530175e+00 2.48892474e+00 1.44693947e+00 1.14340472e+00
  5.54980814e-01 2.78772593e+00 0.00000000e+00 1.07582378e+00
  8.59933197e-01 1.24851608e+00 0.00000000e+00 0.00000000e+00
  5.90110958e-01 1.25812206e+01 1.56532899e-01 5.35832405e-01
  2.22617459e+00 4.19561625e-01 0.00000000e+00 3.09567642e+00
  5.47221243e-01 1.91534176e-01 2.98471546e+00 6.34473705e+00
  5.92118621e-01 2.53586322e-01 1.02200888e-01 2.71665573e+00
  3.21995974e+00 1.89095044e+00 2.44899750e+00 1.41557232e-01
  4.56119049e-03 1.20313632e+00 1.20698142e+00 0.00000000e+00
  1.18141703e-01 3.03120255e-01 2.50922322e+00 1.49515414e+00
  2.53433561e+00 1.42635643e+00 1.59474015e+00 1.24501884e-01
  1.45187378e+00 2.54340500e-01 7.95099449e+00 2.17732802e-01
  1.53703318e+01 7.11563587e-01 0.00000000e+00 1.13251567e-01
  2.09590960e+00 1.49533129e+00 4.58083248e+00 2.00120711e+00
  4.50930834e+00 1.46426350e-01 2.81399190e-01 1.65445054e+00
  1.10076916e+00 2.05063343e+00 6.86063290e-01 1.08370333e+01
  5.90496683e+00 0.00000000e+00 2.03656864e+00 7.66113251e-02
  8.02708268e-02 4.90257788e+00 3.24856699e-01 1.01475132e+00
  6.49299049e+00 3.84671307e+00 2.24979472e+00 0.00000000e+00
  1.12394780e-01 1.12027884e+01 0.00000000e+00 1.86351633e+00
  0.00000000e+00 1.56098628e+00 0.00000000e+00 0.00000000e+00
  2.31755924e+00 4.16638047e-01 0.00000000e+00 2.05619931e-01
  2.58427072e+00 2.01600361e+00 3.95604549e-03 4.79504317e-02
  0.00000000e+00 3.58026657e+01 1.48236096e-01 4.63667965e+00
  4.30948555e-01 1.18601751e+00 1.98616147e-01 7.81934857e-01
  1.34512840e-03 0.00000000e+00 6.21563852e-01 2.55959892e+00
  4.19851112e+00 6.88474560e+00 3.50049257e+00 2.48222426e-01
  1.69603869e-01 3.34727138e-01 1.42240965e+00 1.87633622e+00
  0.00000000e+00 7.32062280e-01 1.11762428e+00 3.69159549e-01
  9.58716154e-01 4.40310860e+00 3.67292476e+00 7.41351843e-02
  4.78394747e+00 6.32092834e-01 6.16966009e-01 1.58235085e+00
  0.00000000e+00 4.96889830e-01 2.32441783e+00 5.33609486e+00
  1.54626715e+00 5.11750650e+00 6.53865767e+00 2.58721322e-01
  1.14062405e+00 4.80352449e+00 2.71093160e-01 1.59761643e+00
  0.00000000e+00 6.49188936e-01 1.82053018e+00 5.34799546e-02
  1.76088393e+00 6.78772748e-01 4.96097660e+00 7.00920880e-01
  5.65777600e-01 0.00000000e+00 0.00000000e+00 0.00000000e+00
  5.30771208e+00 1.61280900e-01 2.34661341e+00 3.02379775e+00
  3.49494290e+00 1.21242933e-01 3.25893998e-01 5.99297658e-02
  4.10599619e-01 1.29370034e+00 0.00000000e+00 2.22736049e+00
  1.36497593e+01 0.00000000e+00 4.93822366e-01 4.67363089e-01
  2.21771884e+00 0.00000000e+00 1.83415616e+00 2.56615072e-01
  1.72606301e+00 2.99231321e-01 1.62541246e+00 7.69553259e-02
  8.42454433e-01 1.88849580e+00 0.00000000e+00 9.04946804e-01
  8.70045871e-02 3.62776923e+00 3.03436249e-01 2.48958141e-01
  1.73253536e+00 1.65807021e+00 0.00000000e+00 0.00000000e+00
  4.33130598e+00 9.07253623e-02 1.34872150e+00 0.00000000e+00
  1.35807323e+00 4.21264231e-01 1.37589216e+00 1.39439189e+00
  5.54641902e-01 0.00000000e+00 2.24520311e-01 2.26987943e-01
  6.75690949e-01 0.00000000e+00 5.39587164e+00 3.46445274e+00
  5.43180704e+00 7.24495220e+00 4.72957134e-01 0.00000000e+00
  9.49885607e-01 5.68947172e+00 1.26758784e-01 1.33385837e-01
  5.42020023e-01 1.90140951e+00 1.35571909e+00 1.11699320e-01
  6.15370512e-01 8.13036114e-02 1.71713084e-01 5.14278126e+00
  1.22668338e+00 1.03709722e+00 6.76667833e+00 1.79292059e+00
  2.40224218e+00 0.00000000e+00 5.34987509e-01 3.22807044e-01
  0.00000000e+00 3.55913615e+00 5.45433342e-01 1.46918225e+00
  2.27999854e+00 4.67792463e+00 6.03950024e+00 0.00000000e+00
  0.00000000e+00 4.01855087e+00 0.00000000e+00 0.00000000e+00
  0.00000000e+00 0.00000000e+00 1.86014879e+00 1.20183304e-01
  0.00000000e+00 4.09390926e+00 2.56046891e-01 1.38628662e-01
  9.72976398e+00 9.44938585e-02 4.18307352e+00 1.29362094e+00
  4.62981701e+00 2.91309386e-01 1.39559355e+01 2.17728227e-01
  0.00000000e+00 9.81107429e-02 9.15175974e-01 1.79551303e+00
  1.61333632e+00 3.17594498e-01 4.08747816e+00 1.37243539e-01
  4.35830307e+00 1.15886021e+00 0.00000000e+00 2.01494837e+00
  4.08174902e-01 2.69110203e-01 1.32530653e+00 1.04462898e+00
  0.00000000e+00 1.09085113e-01 5.64879537e-01 1.58007598e+00
  7.56484270e-01 9.45866227e-01 1.22629488e+00 4.80030203e+00
  1.15246169e-01 6.54391432e+00 6.18267775e-01 5.88721085e+00
  4.39303637e-01 5.58852494e-01 1.18972123e+00 2.52953196e+00
  1.43159270e+00 1.44862022e+01 2.10875320e+00 1.17496548e+01
  3.92779931e-02 1.99896336e+00 0.00000000e+00 3.51977915e-01
  5.98640405e-02 1.72111189e+00 6.22620201e+00 2.50600958e+00
  0.00000000e+00 3.29281545e+00 7.51108527e-01 1.97798222e-01
  3.94555569e-01 1.27863780e-01 4.47793752e-02 1.92035890e+00
  1.19460928e+00 7.04517841e-01 3.30972135e-01 8.40089321e-01
  1.45878243e+00 1.03877616e+00 5.27084160e+00 2.74010587e+00
  1.96443170e-01 9.13731694e-01 2.91902804e+00 4.64073271e-01
  2.06066206e-01 5.06021786e+00 2.45050073e+00 7.20328617e+00
  1.37337789e-01 4.38338459e-01 3.88689548e-01 4.76879168e+00
  0.00000000e+00 0.00000000e+00 3.27454627e-01 3.70321274e+00
  4.02647376e-01 2.67110229e-01 9.76690769e-01 1.71480012e+00
  1.45394489e-01 2.92849950e-02 2.52623409e-02 2.36220503e+00
  2.16603017e+00 3.66995883e+00 1.36751795e+00 4.45319891e-01
  7.07508773e-02 7.49205351e-01 1.82441247e+00 2.69515777e+00
  0.00000000e+00 0.00000000e+00 5.99854350e-01 1.19290066e+00
  0.00000000e+00 3.64341475e-02 1.24571753e+00 1.83449697e+00
  0.00000000e+00 5.25352299e-01 2.60251593e-02 1.83386747e-02
  1.38087010e+00 3.83044267e+00 6.04432747e-02 5.57269454e-01
  5.15802085e-01 2.51546311e+00 1.68473315e+00 0.00000000e+00
  0.00000000e+00 0.00000000e+00 2.44994235e+00 1.32813901e-01
  0.00000000e+00 4.49871600e-01 4.27769804e+00 1.21352875e+00
  5.20654321e-02 2.49422836e+00 1.37009525e+00 0.00000000e+00
  1.55616906e-02 6.10516429e-01 1.98616102e-01 3.46853733e+00
  2.13937330e+00 4.45921564e+00 0.00000000e+00 3.80067468e+00
  2.39732265e+00 2.06382680e+00 1.14623809e+00 4.74055862e+00
  5.52353907e+00 5.14791071e-01 4.56545258e+00 6.36676729e-01
  5.46575114e-02 1.89368069e-01 4.78566140e-01 0.00000000e+00]]