[[0.00000000e+00 1.85700190e+00 0.00000000e+00 3.94573003e-01
  5.73796988e-01 4.01028216e-01 5.31811142e+00 1.46505997e-01
  2.65987039e+00 1.04722893e+00 2.03929752e-01 2.87815452e+00
  8.94506812e-01 1.36916113e+00 0.00000000e+00 1.25737154e+00
  2.21668673e+00 1.10774481e+00 3.20201367e-01 4.14465189e+00
  0.00000000e+00 1.16624050e+01 1.53014076e+00 2.54888391e+00
  4.10167575e-01 4.02590179e+00 1.12485087e+00 4.37491989e+00
  1.28040776e-01 6.07321739e+00 1.05298650e+00 1.96320450e+00
  0.00000000e+00 5.56560326e+00 3.06578368e-01 0.00000000e+00
  0.00000000e+00 0.00000000e+00 4.52940941e+00 1.36937335e-01
  2.05197449e+01 5.41992970e-02 6.15639961e-04 5.07907963e+00
  2.02122736e+00 2.50879616e-01 1.93091166e+00 2.30620599e+00
  5.44463110e+00 7.64852703e-01 0.00000000e+00 3.23680997e+00
  0.00000000e+00 1.23157811e+00 4.15717930e-01 7.32553482e+00
  1.32267749e+00 4.49764729e+00 4.00358915e+00 4.52260345e-01
  9.53843021e+00 0.00000000e+00 1.11911821e+00 1.08629370e+00
  1.18143409e-01 8.12632978e-01 4.09845769e-01 2.03870678e+00
  4.66313034e-01 2.89498305e+00 3.25684190e+00 6.30119038e+00
  5.36828279e-01 2.15428591e+00 3.78093791e+00 2.44576979e+00
  5.87138161e-02 0.00000000e+00 0.00000000e+00 1.25998810e-01
  2.23424363e+00 1.86098230e+00 2.12814355e+00 9.37348843e-01
  7.76910162e+00 2.43849087e+00 0.00000000e+00 3.22257662e+00
  4.84927940e+00 4.82520312e-01 3.08027935e+00 9.26078618e-01
  0.00000000e+00 6.16976452e+00 1.20377960e+01 1.25607383e+00
  2.47624397e+00 1.72669661e+00 6.12838268e+00 4.79092646e+00
  0.00000000e+00 5.30847967e-01 3.34109116e+00 8.54076207e-01
  2.30508852e+00 1.09853260e-01 1.61561298e+00 1.77002347e+00
  2.73254514e-01 6.91434145e+00 5.76180267e+00 1.05427182e+00
  9.26441252e-01 6.16433239e+00 1.78790343e+00 2.92220980e-01
  4.67784452e+00 2.09534407e+00 3.82807732e+00 3.81592035e-01
  1.96274161e-01 1.95332325e+00 9.04239416e-01 4.43957996e+00
  9.10028890e-02 1.38492477e+00 1.16985631e+00 0.00000000e+00
  2.05874825e+00 9.62330627e+00 1.30211091e+00 0.00000000e+00
  9.85179806e+00 3.78378153e-01 1.56721175e+00 4.56512481e-01
  3.37670612e+00 8.60478759e-01 3.33284646e-01 6.85492182e+00
  7.93007016e-02 3.53187621e-02 0.00000000e+00 5.53917027e+00
  2.08787704e+00 9.82298493e-01 3.29162955e-01 0.00000000e+00
  0.00000000e+00 1.57048750e+00 0.00000000e+00 1.21616828e+00
  1.32992649e+00 0.00000000e+00 4.62468147e+00 1.04877520e+00
  6.90640926e+00 1.68886110e-01 1.09294903e+00 6.69401407e+00
  1.47318780e+00 2.91997433e-01 6.83987999e+00 1.54490292e-01
  7.51666069e-01 1.65234315e+00 0.00000000e+00 1.16163087e+00
  6.52999759e-01 3.04611415e-01 7.93953276e+00 4.13894796e+00
  9.90976143e+00 4.29279423e+00 5.02949059e-01 2.56346345e+00
  1.20784354e+00 2.62817871e-02 8.29471588e+00 7.17544699e+00
  1.62878013e+00 0.00000000e+00 5.12968111e+00 5.72121680e-01
  1.37379444e+00 1.39551461e+00 3.73792505e+00 1.16332911e-01
  8.08468580e-01 3.64214063e-01 2.48919845e+00 0.00000000e+00
  0.00000000e+00 1.70045147e+01 2.37710714e-01 2.83046269e+00
  0.00000000e+00 2.02867651e+00 0.00000000e+00 5.52523315e-01
  3.25560498e+00 1.50611997e+00 0.00000000e+00 3.05341506e+00
  4.44228220e+00 5.53981960e-01 5.51892853e+00 2.99830627e+00
  2.63694286e-01 7.51537848e+00 2.32057977e+00 2.55229622e-01
  0.00000000e+00 2.07090473e+00 0.00000000e+00 8.48358333e-01
  5.99582720e+00 8.85803625e-02 7.94555426e-01 2.90548325e+00
  5.80946624e-01 7.89624691e+00 2.51315117e+00 9.95805264e-01
  2.28796214e-01 4.30630326e-01 2.48357129e+00 1.96824646e+00
  2.15326741e-01 6.90085602e+00 1.76351404e+00 5.72174406e+00
  1.67232800e+00 8.69180739e-01 1.95880756e-01 1.45388782e+00
  9.41238582e-01 4.30911016e+00 1.21606374e+00 1.04101515e+00
  1.36702013e+00 9.67221931e-02 2.20688438e+00 6.11799669e+00
  0.00000000e+00 3.69365263e+00 7.67315912e+00 1.08546412e+00
  1.64726830e+00 6.95272064e+00 1.77914873e-01 3.83649063e+00
  1.03777230e+00 3.16401339e+00 7.81238604e+00 5.64640582e-01
  6.12451255e-01 2.68667674e+00 3.26447845e+00 1.13937294e+00
  2.70966351e-01 5.10555208e-02 0.00000000e+00 3.33581424e+00
  1.39687800e+00 0.00000000e+00 3.49911414e-02 4.83554173e+00
  1.27483635e+01 6.36191726e-01 4.88026291e-01 1.93259045e-01
  6.42491698e-01 3.23952127e+00 3.64070225e+00 2.78183055e+00
  2.90631437e+00 3.51758242e+00 1.08721733e-01 9.44197550e-02
  5.59257555e+00 1.02159958e+01 7.22165871e+00 3.41862583e+00
  1.18164921e+00 0.00000000e+00 6.04340553e+00 5.74791372e-01
  3.96410608e+00 3.00031692e-01 1.08717358e+00 5.38428187e-01
  8.99698615e-01 1.67749012e+00 7.54658163e-01 3.87565851e+00
  1.97719812e+00 1.90528214e-01 5.19496441e-01 0.00000000e+00
  1.70713711e+00 0.00000000e+00 3.94018316e+00 8.61045495e-02
  0.00000000e+00 3.11695385e+00 6.41014054e-02 6.77421272e-01
  1.03239067e-01 1.71905130e-01 6.76203251e-01 2.74894029e-01
  7.92922229e-02 0.00000000e+00 3.48404080e-01 6.88206911e-01
  4.31849527e+00 5.06802368e+00 0.00000000e+00 2.83259368e+00
  3.54614228e-01 0.00000000e+00 1.09323449e-01 2.70118904e+00
  1.71573925e+00 2.78211164e+00 4.61546183e+00 2.50689477e-01
  2.00594105e-02 2.97565389e+00 0.00000000e+00 3.16720271e+00
  1.32982838e+00 1.48682034e+00 6.85397530e+00 2.26593041e+00
  2.16193247e+00 2.56004035e-01 1.51479588e+01 7.53286004e-01
  0.00000000e+00 0.00000000e+00 0.00000000e+00 1.59760296e+00
  7.02078998e-01 2.74919128e+00 3.01158619e+00 0.00000000e+00
  5.19350581e-02 1.60405493e+00 0.00000000e+00 2.50127643e-01
  5.55450380e-01 1.29673171e+00 6.64767444e-01 5.84121764e-01
  2.00893664e+00 5.50166702e+00 1.01623249e+00 2.10062861e+00
  3.47038865e+00 1.48093522e+00 6.15931416e+00 4.51782274e+00
  1.09665575e+01 5.25574327e-01 8.67914677e+00 2.54936125e-02
  2.32631132e-01 3.42499352e+00 4.42135334e-01 8.56469393e-01
  1.12275863e+00 1.32354522e+00 6.83689594e-01 1.62332654e+00
  2.81735873e+00 2.71517372e+00 2.36075297e-01 4.17111778e+00
  8.43361759e+00 5.09553075e-01 5.30977726e+00 1.42614692e-01
  7.21913397e-01 1.74973619e+00 2.23935142e-01 8.58894885e-01
  2.26696223e-01 6.10764837e+00 1.28354087e-01 2.72209501e+00
  3.91792011e+00 9.47192669e-01 6.96703482e+00 2.19429404e-01
  3.31332374e+00 6.45665073e+00 9.43811238e-01 7.97335029e-01
  8.02881837e-01 7.73048449e+00 4.56004190e+00 4.87148428e+00
  0.00000000e+00 1.06062021e+01 3.20640755e+00 8.81470501e-01
  0.00000000e+00 4.17214966e+00 3.94234443e+00 5.63666821e-01
  0.00000000e+00 1.95410633e+00 1.13496256e+00 3.34562349e+00
  2.16693187e+00 4.25476646e+00 0.00000000e+00 2.34535408e+00
  2.20012199e-02 1.66446239e-01 2.33478379e+00 5.85700941e+00
  0.00000000e+00 0.00000000e+00 5.16496241e-01 3.81016046e-01
  1.24670696e+00 2.42417407e+00 6.22838497e+00 6.46112680e+00
  1.42866716e-01 2.39023611e-01 1.60408393e-01 3.19006252e+00
  9.46451500e-02 2.28266537e-01 6.98983097e+00 4.42042255e+00
  5.18868685e+00 7.10264862e-01 5.62939793e-02 1.46042776e+01
  0.00000000e+00 1.62901103e+00 1.36731517e+00 1.04384971e+00
  2.71442264e-01 5.55103123e-01 2.84909177e+00 5.67786455e+00
  1.58209932e+00 3.05668616e+00 2.73627371e-01 2.54653305e-01
  2.43879461e+00 2.24315476e+00 2.80614996e+00 1.78656375e+00
  1.74852312e+00 0.00000000e+00 2.88686126e-01 2.20645830e-01
  0.00000000e+00 4.18773562e-01 6.79892480e-01 2.44486976e+00
  1.31899059e+00 4.57581967e-01 1.99163043e+00 1.53750822e-01
  7.54324675e-01 4.24601793e+00 1.14707065e+00 1.47644237e-01
  0.00000000e+00 1.34767365e+00 3.08091402e+00 0.00000000e+00
  3.81842208e+00 0.00000000e+00 4.90601683e+00 2.31033444e+00
  0.00000000e+00 0.00000000e+00 4.27758551e+00 1.59330535e+00
  1.13827193e+00 6.37147045e+00 4.59114313e-01 1.74615197e-02
  8.79902065e-01 1.20312147e-01 8.42933273e+00 2.22827196e+00
  1.04504478e+00 7.55381298e+00 1.79121876e+00 8.28496277e-01
  4.07654667e+00 1.73642564e+00 2.76178241e-01 3.20394778e+00
  3.38641477e+00 1.43102095e-01 3.49545097e+00 0.00000000e+00
  2.09565729e-01 8.25074077e-01 2.54157686e+00 4.39075083e-01]]