[[7.50890076e-01 1.35244703e+00 1.10798761e-01 1.79256320e-01
  7.54849315e-01 1.65115547e+01 1.03596344e+01 5.40124893e-01
  4.67738533e+00 1.73520356e-01 7.45398760e-01 1.97220457e+00
  1.55275643e+00 4.87327623e+00 0.00000000e+00 2.77042389e-01
  4.39023066e+00 2.96966821e-01 4.63937491e-01 4.19699717e+00
  1.57629550e+00 1.21441615e+00 1.70755780e+00 2.69061351e+00
  1.24814010e+00 1.80594444e+00 7.70342350e-01 5.62376976e+00
  7.03486586e+00 0.00000000e+00 3.05539989e+00 2.91367561e-01
  5.53090096e-01 1.16247499e+00 6.13183022e+00 9.27978903e-02
  2.74240923e+00 6.76206648e-01 4.33507633e+00 3.67155051e+00
  0.00000000e+00 4.09454155e+00 1.79074693e+00 2.54867077e+00
  5.25866449e-01 0.00000000e+00 3.27508926e+00 4.07391787e+00
  1.88921750e+00 1.16400826e+00 0.00000000e+00 3.78626513e+00
  1.91224766e+00 2.54075599e+00 2.12814617e+00 6.18127441e+00
  1.28645265e+00 6.62174654e+00 1.97624874e+00 6.16308451e+00
  1.53238475e-01 6.62469447e-01 7.59644556e+00 4.13343430e+00
  2.11668968e+00 3.98787951e+00 3.43750739e+00 9.94276941e-01
  5.63810158e+00 3.82371712e+00 1.28815746e+00 2.36840749e+00
  2.58437335e-01 5.19957256e+00 4.84055020e-02 9.03676093e-01
  2.07050875e-01 9.87005830e-01 2.10476780e+00 6.65944338e-01
  0.00000000e+00 2.11921215e+00 6.28055811e+00 3.56893748e-01
  7.29804134e+00 3.15650535e+00 2.47606725e-01 8.02024126e-01
  9.73159790e+00 1.59527689e-01 3.45806575e+00 6.88471138e-01
  4.10763383e-01 7.72615528e+00 1.70444047e+00 0.00000000e+00
  4.17268181e+00 1.74371839e+00 3.30372334e+00 3.01641464e+00
  9.32949841e-01 1.23562968e+00 7.49719262e-01 1.09501505e+00
  1.05396633e+01 2.62589335e+00 0.00000000e+00 2.45512652e+00
  4.92320919e+00 1.11586976e+00 1.74418676e+00 4.78807878e+00
  8.98284197e-01 4.93845272e+00 1.78334728e-01 1.25262129e+00
  1.07155275e+01 5.77397823e-01 7.70316839e-01 1.97785580e+00
  2.09397984e+00 3.47134441e-01 1.12002850e+00 3.50505996e+00
  0.00000000e+00 2.43673182e+00 1.35107183e+00 0.00000000e+00
  3.91967797e+00 7.91442490e+00 4.86060524e+00 1.50656068e+00
  2.51900291e+00 1.93544912e+00 2.64772153e+00 4.11853790e+00
  1.12469363e+00 2.49143958e+00 1.51192081e+00 2.76612163e+00
  1.33562112e+00 2.51577282e+00 2.48203635e+00 7.15014338e-01
  4.14346266e+00 5.66091061e-01 5.97798061e+00 2.04939529e-01
  8.49020839e-01 1.78764284e+00 2.87099314e+00 7.96062660e+00
  2.12424707e+00 2.64028192e+00 9.83644128e-01 5.49081612e+00
  2.67058086e+00 3.30176353e+00 7.03050315e-01 1.92459953e+00
  2.22239401e-02 2.50258160e+00 5.64569521e+00 3.16027260e+00
  2.90392971e+00 4.24757361e-01 2.64368653e-01 4.28518724e+00
  2.02912474e+00 5.53679562e+00 5.59485245e+00 7.09786236e-01
  1.17156935e+00 1.83918238e+00 1.44216681e+00 3.00861835e-01
  3.12909055e+00 2.78537822e+00 3.66527510e+00 7.16846991e+00
  7.84607601e+00 1.03475824e-01 3.62242627e+00 1.55640645e-02
  5.30726433e-01 2.05914235e+00 8.67126369e+00 0.00000000e+00
  1.25795531e+00 1.60123289e+00 4.02344084e+00 0.00000000e+00
  1.63278461e-01 2.53084135e+00 0.00000000e+00 1.32478590e+01
  5.59492588e-01 2.45420122e+00 7.30592668e-01 2.02865219e+00
  1.74984288e+00 1.50605369e+00 6.73840284e+00 2.63055682e-01
  1.66259136e+01 3.19541717e+00 4.03252810e-01 3.95102429e+00
  4.26575184e+00 1.87992716e+00 5.30046523e-01 1.93797457e+00
  8.43620300e-02 1.58916795e+00 1.60446322e+00 1.25053072e+00
  5.93091369e-01 8.84846449e-02 2.38085762e-01 1.68033719e+00
  5.45993865e-01 1.99739087e+00 1.26247442e+00 9.29086018e+00
  1.33068725e-01 3.78635883e+00 5.07070757e-02 3.66874456e+00
  5.10188866e+00 2.67563963e+00 5.62389517e+00 1.94157124e+00
  1.86256754e+00 1.03795946e+00 1.19289970e+00 7.76210690e+00
  2.17851520e+00 5.73502445e+00 6.32840204e+00 7.19502747e-01
  5.69754028e+00 1.42270100e+00 3.73034334e+00 3.47324920e+00
  1.31873608e+00 1.93680334e+00 5.38882065e+00 2.32974982e+00
  0.00000000e+00 5.41828060e+00 2.34443140e+00 2.20679474e+00
  5.78613341e-01 2.27650657e-01 2.56526172e-01 0.00000000e+00
  2.25005174e+00 2.37014508e+00 2.89484787e+00 1.31100667e+00
  5.09689617e+00 7.94178843e-01 1.29840422e+00 2.56007504e+00
  6.30673695e+00 2.03751421e+00 1.69287479e+00 1.41395628e+00
  8.53816795e+00 2.83718407e-01 4.12095642e+00 2.37081838e+00
  2.12330389e+00 2.82501698e+00 2.47706437e+00 2.81421709e+00
  5.07502842e+00 4.59311390e+00 4.20967340e+00 3.06677848e-01
  1.64653111e+00 8.72892976e-01 1.33857310e+00 0.00000000e+00
  1.94833171e+00 6.12229943e-01 4.99135971e+00 4.53135297e-02
  7.20370007e+00 4.19602990e-01 1.76952684e+00 7.78170824e+00
  4.39787865e+00 7.60975301e-01 1.07454443e+00 1.20594740e+01
  4.07942116e-01 6.17624521e-01 1.24364786e+01 5.87459579e-02
  1.46520543e+00 2.09298611e+00 7.29039049e+00 6.32279873e-01
  3.52445102e+00 1.51742864e+00 3.71890068e+00 6.71824872e-01
  6.16615438e+00 0.00000000e+00 1.03677416e+00 6.33767098e-02
  9.22842622e-01 1.29709792e+00 1.58793378e+00 2.69935632e+00
  1.45596771e+01 6.63817692e+00 3.42311811e+00 2.32040429e+00
  3.19791079e+00 2.16507006e+00 2.35814929e-01 2.93990564e+00
  1.33045244e+00 6.26235008e+00 8.76020527e+00 1.79797328e+00
  1.87664852e-01 5.23918629e-01 1.72247100e+00 1.58527386e+00
  3.07383490e+00 5.49821186e+00 7.31734753e+00 1.66595244e+00
  5.29387569e+00 1.98107052e+00 2.39821136e-01 2.47468376e+00
  5.70727491e+00 2.10239244e+00 1.06807005e+00 3.28416538e+00
  3.86034280e-01 4.74062252e+00 5.99278927e-01 7.22088069e-02
  1.08397329e+00 3.45845032e+00 0.00000000e+00 1.98113769e-01
  9.93608892e-01 3.94090056e+00 5.99497914e-01 1.13410878e+00
  2.25956345e+00 7.72116327e+00 9.74299967e-01 1.54331410e+00
  2.86895990e+00 5.33014679e+00 4.98051405e+00 7.23406506e+00
  1.70287275e+00 3.16688538e+00 1.83545647e+01 3.16542029e+00
  5.24329245e-01 8.13978165e-02 6.17257178e-01 1.87394595e+00
  8.60165787e+00 5.13665140e-01 6.92785645e+00 1.62486708e+00
  7.55685151e-01 3.54965180e-01 1.78626132e+00 6.78398514e+00
  5.40637684e+00 5.39748526e+00 6.93958998e-02 1.40162063e+00
  4.77922559e-01 6.61783397e-01 7.60493159e-01 3.03542286e-01
  5.45757294e-01 2.49918032e+00 7.28678584e-01 3.31430697e+00
  1.46295416e+00 6.05660200e-01 9.11432171e+00 2.60322541e-02
  6.00720835e+00 1.03258812e+00 4.65281296e+00 1.25304103e+00
  3.79392219e+00 6.05552387e+00 4.67930937e+00 2.98499846e+00
  6.39058709e-01 1.24392986e+00 0.00000000e+00 1.26178324e+00
  7.36833477e+00 3.63409710e+00 2.31428838e+00 1.62718326e-01
  2.40302738e-02 1.44950783e+00 5.41302061e+00 8.37403774e-01
  1.63696945e+00 1.66450262e+00 2.32660696e-01 4.92315024e-01
  6.20157301e-01 4.50601382e-03 1.02997148e+00 3.42702031e+00
  1.90573204e+00 2.89367294e+00 1.13884630e+01 7.21678734e+00
  5.38044989e-01 3.73801231e+00 7.98003197e+00 2.55581141e-01
  4.13829374e+00 1.46560860e+00 5.63363791e+00 7.07620573e+00
  4.61070925e-01 3.53376126e+00 7.98915088e-01 1.16616178e+00
  0.00000000e+00 8.10856581e-01 2.60616958e-01 2.33259940e+00
  1.83148658e+00 1.21753013e+00 9.48174715e-01 9.92841661e-01
  1.34381458e-01 9.63210166e-02 2.40170860e+00 5.49651670e+00
  1.14575720e+00 2.32997322e+00 6.28829479e+00 1.36238366e-01
  1.39157188e+00 5.54136372e+00 0.00000000e+00 1.90904486e+00
  6.97709322e-01 9.97889459e-01 1.99801028e+00 4.89404976e-01
  0.00000000e+00 4.59138632e+00 3.86299640e-01 8.24323714e-01
  3.33505774e+00 1.76919353e+00 2.60499549e+00 3.72573233e+00
  2.37824306e-01 1.85961604e+00 5.06573534e+00 3.05644202e+00
  3.04741472e-01 3.54016060e-03 2.95229149e+00 5.76851256e-02
  6.35733700e+00 8.52129012e-02 3.52131009e+00 1.04193535e+01
  1.48955953e+00 9.33837652e-01 3.07084227e+00 2.84253526e+00
  1.03479922e+00 6.66028619e-01 4.48185682e+00 3.67758751e+00
  4.95448637e+00 5.99879313e+00 4.01886368e+00 2.39411139e+00
  1.26106811e+00 1.36576891e+00 5.03077984e-01 0.00000000e+00
  5.12789297e+00 1.57278895e-01 4.27116776e+00 5.20957279e+00
  4.63117504e+00 1.39409935e+00 3.42588806e+00 2.89002156e+00
  7.99275786e-02 0.00000000e+00 1.99331558e+00 1.79228461e+00]]