[[4.76083231e+00 3.21329308e+00 4.86655265e-01 0.00000000e+00
  1.38226137e-01 6.93492055e-01 1.51526535e+00 0.00000000e+00
  7.14341223e-01 2.91451782e-01 2.35664740e-01 3.39107537e+00
  1.36540186e+00 0.00000000e+00 0.00000000e+00 1.43917048e+00
  3.73480648e-01 2.16616377e-01 4.10656184e-01 3.12998152e+00
  1.63788691e-01 1.09267817e+01 3.26004219e+00 2.73255849e+00
  7.36710206e-02 6.18524313e+00 1.60134721e+00 0.00000000e+00
  6.17123842e-01 0.00000000e+00 4.94702831e-02 3.71276611e-03
  2.59855127e+00 1.25339317e+00 3.59907240e-01 1.97618425e+00
  1.29345715e+00 0.00000000e+00 2.18297362e+00 2.43961072e+00
  3.22424126e+00 2.19360232e+00 1.77925205e+00 6.31262243e-01
  4.09609348e-01 0.00000000e+00 2.80348945e+00 2.31704473e+00
  2.87618923e+00 0.00000000e+00 5.07668400e+00 3.03485245e-01
  2.77766764e-01 2.16336116e-01 6.25107574e+00 3.06967169e-01
  2.13640809e+00 3.31419373e+00 4.21818399e+00 0.00000000e+00
  4.84591983e-02 1.65491772e+00 5.88397884e+00 5.58425093e+00
  1.23479821e-01 2.74262834e+00 7.85713017e-01 4.23251009e+00
  7.28206694e-01 3.48458588e-01 1.89957123e+01 4.43656780e-02
  0.00000000e+00 1.64191222e+00 4.33239609e-01 0.00000000e+00
  0.00000000e+00 0.00000000e+00 2.72743329e-02 2.29242906e-01
  2.14340866e-01 3.46734494e-01 3.18275547e+00 0.00000000e+00
  0.00000000e+00 3.12023115e+00 4.09923166e-01 5.00759172e+00
  5.63532162e+00 0.00000000e+00 3.13341045e+00 0.00000000e+00
  0.00000000e+00 1.15857035e-01 1.88196862e+00 3.43755305e-01
  4.17194515e-01 2.24587536e+00 1.86072290e-01 3.09674501e+00
  0.00000000e+00 1.03786159e+00 3.70506930e+00 3.35728574e+00
  0.00000000e+00 3.12689829e+00 5.19037962e-01 4.84215647e-01
  1.88412860e-01 1.18235326e+00 1.81578028e+00 3.84614134e+00
  3.62835556e-01 3.72979712e+00 1.51192978e-01 0.00000000e+00
  1.78452897e+00 5.53879738e-01 2.14273310e+00 2.30275202e+00
  3.08434572e-02 3.86025086e-02 0.00000000e+00 3.23975015e+00
  3.85914731e+00 1.40980577e+00 0.00000000e+00 0.00000000e+00
  0.00000000e+00 1.37223749e+01 1.75682053e-01 0.00000000e+00
  7.23752308e+00 7.99494624e-01 0.00000000e+00 5.23081589e+00
  2.77313828e-01 3.76511782e-01 4.98023605e+00 0.00000000e+00
  5.97938061e-01 0.00000000e+00 1.66036236e+00 1.99053955e+00
  5.79676986e-01 0.00000000e+00 2.05117717e-01 0.00000000e+00
  0.00000000e+00 3.89440805e-01 9.39981747e+00 1.23991346e+00
  1.20283246e+00 1.80944517e-01 2.19156280e-01 1.46961880e+00
  2.10819769e+00 1.46900907e-01 1.94876778e+00 9.92045403e-01
  0.00000000e+00 0.00000000e+00 2.48556525e-01 0.00000000e+00
  7.11922741e+00 1.50418711e+00 4.46397513e-01 1.20112514e+00
  4.66620147e-01 4.32457387e-01 5.50000489e-01 0.00000000e+00
  4.51264381e+00 2.07535648e+01 3.89314461e+00 1.80461681e+00
  7.38283172e-02 1.40256628e-01 9.45427608e+00 6.86314940e-01
  9.10341084e-01 0.00000000e+00 4.25303984e+00 1.18683845e-01
  0.00000000e+00 6.93677783e-01 3.75940752e+00 4.15408224e-01
  3.68920660e+00 2.29205251e-01 5.30289316e+00 1.50385332e+00
  1.01021290e+00 4.22171068e+00 1.09359734e-02 2.22179011e-01
  8.37971568e-02 5.75630474e+00 6.25623882e-01 3.84218216e+00
  2.43030787e+00 2.14591742e-01 0.00000000e+00 1.62222660e+00
  2.44150591e+00 1.65432370e+00 2.35869229e-01 4.49657649e-01
  1.05651379e+00 1.65688057e+01 2.32894158e+00 6.25036836e-01
  1.96257785e-01 3.70950651e+00 0.00000000e+00 2.67662816e-02
  6.22916818e-02 3.33734542e-01 2.28158331e+00 4.32922661e-01
  3.46323729e-01 1.15272331e+00 7.83247054e-01 1.46247339e+00
  3.92794371e-01 4.09295750e+00 4.51737605e-02 2.07052231e+00
  0.00000000e+00 6.09287441e-01 2.80520320e+00 1.40415406e+00
  5.04342413e+00 1.80182910e+00 2.67031312e-01 3.56410503e-01
  0.00000000e+00 3.90757537e+00 4.84115124e+00 2.63960791e+00
  0.00000000e+00 2.92175412e+00 2.85262346e+00 5.02851629e+00
  3.80688578e-01 1.62501984e+01 8.05756569e+00 8.59675586e-01
  2.44968152e+00 2.51178479e+00 6.03547382e+00 1.97211862e+00
  4.32493973e+00 7.56924868e+00 2.99989295e+00 0.00000000e+00
  4.76169944e-01 7.97747183e+00 3.30449605e+00 1.74683475e+00
  3.57016861e-01 0.00000000e+00 0.00000000e+00 1.24513316e+00
  1.01588154e+00 0.00000000e+00 2.80188322e-01 4.74856710e+00
  2.57683682e+00 1.02246821e+00 2.59518933e+00 0.00000000e+00
  1.07384586e+00 3.15127039e+00 2.95258307e+00 9.23545659e-01
  1.42257440e+00 1.15666538e-02 0.00000000e+00 1.07280888e-01
  8.72264671e+00 6.46029902e+00 1.73535671e+01 0.00000000e+00
  3.89488816e+00 0.00000000e+00 3.74724913e+00 2.45752978e+00
  9.42476213e-01 3.45473433e+00 2.08029613e-01 5.91432154e-01
  2.14042854e+00 4.99625158e+00 2.94337440e+00 3.85521024e-01
  4.16013002e+00 2.83647370e+00 8.07461381e-01 0.00000000e+00
  2.38547897e+00 0.00000000e+00 1.94727647e+00 1.01044905e+00
  0.00000000e+00 6.10713720e+00 4.36321068e+00 1.29882908e+00
  1.77952752e-01 1.47783488e-01 1.16361201e+00 1.20254315e-01
  1.18218446e+00 0.00000000e+00 3.41032338e+00 2.19340205e-01
  3.01607847e+00 4.41209412e+00 0.00000000e+00 6.38965964e-02
  0.00000000e+00 8.37566078e-01 6.79464531e+00 2.27656388e+00
  0.00000000e+00 0.00000000e+00 1.39333355e+00 0.00000000e+00
  0.00000000e+00 3.09406817e-01 9.89227235e-01 1.65253949e+00
  6.41692877e-01 0.00000000e+00 1.02050161e+01 2.31514022e-01
  4.13999707e-01 7.86180019e+00 3.31696081e+00 5.10179281e+00
  0.00000000e+00 1.58971459e-01 1.06451929e-01 1.69479418e+00
  3.81644988e+00 3.47234511e+00 2.27556086e+00 0.00000000e+00
  2.97040969e-01 6.87163234e-01 5.31391084e-01 2.26207209e+00
  0.00000000e+00 0.00000000e+00 1.50618446e+00 5.57088435e-01
  0.00000000e+00 3.38332605e+00 1.95615125e+00 0.00000000e+00
  3.36442161e+00 0.00000000e+00 0.00000000e+00 1.02859783e+00
  4.56128025e+00 0.00000000e+00 8.23053837e+00 1.12297656e-02
  0.00000000e+00 1.10092199e+00 0.00000000e+00 3.65314198e+00
  2.13494003e-01 1.38273105e-01 0.00000000e+00 1.70733798e+00
  3.26615244e-01 6.90534770e-01 3.31171513e-01 2.90265822e+00
  6.65080500e+00 7.41187572e-01 0.00000000e+00 1.12051940e+00
  5.81930542e+00 3.12519282e-01 6.56527042e-01 1.59884587e-01
  1.77385354e+00 1.10394168e+00 5.76512218e-01 2.88526893e+00
  4.78738976e+00 1.19770205e+00 0.00000000e+00 9.63823020e-01
  9.46318388e-01 2.77849054e+00 3.77103066e+00 1.61904061e+00
  2.06495738e+00 4.28682613e+00 4.04657650e+00 3.18736506e+00
  3.90480208e+00 5.65476775e-01 3.72938365e-01 1.10083270e+00
  8.63595784e-01 3.04002094e+00 5.40909386e+00 6.30148470e-01
  0.00000000e+00 0.00000000e+00 5.67902422e+00 6.44823909e-01
  0.00000000e+00 5.19944012e-01 8.38153422e-01 7.49096200e-02
  5.80080628e-01 1.10054739e-01 2.86873293e+00 2.35348296e+00
  8.49193335e-01 0.00000000e+00 2.74679780e+00 6.65524864e+00
  1.03734732e+00 8.60676348e-01 1.60139680e+00 0.00000000e+00
  2.53129768e+00 1.20272326e+00 0.00000000e+00 4.38945580e+00
  9.78610933e-01 0.00000000e+00 0.00000000e+00 1.45035541e+00
  0.00000000e+00 4.01993424e-01 2.74199903e-01 7.25885689e-01
  2.34121180e+00 6.78830206e-01 3.10384846e+00 1.72498560e+00
  4.89798450e+00 4.07015651e-01 5.70642292e-01 3.39788032e+00
  4.50359011e+00 2.76904798e+00 1.59306064e-01 1.96022168e-01
  1.59794378e+01 1.37799370e+00 1.24432541e-01 6.03385448e+00
  3.93634534e+00 1.02117455e+00 1.76776338e+00 0.00000000e+00
  1.28841817e+00 0.00000000e+00 0.00000000e+00 2.30282736e+00
  2.13109994e+00 3.06981057e-01 6.84164345e-01 2.17753553e+00
  1.77474737e+00 1.32895069e+01 1.02810681e+00 3.71084005e-01
  4.17263687e-01 2.32717848e+00 0.00000000e+00 5.64238250e-01
  0.00000000e+00 2.22311411e-02 5.18214166e-01 3.30609536e+00
  1.57660007e+00 4.31707837e-02 2.07329416e+00 1.09052755e-01
  1.42991900e-01 0.00000000e+00 3.16506577e+00 3.78385711e+00
  9.83229101e-01 1.02319288e+00 7.10289299e-01 6.03256166e-01
  1.10668659e+00 7.50029373e+00 1.46370447e+00 2.41373920e+00
  2.19857082e+01 2.33998403e-01 1.70507282e-01 2.11024642e+00
  2.75695968e+00 0.00000000e+00 5.88902617e+00 2.98285079e+00
  1.90006956e-01 7.54119813e-01 3.56184721e+00 9.59456861e-01]]