[[1.40253901e+00 1.60590255e+00 2.00919938e+00 0.00000000e+00
  7.85062134e-01 7.34494352e+00 2.15680814e+00 0.00000000e+00
  6.03539467e+00 4.19690907e-02 3.40409845e-01 2.90681648e+00
  1.18331468e+00 5.30965424e+00 0.00000000e+00 2.18767428e+00
  1.57011318e+00 2.18658447e-01 0.00000000e+00 2.42354107e+00
  1.45575076e-01 1.35186481e+01 0.00000000e+00 4.85117054e+00
  2.79795408e-01 3.71632814e+00 3.88408923e+00 1.87459195e+00
  1.30990994e+00 1.47515312e-01 1.94823921e-01 1.96956158e+00
  9.30545330e-01 7.34172106e-01 4.53960657e-01 2.18890238e+00
  4.38564396e+00 1.76865116e-01 6.62563467e+00 6.54906845e+00
  2.81726813e+00 1.27473578e-01 3.83681822e+00 1.45855522e+00
  6.39221621e+00 0.00000000e+00 5.86236620e+00 0.00000000e+00
  8.01004410e+00 1.90778041e+00 6.68204784e-01 1.88504219e+00
  4.96828973e-01 2.53142858e+00 3.82540792e-01 2.57925177e+00
  2.18391085e+00 1.28614788e+01 5.16091061e+00 2.46598339e+00
  1.87087870e+00 3.54963422e-01 1.21206293e+01 3.19988847e+00
  0.00000000e+00 3.80481458e+00 6.20731211e+00 1.05610573e+00
  1.66424513e-01 1.01784983e+01 7.88017178e+00 7.67374945e+00
  1.46620810e-01 4.41976166e+00 8.65465820e-01 0.00000000e+00
  3.63144636e-01 4.49460268e+00 3.62395287e+00 6.58499718e-01
  0.00000000e+00 3.96741569e-01 2.31730151e+00 1.13722026e-01
  2.51946545e+00 2.83753681e+00 1.81738496e+00 1.36630702e+00
  2.60135531e+00 2.13605732e-01 4.45021582e+00 2.13571405e+00
  2.08774179e-01 1.49931848e+00 3.08485687e-01 2.20833316e-01
  1.55056054e-02 7.63370085e+00 4.96521533e-01 6.05059671e+00
  6.38204527e+00 2.88633657e+00 7.77473736e+00 1.78989351e+00
  2.76216125e+00 1.41300182e+01 6.13590121e-01 2.12170593e-02
  0.00000000e+00 4.01964813e-01 2.11590409e+00 4.75170225e-01
  2.35076826e-02 1.48273115e+01 1.70431781e+00 1.88455090e-01
  2.10570359e+00 4.13289547e+00 1.17798662e+00 2.64803439e-01
  0.00000000e+00 1.65232790e+00 1.96856514e-01 5.34941864e+00
  2.72338748e+00 1.68143070e+00 1.23365843e+00 0.00000000e+00
  4.87754869e+00 7.35798073e+00 3.20879847e-01 2.44745564e+00
  3.32825351e+00 4.46910322e-01 2.29773387e-01 2.08818650e+00
  1.71881199e+00 8.75196815e-01 6.82138205e+00 2.66000175e+00
  0.00000000e+00 1.00043543e-01 3.89602256e+00 3.08357048e+00
  2.84058857e+00 1.59949851e+00 5.39475381e-01 0.00000000e+00
  5.94388805e-02 2.91022229e+00 1.24439898e+01 1.58583069e+00
  1.74141631e-01 0.00000000e+00 0.00000000e+00 9.35004711e-01
  3.76829290e+00 9.50537026e-02 2.06162548e+00 4.01913494e-01
  5.31428814e+00 5.23054123e+00 1.36581743e+00 1.06950140e+00
  5.35752010e+00 9.73869801e-01 3.02095711e-01 2.76503992e+00
  3.60589206e-01 3.76161766e+00 6.70249653e+00 3.71508002e+00
  3.51631689e+00 1.97129612e+01 5.75212669e+00 9.85424519e+00
  1.90585703e-01 5.28324723e-01 3.09621668e+00 1.43890295e+01
  3.83569646e+00 6.53492957e-02 7.88042259e+00 5.75501323e-01
  6.48796186e-02 8.60872626e-01 2.00319405e+01 6.10939026e-01
  1.96293020e+00 6.66170597e-01 0.00000000e+00 0.00000000e+00
  6.94936454e-01 4.06961584e+00 0.00000000e+00 0.00000000e+00
  0.00000000e+00 1.25243607e+01 3.88435721e-01 0.00000000e+00
  3.45339030e-01 0.00000000e+00 0.00000000e+00 9.14632857e-01
  1.17930591e+00 1.92353213e+00 5.01868486e-01 1.57080948e+00
  8.88949156e-01 4.57405519e+00 1.92065942e+00 7.98358202e-01
  0.00000000e+00 1.95416963e+00 2.52014756e-01 0.00000000e+00
  1.07114732e+00 8.62462044e-01 1.41887653e+00 1.75056648e+00
  2.48806953e+00 2.30361915e+00 4.11759567e+00 1.12321842e+00
  1.28870964e+00 7.73839760e+00 2.43920505e-01 7.94860780e-01
  1.35105342e-01 1.25970960e+00 5.71314812e-01 2.32114625e+00
  4.94284481e-01 6.19912767e+00 1.42198062e+00 1.15926886e+00
  5.45324564e+00 3.15115833e+00 2.07371259e+00 1.19323385e+00
  1.83478904e+00 1.61695457e+00 2.19160128e+00 7.73212373e-01
  2.04916000e+00 7.57517290e+00 7.38226271e+00 3.63880205e+00
  7.87504625e+00 3.95289850e+00 2.44644237e+00 1.10401356e+00
  3.30446076e+00 2.27368402e+00 3.16430640e+00 1.37644386e+00
  4.79812098e+00 3.88804865e+00 4.43931055e+00 3.69138062e-01
  2.01943025e-01 5.34459412e-01 0.00000000e+00 3.23446941e+00
  3.47568488e+00 7.06352443e-02 1.94975600e-01 2.91798472e+00
  2.37691231e+01 1.34806120e+00 1.60710084e+00 2.49122325e-02
  1.19269049e+00 2.37493181e+00 6.11573839e+00 3.77279735e+00
  1.12435102e+00 1.66944396e-02 0.00000000e+00 5.80440712e+00
  8.85539532e+00 2.93007761e-01 2.86430073e+01 5.10021865e-01
  2.91614890e+00 0.00000000e+00 2.65757823e+00 7.17013121e-01
  4.05339092e-01 5.20083904e-01 0.00000000e+00 1.32787335e+00
  5.98572731e-01 1.84249592e+00 2.87331939e+00 8.70298862e-01
  7.64472580e+00 1.03261065e+00 1.93890500e+00 2.19299749e-01
  6.50087833e+00 0.00000000e+00 5.45279074e+00 0.00000000e+00
  5.33343971e-01 9.18833375e-01 7.67421901e-01 7.12529778e-01
  2.69047379e-01 5.69809294e+00 2.77262460e-02 6.19096041e-01
  8.03879797e-01 0.00000000e+00 1.53333569e+00 7.24198222e-02
  1.50452092e-01 1.29588022e+01 9.06402874e+00 3.28968239e+00
  1.04081020e+01 1.60646927e+00 3.09763980e+00 1.86996222e-01
  4.53184009e-01 6.10235643e+00 1.07551742e+00 0.00000000e+00
  1.92186737e+00 1.85180986e+00 6.22262478e-01 2.66936779e+00
  1.88493693e+00 1.30012035e+00 3.95268726e+00 7.99455357e+00
  1.85312557e+00 3.31146240e+00 8.42856312e+00 1.69537520e+00
  3.17138523e-01 2.90124750e+00 6.17335260e-01 3.77227068e-01
  3.25749826e+00 2.61114812e+00 1.80485293e-01 8.33968937e-01
  1.79426384e+00 8.41623724e-01 7.18905479e-02 3.35979581e+00
  5.32509536e-02 2.04651386e-01 9.19893444e-01 3.87904882e-01
  3.28059673e+00 6.32560253e+00 1.05217781e+01 0.00000000e+00
  6.84893322e+00 0.00000000e+00 1.44423409e+01 4.77414227e+00
  3.97022057e+00 7.00945854e+00 9.45829868e+00 8.74563396e-01
  0.00000000e+00 6.48347810e-02 2.23116636e+00 0.00000000e+00
  7.48317003e-01 0.00000000e+00 1.64874363e+00 6.69996166e+00
  1.24922790e-01 4.33668184e+00 7.70999372e-01 6.32466912e-01
  1.67647018e+01 5.52881336e+00 1.16499615e+00 1.63375938e+00
  8.00397873e+00 0.00000000e+00 2.18452835e+00 2.30698109e+00
  3.12987900e+00 3.34498703e-01 5.47373593e-02 1.35874140e+00
  2.89225602e+00 8.94401312e-01 0.00000000e+00 2.15921730e-01
  2.28374076e+00 1.81829822e+00 3.42546177e+00 3.51423931e+00
  6.95215273e+00 3.77797318e+00 3.70726299e+00 7.98113823e+00
  2.77760911e+00 0.00000000e+00 2.07658768e-01 5.05885303e-01
  2.80055928e+00 8.39290619e+00 7.36929750e+00 8.53619695e-01
  5.42323828e-01 4.10871029e-01 1.00536978e+00 3.04011202e+00
  9.10641134e-01 1.72467589e-01 8.81377161e-01 1.65884590e+00
  8.53301436e-02 1.74148035e+00 7.91185498e-01 1.93568504e+00
  1.70644236e+00 4.17992696e-02 2.86395955e+00 1.38142376e+01
  4.19340134e+00 4.53341126e-01 1.28470302e+00 6.85546637e+00
  5.05401754e+00 8.50316882e-02 1.84243047e+00 1.70425930e+01
  1.87827086e+00 4.80022812e+00 8.74654472e-01 9.03795287e-03
  0.00000000e+00 2.59570420e-01 3.81602716e+00 4.22366762e+00
  2.89895749e+00 4.27090041e-02 5.26937056e+00 1.65536940e+00
  7.13902861e-02 8.11593413e-01 6.89570475e+00 2.52640891e+00
  2.98306775e+00 1.05994809e+00 6.64373827e+00 7.19305849e+00
  8.47289848e+00 4.71321487e+00 1.44092292e-01 3.15149236e+00
  9.81871223e+00 3.82752085e+00 2.37593412e+00 5.85501313e-01
  0.00000000e+00 0.00000000e+00 4.80716109e-01 2.28045225e+00
  2.42420387e+00 9.91130888e-01 1.77814543e-01 1.07936740e-01
  4.41828161e-01 9.62616730e+00 2.46238515e-01 6.72111213e-01
  4.61496639e+00 0.00000000e+00 3.33834499e-01 3.18347239e+00
  1.82202473e-01 1.80924642e+00 0.00000000e+00 3.09432054e+00
  0.00000000e+00 1.24719734e+01 4.68459654e+00 8.54648054e-02
  1.96680769e-01 0.00000000e+00 2.32257199e+00 2.17033982e-01
  2.02960682e+00 6.21214342e+00 1.59117472e+00 1.50956607e+00
  3.40155363e+00 8.54793262e+00 1.20544374e-01 1.43127367e-01
  6.14135170e+00 2.01261416e-01 8.95363045e+00 1.93321395e+00
  5.36437368e+00 4.49900441e-02 7.53159618e+00 4.71471131e-01
  1.90420404e-01 1.35271776e+00 2.81716752e+00 2.92855084e-01]]