[[7.46406466e-02 2.37948611e-01 1.00054531e+01 0.00000000e+00
  2.82476991e-02 4.82145548e+00 2.81481862e+00 3.23960638e+00
  1.75020680e-01 0.00000000e+00 9.06760544e-02 2.00712904e-01
  5.05224943e+00 4.41642952e+00 0.00000000e+00 3.30693865e+00
  2.11098337e+00 2.06000581e-01 2.37365246e+00 8.76006603e+00
  2.29923293e-01 1.70422134e+01 4.58836466e-01 5.15905094e+00
  6.06364369e-01 3.01246810e+00 1.16178167e+00 1.14362564e+01
  7.52198076e+00 2.20155016e-01 8.26345503e-01 4.23482752e+00
  1.62258029e+00 3.11924243e+00 1.72677326e+00 4.61358607e-01
  0.00000000e+00 4.04538065e-01 1.14563739e+00 4.77468157e+00
  3.98021173e+00 2.69086742e+00 3.47994059e-01 6.30054331e+00
  5.59984148e-01 4.08360243e+00 4.01146841e+00 2.79698873e+00
  4.95395511e-01 1.43846786e+00 9.74784851e-01 7.44332123e+00
  3.33707154e-01 7.49687493e-01 9.87676978e-01 2.12702751e+00
  1.10953748e+00 6.77214146e+00 8.38064671e-01 1.77762663e+00
  1.15174472e+00 8.92146969e+00 1.94867349e+00 9.17050648e+00
  4.48636375e-02 3.26133299e+00 5.09738743e-01 8.51629162e+00
  4.07814503e+00 2.58576012e+00 1.65920183e-01 8.99539769e-01
  1.25674713e+00 6.30276108e+00 1.16081178e+00 2.63369679e+00
  1.13283706e+00 1.79910541e+00 5.91466951e+00 1.82322240e+00
  2.32047588e-01 1.18431175e+00 2.41443348e+00 2.06295371e+00
  5.15249014e-01 1.07984972e+00 3.37063134e-01 0.00000000e+00
  1.58170366e+00 1.39503002e+00 7.63866997e+00 2.63048315e+00
  4.69019556e+00 3.06440210e+00 4.91866398e+00 2.76254368e+00
  1.26165569e-01 5.51918268e+00 1.29461408e+00 8.91750526e+00
  0.00000000e+00 8.80903184e-01 1.89078510e+00 3.52210689e+00
  1.49412170e-01 2.99092174e+00 1.36888015e+00 3.00687838e+00
  1.26926136e+00 1.27249813e+00 1.93769646e+00 1.50255394e+00
  1.02208757e+00 1.88421988e+00 5.38608932e+00 6.87177718e-01
  8.68775082e+00 1.60430849e+00 1.01870620e+00 2.97714353e+00
  1.01501912e-01 1.43553114e+00 0.00000000e+00 4.19301414e+00
  1.20883179e+00 1.17773142e+01 1.35130858e+00 3.70144874e-01
  7.55140400e+00 1.07614145e+01 4.60810602e-01 3.77310991e+00
  3.01922417e+00 1.26141667e+00 3.33579630e-02 2.50687671e+00
  1.16546929e+00 4.85363156e-01 1.39219475e+00 2.60042429e+00
  4.86873865e+00 2.58978629e+00 1.20834029e+00 5.55713034e+00
  2.32380104e+00 5.77711165e-01 1.77056623e+00 0.00000000e+00
  8.15780461e-01 1.65512049e+00 1.60294390e+00 2.35362458e+00
  9.10927057e-01 2.27496529e+00 3.65675974e+00 6.47577906e+00
  7.84937763e+00 8.02976513e+00 4.01492500e+00 1.60551238e+00
  5.47678590e-01 5.81897140e-01 4.48831844e+00 1.01439500e+00
  8.35189629e+00 4.25029659e+00 4.96474132e-02 4.31944132e+00
  1.10356498e+00 2.78809381e+00 7.48378932e-01 5.18163395e+00
  2.94690895e+00 1.39135039e+00 3.89392339e-02 8.40252340e-02
  8.20905209e+00 0.00000000e+00 4.37058783e+00 1.00446348e+01
  3.33920074e+00 0.00000000e+00 3.27381897e+00 2.29138207e+00
  4.18044376e+00 3.00280601e-01 3.92850780e+00 1.73169643e-01
  3.82240295e-01 3.79599571e+00 3.48378158e+00 3.73871513e-02
  2.12204218e+00 1.67114449e+01 5.34195244e-01 2.93895245e+00
  3.53955698e+00 4.12317371e+00 0.00000000e+00 2.12428898e-01
  5.36159801e+00 1.26665735e+00 3.50949192e+00 0.00000000e+00
  7.41013241e+00 1.17385900e+00 7.71679878e-01 1.92316198e+00
  1.14799106e+00 1.48957968e+01 2.45855287e-01 7.03497589e-01
  1.61366850e-01 0.00000000e+00 1.78871119e+00 0.00000000e+00
  1.52929798e-02 0.00000000e+00 1.93987644e+00 7.15372264e-01
  0.00000000e+00 5.20233297e+00 6.32130027e-01 1.71558142e+00
  5.21681261e+00 4.26066542e+00 5.14412999e-01 1.92426180e-03
  1.17627770e-01 7.84068644e-01 2.47588134e+00 1.24259377e+00
  4.24507904e+00 2.03798294e+00 1.72158337e+00 1.13904071e+00
  1.84574294e+00 6.62729216e+00 4.56788588e+00 4.23018217e+00
  2.35276079e+00 5.59272945e-01 9.10529315e-01 4.45502138e+00
  2.42502928e+00 2.60433722e+00 1.50265989e+01 8.00445652e+00
  3.91579598e-01 7.68630409e+00 0.00000000e+00 0.00000000e+00
  0.00000000e+00 3.68051267e+00 4.01985466e-01 0.00000000e+00
  1.06757612e+01 1.49940634e+00 3.42042780e+00 4.91336966e+00
  5.91077423e+00 0.00000000e+00 1.29464555e+00 6.61945343e+00
  5.08487320e+00 3.60129523e+00 9.29236603e+00 1.50120866e+00
  7.68635702e+00 3.36842000e-01 8.19802570e+00 8.36658180e-01
  7.94234157e-01 1.76243937e+00 3.64773393e+00 1.54611886e+00
  6.13968897e+00 1.01047754e+00 1.75487846e-01 3.85899973e+00
  5.22439814e+00 3.13001782e-01 6.35387516e+00 1.18578994e+00
  7.23712325e-01 0.00000000e+00 2.73502731e+00 4.28861141e+00
  3.31560397e+00 3.74557763e-01 0.00000000e+00 2.42836523e+00
  4.03095484e-01 4.17864370e+00 5.65390468e-01 1.54254341e+00
  1.67921162e+00 3.70237499e-01 5.34629345e+00 6.16430342e-01
  1.05448132e+01 1.22001302e+00 5.15640199e-01 1.14160955e+00
  3.57986331e+00 1.12911057e+00 7.51891661e+00 1.10202551e+00
  2.08250594e+00 4.26100111e+00 6.54205501e-01 2.60505110e-01
  5.88300340e-02 3.85656714e+00 5.94752645e+00 9.33339447e-02
  3.37731123e+00 5.66521740e+00 5.23569059e+00 1.61962068e+00
  1.42957136e-01 1.17366400e+01 0.00000000e+00 5.21519136e+00
  3.04782510e+00 2.47560549e+00 6.09944677e+00 6.59370375e+00
  6.60859966e+00 0.00000000e+00 2.67249420e-02 7.22882891e+00
  8.14829946e-01 2.71322310e-01 4.43985987e+00 8.77303410e+00
  6.92624971e-02 6.76432276e+00 2.03534818e+00 2.63698101e+00
  1.26864061e+01 7.50762165e-01 3.84521604e-01 1.02180034e-01
  3.67432803e-01 2.34296751e+00 1.57261181e+00 4.18679535e-01
  4.00394630e+00 2.32029080e+00 9.03322816e-01 1.79235399e+00
  2.75045007e-01 3.45499659e+00 0.00000000e+00 1.07749820e+00
  6.14063442e-02 1.35387259e+01 6.00382710e+00 2.47751379e+00
  2.39950323e+00 7.50409186e-01 5.19584703e+00 3.82368875e+00
  1.76219010e+00 1.07874262e+00 1.18267040e+01 9.12880719e-01
  2.09232077e-01 2.21768692e-02 6.79604673e+00 7.70753264e-01
  1.15240538e+00 4.38599616e-01 7.84872949e-01 5.73963821e-02
  2.18143344e+00 8.23011458e-01 0.00000000e+00 1.86477602e+00
  9.05427933e+00 1.37249231e+00 4.70586300e-01 6.69964850e-01
  3.22668242e+00 1.05150759e-01 1.46247697e+00 0.00000000e+00
  3.23185706e+00 0.00000000e+00 9.24516693e-02 2.71206594e+00
  5.04664946e+00 2.11350083e+00 0.00000000e+00 6.17081523e-02
  6.26776505e+00 1.49538565e+00 2.51697302e+00 7.70592034e-01
  7.24206448e-01 1.59911337e+01 2.04041886e+00 1.03929796e+01
  6.03695250e+00 4.11439594e-03 1.52725235e-01 2.47711110e+00
  1.03811836e+01 2.58585024e+00 6.11254501e+00 3.34548026e-01
  5.18465698e-01 1.58807933e+00 2.94796729e+00 1.67913985e+00
  2.22294378e+00 2.98246294e-01 4.41958666e-01 2.29188606e-01
  0.00000000e+00 2.93453246e-01 1.07627833e+00 3.81609893e+00
  4.68891191e+00 2.44344711e+00 5.46534634e+00 9.33318806e+00
  3.42564726e+00 3.01132393e+00 7.72460794e+00 2.78779238e-01
  2.53069520e+00 1.67205632e-01 2.50723696e+00 1.17334948e+01
  5.75314343e-01 4.92157745e+00 1.08459324e-01 4.86115605e-01
  1.20514238e+00 3.06116808e-02 2.08406925e+00 3.66276884e+00
  4.21832323e+00 4.55720854e+00 1.25285614e+00 3.52011919e-01
  0.00000000e+00 1.74583447e+00 4.84164596e-01 2.51969719e+00
  3.77641463e+00 4.87405968e+00 4.93133247e-01 4.07758713e-01
  9.14512873e-01 1.56536305e+00 1.27748716e+00 4.86278391e+00
  0.00000000e+00 3.50519180e+00 1.31238842e+00 2.19745502e-01
  0.00000000e+00 1.77806869e-01 2.79972601e+00 2.74424410e+00
  3.11195880e-01 1.39380097e+00 4.69350189e-01 6.36478603e-01
  2.49106199e-01 6.56932116e+00 1.00625241e+00 7.81601620e+00
  0.00000000e+00 5.30281007e-01 4.86765718e+00 2.92762548e-01
  0.00000000e+00 3.26399356e-01 7.36650079e-02 2.91076469e+00
  0.00000000e+00 0.00000000e+00 4.57611179e+00 2.74243742e-01
  2.27899837e+00 2.43065149e-01 1.18911493e+00 2.85102129e+00
  2.64250815e-01 5.36399364e-01 2.33465958e+00 5.52874923e-01
  3.02322412e+00 7.35413456e+00 3.21386027e+00 3.19009280e+00
  2.42873192e+00 3.78244233e+00 1.74434054e+00 5.58379889e+00
  3.47804475e+00 2.79387832e+00 1.16061411e+01 4.91908932e+00
  1.84143364e+00 3.72582507e+00 4.64282799e+00 4.95586681e+00]]