[[2.40646052e+00 0.00000000e+00 2.50335598e+00 2.82502913e+00
  2.09933543e+00 3.47390842e+00 6.83919001e+00 0.00000000e+00
  0.00000000e+00 0.00000000e+00 6.53772926e+00 1.19919002e-01
  3.70750356e+00 8.14883804e+00 3.50218236e-01 3.72063398e+00
  0.00000000e+00 2.16357247e-03 1.56067893e-01 2.84571099e+00
  3.97391841e-02 1.91250896e+00 1.18587720e+00 0.00000000e+00
  0.00000000e+00 4.66957378e+00 4.24236107e+00 2.33690888e-02
  2.79102349e+00 0.00000000e+00 1.04390241e-01 7.81964839e-01
  2.66819143e+00 5.32829189e+00 0.00000000e+00 2.37712765e+00
  1.33886194e+00 6.58678114e-02 2.11441255e+00 6.56107235e+00
  1.93703771e-01 2.47137046e+00 5.22073126e+00 3.92496973e-01
  0.00000000e+00 2.21164417e+00 1.96405554e+00 0.00000000e+00
  3.72246933e+00 1.01122370e+01 3.89291227e-01 3.11589289e+00
  2.26597562e-02 3.90621328e+00 1.88022208e+00 3.71560431e+00
  5.38845205e+00 5.52241182e+00 6.03898525e-01 0.00000000e+00
  1.06290543e+00 6.43778265e-01 1.11020555e+01 6.35850811e+00
  1.66792750e+00 1.38174648e+01 9.33081150e-01 8.50934982e+00
  1.36541843e+00 9.77360010e-01 2.81773186e+00 2.22380459e-01
  0.00000000e+00 6.50877857e+00 2.13798970e-01 6.50643528e-01
  1.03034087e-01 0.00000000e+00 2.52788663e+00 9.72108450e-03
  6.29734278e-01 3.42063546e-01 6.11829090e+00 0.00000000e+00
  6.69255793e-01 3.10092974e+00 0.00000000e+00 1.29380798e+00
  5.61414540e-01 2.24193320e-01 1.10053558e+01 1.75336671e+00
  3.33348632e-01 2.25438192e-01 3.95149142e-01 4.41984713e-01
  0.00000000e+00 5.21638298e+00 8.09505045e-01 3.89145708e+00
  2.49955133e-01 6.19608688e+00 5.41104269e+00 2.34543586e+00
  6.93129897e-01 1.17282152e+00 3.59905772e-02 2.84646675e-02
  6.06193244e-01 1.73961490e-01 1.98651695e+00 1.12746119e-01
  1.03566194e+00 1.91642845e+00 6.30865335e+00 0.00000000e+00
  1.52732944e+00 2.93324757e+00 1.35599041e+00 1.08485937e+00
  2.75618887e+00 1.61910594e+00 4.96683884e+00 4.82557106e+00
  1.91223240e+00 2.42283845e+00 1.63076501e-02 0.00000000e+00
  7.13884473e-01 1.50118990e+01 2.89346528e+00 1.18051791e+00
  1.04915643e+00 0.00000000e+00 4.87494171e-02 1.01812923e+00
  5.18144786e-01 4.44149160e+00 3.65088642e-01 3.14024138e+00
  9.06843483e-01 8.15145075e-01 0.00000000e+00 6.68744373e+00
  3.52752835e-01 8.06818530e-02 2.38438204e-01 0.00000000e+00
  2.49998420e-01 7.26153135e-01 7.33111501e-01 1.40129936e+00
  3.97617674e+00 2.39527762e-01 1.48755252e-01 2.92072344e+00
  2.91048384e+00 8.18280506e+00 8.80652606e-01 5.12542546e-01
  6.00982857e+00 1.66227353e+00 9.62169409e-01 0.00000000e+00
  4.79552841e+00 2.06166959e+00 2.45801374e-01 8.89139557e+00
  1.44865271e-02 3.85091281e+00 2.76741958e+00 2.32507157e+00
  6.04700518e+00 6.67141151e+00 3.02451277e+00 8.50841701e-01
  3.32514334e+00 1.59541085e-01 1.03481121e+01 2.58150786e-01
  1.45836377e+00 0.00000000e+00 2.71895719e+00 2.84553021e-01
  0.00000000e+00 1.49041188e+00 3.04605395e-01 2.55130124e+00
  1.48807085e+00 2.08672380e+00 0.00000000e+00 0.00000000e+00
  2.29464263e-01 3.21395993e+00 5.99468410e-01 0.00000000e+00
  1.62853408e+00 4.75622702e+00 6.33870065e-02 4.73292208e+00
  0.00000000e+00 2.78764868e+00 1.11507499e+00 7.05973625e-01
  6.97347879e+00 1.98555425e-01 2.50096079e-02 1.89849004e-01
  1.46073723e+00 7.66709149e-01 1.92897284e+00 1.61356199e+00
  9.42460597e-01 1.63107860e+00 0.00000000e+00 2.90266538e+00
  2.11388826e+00 0.00000000e+00 1.76421249e+00 1.84145665e+00
  2.72801805e+00 1.75915992e+00 3.11872149e+00 1.44297135e+00
  2.02175915e-01 8.87080002e+00 0.00000000e+00 4.12584639e+00
  2.83457136e+00 0.00000000e+00 3.12493253e+00 2.02294350e+00
  4.03823733e-01 6.20171070e+00 1.10402262e+00 1.39391541e+00
  3.71388197e-01 1.32144213e+01 1.14144916e-02 5.18792248e+00
  1.24970400e+00 0.00000000e+00 5.44293880e+00 2.05290508e+00
  7.02497303e-01 7.50939131e+00 1.29441805e+01 7.45707154e-01
  1.76058054e+00 0.00000000e+00 4.69094610e+00 2.45534971e-01
  8.79233003e-01 4.83361959e+00 1.82720542e+00 1.66164804e+00
  7.08952999e+00 3.79509377e+00 4.77952671e+00 2.35746312e+00
  1.88707626e+00 0.00000000e+00 4.50009219e-02 4.57534641e-01
  5.49507093e+00 7.24184453e-01 1.15406406e+00 1.58696949e+00
  3.82897162e+00 9.15282130e-01 1.10293949e+00 0.00000000e+00
  9.23738575e+00 1.34527695e+00 9.58157182e-01 2.95070577e+00
  2.74114251e+00 5.49419224e-01 0.00000000e+00 5.01633525e-01
  1.74002957e+00 3.72272873e+00 7.79456758e+00 1.46485746e-01
  2.33244181e-01 0.00000000e+00 1.46710014e+00 2.96967793e+00
  2.98681331e+00 2.41290808e+00 3.62384915e-02 7.47180641e-01
  2.62178987e-01 2.47844481e+00 4.17155409e+00 1.31343454e-01
  1.26635849e-01 3.07803941e+00 1.88946998e+00 0.00000000e+00
  5.85674238e+00 4.87967730e-01 1.59409428e+00 1.33780909e+00
  1.27373898e+00 2.38961220e+00 3.60997617e-01 5.88759959e-01
  8.71925354e-01 3.80317599e-01 5.56905009e-02 6.24371111e-01
  9.16560590e-01 2.68002331e-01 5.45300674e+00 5.75637400e-01
  2.22149467e+00 1.45915766e+01 1.19272701e-01 0.00000000e+00
  8.68938255e+00 1.91024053e+00 9.12062740e+00 5.58344066e-01
  1.03253114e+00 8.24165046e-01 2.39542007e+00 0.00000000e+00
  1.52192926e+00 9.66920018e-01 0.00000000e+00 7.21743822e+00
  2.66108930e-01 5.66602886e-01 7.64560080e+00 2.90639639e+00
  2.20261765e+00 7.17077160e+00 4.65087938e+00 6.66014004e+00
  2.78119087e+00 6.88763976e-01 4.03940212e-03 2.81993330e-01
  1.47062635e+00 7.11908197e+00 1.12127030e+00 1.93750829e-01
  1.31362033e+00 6.47551194e-02 1.94533253e+00 0.00000000e+00
  7.79105067e-01 7.09003973e+00 2.77800918e-01 2.97558814e-01
  1.04845929e+00 7.52337503e+00 1.27888095e+00 3.07590991e-01
  4.44446707e+00 1.36797905e+00 3.39202397e-02 6.00274384e-01
  6.11766577e+00 1.19882393e+00 1.27627211e+01 1.64510381e+00
  3.02323490e-01 3.33553076e+00 1.32904887e-01 2.67132044e-01
  3.86638045e+00 2.72819996e+00 0.00000000e+00 0.00000000e+00
  1.11744903e-01 7.66349840e+00 0.00000000e+00 6.95394039e+00
  1.11132278e+01 2.81556368e+00 1.13256061e+00 1.11257076e+00
  7.31403112e-01 2.33040714e+00 6.49204433e-01 6.74865246e-02
  1.43634248e+00 3.51363087e+00 3.50736201e-01 1.35033631e+00
  5.95979166e+00 2.24521375e+00 4.36743796e-01 0.00000000e+00
  3.67874980e+00 4.03890991e+00 1.65127194e+00 2.52060556e+00
  5.29563189e+00 3.20103765e+00 2.02760547e-01 5.95355797e+00
  1.84006703e+00 4.61329174e+00 4.46685284e-01 6.92270374e+00
  0.00000000e+00 5.41237175e-01 1.31051695e+00 1.46575376e-01
  6.32542819e-02 1.55845344e+00 4.44664001e+00 9.84141767e-01
  1.76309514e+00 1.09116840e+00 5.32015514e+00 1.45912796e-01
  1.22860222e+01 7.62266060e-03 2.95250106e+00 5.56598377e+00
  1.00032711e+00 1.81376565e+00 4.05845165e+00 8.85013580e+00
  0.00000000e+00 2.19761997e-01 1.15125615e-03 9.21259344e-01
  3.34538102e+00 1.13923907e+00 3.23378921e-01 8.46603394e+00
  8.35947990e+00 1.91904509e+00 2.77817428e-01 1.52106106e-01
  0.00000000e+00 1.71313083e+00 1.13267756e+00 3.42995882e-01
  1.04192579e+00 1.20227134e+00 3.47827744e+00 1.96272194e+00
  4.17964506e+00 1.66506574e-01 1.33767903e-01 3.33918238e+00
  2.00830793e+00 8.55383110e+00 2.71889758e+00 1.66133010e+00
  7.63973951e+00 2.19969106e+00 1.41685724e-01 3.26261902e+00
  1.45229244e+00 2.60143542e+00 2.55890228e-02 2.98988438e+00
  1.84414729e-01 1.58272475e-01 2.53202200e+00 3.43458128e+00
  6.89757299e+00 2.96199369e+00 6.10075057e-01 7.68456221e-01
  0.00000000e+00 7.71893740e+00 4.83519077e+00 9.46459532e-01
  1.03189647e+00 0.00000000e+00 4.25885856e-01 2.19111896e+00
  9.89866912e-01 4.87037754e+00 4.00398597e-02 5.47605324e+00
  2.56260347e+00 7.45948696e+00 1.07734375e+01 3.78366876e+00
  1.74125597e-01 1.27081263e+00 3.22289205e+00 4.57378663e-02
  2.14116788e+00 3.18161440e+00 4.72947806e-01 2.13140225e+00
  2.55591542e-01 1.94901586e+00 3.90589690e+00 1.21788478e+00
  1.68074551e+01 5.20248830e-01 4.84293365e+00 1.60064948e+00
  2.83038211e+00 9.37306762e-01 6.44111681e+00 2.11885929e+00
  1.14204332e-01 5.57505190e-01 9.74188232e+00 3.41273522e+00]]