[[2.17678025e-01 9.81770039e-01 1.86303556e+00 0.00000000e+00
  2.62802064e-01 4.58604479e+00 6.61056101e-01 2.33934358e-01
  3.96183300e+00 1.67925328e-01 8.17738295e-01 8.70202065e-01
  1.03146955e-01 0.00000000e+00 0.00000000e+00 1.64509928e+00
  2.42202067e+00 4.29374836e-02 7.12447405e-01 6.85446358e+00
  6.78324461e-01 8.93099880e+00 1.54524958e+00 2.24406004e+00
  1.26838222e-01 8.30890942e+00 0.00000000e+00 1.63416490e-01
  2.15143532e-01 0.00000000e+00 2.08390713e+00 2.49893308e+00
  3.35868120e-01 4.79128885e+00 4.59667519e-02 1.81959450e-01
  1.77603912e+00 8.80392432e-01 5.34814501e+00 1.86013436e+00
  5.35110891e-01 6.27707243e-01 0.00000000e+00 2.35184479e+00
  1.54544869e-02 3.85256261e-02 2.69202805e+00 1.21159162e-02
  4.86734295e+00 9.83136535e-01 0.00000000e+00 1.24864006e+00
  5.50054193e-01 4.25559342e-01 1.30383134e-01 3.69578314e+00
  3.31500709e-01 5.75199747e+00 9.85412836e-01 4.24556541e+00
  9.37743261e-02 1.10914242e+00 2.57100391e+00 3.16368175e+00
  4.49433923e-01 8.16626549e-02 7.14981323e-03 7.05655932e-01
  3.00560892e-01 2.15660477e+00 3.56086707e+00 1.04891706e+00
  1.81714821e+00 1.57358491e+00 1.70539975e+00 0.00000000e+00
  1.21017349e+00 0.00000000e+00 4.34349209e-01 5.14708996e-01
  1.83841644e-03 2.69783449e+00 7.49120295e-01 6.86986566e-01
  1.06947668e-01 4.62036228e+00 2.69884933e-02 1.28126919e+00
  2.70795822e+00 0.00000000e+00 1.88818216e+00 1.05322957e+00
  1.48457551e+00 3.22539234e+00 7.85023928e-01 0.00000000e+00
  6.59441471e-01 3.57113957e+00 1.51790094e+00 6.41082144e+00
  0.00000000e+00 3.87655556e-01 9.31015491e+00 1.65508056e+00
  0.00000000e+00 7.64533222e-01 1.02484047e+00 4.22118992e-01
  5.59740126e-01 9.46746409e-01 3.16925740e+00 0.00000000e+00
  4.78039123e-02 4.04365969e+00 3.59404612e+00 1.33883744e-01
  2.77523732e+00 2.74340105e+00 7.50876963e-01 8.41919422e-01
  0.00000000e+00 3.50583792e+00 1.05536640e+00 3.35618591e+00
  7.23904431e-01 1.66653618e-01 3.00525308e+00 0.00000000e+00
  1.36507785e+00 1.79380684e+01 0.00000000e+00 3.96477342e-01
  1.62228191e+00 1.69798017e+00 5.46906563e-03 1.34917808e+00
  1.43708992e+00 1.26863825e+00 2.95088482e+00 1.12072897e+00
  1.44338727e+00 1.14267886e+00 8.60294938e-01 4.84665918e+00
  4.58341232e-03 2.94669747e-01 2.23377585e+00 1.34422347e-01
  6.99492469e-02 1.88273787e-01 3.91610503e-01 3.65324068e+00
  3.18775684e-01 0.00000000e+00 0.00000000e+00 1.07502334e-01
  2.32467026e-01 0.00000000e+00 0.00000000e+00 3.82532454e+00
  6.87929690e-02 1.48232490e-01 2.11748028e+00 9.53168452e-01
  3.35017800e+00 3.66182178e-01 3.02642584e-01 5.13797164e-01
  8.98738652e-02 1.01914160e-01 1.16249561e+00 0.00000000e+00
  1.51070487e+00 7.58701706e+00 9.44052339e-02 1.63353276e+00
  4.79268916e-02 3.23190913e-02 1.49346733e+01 2.35248971e+00
  0.00000000e+00 0.00000000e+00 4.31961870e+00 8.26158702e-01
  1.01556432e+00 1.12445712e+00 1.26730025e+00 1.35298824e+00
  2.77077413e+00 1.88143715e-01 2.99251556e-01 0.00000000e+00
  8.22159290e-01 1.09498301e+01 7.08812892e-01 4.19926214e+00
  4.58070904e-01 4.87068519e-02 4.64771128e+00 0.00000000e+00
  4.66330385e+00 0.00000000e+00 3.42032760e-02 5.01245320e-01
  5.58220327e-01 8.07267189e-01 6.49373055e-01 7.16267228e-01
  2.67871231e-01 5.36038589e+00 1.12079751e+00 1.62569332e+00
  0.00000000e+00 5.28648138e+00 1.50571501e+00 3.73327136e-01
  1.76752746e-01 0.00000000e+00 4.11692679e-01 2.60417628e+00
  1.79539120e+00 1.83502293e+00 7.18518734e-01 2.12867761e+00
  1.26562309e+00 6.43037319e-01 1.32942915e-01 6.87916398e-01
  0.00000000e+00 2.46677232e+00 1.81966412e+00 1.42562675e+00
  4.98040944e-01 6.85456395e-01 4.38402605e+00 6.11944437e-01
  5.79755306e+00 1.91863164e-01 4.27349472e+00 1.05059616e-01
  2.59057307e+00 0.00000000e+00 5.72426891e+00 8.90688360e-01
  4.58344638e-01 1.00496464e+01 4.16396236e+00 2.14640662e-01
  2.60073328e+00 8.62317371e+00 1.72706664e+00 1.43595114e-01
  1.17387347e-01 1.86629283e+00 3.83453584e+00 0.00000000e+00
  1.64705491e+00 6.94030762e-01 4.90206063e-01 8.76595557e-01
  2.26253979e-02 6.12543702e-01 0.00000000e+00 6.05328202e-01
  1.44412422e+00 5.64927578e-01 6.82050884e-01 2.91103649e+00
  5.75301981e+00 8.80747795e-01 5.90844631e-01 1.09263039e+00
  6.94026768e-01 6.99217841e-02 0.00000000e+00 4.91405845e-01
  3.36150169e+00 8.53485644e-01 4.63406265e-01 9.87613082e-01
  5.34906864e+00 5.23689747e+00 6.15567684e+00 1.30834132e-01
  3.10277891e+00 2.81995863e-01 8.14421368e+00 2.03536415e+00
  2.05541921e+00 3.87048316e+00 1.57829776e-01 1.57510185e+00
  1.00706148e+00 6.10599422e+00 2.74812150e+00 1.20893502e+00
  1.64650202e-01 0.00000000e+00 5.70592046e-01 0.00000000e+00
  1.16134577e+01 9.00472164e-01 7.67735338e+00 1.57919109e-01
  0.00000000e+00 2.54133010e+00 7.19826698e-01 3.80595446e-01
  2.78456330e-01 3.35933566e-01 8.67763340e-01 1.02814317e+00
  1.26154768e+00 2.04656109e-01 1.16920700e+01 0.00000000e+00
  4.64506054e+00 6.02664042e+00 2.53451729e+00 1.48576885e-01
  7.44133413e-01 1.19616306e+00 1.43534386e+00 6.17298961e-01
  1.56961274e+00 3.53096515e-01 2.66203117e+00 5.12135088e-01
  0.00000000e+00 2.02599317e-01 1.64557135e+00 2.22067809e+00
  2.40916109e+00 2.86166042e-01 7.51083422e+00 3.06565315e-01
  8.86714682e-02 4.30718958e-01 2.12340164e+00 4.29735613e+00
  5.53571843e-02 6.03273436e-02 3.56213748e-01 9.99647528e-02
  1.27746001e-01 2.38388729e+00 8.55660215e-02 1.14638269e-01
  1.63079739e+00 9.48279858e-01 1.86905339e-01 1.58674955e-01
  1.55455535e-02 1.07927978e+00 3.78132653e+00 0.00000000e+00
  3.47567797e-01 6.27979374e+00 1.53186023e-01 5.88129401e-01
  1.93537903e+01 7.78449774e-01 1.03980088e+00 2.14993310e+00
  4.94179344e+00 2.28364205e+00 1.88155403e+01 3.79927337e-01
  0.00000000e+00 1.27988827e+00 5.66227734e-01 0.00000000e+00
  1.12564154e-01 4.97900128e-01 8.89697611e-01 2.58634758e+00
  1.45866680e+00 1.01637983e+00 7.17424512e-01 2.33386278e+00
  2.93500948e+00 3.33278203e+00 5.57433248e-01 3.13245034e+00
  5.31893149e-02 2.86233854e+00 2.09068322e+00 0.00000000e+00
  5.62879860e-01 2.33899403e+00 6.88077092e-01 1.30704916e+00
  4.06936169e-01 2.00818372e+00 4.74089906e-02 6.14688456e-01
  3.93427753e+00 6.46080256e-01 6.23319530e+00 3.69622874e+00
  1.02522159e+00 1.32593822e+01 2.88657355e+00 4.37451935e+00
  1.78336990e+00 8.24573994e-01 8.46551478e-01 0.00000000e+00
  1.27624184e-01 1.54531550e+00 9.24454594e+00 1.67465413e+00
  1.50071949e-01 5.83248949e+00 2.27115870e+00 9.90056247e-02
  1.03511500e+00 3.13896394e+00 3.38245600e-01 1.62162915e-01
  1.36378244e-01 8.43535900e-01 1.25285840e+00 7.04161978e+00
  0.00000000e+00 1.25356281e+00 3.29008508e+00 3.40978169e+00
  4.89428699e-01 3.12372541e+00 1.58911371e+00 1.62809002e+00
  9.05767345e+00 1.75047541e+00 1.75760955e-01 5.88032913e+00
  3.71759176e-01 7.35176265e-01 2.53968525e+00 3.37321186e+00
  5.18900394e-01 3.00879609e-02 1.32172108e+00 7.16541588e-01
  2.21288729e+00 5.84521666e-02 1.91072500e+00 1.04662693e+00
  8.00864339e-01 8.45418632e-01 1.39171040e+00 2.19808674e+00
  0.00000000e+00 4.04795587e-01 6.91457510e+00 2.72559188e-02
  2.21383858e+00 2.66940308e+00 6.33443534e-01 2.33211136e+00
  1.11741352e+00 3.90113473e-01 3.13836068e-01 1.24234629e+00
  1.10938787e+00 8.98531899e-02 0.00000000e+00 2.54009867e+00
  3.82061094e-01 4.19061393e-01 2.64502674e-01 0.00000000e+00
  8.49613428e-01 1.02891426e+01 1.53377485e+00 4.95427735e-02
  0.00000000e+00 1.60567969e-01 3.07565361e-01 0.00000000e+00
  2.01374745e+00 8.22140992e-01 1.93157709e+00 2.31209326e+00
  0.00000000e+00 1.70672488e+00 6.92638934e-01 5.07855602e-02
  7.71242738e-01 2.65075147e-01 1.69963598e+00 6.80492222e-01
  3.76231253e-01 1.39504328e-01 1.29548514e+00 3.43786955e+00
  9.60255742e-01 5.59424591e+00 1.00147530e-01 2.60469079e-01
  6.09196711e+00 0.00000000e+00 1.03954720e+00 2.17884183e+00
  2.18019485e+00 1.07404399e+00 4.39979553e+00 3.75235701e+00
  6.31961465e-01 2.34190449e-01 2.66352558e+00 2.97596216e-01]]