[[2.33338565e-01 0.00000000e+00 5.23220205e+00 5.82126319e-01
  4.36960840e+00 1.30097806e+00 1.08683109e+01 5.00155568e-01
  2.15118241e+00 5.84315002e-01 2.33980989e+00 1.14838576e+00
  7.98995972e+00 3.14728498e+00 0.00000000e+00 4.33019638e+00
  3.40198904e-01 2.02049685e+00 3.89758917e-03 3.99749422e+00
  0.00000000e+00 3.79266191e+00 1.76419735e+00 3.20202470e+00
  1.42966092e-01 3.89673758e+00 2.69606018e+00 2.36179233e+00
  3.32989073e+00 7.58196646e-03 8.14906478e-01 0.00000000e+00
  1.44755632e-01 6.42081976e+00 3.75701666e+00 7.75753081e-01
  1.12606359e+00 0.00000000e+00 5.94429111e+00 6.60083055e-01
  8.88385355e-01 9.46377337e-01 3.31848562e-01 6.42762721e-01
  2.90389121e-01 9.77069759e+00 1.93067646e+00 2.86487556e+00
  3.50179482e+00 1.06390548e+00 9.14521337e-01 3.31333613e+00
  1.67791700e+00 1.96730232e+00 3.49742842e+00 5.64729404e+00
  1.27970285e+01 3.06203222e+00 5.89031601e+00 3.54123086e-01
  4.31663901e-01 3.09598470e+00 2.73371077e+00 4.09482193e+00
  1.38909459e-01 8.80247402e+00 6.13544750e+00 2.62950969e+00
  8.54114592e-01 6.54194295e-01 1.55169845e-01 1.17118597e+00
  0.00000000e+00 1.20247145e+01 8.46992314e-01 1.03590679e+00
  7.87778759e+00 0.00000000e+00 2.00536418e+00 3.96523666e+00
  5.63041592e+00 1.37090623e+00 5.04351521e+00 2.22732496e+00
  3.98532701e+00 3.87351108e+00 7.03691363e-01 1.35048941e-01
  5.84770250e+00 5.13061810e+00 7.15508556e+00 7.28247738e+00
  0.00000000e+00 4.71435308e+00 3.77601600e+00 5.79796851e-01
  2.15535045e+00 8.23912084e-01 2.23933265e-01 4.12038088e+00
  3.35165000e+00 3.53122592e-01 2.87213826e+00 1.01698475e+01
  2.01537442e+00 3.15447879e+00 9.59758833e-03 7.84094259e-03
  2.72796106e+00 0.00000000e+00 5.16887724e-01 6.06890106e+00
  8.18323418e-02 3.91877866e+00 1.08732176e+00 5.79816294e+00
  2.50795984e+00 1.44611970e-01 0.00000000e+00 3.12113881e+00
  4.72106981e+00 1.68191463e-01 0.00000000e+00 6.27969122e+00
  1.40049756e+00 5.55139208e+00 1.22082531e+00 1.11130643e+00
  2.56848884e+00 1.32487726e+01 3.38378549e-01 1.14032078e+00
  7.07464933e+00 6.08645678e+00 2.01325059e-01 1.48494482e+00
  1.06822979e+00 5.57745504e+00 1.77983689e+00 3.69230241e-01
  1.61159968e+00 5.02229892e-02 0.00000000e+00 6.78299332e+00
  3.70990705e+00 7.21155119e+00 1.68330431e+00 0.00000000e+00
  4.78694868e+00 6.43012404e-01 6.45283937e-01 3.22336149e+00
  2.76837564e+00 8.93469036e-01 4.14678365e-01 1.01609580e-01
  3.54271817e+00 2.53391474e-01 3.06802487e+00 6.84579039e+00
  3.45374137e-01 4.29943609e+00 4.96631813e+00 8.60429466e-01
  1.18614092e+01 5.52516937e+00 2.29386762e-01 6.44238615e+00
  0.00000000e+00 3.90592384e+00 2.44073820e+00 2.56700933e-01
  8.90643406e+00 4.01326370e+00 2.97830373e-01 1.06372029e-01
  1.25428176e+00 6.83836818e-01 6.54879189e+00 4.57329559e+00
  1.50892889e+00 4.42762661e+00 7.71246719e+00 1.29052866e+00
  1.72089529e+00 2.36534739e+00 1.46411777e+00 3.13147068e-01
  2.18612790e+00 5.16547740e-01 4.06090117e+00 0.00000000e+00
  8.19625795e-01 9.78610897e+00 2.62381792e+00 5.50743246e+00
  4.16378546e+00 4.89663839e+00 1.80433857e+00 0.00000000e+00
  1.75172710e+00 4.97322172e-01 2.94948649e+00 4.07898521e+00
  7.63830900e+00 2.89628124e+00 2.97758770e+00 7.41101027e+00
  2.99435139e-01 2.15628433e+00 1.29475212e+00 1.00733399e+00
  2.74210602e-01 6.00055575e-01 3.62477136e+00 1.47866458e-01
  8.23260322e-02 0.00000000e+00 3.13174422e-03 3.12914073e-01
  1.03359866e+00 8.31710339e-01 3.01772976e+00 9.79879320e-01
  6.33711040e-01 1.18936567e+01 8.35085511e-02 4.00416315e-01
  1.75378948e-01 5.21403439e-02 6.82934713e+00 3.77574652e-01
  4.23667336e+00 7.26331472e-02 1.56155312e+00 7.97156990e-01
  7.14756846e-01 1.39417391e+01 8.81159687e+00 7.87411988e-01
  1.36803997e+00 3.32912517e+00 3.60259700e+00 2.71703458e+00
  2.72411871e+00 2.45896411e+00 9.84157848e+00 2.60313654e+00
  9.60447267e-02 1.00589771e+01 8.01554024e-01 1.13675661e-01
  3.38438630e+00 4.69739437e+00 2.55326605e+00 0.00000000e+00
  4.37597084e+00 2.34032202e+00 1.30901814e+00 7.69597769e+00
  1.66707764e+01 3.00088668e+00 7.18981922e-02 4.10986900e+00
  5.28294611e+00 1.28249535e-02 0.00000000e+00 7.46447706e+00
  6.06648540e+00 2.38026097e-01 4.02010870e+00 5.75415850e+00
  7.02049732e+00 2.68247461e+00 3.42699862e+00 4.34180260e+00
  2.01958919e+00 1.02472448e+00 0.00000000e+00 2.54526448e+00
  5.22647667e+00 3.71405649e+00 6.43076515e+00 9.59597945e-01
  2.98718476e+00 0.00000000e+00 3.05959344e+00 6.44725704e+00
  8.38282871e+00 2.70360017e+00 1.88937366e+00 4.44572926e-01
  6.08516276e-01 1.08774650e+00 1.04327738e+00 1.62842350e+01
  4.18757105e+00 2.97272533e-01 1.17929471e+00 2.47896641e-01
  4.83153486e+00 2.69032091e-01 4.06099987e+00 2.62498307e+00
  1.79492891e-01 1.52224073e+01 1.64730568e+01 1.17323220e+00
  1.31859636e+00 1.14268231e+00 5.59195900e+00 6.57552421e-01
  1.70218456e+00 3.34880996e+00 2.86455417e+00 2.59828305e+00
  2.24116945e+00 1.34130297e+01 1.45015597e+00 3.73880744e+00
  2.96485019e+00 1.82953799e+00 9.73522902e-01 3.86771989e+00
  1.94565725e+00 1.63652408e+00 1.02994432e+01 1.43089935e-01
  1.37716019e+00 1.65260875e+00 6.24723732e-01 2.54738092e+00
  6.11234522e+00 0.00000000e+00 3.83552432e+00 8.54920959e+00
  0.00000000e+00 7.57481956e+00 2.11382055e+00 3.35418105e+00
  1.45606012e+01 4.85335529e-01 4.00517941e-01 1.00775158e+00
  7.03809321e-01 4.58080721e+00 3.81316257e+00 8.87368798e-01
  8.19689560e+00 3.43970656e-01 0.00000000e+00 5.21571445e+00
  0.00000000e+00 1.54127467e+00 2.87411600e-01 2.91391701e-01
  2.52961218e-01 1.17134800e+01 1.81468451e+00 3.80742359e+00
  1.87400138e+00 1.71820569e+00 1.26242077e+00 1.06830406e+01
  2.28460836e+00 2.31628132e+00 1.34368763e+01 0.00000000e+00
  2.63425320e-01 4.90188837e-01 1.90395010e+00 1.69942892e+00
  2.32771188e-01 7.39814937e-01 1.18379042e-01 4.77163225e-01
  0.00000000e+00 6.53939056e+00 3.41674066e+00 4.90655708e+00
  7.26811171e+00 4.07089186e+00 8.03938389e+00 2.78318381e+00
  3.01496720e+00 7.88116407e+00 6.02244139e-01 0.00000000e+00
  1.65430665e+00 0.00000000e+00 5.16358018e-01 1.06872693e-01
  1.33683624e+01 9.85509694e-01 5.48176813e+00 4.37297933e-02
  2.55213237e+00 9.99472141e-01 2.89950585e+00 8.55522633e-01
  2.46296859e+00 6.04898262e+00 0.00000000e+00 3.06673074e+00
  9.34560490e+00 6.65812731e-01 0.00000000e+00 4.07455111e+00
  7.40633345e+00 1.33974552e+00 8.43716145e+00 5.97691238e-01
  0.00000000e+00 0.00000000e+00 1.94652319e+00 0.00000000e+00
  0.00000000e+00 2.78111744e+00 2.24243104e-02 7.86739767e-01
  0.00000000e+00 1.02032840e+00 0.00000000e+00 4.84614849e+00
  1.08110332e+00 2.60651529e-01 2.66981697e+00 3.73326588e+00
  2.07306385e+00 4.24603128e+00 9.49180126e+00 1.70563960e+00
  3.99447656e+00 1.58312023e+00 8.73717546e-01 6.22415590e+00
  1.04551435e+00 6.71833658e+00 1.33552581e-01 1.50809038e+00
  1.52607512e+00 0.00000000e+00 1.62325561e-01 8.53070259e-01
  1.56347215e+00 2.19809914e+00 1.86574745e+00 1.94196057e+00
  2.46097589e+00 2.00508904e+00 3.44483423e+00 2.46441269e+00
  1.78508866e+00 1.13432407e+00 2.71655703e+00 3.78803682e+00
  3.29047370e+00 8.80696578e-04 3.96032333e+00 1.36831474e+00
  2.15802789e+00 3.75775313e+00 3.34788347e-03 3.68492037e-01
  0.00000000e+00 2.09621406e+00 3.20361942e-01 4.53626680e+00
  1.80543828e+00 6.47314787e+00 1.27944624e+00 1.10876551e+01
  7.68105328e-01 2.93602324e+00 6.03558588e+00 1.26271124e+01
  4.27463144e-01 7.95348525e-01 7.70909882e+00 3.92190838e+00
  5.63449287e+00 1.61056191e-01 1.25284004e+00 4.90718031e+00
  3.09491694e-01 0.00000000e+00 6.49985552e+00 1.62339106e-01
  1.32632232e+00 7.53318727e-01 2.25071239e+00 2.24495232e-01
  3.55077195e+00 6.15697479e+00 6.21090746e+00 2.14118123e+00
  6.71422854e-02 5.63236332e+00 5.48208427e+00 1.15973604e+00
  1.10586519e+01 2.04759693e+00 7.65066957e+00 1.46609247e-01
  4.48273134e+00 0.00000000e+00 1.09715548e+01 1.79777101e-01
  4.87803030e+00 1.93878388e+00 5.19246435e+00 4.07842064e+00]]