[[1.87059164e+00 3.17290473e+00 1.15248191e+00 2.32514769e-01
  6.53494596e-01 4.70677471e+00 3.24532580e+00 3.94478083e-01
  2.54972720e+00 2.24333048e-01 8.50007629e+00 2.01853156e+00
  9.62459183e+00 1.78308558e+00 5.06688499e+00 6.29575777e+00
  3.80820721e-01 1.07042611e+00 1.08795710e-01 7.77909946e+00
  0.00000000e+00 3.90221834e+00 1.19749136e-01 4.49530935e+00
  4.49048966e-01 2.83712363e+00 0.00000000e+00 9.30031002e-01
  1.82768655e+00 1.07749879e+00 7.77007461e-01 1.68424740e-01
  4.87179470e+00 5.12873077e+00 1.59038603e+00 2.86303997e+00
  3.02779412e+00 5.66016175e-02 6.84820557e+00 1.06099939e+01
  4.49264735e-01 3.41321802e+00 6.43694496e+00 7.70492220e+00
  2.63275057e-02 2.81224537e+00 1.99976492e+00 4.03186178e+00
  2.93828011e+00 1.89393580e+00 1.88605499e+00 9.82712030e-01
  2.67974824e-01 0.00000000e+00 5.29052925e+00 3.91882324e+00
  4.87357080e-01 5.99386835e+00 1.61635590e+00 0.00000000e+00
  2.02653313e+00 6.73602581e-01 1.21991739e+01 6.51043940e+00
  1.64685935e-01 9.05955434e-01 8.15364778e-01 1.96646130e+00
  3.91116261e+00 1.58174479e+00 8.90994743e-02 5.60003662e+00
  8.13455462e-01 1.98851335e+00 5.92960238e-01 4.30015945e+00
  7.20813417e+00 7.44708180e-02 3.71973348e+00 2.54568338e-01
  5.43863392e+00 2.51014185e+00 6.03645563e-01 1.64233994e+00
  7.86999130e+00 1.22930908e+01 2.32357979e+00 4.33940172e+00
  0.00000000e+00 4.63250685e+00 8.83024597e+00 1.22064400e+00
  3.67822170e-01 8.95164490e+00 3.87106800e+00 8.92341360e-02
  3.41853118e+00 5.22652149e+00 1.53539276e+00 6.12032223e+00
  8.39727581e-01 3.67517281e+00 2.75315475e+00 5.78435516e+00
  0.00000000e+00 1.49748102e-01 2.30341572e-02 8.15258920e-02
  8.16978359e+00 1.43941355e+00 5.18996477e-01 2.81420887e-01
  8.11760366e-01 4.29610237e-02 2.30006981e+00 2.01105714e-01
  5.27761364e+00 1.42052972e+00 3.10766697e+00 3.15429997e+00
  1.83432722e+00 1.19940972e+00 7.47627839e-02 1.34511547e+01
  1.05257332e+00 1.73226357e+00 0.00000000e+00 0.00000000e+00
  9.81763124e-01 8.77526283e+00 1.49867315e+01 8.39090729e+00
  7.75003850e-01 8.86914551e-01 1.30910814e+00 1.92448676e+00
  7.91565239e-01 2.61512852e+00 9.41706896e-01 2.81138945e+00
  1.37055016e+00 7.16418266e-01 1.96901172e-01 6.31709576e+00
  2.36071181e+00 0.00000000e+00 2.44471526e+00 2.12255910e-01
  2.57424414e-02 3.69010019e+00 9.48757231e-01 2.70999217e+00
  2.66100144e+00 1.05721056e+00 1.25394356e+00 1.82290637e+00
  1.31459510e+00 1.54916391e-01 1.96710718e+00 1.25042117e+00
  2.91478920e+00 1.69999504e+00 6.03698683e+00 4.22833157e+00
  1.17731199e+01 6.15516806e+00 1.18768916e-01 1.16676164e+00
  2.61377335e+00 1.85088909e+00 7.45445776e+00 2.47816443e+00
  4.35802889e+00 1.59621584e+00 1.64573264e+00 3.17459273e+00
  2.82601452e+00 2.52830714e-01 3.06514382e+00 7.57750082e+00
  3.12120652e+00 0.00000000e+00 1.11956244e+01 7.24305749e-01
  1.81419289e+00 1.57515240e+00 7.93759727e+00 4.99805152e-01
  2.84410000e+00 2.12292600e+00 9.35130310e+00 0.00000000e+00
  1.39877415e+00 7.24954224e+00 8.58396411e-01 3.74193811e+00
  1.06856704e+00 2.40879393e+00 2.37851715e+00 9.23285484e+00
  7.17413568e+00 7.28053808e+00 1.87939152e-01 2.20861387e+00
  2.92490101e+00 8.35165691e+00 4.19562244e+00 2.61548853e+00
  2.40120962e-01 6.63482666e+00 2.32135963e+00 3.86980176e+00
  3.53211403e+00 2.28039455e+00 5.71461797e-01 4.35911655e+00
  2.72311360e-01 7.44623232e+00 1.80081040e-01 2.30772376e+00
  4.88424927e-01 3.69039822e+00 3.68413150e-01 2.47287488e+00
  4.17279929e-01 3.11669558e-01 1.14988899e+01 5.56704330e+00
  5.68042159e-01 3.31803298e+00 2.24577856e+00 2.20439625e+00
  4.40590477e+00 1.55792767e-02 1.88790607e+00 1.77912939e+00
  7.02108264e-01 5.28868055e+00 4.05117542e-01 1.11774790e+00
  1.99621522e+00 6.08337641e+00 1.61585426e+00 5.70415926e+00
  4.41465735e-01 1.90225577e+00 1.05043898e+01 0.00000000e+00
  2.01573062e+00 8.02330875e+00 6.95863914e+00 5.69378662e+00
  0.00000000e+00 5.11560011e+00 3.87010407e+00 3.35356021e+00
  1.10410070e+00 4.92557383e+00 8.71430695e-01 0.00000000e+00
  6.71157360e-01 0.00000000e+00 0.00000000e+00 1.98915184e+00
  4.61097574e+00 1.56482506e+00 1.30393362e+00 2.42227101e+00
  4.85057497e+00 1.58593580e-01 5.11425686e+00 5.53998910e-02
  9.22206581e-01 2.09985256e+00 6.70055723e+00 4.02875233e+00
  1.21175461e+01 5.43407559e-01 0.00000000e+00 2.93125808e-01
  9.80176163e+00 2.02759624e+00 1.37563705e-01 3.73550248e+00
  3.93131948e+00 1.22109741e-01 4.34876823e+00 4.23913479e+00
  1.48236799e+00 1.70582080e+00 4.80304211e-02 8.43229485e+00
  6.49112988e+00 2.28403497e+00 2.31214309e+00 1.35347354e+00
  8.22580636e-01 6.35383558e+00 6.98452294e-01 2.05882430e+00
  6.70711708e+00 3.23136687e+00 7.98454225e-01 1.76958680e-01
  1.72826326e+00 2.37726307e+00 8.86450946e-01 4.72316474e-01
  5.92575121e+00 0.00000000e+00 8.81546593e+00 7.36950696e-01
  2.38929510e+00 2.15905762e+00 3.97290778e+00 2.44858742e+00
  1.74670196e+00 8.99731922e+00 1.25664532e+00 2.61391371e-01
  1.56484640e+00 8.70552063e+00 1.11349165e+00 3.40045953e+00
  2.86661172e+00 4.50796127e+00 1.33303642e+00 7.26211214e+00
  2.46307969e+00 2.77247858e+00 3.48197460e-01 1.10939646e+01
  2.01126742e+00 5.08097553e+00 9.06754017e+00 1.82917953e+00
  9.80006009e-02 2.91464472e+00 2.19210601e+00 2.14843917e+00
  1.04325736e+00 3.42792654e+00 2.62366623e-01 8.57515335e+00
  4.60757208e+00 1.72999835e+00 4.14867115e+00 0.00000000e+00
  9.59229469e-01 4.39900112e+00 5.00846148e-01 1.71385086e+00
  9.07711089e-02 1.64809406e+00 1.40266109e+00 1.05329585e+00
  1.63825703e+01 7.67271280e+00 1.27059609e-01 6.68796015e+00
  1.68736070e-01 9.14735854e-01 1.43406305e+01 2.06446886e+00
  5.45972919e+00 2.16440961e-01 1.90611286e+01 6.90831327e+00
  8.82020965e-02 2.75761604e+00 3.23181748e-01 4.73816252e+00
  1.47986281e+00 1.89260304e+00 3.73253655e+00 1.35651815e+00
  8.20915604e+00 2.02250218e+00 3.71510796e-02 1.38073559e+01
  2.59753990e+00 1.92710483e+00 2.12549829e+00 1.48366535e+00
  5.87239647e+00 5.46583843e+00 4.27250057e-01 2.99793577e+00
  8.21070611e-01 8.03851783e-01 4.99496889e+00 1.78965473e+00
  2.26321840e+00 4.02058315e+00 9.26153600e-01 3.92479777e+00
  9.76419735e+00 3.19430757e+00 1.23315775e+00 2.01647067e+00
  1.95572448e+00 1.15528250e+01 2.46975088e+00 6.49308109e+00
  6.31212997e+00 6.62655687e+00 4.51311760e-04 4.79771090e+00
  9.74786729e-02 3.44990444e+00 4.73933554e+00 2.70147204e+00
  0.00000000e+00 4.87535745e-01 1.29339898e+00 2.86280179e+00
  1.47123623e+00 1.59686804e+00 1.55361629e+00 3.78361940e+00
  1.05497437e+01 2.66471207e-01 3.54830623e+00 3.66678333e+00
  0.00000000e+00 2.25115085e+00 2.80084515e+00 1.23467875e+00
  4.60534096e+00 5.07546775e-02 1.24814663e+01 5.12840688e-01
  9.03886127e+00 1.31673110e+00 7.22065687e+00 1.79162967e+00
  1.40561104e-01 3.43538702e-01 2.20027184e+00 4.05628061e+00
  5.35885274e-01 4.74316142e-02 4.57699955e-01 4.36151409e+00
  2.35925817e+00 1.31138250e-01 7.65509987e+00 1.30080914e+00
  8.61671984e-01 3.98331918e-02 0.00000000e+00 1.12336063e+01
  5.84538984e+00 1.06980894e-02 4.20762253e+00 8.39115620e+00
  1.94024622e+00 1.63112783e+00 6.99718189e+00 3.21715999e+00
  1.24744475e+00 3.37768126e+00 4.89141941e-01 1.91633999e-01
  0.00000000e+00 2.04669213e+00 4.25480664e-01 2.31677711e-01
  3.18488503e+00 4.60484028e-01 9.89696532e-02 2.52741241e+00
  3.88367319e+00 5.15372038e+00 4.33019176e-02 2.99933386e+00
  7.75106788e-01 2.33113027e+00 4.68593407e+00 9.09470558e-01
  7.67714158e-02 7.58600980e-02 2.93657255e+00 1.81820691e-02
  1.31211352e+00 0.00000000e+00 3.17415476e+00 5.59549522e+00
  4.77967453e+00 0.00000000e+00 7.69410467e+00 1.74731231e+00
  1.52771616e+00 1.04662151e+01 6.55728102e+00 1.12040448e+00
  3.41114640e+00 6.63177156e+00 3.61669755e+00 1.38182688e+00
  7.06657791e+00 4.72193688e-01 4.85743904e+00 3.04986882e+00
  8.40861797e+00 4.15439892e+00 4.62512398e+00 9.39351916e-01
  1.28534639e+00 7.10273683e-02 2.41307044e+00 7.69450441e-02]]