[[1.3132496e+00 5.0485315e+00 1.8452008e-01 1.3712126e+00 1.8602633e-01
  6.1964583e+00 1.7779580e+00 0.0000000e+00 6.5697150e+00 9.1959260e-02
  3.4714106e-01 1.3592743e+00 3.8962252e+00 1.0871607e+00 0.0000000e+00
  1.0526502e+00 1.6206285e+00 0.0000000e+00 9.4966032e-02 3.7629621e+00
  0.0000000e+00 8.1978607e-01 5.0377935e-01 6.2250481e+00 5.6756294e-01
  3.2716763e+00 1.7640465e+00 8.5195770e+00 4.3473551e-01 1.0759429e+00
  3.6092517e-01 5.1325309e-01 4.3585254e-03 3.9042521e+00 3.8754294e+00
  1.2571375e+00 2.3138416e+00 0.0000000e+00 2.0266116e+00 3.4208570e+00
  3.1977847e+00 7.0253319e-01 3.7937675e+00 2.9891133e+00 7.5138670e-01
  7.2254315e-02 0.0000000e+00 0.0000000e+00 1.6168284e+00 6.2611532e-01
  1.0865921e+01 6.7165728e+00 1.2167894e+00 1.9488571e+00 1.7082444e+00
  8.3436179e-01 2.1635766e+00 5.4197013e-01 8.6296362e-01 1.4562308e+00
  5.9925156e+00 9.3928045e-01 8.3843737e+00 2.4574578e+00 0.0000000e+00
  1.1847358e+00 2.2030392e+00 1.3755624e+00 2.7001045e+00 1.5854321e+00
  3.0930508e+01 4.3521914e+00 5.1692295e-01 2.0874549e-01 1.2194631e+00
  1.0649929e+00 4.7301841e-01 4.6062117e+00 4.7911456e-01 1.7122726e+00
  4.0573007e-01 6.2704867e-01 1.5239335e-02 6.0330194e-01 4.9599795e+00
  8.4278879e+00 5.0850759e+00 1.0898106e+00 3.6294804e+00 3.4360597e+00
  1.3782216e+00 4.6178889e+00 2.0439260e+00 1.7762706e+00 2.1813886e+00
  2.7016578e+00 1.1660160e+00 4.0556911e-01 1.9859111e+00 2.1081531e+00
  2.1858227e-01 1.2853715e+00 2.1851416e+00 2.6748431e+00 1.1491419e+00
  3.1104214e+00 2.2821290e+00 1.1695632e-01 8.3152622e-01 1.4471893e+00
  1.4227680e+00 2.2095878e-01 3.8153949e+00 4.1390128e+00 4.1218939e+00
  2.1167922e+00 8.5018234e+00 1.2783557e+00 2.2628981e-01 1.3034115e+00
  2.7044005e+00 1.4939762e+00 4.7034111e+00 2.1520972e+00 2.7055142e+00
  1.6274741e+00 1.9721661e+00 4.0619057e-02 5.3973632e+00 1.3643179e+01
  0.0000000e+00 1.5355580e+00 3.6319685e+00 5.1980537e-01 1.2883053e+00
  5.3933005e+00 1.4575794e+00 4.5649615e-01 1.3363439e+00 1.8077480e+00
  1.7692259e-01 4.8791838e-01 2.9009557e-01 5.0830283e+00 8.6928809e-01
  4.1667895e+00 1.9681777e+00 3.9313152e-02 2.1484216e-01 3.3013461e+00
  3.9874203e+00 3.3295379e+00 1.2351587e+00 3.4724021e+00 1.1027963e+00
  2.5120208e+00 1.4891044e+00 9.7324222e-01 9.5360518e-01 1.0634856e+00
  3.5749300e+00 5.2102283e-02 3.4772584e+00 2.1834950e+00 5.9554678e-01
  1.9084184e+00 1.1252998e+00 2.7742348e+00 8.8914162e-01 0.0000000e+00
  6.6638103e+00 7.8245735e+00 2.4704080e+00 2.3754646e+01 2.4702384e+00
  0.0000000e+00 1.0324739e+00 3.0442715e+00 6.3694444e+00 6.0795031e+00
  3.1732619e-01 7.9080183e-03 9.2410431e+00 2.4812746e+00 7.8685421e-01
  9.4701672e-01 3.9062412e+00 2.1479523e+00 3.9422116e+00 1.6765545e-01
  6.7073859e-02 6.1510158e-01 0.0000000e+00 5.0126328e+00 1.9511305e+00
  1.1645032e+00 2.1817822e+00 3.1252770e+00 6.0076171e-01 6.3441050e-01
  2.6841013e+00 3.2340605e+00 2.5578490e-01 4.0715170e-01 5.3362002e+00
  4.6333477e-01 4.7126617e+00 5.8875384e+00 6.5226135e+00 6.4028053e+00
  7.1889442e-01 3.2131347e-01 6.4589232e-01 6.8206030e-01 3.4471629e+00
  1.0307596e+00 1.1580777e+01 0.0000000e+00 1.5439833e+00 1.6703414e+00
  2.8515201e+00 1.5537268e+00 1.6944034e+00 2.0216000e+00 2.8318438e-01
  1.1723519e+01 2.2539904e+00 1.3683928e+00 3.0537713e+00 9.3138665e-01
  8.0928884e-02 3.9319074e+00 3.8205817e-02 5.6876242e-01 8.4077609e-01
  5.9381576e+00 7.9121270e+00 4.0844612e+00 5.4985344e-01 2.1976299e+00
  7.5421327e-01 1.1900500e+00 3.2982299e+00 6.2414513e+00 5.3861433e-01
  4.2038417e+00 1.7859432e+00 4.0343460e-01 1.5053949e+00 1.2516150e-01
  3.0089660e+00 7.7619886e-01 0.0000000e+00 7.6115503e+00 6.9459352e+00
  1.6171600e+00 2.2149386e+00 1.5826387e+00 7.3546177e-01 5.9407139e-01
  4.9047720e-01 4.0703496e-01 1.7710531e+00 5.3440933e+00 2.8718078e+00
  1.9342327e+00 2.6861367e+00 4.7417121e+00 1.1343094e+01 3.1903291e+00
  3.8793433e-01 0.0000000e+00 9.3037677e-01 1.7478433e+00 5.0470099e+00
  3.0192037e+00 4.6340132e+00 3.1073184e+00 1.6264307e+00 3.5482576e-01
  8.4943962e+00 4.1047373e+00 7.1567450e+00 4.1510148e+00 2.3233385e+00
  1.5434471e-01 6.2893920e+00 1.3826342e+00 2.1157677e+00 3.6220336e+00
  1.1207544e+00 7.0308131e-01 8.4563577e-01 2.5503466e+00 2.8318522e+00
  1.3077799e+00 1.2823876e+00 2.8206825e+00 0.0000000e+00 0.0000000e+00
  1.6151316e+00 2.9096618e+00 6.4990621e+00 1.0554693e+00 3.7218983e+00
  2.5266130e+00 3.0081612e-01 1.4009421e+00 1.7135088e-01 1.5335917e+00
  1.1171279e+00 0.0000000e+00 1.2870282e+00 3.6503747e+00 5.9738952e-01
  1.1838379e+00 4.4922776e+00 2.7477732e+00 7.0395541e+00 3.3624337e+00
  1.2397588e+01 2.1930542e+00 2.9547986e-01 5.3867736e+00 2.9805174e+00
  1.8868967e+00 1.0205436e+00 4.1886868e+00 4.7647578e-01 2.1565588e-02
  9.7513837e-01 4.2371788e+00 8.4118497e-01 3.3211343e+00 5.7125993e+00
  1.7229390e+00 1.1029494e+00 3.4877048e+00 2.7927585e+00 3.6272910e-01
  1.0165317e+00 0.0000000e+00 7.6864684e-01 2.6898539e-01 4.1042771e+00
  3.0471539e+00 2.6626668e+00 1.1122857e+00 2.2845142e+00 6.5098920e+00
  5.1402408e-03 2.1159554e+00 1.7965508e-01 4.1009712e+00 2.3552594e+00
  0.0000000e+00 4.4700136e+00 1.6045232e+00 1.6548814e+00 3.4053957e+00
  1.3246608e+01 1.8688731e+00 2.7052662e+00 6.8559222e+00 2.7310545e+00
  0.0000000e+00 3.5426667e+00 3.5636747e+00 2.6217926e+00 7.7277350e-01
  3.5799184e+00 1.2111650e+00 1.2952467e+00 5.5931758e-02 4.5981526e+00
  7.0488513e-01 8.3776313e-01 1.4986250e+00 1.7978929e+00 0.0000000e+00
  3.2127895e+00 6.7255557e-01 4.2212634e+00 2.6752098e+00 4.8928509e+00
  3.3963666e+00 1.9117268e+00 3.8619092e-01 0.0000000e+00 3.2117460e+00
  1.0394102e+00 3.0926261e+00 5.3406229e+00 7.9968357e-01 4.4949803e+00
  8.0811334e-01 1.3109287e+00 3.2430379e+00 5.0374582e-02 4.1322571e-01
  1.8012290e+00 2.2622709e+00 0.0000000e+00 1.1989829e-02 1.6828330e+00
  1.7992588e+00 1.1591824e+00 1.2921700e+00 1.9131252e-01 4.6523032e+00
  5.7567258e+00 2.1196640e+00 1.7755300e-01 0.0000000e+00 4.8759788e-02
  1.0138410e+00 0.0000000e+00 4.0546145e+00 7.5853276e-01 6.6928428e-01
  1.3674254e+00 1.2226880e+00 0.0000000e+00 4.3867812e+00 1.0480381e+00
  5.6764859e-01 1.3900408e+00 2.7662842e+00 7.6501608e-01 3.1871021e+00
  3.2719479e+00 4.6373816e+00 1.7560537e-01 8.8176222e+00 8.0682713e-01
  2.6372540e-01 4.1616683e+00 2.1782084e+00 2.0177543e+00 0.0000000e+00
  1.5779011e+00 6.9376712e+00 3.7812549e-01 2.6154456e+00 1.0881913e+01
  5.1108389e+00 4.1836400e+00 8.3170700e-01 0.0000000e+00 6.9880247e-01
  0.0000000e+00 5.7143369e+00 3.7777824e+00 4.3795323e+00 2.0565107e+00
  6.1604977e+00 1.0373387e+01 8.5162860e-01 1.0097672e+00 8.4010992e+00
  5.3196073e-01 5.5599360e+00 5.4716516e+00 9.5524096e-01 0.0000000e+00
  3.8268056e+00 1.1971517e+01 6.3824053e+00 3.6098559e+00 3.6239450e+00
  4.1334012e-01 1.4831384e+00 4.8661119e-01 2.3658888e+00 0.0000000e+00
  8.2325792e-01 2.1286023e+00 2.6173000e+00 9.9755216e-01 8.1711876e-01
  2.8173103e+00 1.4284908e+00 2.0115557e+00 2.9421684e-01 0.0000000e+00
  4.0629563e+00 5.2309628e+00 5.5773072e-02 3.7810267e-03 1.4123795e+00
  1.6254191e+00 4.9092406e-03 4.4947248e+00 3.4306185e+00 2.6637428e+00
  2.2185655e+00 3.8744235e-01 1.8554363e+00 8.0699432e-01 1.7346429e+00
  5.6043725e+00 4.8825356e-01 5.4822979e+00 7.6815051e-01 2.3519139e+00
  8.3680451e-01 1.5207648e+00 2.2549355e+00 1.5868022e+00 1.0335950e+00
  7.4247646e+00 6.7739144e-02]]