[[2.85515881e+00 1.04846764e+00 1.75758731e-02 7.26079568e-02
  2.77927256e+00 6.81681347e+00 4.45675564e+00 1.64569843e+00
  2.57453275e+00 2.64192939e-01 1.39370844e-01 3.42409253e-01
  4.60551071e+00 6.30751133e+00 3.33545476e-01 3.83762789e+00
  2.01984811e+00 4.14650589e-01 1.26293287e-01 4.03587246e+00
  2.26790094e+00 2.10836697e+01 2.67554998e-01 6.58451891e+00
  2.70205408e-01 7.64868021e+00 9.61070836e-01 3.43633008e+00
  1.66796863e-01 4.16126966e-01 3.97156402e-02 1.40296483e+00
  0.00000000e+00 9.63194072e-01 0.00000000e+00 9.81341898e-01
  6.31830692e-02 5.94153881e-01 5.27204847e+00 5.43973970e+00
  3.18067718e+00 4.19266522e-01 2.83607888e+00 3.03829837e+00
  1.05379987e+00 4.47660945e-02 6.21449232e+00 2.04360032e+00
  5.08820724e+00 1.94082904e+00 4.82716024e-01 1.98578191e+00
  2.15040892e-01 1.49136364e+00 1.62122893e+00 3.66697359e+00
  4.82355928e+00 5.44361401e+00 2.88994670e+00 4.12743759e+00
  3.55751157e-01 1.63537490e+00 6.35673809e+00 2.09175181e+00
  1.07316084e-01 1.18524399e+01 5.07247257e+00 4.97226429e+00
  5.49832964e+00 2.24173188e+00 1.41674089e+00 1.84077251e+00
  8.04402733e+00 1.00101776e+01 5.21602631e+00 3.51590604e-01
  2.66712278e-01 7.19371557e+00 6.71071783e-02 3.06110406e+00
  0.00000000e+00 6.06425762e-01 3.69024992e+00 0.00000000e+00
  4.84408826e-01 1.72948575e+00 8.25465965e+00 2.85139227e+00
  4.74689484e+00 0.00000000e+00 2.22883058e+00 4.77264225e-02
  5.04056096e-01 1.48164010e+00 0.00000000e+00 4.25067931e-01
  1.04046278e-01 2.39925528e+00 1.67245567e-01 6.77177382e+00
  4.02509451e+00 4.52731895e+00 8.83640194e+00 7.10621929e+00
  0.00000000e+00 2.60047108e-01 1.06620371e+00 2.50398606e-01
  0.00000000e+00 1.25936508e+00 3.42010188e+00 1.73158741e+00
  3.83703262e-01 1.36093819e+00 4.08346087e-01 7.89584666e-02
  2.76660037e+00 5.70603800e+00 2.16974831e+00 3.68811631e+00
  0.00000000e+00 4.40447360e-01 1.47768354e+00 5.14127731e+00
  1.47568655e+00 3.93781114e+00 0.00000000e+00 2.74752170e-01
  4.33445692e+00 1.31750784e+01 1.37358713e+00 1.53228104e+00
  8.40491581e+00 5.74692078e-02 2.60435700e+00 3.24715352e+00
  4.82342392e-01 4.64005804e+00 2.01431584e+00 3.32389712e-01
  8.08357745e-02 7.48742640e-01 3.56636435e-01 1.34529233e+00
  1.59776747e+00 1.05606806e+00 4.66915751e+00 5.73927581e-01
  0.00000000e+00 4.74791437e-01 1.12409992e+01 2.10320807e+00
  6.43044472e-01 0.00000000e+00 2.44654521e-01 1.53548574e+00
  4.04141760e+00 9.85502338e+00 1.67713284e+00 1.38210714e+00
  5.81880951e+00 4.56687450e+00 5.49216270e+00 8.04118931e-01
  2.42595935e+00 1.00255454e+00 2.44185120e-01 5.47734118e+00
  0.00000000e+00 3.20509028e+00 2.25902700e+00 5.86175442e-01
  1.15642414e+01 2.66244411e+00 3.21921611e+00 8.14193428e-01
  0.00000000e+00 6.94564998e-01 8.44206429e+00 1.45773563e+01
  9.00005627e+00 1.24837041e+00 1.55588543e+00 1.85974991e+00
  9.18614507e-01 3.21430063e+00 1.05206089e+01 1.63350022e+00
  1.51963186e+00 1.10799289e+00 5.12371492e+00 0.00000000e+00
  2.90613294e+00 3.57014775e+00 0.00000000e+00 4.10244608e+00
  2.47259829e-02 1.83379936e+01 6.88840449e-01 0.00000000e+00
  9.26445276e-02 1.41045058e+00 5.73524833e-02 2.82313019e-01
  8.29525280e+00 1.15010643e+00 1.91182518e+00 5.52313924e-01
  2.37287253e-01 3.28034371e-01 1.86913049e+00 1.00147180e-01
  0.00000000e+00 5.36456048e-01 1.27147210e+00 7.20426083e-01
  3.48329496e+00 2.03624082e+00 1.53061366e+00 2.40597653e+00
  4.20723200e+00 2.54529762e+00 4.93970251e+00 1.43941760e+00
  1.07723320e+00 6.09571695e+00 0.00000000e+00 8.34492207e-01
  1.39162612e+00 1.54307151e+00 1.93823850e+00 9.48686242e-01
  4.07141745e-01 4.94288540e+00 1.35443592e+00 7.23122120e+00
  1.79660130e+00 9.90374184e+00 2.23976523e-01 1.81395566e+00
  2.78494048e+00 0.00000000e+00 2.40040421e+00 2.61270618e+00
  3.64852262e+00 6.65373707e+00 1.12605228e+01 3.19135809e+00
  1.53091395e+00 1.04868793e+00 5.40318584e+00 1.55361819e+00
  5.48153281e-01 3.76723957e+00 6.34176683e+00 5.19556105e-01
  5.57378531e-01 6.85371220e-01 6.10315800e+00 3.37056065e+00
  0.00000000e+00 2.29457259e+00 0.00000000e+00 4.96416950e+00
  4.39009047e+00 1.80494380e+00 0.00000000e+00 2.17883229e+00
  5.32608700e+00 8.27100694e-01 3.63754153e+00 1.22452033e+00
  5.00199127e+00 4.31949997e+00 4.47412825e+00 1.34054363e+00
  8.72940540e-01 1.77536070e-01 2.13949978e-01 1.45775909e+01
  8.94428539e+00 1.35332072e+00 1.84483452e+01 6.07741833e+00
  1.11611927e+00 1.21493012e-01 2.89004855e-02 5.42309284e-01
  6.07195377e-01 1.28054485e+01 1.10758603e+00 1.48505616e+00
  7.63925672e-01 1.25352919e+00 3.56122255e+00 1.65572500e+00
  3.59260869e+00 0.00000000e+00 4.46843237e-01 0.00000000e+00
  2.87314343e+00 3.05849493e-01 1.61045849e+00 1.72346699e+00
  5.45216918e-01 1.63177478e+00 1.02523005e+00 3.49934727e-01
  1.17878783e+00 2.86382771e+00 0.00000000e+00 3.49559546e-01
  5.22815645e-01 4.73217815e-01 2.18433246e-01 4.57634956e-01
  5.85369492e+00 1.37884436e+01 3.31162858e+00 7.89967358e-01
  6.91835225e-01 3.20479684e-02 2.63134933e+00 3.50224018e-01
  2.08930779e+00 3.62425065e+00 2.00752330e+00 5.09319641e-02
  1.32993925e+00 1.55071706e-01 2.84586370e-01 3.88407874e+00
  8.60729456e-01 7.91869819e-01 3.34294128e+00 2.67506170e+00
  2.72657156e+00 5.01177025e+00 1.54724979e+01 3.80264044e+00
  3.50107513e-02 0.00000000e+00 0.00000000e+00 1.39608014e+00
  2.38989258e+00 4.13876820e+00 6.94347322e-01 4.40510941e+00
  1.88235784e+00 0.00000000e+00 2.72327137e+00 2.52034521e+00
  0.00000000e+00 6.03442383e+00 1.05451465e+00 6.84023127e-02
  4.23986626e+00 6.85400724e+00 5.83803320e+00 3.28241467e-01
  1.05725613e+01 6.26464427e-01 8.02800083e+00 1.96185574e-01
  4.56190872e+00 3.59667253e+00 5.15650272e+00 1.37596846e+00
  7.59436965e-01 0.00000000e+00 3.87676048e+00 4.97014093e+00
  2.63835877e-01 7.65595317e-01 4.70455885e+00 1.02830105e+01
  0.00000000e+00 6.27012491e+00 2.89210916e+00 8.00587773e-01
  5.33734369e+00 2.10461283e+00 1.00178754e+00 2.74010992e+00
  4.09882128e-01 1.74975467e+00 2.25216269e+00 3.07614356e-01
  1.37677324e+00 9.15185356e+00 4.14854318e-01 2.25309277e+00
  3.78752160e+00 1.98595738e+00 4.74911323e-03 1.01654403e-01
  4.46090555e+00 2.84856176e+00 1.49468839e+00 1.61524010e+00
  3.30612659e+00 1.67228103e+00 5.05433083e+00 6.01783705e+00
  1.23610961e+00 3.70066494e-01 1.04539908e-01 1.87757719e+00
  6.20176643e-02 5.20521164e+00 5.35418892e+00 1.69763649e+00
  2.07963064e-01 6.30685361e-03 7.07361042e-01 6.45413816e-01
  5.38308881e-02 1.91326821e+00 0.00000000e+00 1.18309438e+00
  1.25639486e+00 3.11106849e+00 3.17377113e-02 3.78285432e+00
  7.94147670e-01 1.59774172e+00 2.38392091e+00 1.30884428e+01
  1.16297646e+01 0.00000000e+00 0.00000000e+00 1.22397556e+01
  1.01541376e+01 0.00000000e+00 4.48359632e+00 1.14060421e+01
  1.91217244e+00 1.11633091e+01 3.48333097e+00 0.00000000e+00
  2.38614726e+00 2.77389020e-01 5.16805351e-01 5.40468931e+00
  9.27495122e-01 8.49260211e-01 2.81176996e+00 1.90925443e+00
  3.48518252e-01 1.05713737e+00 5.14981842e+00 2.85787153e+00
  3.17090011e+00 4.87445831e+00 4.95479202e+00 6.77025139e-01
  7.66643047e+00 2.89448118e+00 4.14234209e+00 2.89765835e+00
  1.72916377e+00 0.00000000e+00 1.23245144e+00 3.34101439e-01
  0.00000000e+00 5.34247458e-01 1.16406465e+00 1.49164164e+00
  1.22249568e+00 1.57825685e+00 3.46325850e+00 7.03570485e-01
  1.06848526e+00 9.60557652e+00 1.03478360e+00 1.48316652e-01
  1.11754875e+01 1.09372997e+00 4.16551542e+00 9.67383766e+00
  6.21298194e-01 1.85752368e+00 2.58762985e-01 2.05014968e+00
  0.00000000e+00 5.41526699e+00 7.62988901e+00 5.21211838e-03
  3.37252808e+00 1.35579073e+00 5.40696025e-01 0.00000000e+00
  2.29326244e-02 2.23801804e+00 1.16740000e+00 5.86444378e-01
  6.02925873e+00 2.52409267e+00 1.93750870e+00 2.07377052e+00
  5.86997938e+00 0.00000000e+00 2.08071828e+00 2.88460582e-01
  3.84557414e+00 1.90452486e-02 1.11874838e+01 1.27139831e+00
  2.00483173e-01 2.27120146e-01 2.98901772e+00 7.07683086e+00]]