[[1.29970622e+00 3.75236011e+00 3.15682101e+00 1.31816554e+00
  3.29958057e+00 4.82222462e+00 7.14206696e+00 2.22646465e+01
  4.43669701e+00 1.39777052e+00 5.48264265e-01 2.62562799e+00
  3.29688597e+00 9.45630360e+00 1.14829326e+00 4.16754103e+00
  9.47175682e-01 4.61484879e-01 1.29696792e-02 3.41723132e+00
  4.83663470e-01 3.64622188e+00 1.03282700e+01 1.44001889e+00
  3.18580307e-02 8.59517765e+00 7.56890059e+00 5.27619886e+00
  7.13531494e+00 7.82946777e+00 1.49669504e+00 0.00000000e+00
  4.61495018e+00 7.54865694e+00 3.84545326e+00 7.45340228e-01
  1.21746051e+00 2.75014019e+00 6.75396109e+00 3.63293958e+00
  2.88930774e+00 4.72141981e+00 1.28943694e+00 3.73743629e+00
  0.00000000e+00 5.49058819e+00 3.34176016e+00 7.14054394e+00
  5.08790827e+00 1.73553669e+00 4.30913903e-02 1.45650685e+00
  2.06901670e-01 2.45246768e+00 7.93222713e+00 4.77391100e+00
  7.86502457e+00 1.05199385e+01 1.24878855e+01 2.10137248e+00
  4.32072115e+00 6.29640293e+00 1.11779947e+01 3.59761930e+00
  2.26602793e-01 4.91739988e+00 0.00000000e+00 1.40564334e+00
  1.06472671e+00 3.48553181e+00 2.15889549e+00 2.49091077e+00
  1.81600630e-01 1.15402269e+01 5.40581681e-02 7.29301310e+00
  7.45905495e+00 1.02108967e+00 9.94191527e-01 3.36832500e+00
  1.21395290e+00 3.38386321e+00 1.57346516e+01 2.45343399e+00
  7.77831364e+00 6.72199678e+00 2.04918280e-01 1.03320456e+00
  7.21833944e+00 3.70114930e-02 3.73816633e+00 6.40612841e+00
  4.72040266e-01 3.33704734e+00 8.14944839e+00 1.53438151e-01
  3.75237203e+00 1.95665026e+00 9.97193909e+00 1.98176324e+00
  1.85686752e-01 6.74361515e+00 1.14268303e+00 1.29900589e+01
  3.72031450e-01 1.59529114e+00 3.76164794e-01 3.45174283e-01
  7.69431686e+00 3.23559642e+00 3.67447710e+00 5.24518776e+00
  1.15811467e+00 1.85892689e+00 2.81433672e-01 9.24454778e-02
  1.35749178e+01 1.26994506e-01 4.47889948e+00 5.27368593e+00
  7.10410833e-01 8.56922245e+00 0.00000000e+00 1.69808044e+01
  1.50771141e+00 6.90448952e+00 0.00000000e+00 8.12163204e-02
  4.96793956e-01 1.51409779e+01 1.40302753e+00 1.52042127e+00
  1.06197720e+01 3.79684329e-01 3.11108112e+00 2.95326805e+00
  4.33581924e+00 1.61925673e+00 1.52500510e+00 2.67719669e+01
  1.15398288e+00 2.01107860e+00 5.96995163e+00 4.70948076e+00
  3.25838089e+00 6.36188388e-01 2.12241173e+00 1.21780682e+00
  1.37694347e+00 6.22563839e-01 2.41425082e-01 3.88192677e+00
  1.93657982e+00 2.12621522e+00 7.78149426e-01 6.12167025e+00
  9.12406623e-01 7.45746279e+00 1.67330837e+00 5.06680870e+00
  8.24998468e-02 5.98899269e+00 3.06895947e+00 0.00000000e+00
  7.53327703e+00 1.81294143e+00 6.33206293e-02 4.14443731e+00
  4.09362411e+00 2.43222165e+00 2.47107953e-01 1.64570463e+00
  1.28270829e+00 5.08227634e+00 1.87742221e+00 3.34341836e+00
  6.43608189e+00 1.64157540e-01 7.63042593e+00 1.72849102e+01
  3.23352575e+00 1.57264709e+00 7.96948576e+00 1.80408861e-02
  2.00620437e+00 7.60980904e-01 1.05978179e+00 3.63030024e-02
  3.41095686e-01 3.38378668e+00 1.09998789e+01 1.72349501e+00
  3.32705045e+00 7.07060385e+00 4.65285093e-01 6.95045650e-01
  1.92345750e+00 2.01146545e+01 1.09734545e+01 4.98351932e-01
  4.65861511e+00 1.55439198e+00 9.32245433e-01 7.82404602e-01
  6.60600519e+00 4.27616262e+00 1.97361386e+00 4.00462723e+00
  2.10881233e+00 2.84638143e+00 7.20687914e+00 2.38376307e+00
  4.45473343e-02 7.51300001e+00 7.39140034e-01 1.00697792e+00
  1.13306868e+00 4.04356003e+00 2.29413416e-02 4.40228701e+00
  4.22985792e+00 4.79907990e+00 2.91075873e+00 3.72513437e+00
  1.07253551e+00 1.49215775e+01 7.46762419e+00 2.11444870e-01
  3.35041672e-01 2.65077138e+00 2.53047800e+00 0.00000000e+00
  1.24592376e+00 1.40133011e+00 1.15392017e+00 2.21831727e+00
  9.69274268e-02 8.65143204e+00 2.43415952e+00 2.56613135e+00
  0.00000000e+00 6.07406425e+00 1.49426675e+00 4.90736055e+00
  1.37994337e+00 6.08578730e+00 6.56753111e+00 3.80684304e+00
  7.72582769e+00 5.54105806e+00 2.12307096e+00 6.50531578e+00
  6.44740629e+00 7.13493633e+00 3.58266473e+00 0.00000000e+00
  2.41961122e+00 3.06988859e+00 1.28986681e+00 8.35352325e+00
  5.07663441e+00 2.07573157e-02 0.00000000e+00 2.60849428e+00
  4.14383793e+00 1.72907937e+00 1.12624848e+00 2.75889063e+00
  3.29865217e+00 1.09035861e+00 4.71809578e+00 1.04528236e+00
  7.00572920e+00 9.75667667e+00 2.07204127e+00 1.11855507e-01
  9.56794357e+00 5.03877699e-01 4.38270062e-01 1.01026404e+00
  4.36523199e+00 1.37257910e+00 2.94597816e+00 0.00000000e+00
  2.18493986e+00 0.00000000e+00 5.97344398e+00 1.07495689e+01
  2.65021157e+00 6.19294941e-01 4.07871246e-01 1.33719540e+00
  5.09802389e+00 2.30670989e-01 6.22614145e+00 1.06083241e+01
  2.25590086e+00 4.01848793e+00 1.74900413e-01 1.10525548e+00
  3.36840725e+00 2.51481719e-02 2.44977641e+00 2.11199686e-01
  8.72465611e-01 3.14180565e+00 1.47837267e+01 2.26732969e+00
  3.55986261e+00 1.47116899e+00 9.35748959e+00 1.37976587e+00
  2.64096558e-01 7.91158295e+00 2.91337299e+00 1.18115127e+00
  5.23649216e+00 1.15757122e+01 1.08040631e+00 5.14785528e+00
  2.43103218e+00 6.04280949e+00 1.37322795e+00 5.11725330e+00
  3.57775307e+00 4.95214653e+00 1.11983080e+01 1.16067553e+00
  1.02273309e+00 8.04541945e-01 3.13317299e+00 2.13895774e+00
  7.06031847e+00 5.18847609e+00 7.36876059e+00 6.74668550e+00
  1.01448507e+01 9.27810287e+00 5.19417763e+00 8.08975506e+00
  3.63565946e+00 4.50841663e-03 1.62673140e+00 2.23343582e+01
  2.40454388e+00 2.44607472e+00 0.00000000e+00 5.99231303e-01
  3.28033471e+00 3.55111271e-01 0.00000000e+00 1.27455461e+00
  0.00000000e+00 0.00000000e+00 1.94360185e+00 0.00000000e+00
  1.06652641e+00 1.25038071e+01 2.36979818e+00 2.28196904e-01
  3.16100979e+00 1.21391404e+00 9.17616749e+00 8.44707584e+00
  2.46426725e+00 3.57717299e+00 1.46341934e+01 1.77166760e-01
  0.00000000e+00 1.32575238e+00 0.00000000e+00 1.18063736e+00
  6.64849663e+00 3.07991743e+00 3.21890378e+00 6.56454849e+00
  2.45382619e+00 3.49103665e+00 9.82831478e+00 5.31548262e-01
  6.28630829e+00 4.57589245e+00 4.40549469e+00 4.42388952e-01
  8.36330032e+00 1.94872487e+00 3.65574455e+00 7.86055326e-01
  3.34845972e+00 7.24511528e+00 4.31286916e-02 4.97516012e+00
  1.12956505e+01 2.89820051e+00 1.67650723e+00 4.74346972e+00
  6.08037090e+00 1.46910906e+00 5.61576366e+00 7.24109888e-01
  8.08081806e-01 6.82415962e+00 5.52136564e+00 5.01233339e-01
  4.67979050e+00 2.55500221e+00 6.10057712e-01 1.19008482e+00
  0.00000000e+00 2.55503798e+00 1.88994801e+00 1.11298037e+00
  6.82841241e-01 1.31254688e-01 8.91943499e-02 0.00000000e+00
  4.78343868e+00 8.35279882e-01 1.06881404e+00 7.72499800e+00
  1.15785968e+00 2.76283640e-02 1.38362885e-01 2.83206058e+00
  1.13409436e+00 6.81390643e-01 4.79608297e+00 5.10878277e+00
  4.74898434e+00 3.37046194e+00 4.00726080e+00 0.00000000e+00
  2.31333923e+01 2.14645576e+00 0.00000000e+00 3.72837991e-01
  5.25599003e+00 4.23195791e+00 0.00000000e+00 1.92656589e+00
  1.37334037e+00 1.53471947e+00 1.99700922e-01 4.33052254e+00
  4.99776959e-01 1.76827326e-01 5.34602261e+00 2.18830562e+00
  9.87522185e-01 8.50238800e-02 1.49407178e-01 5.91444159e+00
  5.88939285e+00 1.41947765e+01 4.11126852e+00 5.74516892e-01
  3.39941311e+00 4.83302832e+00 5.20306873e+00 5.78083706e+00
  8.07183075e+00 1.23159766e+00 2.72428370e+00 8.59095812e-01
  2.69409746e-01 1.21816540e+00 3.41186738e+00 2.30908012e+00
  9.39502621e+00 5.46659088e+00 1.27632961e+01 5.05303907e+00
  1.78745508e+00 5.30547285e+00 6.59330785e-01 5.57884741e+00
  3.25772725e-02 0.00000000e+00 4.16884995e+00 5.91816330e+00
  2.44062161e+00 7.06881225e-01 3.28394175e+00 3.31604171e+00
  0.00000000e+00 4.86274290e+00 4.66630667e-01 1.78305674e+00
  4.97037232e-01 3.57463050e+00 1.23311567e+01 6.58702040e+00
  4.75520802e+00 6.10834169e+00 3.73579645e+00 9.49235484e-02
  3.23725009e+00 4.93844032e+00 2.86038423e+00 9.75537956e-01
  3.79645276e+00 3.23790169e+00 3.86285615e+00 9.58795452e+00
  8.75708103e+00 1.02626681e-01 7.02846098e+00 2.70539641e+00
  2.66471982e+00 1.74170122e-01 3.30105186e+00 8.06397247e+00]]