[[2.76264340e-01 2.57536030e+00 7.03929722e-01 0.00000000e+00
  0.00000000e+00 7.68712568e+00 3.39109230e+00 1.63278043e+00
  4.55317163e+00 1.93048823e+00 8.44667375e-01 2.79749155e+00
  2.36167741e+00 3.82405090e+00 2.38830104e-01 2.57573676e+00
  6.96357429e-01 0.00000000e+00 7.61991143e-01 2.22061396e+00
  2.70622683e+00 1.27622118e+01 0.00000000e+00 2.06530237e+00
  7.63366222e-01 7.82037544e+00 2.02333685e-02 1.78360951e+00
  2.61643618e-01 5.69084622e-02 0.00000000e+00 0.00000000e+00
  4.93191242e-01 3.79826856e+00 0.00000000e+00 0.00000000e+00
  1.91574872e-01 0.00000000e+00 4.74438816e-01 2.42299795e+00
  1.71228809e+01 3.49819064e-01 0.00000000e+00 5.51146173e+00
  2.01880589e-01 1.45189837e-01 8.52255583e-01 2.17255545e+00
  4.99302816e+00 1.21137881e+00 2.14945960e+00 2.31507730e+00
  6.88841760e-01 0.00000000e+00 3.62922740e+00 3.46577168e+00
  2.84100127e+00 2.74950266e+00 1.74781591e-01 2.95009222e-02
  1.05440807e+00 4.35063183e-01 3.73016334e+00 1.23993695e+00
  2.72323519e-01 2.73762679e+00 5.18113947e+00 1.60766125e+00
  2.85070610e+00 2.63867497e+00 2.20467186e+00 1.34616494e+00
  2.13589358e+00 5.32691574e+00 1.78959560e+00 8.35149109e-01
  0.00000000e+00 5.83698559e+00 1.61148071e-01 7.66953325e+00
  2.10214019e+00 3.15940142e+00 4.75805426e+00 6.47753417e-01
  1.08301220e+01 2.75533462e+00 5.01938105e+00 2.27073550e+00
  3.43858266e+00 1.76275730e+00 2.74731445e+00 6.58890188e-01
  3.43716770e-01 1.94011521e+00 3.92217326e+00 3.89141083e-01
  2.70937777e+00 3.55802488e+00 1.04467645e-01 1.34861460e+01
  5.17764032e-01 1.45810306e+00 3.72264862e-01 4.94762516e+00
  0.00000000e+00 1.20305181e+00 1.39610004e+00 1.57713997e+00
  4.11371589e-01 7.37081480e+00 5.13957214e+00 2.59777427e+00
  2.24441266e+00 0.00000000e+00 1.58010018e+00 1.93485880e+00
  9.30875683e+00 2.39924955e+00 1.76563215e+00 1.17395592e+00
  1.08881450e+00 4.93543893e-01 0.00000000e+00 3.19678140e+00
  0.00000000e+00 2.95722723e+00 1.39399827e+00 3.58183146e-01
  4.58813477e+00 7.47336769e+00 3.70185781e+00 1.80153921e-01
  1.02793150e+01 4.51500207e-01 4.49275255e-01 1.60848176e+00
  4.39480841e-02 7.09947884e-01 9.92704213e-01 0.00000000e+00
  9.39035356e-01 3.63685417e+00 2.57481146e+00 3.91292906e+00
  7.38645434e-01 1.12394953e+00 1.62642002e+00 1.76731572e-01
  2.96315718e+00 1.16057515e+00 6.05314064e+00 3.76779890e+00
  3.22085667e+00 3.44522506e-01 1.54928792e+00 5.18481874e+00
  1.08574426e+00 4.96736717e+00 1.78624225e+00 1.90497541e+00
  2.94641256e-01 5.68008661e+00 7.68215752e+00 6.53474760e+00
  2.44721293e+00 1.63324499e+00 1.72644306e-03 1.47153950e+00
  0.00000000e+00 3.79120529e-01 4.05024195e+00 2.16880155e+00
  1.81567693e+00 2.13183761e+00 2.26694569e-01 1.01729012e+00
  3.22001636e-01 1.27455163e+00 3.60571980e+00 3.90710860e-01
  1.12339795e+00 1.39956355e+00 4.31150961e+00 1.45916176e+00
  5.91110086e+00 3.31316233e+00 1.75763226e+00 1.12581663e-01
  2.29196157e-02 1.99184746e-01 4.59607697e+00 0.00000000e+00
  6.01630688e-01 1.50589886e+01 8.71385168e-03 3.49699885e-01
  0.00000000e+00 9.60322666e+00 4.81883913e-01 2.71433401e+00
  1.75884604e+00 1.27405548e+00 1.71284601e-01 2.11229518e-01
  3.99363422e+00 7.71306694e-01 4.89564037e+00 2.75626254e+00
  0.00000000e+00 5.93926191e+00 4.10691786e+00 6.55760944e-01
  9.22788799e-01 9.78624761e-01 7.36297429e-01 0.00000000e+00
  3.92795950e-01 5.43654203e+00 4.20724861e-02 3.39603186e+00
  4.14987594e-01 1.29364557e+01 6.74387455e-01 0.00000000e+00
  1.23791063e+00 2.77567244e+00 4.24072027e-01 1.92236829e+00
  2.83273649e+00 1.03684988e+01 9.67526972e-01 3.09732485e+00
  1.63672030e+00 7.10026361e-04 3.75556290e-01 2.19189382e+00
  6.93434596e-01 2.86052585e+00 1.50992501e+00 9.11423802e-01
  4.64432567e-01 1.23086548e+00 1.74358413e-01 9.67440319e+00
  1.70898807e+00 7.68492174e+00 4.42046070e+00 5.91634512e-01
  5.00660002e-01 2.66260076e+00 3.30390501e+00 1.80456352e+00
  0.00000000e+00 4.01181793e+00 6.76421928e+00 5.82838488e+00
  4.61801797e-01 2.62323588e-01 4.07638788e+00 3.79780388e+00
  0.00000000e+00 1.54033983e+00 1.34683061e+00 3.86757851e+00
  6.02717543e+00 9.98269916e-01 5.05589545e-02 1.65383959e+00
  9.73782063e+00 3.90419304e-01 2.08475137e+00 3.23438191e+00
  9.58867371e-02 4.68826580e+00 7.11934757e+00 9.92975354e-01
  6.01461840e+00 1.77811241e+00 4.97272700e-01 4.37599039e+00
  8.99994659e+00 4.21525002e+00 1.14108286e+01 4.78876686e+00
  5.19797373e+00 1.05575137e-01 3.93538809e+00 2.34098747e-01
  1.22798049e+00 4.43971491e+00 3.63527083e+00 3.90669584e+00
  1.22671878e+00 3.92866254e-01 5.21323204e-01 6.33130193e-01
  3.12699616e-01 0.00000000e+00 7.38268793e-02 0.00000000e+00
  1.41413048e-01 2.27376962e+00 8.04378796e+00 4.85695124e-01
  4.34112132e-01 2.37040624e-01 2.41554826e-01 2.38065743e+00
  3.69465160e+00 3.33977878e-01 1.03981102e+00 2.63193846e+00
  1.41787875e+00 2.24663928e-01 1.00214899e-01 4.40804195e+00
  2.32680774e+00 3.05434179e+00 3.07343864e+00 4.80395406e-01
  4.64925003e+00 1.13125813e+00 3.72949338e+00 1.40387630e+00
  1.59401023e+00 3.17114329e+00 2.85855627e+00 5.11758626e-01
  1.02708364e+00 5.08397743e-02 1.17109120e-01 3.03740525e+00
  4.86968368e-01 8.18883991e+00 1.80983794e+00 1.44379210e+00
  1.19976056e+00 1.19261706e+00 1.37418337e+01 1.19423127e+00
  5.90386875e-02 0.00000000e+00 1.95540547e-01 4.90517318e-01
  7.98835754e-01 1.43440032e+00 1.09817016e+00 2.08022594e+00
  1.45337796e+00 1.11691880e+00 5.43436646e-01 2.41241097e+00
  7.62399733e-01 3.72610283e+00 1.12671781e+00 1.01861310e+00
  3.51053357e+00 6.60871792e+00 1.20254946e+00 3.28029275e+00
  2.82754612e+00 0.00000000e+00 2.26982546e+00 1.38905787e+00
  2.85884809e+00 2.33743620e+00 6.46385956e+00 1.44691825e+00
  1.24819425e-03 2.97324091e-01 1.43962896e+00 3.26147246e+00
  5.65619707e+00 2.09245038e+00 3.16903710e+00 6.42773438e+00
  3.30786562e+00 0.00000000e+00 1.63173115e+00 5.23106766e+00
  3.29905462e+00 3.93657255e+00 3.63182664e-01 3.66458368e+00
  9.14713264e-01 2.37491250e-01 6.40678072e+00 0.00000000e+00
  0.00000000e+00 1.09601440e+01 5.04765701e+00 2.60755730e+00
  3.10392928e+00 1.63175201e+00 1.60048735e+00 2.39622855e+00
  4.94681501e+00 4.39678669e+00 2.05884624e+00 4.76255178e-01
  1.48557937e+00 5.26447773e+00 2.76766729e+00 7.92162657e+00
  1.64064705e+00 7.48563099e+00 2.87595212e-01 3.02487254e+00
  2.07162663e-01 2.66484761e+00 4.22919893e+00 7.30598986e-01
  0.00000000e+00 4.80333716e-01 8.07037577e-02 3.82661057e+00
  0.00000000e+00 2.63015008e+00 0.00000000e+00 0.00000000e+00
  0.00000000e+00 3.44338745e-01 5.42822838e-01 1.98217809e+00
  1.11215651e+00 1.86631531e-01 1.82643569e+00 2.15645790e+00
  2.63987398e+00 3.18003321e+00 2.47919011e+00 4.19699478e+00
  2.21992120e-01 3.46426852e-02 6.52311385e-01 1.71171510e+00
  1.55820405e+00 1.06044805e+00 7.36859608e+00 2.37856984e+00
  1.97586727e+00 3.79534885e-02 4.14159298e-01 3.62170715e+01
  1.59503078e+00 2.48930439e-01 1.12835622e+00 2.72461963e+00
  0.00000000e+00 0.00000000e+00 1.01688409e+00 6.26892757e+00
  5.75954580e+00 5.34975624e+00 1.27612159e-01 4.82783429e-02
  3.26487041e+00 1.27256250e+00 1.67032003e+00 7.77547121e-01
  1.69962347e+00 1.02379322e+00 0.00000000e+00 8.37676823e-01
  4.58996105e+00 1.18299484e+00 1.47771132e+00 1.48413050e+00
  1.47410977e+00 0.00000000e+00 2.11742449e+00 2.72537923e+00
  2.03728294e+00 6.84684706e+00 3.68950367e-01 5.62272012e-01
  3.70472932e+00 8.65199864e-01 6.23168516e+00 3.47696090e+00
  2.35945545e-03 9.99965966e-01 3.73410964e+00 2.19136134e-01
  4.61747885e+00 2.57024527e+00 2.17913628e+00 2.37545036e-02
  1.09265089e+00 4.34763384e+00 1.85987246e+00 2.78504610e+00
  7.05032408e-01 3.09119344e+00 1.61607862e+00 6.53347850e-01
  2.57858515e+00 1.09013300e+01 1.19433045e+00 6.14217281e-01
  5.67868233e-01 1.35652721e-01 2.15891647e+00 3.13542652e+00
  4.30256665e-01 4.45318855e-02 3.65200710e+00 3.11028957e+00
  9.22599018e-01 5.32307476e-02 6.49418175e-01 5.21521628e-01]]