[[3.17696524e+00 1.48781729e+00 1.02322590e+00 1.48855352e+00
  4.34746981e+00 5.90927005e-01 3.71992707e+00 2.32363057e+00
  2.67629445e-01 3.25802684e+00 8.34490490e+00 3.80371523e+00
  5.15531445e+00 4.75281811e+00 6.59507513e+00 4.26999283e+00
  3.52168965e+00 2.07011580e+00 0.00000000e+00 6.86717510e+00
  1.21856034e+00 1.18296804e+01 6.48827553e-01 8.73873234e+00
  8.00681829e-01 1.85205889e+00 5.43245792e+00 0.00000000e+00
  1.70817435e-01 5.36458969e+00 7.92636454e-01 3.79524398e+00
  0.00000000e+00 1.96546781e+00 4.70894575e+00 4.01233053e+00
  7.60850072e-01 0.00000000e+00 3.98405743e+00 1.08438098e+00
  8.07521248e+00 8.94296825e-01 2.62670898e+00 7.73750591e+00
  3.11332166e-01 6.27165747e+00 1.22612548e+00 4.24785709e+00
  4.16641235e-01 5.96018471e-02 0.00000000e+00 0.00000000e+00
  0.00000000e+00 2.79850751e-01 7.33694839e+00 1.78406322e+00
  6.73455143e+00 2.89745593e+00 1.65552270e+00 0.00000000e+00
  2.22118044e+00 1.46090746e+00 3.82422161e+00 7.50030041e+00
  7.98176646e-01 1.82891297e+00 2.00028792e-01 3.10669112e+00
  4.68733358e+00 1.16531901e-01 2.84637165e+00 3.65508389e+00
  2.57808018e+00 3.78108335e+00 1.24953985e+00 9.07922447e-01
  5.15205669e+00 7.39172029e+00 9.50304627e-01 4.83517081e-01
  3.78725648e-01 2.18488240e+00 7.49038839e+00 3.02700424e+00
  6.65751171e+00 1.40014811e+01 5.64157152e+00 1.11240172e+00
  5.96918774e+00 2.13739467e+00 2.64621544e+00 4.82586056e-01
  0.00000000e+00 9.18601322e+00 6.50988221e-02 1.33110499e+00
  1.94003308e+00 8.81610870e-01 1.53592396e+01 1.14627533e+01
  7.20628560e-01 1.47629130e+00 8.62527752e+00 7.09570169e+00
  1.47415152e+01 1.33835614e-01 3.44573826e-01 1.86208737e+00
  5.04741609e-01 1.39895570e+00 2.09543896e+00 1.02734184e+00
  4.59279394e+00 0.00000000e+00 1.16105760e-02 8.57655890e-03
  9.67613411e+00 2.14540660e-01 5.90551317e-01 7.03607845e+00
  1.65027118e+00 4.08830309e+00 8.22630584e-01 9.83914280e+00
  0.00000000e+00 3.20890427e+00 0.00000000e+00 1.78203464e+00
  3.47655386e-01 1.06747112e+01 0.00000000e+00 3.76133442e-01
  3.30255699e+00 4.59032536e+00 0.00000000e+00 2.60802197e+00
  1.05888367e+00 1.94968116e+00 2.12737751e+00 0.00000000e+00
  1.83232331e+00 8.80961835e-01 0.00000000e+00 6.59332514e+00
  1.74106336e+00 0.00000000e+00 2.13104057e+00 2.34651303e+00
  5.73148532e-03 6.37283707e+00 5.11596836e-02 5.79099131e+00
  1.64105880e+00 2.54713612e+01 8.18945122e+00 1.31828880e+00
  6.01126432e+00 6.97195196e+00 1.28796756e+00 4.81321669e+00
  2.05739570e+00 6.54668510e-01 6.26299238e+00 5.96844721e+00
  4.92781210e+00 2.84207433e-01 2.29763103e+00 4.67651606e-01
  5.72070694e+00 7.06940740e-02 1.55127239e+00 4.08380508e+00
  4.48043251e+00 1.31401844e+01 1.90539038e+00 3.46898735e-01
  0.00000000e+00 1.34870100e+00 1.34618740e+01 1.47627258e+00
  3.31251174e-01 1.40322936e+00 2.88928914e+00 1.63906172e-01
  0.00000000e+00 1.05899382e+01 4.63013083e-01 1.96878302e+00
  8.36771965e+00 7.01789260e-01 4.22762012e+00 2.52079606e+00
  7.59757042e-01 9.29440403e+00 6.53719425e-01 1.92293084e+00
  6.52236938e+00 3.74550462e+00 5.04081011e+00 7.40562105e+00
  1.09981985e+01 5.89804745e+00 1.80191898e+00 7.52266836e+00
  9.87448406e+00 2.79973149e+00 8.77237606e+00 6.34509897e+00
  1.23796713e+00 1.13127041e+01 0.00000000e+00 1.39059734e+00
  3.06523561e-01 5.38159657e+00 0.00000000e+00 1.68417168e+00
  1.53883991e+01 7.31060028e+00 1.71265423e+00 1.46029830e+00
  4.51935816e+00 1.14874153e+01 3.47623801e+00 5.65754473e-01
  0.00000000e+00 7.44910288e+00 1.54125178e+00 5.50302458e+00
  2.65075177e-01 8.84360254e-01 2.05849671e+00 2.01332426e+00
  4.16398668e+00 3.95244360e-01 9.32637513e-01 4.64225388e+00
  2.65991497e+00 2.83289051e+00 1.76150128e-01 2.03434348e+00
  2.77416110e+00 0.00000000e+00 2.36873960e+00 5.90476274e+00
  1.94825041e+00 4.48577642e+00 8.19095612e+00 3.80680251e+00
  8.77492845e-01 6.13897264e-01 2.90708494e+00 3.01524788e-01
  6.55947828e+00 9.40608978e+00 2.39672971e+00 3.45699191e+00
  3.89007592e+00 2.22961116e+00 4.87011337e+00 4.93699884e+00
  9.03313446e+00 0.00000000e+00 8.39172423e-01 1.14217877e-01
  6.65356398e+00 0.00000000e+00 0.00000000e+00 6.11697626e+00
  7.95722818e+00 1.05383545e-01 6.01804447e+00 4.65888214e+00
  3.87915325e+00 6.58766222e+00 8.82301569e-01 1.69977462e+00
  8.73811340e+00 1.85847890e+00 3.57701629e-01 5.86766720e+00
  7.01084042e+00 1.06281340e-01 4.66247702e+00 0.00000000e+00
  2.48137608e-01 2.39171796e-02 3.52126694e+00 8.67720604e+00
  1.88908124e+00 3.84950471e+00 4.42305136e+00 2.64541030e-01
  5.07259893e+00 6.07499599e+00 3.94901156e+00 9.92082691e+00
  7.08735585e-01 3.76892805e+00 1.10372916e-01 0.00000000e+00
  2.64062107e-01 7.13410378e+00 5.06720018e+00 0.00000000e+00
  2.58421898e+00 7.25776255e-01 3.69864202e+00 2.35175300e+00
  1.42109311e+00 3.65087008e+00 5.91569281e+00 1.84508400e+01
  1.47203612e+00 2.48016882e+00 0.00000000e+00 5.25357008e+00
  6.57746649e+00 3.34871292e+00 0.00000000e+00 2.98327541e+00
  0.00000000e+00 9.41843867e-01 2.30107498e+00 7.22654486e+00
  3.67454195e+00 9.02935123e+00 5.07996988e+00 8.46444130e+00
  1.59048796e-01 4.81765079e+00 1.92451298e-01 2.88346958e+00
  1.24339305e-01 1.40231758e-01 7.11665201e+00 6.98875332e+00
  2.01504016e+00 1.19588923e+00 5.65759230e+00 3.38875389e+00
  3.43035316e+00 2.05174237e-01 5.42212486e-01 4.07524776e+00
  4.35576200e+00 1.45918071e+00 9.83965814e-01 1.87668347e+00
  1.01548016e+00 1.59946680e+00 2.11250639e+00 2.16826499e-01
  0.00000000e+00 0.00000000e+00 8.82500887e-01 4.33411270e-01
  1.88006997e+00 8.24062920e+00 6.99151564e+00 6.43249893e+00
  1.45714121e+01 9.06319380e-01 1.35255277e+00 1.06015778e+01
  7.35714388e+00 2.62284327e+00 5.32452822e+00 3.76481652e-01
  4.38464260e+00 1.01496334e+01 0.00000000e+00 4.82046461e+00
  1.01975906e+00 6.67426777e+00 1.03799045e+00 7.45832968e+00
  5.06392419e-01 1.83830321e+00 0.00000000e+00 2.08339167e+00
  8.10741007e-01 7.19463921e+00 4.66352415e+00 6.13897920e-01
  7.38179302e+00 1.14862895e+00 3.44680957e-02 1.65631211e+00
  4.55668879e+00 3.27560592e+00 7.32047260e-01 2.98870564e+00
  4.44710255e+00 1.21176171e+00 1.16597118e+01 3.78397822e+00
  9.16774464e+00 2.23460484e+00 1.45866919e+00 1.39951444e+00
  3.05259109e+00 5.82341242e+00 3.95976853e+00 3.24512219e+00
  1.08234072e+00 2.78747946e-01 4.32136416e-01 2.27933025e+00
  7.13712692e+00 3.01568508e+00 6.16687489e+00 7.98624516e-01
  1.37984669e+00 9.45083238e-03 1.55597794e+00 9.73349452e-01
  7.80469537e-01 2.08884668e+00 1.15444183e+01 3.14931846e+00
  3.64272666e+00 1.97413683e+00 2.36926651e+00 7.14324999e+00
  3.11758012e-01 9.17687953e-01 2.34034133e+00 8.66403639e-01
  6.12284279e+00 7.75653124e+00 9.68120384e+00 4.58705091e+00
  6.39516294e-01 9.27869415e+00 7.21347570e-01 1.05522299e+00
  5.11433423e-01 0.00000000e+00 8.72391999e-01 2.09735155e+00
  2.28123808e+00 2.53225207e+00 0.00000000e+00 1.05866241e+01
  1.09941863e-01 4.45185244e-01 3.69767332e+00 9.01672065e-01
  4.67105792e-07 5.52494109e-01 2.59363103e+00 6.40501451e+00
  8.92691708e+00 6.41539907e+00 3.88534617e+00 1.64900512e-01
  3.25733423e+00 3.00584602e+00 4.13829374e+00 1.14596310e+01
  4.19024915e-01 4.95294541e-01 7.51621723e-01 2.03718519e+00
  4.14450693e+00 7.81078625e+00 1.07190192e+00 8.99140549e+00
  1.15928435e+00 3.27035874e-01 3.18488860e+00 2.87982702e+00
  5.23616743e+00 4.70631552e+00 1.72171354e-01 3.87830186e+00
  7.85685301e-01 1.44309628e+00 7.71698475e+00 2.72401595e+00
  6.30258560e+00 0.00000000e+00 3.31291586e-01 0.00000000e+00
  3.98360181e+00 1.96718961e-01 8.38026428e+00 5.14800787e-01
  5.30486703e-01 3.03016973e+00 5.02091122e+00 1.38236055e+01
  4.97863531e+00 0.00000000e+00 1.01968708e+01 5.59945643e-01
  8.48050654e-01 7.35441037e-03 1.28621125e+00 3.17893648e+00
  5.62707710e+00 1.69691944e+00 1.37430966e-01 4.25086308e+00
  8.35753918e-01 5.09521246e-01 1.29517412e+01 2.34278664e-01
  2.48656130e+00 2.02829719e+00 1.32496393e+00 6.33568716e+00]]