[[1.87400267e-01 2.29042932e-01 2.54951215e+00 0.00000000e+00
  2.59839511e+00 3.96260977e+00 4.15556335e+00 7.27750492e+00
  4.22565365e+00 1.66403031e+00 1.91866958e+00 1.83171082e+00
  4.91059828e+00 1.03761125e+00 6.83299959e-01 2.37204099e+00
  9.55380201e-02 1.64677310e+00 2.63004750e-01 2.81171298e+00
  1.58977926e+00 7.12715387e+00 4.40488815e+00 5.37638128e-01
  4.37294626e+00 6.52705860e+00 3.99144268e+00 8.20536554e-01
  6.16852164e-01 3.92122817e+00 1.89841479e-01 1.92593980e+00
  1.30516064e+00 4.92144251e+00 3.18682104e-01 2.00842291e-01
  7.53938377e-01 6.13477603e-02 8.73396397e+00 2.09039640e+00
  8.97787035e-01 5.90754390e-01 1.06216216e+00 4.10794449e+00
  1.05986774e+00 1.09785473e+00 4.91115141e+00 6.14363793e-03
  2.97892189e+00 1.74181414e+00 5.19258142e-01 2.22409129e+00
  0.00000000e+00 1.27196014e+00 5.78616714e+00 2.49579954e+00
  1.33577156e+00 1.95113814e+00 2.64919305e+00 5.73102653e-01
  8.44356120e-01 1.51193306e-01 6.20681524e+00 2.26369619e+00
  2.03992033e+00 2.30340213e-01 1.52549279e+00 8.43041539e-02
  2.49516678e+00 2.15466762e+00 3.72642249e-01 1.52108800e+00
  4.59370017e-01 7.46192360e+00 3.97225261e+00 2.42312565e-01
  5.48947334e-01 0.00000000e+00 3.46726626e-02 1.22458994e+00
  1.58768916e+00 2.27145195e+00 3.87649202e+00 2.27309316e-02
  4.05016899e+00 1.72515833e+00 3.17860872e-01 4.22552079e-01
  1.94124401e+00 0.00000000e+00 3.48634243e+00 1.74886286e+00
  8.64703730e-02 8.47415829e+00 5.46714008e-01 3.93239081e-01
  2.02863172e-01 3.48849726e+00 4.36872053e+00 3.95030117e+00
  2.77929068e-01 1.03651476e+00 1.07177210e+01 8.47305393e+00
  1.14286557e-01 5.59978604e-01 1.96419847e+00 3.09238523e-01
  6.33549452e-01 1.07803833e+00 1.22581697e+00 0.00000000e+00
  7.14700818e-02 8.48196626e-01 3.73690915e+00 0.00000000e+00
  1.56771350e+00 3.47932029e+00 0.00000000e+00 1.46296847e+00
  3.22188847e-02 5.95341563e-01 0.00000000e+00 2.02968836e+00
  9.63768184e-01 9.37823713e-01 3.30411506e+00 0.00000000e+00
  0.00000000e+00 6.66066027e+00 2.08213735e+00 0.00000000e+00
  2.51754189e+00 2.48332715e+00 2.04542255e+00 2.55565214e+00
  0.00000000e+00 4.67220694e-01 6.50694036e+00 1.73176789e+00
  3.48145103e+00 1.04877007e+00 2.46194911e+00 1.05124295e+00
  1.10338891e+00 7.84877002e-01 3.34238315e+00 8.07993770e-01
  9.69125032e-02 6.49380207e-01 1.60973001e+00 0.00000000e+00
  2.56826615e+00 0.00000000e+00 6.33133411e-01 3.29860210e+00
  2.62491077e-01 4.38372469e+00 2.17473522e-01 1.74984097e+00
  1.12758803e+00 3.37970281e+00 2.91652393e+00 1.61676788e+00
  4.46189547e+00 1.31011605e+00 6.29613996e-02 1.95008743e+00
  2.74732679e-01 5.05437434e-01 7.61733830e-01 1.24322939e+00
  3.03369308e+00 4.13049191e-01 1.29491735e+00 3.57669681e-01
  0.00000000e+00 2.12335038e+00 8.90653229e+00 3.87567431e-01
  4.11009598e+00 5.56272455e-02 5.04485416e+00 8.80274251e-02
  3.37037897e+00 2.23677635e+00 8.55905235e-01 1.90404683e-01
  2.66698289e+00 5.57143927e+00 2.08088231e+00 2.73613539e-02
  4.27686214e-01 6.15749359e+00 0.00000000e+00 3.17755628e+00
  5.56412280e-01 5.96050024e-01 4.17527288e-01 2.96313107e-01
  4.05617762e+00 2.92476606e+00 0.00000000e+00 5.74531078e-01
  5.56389904e+00 3.84959888e+00 2.35465193e+00 2.28104687e+00
  1.14188218e+00 1.26528530e+01 6.08085454e-01 1.42334223e+00
  0.00000000e+00 7.75911808e+00 9.13132250e-01 1.40561862e-03
  2.86495280e+00 0.00000000e+00 7.84468532e-01 4.59068108e+00
  3.99333429e+00 1.08360567e+01 5.00980079e-01 0.00000000e+00
  1.22223258e+00 1.54184735e+00 1.34526742e+00 8.86321187e-01
  4.38826180e+00 8.22235122e-02 2.26933882e-01 1.62579310e+00
  1.77077365e+00 1.45165253e+00 1.76994789e+00 5.57856321e-01
  1.59184446e+01 8.24023008e-01 8.77337217e-01 5.56824729e-02
  1.94998229e+00 1.32028210e+00 1.69268441e+00 3.68536615e+00
  1.28916430e+00 9.04247952e+00 1.09248142e+01 7.46192873e-01
  2.18404150e+00 4.63474607e+00 2.49347758e+00 5.87699032e+00
  1.01209879e+00 1.27768385e+00 3.94929075e+00 1.78675377e+00
  2.57672358e+00 4.60254955e+00 5.43610811e+00 3.97894406e+00
  0.00000000e+00 1.45307887e+00 3.32309082e-02 1.18792057e+00
  5.31137466e+00 4.02784944e-01 1.62079501e+00 8.32603514e-01
  1.89102387e+00 1.09309189e-01 4.48214436e+00 5.87490380e-01
  1.57441008e+00 1.71833789e+00 0.00000000e+00 1.11420310e+00
  7.26951265e+00 1.44155370e-02 7.09979415e-01 1.49774456e+00
  4.96951056e+00 4.95882416e+00 1.13892341e+00 0.00000000e+00
  2.80670261e+00 0.00000000e+00 1.08910847e+01 7.56294012e-01
  1.46431994e+00 4.18776083e+00 1.38558900e+00 1.57477334e-01
  7.96345663e+00 4.61233139e+00 2.17137337e+00 5.11130929e-01
  9.73807752e-01 2.30370855e+00 0.00000000e+00 0.00000000e+00
  3.80208194e-01 1.20854151e+00 8.62697899e-01 8.93319428e-01
  3.50607181e+00 1.16137467e-01 0.00000000e+00 2.01016292e-02
  2.79954004e+00 0.00000000e+00 2.77036548e+00 1.20846629e+00
  1.78460121e+00 1.16939172e-01 7.48130500e-01 1.75703943e+00
  5.19277334e+00 7.15419722e+00 3.25864768e+00 0.00000000e+00
  4.36152601e+00 1.49373305e+00 3.95391011e+00 1.05657899e+00
  2.61416936e+00 2.24623156e+00 4.66249800e+00 2.08839983e-01
  5.70076466e+00 2.95432854e+00 7.83358574e-01 3.17825484e+00
  2.63759524e-01 3.49058461e+00 3.52332067e+00 1.65440011e+00
  1.19473100e+00 1.53318727e+00 6.24216534e-02 7.74657369e-01
  9.96675074e-01 2.54986000e+00 8.64704132e+00 3.72471452e-01
  1.69485843e+00 1.55853522e+00 1.32166040e+00 1.15823603e+00
  1.41134703e+00 1.55887771e+00 1.65255219e-01 2.43665147e+00
  3.69845676e+00 2.08595681e+00 8.69787884e+00 3.79454195e-01
  0.00000000e+00 5.65808487e+00 2.34380174e+00 2.31317788e-01
  1.09106045e+01 0.00000000e+00 6.11640394e-01 4.77613354e+00
  4.33267069e+00 3.57418984e-01 1.17387257e+01 2.30147064e-01
  2.03038409e-01 3.95482123e-01 9.13090929e-02 1.92678726e+00
  2.48800182e+00 4.67283249e-01 4.70186329e+00 2.40615416e+00
  8.76866102e-01 2.65038133e+00 3.45238149e-01 3.30215144e+00
  9.40747559e-01 4.76248837e+00 4.66494703e+00 2.23937416e+00
  3.91816735e+00 1.18122160e-01 3.46218348e+00 1.60984957e+00
  9.57344472e-02 1.07273760e+01 1.12218869e+00 6.32847309e+00
  9.21587586e-01 2.74396873e+00 2.53263330e+00 3.14670134e+00
  1.79005992e+00 3.89073372e+00 1.95442080e+00 3.50050163e+00
  4.01024675e+00 1.09861040e+01 8.76532733e-01 5.75402784e+00
  3.27921462e+00 3.60236734e-01 0.00000000e+00 5.63171327e-01
  1.09323072e+00 6.91986918e-01 8.92139053e+00 2.66370130e+00
  1.80482432e-01 5.90556002e+00 1.46864164e+00 5.27234077e-01
  5.91527045e-01 0.00000000e+00 1.42246127e+00 5.60921192e-01
  9.25811455e-02 6.41764581e-01 1.76200509e-01 2.46883631e+00
  5.02069664e+00 1.18735087e+00 9.99397099e-01 3.08836842e+00
  1.39093924e+00 5.95351398e-01 1.65708053e+00 6.20876646e+00
  1.23251257e+01 3.79371619e+00 5.27090597e+00 4.18365860e+00
  1.48105311e+00 1.48549390e+00 1.51679957e+00 2.20657325e+00
  3.96742523e-01 5.24351746e-02 4.72755164e-01 2.80900908e+00
  1.75326943e-01 1.49893463e-01 1.11119831e+00 2.25386643e+00
  3.45856094e+00 7.86038518e-01 0.00000000e+00 4.16769981e+00
  2.15041327e+00 3.47732306e+00 5.96249199e+00 2.28664756e+00
  1.84238958e+00 3.97086287e+00 3.64420056e+00 8.80746937e+00
  7.34136403e-01 7.87287176e-01 2.19450879e+00 7.80178457e-02
  2.40994077e-02 2.96932244e+00 8.58178020e-01 1.38623154e+00
  3.25822163e+00 5.61497658e-02 2.54181206e-01 2.43566084e+00
  1.81573427e+00 3.04622698e+00 1.75023234e+00 3.55624962e+00
  0.00000000e+00 2.66930461e+00 1.39980519e+00 7.61317790e-01
  1.60529292e+00 0.00000000e+00 2.12090969e+00 2.22692728e+00
  9.47459266e-02 2.67633867e+00 8.59271407e-01 1.54112279e+00
  2.43349600e+00 0.00000000e+00 3.61351204e+00 1.85653090e+00
  1.43440509e+00 6.93162870e+00 8.56260478e-01 2.10698128e+00
  6.71652496e-01 2.32689905e+00 3.39143157e+00 1.30478954e+00
  7.16417134e-01 7.42736399e-01 1.22040005e+01 1.79274809e+00
  5.34109497e+00 2.06672025e+00 4.35028696e+00 2.60640889e-01
  7.08179235e-01 8.06335658e-02 3.13981414e+00 1.43273962e+00]]