[[2.05171034e-01 1.13140631e+00 4.80487442e+00 0.00000000e+00
  2.78877282e+00 1.18660154e+01 5.80998278e+00 9.51604748e+00
  8.12621593e+00 2.96227860e+00 2.45531487e+00 1.77626455e+00
  2.55329704e+00 3.47208691e+00 3.00364995e+00 3.44725251e+00
  1.24711192e+00 1.33317530e+00 4.67556939e-02 2.55960488e+00
  4.91777086e+00 5.91597033e+00 3.26619172e+00 2.16417766e+00
  3.03268242e+00 5.07722855e+00 5.24708271e+00 1.31145334e+00
  3.98054600e+00 2.95541376e-01 4.58161011e-02 0.00000000e+00
  1.29944849e+00 2.66943169e+00 9.13243055e-01 1.06338322e+00
  2.08048463e+00 1.60523623e-01 3.79434586e+00 4.11027908e+00
  3.65721154e+00 1.99387825e+00 2.72532678e+00 6.93137169e+00
  1.35936752e-01 5.06349742e-01 1.06322308e+01 5.62417459e+00
  1.21809745e+00 4.63819623e-01 4.66395903e+00 1.47470558e+00
  5.32772362e-01 2.90699571e-01 4.59704542e+00 4.08306408e+00
  1.38997853e+00 2.49213195e+00 2.05107689e+00 5.86148024e-01
  1.49105585e+00 1.26979589e+00 1.11084070e+01 1.84133852e+00
  9.79117572e-01 2.05003524e+00 3.06942534e+00 4.61759537e-01
  1.52340531e+00 7.29043007e+00 3.32523823e+00 1.98689628e+00
  9.34974924e-02 1.07716360e+01 3.22212243e+00 1.48741409e-01
  4.58884835e-01 5.03563833e+00 1.06205368e+00 5.63641429e-01
  3.10075855e+00 1.23865438e+00 3.75771761e+00 3.29828471e-01
  5.35864639e+00 2.33549690e+00 1.44606030e+00 1.27879882e+00
  6.28176832e+00 0.00000000e+00 5.37575483e+00 4.76540327e+00
  1.98510301e+00 4.21783590e+00 8.17861378e-01 3.70381027e-01
  4.00907612e+00 1.95112252e+00 3.35831261e+00 6.05149364e+00
  1.71243751e+00 3.58899665e+00 1.02422638e+01 1.01292534e+01
  3.17900598e-01 9.92444307e-02 5.87433934e-01 1.38321900e+00
  1.01155281e+00 6.64014482e+00 2.26698756e-01 1.21705115e+00
  0.00000000e+00 1.47316599e+00 2.73786712e+00 7.37294734e-01
  9.35641575e+00 1.72597361e+00 0.00000000e+00 3.27092934e+00
  4.93905246e-01 1.62575200e-01 3.63702178e-01 1.33442640e+00
  7.62638509e-01 3.09951091e+00 2.17616510e+00 2.34096408e-01
  2.16890502e+00 3.88459587e+00 2.35380387e+00 0.00000000e+00
  1.50081182e+00 2.78997803e+00 3.69014168e+00 4.45596981e+00
  9.21909511e-01 1.33096921e+00 6.31548452e+00 7.93472719e+00
  1.67058933e+00 7.76625872e-01 2.77480650e+00 1.48872590e+00
  2.14336085e+00 1.43639719e+00 4.64903355e+00 2.47251630e-01
  1.36058912e-01 0.00000000e+00 3.74589038e+00 7.56475376e-03
  2.35062265e+00 0.00000000e+00 1.39734185e+00 4.76970577e+00
  1.03788328e+00 5.90590763e+00 4.27473021e+00 0.00000000e+00
  9.44855988e-01 4.91083765e+00 1.79071236e+00 6.19959593e-01
  6.06265879e+00 1.94584692e+00 0.00000000e+00 1.03923285e+00
  4.84043330e-01 4.66304827e+00 2.67272639e+00 7.36614287e-01
  4.36035776e+00 2.00255132e+00 1.57745194e+00 1.10385096e+00
  1.04192987e-01 8.76927376e+00 8.60087490e+00 6.67336798e+00
  2.06511140e+00 9.20649886e-01 5.41433287e+00 1.65000272e+00
  1.82844508e+00 1.89919853e+00 2.98442769e+00 0.00000000e+00
  2.43452930e+00 6.11366749e+00 3.01263547e+00 0.00000000e+00
  9.91504133e-01 4.93859100e+00 1.56842804e+00 1.17735970e+00
  3.93191934e-01 3.04761744e+00 2.67194104e+00 0.00000000e+00
  1.51514673e+00 2.10834956e+00 5.91918468e-01 1.52308112e-02
  1.07894096e+01 4.06261635e+00 3.68430209e+00 2.93181968e+00
  3.71931672e-01 1.04701157e+01 1.36646956e-01 3.02731895e+00
  4.58870709e-01 2.97099590e+00 1.99191999e+00 9.68972683e-01
  1.59649956e+00 2.47676969e+00 2.08185959e+00 4.69572830e+00
  6.07556295e+00 2.28021264e+00 2.30991340e+00 2.06268120e+00
  1.44117904e+00 2.36488029e-01 7.16808379e-01 2.15009761e+00
  1.73904502e+00 6.21583819e-01 3.11193675e-01 2.75109839e+00
  1.36151159e+00 5.41866899e-01 1.70203769e+00 3.30234504e+00
  1.30067301e+01 1.01167786e+00 2.67110085e+00 8.79338741e+00
  2.16485596e+00 2.86817455e+00 1.90354598e+00 4.83473158e+00
  1.25803733e+00 1.18058472e+01 7.36589575e+00 0.00000000e+00
  1.54852188e+00 6.77637577e+00 2.40584111e+00 5.85711098e+00
  3.14662504e+00 1.51360059e+00 6.23076773e+00 1.12888075e-01
  2.95901704e+00 3.70474160e-01 5.29984379e+00 1.77344477e+00
  0.00000000e+00 2.79906011e+00 5.28873742e-01 4.08221626e+00
  2.91027141e+00 0.00000000e+00 2.73344731e+00 1.16732717e+00
  3.05334949e+00 3.74042094e-01 6.42478466e+00 1.99197304e+00
  3.82752657e+00 2.21611118e+00 1.26061291e-01 1.34834492e+00
  1.10677519e+01 0.00000000e+00 1.01911020e+00 7.45328609e-03
  6.43877935e+00 2.78814816e+00 1.29721522e+00 7.48330727e-03
  2.71172523e+00 3.72920990e-01 8.56386566e+00 5.55844963e-01
  9.53311384e-01 5.18343973e+00 1.25491723e-01 1.68965924e+00
  6.59836388e+00 1.04640379e+01 1.42710769e+00 3.83647656e+00
  9.05245245e-01 2.18236971e+00 6.84939086e-01 0.00000000e+00
  1.31921440e-01 3.82170010e+00 3.31553841e+00 1.13920355e+00
  5.90780067e+00 2.43409491e+00 3.33136111e-01 1.18904507e+00
  2.30860615e+00 2.31873465e+00 1.39424384e+00 0.00000000e+00
  2.09629703e+00 2.34424329e+00 6.62946582e-01 1.79409790e+00
  1.10468416e+01 8.29824162e+00 4.18001938e+00 4.43735600e+00
  1.62467714e-02 0.00000000e+00 3.68033981e+00 1.40720463e+00
  2.85910606e+00 2.00897908e+00 1.23893261e+01 1.57923087e-01
  8.29249001e+00 6.88595152e+00 1.48115826e+00 1.15052903e+00
  2.58441234e+00 4.95912027e+00 2.64336419e+00 1.46673131e+00
  1.76782942e+00 4.69146872e+00 6.15129411e-01 2.50540709e+00
  2.61533332e+00 1.85445464e+00 1.37918997e+01 2.39684248e+00
  1.09455144e+00 2.71424294e+00 2.05492401e+00 1.80842042e+00
  2.50617838e+00 2.56475747e-01 1.28845841e-01 2.28278923e+00
  7.63611794e-01 1.52003515e+00 1.31525593e+01 9.33720231e-01
  7.37863243e-01 3.73134804e+00 2.40328646e+00 1.92897335e-01
  9.19475555e+00 0.00000000e+00 3.65444016e+00 4.30140162e+00
  6.20960474e+00 1.67525852e+00 1.31167326e+01 2.41854995e-01
  2.44407266e-01 1.04278922e+00 7.40406275e-01 5.45565307e-01
  3.38911009e+00 4.19289142e-01 5.69619560e+00 3.02137971e+00
  3.70087832e-01 5.28610468e+00 8.57718349e-01 4.72029543e+00
  5.13813305e+00 8.22091198e+00 1.50124657e+00 1.74906731e+00
  5.74997139e+00 3.88347507e-01 3.15395927e+00 8.37402940e-01
  4.28004414e-01 1.01303587e+01 1.95631289e+00 3.80929494e+00
  1.26447856e+00 4.39879799e+00 5.32243586e+00 1.80202365e+00
  2.74271935e-01 4.75015783e+00 1.94820452e+00 1.52183437e+00
  4.55936575e+00 5.81142187e+00 8.35483932e+00 7.32733917e+00
  5.31015635e+00 1.72412705e+00 3.09942663e-01 8.23866725e-01
  0.00000000e+00 8.63650203e-01 1.82340395e+00 2.09353113e+00
  0.00000000e+00 1.18576157e+00 5.42951167e-01 9.62467730e-01
  4.61152166e-01 8.92593443e-01 2.04701558e-01 5.37234020e+00
  0.00000000e+00 1.07135499e+00 1.54219091e+00 1.41616309e+00
  3.01200175e+00 7.76646614e-01 1.96559584e+00 4.34039879e+00
  9.28823948e+00 6.49263442e-01 5.39775372e+00 4.22197342e+00
  1.35061121e+01 2.03127861e+00 7.60108614e+00 3.92471611e-01
  5.76723456e-01 3.29223609e+00 7.85417438e-01 1.87274015e+00
  5.31320512e-01 2.31865302e-01 6.33701921e-01 2.52411723e+00
  2.30296111e+00 5.48500657e-01 1.33973646e+00 1.39768839e+00
  0.00000000e+00 4.92644101e-01 6.14000298e-02 5.58678198e+00
  1.67933750e+00 4.84165573e+00 5.24348307e+00 1.99489295e+00
  6.81139326e+00 5.88101816e+00 3.60210609e+00 6.37629366e+00
  6.21587563e+00 4.08789110e+00 5.78827286e+00 1.65735257e+00
  9.74806190e-01 2.74869823e+00 2.44604611e+00 2.36881328e+00
  2.97363663e+00 5.95462620e-01 4.17241752e-01 1.60025313e-01
  1.64320886e+00 7.25161743e+00 2.07345414e+00 2.88808417e+00
  0.00000000e+00 2.62495923e+00 2.71903563e+00 3.15142322e+00
  3.46366096e+00 5.89666486e-01 2.21654892e+00 5.09816074e+00
  1.59729883e-01 1.42442679e+00 1.64222240e+00 1.19384170e+00
  3.25334144e+00 3.52501720e-01 2.57256842e+00 1.47434342e+00
  7.02234685e-01 5.64291191e+00 8.44336450e-01 7.75499642e-01
  3.02189517e+00 2.24935532e+00 4.21877289e+00 1.54645014e+00
  2.92772603e+00 1.02642941e+00 2.87880015e+00 2.77459002e+00
  6.23301744e+00 1.69906247e+00 3.81141949e+00 1.98190063e-01
  5.36955595e-01 7.14609802e-01 7.04105568e+00 4.30125999e+00]]