[[1.89434305e-01 1.86704114e-01 1.33188379e+00 1.67587742e-01
  5.24817514e+00 1.18772545e+01 5.30458736e+00 6.95157671e+00
  1.75406134e+00 4.35036659e+00 5.87928295e+00 2.70496035e+00
  5.52791214e+00 9.75126076e+00 4.26770878e+00 5.11745262e+00
  1.05777845e-01 8.55767488e-01 1.06866762e-01 4.42961693e+00
  2.57619548e+00 3.01827717e+00 3.55704337e-01 2.94387078e+00
  3.31843185e+00 6.64068937e+00 3.36143661e+00 1.42983210e+00
  1.05115426e+00 0.00000000e+00 0.00000000e+00 3.96095753e+00
  2.73639107e+00 3.84317327e+00 1.46691537e+00 1.45209384e+00
  1.88152564e+00 3.21625143e-01 9.89863396e+00 4.27388239e+00
  6.06296718e-01 4.66403365e-02 9.55084324e-01 5.46555519e+00
  0.00000000e+00 5.97879171e+00 1.07999916e+01 2.96041846e+00
  4.05086374e+00 2.56784534e+00 1.36141038e+00 1.69688094e+00
  1.85147715e+00 1.26199871e-01 4.88354969e+00 4.92385912e+00
  2.70917988e+00 6.30272055e+00 3.55407190e+00 5.90903640e-01
  9.14385319e-01 1.63871244e-01 9.30364609e+00 3.42701316e+00
  4.73197460e+00 5.15641212e+00 5.11690664e+00 5.26071489e-01
  3.57683921e+00 1.87198174e+00 4.50521278e+00 8.76638472e-01
  2.86522061e-01 9.83523846e+00 2.38888884e+00 9.72085893e-01
  6.85140038e+00 2.73333716e+00 5.11915922e-01 3.33674371e-01
  2.84854937e+00 2.37253189e+00 4.15737438e+00 8.44709456e-01
  7.22685695e-01 5.62132359e+00 2.06597257e+00 6.94927752e-01
  2.40984464e+00 4.23808455e-01 4.45015526e+00 5.50092745e+00
  2.70659208e+00 4.95930386e+00 8.17242682e-01 1.91634521e-02
  0.00000000e+00 2.84291697e+00 4.90815973e+00 4.52127361e+00
  2.70042253e+00 4.81642532e+00 1.27956915e+01 7.94315338e+00
  1.42932701e+00 8.10112432e-02 2.13415074e+00 3.12781930e-01
  1.20896436e-01 1.23259318e+00 6.11935556e-01 1.08679235e+00
  0.00000000e+00 1.25872648e+00 6.39017045e-01 6.77166700e-01
  7.27955103e+00 1.70041955e+00 1.45840645e-01 3.82411313e+00
  2.15848207e+00 3.01902115e-01 1.23922169e-01 4.40090799e+00
  2.25435805e+00 4.20062590e+00 4.67305332e-01 2.74212569e-01
  2.33732843e+00 1.43367376e+01 7.52656460e-01 1.25108719e+00
  5.29593325e+00 2.82774138e+00 3.27247500e+00 2.82482076e+00
  2.27056885e+00 3.03860712e+00 6.30963373e+00 1.69301963e+00
  1.79442763e+00 5.80084443e-01 3.66111472e-02 7.68360138e+00
  2.89802909e-01 1.80632985e+00 2.80284190e+00 3.99465352e-01
  9.90197584e-02 2.64886647e-01 0.00000000e+00 3.10114264e-01
  3.93279433e+00 0.00000000e+00 3.90960717e+00 3.36360359e+00
  1.49494648e+00 5.46062279e+00 5.98397493e-01 1.62166560e+00
  3.35831261e+00 2.95793891e+00 2.36540794e+00 2.49329448e+00
  1.00827131e+01 1.50366759e+00 5.16717792e-01 6.94319487e+00
  8.38300288e-01 1.97838533e+00 1.46069145e+00 4.79480028e+00
  2.41755033e+00 4.35552567e-01 1.31981146e+00 1.70774534e-01
  0.00000000e+00 7.77564526e+00 1.18635492e+01 5.52408409e+00
  5.11120558e+00 8.88468146e-01 7.27844381e+00 1.07824647e+00
  3.14355063e+00 5.99790478e+00 3.72495949e-01 1.03358543e+00
  1.37062943e+00 4.15100861e+00 8.89508343e+00 0.00000000e+00
  3.25596899e-01 1.11941576e+01 9.87710476e-01 2.69231701e+00
  5.46281636e-01 2.34621358e+00 2.70634270e+00 2.71291733e+00
  3.82034826e+00 3.89707017e+00 8.14185023e-01 5.80560267e-01
  1.51447010e+01 5.91386032e+00 3.11425591e+00 9.56694126e-01
  5.87468505e-01 8.06514263e-01 0.00000000e+00 7.65581846e-01
  7.41606057e-01 1.04513836e+01 4.04748619e-01 1.36246288e+00
  4.71721649e+00 9.96804059e-01 1.53803706e+00 2.85631275e+00
  8.52959919e+00 4.19683361e+00 1.33008480e+00 2.52880543e-01
  1.08740675e+00 1.28043818e+00 1.51411521e+00 3.27189612e+00
  7.74673700e-01 2.54291952e-01 2.78984666e+00 1.20331311e+00
  3.06688523e+00 3.41492176e+00 4.15192938e+00 2.83810830e+00
  1.69808331e+01 1.64676380e+00 2.66146040e+00 2.47972488e+00
  2.73045635e+00 0.00000000e+00 4.78741497e-01 2.73556924e+00
  5.72625041e-01 8.39381218e+00 8.38673019e+00 1.59790564e+00
  2.45391679e+00 3.82342601e+00 1.10979195e+01 4.12908173e+00
  4.47391301e-01 3.54964209e+00 7.80845881e+00 2.87205219e+00
  3.80684209e+00 9.09777820e-01 4.90902901e+00 6.03589249e+00
  0.00000000e+00 9.17090654e-01 2.70831347e-01 2.28318930e-01
  4.83580351e+00 7.57576585e-01 7.46312797e-01 0.00000000e+00
  3.67103767e+00 9.50963259e-01 3.79247141e+00 2.54455900e+00
  3.22773910e+00 8.41005147e-01 2.46729350e+00 3.40310240e+00
  5.76629305e+00 0.00000000e+00 9.19284105e-01 9.68281865e-01
  6.20276070e+00 1.94223332e+00 1.84417352e-01 4.95798141e-01
  4.01815605e+00 0.00000000e+00 6.14661264e+00 2.74229312e+00
  4.83384848e-01 4.25411987e+00 1.61896393e-01 2.92315078e+00
  2.96199775e+00 4.33096409e+00 3.02254820e+00 1.57167986e-01
  1.09153338e-01 1.13983178e+00 1.05053878e+00 0.00000000e+00
  3.93213415e+00 5.23172617e+00 6.31535244e+00 2.18657923e+00
  4.88482618e+00 2.38487750e-01 0.00000000e+00 4.21141982e-02
  2.54748607e+00 1.12385368e+00 5.89348888e+00 1.54277098e+00
  2.76657629e+00 1.43685234e+00 3.44818902e+00 4.16646063e-01
  1.52129097e+01 1.26954050e+01 4.42436361e+00 2.77810049e+00
  3.34826994e+00 2.85997081e+00 3.55244112e+00 2.21418357e+00
  2.05426908e+00 8.42259502e+00 2.83048296e+00 8.39858830e-01
  1.21165285e+01 7.29268217e+00 7.01028228e-01 6.68873215e+00
  3.69845062e-01 9.29812133e-01 4.65830231e+00 2.85926342e+00
  2.48897576e+00 4.83585882e+00 7.77998626e-01 4.30472326e+00
  1.60600436e+00 2.20930266e+00 6.17920494e+00 1.16098905e+00
  1.64557612e+00 4.47498512e+00 1.39665699e+00 5.62342346e-01
  2.00160027e+00 0.00000000e+00 2.22107315e+00 2.48175287e+00
  1.76382291e+00 7.60593319e+00 7.75902843e+00 2.68185139e-01
  0.00000000e+00 1.38482742e+01 3.09241962e+00 5.17355776e+00
  8.76173973e+00 7.88981691e-02 6.78543627e-01 6.12047052e+00
  5.66820240e+00 2.18331957e+00 1.45235109e+01 2.92919421e+00
  5.29983819e-01 5.71033895e-01 7.36349285e-01 1.81562436e+00
  5.06301928e+00 4.22763586e+00 3.66991615e+00 5.34033537e+00
  1.14371538e+00 5.82993412e+00 1.70306921e-01 9.20268440e+00
  4.70192194e+00 4.19832754e+00 3.82731509e+00 2.58386397e+00
  2.48862171e+00 2.67235446e+00 2.59962153e+00 1.72869051e+00
  0.00000000e+00 5.07258654e+00 1.24791121e+00 4.41664457e+00
  1.73903000e+00 3.04520893e+00 1.28361740e+01 2.54782224e+00
  4.07355738e+00 3.13474083e+00 1.86692774e+00 3.24527597e+00
  4.47935820e+00 9.96165371e+00 3.56430173e+00 7.08328009e+00
  7.67497301e+00 9.07467663e-01 0.00000000e+00 3.83693218e-01
  2.58260518e-01 3.24269032e+00 7.01203775e+00 1.92420518e+00
  1.90311519e-03 1.35399163e+00 1.98673284e+00 4.39306974e-01
  1.68507195e+00 3.23023021e-01 7.00232744e-01 2.39755654e+00
  0.00000000e+00 9.62246239e-01 3.24077725e-01 5.06190920e+00
  2.00387454e+00 4.64674854e+00 5.31829977e+00 1.07988405e+01
  5.98241997e+00 4.89993811e-01 2.20566010e+00 1.06141996e+01
  1.99599705e+01 1.24636126e+00 3.03866005e+00 1.21964207e+01
  4.52155948e-01 4.25692415e+00 8.16462457e-01 1.31107748e+00
  1.42190349e+00 3.08683544e-01 3.78986448e-01 2.30226326e+00
  1.08675265e+00 1.44214368e+00 1.83553326e+00 1.60971713e+00
  4.32648420e-01 8.39507997e-01 0.00000000e+00 4.88759708e+00
  2.12755394e+00 6.52490091e+00 5.20088148e+00 1.32246029e+00
  2.72033596e+00 5.03790092e+00 3.44700384e+00 9.52473831e+00
  4.21892643e+00 1.94551146e+00 7.17843151e+00 1.28911114e+00
  3.00176573e+00 2.22896147e+00 4.04777259e-01 6.47316217e-01
  6.61964655e+00 1.11363387e+00 2.26611132e-03 1.72960830e+00
  2.18418047e-01 4.84817600e+00 4.44728315e-01 7.17534924e+00
  1.85424340e+00 4.22299576e+00 2.90728164e+00 8.40798855e-01
  3.94690347e+00 6.51779115e-01 1.60413349e+00 3.96585178e+00
  1.58192134e+00 3.30362797e-01 4.56541109e+00 3.49909806e+00
  3.03297734e+00 2.29995251e-02 5.50210762e+00 1.73621583e+00
  3.64710498e+00 2.81779226e-02 3.97427487e+00 1.84994829e+00
  4.25955343e+00 1.80043268e+00 4.86486435e+00 2.02706432e+00
  7.03889990e+00 1.06535900e+00 6.54382944e+00 2.17584562e+00
  7.74462652e+00 1.08956110e+00 2.42788076e+00 1.13947973e-01
  2.82709861e+00 2.93077320e-01 6.48731136e+00 1.12693901e+01]]