[[7.36789167e-01 2.69905701e-02 1.99225426e+00 3.46674584e-02
  1.95765972e+00 1.62800045e+01 4.95782042e+00 5.55969715e+00
  4.01702499e+00 1.45139372e+00 4.39980316e+00 2.06350827e+00
  2.43019485e+00 3.72522473e+00 2.45858502e+00 2.17164707e+00
  2.33147189e-01 5.09827793e-01 1.92354143e+00 1.60308385e+00
  1.25165209e-01 3.87512374e+00 1.09626532e+00 1.57838690e+00
  2.42926550e+00 3.89297676e+00 4.22588825e+00 1.52759537e-01
  2.86793613e+00 7.92658448e-01 4.47593182e-01 3.71959257e+00
  5.14242470e-01 3.27988100e+00 1.67023644e-01 5.87533154e-02
  2.52473545e+00 0.00000000e+00 3.82013822e+00 9.56347704e-01
  2.84305334e+00 3.15654397e+00 2.50448227e+00 4.23813105e+00
  0.00000000e+00 1.59301198e+00 7.11552525e+00 3.23645616e+00
  4.04530859e+00 1.25012136e+00 7.50104547e-01 9.53064144e-01
  6.90829039e-01 9.29099798e-01 4.93493652e+00 2.49407721e+00
  2.25651383e+00 4.02782440e+00 3.20026428e-01 4.63070184e-01
  5.42702258e-01 2.04653907e+00 6.36306143e+00 5.05619526e+00
  2.45865583e+00 3.59840393e+00 2.38401985e+00 2.80809975e+00
  5.12515962e-01 8.27268124e+00 1.82113230e+00 3.67354840e-01
  0.00000000e+00 7.82327700e+00 2.73010159e+00 0.00000000e+00
  1.53238034e+00 2.31680226e+00 1.12563908e+00 4.51181620e-01
  9.21766460e-01 9.99965429e-01 2.69479609e+00 1.48861140e-01
  2.98039150e+00 3.10010266e+00 8.63818824e-01 4.76178914e-01
  2.66346335e+00 8.22304934e-02 3.07651067e+00 1.29922724e+00
  3.25985885e+00 5.47355938e+00 1.07991540e+00 1.84016228e-01
  1.41537035e+00 2.99894118e+00 1.67124844e+00 2.22403002e+00
  1.56950939e+00 3.32785344e+00 8.93616486e+00 5.95656919e+00
  1.26019752e+00 1.07863402e+00 9.99163568e-01 5.34104228e-01
  6.07262433e-01 1.81917715e+00 2.12294832e-01 1.70107234e+00
  0.00000000e+00 1.48388159e+00 1.38060570e+00 2.74931312e-01
  6.09595776e+00 3.23209906e+00 8.72904360e-02 1.03484905e+00
  1.64051974e+00 0.00000000e+00 8.81015301e-01 5.53180599e+00
  0.00000000e+00 1.77770197e+00 1.20082244e-01 0.00000000e+00
  1.93053961e-01 7.00006104e+00 1.29597676e+00 1.81039050e-01
  2.67623210e+00 1.13009930e+00 1.86739492e+00 2.88221240e+00
  4.14344907e-01 5.41554451e-01 7.90202475e+00 7.43704987e+00
  1.06739485e+00 7.32217431e-01 2.92513204e+00 5.80939865e+00
  1.49813071e-01 4.30116028e-01 3.92576909e+00 3.32679957e-01
  4.94832724e-01 0.00000000e+00 2.22937942e+00 1.64656639e-01
  3.71918130e+00 0.00000000e+00 1.45198572e-02 7.17174721e+00
  1.70908093e-01 2.60005951e+00 5.28351307e-01 2.45950148e-01
  8.39183331e-01 2.64563274e+00 2.18142247e+00 3.85817838e+00
  6.19287920e+00 4.71347475e+00 5.48800349e-01 1.90122843e+00
  4.88042623e-01 1.27781212e+00 1.19434667e+00 5.14220715e-01
  5.05017710e+00 4.05966234e+00 2.30347943e+00 4.48900819e-01
  2.50010669e-01 5.69623280e+00 1.31788015e+01 3.32007647e+00
  2.13276148e+00 8.52882385e-01 4.09593010e+00 1.15126789e-01
  1.47077978e+00 1.36802936e+00 1.28094423e+00 4.46028858e-02
  1.90197051e+00 3.41186142e+00 1.31505752e+00 0.00000000e+00
  0.00000000e+00 1.50105019e+01 5.30376017e-01 1.67768562e+00
  1.34828627e+00 2.23968816e+00 2.97987521e-01 1.31727564e+00
  2.06041121e+00 1.89081025e+00 3.07006025e+00 0.00000000e+00
  6.22320557e+00 1.59160161e+00 2.09906721e+00 5.52672148e-01
  1.24652290e+00 9.12341404e+00 2.85054493e+00 3.75067663e+00
  7.04526722e-01 5.88659239e+00 1.10559559e+00 0.00000000e+00
  2.46301866e+00 0.00000000e+00 6.01795673e-01 2.30013514e+00
  4.20156908e+00 3.30681252e+00 7.25509822e-01 0.00000000e+00
  3.13887310e+00 0.00000000e+00 6.37602568e-01 6.72377706e-01
  1.19230986e+00 7.52639949e-01 3.67670059e+00 3.49844784e-01
  1.42318380e+00 1.46150842e-01 4.75215483e+00 2.27024174e+00
  1.07986994e+01 2.48108602e+00 2.30966854e+00 0.00000000e+00
  7.77701318e-01 1.68410861e+00 1.67681825e+00 1.68549359e+00
  6.08371556e-01 8.43330193e+00 5.30113697e+00 1.07230926e+00
  8.32631648e-01 4.76789951e+00 3.58088493e+00 1.52170420e+00
  5.76657057e-01 4.42738914e+00 6.97386408e+00 1.74838915e-01
  2.27041197e+00 1.71163225e+00 7.80037403e+00 2.66125178e+00
  1.89144552e+00 1.19354650e-01 5.45000017e-01 8.02812502e-02
  1.97210813e+00 0.00000000e+00 7.35521269e+00 2.74653196e-01
  4.11556768e+00 1.53971672e+00 2.98181939e+00 8.36000264e-01
  0.00000000e+00 2.64118481e+00 6.92943096e-01 8.73024762e-01
  9.85937595e+00 7.37249732e-01 0.00000000e+00 1.05530274e+00
  6.17083263e+00 2.97954273e+00 6.24132693e-01 0.00000000e+00
  3.58825922e+00 2.95502126e-01 8.74676609e+00 3.06538701e+00
  1.23381555e+00 5.27044725e+00 0.00000000e+00 6.44569814e-01
  5.13295841e+00 3.48050117e+00 3.90174460e+00 1.89016783e+00
  1.62147939e+00 1.22531390e+00 1.56859088e+00 0.00000000e+00
  9.95588493e+00 5.16705656e+00 9.23432350e+00 3.88696015e-01
  5.97835636e+00 0.00000000e+00 8.57978761e-01 3.84255767e-01
  3.30920601e+00 3.68492275e-01 8.67323101e-01 7.75797442e-02
  4.21774006e+00 1.15444100e+00 3.21497226e+00 1.94481611e-01
  7.56405783e+00 6.89892101e+00 3.93489599e+00 4.78897333e-01
  1.50435162e+00 2.28455544e+00 2.94870090e+00 1.64697707e+00
  1.08169580e+00 3.13408828e+00 6.78817272e+00 0.00000000e+00
  6.12779331e+00 2.92504144e+00 1.27627218e+00 1.71785164e+00
  1.68781638e-01 5.48465967e+00 5.26104975e+00 2.26266766e+00
  1.17533457e+00 6.43980074e+00 1.79138541e+00 3.65698671e+00
  2.57252455e+00 3.49550277e-01 7.94413519e+00 2.10967231e+00
  7.93409944e-01 1.89395308e+00 1.91326952e+00 0.00000000e+00
  9.42434967e-01 1.34950384e-01 1.45287740e+00 3.03894728e-01
  5.35244405e-01 1.21344340e+00 9.38183403e+00 2.12726220e-01
  2.94133812e-01 8.63805771e+00 5.08291066e-01 1.80393681e-01
  9.96878052e+00 0.00000000e+00 4.42658097e-01 4.22978783e+00
  5.12699986e+00 6.26676619e-01 1.10807867e+01 3.12145877e+00
  0.00000000e+00 3.26627827e+00 7.55274177e-01 2.75072992e-01
  4.11896658e+00 9.01524067e-01 4.34590292e+00 7.53562868e-01
  7.03959107e-01 2.02416205e+00 3.66830796e-01 2.01339221e+00
  3.23356318e+00 5.69998598e+00 9.63073909e-01 1.97475016e+00
  3.30629873e+00 8.34781408e-01 2.69394732e+00 5.81001699e-01
  2.18508795e-01 5.63308764e+00 9.67334032e-01 1.27347243e+00
  6.70709014e-01 2.18781734e+00 3.04144478e+00 2.06156731e+00
  1.65463674e+00 1.60578239e+00 4.85176831e-01 2.60447192e+00
  2.86087418e+00 1.66724796e+01 2.80079246e+00 8.90388966e+00
  6.20686722e+00 8.39818835e-01 3.93370092e-01 4.89155829e-01
  3.79980278e+00 2.15909505e+00 2.89131403e+00 3.76345187e-01
  4.13027614e-01 2.07522178e+00 3.88871729e-01 7.60176539e-01
  1.35668755e+00 7.28369057e-02 1.23196550e-01 2.29206872e+00
  0.00000000e+00 0.00000000e+00 8.72902513e-01 5.93391943e+00
  2.23131061e+00 3.62672663e+00 3.45952868e+00 7.13143063e+00
  3.27732038e+00 7.97399998e-01 9.99921441e-01 3.85920334e+00
  1.30361853e+01 2.02881002e+00 2.18670869e+00 5.31562233e+00
  1.21337569e+00 3.12245417e+00 1.47061920e+00 1.31049991e+00
  0.00000000e+00 8.69063362e-02 3.53143096e+00 3.51116014e+00
  1.99650133e+00 6.78674057e-02 1.19096518e+00 2.02573109e+00
  4.01185244e-01 1.10895073e+00 0.00000000e+00 2.76801348e+00
  3.00143838e+00 5.68414450e+00 3.90833449e+00 6.29217803e-01
  4.02983284e+00 3.35360599e+00 1.55741966e+00 7.60783052e+00
  5.50322676e+00 1.89464736e+00 3.60946465e+00 9.76148963e-01
  1.36970818e-01 9.17598128e-01 3.11727333e+00 1.01840889e+00
  4.17291069e+00 1.02671218e+00 6.79333270e-01 6.15469158e-01
  1.00557673e+00 2.99605894e+00 1.06337070e+00 4.12374830e+00
  1.51357248e-01 2.25590658e+00 3.52239579e-01 1.67956483e+00
  2.22066569e+00 1.49756595e-01 6.80224955e-01 5.22778463e+00
  3.63078982e-01 1.12317038e+00 2.50099564e+00 3.24672008e+00
  2.32735348e+00 0.00000000e+00 4.77210379e+00 0.00000000e+00
  1.00953376e+00 3.39552546e+00 8.27650666e-01 5.45631886e-01
  3.47672105e+00 3.80390215e+00 1.78055012e+00 6.26606703e-01
  2.65548468e+00 1.19359732e+00 3.51688802e-01 8.48409653e+00
  4.85754013e+00 6.91179395e-01 2.39801335e+00 4.95053959e+00
  6.09018862e-01 2.18448304e-02 2.75596404e+00 5.58137798e+00]]