[[3.4829551e-01 3.8233805e+00 4.2210531e+00 0.0000000e+00 8.7591475e-01
  1.3633760e+01 3.1928999e+00 5.2724404e+00 8.0776739e+00 5.3695244e-01
  3.6323671e+00 3.8504975e+00 4.1667299e+00 2.8879569e+00 3.4360099e+00
  1.8577932e+00 3.9847951e+00 1.5197623e-01 9.6423155e-01 6.3576293e+00
  1.1172049e+00 1.5129611e+00 0.0000000e+00 1.8312652e+00 2.0711653e+00
  7.2338400e+00 1.2415813e+00 0.0000000e+00 2.0698209e+00 4.9057239e-01
  1.2204662e-02 5.7239108e+00 1.7006242e-01 6.9968543e+00 6.8421423e-01
  3.2429796e-02 1.6455150e+00 9.9162906e-01 1.0301597e+01 5.1763910e-01
  4.2493856e-01 6.8326062e-01 1.3861078e-01 1.4287359e+00 1.7697481e+00
  2.2393556e+00 6.3246346e+00 4.7423224e+00 6.1152635e+00 7.0240970e+00
  3.4913864e-02 2.5576158e+00 0.0000000e+00 1.8204749e+00 4.1699605e+00
  4.0900588e+00 1.1606932e+00 8.6769543e+00 2.0640004e+00 7.2783154e-01
  8.6122286e-01 0.0000000e+00 4.3300734e+00 3.4142749e+00 5.4111272e-01
  5.3544083e+00 4.2979255e+00 1.2335895e+00 1.4733753e+00 4.7342725e+00
  7.6961750e-01 1.2619488e+00 1.7476435e+00 3.4902883e+00 1.7380980e+00
  0.0000000e+00 2.1396635e+00 6.8430781e-01 5.0805229e-01 0.0000000e+00
  9.3620968e-01 7.3326921e+00 3.7018251e+00 2.1689458e-01 6.5653831e-02
  3.4439878e+00 9.5588908e-02 4.1325464e+00 5.4994035e+00 0.0000000e+00
  2.1474969e+00 1.6381310e+00 2.0208905e+00 3.3268421e+00 3.3945379e-01
  1.0879857e-01 1.0678966e+00 3.1767209e+00 4.1435504e+00 2.7483478e+00
  1.8081151e+00 3.8625987e+00 5.2123132e+00 4.0067611e+00 8.7816229e+00
  5.1616299e-01 1.0274404e-01 0.0000000e+00 3.1569622e-02 3.7136061e+00
  6.5099082e+00 9.2359143e-01 5.6084907e-01 1.2448068e+00 3.4507205e+00
  1.7791161e-01 5.5453792e+00 7.3879170e+00 2.5066265e-01 9.3622461e-02
  4.0189318e-02 2.7135589e+00 1.4409143e+00 3.6062317e+00 0.0000000e+00
  1.9018169e-01 4.9142408e-01 0.0000000e+00 6.0014957e-01 1.5092322e+01
  7.6008402e-03 0.0000000e+00 1.4864073e+00 3.9261763e+00 4.3843069e+00
  2.8201683e+00 1.9204444e+00 5.1572785e+00 6.9831538e+00 1.6887580e+00
  1.2220552e+00 7.7221692e-02 1.4953598e+00 4.4237919e+00 6.1178058e-01
  5.6436330e-01 7.0501766e+00 0.0000000e+00 2.1909919e-01 8.1459409e-01
  1.8145624e+00 7.5425482e-01 1.0582254e+00 1.1209470e-01 2.5133243e-01
  5.1650910e+00 4.8535252e+00 2.1118324e+00 4.0594753e-02 4.0441308e+00
  2.2451963e-01 1.1161697e+01 2.2672536e+00 5.0055218e+00 3.5386596e+00
  1.1892935e+00 0.0000000e+00 5.3920851e+00 3.1365888e+00 5.8825841e+00
  1.9310645e+00 6.2425607e-01 8.1665821e+00 5.7591772e-01 1.1423835e+00
  1.0580627e+00 1.4976475e+00 5.6369867e+00 3.2786417e+00 3.7501738e+00
  4.6662092e+00 0.0000000e+00 3.4733884e+00 4.2569000e-01 9.7606832e-01
  6.4599361e+00 1.3811239e+00 1.0914987e+00 1.7274114e+00 5.1703072e+00
  2.6304228e+00 0.0000000e+00 9.8723292e-01 1.2419279e+01 0.0000000e+00
  3.5318916e+00 6.3290638e-01 3.1450238e+00 0.0000000e+00 1.1724089e+00
  1.2510858e+00 1.6217122e+00 9.7952172e-02 8.0162108e-01 3.3131869e+00
  3.2275590e-01 5.2995768e+00 5.8790666e-01 5.6774545e-01 4.4705520e+00
  0.0000000e+00 4.6250625e+00 0.0000000e+00 8.1509085e+00 7.2862184e-01
  0.0000000e+00 6.5691972e+00 3.2065687e+00 1.7104064e+00 4.5102267e+00
  3.4273090e+00 2.8813558e+00 2.2151334e+00 2.1633673e+00 1.3419410e+00
  1.7033931e+00 1.0101001e-01 7.4530631e-01 0.0000000e+00 5.9711283e-01
  9.9175066e-01 2.8359976e+00 1.7356563e+00 5.5406370e+00 4.2713108e+00
  4.0523167e+00 1.8674540e+01 5.6894350e+00 3.5860548e+00 1.2876997e+00
  1.4597493e+00 1.5086985e-01 2.8739605e+00 1.5909282e+00 1.3480158e+00
  3.4363666e+00 1.0051804e+01 1.6278148e-01 5.9161073e-01 1.7622295e+01
  2.3730483e+00 1.7956920e+00 1.1305366e+00 3.7406564e+00 2.5002906e+00
  5.6514969e+00 9.2120390e+00 5.1919708e+00 5.2331157e+00 1.0384003e+00
  0.0000000e+00 8.4394753e-01 1.7452279e-01 0.0000000e+00 5.3121805e+00
  7.6042227e-02 4.0303912e+00 1.2381258e+00 9.2084017e+00 9.5624018e-01
  7.3591514e+00 3.6196399e-01 3.8047452e+00 3.6070843e+00 1.4386782e-01
  3.3317156e+00 7.4621811e+00 9.9261262e-02 0.0000000e+00 5.7898521e+00
  3.6480498e+00 4.4273310e+00 2.5679791e-01 3.8042821e-02 4.2150235e+00
  2.4309304e-02 1.3199390e+01 3.9049071e-01 4.2767271e-01 1.1566054e+00
  5.3425831e-01 1.4993829e-01 6.7502089e+00 7.1360856e-01 3.0317006e+00
  2.0634410e+00 3.7289093e+00 2.6653311e+00 6.4986181e-01 0.0000000e+00
  6.4898214e+00 6.5441852e+00 5.5919204e+00 0.0000000e+00 5.6302876e+00
  9.0913236e-02 0.0000000e+00 1.2570637e+00 5.5409222e+00 2.9476777e-01
  2.3938007e+00 3.8022619e-02 1.1208596e+00 2.5464305e-01 2.6507671e+00
  1.6923167e+00 5.8089023e+00 1.0778588e+01 2.8707869e+00 2.6756296e-01
  3.9511418e-01 1.8495337e+00 4.4804320e+00 1.2049063e+00 1.2639877e+00
  5.3660245e+00 6.6889710e+00 0.0000000e+00 2.1021955e+00 8.7609583e-01
  1.2552475e+00 2.7438374e+00 1.0586853e+00 6.5994811e+00 9.2033024e+00
  2.6576886e+00 5.7837677e-01 3.2965157e+00 1.0978181e+00 2.6558301e+00
  1.3281479e-01 4.4515185e+00 1.2207508e+01 3.5031155e-01 2.4766185e+00
  2.2208958e+00 0.0000000e+00 0.0000000e+00 1.6943816e+00 2.2360017e+00
  2.7648597e+00 1.1624892e+00 1.1722151e+00 3.2929158e+00 1.3522293e+01
  2.3297614e-01 1.0177341e+00 7.1951432e+00 1.2584000e+00 3.6764169e-01
  4.4044981e+00 0.0000000e+00 7.3192263e+00 6.5195804e+00 2.5934501e+00
  3.0771646e+00 2.4270412e+01 2.8145008e+00 5.1559317e-01 3.7154655e+00
  4.9208337e-01 6.1569804e-01 5.0189962e+00 7.9060145e-02 4.3923411e+00
  8.1964329e-02 2.3082495e+00 3.4023561e+00 3.0779460e-01 3.4610219e+00
  4.2172995e+00 1.3809553e+01 3.6768494e+00 2.8943155e+00 2.2362790e+00
  7.4444532e-01 2.7039979e+00 1.8321031e+00 3.6701009e-01 9.2270136e+00
  4.6325770e-01 1.2548009e+00 8.6096860e-02 2.0871077e+00 1.3642329e+00
  6.1173916e-01 3.1601210e+00 3.8953125e+00 4.1589980e+00 3.7197273e+00
  2.9389977e+00 6.4619284e+00 3.3554831e+00 6.5710402e+00 2.5091250e+00
  4.7569579e-01 0.0000000e+00 2.1295745e+00 4.3931155e+00 3.1169834e+00
  3.0776112e+00 1.5835631e-01 0.0000000e+00 1.5992955e+00 7.0718324e-01
  8.7225300e-01 2.6817667e+00 1.8076575e+00 8.9926732e-01 3.6505165e+00
  1.8716750e+00 4.3292066e-01 1.0355215e+00 4.4146934e+00 5.8163915e+00
  8.0000299e-01 7.5567741e+00 5.7662048e+00 2.5695746e+00 0.0000000e+00
  1.3604742e+00 1.1529769e+01 9.4413528e+00 2.1166983e+00 1.4176683e+00
  1.5455531e+01 1.1486573e+00 2.3653688e+00 2.4711256e+00 2.1011767e+00
  0.0000000e+00 1.7866440e-01 1.4139814e+00 4.0413256e+00 1.0583301e+00
  3.8272232e-01 1.9059561e+00 1.2187353e+00 7.8751677e-01 2.9442525e+00
  1.4031590e+00 3.6801980e+00 1.0048749e+00 5.9359579e+00 4.5796404e+00
  1.2182943e+00 4.9957457e+00 2.4065671e+00 5.3296781e-01 7.2355509e+00
  6.7114902e+00 1.1519576e+00 5.1476312e+00 2.1401982e+00 3.0302405e-01
  2.9531696e+00 4.9504542e+00 3.7134281e-01 4.4151406e+00 2.2967420e+00
  1.3086356e+00 1.4072648e-01 1.3870227e-01 5.5345211e+00 9.4330925e-01
  2.6373832e+00 1.2652398e+00 9.5916772e-01 3.6874321e+00 1.9830278e+00
  7.7789168e+00 0.0000000e+00 2.0075262e+00 7.8662338e+00 1.2201548e+00
  1.3788939e+00 4.9098769e-01 3.6920528e+00 1.5578868e+00 9.1880471e-02
  3.6110289e+00 1.6614312e-01 1.6546057e+00 2.0459745e+00 1.0274174e+00
  2.6808777e+00 7.3313255e+00 6.2259459e+00 9.3407619e-01 2.0832052e-02
  3.1753297e+00 2.9817691e-01 1.1852190e+00 9.9349556e+00 4.7971883e+00
  1.2141267e+00 5.0605521e+00 2.5588243e+00 1.8970572e+00 2.3970072e+00
  3.7143323e+00 5.3446922e+00]]