[[1.63209494e-02 1.31228828e+00 0.00000000e+00 8.48363638e-02
  2.15919042e+00 8.71475506e+00 2.92905974e+00 7.29926300e+00
  6.57372999e+00 2.89216042e+00 4.69559765e+00 5.73238182e+00
  2.30741358e+00 5.60832739e+00 8.17714274e-01 6.31511164e+00
  3.35301375e+00 2.51023579e+00 5.26978672e-01 3.64524436e+00
  5.10784674e+00 2.42570138e+00 2.89613485e-01 4.93636131e+00
  5.69278479e-01 4.43216181e+00 4.23242378e+00 1.09130299e+00
  3.51620108e-01 2.85439134e-01 0.00000000e+00 4.40333223e+00
  2.25784945e+00 4.29008484e+00 1.37798011e+00 2.38764867e-01
  2.11768770e+00 3.71791303e-01 4.64621115e+00 4.21468830e+00
  1.30176115e+01 5.35199106e-01 3.20594907e+00 2.57005906e+00
  7.64183104e-01 3.53249836e+00 9.89998436e+00 2.00264287e+00
  3.64348364e+00 5.95781147e-01 1.80490267e+00 8.64537537e-01
  1.96961552e-01 4.77921188e-01 2.42134070e+00 3.83126545e+00
  2.36488843e+00 3.12084055e+00 1.38697660e+00 1.34485507e+00
  3.33748907e-01 1.26019192e+00 6.89190054e+00 1.59712672e+00
  4.43093628e-01 2.12458467e+00 5.88606596e+00 8.71630609e-01
  1.85596967e+00 6.19859028e+00 6.50355196e+00 2.09204078e+00
  1.02809811e+00 1.27197390e+01 3.00878263e+00 1.17198503e+00
  3.30100298e+00 2.49931622e+00 9.46169794e-01 1.54012311e+00
  3.68729377e+00 2.25064588e+00 3.25191879e+00 6.96450472e-01
  1.01983631e+00 3.49523544e+00 1.46861565e+00 1.37554586e+00
  3.61315584e+00 0.00000000e+00 2.41092491e+00 3.77056503e+00
  6.39751971e-01 3.64115477e+00 4.31933105e-01 1.41762102e+00
  6.75235927e-01 1.05547309e+00 4.07142067e+00 3.40889549e+00
  8.83680433e-02 2.13853598e+00 1.46487217e+01 5.97422886e+00
  2.78192759e+00 1.14795494e+00 6.99113369e-01 1.59469211e+00
  6.28932655e-01 3.24829435e+00 8.95543754e-01 1.01525891e+00
  0.00000000e+00 2.02182531e+00 2.20183039e+00 2.18980774e-01
  5.30541515e+00 1.71548343e+00 1.59243834e+00 1.83247530e+00
  2.65757036e+00 0.00000000e+00 8.66018310e-02 1.27408922e+00
  0.00000000e+00 4.07529449e+00 9.96984184e-01 0.00000000e+00
  1.54239666e+00 6.98582554e+00 8.02364409e-01 3.09093451e+00
  3.64396381e+00 1.68851364e+00 3.97129703e+00 1.41042626e+00
  5.64943314e-01 3.27103400e+00 6.82797718e+00 1.03446054e+00
  7.72602856e-01 2.16258109e-01 2.05278087e+00 2.34403753e+00
  1.25291109e+00 1.17241371e+00 2.80981207e+00 0.00000000e+00
  3.34582746e-01 3.59841347e+00 1.79930687e+00 2.90196389e-01
  1.86429906e+00 0.00000000e+00 4.77632642e-01 5.36446476e+00
  2.61267424e-01 4.61707592e+00 1.24307108e+00 1.10102856e+00
  4.08204508e+00 5.44625473e+00 1.70736814e+00 4.11999702e+00
  3.92282414e+00 4.54314041e+00 0.00000000e+00 4.24941063e+00
  6.43977344e-01 4.06963348e+00 3.09961033e+00 5.56926727e-01
  3.41851902e+00 4.35734272e+00 1.55673563e+00 1.28244686e+00
  0.00000000e+00 4.08787060e+00 1.07812576e+01 1.77299082e+00
  3.40535355e+00 0.00000000e+00 4.62797499e+00 4.29589719e-01
  2.88320446e+00 1.32864738e+00 1.28160059e+00 5.28209448e-01
  3.31834579e+00 3.88188267e+00 1.48816216e+00 0.00000000e+00
  7.18578815e-01 5.39888239e+00 1.24752775e-01 3.04012322e+00
  4.71871048e-01 3.00381303e+00 1.08520591e+00 1.02381015e+00
  5.41887999e+00 2.53894162e+00 4.71695401e-02 6.35636389e-01
  4.06324530e+00 4.06729460e+00 3.29773593e+00 4.17283487e+00
  1.20311749e+00 1.14227047e+01 7.85345510e-02 9.17848289e-01
  1.93101692e+00 8.24668217e+00 3.27925682e-02 1.08838819e-01
  2.51590395e+00 2.49817520e-01 1.25202501e+00 1.88717842e+00
  6.36109066e+00 6.23082685e+00 6.44911587e-01 1.03944206e+00
  2.14322686e+00 2.93529463e+00 2.18673205e+00 1.16434240e+00
  4.30365086e-01 3.03637815e+00 1.03056931e+00 1.74307084e+00
  7.73849070e-01 1.50753164e+00 3.56196117e+00 2.03398156e+00
  1.17316723e+01 1.42411029e+00 1.53620350e+00 3.93101835e+00
  3.35347080e+00 4.03429627e-01 1.02295494e+00 8.37606430e+00
  3.01938200e+00 7.89335728e+00 4.79887152e+00 1.13810337e+00
  4.93038940e+00 4.25317001e+00 2.76490355e+00 3.25306988e+00
  1.39498615e+00 1.51813304e+00 6.06968927e+00 2.30432487e+00
  2.86974907e+00 1.69521523e+00 5.96435213e+00 1.59630728e+00
  0.00000000e+00 2.81059551e+00 0.00000000e+00 7.56670594e-01
  2.68170667e+00 0.00000000e+00 2.39004207e+00 0.00000000e+00
  2.02511716e+00 1.88493848e+00 5.36272526e+00 9.63350773e-01
  9.66750026e-01 0.00000000e+00 2.31172872e+00 9.60571110e-01
  3.04437661e+00 1.70793593e+00 4.46968079e-01 1.54961920e+00
  6.60887671e+00 2.10290241e+00 1.79126084e-01 3.81163321e-02
  2.19245124e+00 4.19609398e-02 7.18642521e+00 2.93270022e-01
  4.56652075e-01 6.72989702e+00 2.55966663e-01 2.09509921e+00
  4.77481318e+00 1.29245510e+01 2.79258132e+00 1.34033608e+00
  8.74131978e-01 5.11775255e-01 9.30788398e-01 1.22170546e-03
  7.13587031e-02 3.93795538e+00 3.95291734e+00 1.92957008e+00
  3.21277046e+00 8.89581621e-01 6.15593612e-01 1.10925436e+00
  2.01428533e+00 1.10699356e+00 2.31085277e+00 1.85880467e-01
  1.92855179e+00 1.96042180e-01 0.00000000e+00 2.13090348e+00
  5.27910328e+00 4.74803734e+00 6.15394306e+00 7.68052626e+00
  1.60698903e+00 2.07252669e+00 4.99060869e-01 6.35865629e-01
  3.78620338e+00 4.91777182e+00 2.36114311e+00 4.53874111e-01
  7.98341942e+00 4.50826979e+00 7.33514309e-01 1.18073773e+00
  8.71064425e-01 3.85703039e+00 4.15938997e+00 3.47922182e+00
  1.06131911e+00 4.99613190e+00 1.56019962e+00 2.60925531e+00
  1.21892190e+00 3.47117394e-01 3.58829021e+00 1.01314533e+00
  1.48224497e+00 9.44325686e-01 1.74406636e+00 2.06506416e-01
  7.13614941e-01 2.93190897e-01 8.13722253e-01 2.78945351e+00
  1.98976755e+00 4.42024279e+00 4.34185982e+00 1.43878445e-01
  7.60466754e-01 3.63611650e+00 5.00024462e+00 1.43706930e+00
  1.08022327e+01 2.48677544e-02 2.22842860e+00 3.16483593e+00
  1.07391634e+01 2.59006405e+00 3.55610585e+00 1.08103645e+00
  2.93880850e-02 7.21299410e-01 1.07335019e+00 1.53136003e+00
  2.21913743e+00 8.22138965e-01 4.67833996e+00 3.63965535e+00
  3.37549746e-01 2.87372351e+00 3.40763450e-01 6.01842403e+00
  1.13737476e+00 8.43954754e+00 2.74730444e+00 1.70989418e+00
  4.60986662e+00 4.79068637e-01 3.60767221e+00 1.28213501e+00
  2.17470489e-02 2.99693370e+00 5.05888820e-01 1.30982065e+00
  3.05863547e+00 3.44443488e+00 4.48924112e+00 1.01049101e+00
  2.08075452e+00 9.62256372e-01 3.87551451e+00 1.97836518e+00
  2.07262754e+00 5.46279955e+00 5.07950401e+00 8.38418102e+00
  2.17829394e+00 1.63972127e+00 0.00000000e+00 9.42648053e-02
  6.23468962e-03 9.12019789e-01 5.85009623e+00 2.91576338e+00
  0.00000000e+00 2.94081593e+00 2.59991109e-01 1.40375841e+00
  1.47727117e-01 7.93693244e-01 5.44765055e-01 4.13813686e+00
  3.32378894e-02 5.62189817e-01 3.08877468e-01 6.50319517e-01
  1.81476533e+00 1.46332896e+00 1.29761040e+00 6.43025732e+00
  7.96298981e+00 0.00000000e+00 1.89360714e+00 8.41515636e+00
  1.33930731e+01 4.89656162e+00 1.43530631e+00 6.40934896e+00
  3.39425147e-01 3.96583772e+00 1.30977273e+00 2.50650573e+00
  3.51111054e-01 1.33414060e-01 7.87658870e-01 1.40223217e+00
  1.72493482e+00 2.25951657e-01 1.04507089e+00 1.69268990e+00
  2.17224240e-01 7.35178888e-01 4.39094931e-01 4.00231457e+00
  1.69806254e+00 4.55851269e+00 5.54695082e+00 2.46800423e+00
  2.13522816e+00 3.03728914e+00 9.31355476e+00 8.90629196e+00
  4.22310877e+00 1.37288320e+00 6.63410854e+00 1.20608604e+00
  2.29311809e-01 3.18530965e+00 1.21991944e+00 2.95000005e+00
  2.43268299e+00 2.80813122e+00 1.71342909e+00 0.00000000e+00
  0.00000000e+00 6.66959620e+00 4.17961963e-02 3.00941086e+00
  1.56636751e+00 1.71187747e+00 4.18971109e+00 1.28341782e+00
  7.33439684e+00 9.47466373e-01 1.70820677e+00 3.10706711e+00
  4.84060705e-01 2.64631176e+00 2.15951657e+00 1.34990841e-01
  4.79806042e+00 1.02542102e+00 2.76887202e+00 1.40889034e-01
  2.46047807e+00 3.93081093e+00 1.37988544e+00 7.74720013e-01
  2.27360654e+00 2.55196214e+00 2.19736552e+00 6.55850291e-01
  2.18632603e+00 1.54602897e+00 6.37695265e+00 4.12220860e+00
  2.59429193e+00 1.44256270e+00 5.82895100e-01 0.00000000e+00
  3.28755587e-01 6.41956985e-01 5.79917049e+00 7.42883635e+00]]