[[0.00000000e+00 1.27515391e-01 1.33538604e+00 1.88948452e-01
  3.46703720e+00 1.00744858e+01 4.70745897e+00 1.00512743e+01
  6.81433535e+00 3.92806721e+00 3.67388511e+00 4.24845791e+00
  5.00562906e+00 8.32532501e+00 4.34821701e+00 4.44541550e+00
  2.79213428e-01 6.67812824e-01 4.54915619e+00 4.09322929e+00
  4.04779291e+00 5.15805674e+00 6.14114344e-01 1.78724957e+00
  1.78212833e+00 5.67222357e+00 4.43807507e+00 4.85553533e-01
  4.34202462e-01 0.00000000e+00 0.00000000e+00 0.00000000e+00
  1.20465493e+00 4.28336143e+00 1.17302263e+00 0.00000000e+00
  5.46762228e-01 4.15124655e-01 1.11378145e+01 8.72412696e-02
  4.35135221e+00 0.00000000e+00 6.73870087e-01 3.32161117e+00
  6.05453134e-01 6.35616684e+00 7.92631149e+00 5.65372992e+00
  3.70776033e+00 3.59471464e+00 0.00000000e+00 4.03268695e-01
  6.43389165e-01 9.98184383e-01 3.02779269e+00 4.35493088e+00
  0.00000000e+00 2.32384920e+00 1.12717438e+00 8.39170814e-01
  4.44680738e+00 6.68651462e-02 6.76749659e+00 2.69884253e+00
  1.01997328e+00 3.03586507e+00 2.53223252e+00 4.70262736e-01
  4.35559265e-02 4.50292063e+00 0.00000000e+00 0.00000000e+00
  6.24281824e-01 1.07584791e+01 4.80584145e+00 7.97091484e-01
  1.31872213e+00 3.37202978e+00 3.71752173e-01 5.75151205e+00
  3.59825635e+00 2.40157652e+00 4.60157919e+00 1.91409960e-01
  3.88941877e-02 2.40954280e+00 2.13976932e+00 6.14848137e-01
  1.33559167e+00 2.52338946e-01 3.74881601e+00 4.33286047e+00
  3.77472234e+00 9.72459221e+00 9.17479694e-01 4.73756522e-01
  1.65725183e+00 7.63800859e-01 1.49599624e+00 4.04247570e+00
  5.78140593e+00 3.48810434e+00 1.37298369e+00 4.75242519e+00
  7.27705479e-01 1.73314795e-01 2.81169510e+00 9.40814435e-01
  0.00000000e+00 1.61176908e+00 3.26451325e+00 4.00000238e+00
  0.00000000e+00 2.52103615e+00 4.85207617e-01 6.11704469e-01
  4.81222773e+00 2.67893815e+00 0.00000000e+00 1.77486658e+00
  1.70868731e+00 4.67443556e-01 0.00000000e+00 2.49669170e+00
  0.00000000e+00 2.23181462e+00 2.58786738e-01 8.09786767e-02
  1.43698132e+00 1.35429153e+01 1.63385585e-01 5.03473096e-02
  3.20094681e+00 1.88163948e+00 2.31901336e+00 2.65063047e+00
  3.97335023e-01 1.65377700e+00 7.72421837e+00 4.28706646e+00
  8.70221376e-01 5.84464133e-01 1.12569034e+00 1.80988860e+00
  6.48919344e+00 1.97694147e+00 3.60819936e+00 0.00000000e+00
  0.00000000e+00 6.54471666e-02 0.00000000e+00 0.00000000e+00
  2.47114682e+00 2.15692878e-01 6.01873755e-01 6.18377542e+00
  1.12135515e-01 5.79715204e+00 4.72781867e-01 1.76339734e+00
  1.08146288e-01 3.98974824e+00 2.64572716e+00 2.08281159e+00
  1.05806684e+01 1.19317222e+00 0.00000000e+00 3.59894228e+00
  9.86927569e-01 2.53699255e+00 1.02009284e+00 2.28978813e-01
  8.36343575e+00 0.00000000e+00 3.22340310e-01 3.50096369e+00
  6.88502267e-02 1.76943517e+00 1.58936143e+00 5.56759834e+00
  3.85661650e+00 1.40655041e+00 6.07063437e+00 9.75243330e-01
  3.10930061e+00 3.69515610e+00 1.70739639e+00 1.23965167e-01
  8.31667244e-01 1.96054906e-01 2.29883409e+00 0.00000000e+00
  7.59967089e-01 1.19085360e+01 5.01512468e-01 1.53314292e+00
  6.20297074e-01 7.39806354e-01 1.37060082e+00 1.56496930e+00
  9.14166987e-01 2.34495831e+00 9.34892833e-01 0.00000000e+00
  2.16083479e+00 2.20404816e+00 5.27572298e+00 2.57086962e-01
  1.95287967e+00 5.28099346e+00 6.49132371e-01 1.30626416e+00
  0.00000000e+00 8.11079121e+00 5.38904130e-01 3.38578284e-01
  8.43635273e+00 2.47769284e+00 3.52239203e+00 4.10437059e+00
  4.96566916e+00 1.15362425e+01 2.30553079e+00 1.36130130e+00
  1.34687126e+00 4.29104492e-02 5.48011482e-01 1.11208308e+00
  0.00000000e+00 9.09726262e-01 1.49019992e+00 8.74309003e-01
  5.64930582e+00 2.50389576e+00 1.72902107e+00 0.00000000e+00
  1.41157103e+01 5.26580191e+00 1.14784837e+00 1.93253446e+00
  2.28769636e+00 0.00000000e+00 3.41652918e+00 8.43101680e-01
  3.88993597e+00 2.97254205e+00 1.03030367e+01 3.14634651e-01
  1.65184271e+00 4.91421270e+00 4.16726542e+00 3.04714537e+00
  8.84971857e-01 1.75560439e+00 1.14495392e+01 1.46363986e+00
  1.68425989e+00 2.69076324e+00 4.38541508e+00 4.72872198e-01
  0.00000000e+00 4.51502442e-01 0.00000000e+00 5.88142455e-01
  7.02520967e-01 6.56751156e-01 2.96851206e+00 2.15208530e+00
  3.63446236e+00 2.12662846e-01 7.70819759e+00 8.15187633e-01
  9.30343032e-01 2.34004331e+00 2.66423368e+00 1.95892906e+00
  1.64274044e+01 0.00000000e+00 5.81245899e-01 9.99663234e-01
  8.99180412e+00 1.13592577e+00 1.97110033e+00 0.00000000e+00
  1.20900691e+00 0.00000000e+00 6.23629951e+00 3.42172432e+00
  0.00000000e+00 1.37538946e+00 0.00000000e+00 1.71988976e+00
  1.12543023e+00 5.51295243e-02 4.34416580e+00 2.55737829e+00
  0.00000000e+00 1.87484175e-01 0.00000000e+00 0.00000000e+00
  1.67164576e+00 2.71498585e+00 2.47104216e+00 5.02883792e-01
  7.30560064e+00 3.86399955e-01 2.59133190e-01 0.00000000e+00
  3.77058721e+00 0.00000000e+00 5.43255472e+00 6.29788414e-02
  2.58343172e+00 2.76122141e+00 2.36401677e+00 1.18851840e-01
  9.81067657e+00 1.28768787e+01 4.47011185e+00 8.08401203e+00
  2.10796523e+00 6.45893142e-02 3.70668268e+00 2.58001709e+00
  1.83268178e+00 4.72284603e+00 1.38424072e+01 4.02552158e-01
  6.49647665e+00 1.74440145e+00 0.00000000e+00 2.96620965e+00
  3.52432084e+00 1.50995553e+00 3.39278793e+00 2.34266376e+00
  2.00844121e+00 8.36940002e+00 6.02719963e-01 9.58971858e-01
  1.00412953e+00 3.30220413e+00 8.70645618e+00 1.38251436e+00
  1.34587348e+00 1.62519944e+00 2.97858310e+00 4.29459900e-01
  1.98672378e+00 3.86762321e-01 5.95581889e-01 1.92711294e+00
  4.34327078e+00 3.74733067e+00 1.15549202e+01 1.74568370e-01
  3.83756936e-01 1.10938320e+01 7.71329594e+00 8.10457289e-01
  1.07125165e-02 0.00000000e+00 3.45225120e+00 7.99569559e+00
  4.68870211e+00 8.44643235e-01 9.67652416e+00 1.37472725e+00
  1.28976405e-01 2.72834754e+00 9.30541515e-01 6.96659327e-01
  3.31040359e+00 1.68878424e+00 2.01362324e+00 5.34741402e+00
  6.76927626e-01 3.66242266e+00 3.22886848e+00 2.73279381e+00
  3.80030227e+00 3.98316765e+00 8.67695427e+00 1.22885776e+00
  3.14876699e+00 5.94765902e-01 3.75143433e+00 5.27926326e-01
  0.00000000e+00 5.23552990e+00 8.13602880e-02 3.89646935e+00
  5.73437691e-01 5.68177032e+00 2.08781004e+00 2.98690391e+00
  2.98110747e+00 4.57087040e+00 1.92146599e+00 4.45917845e+00
  1.11152279e+00 9.58420277e+00 1.71748674e+00 1.02900133e+01
  6.59708309e+00 7.86527574e-01 0.00000000e+00 2.00553107e+00
  4.82202768e-01 2.46568829e-01 5.73391533e+00 1.06299734e+00
  0.00000000e+00 1.91420889e+00 3.53635252e-01 1.79792595e+00
  1.96034896e+00 4.75273162e-01 1.69415832e-01 5.17408276e+00
  0.00000000e+00 1.71420619e-01 3.24470818e-01 3.25056863e+00
  7.22779095e-01 2.51863647e+00 1.05853093e+00 1.94568312e+00
  8.38637161e+00 4.06952985e-02 2.60656142e+00 8.99908543e+00
  2.39073830e+01 1.60151780e-01 9.98498499e-01 4.40333700e+00
  0.00000000e+00 3.81068516e+00 9.25553799e-01 4.63015223e+00
  8.17609206e-02 4.23403144e-01 2.51266646e+00 4.74971008e+00
  1.74884045e+00 3.62605959e-01 2.21372157e-01 1.18883264e+00
  2.54365563e-01 1.13880165e-01 0.00000000e+00 4.01947451e+00
  3.17415047e+00 6.42786026e+00 2.23643255e+00 2.12353897e+00
  1.98808742e+00 4.16503334e+00 4.20846415e+00 9.16638851e+00
  3.36242771e+00 2.52423739e+00 6.34389257e+00 5.04909277e-01
  6.66395068e-01 1.88085163e+00 1.00980628e+00 1.38998175e+00
  4.15424824e+00 1.68858540e+00 6.05763912e-01 4.04447585e-01
  4.14609671e-01 6.60733509e+00 5.20579517e-01 5.40662003e+00
  6.12044632e-01 1.28922892e+00 3.92295742e+00 3.25410223e+00
  2.62501049e+00 0.00000000e+00 1.24198568e+00 5.05203199e+00
  0.00000000e+00 9.66915429e-01 2.57399750e+00 7.45844603e-01
  1.80584049e+00 1.74813971e-01 3.41832137e+00 6.06691241e-01
  2.36524367e+00 3.96031785e+00 1.56088865e+00 4.02110636e-01
  8.32699966e+00 2.52094507e-01 9.27271605e-01 9.19058204e-01
  4.33608055e+00 2.43245316e+00 1.94875324e+00 4.42286205e+00
  2.76612568e+00 4.82280016e+00 1.01886139e+01 2.15523052e+00
  1.37786460e+00 0.00000000e+00 3.69755477e-02 1.30963430e+01]]