[[2.0114448e+00 8.7596822e-01 3.3121328e+00 0.0000000e+00 5.0542479e+00
  8.9306211e+00 3.2912896e+00 1.1472145e+01 4.4660239e+00 3.2373405e+00
  3.8962238e+00 6.1004076e+00 5.6001244e+00 3.8930266e+00 3.7998726e+00
  2.0912716e+00 2.2395306e+00 1.0889882e+00 0.0000000e+00 1.8663374e+00
  3.7969224e+00 6.3537965e+00 2.1340871e+00 6.3815165e+00 3.9351997e+00
  2.6170936e+00 6.2116203e+00 1.7204819e+00 9.1987503e-01 2.2846310e+00
  2.4820068e-03 0.0000000e+00 1.0875283e+00 3.7683744e+00 2.0177050e+00
  6.6984884e-02 1.1174519e-01 0.0000000e+00 3.8723433e+00 3.0093632e+00
  0.0000000e+00 1.0790471e+00 2.9168773e+00 5.5891905e+00 1.8660259e+00
  1.6737722e+00 1.2949845e+01 1.6625274e+00 2.8972025e+00 2.8187865e-01
  9.1948967e+00 2.6234627e-01 0.0000000e+00 1.3752726e-01 1.1016219e+01
  2.8722625e+00 4.2936997e+00 1.8681154e+00 3.9632864e+00 2.1255732e+00
  1.3534520e+00 3.0204275e-01 9.5085268e+00 4.4187737e+00 1.5855210e-01
  3.3226576e+00 1.2291617e+00 2.5761691e-01 2.8166180e+00 5.3429890e+00
  7.4960432e+00 2.1795945e+00 7.7431256e-01 7.0037947e+00 4.2536120e+00
  1.3579901e+00 2.1849537e+00 6.5937405e+00 1.5985637e+00 4.6094882e-01
  2.9291048e+00 6.1149459e+00 7.6975358e-01 2.9236779e-01 3.7365711e+00
  2.1011844e+00 3.7298191e+00 2.7156880e-01 3.8557091e+00 4.4259736e-01
  1.5210781e+00 4.4381091e-01 2.0534303e+00 1.1622432e+01 1.5478090e+00
  6.1979246e-01 1.3249910e+00 3.2184694e+00 4.7460513e+00 0.0000000e+00
  3.4682579e+00 7.1821761e+00 7.0704556e+00 1.4483934e+01 8.8626200e-01
  7.1536529e-01 1.2340820e-01 3.5259256e+00 1.1212148e-01 6.7410564e+00
  3.3231154e-01 1.2731625e+00 0.0000000e+00 2.0861652e-01 8.6623377e-01
  2.6625497e+00 2.0229588e+00 5.5568376e+00 8.8798141e-01 7.5495905e-01
  2.1892577e-01 0.0000000e+00 0.0000000e+00 5.5515056e+00 0.0000000e+00
  3.4931471e+00 0.0000000e+00 1.3576716e-01 0.0000000e+00 3.1547778e+00
  2.4074228e+00 1.2350054e+00 1.3471644e+00 9.7049862e-01 4.3545232e+00
  2.5319958e+00 1.0802611e+00 4.2091027e-01 1.0439344e+01 3.7671754e+00
  5.0172293e-01 3.3063240e-02 3.8430297e+00 7.4559909e-01 1.4712749e+00
  7.2814411e-01 1.3325640e+01 1.1701422e+00 0.0000000e+00 2.2612356e-01
  1.2895919e+00 0.0000000e+00 1.4091614e+00 0.0000000e+00 7.9209602e-01
  5.5421381e+00 0.0000000e+00 7.3563399e+00 0.0000000e+00 5.8302355e-01
  7.2386906e-02 2.6448133e+00 2.1828246e+00 4.9114904e+00 6.7138605e+00
  1.1640220e+00 0.0000000e+00 2.8382926e+00 1.2973659e-01 4.5779624e+00
  4.8645001e-02 2.4998095e+00 7.8911376e+00 3.0942768e-01 3.3146050e+00
  8.1027664e-02 0.0000000e+00 4.7296271e+00 4.6567144e+00 5.0799513e+00
  2.1872072e+00 3.8539426e+00 4.3232193e+00 3.8030404e-01 3.9877024e+00
  3.6089010e+00 3.6201928e+00 6.2563606e-02 9.7860689e+00 1.8815649e+00
  3.2409451e+00 0.0000000e+00 2.4864352e+00 1.9820693e+00 0.0000000e+00
  2.7216661e+00 1.3264207e+00 1.1011007e+00 1.0095308e+00 6.7108047e-01
  3.1478739e+00 4.1529121e+00 0.0000000e+00 2.0357026e-01 8.9848270e+00
  4.0625038e+00 3.9608133e+00 4.3974104e+00 9.9504912e-01 1.7836397e+01
  1.6559713e+00 5.6530339e-01 1.9749968e-01 4.9040909e+00 3.8341495e-01
  0.0000000e+00 4.4001651e+00 1.2235121e+00 7.3692060e-01 5.6026087e+00
  1.4964737e+01 6.0806499e+00 3.7880411e+00 2.0969301e-01 2.6982334e+00
  1.8616562e+00 1.6315569e+00 5.7256168e-01 1.0187510e+00 1.3561290e-02
  2.7352348e-01 4.6591750e-01 7.2161281e-01 8.7333494e-01 3.7899363e+00
  2.1993039e+00 1.4397440e+01 1.2190616e+00 1.1350461e-01 3.3875277e+00
  7.6982850e-01 7.8792071e-01 1.1262958e+00 1.5783868e+00 4.1881514e-01
  8.2861519e+00 6.8153510e+00 3.7321252e-01 3.5443103e+00 7.4031372e+00
  1.4960998e+00 4.6984277e+00 1.7236768e-01 2.0614429e+00 1.0716482e+01
  1.3551431e+00 1.1306423e+00 1.6178522e+00 2.1828268e+00 2.6410160e+00
  0.0000000e+00 3.5228807e-01 3.5103032e-01 9.5089190e-03 1.3795644e+00
  1.0581396e+00 5.6051774e+00 1.0771450e+00 9.3661302e-01 1.9758053e-01
  3.8668365e+00 4.6124050e-01 2.4393079e+00 5.9801078e-01 1.5537429e+00
  1.5446976e-01 1.1072902e+01 4.3104374e-01 2.0266199e+00 1.4167426e+00
  6.9965839e+00 1.9217961e+00 7.6652306e-01 0.0000000e+00 3.6154041e+00
  1.0200087e-01 8.9276638e+00 4.3369752e-01 9.5437139e-01 5.9330654e+00
  0.0000000e+00 3.7414232e-01 1.5891223e+01 5.8600721e+00 3.3154590e+00
  1.2194543e+00 1.6504791e+00 4.0919151e+00 8.7726873e-01 1.8709901e-01
  0.0000000e+00 9.8862684e-01 2.2371097e+00 8.5819215e-01 2.6521909e+00
  0.0000000e+00 2.0356457e+00 1.8294114e+00 3.0977528e+00 9.9018919e-01
  2.7932904e+00 1.1546129e+00 4.6413164e+00 1.2123346e+00 7.3413992e-01
  3.4336433e+00 8.3449135e+00 8.3947926e+00 6.4308395e+00 2.4370577e+00
  1.7283413e-01 1.2980481e+00 2.8440552e+00 1.9454218e+00 4.6379247e+00
  4.2282310e+00 6.3830194e+00 3.8245103e+00 1.1637869e+01 1.0186790e+00
  0.0000000e+00 1.9781185e+00 1.1161837e-01 3.0736623e+00 5.2530355e+00
  7.4292433e-01 2.1919222e+00 3.2250865e+00 2.3723006e+00 2.2761688e+00
  7.4471748e-01 2.2419209e+00 8.3648977e+00 1.9784510e+00 2.0589595e+00
  7.5851381e-01 1.2651640e+00 2.4476392e+00 1.7906473e+00 3.7742209e+00
  1.8500090e+00 9.8843324e-01 3.2246122e-01 2.3863795e+00 9.5428677e+00
  6.6533160e-01 1.4795315e+00 2.8630056e+00 1.2144728e+00 8.2302016e-01
  8.9121122e+00 2.0565256e-01 2.2974472e+00 3.9675672e+00 2.6485484e+00
  9.7731203e-01 1.0670346e+01 8.0180234e-01 4.1639146e-01 7.6813614e-01
  6.3641566e-01 2.6982136e+00 3.1406219e+00 4.0129510e-01 4.4359412e+00
  1.9679911e+00 5.5704927e-01 4.8971300e+00 0.0000000e+00 2.6769512e+00
  7.1020895e-01 2.2006998e+00 5.3189621e+00 1.8634008e+00 8.5062656e+00
  4.7398794e-01 2.2821720e+00 2.8095188e+00 5.2004302e-01 6.7689662e+00
  7.7449799e-01 3.1996162e+00 2.2903104e+00 4.6471313e-01 4.1026592e+00
  1.6480128e+00 9.9502641e-01 4.5610003e+00 2.1320519e+00 4.1997738e+00
  3.9109883e+00 8.3581028e+00 3.7163522e+00 3.2785532e-01 1.4860570e+00
  2.0805485e+00 0.0000000e+00 9.9741805e-01 0.0000000e+00 1.4793386e+00
  3.4761674e+00 2.0049813e+00 1.3990079e-01 0.0000000e+00 2.0217553e-01
  0.0000000e+00 4.9989633e-02 8.3044618e-01 3.8923824e-01 5.0987740e+00
  0.0000000e+00 0.0000000e+00 2.0454085e+00 3.4480023e+00 2.0570619e+00
  1.5074731e-01 8.9567226e-01 1.7300456e+00 1.1043144e+01 2.4070325e+00
  3.4137280e+00 7.7491903e+00 1.2647837e+01 1.0978380e+01 6.5380344e+00
  2.9119091e+00 4.9891692e-01 5.2239890e+00 4.4741580e-01 5.6321592e+00
  2.1924870e+00 2.3494594e-01 4.7209546e-01 3.4140563e+00 9.0311773e-02
  0.0000000e+00 4.9759874e+00 2.8829129e+00 3.6511883e-01 2.1849345e-01
  0.0000000e+00 1.2936575e+00 3.2178853e+00 4.8417692e+00 3.0143960e+00
  3.2626984e+00 3.1703143e+00 6.9603086e+00 5.3197331e+00 1.0101623e+01
  7.3139405e+00 4.0499800e-01 5.8088965e+00 0.0000000e+00 0.0000000e+00
  3.4806865e-01 3.5399880e+00 2.9138649e+00 1.8167419e+00 7.3693460e-01
  5.0542778e-01 1.8152650e-01 5.7896185e+00 5.3208427e+00 2.2677734e-01
  2.5920122e+00 0.0000000e+00 4.5192389e+00 3.7490406e+00 4.2731318e+00
  3.0550740e+00 0.0000000e+00 3.2358390e-01 4.3151489e-01 0.0000000e+00
  2.0494032e+00 4.6125741e+00 9.1543835e-01 5.9389668e+00 9.6832234e-01
  2.4112144e+00 6.9338202e-01 4.3316331e+00 8.3488636e+00 3.3752358e+00
  2.6412481e-01 2.9739108e+00 2.2590110e+00 5.0744858e+00 3.4345582e+00
  2.2702849e+00 3.2283800e+00 4.9618273e+00 6.3153415e+00 3.7986438e+00
  1.3403733e+00 3.5686500e+00 1.4889318e-01 6.2974566e-01 2.0669684e+00
  3.6326041e+00 4.2349935e+00]]