[[2.5358071e+00 2.1258171e+00 3.7572162e+00 0.0000000e+00 9.2867756e-01
  2.0837555e+00 1.0872550e+00 4.2915535e+00 4.3357248e+00 7.5837052e-01
  1.7836949e+00 1.9370173e+00 4.2324457e+00 1.1826063e+00 1.1220305e+00
  2.4547434e+00 2.2304721e+00 0.0000000e+00 3.1516485e-02 1.5892210e+00
  9.1529787e-01 1.2530214e+00 5.7866178e+00 3.9520693e-01 2.5489464e+00
  3.1088340e+00 2.7603991e+00 2.6621697e+00 2.0029314e+00 4.1060801e+00
  1.6661505e-01 2.2393987e+00 0.0000000e+00 2.2493205e+00 4.5152795e-01
  4.6290001e-01 2.9900501e+00 2.3009472e-01 3.2486615e+00 1.8596996e+00
  3.0321085e-01 1.2712908e+00 3.5639381e+00 4.6164217e+00 3.0091035e-01
  4.5251730e-01 4.7517500e+00 0.0000000e+00 2.3462079e+00 3.9497395e+00
  9.3318158e-01 7.3343557e-01 0.0000000e+00 1.5453138e+00 2.7013373e+00
  2.4312122e+00 2.2436149e+00 5.8484640e+00 2.4052590e-01 3.3307040e+00
  6.3524008e-01 2.1960919e+00 8.3962231e+00 2.5995572e+00 9.2932767e-01
  1.9461471e+00 4.7302275e+00 1.0986933e-01 1.2791154e+00 4.4175043e+00
  4.4392891e+00 3.9395127e-01 7.0682043e-01 5.5862513e+00 3.4453523e+00
  9.1151267e-01 2.2663057e+00 2.0616372e+00 1.9992813e-01 1.9201794e+00
  5.9301931e-01 1.4086634e+00 1.1866406e+00 4.8328467e-02 8.6071024e+00
  1.2013161e+00 3.2877674e+00 1.1660626e+00 6.3077784e+00 2.2168444e-01
  4.8011184e+00 2.9391360e-02 1.2916297e-01 8.4399545e-01 1.2465554e+00
  3.6606574e-01 9.8898572e-01 7.0339761e+00 1.4394151e+00 1.1515038e+01
  5.7653737e-01 2.9107790e+00 3.8390095e+00 6.8294334e+00 3.9755611e+00
  2.3006286e-01 4.0317864e+00 7.2257072e-01 1.3718808e+00 2.0449862e+00
  8.2631075e-01 0.0000000e+00 2.9325768e-01 5.6898642e-01 5.8902283e+00
  6.1164981e-01 5.6491861e+00 4.3348103e+00 3.5398817e-01 1.7402775e+00
  0.0000000e+00 2.2468388e+00 3.5406131e-02 3.3843801e+00 2.1205397e+00
  2.2314885e+00 2.6858697e+00 0.0000000e+00 2.4708073e-01 2.7336640e+00
  2.1598237e+00 0.0000000e+00 2.3858564e+00 1.7202498e+00 2.3753789e-01
  5.2887068e+00 4.5036521e+00 2.6314056e+00 3.7982323e+00 2.2358069e+00
  2.2477548e+00 0.0000000e+00 2.9437182e+00 4.3818216e+00 2.8330675e-01
  8.6450553e-01 2.9708843e+00 3.4238651e-01 0.0000000e+00 0.0000000e+00
  1.7322806e+00 2.0143442e+00 9.6417767e-01 4.9884886e-02 2.0490317e+00
  2.5028250e+00 3.3666739e+00 1.5701056e+00 0.0000000e+00 3.9606270e-01
  4.4433922e-01 1.3653543e+00 2.2116427e+00 2.0834095e+00 3.2190459e+00
  4.9717143e-01 7.1951717e-01 2.0188994e+00 0.0000000e+00 3.4497693e+00
  1.9572483e+00 3.6686745e+00 1.1960260e+00 2.5701158e+00 1.1045390e+00
  0.0000000e+00 5.6686926e-01 5.9374495e+00 5.6505356e+00 3.4534099e+00
  9.8852563e-01 2.8596887e-01 3.3824048e+00 9.8146489e-03 4.6473145e+00
  1.6392277e+00 2.3915019e+00 1.3049246e+00 5.5752564e-02 3.0837450e+00
  2.3783934e+00 6.8308216e-01 2.4905384e+00 3.2016873e+00 1.1916257e-01
  9.0790739e+00 7.6547521e-01 5.7875979e-01 4.7086400e-01 2.0526519e-01
  1.4528087e+00 2.4786849e+00 5.8207941e-01 2.0892103e+00 1.1259223e+01
  2.8983192e+00 9.1474169e-01 1.5002686e+00 5.2629089e-01 1.7475821e+00
  1.8372303e-02 5.7917017e-01 2.8070984e-02 5.4467435e+00 4.0762460e-01
  0.0000000e+00 3.4227195e+00 1.9955207e-01 8.5529965e-01 7.8288710e-01
  1.5558796e+00 4.4612465e+00 2.7289400e-01 2.2842978e-01 1.7598414e+00
  9.1999131e-01 1.1367346e+00 7.5494289e-01 2.3033328e+00 7.5554526e-01
  9.7694337e-01 1.8474797e+00 1.6256858e-01 8.1300903e-03 7.5763381e-01
  2.3879580e+00 1.1369763e+01 2.8840432e-01 2.8498790e+00 2.6662752e-01
  2.4342957e+00 1.6038389e+00 4.5085411e+00 4.0508008e+00 5.7740724e-01
  3.6726277e+00 6.7694402e+00 1.6910360e+00 1.0918950e+00 2.1580143e+01
  1.4779631e+00 3.4920552e+00 3.9985776e-01 6.9632020e+00 5.4651151e+00
  6.9568765e-01 6.3573117e+00 0.0000000e+00 8.6834311e-01 2.7809877e+00
  8.2804769e-01 2.9809427e+00 1.6199240e-01 2.0036318e+00 3.9376962e+00
  0.0000000e+00 1.2476947e+00 1.8927156e+00 7.5889587e+00 9.2754537e-01
  8.5886937e-01 2.0016742e+00 1.5543889e+00 5.8724590e-02 2.5600955e+00
  4.4080502e-01 5.7841468e+00 1.7430863e-01 2.2301488e-01 2.8282791e-02
  4.8903570e+00 1.2552929e+00 9.7025043e-01 2.2532677e-02 3.2786069e+00
  5.8094483e-02 5.4822288e+00 2.8460696e+00 9.5749748e-01 3.4156437e+00
  2.4007185e+00 0.0000000e+00 5.4209900e-01 1.8144629e+00 2.5480833e+00
  1.2128454e+00 8.9782572e-01 1.4153258e+00 6.8838477e-01 0.0000000e+00
  1.0969354e+01 1.3644040e+00 6.3044128e+00 8.0413252e-01 2.2468896e+00
  6.8504848e-02 2.2256467e-02 4.9165738e-01 2.4404356e+00 2.1432044e-01
  7.3665524e-01 1.4853591e+00 2.0022042e+00 2.3198681e+00 2.7640790e-01
  1.8699322e+00 5.8428502e+00 1.4010734e+01 6.1025004e+00 8.1701670e-04
  3.5438778e+00 1.9374008e+00 3.4117603e+00 2.2100999e+00 8.6767733e-01
  1.5607364e+00 2.4212722e-01 1.2117581e+00 5.5675941e+00 2.7179945e+00
  1.6784750e+00 4.5335156e-01 7.5893253e-02 2.6304047e+00 8.7214508e+00
  4.7169766e-01 1.5397060e+00 2.0151324e+00 1.2853478e+00 2.8642634e-01
  1.8885125e+00 1.8345246e+00 3.9044273e+00 2.2248496e-01 1.6615697e+00
  1.3076259e-01 5.1083362e-01 7.2011596e-01 1.6244134e+00 0.0000000e+00
  7.9446816e-01 1.9094771e+00 8.8479871e-01 6.9712979e-01 4.6821089e+00
  1.1589255e+00 6.8946809e-01 8.3136158e+00 1.7665787e-01 1.1413168e+00
  6.6814575e+00 0.0000000e+00 3.4731254e-01 7.3074379e+00 6.9688106e-01
  0.0000000e+00 1.7236334e+01 1.1908792e-01 1.8875644e-01 0.0000000e+00
  2.8349826e+00 4.3034277e+00 4.3345922e-01 1.8567459e-01 4.4203329e+00
  7.2294366e-01 4.1168222e-01 1.5480262e+00 0.0000000e+00 1.9703314e+00
  1.9803082e+00 3.4134498e-01 3.7954226e+00 3.7446339e+00 4.4530063e+00
  1.1148633e+00 2.9748600e+00 1.5410097e+00 3.8267121e-01 7.6970344e+00
  9.0977168e-01 1.3859203e+00 1.9869918e-01 6.5578973e-01 7.2593875e+00
  1.5748453e+00 1.5647495e+00 4.1887407e+00 5.2239366e+00 3.9197299e+00
  6.1593347e+00 8.7841539e+00 3.1333108e+00 3.9641399e+00 4.1790767e+00
  5.7703215e-01 0.0000000e+00 2.1311456e-01 5.8508241e-01 5.7866979e-01
  9.3015614e+00 8.8723099e-01 0.0000000e+00 6.9002914e-01 1.5304123e-01
  7.6332098e-01 8.3853722e-02 2.9355121e-01 6.3426596e-01 1.3557475e+00
  0.0000000e+00 3.0168223e-01 5.8863825e-01 4.6836228e+00 8.9612550e-01
  2.8155801e-01 4.8322344e+00 4.0168319e+00 5.5470505e+00 0.0000000e+00
  6.2348657e+00 1.3682749e+00 1.2665769e+01 0.0000000e+00 4.6954637e+00
  1.0902926e+01 1.9430461e+00 2.7395663e+00 1.2057345e+00 1.8364679e+00
  1.7998043e+00 6.3694173e-01 1.7300668e+00 2.5835299e+00 1.2650987e+00
  0.0000000e+00 1.9502270e+00 1.2399719e+00 2.9683950e+00 9.8503977e-01
  0.0000000e+00 2.9513674e+00 1.8226439e+00 1.2737120e+00 3.4010501e+00
  3.4200921e+00 2.1922204e+00 2.1622405e+00 2.2533364e+00 8.8501787e+00
  1.5027121e+00 8.7734199e-01 3.1715498e+00 0.0000000e+00 0.0000000e+00
  3.1753266e+00 2.4851775e+00 6.2039876e-01 1.3416352e+00 7.8910488e-01
  9.1158763e-02 1.6017352e-01 0.0000000e+00 3.8787498e+00 9.6389693e-01
  1.0773088e+00 8.5169852e-01 5.8084667e-01 2.3661098e+00 1.9855040e+00
  2.6942351e+00 0.0000000e+00 7.7016687e-01 6.0653539e+00 5.7798582e-01
  1.7266127e+00 5.1452124e-01 7.4854618e-01 2.8533256e-01 0.0000000e+00
  2.5435069e+00 8.3199215e-01 1.1510797e+00 4.5540776e+00 8.4771350e-02
  2.6857612e+00 2.0950648e-01 2.0874932e+00 1.3564844e+00 1.5457994e+00
  1.7769532e+00 8.1517327e-01 9.1325006e+00 9.0527648e-01 5.1142006e+00
  1.0858015e+00 1.2726024e+00 5.1704079e-01 1.6159463e+00 2.1443114e+00
  4.5527549e+00 2.3833606e+00]]