[[9.06636894e-01 1.42973995e+00 3.28553200e+00 4.81290072e-02
  1.14956021e+00 6.90711689e+00 2.17253685e+00 3.54149461e+00
  3.51500344e+00 1.04044592e+00 2.87702537e+00 4.21853590e+00
  1.80783939e+00 2.00659132e+00 3.13386172e-01 3.30434680e+00
  9.05104339e-01 1.28103352e+00 1.42041421e+00 3.05467629e+00
  1.81958020e+00 3.99103999e+00 7.88401699e+00 3.70517468e+00
  2.82661605e+00 3.05544209e+00 6.77450538e-01 2.49073768e+00
  2.07611322e+00 3.34753299e+00 3.24387789e-01 4.76266354e-01
  2.68566895e+00 2.62740135e+00 6.48264408e-01 2.57860899e-01
  3.25059605e+00 2.17670441e-01 7.99951935e+00 4.76672828e-01
  7.85437870e+00 3.03184199e+00 1.74802947e+00 4.30825329e+00
  1.99513644e-01 7.73420513e-01 4.90283966e+00 4.77158356e+00
  5.87397397e-01 2.72409797e+00 2.31843972e+00 1.27980685e+00
  7.45764613e-01 9.68913257e-01 4.80956793e+00 3.02419513e-01
  1.61638856e+00 3.16663313e+00 7.32946873e-01 5.49611688e-01
  2.47962570e+00 3.86400867e+00 7.26559496e+00 3.97571540e+00
  2.74214339e+00 4.33678532e+00 4.73447895e+00 0.00000000e+00
  6.64138794e-01 6.61998749e+00 6.44388485e+00 0.00000000e+00
  3.77412945e-01 1.89817870e+00 6.96939528e-01 0.00000000e+00
  2.53976631e+00 8.30231428e-01 3.76741433e+00 1.37160850e+00
  4.21274948e+00 3.91274309e+00 3.30983186e+00 2.32791886e-01
  5.94681025e+00 2.39304018e+00 1.69145077e-01 4.82727432e+00
  3.76610851e+00 0.00000000e+00 8.60418415e+00 4.67660475e+00
  3.26622486e-01 2.65286064e+00 2.34363627e+00 1.74696434e+00
  1.25357687e+00 1.27690232e+00 3.90791345e+00 3.51603889e+00
  3.70500255e+00 1.33307278e+00 2.63823771e+00 5.82160711e+00
  8.98754656e-01 0.00000000e+00 2.57902533e-01 2.44790554e+00
  2.09611630e+00 4.16985512e+00 3.10801077e+00 3.92114878e-01
  1.51082528e+00 3.60741377e+00 1.15465045e+00 1.44831073e+00
  4.96328878e+00 1.33530056e+00 3.91110592e-02 9.98063684e-01
  2.32143953e-01 3.39447498e-01 9.17567462e-02 3.42425108e-01
  3.92440867e+00 4.20269871e+00 1.34201336e+00 2.69913465e-01
  2.63446617e+00 1.91883850e+01 6.71990871e-01 4.28441651e-02
  1.01017685e+01 6.93051195e+00 1.87609911e+00 2.38260388e+00
  2.71693516e+00 2.13698912e+00 4.00688028e+00 9.79880691e-02
  1.56062782e+00 2.63372970e+00 1.09778035e+00 3.04253769e+00
  4.01984930e+00 2.11309925e-01 3.38974738e+00 1.73359120e+00
  6.89629912e-01 4.16994512e-01 4.76112843e-01 1.52238882e+00
  1.15348530e+00 0.00000000e+00 4.61577088e-01 1.97412419e+00
  1.36880684e+00 0.00000000e+00 5.29488564e-01 1.64012790e+00
  1.97229281e-01 3.36305571e+00 1.63211420e-01 2.73393440e+00
  6.22416735e+00 2.47149897e+00 5.58787346e-01 2.33709067e-01
  2.02276134e+00 7.18448699e-01 3.82692981e+00 1.24481961e-01
  6.82115269e+00 9.84180069e+00 2.64123106e+00 2.08202284e-02
  0.00000000e+00 2.77496028e+00 3.11236888e-01 3.00147414e+00
  3.81391907e+00 0.00000000e+00 4.15706635e+00 4.84070450e-01
  4.34092379e+00 1.63581395e+00 1.31664073e+00 2.95032173e-01
  1.69699800e+00 4.78450680e+00 5.72633934e+00 0.00000000e+00
  1.10337245e+00 1.70419514e+00 6.26276851e-01 0.00000000e+00
  0.00000000e+00 6.23704731e-01 9.68430564e-02 7.80985773e-01
  2.20677519e+00 1.18723050e-01 1.46195840e-03 6.57001674e-01
  3.81786418e+00 2.62310696e+00 2.75520635e+00 1.08688734e-01
  1.31366789e+00 8.85560894e+00 7.52360448e-02 3.24533105e-01
  3.65204573e-01 4.73543310e+00 3.08226228e-01 8.51498187e-01
  4.26849747e+00 8.57803166e-01 4.30158329e+00 2.59123826e+00
  9.60155070e-01 7.52283144e+00 6.08170176e+00 3.27266812e+00
  5.86183667e-01 1.47708285e+00 9.02567506e-01 3.13498950e+00
  1.93229035e-01 4.33185190e-01 1.96767533e+00 2.25689125e+00
  2.80191660e+00 1.23619057e-01 1.93097997e+00 1.71081853e+00
  1.00740328e+01 1.14343433e+01 1.70892322e+00 2.15068197e+00
  7.41511106e-01 1.43340504e+00 3.28809381e+00 4.11894751e+00
  3.52194238e+00 6.67318392e+00 8.19247246e+00 2.21675777e+00
  2.71731257e+00 1.57196975e+00 1.76827192e+00 3.62716079e+00
  8.02060962e-02 3.86264777e+00 8.56117630e+00 0.00000000e+00
  8.45198035e-01 2.75608206e+00 2.03808880e+00 2.90482759e+00
  2.71857858e-01 1.14928675e+00 0.00000000e+00 3.41292334e+00
  3.32262683e+00 1.11207161e-02 4.02157038e-01 2.66048908e+00
  9.26619720e+00 4.25593615e-01 2.04867840e+00 1.76756537e+00
  4.41002417e+00 6.55660033e-01 8.31514180e-01 3.37931347e+00
  6.76992130e+00 0.00000000e+00 5.65512538e-01 4.22494471e-01
  4.69644213e+00 1.70186901e+00 5.33645153e+00 3.97984415e-01
  1.91677779e-01 0.00000000e+00 7.05020571e+00 2.29446483e+00
  1.81858063e+00 1.28022432e+00 0.00000000e+00 2.45091200e+00
  6.77530110e-01 2.65402389e+00 1.08806622e+00 7.37725687e+00
  1.31271267e+00 9.19827819e-01 7.00520635e-01 0.00000000e+00
  3.61014932e-01 0.00000000e+00 1.24053031e-01 0.00000000e+00
  3.31399417e+00 2.34094834e+00 1.51490343e+00 1.45966136e+00
  4.93754327e-01 5.36348403e-01 3.86846125e-01 6.73258781e-01
  4.02965248e-01 7.13253498e-01 9.32486534e-01 1.79997063e+00
  5.34351873e+00 8.03322220e+00 3.13408804e+00 5.03102504e-02
  4.05389190e-01 0.00000000e+00 1.58382702e+00 2.22799921e+00
  7.13399410e-01 3.15305614e+00 3.82367992e+00 3.12004596e-01
  2.72222281e+00 6.62825286e-01 1.35106218e+00 6.24300480e-01
  5.91083109e-01 3.32003260e+00 9.96721458e+00 2.43291664e+00
  1.34405673e+00 2.22870040e+00 1.71438664e-01 1.64733565e+00
  3.05915403e+00 4.55508852e+00 1.30321665e+01 4.05618362e-02
  1.90782380e+00 3.43441987e+00 5.53862476e+00 0.00000000e+00
  2.87010574e+00 8.80770028e-01 7.07768202e-01 2.64765811e+00
  6.43585145e-01 7.55320907e-01 1.20229301e+01 7.09661543e-01
  2.39140257e-01 3.39948082e+00 2.46842074e+00 0.00000000e+00
  6.51326370e+00 5.57963514e+00 1.52097416e+00 4.95910072e+00
  2.25338626e+00 4.16524887e+00 7.53833580e+00 1.30718553e+00
  4.06772465e-01 0.00000000e+00 2.20410466e-01 2.08631110e+00
  4.03340816e+00 1.99034840e-01 4.74016762e+00 7.32198298e-01
  5.44740021e-01 3.80270004e+00 1.38934553e-01 3.49263644e+00
  6.34337139e+00 2.38572621e+00 4.53931141e+00 1.17707586e+00
  7.03735352e-01 1.13902783e+00 1.85397351e+00 2.22917819e+00
  1.29993570e+00 6.29257536e+00 0.00000000e+00 6.40924072e+00
  1.25317901e-01 3.37321591e+00 6.79504251e+00 1.20720720e+00
  1.18649280e+00 1.81414437e+00 4.29267973e-01 6.06475210e+00
  3.03542495e+00 1.25036383e+00 4.61958122e+00 5.43128395e+00
  2.76499033e+00 2.62327105e-01 9.65300649e-02 2.96225595e+00
  2.28096819e+00 1.56638300e+00 2.49263072e+00 1.39167869e+00
  6.09007366e-02 4.67140770e+00 1.02481377e+00 3.29429603e+00
  2.09214187e+00 9.29517031e-01 0.00000000e+00 3.35656738e+00
  0.00000000e+00 5.34787238e-01 1.19039202e+00 4.48568964e+00
  1.24358487e+00 2.47966003e+00 2.99970937e+00 5.28555536e+00
  3.17992163e+00 2.71102214e+00 6.55771971e-01 1.84851265e+00
  1.67253840e+00 6.25546500e-02 2.92622805e+00 3.89897227e+00
  1.79731518e-01 3.07599068e+00 5.50160468e-01 1.58783722e+00
  1.41178191e+00 6.01969659e-01 3.47487307e+00 9.58014011e-01
  9.33002234e-01 3.84737641e-01 1.05705869e+00 2.23618436e+00
  8.54406416e-01 1.32903337e+00 3.91527191e-02 1.63287258e+00
  9.60768878e-01 3.38950777e+00 6.87958002e+00 1.26852679e+00
  1.48128052e+01 1.61991310e+00 1.59021747e+00 1.13526678e+01
  5.74842393e-01 6.81702495e-01 2.06220889e+00 2.83906388e+00
  0.00000000e+00 1.81278181e+00 0.00000000e+00 1.22992778e+00
  5.89208555e+00 1.07601559e+00 1.09179425e+00 0.00000000e+00
  4.57360566e-01 4.19460678e+00 1.20976710e+00 1.72269118e+00
  1.04376340e+00 6.16727471e-01 4.43835545e+00 7.86306739e-01
  8.24797440e+00 1.70461559e+00 3.79223156e+00 5.52441263e+00
  0.00000000e+00 7.03901470e-01 1.24297323e+01 7.54959643e-01
  3.70016217e-01 1.37067401e+00 2.02751350e+00 3.08253765e-01
  1.98468339e+00 1.56238413e+00 4.22432572e-01 3.11991405e+00
  6.59129477e+00 5.25678349e+00 1.39958584e+00 2.05915236e+00
  6.82344103e+00 8.03171039e-01 0.00000000e+00 2.97223508e-01
  5.54913282e+00 3.40362215e+00 3.32894802e+00 1.95914292e+00
  2.79746443e-01 8.09932292e-01 4.01397610e+00 3.31699443e+00]]