[[2.29712749e+00 1.57416332e+00 1.43875873e+00 9.53773797e-01
  5.61806679e-01 7.58048344e+00 3.73555183e+00 2.57681346e+00
  2.30677700e+00 3.48516607e+00 6.53348589e+00 1.03089833e+00
  2.37679219e+00 6.88891935e+00 3.68956232e+00 6.01052713e+00
  1.94606513e-01 9.22140777e-01 1.45050609e+00 1.90982413e+00
  3.13406992e+00 1.79606688e+00 6.32964015e-01 1.11006784e+00
  2.05720282e+00 3.68450356e+00 4.13073778e+00 4.37503576e-01
  1.61993206e+00 4.29848731e-01 7.14341970e-03 6.05701256e+00
  9.51954424e-01 3.76575208e+00 3.31418008e-01 3.63353342e-01
  1.87290832e-01 6.22476757e-01 2.66622686e+00 6.94025680e-02
  4.02038664e-01 9.57536280e-01 1.87202144e+00 1.54263511e-01
  3.74494381e-02 5.50277758e+00 9.28927517e+00 4.38154364e+00
  3.39011049e+00 2.19196200e+00 3.69717598e+00 2.01637626e-01
  8.26587915e-01 3.74858052e-01 4.42634487e+00 1.09014392e+00
  0.00000000e+00 4.17952108e+00 1.44836819e+00 0.00000000e+00
  0.00000000e+00 4.00822073e-01 9.47189236e+00 1.24358928e+00
  8.47231627e-01 4.83562994e+00 2.75959754e+00 1.50575697e+00
  0.00000000e+00 7.18018341e+00 5.58731842e+00 7.83301234e-01
  0.00000000e+00 1.00110550e+01 3.96376371e+00 2.01418829e+00
  5.00196457e+00 1.23073113e+00 1.45962223e-01 5.76560348e-02
  3.72025681e+00 7.38622963e-01 4.19733238e+00 6.14597261e-01
  1.15811813e+00 3.10666990e+00 1.48994052e+00 2.11907768e+00
  8.26363027e-01 1.11400597e-01 3.02916765e+00 1.49110198e+00
  3.19548464e+00 6.09347820e-01 9.86734569e-01 0.00000000e+00
  7.53484547e-01 2.30707788e+00 7.76742876e-01 4.60190058e+00
  1.30753648e+00 3.14444494e+00 6.88635051e-01 3.85102272e+00
  3.86323833e+00 1.11015067e-01 1.30366135e+00 3.99365336e-01
  9.85404670e-01 2.03738689e+00 5.49874902e-01 1.86264384e+00
  0.00000000e+00 7.21486211e-01 8.93760741e-01 6.71499372e-01
  4.35078192e+00 5.97918272e+00 3.10788363e-01 2.10807228e+00
  1.03874469e+00 2.74271280e-01 0.00000000e+00 3.27504873e+00
  1.08882688e-01 4.61451739e-01 0.00000000e+00 5.81728101e-01
  0.00000000e+00 3.86709762e+00 2.71261311e+00 6.28213525e-01
  2.25927994e-01 2.19902825e+00 2.05354023e+00 2.02237105e+00
  2.56627750e+00 1.36511898e+00 6.59300709e+00 5.02340031e+00
  2.77195603e-01 2.33065784e-02 1.30762267e+00 9.69984412e-01
  0.00000000e+00 5.92007101e-01 2.65862513e+00 5.79615712e-01
  3.50018144e-01 2.94282828e-02 1.69205272e+00 0.00000000e+00
  2.62781167e+00 0.00000000e+00 2.40556851e-01 5.43760920e+00
  3.60803336e-01 2.32416797e+00 2.76206326e+00 5.24541795e-01
  1.12989135e-01 3.44813251e+00 1.46322310e+00 2.63740015e+00
  3.58046603e+00 2.09072876e+00 1.09948067e-03 2.20870495e+00
  0.00000000e+00 2.30459118e+00 1.49443519e+00 8.81267130e-01
  2.69908643e+00 1.05631804e+00 9.07675922e-01 1.20084248e-01
  9.09791216e-02 3.17811799e+00 1.80906117e+00 2.88817120e+00
  6.26937437e+00 1.30889702e+00 3.69742012e+00 8.20743561e-01
  2.28980422e-01 1.31163418e+00 1.24929464e+00 6.57996088e-02
  2.15635252e+00 5.09565401e+00 1.72219193e+00 0.00000000e+00
  2.18466103e-01 5.27789772e-01 1.12641275e+00 1.67958319e+00
  3.02113742e-01 1.63311958e+00 3.81897837e-01 2.27346253e+00
  4.74588537e+00 3.87309837e+00 1.45573378e+00 1.34521723e-01
  4.61323023e+00 5.32830620e+00 2.25843477e+00 2.07580590e+00
  2.63958454e-01 4.08868372e-01 1.44888949e+00 2.97581464e-01
  4.93474245e-01 6.31812191e+00 1.67833412e+00 0.00000000e+00
  7.81559527e-01 1.57703295e-01 4.36203480e+00 2.95730662e+00
  3.09176064e+00 4.01341915e+00 2.39676237e+00 0.00000000e+00
  2.62289619e+00 0.00000000e+00 1.02287900e+00 2.57283998e+00
  3.28358501e-01 2.76971646e-02 6.14315450e-01 5.86551070e-01
  6.40785038e-01 1.02518523e+00 2.71636844e+00 2.19190359e+00
  7.14551544e+00 2.55490136e+00 4.79158163e+00 1.01363716e+01
  0.00000000e+00 2.76816428e-01 6.46839142e-01 6.26667213e+00
  1.68614399e+00 5.64283848e+00 5.97512817e+00 2.78930575e-01
  4.70091105e+00 5.89170122e+00 6.95328808e+00 5.37070131e+00
  0.00000000e+00 8.60218620e+00 1.64394617e+00 6.83732510e-01
  2.55913210e+00 6.84346437e-01 7.83174515e+00 9.58472908e-01
  0.00000000e+00 1.14310849e+00 7.28473902e-01 9.89396423e-02
  1.50080311e+00 0.00000000e+00 4.81224823e+00 1.92580175e+00
  3.03666663e+00 9.15474534e-01 1.05397949e+01 7.63256133e-01
  1.63610423e+00 1.51500094e+00 5.92415810e-01 2.77526140e+00
  1.03340149e+01 1.80124387e-01 6.56185672e-02 2.60483623e+00
  7.11050081e+00 2.29892468e+00 4.40077960e-01 2.99560279e-01
  4.71905470e+00 0.00000000e+00 4.91234493e+00 8.07431281e-01
  9.56470549e-01 2.00034928e+00 9.80578601e-01 2.03547668e+00
  1.91758370e+00 1.16340351e+00 1.52383721e+00 2.25364435e-02
  2.81111062e-01 1.84032485e-01 1.14487422e+00 9.47879404e-02
  2.13716239e-01 2.11358309e+00 4.71723604e+00 1.94923133e-01
  2.23546982e+00 1.32641041e+00 0.00000000e+00 1.81268060e+00
  2.67460394e+00 9.71565962e-01 1.41215885e+00 4.50367145e-02
  3.16900349e+00 2.21612644e+00 1.31477261e+00 5.66997193e-02
  4.07135963e+00 1.13704672e+01 3.66886735e+00 4.97630262e+00
  1.06371856e+00 3.28150940e+00 2.77727175e+00 1.11759138e+00
  2.17942619e+00 2.88981795e+00 8.82236004e+00 7.16089681e-02
  5.73414278e+00 6.83722687e+00 5.64956784e-01 3.80928040e+00
  1.37774423e-01 1.85801637e+00 6.65787077e+00 3.14880443e+00
  2.25570488e+00 8.39879417e+00 2.12375546e+00 1.08213127e+00
  7.64126301e-01 2.64365125e+00 5.20449638e+00 1.34994256e+00
  3.07471442e+00 2.33672827e-01 1.43759882e+00 8.93283188e-02
  1.15932643e+00 2.85650909e-01 6.44315839e-01 2.35005617e-01
  2.89812803e+00 3.94666266e+00 4.90283585e+00 7.60037661e-01
  0.00000000e+00 3.50057292e+00 5.25144100e+00 8.28414321e-01
  6.73239410e-01 0.00000000e+00 1.37884510e+00 4.18387079e+00
  3.37078142e+00 1.21009171e+00 5.01815987e+00 3.61117768e+00
  1.40264975e-02 3.01498008e+00 5.29397205e-02 3.33749264e-01
  6.69004679e+00 1.21038067e+00 4.85696602e+00 1.58942938e+00
  1.28970397e+00 2.42282939e+00 6.77856151e-03 3.71270847e+00
  2.03083992e+00 3.26092100e+00 2.00263914e-02 2.10882044e+00
  2.11785722e+00 9.59065557e-01 2.92869949e+00 1.03860462e+00
  1.22668654e-01 4.21035337e+00 9.97125685e-01 1.37648118e+00
  6.56075552e-02 3.00325108e+00 3.09243989e+00 1.07417953e+00
  1.39960074e+00 3.13483500e+00 4.95081186e+00 1.14878237e+00
  4.54184437e+00 2.08235741e+00 4.55414963e+00 4.24203110e+00
  1.65003252e+00 9.56969380e-01 0.00000000e+00 4.32807875e+00
  1.62366554e-02 1.93266714e+00 5.13939476e+00 1.78136492e+00
  0.00000000e+00 1.91792512e+00 4.52116370e-01 1.49210596e+00
  0.00000000e+00 4.94929254e-02 2.72144377e-01 4.60865688e+00
  6.52453378e-02 7.69544691e-02 4.57077646e+00 2.71240067e+00
  8.44503462e-01 4.02311850e+00 1.93497467e+00 1.90691614e+00
  3.49918175e+00 3.55932191e-02 7.97590733e-01 2.43428922e+00
  1.15485964e+01 1.35522628e+00 4.12984753e+00 9.64548397e+00
  4.95727407e-03 3.96995044e+00 9.25690472e-01 1.09477830e+00
  0.00000000e+00 1.59834698e-02 0.00000000e+00 3.13691425e+00
  8.80499780e-01 9.22274768e-01 2.02782416e+00 8.15178990e-01
  9.10275042e-01 1.03778493e+00 9.84890983e-02 2.94118357e+00
  1.57003999e+00 6.07440042e+00 6.67813838e-01 8.42001021e-01
  1.52250433e+01 6.39701319e+00 7.66666317e+00 7.01109362e+00
  4.88668489e+00 2.98200202e+00 5.39277411e+00 1.41674995e+00
  6.92771673e-01 2.10362244e+00 3.52797210e-01 1.02120578e+00
  2.32455921e+00 1.33937728e+00 1.59254658e+00 0.00000000e+00
  3.82674426e-01 8.22226238e+00 9.54320073e-01 2.42366314e+00
  1.20829105e+00 1.22183502e+00 1.72020361e-01 1.98278105e+00
  1.50745177e+00 4.72126722e+00 4.95768636e-01 2.13449493e-01
  1.33319128e+00 1.00121891e+00 1.52132607e+00 1.29292488e+00
  7.32249260e-01 4.85390812e-01 3.95808649e+00 6.76383674e-01
  4.18080866e-01 1.83580565e+00 7.04436839e-01 0.00000000e+00
  5.62808418e+00 4.46652651e+00 4.65770811e-01 1.07824707e+00
  6.24118280e+00 3.55236983e+00 1.26074135e+00 5.50932884e+00
  3.51532984e+00 1.86674297e+00 8.99179399e-01 3.45067859e-01
  4.40015256e-01 8.11099470e-01 2.61227489e+00 7.82928896e+00]]