[[3.82389355e+00 1.73153210e+00 2.81050444e+00 0.00000000e+00
  1.14658666e+00 3.14778662e+00 1.00758600e+00 3.29000044e+00
  2.69935727e+00 1.30160987e+00 6.24181890e+00 2.31007552e+00
  2.93154836e+00 3.01349688e+00 2.78159809e+00 2.58847976e+00
  2.95396519e+00 2.62502015e-01 1.87844944e+00 2.67425823e+00
  1.69332370e-01 1.91047704e+00 3.97094536e+00 4.97207785e+00
  7.40074396e-01 2.36382389e+00 7.77262628e-01 1.34364772e+00
  3.06495428e+00 4.44647932e+00 0.00000000e+00 9.55984533e-01
  7.26950541e-02 2.82848287e+00 1.78481475e-01 1.83088899e-01
  2.73444796e+00 1.10020936e+00 7.06342840e+00 5.03860521e+00
  3.62109995e+00 3.89993596e+00 1.50369012e+00 1.53330696e+00
  3.51916981e+00 2.57960296e+00 5.60296297e+00 2.45127702e+00
  4.94845724e+00 4.00920719e-01 4.99374539e-01 1.66382611e-01
  5.64778969e-02 4.92361212e+00 2.70034695e+00 8.70817780e-01
  6.36670887e-02 7.40995741e+00 1.43455975e-02 2.20071888e+00
  1.21170926e+00 1.39283895e-01 9.76160431e+00 3.88521457e+00
  8.14232111e-01 3.04059792e+00 1.10839641e+00 2.37480378e+00
  4.64145374e+00 2.14641809e+00 3.73170686e+00 5.90317607e-01
  1.34523010e+00 4.18152237e+00 1.24740958e+00 0.00000000e+00
  1.78591323e+00 9.54948902e-01 7.07381129e-01 2.34646156e-01
  3.12620044e+00 8.80239666e-01 5.50339580e-01 2.06999093e-01
  3.84128308e+00 5.63269806e+00 1.44196844e+00 2.72267485e+00
  3.71813583e+00 0.00000000e+00 1.55433035e+00 1.32507086e-01
  6.92363158e-02 5.60052335e-01 1.26979482e+00 0.00000000e+00
  1.57071126e+00 2.10386539e+00 6.25637007e+00 5.52841854e+00
  1.44722879e-01 2.57115793e+00 1.25883884e+01 4.71935463e+00
  2.87073588e+00 9.11739916e-02 7.02925920e-01 6.55325055e-01
  2.42665815e+00 1.04888630e+00 2.08749485e+00 1.77378058e-01
  1.14823945e-01 7.62250185e-01 8.69393170e-01 0.00000000e+00
  7.81628656e+00 3.64665341e+00 6.16038367e-02 1.31930172e+00
  1.71763599e+00 0.00000000e+00 5.30353189e-02 3.61088324e+00
  2.11578002e-03 1.62877977e+00 0.00000000e+00 0.00000000e+00
  0.00000000e+00 7.25652933e+00 1.30014491e+00 1.58133686e-01
  8.74928534e-01 3.60279202e+00 1.20983911e+00 3.18487263e+00
  2.04307437e+00 2.85469127e+00 5.93898916e+00 9.04354930e-01
  1.66328895e+00 1.74440849e+00 3.04978281e-01 1.40243590e+00
  4.76991683e-01 1.10321358e-01 3.24364519e+00 4.78755176e-01
  0.00000000e+00 1.89503515e+00 1.56688941e+00 2.16747761e+00
  5.78707039e-01 2.69423246e-01 2.84210730e+00 6.64616108e+00
  1.55935311e+00 2.87256598e+00 5.03318739e+00 6.84824288e-01
  3.77770686e+00 4.39947546e-01 2.83608198e+00 4.36889267e+00
  5.44735241e+00 1.55938840e+00 0.00000000e+00 5.88927984e-01
  2.32431030e+00 0.00000000e+00 1.48672068e+00 1.83692622e+00
  1.19921207e+00 1.53988540e+00 1.06617904e+00 2.18328103e-01
  7.52080619e-01 4.69819450e+00 1.17604609e+01 2.96913791e+00
  4.98751116e+00 3.77199531e-01 2.37415552e+00 6.57838404e-01
  1.39807725e+00 1.04083002e+00 2.43074790e-01 2.02654704e-01
  2.90293813e-01 2.87008500e+00 2.73601723e+00 0.00000000e+00
  5.31298518e-01 8.98530197e+00 0.00000000e+00 2.92619610e+00
  6.01552367e-01 2.06546903e+00 5.88543534e-01 5.88491678e+00
  1.57534480e+00 2.58170128e+00 3.38492572e-01 3.43988538e-01
  5.02213573e+00 1.77629173e+00 1.08301604e+00 2.67153054e-01
  7.87295103e-01 2.78162098e+00 0.00000000e+00 6.67985439e-01
  7.29201317e-01 3.15614080e+00 2.44024917e-01 3.37770939e-01
  2.59760070e+00 6.27216697e-02 1.93494785e+00 3.16617441e+00
  3.66271591e+00 3.96071434e+00 6.19236588e-01 3.14439559e+00
  1.02839220e+00 7.51137733e-03 9.32465851e-01 3.33773875e+00
  4.69449982e-02 2.16738507e-01 1.90627408e+00 2.80369473e+00
  3.25193977e+00 6.96859300e-01 1.38764596e+00 9.95598435e-01
  3.77465105e+00 8.09925139e-01 3.77876520e+00 1.73484385e+00
  1.58344424e+00 1.19163871e+00 1.71564901e+00 4.57290602e+00
  1.09726381e+00 8.72774601e+00 4.79807043e+00 1.93378806e+00
  1.63247836e+00 2.55159235e+00 2.50902677e+00 1.36452794e+00
  1.14359327e-01 2.55633163e+00 5.54854918e+00 2.31843901e+00
  2.99707198e+00 1.06586874e+00 4.52052975e+00 9.66591835e-01
  0.00000000e+00 1.36620561e-02 0.00000000e+00 2.08181649e-01
  2.38479304e+00 1.19957674e+00 6.38585377e+00 1.21691406e+00
  3.97411537e+00 9.42529023e-01 6.81839466e+00 0.00000000e+00
  2.64663625e+00 8.77228796e-01 8.09940398e-02 2.18569303e+00
  1.14421785e+00 0.00000000e+00 2.76369229e-03 3.11820078e+00
  2.38176060e+00 9.04128253e-01 0.00000000e+00 0.00000000e+00
  4.90490103e+00 0.00000000e+00 1.02377281e+01 8.91721547e-01
  6.93596721e-01 4.37347460e+00 2.42301726e+00 2.16041923e+00
  1.28811920e+00 4.04496098e+00 3.27169013e+00 2.82084131e+00
  1.26518106e+00 2.05336118e+00 5.55083752e+00 0.00000000e+00
  1.02336597e+00 2.22945166e+00 4.21578026e+00 0.00000000e+00
  3.88940716e+00 4.81582731e-01 8.70102793e-02 3.10707736e+00
  2.88319564e+00 9.68447149e-01 3.45778823e+00 3.86482859e+00
  1.06886126e-01 1.51700854e+00 2.97271657e+00 2.81290889e+00
  9.14458179e+00 7.56162548e+00 1.07779026e+00 1.51617199e-01
  2.32983208e+00 2.45244622e+00 4.99741077e+00 3.81732017e-01
  2.17659974e+00 1.35354614e+00 2.39149556e-01 7.64511108e-01
  5.55542040e+00 5.75694203e-01 1.41940403e+00 2.38096261e+00
  7.98437238e-01 5.82437992e+00 6.19320726e+00 3.38513899e+00
  1.23577392e+00 1.39624119e+00 1.32011604e+00 1.02190113e+00
  1.35662556e+00 5.64461136e+00 7.32535791e+00 3.07205272e+00
  3.41876721e+00 5.70045054e-01 3.77242398e+00 0.00000000e+00
  1.73195541e+00 1.65065968e+00 2.58252478e+00 2.93768227e-01
  0.00000000e+00 0.00000000e+00 7.49644375e+00 6.50775731e-01
  7.19863653e-01 3.20282173e+00 7.66052842e-01 4.34002697e-01
  1.50899858e+01 2.26582193e+00 1.10388327e+00 4.54874325e+00
  6.43354225e+00 2.58598399e+00 5.85553122e+00 2.31040049e+00
  0.00000000e+00 3.88361716e+00 3.80858243e-01 4.89847755e+00
  2.50545423e-02 0.00000000e+00 6.54859591e+00 1.03397202e+00
  1.29949176e+00 8.29478055e-02 4.35688108e-01 2.04361534e+00
  6.58793879e+00 9.10277843e-01 1.34077156e+00 1.57813370e+00
  1.24607563e+00 1.50260305e+00 2.17555523e+00 3.06626964e+00
  7.08190143e-01 4.84035444e+00 2.15644097e+00 2.60352254e+00
  2.51284450e-01 4.28489590e+00 5.05744219e+00 1.81555235e+00
  4.03733444e+00 2.62102652e+00 1.92485797e+00 1.95703340e+00
  1.53749526e+00 4.69842863e+00 4.76274586e+00 1.69461308e+01
  1.76465285e+00 3.32800603e+00 0.00000000e+00 1.89165127e+00
  5.16390681e-01 2.35952806e+00 2.71894002e+00 0.00000000e+00
  1.53844208e-01 1.08704060e-01 1.07337415e+00 2.10635930e-01
  2.16890264e+00 9.67350721e-01 4.34972477e+00 4.34938622e+00
  4.53258872e-01 8.49045277e-01 5.09481549e-01 2.69754744e+00
  1.50538623e+00 5.92018366e+00 5.38383007e+00 1.26420250e+01
  5.66813993e+00 1.10273218e+00 1.14288902e+00 2.27861714e+00
  9.45607090e+00 1.81985354e+00 2.15163183e+00 4.61351204e+00
  1.29116583e+00 5.27051568e-01 7.82097340e-01 3.46797824e+00
  3.66124511e-02 1.54087013e-02 1.08772016e+00 2.31129217e+00
  2.20516586e+00 0.00000000e+00 2.97102451e+00 1.19917333e+00
  3.47396469e+00 2.78317499e+00 8.12654972e-01 1.93726993e+00
  2.40455389e+00 3.42134404e+00 1.02580471e+01 1.67437553e+00
  3.91686916e+00 3.66509295e+00 1.27453196e+00 5.45919609e+00
  3.42315286e-01 7.14731395e-01 1.76594639e+00 1.88131034e-01
  4.63797711e-02 1.16285038e+00 3.66414714e+00 1.39311409e+00
  2.44912434e+00 2.83870649e+00 1.25135005e+00 3.93450946e-01
  0.00000000e+00 1.06168022e+01 1.11026160e-01 4.13353771e-01
  1.35095251e+00 2.19880247e+00 4.62647390e+00 6.27063930e-01
  3.44277334e+00 5.39805698e+00 1.68257737e+00 7.10154057e+00
  3.05626488e+00 2.20334288e-02 2.31864905e+00 2.07625818e+00
  1.58392072e+00 5.68536744e-02 6.14910936e+00 2.02417111e+00
  6.85065985e-01 7.30667412e-01 5.81621885e-01 2.48152947e+00
  1.53641474e+00 2.21243310e+00 1.73350775e+00 1.28565407e+00
  1.74286127e+00 1.22133875e+00 9.07010138e-02 5.85003471e+00
  3.60201335e+00 6.84829175e-01 3.34798284e-02 4.55857724e-01
  1.49931180e+00 1.83117485e+00 7.34334517e+00 1.61270332e+00]]