[[ 3.5028172   0.98700094  3.432185    0.11535456  0.48490143  7.780145
   3.616435    3.9609969   0.30112055  1.5798365   2.908575    2.5431614
   4.853577    0.61197245  0.36802182  2.1366296   2.5851932   1.3964573
   0.06122641  1.4474344   1.799051    4.674534    0.7634949   1.990302
   3.0878954   7.2666774   7.210883    3.0668948   2.6812215   4.642156
   0.17699172  4.1372156   0.6426834   2.405267    0.4383198   0.
   0.33334902  1.3192961   2.0213203   3.9782135   8.706818    0.30551565
   1.762767    3.5255566   2.4841094   4.5811143   6.239482    2.298966
   2.729426    1.126701    1.343463    3.0929496   0.05444744  2.573525
   2.914441    2.0890555   4.721507    2.0144355   0.          3.2276402
   0.          0.5461653   3.1438751   0.86289847  1.3933595   1.2775562
   0.99807024  2.0682747   5.2792873   6.2235985   5.51995     3.023256
   0.84889907  9.780627    6.673828    1.7818905   4.241134    0.2646169
   0.          0.          2.5126474   3.5742562   1.2542139   1.9718407
   3.5314147   5.021775    4.22657     6.685754    1.3274044   0.
   2.9449904   0.          1.2043934   0.4653383   3.177765    0.14375865
   3.2100933   4.3482323   2.2594826   6.5796204   4.8536434   5.3308997
   1.1497395   2.5579288   1.892307    0.          0.36218175  0.02071271
   2.352107    5.5871453   0.63405424  0.8310638   0.34357876  2.022492
  10.668639    0.5538282   4.802622    4.440125    0.6286598   1.4284974
   0.2183757   0.          0.39218903  3.0804157   0.7659696   2.1390648
   0.10841107  0.6303284   0.27333808  3.7458022   2.982179    2.3557339
   0.09200045  0.95013195  1.4086621   3.5915632   2.5414512   0.14440612
   2.9479642   1.4613842   0.2953597   0.          1.8080873   8.895808
   1.0173005   0.          3.448794    0.32204038  0.          0.5535262
   1.8325561   0.9132678   1.3713568   0.77149767  5.5636578   7.24548
   0.19428837  2.1640306   2.0825276   1.4494392   0.5943088   1.3156794
   5.5384984   1.9254332   4.287311    2.7952697   0.          2.1169071
   0.45538658  1.7261776   1.8946798   6.265489    5.2229137   4.7080855
   1.5809861   0.39673525  0.          4.031932    2.9790287   7.8890314
   1.9389131   0.04810517  2.2956593   1.179917    4.6268654   0.7484092
   2.6915417   0.98481953  2.0229764   4.6222405   0.27506736  0.
   0.          5.802813    0.          7.688859    1.5939194   0.
   0.2695193   4.3328958   3.5868979  14.016064    0.22714393  0.
   9.381442    1.2146734   2.7999249   3.0457518   0.05470994  7.968878
   0.8759306   1.1371206   0.30656934  2.6503682   2.0020483   0.29288608
   0.82102764  0.26335955  3.2034945   4.352762    0.27616683  6.733112
   6.201668    0.          5.953032    0.5666596   2.2276442   7.7640834
   0.          1.0936072   0.6009091   3.7063618   3.6489663   0.7233941
   0.2792311   0.5219314   7.7343163   0.8473679   2.0107958   3.4294329
   0.59371245  0.10131741  5.2727494   8.231092    1.0745133   2.2416358
   5.8382006   0.9080666   4.4828444  13.241712    8.3342705   4.3268833
   0.          8.094114    3.0003512   7.5020175   5.5752397   0.6049075
   3.5654438   2.3420503   0.          0.          0.          2.5173404
   5.262516    0.         12.8170805   2.7551212   7.0520225   0.8944883
   6.1111593   0.10655158  3.389375    0.587749    0.398774    0.2954857
   2.8506055   0.          0.5095003   3.6766872   6.595337    2.3060741
   1.3354467   3.8099587   2.7998636   0.         11.736218    0.9491943
   2.0949183   2.0206094   3.7804637   2.306659    5.3459125   0.63286364
   1.3316112   0.07070752  1.600291    4.73055     2.4561176   0.38041812
   3.5286806   6.121094    7.4261184   4.1834      0.6995722   0.
   0.27962974  1.9642375   3.7222211   1.7331138   2.53672     0.21761659
   2.077172    0.          1.3563409   2.8803627   6.824439   10.624059
   2.062391    1.1503841   0.          5.6408453   4.8588233   0.24024485
   3.45987     1.0827099   1.6945508   3.0907419   6.250558   12.424576
   0.40684342  2.6846998   0.9473022   9.721318    7.649819    0.8932928
   0.31363654  3.3489902   4.785953    3.3354428   0.91833615  1.7158915
   1.805905    0.9633693   2.4495394   1.8521658   1.6164246   1.2973706
   2.1923895   0.62506104  2.2711089   0.7404876   1.0289133   2.3141356
   3.889189    0.5157736   1.4980335   0.8986735   0.75524324  1.6421353
   0.49666765  0.          8.338168    2.8488402   1.2258403   0.2390389
   6.920461    3.6416788   0.15337309  0.19998495  0.7602091   2.8104079
   0.05165952  0.          7.9868627   2.6724648   2.3921225   0.34513
   0.          6.523036    0.24689329  3.055149    1.1119528   3.1219134
   6.271457    1.922978    2.2027426   2.0739088   0.          9.903996
   4.4957323   2.0603979   2.4560235   1.6970755   4.336032    3.5789092
   1.9550598   5.1120777   4.125601    1.1014866   4.932107    3.8939464
   8.174474    4.7945085   1.3431371   3.5172405   0.18511164  2.3216543
   0.          0.8617182   5.6286106   3.6132953   0.          0.
   0.8168455   1.9189265   1.5400764   0.11931382  5.569198    6.636959
   2.6365175   2.6175768   2.1267335   4.164795    2.8677082   1.6323233
   0.28988236  3.2897835  11.616956    0.3877744  10.430107    2.8890805
   6.6960573   0.19166741  6.3569026   3.4209154   0.89128536  1.6414381
   5.820019    4.685825    1.163587    0.15529467  0.1990593   6.829873
   3.246191    0.27935287  4.899815    1.8432491   2.0666058   0.13651906
   0.8629215   5.8756638   0.9546326   3.2527344   0.86112803  1.5142323
  12.84388     3.94208     2.7365623   5.7614703   0.04950878  0.9074372
   3.6877973   0.04873665  0.          6.468136    3.4032776   1.9572206
   2.1919303   0.28907517  0.39637163  0.          0.27049294  9.594095
   0.5597193   1.0573299   0.26901364  1.4660399   0.21292606  0.
   3.105189    2.050562    4.2336493   3.5498261   0.43209356  0.37599882
   0.77721715  8.543989    0.85802305  0.1501768   8.545295    1.2600737
   0.8459784   2.2538245   1.8082076   1.1699846   0.77672344  3.2142138
   2.117378    1.3672073   5.9079223   1.4790049   3.85276     3.1860673
   6.138256    1.0354364   0.85992324  0.4260857   1.3020588   1.4965507
   1.7273219   2.2401202 ]]