[[6.5151411e-01 1.2338551e+00 3.8009908e+00 0.0000000e+00 2.1275099e-01
  4.7379560e+00 1.3809305e+00 3.5613344e+00 4.1402969e+00 1.2148042e+00
  1.7976472e+00 1.6976913e+00 8.5698366e-01 3.7419615e+00 3.0215418e-01
  3.8345599e+00 1.4443407e+00 1.2256711e+00 2.0952799e+00 1.3115563e+00
  8.9789081e-01 3.9428673e+00 5.1978216e+00 5.1482124e+00 1.3716216e+00
  2.5918860e+00 1.1848704e+00 4.0516405e+00 2.0421302e+00 3.4309173e+00
  3.0654341e-01 0.0000000e+00 2.8359656e+00 1.2762412e+00 1.1666273e+00
  7.4846774e-01 6.0683829e-01 1.5651758e+00 7.4974141e+00 1.9791918e+00
  6.5763612e+00 2.1071033e+00 1.4191071e+00 3.3762150e+00 5.6476068e-02
  1.6010661e+00 6.2523160e+00 3.0030687e+00 1.0995405e+00 1.9155507e+00
  1.5060174e+00 1.1625544e+00 8.2714903e-01 1.2857330e+00 3.9033058e+00
  7.5414136e-02 1.3567339e-01 2.6738391e+00 1.7594209e-01 1.9627092e+00
  3.4960630e+00 3.4229825e+00 6.9769239e+00 4.9548664e+00 8.5971433e-01
  2.1930935e+00 4.0984244e+00 1.0555423e-01 7.4536264e-01 5.4267764e+00
  4.7843943e+00 6.1866832e-01 7.0308648e-02 4.8141670e+00 2.4724011e+00
  3.7033477e-01 1.7781239e+00 6.9493562e-01 3.6566355e+00 1.1586094e+00
  2.8376112e+00 3.0790505e+00 2.0389647e+00 1.1662472e+00 1.9190398e+00
  2.0298207e+00 6.3280672e-01 2.1172783e+00 3.9636726e+00 0.0000000e+00
  7.5104856e+00 1.8911452e+00 3.5976169e-01 1.4833739e+00 2.2281933e+00
  1.1072288e+00 1.3911093e+00 3.6158499e-01 4.1364193e+00 2.7745762e+00
  5.0026932e+00 1.4980223e+00 8.7336521e+00 2.3242674e+00 0.0000000e+00
  0.0000000e+00 7.1599257e-01 0.0000000e+00 1.1773348e+00 4.0889916e+00
  4.8699647e-01 5.0104159e-01 9.4229895e-01 2.3577328e+00 7.1934229e-01
  6.5947133e-01 6.0409355e+00 2.1280785e+00 0.0000000e+00 1.5951000e+00
  1.2910814e-02 2.6185587e-01 1.4267160e-01 6.5403467e-01 0.0000000e+00
  3.4019382e+00 5.3621924e-01 0.0000000e+00 1.2902575e+00 1.4849041e+01
  0.0000000e+00 1.2060653e+00 6.5623794e+00 3.7768517e+00 1.4620255e+00
  3.0307269e+00 2.8087637e+00 4.2038190e-01 1.3925360e+00 1.8078744e+00
  2.4874835e+00 1.7980640e+00 2.1970766e+00 3.4674964e+00 9.8061252e-01
  1.7461598e-01 3.5671017e+00 2.4981337e+00 0.0000000e+00 3.5436213e-01
  4.9617752e-01 1.3352658e+00 1.3091506e+00 3.9343399e-01 9.7008181e-01
  1.6407439e+00 8.7113756e-01 9.1584873e-01 9.2696095e-01 2.6564221e+00
  7.2801352e-01 5.6737123e+00 1.2210073e+00 1.4901894e+00 3.6720181e+00
  1.5831934e+00 6.4655638e-01 4.5716247e-01 1.7190292e+00 5.9483397e-01
  2.3555794e+00 1.0908910e+00 6.9351363e+00 8.9660053e+00 2.7356284e+00
  0.0000000e+00 2.3754235e-01 3.5240736e+00 5.2331576e+00 5.1992955e+00
  3.5565925e+00 0.0000000e+00 2.6447263e+00 5.1753449e-01 2.0748050e+00
  8.4021980e-01 4.5641661e+00 7.0548050e-02 1.0746659e+00 1.4822061e+00
  2.4855762e+00 1.6085129e-02 2.8503096e-01 1.5749437e+00 2.5933880e-01
  0.0000000e+00 8.4468257e-01 1.3895015e+00 5.5767989e-01 6.0153174e-01
  2.6761875e+00 1.7174857e+00 6.0793459e-01 2.2902197e-01 5.0246272e+00
  1.5712615e+00 1.6580918e+00 3.8459286e-01 2.4624920e+00 1.0497901e+01
  0.0000000e+00 0.0000000e+00 4.1513002e-01 2.3428643e+00 4.6916300e-01
  0.0000000e+00 2.6509726e+00 3.7030599e-01 2.5066273e+00 2.7583935e+00
  3.3086846e+00 5.3139381e+00 4.6072373e+00 2.2268279e+00 4.4480041e-01
  7.7061081e-01 2.5514891e+00 3.7697103e+00 1.8067372e-01 1.6229314e-01
  2.1526022e+00 4.0480180e+00 1.6037419e+00 3.1005588e-01 2.4731972e+00
  0.0000000e+00 1.0535367e+01 1.0479277e+01 3.9800897e+00 4.3696790e+00
  4.6487030e-01 6.2618285e-01 1.5109320e+00 2.2984297e+00 3.2138424e+00
  8.2535067e+00 7.8836694e+00 3.6828325e+00 3.1233389e+00 2.6295636e+00
  8.6083454e-01 2.4996614e+00 0.0000000e+00 2.1476490e+00 6.8312483e+00
  5.2798241e-01 6.9828105e+00 2.8669252e+00 3.7113535e+00 1.0031917e+00
  0.0000000e+00 1.1079302e+00 0.0000000e+00 4.1024733e+00 2.2105854e+00
  0.0000000e+00 5.3534466e-01 1.7293978e+00 6.5203476e+00 5.5552614e-01
  1.0337389e+00 2.5521536e+00 3.1182752e+00 1.5328106e+00 2.5974071e+00
  3.0711443e+00 5.7887979e+00 0.0000000e+00 3.7480772e-02 1.4199451e+00
  6.0678349e+00 2.0754900e+00 6.9695377e+00 4.3021432e-01 4.4560042e-01
  3.6529279e-03 8.7293501e+00 1.3414696e+00 1.9180238e+00 5.4046044e+00
  5.8947992e-01 1.3580394e+00 8.2869816e-01 3.7608452e+00 1.8570242e+00
  3.2564542e+00 5.9053409e-01 2.1522845e-01 2.7022335e-01 0.0000000e+00
  2.2063179e+00 1.0716469e+00 0.0000000e+00 0.0000000e+00 3.9905558e+00
  1.2221522e+00 2.7112761e-01 5.1842690e-01 1.2855287e+00 7.1573746e-01
  8.3515263e-01 1.0746489e+00 3.8797230e-01 1.2717760e+00 2.1219869e-01
  3.0075715e+00 6.9826517e+00 9.1823463e+00 2.4494362e+00 1.7321833e+00
  7.1721071e-01 1.2040243e-01 1.0949143e+00 2.1277783e+00 9.1316509e-01
  2.5815125e+00 3.6931787e+00 2.2798939e-01 6.5413132e+00 1.6366504e+00
  5.2637935e-01 2.0974727e-01 1.4950649e+00 2.4027686e+00 8.7499008e+00
  4.0200596e+00 1.8677455e-01 1.8776224e+00 7.0485872e-01 1.6249110e+00
  2.1758492e+00 1.8096142e+00 8.6392794e+00 2.8416914e-01 9.8707253e-01
  1.6646343e+00 1.7923516e+00 3.0042493e-01 1.2092696e+00 5.4153007e-01
  0.0000000e+00 2.6839592e+00 2.3583408e-01 1.2148532e-01 9.6568108e+00
  1.1631653e+00 2.4895795e-02 3.4038546e+00 3.8336730e+00 0.0000000e+00
  1.1036841e+01 6.7606869e+00 1.4622184e+00 3.7477527e+00 4.5711379e+00
  5.5977659e+00 4.0697899e+00 1.4883664e-01 5.3297502e-01 0.0000000e+00
  2.3395367e-01 1.8681476e+00 1.1164742e+00 5.5285299e-01 4.2811751e+00
  1.1711341e+00 1.1063125e+00 2.0414472e+00 2.3394380e+00 2.6870513e+00
  8.3196688e+00 3.2605517e+00 6.0505266e+00 2.4792280e+00 1.7285373e+00
  8.2908738e-01 1.3613710e+00 1.6299322e+00 4.5564115e-01 7.4786668e+00
  0.0000000e+00 4.4001427e+00 0.0000000e+00 2.2059700e+00 4.4478798e+00
  1.3723186e+00 7.1662629e-01 2.3656445e+00 1.2373532e-01 4.0314689e+00
  3.9146330e+00 6.8787163e-01 3.2355967e+00 3.4100649e+00 6.3598905e+00
  8.0644184e-01 0.0000000e+00 2.4441187e+00 7.8410590e-01 8.6136264e-01
  1.3136170e+00 5.9952313e-01 0.0000000e+00 0.0000000e+00 3.5796195e-02
  2.3679957e+00 1.4706510e-01 6.5040159e-01 0.0000000e+00 4.0292177e+00
  9.9381633e-02 6.9945526e-01 4.9747393e-01 6.2124810e+00 3.9123270e-01
  1.3277142e+00 2.1073484e+00 4.8979192e+00 3.9130063e+00 2.0838084e+00
  1.3634214e+00 3.6031914e+00 3.9518604e+00 7.9579729e-01 1.1269225e+00
  2.0027153e+00 3.6728719e-01 9.0215862e-01 2.0988733e-01 1.3723806e+00
  1.3025519e+00 0.0000000e+00 2.0132687e+00 1.8534112e+00 2.5480831e-01
  3.4298850e-03 2.4997261e+00 1.1264983e+00 2.6040033e-01 6.1952263e-01
  5.7472014e-01 2.2562742e+00 8.6267430e-01 5.3830810e+00 5.2843223e+00
  2.0922804e+00 8.7645836e+00 7.9767466e-01 1.4908772e+00 8.9890022e+00
  6.8393087e-01 3.2742929e-01 2.5580587e+00 6.9192958e-01 3.8617608e-01
  3.3284211e+00 3.6973272e-02 9.6473837e-01 8.3948402e+00 3.4750631e-01
  9.0264291e-01 2.1048662e-01 5.1744962e-01 5.6732521e+00 1.0459093e+00
  7.2956163e-01 9.0343148e-01 0.0000000e+00 6.9209967e+00 5.1449060e-01
  6.0564814e+00 5.5397189e-01 2.8985503e+00 6.1483140e+00 0.0000000e+00
  1.0898417e+00 8.2874546e+00 5.3116846e-01 1.1385596e+00 5.8368212e-01
  3.5576255e+00 1.1859812e+00 1.5715597e+00 1.1647706e+00 1.5417888e+00
  1.7087960e+00 3.6373456e+00 3.6154869e+00 2.4962370e+00 8.6795950e-01
  3.6374338e+00 7.7974778e-01 1.9407649e-02 2.6736789e+00 2.5559678e+00
  1.0564789e+00 5.2964802e+00 4.5398840e-01 2.1869111e+00 6.7768258e-01
  6.8155289e+00 6.4960814e+00]]