[[1.60701787e+00 2.40517712e+00 2.05727315e+00 2.41934531e-03
  5.06979513e+00 1.11172521e+00 3.83956099e+00 1.09783697e+00
  2.43140435e+00 3.13508797e+00 3.96372414e+00 2.99269104e+00
  1.86807692e+00 1.50361955e+00 8.52411240e-02 1.79798269e+00
  6.66077077e-01 1.87866914e+00 0.00000000e+00 4.60421705e+00
  4.35611963e+00 5.06129026e+00 1.42838681e+00 2.19093895e+00
  1.00820351e+00 4.14506388e+00 0.00000000e+00 3.05713820e+00
  1.33823192e+00 7.51473665e+00 1.41987598e+00 4.95015889e-01
  1.02086174e+00 6.88220692e+00 2.26732755e+00 2.20050618e-01
  2.48583794e+00 1.80003587e-02 6.36077738e+00 2.77795935e+00
  1.07967269e+00 1.25560701e+00 1.26289868e+00 3.29393625e+00
  3.68174577e+00 5.14900064e+00 3.05817151e+00 4.90173483e+00
  2.77532649e+00 5.15391231e-01 1.33382350e-01 2.06632304e+00
  1.16643620e+00 3.09986472e+00 3.96878481e+00 2.32237720e+00
  6.74921215e-01 6.76410389e+00 1.83001757e+00 4.85122085e-01
  8.74097466e-01 2.04474401e+00 6.97837114e+00 4.52760506e+00
  4.52635020e-01 9.17591527e-02 1.97897375e+00 2.40791392e+00
  6.13748312e+00 5.99271917e+00 4.99427319e+00 3.79693627e+00
  1.99512064e+00 5.28578043e+00 2.28480840e+00 2.33959341e+00
  1.17660689e+00 2.47041993e-02 1.42802727e+00 1.98757792e+00
  5.46113491e+00 3.70367837e+00 1.80335951e+00 2.25006795e+00
  7.65698814e+00 6.86106014e+00 5.80024242e-01 3.21173573e+00
  1.88151610e+00 0.00000000e+00 3.22142720e+00 4.18499136e+00
  4.82282043e-01 5.78199482e+00 1.51345158e+00 0.00000000e+00
  1.74268174e+00 1.86112630e+00 4.29881239e+00 5.93492222e+00
  1.79520452e+00 3.95860720e+00 9.11107922e+00 5.40633917e+00
  1.77612901e+00 0.00000000e+00 1.23706043e+00 3.12519491e-01
  3.71758008e+00 3.32047844e+00 9.22853589e-01 0.00000000e+00
  8.63518417e-02 3.98553348e+00 8.94089341e-01 6.93763494e-01
  5.23768091e+00 6.63843811e-01 1.60314858e-01 2.65673876e-01
  5.66964984e-01 1.23077905e+00 1.48190215e-01 6.24202108e+00
  0.00000000e+00 1.16302371e+00 1.16435719e+00 5.72155118e-01
  4.13911819e-01 5.79128170e+00 5.36909533e+00 1.13298404e+00
  4.89554071e+00 2.85473418e+00 3.74335957e+00 1.88486314e+00
  1.17262661e+00 2.07513213e-01 7.93193531e+00 1.60694444e+00
  2.10510945e+00 2.25981921e-01 2.78796172e+00 3.59740162e+00
  2.23134089e+00 0.00000000e+00 3.50526118e+00 6.17175475e-02
  2.85770059e-01 2.13227317e-01 0.00000000e+00 2.75424480e-01
  1.27669001e+00 8.32994163e-01 4.00018549e+00 4.79999828e+00
  1.88801453e-01 2.45575237e+00 4.43504453e-01 1.26755166e+00
  1.51268506e+00 1.31242156e+00 3.37140179e+00 3.66919971e+00
  5.34422445e+00 4.98740005e+00 0.00000000e+00 9.22168672e-01
  1.20907080e+00 1.10869169e+00 7.10896397e+00 2.76670122e+00
  3.84035110e+00 1.15864241e+00 1.65860546e+00 1.39933372e+00
  0.00000000e+00 8.29366982e-01 1.14301224e+01 7.87595797e+00
  2.51037955e-01 0.00000000e+00 5.00333309e+00 1.72035962e-01
  5.84905803e-01 4.08813286e+00 3.50183010e+00 1.09305799e+00
  3.06953502e+00 2.71221805e+00 7.18459606e+00 0.00000000e+00
  4.76665401e+00 1.05458078e+01 4.53244634e-02 3.95563650e+00
  1.10999286e+00 5.65193236e-01 2.59177506e-01 2.56150293e+00
  8.61393833e+00 1.63868904e+00 1.19645491e-01 1.05216277e+00
  1.18410072e+01 3.29899096e+00 3.83807063e+00 1.60437250e+00
  1.49421859e+00 2.96854162e+00 3.49157363e-01 4.13250923e+00
  3.33262533e-01 3.30400205e+00 4.05898750e-01 0.00000000e+00
  4.45726395e+00 6.09368443e-01 9.78525877e-01 2.77997613e+00
  2.68800473e+00 6.78511429e+00 4.06289339e-01 3.03420639e+00
  1.41269374e+00 0.00000000e+00 4.81786346e+00 2.68678474e+00
  7.73576260e-01 4.23570871e-01 1.76251340e+00 1.98953891e+00
  1.12711322e+00 4.51248847e-02 5.53772032e-01 2.56841087e+00
  1.03627043e+01 2.27674469e-01 3.06151152e-01 1.17349982e+00
  6.27121270e-01 0.00000000e+00 1.86903262e+00 5.07175732e+00
  1.21604979e+00 5.95365047e+00 7.58005905e+00 2.75846791e+00
  2.37733412e+00 6.87590599e+00 2.00405192e+00 5.73134899e+00
  7.27094769e-01 3.46869779e+00 4.18983221e+00 3.43543142e-01
  2.06535292e+00 2.39826584e+00 3.54285407e+00 1.36751592e+00
  0.00000000e+00 0.00000000e+00 4.29798841e-01 3.51014543e+00
  5.36299706e+00 4.92225498e-01 3.03506660e+00 3.56888056e+00
  2.06375790e+00 1.74587393e+00 4.49958420e+00 9.54991579e-01
  5.36108434e-01 8.66731465e-01 3.38219285e+00 9.42448080e-01
  8.98744965e+00 2.08357096e-01 1.02328122e+00 1.01299696e-01
  5.38270473e+00 1.06532228e+00 2.08758906e-01 0.00000000e+00
  2.22032690e+00 6.50849998e-01 8.75090885e+00 3.35266948e+00
  2.15592766e+00 5.87553787e+00 1.48844838e-01 3.79148221e+00
  1.07018423e+01 4.81205845e+00 2.81194663e+00 4.81765842e+00
  0.00000000e+00 2.07706928e+00 8.36065635e-02 5.18875480e-01
  1.05028021e+00 1.40346134e+00 4.64894676e+00 1.35330307e+00
  3.44389725e+00 5.85942447e-01 7.44188905e-01 1.60187930e-01
  1.85234177e+00 0.00000000e+00 8.02483273e+00 6.71143606e-02
  2.06770968e+00 8.19408149e-02 1.89317989e+00 1.44272804e+00
  6.26566839e+00 1.01012096e+01 3.70055985e+00 1.00902045e+00
  0.00000000e+00 2.73070407e+00 2.54859209e+00 1.94199109e+00
  4.06084585e+00 2.10001183e+00 2.26400590e+00 1.13032687e+00
  4.92989159e+00 2.96135163e+00 4.86085802e-01 1.79539013e+00
  9.64810252e-01 5.91811705e+00 3.60023069e+00 1.28071928e+00
  1.16809857e+00 1.72769678e+00 1.03836620e+00 1.91140592e+00
  2.13460159e+00 1.49650741e+00 5.96063232e+00 1.82808542e+00
  2.29273081e+00 1.00162339e+00 7.83534408e-01 1.76922286e+00
  8.80461872e-01 1.20289743e+00 1.93306029e-01 4.57631290e-01
  0.00000000e+00 2.04795218e+00 6.26743317e+00 8.93245935e-01
  2.67977715e+00 3.03545403e+00 1.47038019e+00 3.92267370e+00
  8.55259323e+00 8.87418926e-01 5.26868725e+00 5.92937040e+00
  7.23955011e+00 6.10035002e-01 8.61735630e+00 3.24992990e+00
  3.70794326e-01 6.50234604e+00 7.72831976e-01 8.19029272e-01
  6.63052082e-01 6.04712851e-02 2.42838383e+00 4.22614717e+00
  2.36211991e+00 2.57521987e+00 4.45441723e+00 3.77206206e+00
  2.66942382e-01 4.29419613e+00 5.18614197e+00 5.72362709e+00
  5.30371475e+00 2.34851137e-01 2.38268614e+00 9.74540412e-01
  2.20378304e+00 8.62854862e+00 1.84574389e+00 2.95681024e+00
  1.04154205e+00 2.55013561e+00 1.19454117e+01 3.35557985e+00
  3.06242561e+00 3.11755943e+00 4.36738110e+00 1.60627401e+00
  7.54837990e+00 1.12761869e+01 9.47544289e+00 6.36707211e+00
  3.97823906e+00 8.62819850e-01 6.23080283e-02 7.05767393e-01
  0.00000000e+00 1.40177512e+00 4.12467098e+00 1.72229600e+00
  6.00564033e-02 0.00000000e+00 1.08254242e+00 3.41366196e+00
  2.35712171e+00 1.71592605e+00 2.84595466e+00 3.58468008e+00
  1.74030590e+00 0.00000000e+00 2.27060270e+00 4.20031786e+00
  5.12482762e-01 4.14649308e-01 4.54624951e-01 5.13557100e+00
  6.57897949e+00 1.12861502e+00 1.14787064e+01 4.76175499e+00
  1.24840813e+01 3.27317882e+00 3.37894869e+00 1.45049691e+00
  2.61492670e-01 3.12457180e+00 2.76434565e+00 3.93049598e+00
  8.54073167e-01 3.35668176e-01 1.51292157e+00 3.12547588e+00
  1.37683928e+00 0.00000000e+00 1.67422426e+00 1.22367716e+00
  1.90466619e+00 0.00000000e+00 2.75206447e-01 3.88957930e+00
  3.89883995e+00 5.10037303e-01 3.56690145e+00 7.07758248e-01
  2.11355829e+00 5.05967426e+00 4.74696016e+00 7.24601650e+00
  2.92826819e+00 1.32135761e+00 1.95068192e+00 2.17986369e+00
  0.00000000e+00 4.37627411e+00 5.24911046e-01 1.13974369e+00
  2.28116012e+00 1.77413747e-01 6.52508616e-01 0.00000000e+00
  9.37728465e-01 7.75352430e+00 5.48047125e-01 4.55963802e+00
  1.74982220e-01 4.10980606e+00 8.27813625e+00 1.18197346e+00
  4.87034750e+00 6.90495670e-02 1.86017919e+00 0.00000000e+00
  2.66723603e-01 0.00000000e+00 1.61560833e-01 2.81425476e+00
  2.90645719e+00 1.12935252e-01 5.00680685e+00 7.01140881e-01
  1.37140548e+00 9.82396975e-02 5.43233490e+00 4.44340467e+00
  2.37751055e+00 2.44445205e+00 2.52274656e+00 2.07896185e+00
  1.37320507e+00 1.28523540e+00 7.46109188e-01 4.94189024e+00
  7.43532181e+00 2.31035542e+00 1.58428705e+00 9.83899474e-01
  8.78538489e-01 2.50164688e-01 4.49955273e+00 1.60524547e+00]]