[[1.92809768e-03 3.54523540e+00 3.16182852e+00 0.00000000e+00
  1.57931972e+00 3.82060552e+00 5.18928337e+00 7.12496805e+00
  1.25597324e+01 1.90774655e+00 5.30046320e+00 2.95015883e+00
  5.69894218e+00 3.81834722e+00 2.26581073e+00 5.29082775e+00
  6.97150469e+00 1.21123910e+00 5.84655285e-01 3.78382349e+00
  4.71789503e+00 5.09286165e+00 1.91767007e-01 2.96501374e+00
  6.70050025e-01 8.01326752e+00 4.83293819e+00 7.30396658e-02
  1.32429376e-01 1.16441652e-01 6.28691852e-01 5.28254795e+00
  5.84795922e-02 7.18084860e+00 1.73335123e+00 1.71288475e-01
  2.20955163e-01 2.34639287e+00 8.11733055e+00 0.00000000e+00
  1.35043025e-01 4.54728216e-01 5.72775975e-02 2.16856813e+00
  6.24659300e-01 1.94883180e+00 9.28196907e+00 4.32327509e+00
  2.71975064e+00 5.48490143e+00 9.93296951e-02 1.28055727e+00
  0.00000000e+00 1.41019988e+00 2.59724927e+00 3.29215598e+00
  3.80816400e-01 7.82124233e+00 1.23771358e+00 6.91439867e-01
  3.51297426e+00 9.84491169e-01 6.79653883e+00 1.41904771e+00
  1.68449789e-01 6.46215057e+00 1.58582807e+00 3.50675702e-01
  4.02240467e+00 1.92947400e+00 2.40498021e-01 8.48209977e-01
  7.23420668e+00 4.39588690e+00 1.98245287e+00 2.24716514e-02
  1.61644757e-01 3.82111728e-01 6.03412688e-01 7.42948204e-02
  1.78658283e+00 6.85549784e+00 5.30134296e+00 6.05267465e-01
  4.24762726e-01 1.44432187e+00 1.05532241e+00 2.58159089e+00
  5.89206505e+00 0.00000000e+00 9.42277193e-01 1.46100295e+00
  1.02930069e-01 4.69713879e+00 0.00000000e+00 3.17447007e-01
  1.03745461e+00 3.58851409e+00 5.56981039e+00 5.61065674e+00
  7.71682262e-01 3.05840325e+00 1.81062782e+00 9.50477409e+00
  6.30870104e+00 2.74831541e-02 7.14374244e-01 9.43286955e-01
  0.00000000e+00 3.96710134e+00 6.74352217e+00 1.72121346e+00
  1.37046134e+00 5.29018700e-01 6.60048842e-01 3.43978405e-01
  3.83778715e+00 8.66071224e+00 2.92271018e-01 1.18455112e+00
  9.62843895e-01 2.63601875e+00 1.55338609e+00 8.94188786e+00
  4.53678846e-01 4.53225225e-01 3.04042459e-01 0.00000000e+00
  5.76123893e-01 1.39814873e+01 2.08504033e+00 2.08173513e-01
  2.48101926e+00 2.49964356e+00 1.92198682e+00 3.88975811e+00
  1.84925747e+00 4.43364000e+00 6.70721197e+00 6.85402060e+00
  1.05800307e+00 8.22063625e-01 1.15015030e+00 6.46352148e+00
  2.89640331e+00 1.74676228e+00 5.90555954e+00 1.46671146e-01
  0.00000000e+00 0.00000000e+00 4.41439152e+00 4.33283138e+00
  2.67982268e+00 0.00000000e+00 0.00000000e+00 1.73323500e+00
  4.04723167e+00 2.72322083e+00 2.02641025e-01 2.50449491e+00
  2.28129014e-01 3.55590343e+00 3.82509422e+00 0.00000000e+00
  7.38879347e+00 5.10968864e-01 1.71630811e-02 4.29266357e+00
  3.08647442e+00 5.39108849e+00 1.25471973e+00 1.30251324e+00
  6.61312294e+00 2.20648360e+00 9.06945527e-01 2.11411595e-01
  4.48579192e-02 3.25759673e+00 2.25722075e+00 6.06822586e+00
  5.54540539e+00 2.08343953e-01 8.57604206e-01 5.71015716e-01
  2.01064363e-01 3.75734901e+00 1.62523842e+00 2.46184140e-01
  2.62299728e+00 3.36956787e+00 6.46944809e+00 2.17870668e-01
  0.00000000e+00 3.34167719e+00 3.18337902e-02 6.60313129e+00
  1.32290214e-01 2.71067238e+00 4.45740461e+00 9.75398719e-01
  1.18227243e+00 2.79052091e+00 1.03654519e-01 1.10472575e-01
  4.06428337e+00 1.79434848e+00 9.76083851e+00 3.17060828e+00
  1.86556041e+00 4.71171230e-01 2.57234454e-01 3.67842317e+00
  8.60698819e-02 9.81054592e+00 7.16741741e-01 2.40589428e+00
  1.03502579e+01 8.67492962e+00 9.68896031e-01 5.17666483e+00
  1.93064106e+00 2.07237768e+00 2.55025685e-01 3.86613083e+00
  4.68807608e-01 6.14829659e-02 2.78904438e-01 2.20030332e+00
  7.63149485e-02 1.08800924e+00 8.08718443e-01 3.27222204e+00
  2.53040481e+00 5.58794785e+00 2.97494030e+00 3.17181468e+00
  2.12860680e+01 6.11415052e+00 2.50697446e+00 1.08390272e+00
  2.62359548e+00 0.00000000e+00 2.09128690e+00 3.55413485e+00
  2.15750766e+00 2.61985159e+00 1.10896959e+01 2.26311302e+00
  5.35817981e-01 1.84739532e+01 2.41410327e+00 4.31903315e+00
  2.52349973e+00 1.15132463e+00 2.50450158e+00 4.38794565e+00
  2.04732060e+00 1.84229994e+00 4.48454142e+00 0.00000000e+00
  6.45983934e-01 8.26164067e-01 3.25778842e-01 5.71115911e-01
  5.23234797e+00 1.54719663e+00 1.38661638e-01 7.61155665e-01
  1.27544851e+01 9.85939264e-01 7.11551142e+00 1.72329754e-01
  3.26601076e+00 2.34188032e+00 7.63908684e-01 2.38181877e+00
  7.92275190e+00 5.15452814e+00 1.09711170e+00 4.23381472e+00
  3.53407383e+00 1.74166679e+00 5.05418837e-01 5.31835377e-01
  6.27487755e+00 5.20862401e-01 1.23311033e+01 5.85683882e-01
  6.91137239e-02 5.03576851e+00 4.99821723e-01 1.72728693e+00
  1.80891502e+00 7.17073083e-01 1.71096003e+00 8.44205916e-01
  1.52561915e+00 1.67232215e+00 1.59743083e+00 0.00000000e+00
  4.79357958e+00 5.36487627e+00 6.46406937e+00 5.11248559e-02
  3.37587881e+00 1.99054825e+00 1.18734039e-01 3.20253992e+00
  2.03296590e+00 0.00000000e+00 1.54559171e+00 5.90581357e-01
  5.79668224e-01 1.14033473e+00 4.62930918e+00 3.52125573e+00
  8.03464222e+00 1.35912504e+01 0.00000000e+00 3.13919950e+00
  2.36966586e+00 4.70485538e-01 4.16172409e+00 1.84135830e+00
  9.40505207e-01 2.83019114e+00 6.14751530e+00 0.00000000e+00
  3.79344082e+00 4.67533022e-01 4.62674052e-01 3.99318337e+00
  3.81899023e+00 3.98109007e+00 9.29088879e+00 4.85121816e-01
  4.23991108e+00 3.03219080e+00 1.65047097e+00 7.87248671e-01
  1.99928656e-01 2.96409082e+00 1.02043371e+01 2.56643915e+00
  2.68654037e+00 1.97224581e+00 1.23250592e+00 6.48948133e-01
  1.03246796e+00 1.30701685e+00 2.72842979e+00 8.60106111e-01
  4.37621927e+00 3.52868319e+00 1.31156826e+01 9.18013275e-01
  1.66929173e+00 1.24886427e+01 1.43144476e+00 3.65654409e-01
  1.12562811e+00 5.43286860e-01 1.54275608e+00 8.43561935e+00
  2.40675259e+00 2.37030387e+00 1.73474236e+01 5.95278293e-03
  2.66001999e-01 4.09640884e+00 2.16153502e-01 2.68706322e+00
  9.03251076e+00 6.91176355e-01 2.64987373e+00 3.29224443e+00
  3.62728000e-01 6.98195124e+00 3.46291327e+00 3.44942188e+00
  2.17391348e+00 9.94712543e+00 5.12224388e+00 1.92367768e+00
  2.70799279e-01 2.71012634e-01 1.58353126e+00 4.00033617e+00
  4.30941522e-01 9.32414055e+00 4.99264538e-01 4.88413668e+00
  3.69262725e-01 6.22154772e-01 1.64733028e+00 2.69284153e+00
  6.43825531e+00 4.65421152e+00 5.63145351e+00 3.46207190e+00
  1.32175457e+00 5.92311049e+00 1.80659950e-01 6.34354448e+00
  7.77607560e-01 2.65856957e+00 0.00000000e+00 1.46812320e+00
  1.79156590e+00 1.86261845e+00 3.13845134e+00 1.22412229e+00
  3.10293674e-01 1.67797184e+00 1.64208567e+00 3.21083307e-01
  3.13664746e+00 9.31367755e-01 2.32196212e+00 5.99390411e+00
  3.74101853e+00 6.16052449e-01 1.02769828e+00 3.63573027e+00
  3.03136277e+00 1.83079648e+00 4.44499731e+00 3.22081089e+00
  1.56650281e+00 4.66609865e-01 5.94652772e-01 1.13877001e+01
  7.49315548e+00 0.00000000e+00 1.29881680e+00 1.66662445e+01
  7.80421972e-01 7.70642281e-01 2.83771491e+00 1.12537014e+00
  3.24827172e-02 2.57609200e+00 2.30684459e-01 5.86211920e+00
  9.24414635e-01 0.00000000e+00 2.88287830e+00 2.93861747e-01
  1.07822657e+00 2.15611553e+00 4.63547021e-01 6.16247559e+00
  9.62649226e-01 6.58198261e+00 4.86688519e+00 1.72910511e+00
  2.89894342e+00 7.29235840e+00 2.17150307e+00 6.99584913e+00
  1.81620431e+00 2.54887652e+00 2.14318466e+00 9.54631507e-01
  6.04863651e-02 3.83735418e+00 2.10538912e+00 1.78937995e+00
  5.02528620e+00 2.34661603e+00 4.60679770e+00 3.23293018e+00
  1.22448790e+00 6.04671764e+00 1.04712260e+00 8.34323049e-01
  8.04705560e-01 1.21291137e+00 7.14943981e+00 2.05740333e+00
  8.62057686e+00 6.08185232e-01 1.75753272e+00 6.55537891e+00
  4.52047825e+00 1.11435127e+00 3.19362283e-01 2.46611094e+00
  4.64436203e-01 5.23232400e-01 5.04475355e+00 7.02371955e-01
  6.51903868e+00 2.87034774e+00 2.34718966e+00 3.54493093e+00
  1.15072832e+01 2.06229520e+00 3.20466399e-01 7.59987652e-01
  2.27846193e+00 1.16046834e+00 8.67256463e-01 6.89975929e+00
  3.96912861e+00 3.55584073e+00 3.78074551e+00 2.16526103e+00
  1.49751806e+00 3.04917037e-01 7.19678521e-01 9.45166492e+00]]