[[1.05124462e+00 3.07383847e+00 8.04846406e-01 1.59063146e-01
  3.28174210e+00 4.48269606e+00 1.52472043e+00 2.69210696e+00
  1.59575498e+00 4.97083616e+00 3.79256797e+00 2.43451595e+00
  4.92385674e+00 4.81301832e+00 5.17042732e+00 2.43422961e+00
  4.33098465e-01 1.66737926e+00 3.45128369e+00 3.49877191e+00
  2.60803364e-02 1.05265055e+01 3.53425121e+00 2.77453279e+00
  5.30893421e+00 4.42939854e+00 3.07002234e+00 1.73890328e+00
  3.60790610e+00 2.73701453e+00 0.00000000e+00 3.84201974e-01
  2.75430202e+00 4.20662737e+00 2.13099623e+00 0.00000000e+00
  7.93859780e-01 0.00000000e+00 3.50825024e+00 3.74948621e+00
  1.91535294e-01 4.71459150e+00 2.99603915e+00 6.08521318e+00
  2.68615222e+00 3.35935068e+00 2.73627448e+00 9.10840690e-01
  2.68358040e+00 2.36539736e-01 1.26726303e+01 5.42367101e-01
  0.00000000e+00 1.23292103e-01 8.52787876e+00 5.98734200e-01
  1.05512369e+00 3.14709044e+00 3.63969827e+00 2.42844954e-01
  5.48937321e-02 2.52000046e+00 3.44579554e+00 4.73237944e+00
  8.65776688e-02 1.04410231e+00 2.43887138e+00 9.74680036e-02
  5.49002767e-01 1.33400249e+00 1.51499147e+01 4.56293762e-01
  0.00000000e+00 3.51155305e+00 2.63508010e+00 1.51509249e+00
  1.90487489e-01 1.04569048e-01 2.69815564e+00 3.11327291e+00
  7.76016617e+00 5.76267242e+00 1.05166984e+00 3.62829864e-01
  2.50761318e+00 5.40170622e+00 2.21466184e+00 7.57780552e-01
  1.63451898e+00 4.67438221e-01 2.50748014e+00 1.80160713e+00
  2.55587173e+00 9.37539577e+00 1.74492252e+00 1.65693521e-01
  2.21629667e+00 9.87131774e-01 1.12870419e+00 2.27972484e+00
  2.96158242e+00 6.88685656e+00 4.18722034e-01 1.18045168e+01
  3.65263999e-01 3.10736448e-01 4.55784142e-01 1.18693376e+00
  1.56868827e+00 6.64983654e+00 1.16517127e+00 3.24268079e+00
  2.89724201e-01 2.25742042e-01 6.92703247e-01 4.99057382e-01
  4.85943413e+00 1.71662462e+00 8.04278612e-01 0.00000000e+00
  5.55772521e-02 0.00000000e+00 0.00000000e+00 5.17796659e+00
  0.00000000e+00 3.28571177e+00 0.00000000e+00 2.48266589e-02
  3.99201587e-02 2.29833388e+00 3.10789108e-01 1.24070251e+00
  1.81903601e+00 2.04960108e+00 1.37402177e+00 5.80255985e-01
  1.15863793e-01 4.93000776e-01 5.55635214e+00 4.29730034e+00
  1.85003853e+00 1.11091936e+00 4.43628788e+00 4.52242136e-01
  1.32727551e+00 0.00000000e+00 8.70556164e+00 6.95601344e-01
  2.82863587e-01 1.08299232e+00 0.00000000e+00 7.85265863e-01
  1.64231932e+00 2.21589327e-01 4.01939869e+00 7.18894386e+00
  0.00000000e+00 7.14799547e+00 1.68830907e+00 4.44083244e-01
  4.76829529e-01 2.37807441e+00 1.35438788e+00 8.55404282e+00
  5.62519503e+00 5.08059144e-01 0.00000000e+00 2.78230500e+00
  1.81746498e-01 2.65686250e+00 1.99555159e+00 2.59833145e+00
  6.99980831e+00 1.25826061e-01 2.71842480e+00 1.05835545e+00
  0.00000000e+00 5.23456633e-01 1.69578743e+00 4.88917923e+00
  3.01559067e+00 1.58832633e+00 3.23101187e+00 0.00000000e+00
  3.30152988e-01 4.08121061e+00 6.53007805e-01 0.00000000e+00
  1.23963146e+01 7.72535658e+00 3.06561518e+00 0.00000000e+00
  9.58392262e-01 4.80707359e+00 4.90967035e-01 1.59579813e+00
  7.19563484e-01 2.49193001e+00 1.36230826e-01 3.93996358e+00
  1.29651394e+01 1.43467772e+00 0.00000000e+00 0.00000000e+00
  5.73215532e+00 5.03894138e+00 1.24211431e+00 8.80667090e-01
  0.00000000e+00 3.21537895e+01 6.37622535e-01 2.40152025e+00
  7.74942279e-01 1.97352791e+00 4.82797101e-02 1.05616227e-01
  0.00000000e+00 2.17517710e+00 2.26885915e+00 1.82817674e+00
  5.64984512e+00 7.52787304e+00 3.54132462e+00 1.79395962e+00
  4.44195223e+00 3.12952185e+00 3.52334166e+00 2.60555178e-01
  0.00000000e+00 2.19298318e-01 4.02766973e-01 5.82694709e-01
  4.49545145e+00 7.28870690e-01 2.08388233e+00 2.98926306e+00
  4.22377729e+00 1.26323346e-02 3.18409652e-01 2.13775063e+00
  5.31620860e-01 2.77817965e-01 8.63194764e-01 2.13970113e+00
  2.46952653e+00 3.20783305e+00 3.67223835e+00 6.65518939e-01
  3.62641931e+00 3.73236918e+00 2.43418765e+00 6.88812399e+00
  0.00000000e+00 6.22362280e+00 5.97962189e+00 1.18190777e+00
  1.21031535e+00 4.06442213e+00 8.35663319e-01 3.15987158e+00
  0.00000000e+00 0.00000000e+00 1.11362748e-01 3.05073440e-01
  0.00000000e+00 2.08553028e+00 6.16383410e+00 5.57475924e-01
  2.85753578e-01 0.00000000e+00 9.97526932e+00 2.56410456e+00
  2.22637868e+00 8.15449953e-01 1.07204735e-01 0.00000000e+00
  1.65701008e+01 3.43830228e-01 9.76590395e-01 8.93116519e-02
  5.64130259e+00 1.22616613e+00 0.00000000e+00 0.00000000e+00
  8.64818335e-01 2.07008094e-01 5.51673841e+00 2.23560095e+00
  3.92487824e-01 2.31118894e+00 3.25520962e-01 2.07443690e+00
  2.10195255e+01 5.40507603e+00 4.46328402e+00 1.70310831e+00
  6.22251332e-01 4.72219372e+00 0.00000000e+00 0.00000000e+00
  2.20333266e+00 1.94056618e+00 1.80918384e+00 1.34367824e+00
  2.73550248e+00 0.00000000e+00 3.91676736e+00 1.95567465e+00
  1.67493832e+00 2.67742127e-01 5.99319029e+00 0.00000000e+00
  2.91734314e+00 5.22661030e-01 5.75167060e-01 3.45811868e+00
  5.60027266e+00 6.10593605e+00 4.90634727e+00 2.59528208e+00
  1.24947834e+00 4.69817448e+00 4.12761807e-01 1.49372494e+00
  3.72504687e+00 1.23187435e+00 4.48361969e+00 1.10933781e+00
  5.08923292e+00 1.62468642e-01 1.85625032e-01 2.63538694e+00
  4.77130413e-01 4.88867521e+00 4.19920731e+00 2.17795706e+00
  2.11994243e+00 4.26863241e+00 6.60557330e-01 4.41773987e+00
  3.40107977e-02 1.86285114e+00 6.68874168e+00 4.17127275e+00
  2.09019184e+00 8.72118711e-01 2.82888675e+00 1.38085568e+00
  2.05742002e+00 5.21254921e+00 1.63013816e+00 1.87992668e+00
  0.00000000e+00 2.46612787e+00 5.19145775e+00 1.50620067e+00
  1.47544563e+00 1.01228178e+00 3.31616625e-02 4.03274924e-01
  5.41530514e+00 0.00000000e+00 4.18886614e+00 3.17630720e+00
  3.11101675e+00 4.51879650e-01 2.27181673e+00 1.07905436e+01
  1.86561599e-01 6.20668697e+00 1.91431010e+00 1.70143533e+00
  2.18783885e-01 1.40533805e-01 5.00403166e+00 2.40171790e+00
  4.60815698e-01 1.93577790e+00 3.15114498e-01 1.41354418e+00
  0.00000000e+00 1.89199078e+00 1.01365261e+01 9.50026989e-01
  3.24952316e+00 2.40650702e+00 2.00821161e+00 9.79323387e-01
  2.28756714e+00 6.92883301e+00 3.53086138e+00 3.67543459e+00
  3.25051904e+00 4.45687866e+00 2.90804052e+00 5.11329937e+00
  1.20835686e+00 3.27877021e+00 1.20246077e+00 2.60481656e-01
  3.24410200e+00 5.66323519e+00 4.49526167e+00 3.91557407e+00
  7.03939342e+00 2.04668927e+00 8.75441968e-01 9.18308020e-01
  4.56167430e-01 3.92886639e-01 5.00209188e+00 3.74622488e+00
  0.00000000e+00 0.00000000e+00 0.00000000e+00 0.00000000e+00
  1.80211067e+00 3.61080438e-01 0.00000000e+00 1.57799280e+00
  4.64890152e-02 1.75208459e-03 1.84343207e+00 2.83555722e+00
  6.70029283e-01 8.47260475e-01 0.00000000e+00 1.74524546e+00
  1.30544748e+01 3.05743289e+00 2.36220837e+00 8.67615998e-01
  1.72149601e+01 1.00962343e+01 1.39714730e+00 1.66381836e-01
  1.46008766e+00 7.43954945e+00 0.00000000e+00 3.61950755e+00
  1.79880902e-01 1.48851752e-01 9.39103901e-01 1.03547060e+00
  8.58135223e-01 0.00000000e+00 3.71867371e+00 1.14243996e+00
  1.71432233e+00 1.61201552e-01 0.00000000e+00 2.62518191e+00
  4.64846039e+00 4.84574938e+00 1.24654651e+00 3.69267297e+00
  8.95955682e-01 5.05657148e+00 8.06240559e+00 9.54055119e+00
  4.44160366e+00 1.53760266e+00 1.05612636e+00 0.00000000e+00
  0.00000000e+00 1.67932689e+00 3.84897977e-01 3.66933107e+00
  8.72204065e-01 4.67519492e-01 2.04707697e-01 6.69633299e-02
  4.93972301e+00 8.78357220e+00 0.00000000e+00 4.19365883e+00
  2.37000847e+00 1.95060444e+00 4.50749969e+00 3.68013430e+00
  5.95306195e-02 0.00000000e+00 0.00000000e+00 0.00000000e+00
  0.00000000e+00 1.30779529e+00 6.50332391e-01 2.76014185e+00
  3.36234641e+00 9.30739760e-01 3.03222227e+00 1.62286639e+00
  4.61525106e+00 3.29080969e-01 6.54536200e+00 1.04964096e-02
  4.44327497e+00 5.12847424e-01 5.52532911e-01 3.20560408e+00
  1.10784030e+00 2.63428068e+00 1.33008510e-01 7.20609903e+00
  4.04723215e+00 4.11308199e-01 4.03303295e-01 1.44853723e+00
  0.00000000e+00 1.65830553e+00 1.79869449e+00 5.24385595e+00]]