[[1.20737195e+00 1.42636779e-03 2.21369600e+00 0.00000000e+00
  4.62643683e-01 1.91497290e+00 6.54222250e+00 3.60337090e+00
  4.07605076e+00 0.00000000e+00 3.01253748e+00 5.77337027e-01
  4.59060097e+00 3.81516218e-01 4.54173908e-02 4.49421024e+00
  7.99458504e-01 1.58030465e-01 2.12582254e+00 4.04146957e+00
  2.00598925e-01 2.02547836e+00 4.14081717e+00 3.39831376e+00
  6.65514410e-01 4.66788626e+00 5.54903746e+00 6.56962752e-01
  1.33882964e+00 1.35350144e+00 2.54813862e+00 1.68325496e+00
  9.97475624e-01 6.24876356e+00 4.04170081e-02 4.50962067e-01
  9.79644775e-01 6.72048628e-01 6.34130096e+00 3.05183506e+00
  6.91011310e-01 3.48445201e+00 7.21981823e-01 9.85436738e-01
  1.74465597e+00 2.80113488e-01 3.95785546e+00 0.00000000e+00
  4.29187059e+00 3.00754189e+00 0.00000000e+00 4.56020594e-01
  1.74040365e+00 3.52596307e+00 8.72619390e-01 1.46202588e+00
  1.74063230e+00 1.05341301e+01 5.84039497e+00 7.88823426e-01
  1.30733728e-01 1.02471101e+00 3.55475020e+00 5.34227657e+00
  3.12740177e-01 7.85513639e-01 1.54991552e-01 3.52374047e-01
  1.60257399e-01 1.56072950e+00 1.25214827e+00 1.41133833e+00
  2.21917248e+00 5.16959190e+00 1.51172674e+00 3.29736590e-01
  1.02674854e+00 3.90552491e-01 5.05969375e-02 1.61014408e-01
  6.10695660e-01 1.64708912e+00 1.63707948e+00 5.86744368e-01
  3.30179143e+00 3.69199014e+00 0.00000000e+00 6.05879128e-01
  2.37496638e+00 5.21885097e-01 1.48088551e+00 0.00000000e+00
  5.51758289e-01 1.37621522e+00 8.25802863e-01 1.45315066e-01
  2.10947499e-01 3.52574897e+00 1.32149248e+01 6.46574116e+00
  5.39563477e-01 7.46837914e-01 1.08602524e+01 5.30487633e+00
  0.00000000e+00 3.37701917e+00 4.80515301e-01 1.00336587e+00
  4.05131149e+00 2.56453824e+00 1.57560813e+00 1.83167720e+00
  3.08450330e-02 2.45943479e-02 7.43040204e-01 0.00000000e+00
  7.34468818e-01 3.11941099e+00 3.29616880e+00 1.11779764e-01
  0.00000000e+00 8.57760715e+00 1.65759778e+00 8.80202103e+00
  1.70983329e-01 4.47959155e-01 8.88481319e-01 0.00000000e+00
  3.56213242e-01 9.70620823e+00 7.17925191e-01 0.00000000e+00
  4.51815748e+00 7.25731909e-01 5.22855699e-01 3.70092607e+00
  2.00967893e-01 2.03763342e+00 2.33779788e+00 9.22958136e-01
  1.87130928e-01 0.00000000e+00 2.67067027e+00 1.78073871e+00
  1.47320867e+00 7.25637555e-01 1.22116411e+00 1.78682816e+00
  0.00000000e+00 0.00000000e+00 5.55737925e+00 1.90537348e-01
  1.33744621e+00 0.00000000e+00 1.30915463e-01 2.26300478e+00
  3.16053897e-01 1.30571842e+00 0.00000000e+00 5.60051024e-01
  1.18668720e-01 3.31265152e-01 3.92221260e+00 1.12310126e-01
  6.64731836e+00 0.00000000e+00 0.00000000e+00 1.29658818e+00
  4.04816961e+00 1.41998577e+00 1.38945425e+00 3.05959210e-02
  9.39125538e+00 8.92113030e-01 9.82009470e-02 2.19392514e+00
  0.00000000e+00 6.26636982e-01 1.06938639e+01 4.55245876e+00
  1.02823067e+00 0.00000000e+00 2.76667905e+00 1.47484735e-01
  9.91836548e-01 9.86459672e-01 6.71029329e-01 1.45567134e-01
  4.61875486e+00 3.05150890e+00 1.27135921e+00 1.25881767e+00
  1.38933444e+00 5.93040133e+00 2.09070706e+00 2.44823146e+00
  2.08035633e-02 7.48258257e+00 4.84196901e+00 2.92180508e-01
  4.98481894e+00 1.27771151e+00 0.00000000e+00 6.07941270e-01
  4.02671862e+00 3.24716425e+00 0.00000000e+00 4.79326218e-01
  0.00000000e+00 1.22258353e+00 0.00000000e+00 1.27385807e+00
  0.00000000e+00 4.21148634e+00 6.12762928e-01 1.47742808e-01
  0.00000000e+00 2.50651550e+00 7.26028204e-01 1.93904638e+00
  1.12886453e+00 3.52942371e+00 1.54762709e+00 6.43593520e-02
  2.16217875e+00 3.49294329e+00 1.26790896e-01 3.49613714e+00
  0.00000000e+00 4.43067551e+00 2.31310725e+00 2.60326409e+00
  2.05960059e+00 8.11463833e-01 1.71929026e+00 5.13334322e+00
  0.00000000e+00 2.87475491e+00 1.36677134e+00 8.34252872e-03
  1.28010467e-01 1.53262973e+00 6.39624405e+00 1.79154980e+00
  2.10844949e-01 1.06165276e+01 5.11931896e+00 1.31786799e+00
  2.89862037e+00 1.01285589e+00 1.58357453e+00 1.07294774e+00
  7.06628466e+00 2.32122970e+00 2.02763534e+00 0.00000000e+00
  2.18696043e-01 3.98776710e-01 1.43766010e+00 5.09681320e+00
  3.85942459e-02 3.03788520e-02 0.00000000e+00 4.44175929e-01
  4.58476353e+00 1.79465368e-01 4.32606840e+00 1.03169346e+00
  3.13887310e+00 1.52419493e-01 2.38243580e+00 4.86654453e-02
  6.10950649e-01 4.16084719e+00 1.57450151e+00 2.14204967e-01
  6.20525503e+00 2.27433383e-01 0.00000000e+00 0.00000000e+00
  6.44239044e+00 1.06657422e+00 5.36106205e+00 6.95520500e-03
  1.19632220e+00 1.68415725e-01 3.22909975e+00 3.83443475e-01
  3.72084212e+00 4.11939383e+00 0.00000000e+00 1.58795685e-01
  2.58487296e+00 2.21294904e+00 2.12681580e+00 9.74405169e-01
  1.85828519e+00 3.86944199e+00 1.53353071e+00 0.00000000e+00
  9.77043724e+00 1.78433311e+00 2.46963501e+00 0.00000000e+00
  3.60795051e-01 2.99336147e+00 3.59517312e+00 2.15445018e+00
  5.88347316e-01 5.54242492e-01 1.78748715e+00 5.51733434e-01
  1.45174766e+00 3.21399117e+00 3.00264716e+00 1.33206117e+00
  3.98075247e+00 1.13251410e+01 5.06280184e-01 1.31234443e+00
  3.28248906e+00 2.33562565e+00 5.97743797e+00 2.13675904e+00
  3.89056873e+00 4.19307858e-01 5.00710392e+00 0.00000000e+00
  1.11925602e+00 5.17986855e-03 5.22903740e-01 3.63320827e+00
  1.30861902e+00 4.48101431e-01 1.13144417e+01 8.48908901e-01
  1.71829164e+00 5.65917015e+00 8.16338360e-01 2.73276329e+00
  3.17112714e-01 1.78637713e-01 7.08041370e-01 1.02172480e+01
  4.57239676e+00 9.33884621e-01 1.09582329e+00 2.54881149e-03
  4.96417701e-01 0.00000000e+00 8.14183831e-01 2.50947094e+00
  5.71658492e-01 0.00000000e+00 2.27051353e+00 1.23411966e-02
  2.12274194e-01 4.22049618e+00 2.64489913e+00 5.04308760e-01
  1.92431793e+01 1.56259555e-02 7.64699101e-01 3.99462342e-01
  4.92903423e+00 1.23160958e+00 1.44497480e+01 0.00000000e+00
  8.44275117e-01 7.89446020e+00 2.80329380e-02 2.34857917e+00
  2.28173137e+00 8.82579237e-02 2.88765883e+00 3.76193953e+00
  3.90975296e-01 2.97024608e+00 2.66897154e+00 1.69809461e+00
  2.47437024e+00 1.41869926e+00 0.00000000e+00 6.84616923e-01
  4.63957691e+00 2.44948459e+00 2.40643549e+00 9.72264819e-03
  3.70188415e-01 1.09929371e+00 1.05122137e+00 1.86956537e+00
  2.63831782e+00 1.05925791e-01 5.23219258e-02 1.84807491e+00
  5.23983955e+00 1.74112844e+00 4.91598177e+00 1.37312150e+00
  7.00841784e-01 6.41285181e+00 1.26340568e-01 6.49105072e+00
  4.93666697e+00 6.33428156e-01 0.00000000e+00 1.81615341e+00
  2.60607481e+00 3.49917197e+00 9.12484264e+00 2.70178691e-02
  7.85022497e-01 1.63534141e+00 3.53489804e+00 3.07251334e-01
  1.24048686e+00 9.48293567e-01 2.78899050e+00 2.47431970e+00
  7.56143749e-01 1.21634506e-01 9.45752680e-01 1.23599946e+00
  1.20359838e+00 1.62100232e+00 1.69590056e+00 3.71421075e+00
  6.48366362e-02 6.92599714e-01 3.98755908e+00 0.00000000e+00
  1.92931061e+01 2.28326142e-01 3.67804438e-01 5.48046637e+00
  1.40293026e+00 0.00000000e+00 1.24619558e-01 1.15053046e+00
  7.44702071e-02 2.60384735e-02 1.05138101e-01 2.13706946e+00
  1.54786989e-01 1.17583284e-02 1.49723852e+00 1.97784221e+00
  2.16788556e-02 1.49798974e-01 2.07626677e+00 2.54438090e+00
  5.42810440e+00 2.42243695e+00 3.32629609e+00 1.38763428e+00
  2.16756558e+00 9.53155327e+00 9.92562771e-01 2.39118361e+00
  3.94450283e+00 2.25150371e+00 1.38949728e+00 0.00000000e+00
  5.28541923e-01 1.88874200e-01 5.23527972e-02 2.52482116e-01
  1.53438711e+00 0.00000000e+00 3.80259228e+00 6.73852205e+00
  9.63943422e-01 7.29508495e+00 2.79435825e+00 5.70649028e-01
  0.00000000e+00 3.80411297e-01 1.96928656e+00 3.59761775e-01
  0.00000000e+00 4.08566535e-01 3.62878323e+00 2.98392940e+00
  7.64165163e-01 1.75461411e+00 1.73925841e+00 1.91134357e+00
  1.41592160e-01 0.00000000e+00 4.33211422e+00 7.92156601e+00
  9.08319771e-01 2.67440510e+00 2.63613611e-01 2.30392075e+00
  4.53860092e+00 5.82089996e+00 9.67927098e-01 7.90986955e-01
  5.90555954e+00 8.89643840e-03 1.41209257e+00 2.47764826e+00
  3.44576716e+00 5.60521245e-01 2.45612335e+00 4.13407946e+00
  8.68451476e-01 8.22117105e-02 5.45535660e+00 3.35372537e-01]]