[[4.93165076e-01 1.54936135e-01 1.44784784e+00 2.84997016e-01
  0.00000000e+00 1.32009125e+00 1.40152943e+00 1.19330335e+00
  6.54485345e-01 1.35979176e+00 1.06380033e+00 1.11345053e+00
  1.94681346e+00 5.96389914e+00 1.19815603e-01 9.83656120e+00
  0.00000000e+00 1.25072765e+00 5.48845196e+00 2.16848183e+00
  4.81797129e-01 4.69747066e+00 0.00000000e+00 0.00000000e+00
  2.68995315e-02 2.56997657e+00 2.42973018e+00 3.70335197e+00
  3.40352511e+00 9.11249220e-01 6.83480859e-01 2.01946840e-01
  2.23331785e+00 6.85085118e-01 4.70764875e-01 0.00000000e+00
  6.78281903e-01 6.94542527e-01 8.93297863e+00 3.16750169e+00
  1.68265152e+01 8.31657827e-01 5.94472599e+00 5.50337315e+00
  0.00000000e+00 2.86324358e+00 8.21769312e-02 2.06074119e+00
  1.28552520e+00 1.81394696e-01 1.83201897e+00 5.49055243e+00
  6.48973286e-01 3.75129175e+00 2.26341867e+00 3.00161004e+00
  2.99789310e+00 2.86190057e+00 2.69815587e-02 5.31409942e-02
  3.26353168e+00 1.49187341e-01 3.74692297e+00 2.58082724e+00
  1.45609111e-01 4.59647751e+00 1.61871779e+00 1.19361080e-01
  7.03408599e-01 2.99485779e+00 1.69352078e+00 2.15408850e+00
  9.82276738e-01 7.86883163e+00 2.89118671e+00 2.10441351e+00
  7.18686771e+00 6.89659894e-01 1.45962149e-01 2.70531997e-02
  0.00000000e+00 0.00000000e+00 1.76571810e+00 7.97806323e-01
  2.59606600e+00 7.49774504e+00 9.63566840e-01 6.27841473e-01
  0.00000000e+00 5.37204123e+00 5.53856754e+00 4.71500111e+00
  0.00000000e+00 2.16014475e-01 3.66021609e+00 1.47623849e+00
  1.69151700e+00 1.22382855e+00 2.40414381e+00 1.66779480e+01
  1.48525321e+00 3.63246942e+00 1.11898966e+01 1.24748576e+00
  0.00000000e+00 1.89540565e-01 1.13648880e+00 0.00000000e+00
  5.13983059e+00 1.05923426e+00 1.18744957e+00 2.43319130e+00
  6.30285800e-01 5.32334149e-01 1.25122690e+00 0.00000000e+00
  1.54970341e+01 8.92222345e-01 2.50905204e+00 5.31184483e+00
  7.78464854e-01 1.05204785e+00 4.75517082e+00 6.92901134e+00
  1.28652298e+00 5.37037373e+00 0.00000000e+00 3.31293702e-01
  3.14398885e+00 1.27522650e+01 7.08274126e-01 3.32597375e+00
  2.75610828e+00 1.16756141e+00 0.00000000e+00 3.37690902e+00
  2.74615586e-01 7.62053370e-01 0.00000000e+00 2.70909524e+00
  1.86042905e+00 5.21219373e-01 0.00000000e+00 5.42536020e+00
  1.41494989e+00 9.67726052e-01 2.62411189e+00 0.00000000e+00
  1.08391993e-01 1.18270838e+00 1.58179607e-02 1.22991800e+00
  6.56184149e+00 1.62197053e+00 1.96786618e+00 6.90855861e-01
  2.25681019e+00 3.45698029e-01 6.90609741e+00 5.87961316e-01
  1.52542520e+00 5.28593123e-01 9.89937019e+00 6.96530566e-02
  3.29597998e+00 7.45911026e+00 5.41540086e-01 2.40425992e+00
  3.30625510e+00 8.67659226e-03 2.21606827e+00 1.63226202e-01
  3.93187594e+00 4.96748114e+00 1.53997481e+00 2.73149681e+00
  7.25660801e+00 3.12492102e-01 1.04829645e+01 6.72056246e+00
  2.81809831e+00 2.64846611e+00 1.13268018e+00 1.09507143e-01
  7.15456188e-01 4.29108953e+00 2.64088464e+00 3.37833524e+00
  1.01377392e+00 4.57030106e+00 0.00000000e+00 0.00000000e+00
  1.30649269e-01 1.52079430e+01 0.00000000e+00 5.60046136e-01
  5.70461798e+00 1.00271158e-01 1.49098203e-01 3.55369282e+00
  3.62690091e+00 1.59769857e+00 1.87285066e+00 2.81595254e+00
  4.58377361e+00 3.55706763e+00 3.63757730e+00 2.10238075e+00
  1.65699768e+00 2.52951107e+01 3.28618073e+00 4.17601013e+00
  4.03810167e+00 0.00000000e+00 1.08177173e+00 1.96244621e+00
  2.76849365e+00 1.94708288e+00 9.06562269e-01 6.57031715e-01
  4.07123089e+00 3.52929163e+00 3.71066499e+00 0.00000000e+00
  2.62003094e-01 1.12551177e+00 4.81867886e+00 1.88027227e+00
  4.09714413e+00 1.88394475e+00 3.19613934e+00 1.06689763e+00
  5.28260291e-01 5.73105574e-01 1.07385755e+00 6.07596576e-01
  6.90482140e-01 6.82592630e+00 1.94691229e+00 8.81260484e-02
  5.67947447e-01 2.99714947e+00 1.79875886e+00 6.36138773e+00
  2.61930442e+00 9.29521751e+00 4.96279764e+00 1.59567702e+00
  2.64145947e+00 1.68005690e-01 3.25654221e+00 3.63295257e-01
  2.96671438e+00 2.29008961e+00 1.98606205e+00 2.20522022e+00
  2.52224827e+00 2.94985247e+00 9.69664860e+00 1.65525007e+00
  0.00000000e+00 5.57828605e-01 0.00000000e+00 5.05110598e+00
  7.87053442e+00 3.97370338e+00 0.00000000e+00 2.49978137e+00
  3.66063881e+00 4.75612998e-01 1.49267817e+00 0.00000000e+00
  1.76913285e+00 8.43249607e+00 3.40570301e-01 3.85501099e+00
  8.67424679e+00 3.20688337e-01 0.00000000e+00 2.05875084e-01
  4.55293560e+00 1.84817719e+00 7.03669453e+00 3.09998274e+00
  5.70170403e-01 4.34916802e-02 6.97517693e-01 6.17482948e+00
  1.36557972e+00 5.96005440e+00 1.13558412e+00 1.43314171e+00
  7.60058939e-01 3.86890984e+00 3.32557511e+00 3.02973223e+00
  1.01784933e+00 3.31988692e+00 8.20647597e-01 4.09658581e-01
  3.59337139e+00 3.90857577e+00 3.78243518e+00 0.00000000e+00
  3.07081485e+00 1.04350114e+00 2.30857655e-01 1.97653770e+00
  1.38247228e+00 4.78520691e-01 4.70709705e+00 1.31181288e+00
  0.00000000e+00 2.24421668e+00 5.16537333e+00 5.57965279e-01
  5.66607189e+00 7.76510048e+00 1.10765755e+00 0.00000000e+00
  1.10946763e+00 3.55769873e+00 0.00000000e+00 0.00000000e+00
  2.88724989e-01 5.29423809e+00 4.43218565e+00 1.27157545e+00
  1.60009444e+00 1.90283403e-01 0.00000000e+00 6.45967054e+00
  1.82709944e+00 5.40206718e+00 1.34194505e+00 5.44103193e+00
  3.68665397e-01 6.05617714e+00 2.05666232e+00 1.58478189e+00
  9.38122809e-01 6.36189729e-02 8.31008315e-01 8.22956944e+00
  1.55196238e+00 7.29626000e-01 3.67495632e+00 8.94306719e-01
  1.57842338e+00 5.42951286e-01 0.00000000e+00 0.00000000e+00
  2.57111043e-02 0.00000000e+00 3.45488191e+00 9.14663970e-02
  1.82336181e-01 8.48303318e+00 3.78097296e+00 2.51484752e+00
  5.07638884e+00 2.33319074e-01 9.04191113e+00 1.08861327e+00
  1.50976114e+01 3.89140153e+00 2.50001836e+00 5.91800451e-01
  4.62186635e-02 1.31368613e+00 1.82089794e+00 3.37743640e-01
  4.79360914e+00 3.91864586e+00 2.58840513e+00 6.25148535e+00
  8.78927803e+00 7.68799007e-01 4.78164291e+00 3.27331114e+00
  3.53631806e+00 8.30831587e-01 3.29973865e+00 1.13131046e-01
  3.08942986e+00 4.48202038e+00 4.93628979e-01 8.77608478e-01
  0.00000000e+00 8.38544130e-01 3.85713601e+00 1.23589313e+00
  1.30004823e+00 3.19075251e+00 3.13924730e-01 2.20867133e+00
  9.61296654e+00 6.20599151e-01 3.63934326e+00 8.85491073e-02
  1.83795226e+00 6.21070099e+00 1.60482690e-01 1.69925442e+01
  1.12694311e+00 7.13688564e+00 5.09796858e-01 3.84471107e+00
  5.60906865e-02 0.00000000e+00 1.43315876e+00 7.78952241e-01
  0.00000000e+00 0.00000000e+00 1.45954525e+00 0.00000000e+00
  4.93219662e+00 6.00020289e-01 3.00992131e+00 1.47075891e+00
  9.02907562e+00 9.20144677e-01 1.89861938e-01 4.08772278e+00
  2.08214402e+00 3.90309310e+00 4.02886820e+00 1.77920187e+00
  0.00000000e+00 1.40233624e+00 5.50319493e-01 3.33968329e+00
  1.60846627e+00 2.30926418e+00 5.05053461e-01 1.17817736e+00
  4.29382706e+00 0.00000000e+00 1.31217992e+00 6.40294433e-01
  1.83350757e-01 8.10502589e-01 8.48104179e-01 1.05973063e+01
  8.39842297e-03 5.05635071e+00 5.16948462e+00 5.53104430e-02
  8.64078552e-02 7.24626720e-01 2.40816966e-01 5.56640148e+00
  3.41184473e+00 8.34147835e+00 3.17347217e+00 2.42487729e-01
  4.62185478e+00 3.24611688e+00 4.59591341e+00 2.02615905e+00
  6.21024072e-02 1.51873779e+00 1.53493798e+00 1.48232877e+00
  0.00000000e+00 1.48085475e+00 2.55518109e-01 3.50402927e+00
  5.15462542e+00 0.00000000e+00 3.13839436e+00 1.05770051e+00
  5.95284641e-01 1.10226374e+01 1.30707321e+01 7.05755353e-01
  1.93120897e+00 0.00000000e+00 5.68459940e+00 2.77697563e+00
  0.00000000e+00 1.20466852e+00 1.43481290e+00 2.63928509e+00
  2.36442387e-02 0.00000000e+00 4.40070868e+00 2.70238256e+00
  1.66178274e+00 9.12014320e-02 5.57274103e+00 2.05729795e+00
  1.11115563e+00 2.98983788e+00 4.21712112e+00 5.38435996e-01
  1.30220747e+00 9.65481377e+00 1.78353357e+00 5.22639155e-01
  1.86727178e+00 0.00000000e+00 0.00000000e+00 1.52928174e+00
  4.51253176e+00 9.60580945e-01 1.23456659e+01 4.89420652e-01
  6.92675591e-01 2.25432143e-01 5.66238070e+00 0.00000000e+00]]