[[2.70372927e-01 1.65928328e+00 1.20182407e+00 5.57622313e-01
  2.79837203e+00 2.91709900e+00 1.89365554e+00 6.63153648e-01
  2.91560936e+00 2.52394295e+00 3.06560040e-01 9.99674261e-01
  1.45334077e+00 3.64605021e+00 1.44016162e-01 1.75634527e+00
  1.30200315e+00 2.46497345e+00 6.38604736e+00 2.77855802e+00
  7.59395421e-01 9.69641113e+00 1.52767169e+00 1.85118318e+00
  1.73477376e+00 5.76931715e+00 6.39976215e+00 6.86584949e+00
  6.28599834e+00 1.13087296e+00 2.63523841e+00 3.67738962e+00
  4.06909132e+00 2.13728523e+00 1.84837019e+00 9.96991515e-01
  1.75813293e+00 4.01286602e+00 1.14015379e+01 9.29624975e-01
  8.16025257e+00 2.97083020e+00 7.04117775e-01 1.78288841e+00
  1.29211009e+00 6.69294357e+00 4.74293566e+00 2.97700572e+00
  1.44580901e+00 3.09553242e+00 8.66586745e-01 8.95934296e+00
  1.01281798e+00 7.88810349e+00 7.80811071e-01 3.43666244e+00
  2.37614012e+00 4.31081581e+00 5.05504179e+00 6.01533461e+00
  5.73605156e+00 1.27519429e+00 7.35339105e-01 4.09942055e+00
  1.55235910e+00 2.61507940e+00 4.66862726e+00 1.09906507e+00
  5.12503624e+00 8.98943138e+00 1.46633303e+00 1.12473786e+00
  1.19477355e+00 5.76588392e+00 1.15334249e+00 1.52736449e+00
  3.66861391e+00 2.56552398e-01 5.88130951e-01 3.61444926e+00
  8.89549255e-01 1.60810483e+00 5.28433180e+00 4.50867510e+00
  8.50104904e+00 1.38289857e+00 6.57460928e+00 1.66422391e+00
  4.58509159e+00 5.80820274e+00 5.63925838e+00 9.21363258e+00
  9.41075861e-01 3.56441760e+00 5.32616568e+00 1.22960341e+00
  5.86145210e+00 1.23721085e-01 7.44124174e+00 4.43728065e+00
  3.39148164e+00 1.97792375e+00 2.49023461e+00 3.46335745e+00
  6.20301723e-01 6.36390969e-02 1.76397955e+00 4.85206753e-01
  2.58885574e+00 3.40662122e+00 3.14699078e+00 3.87171245e+00
  5.66478014e-01 4.83720684e+00 1.85951447e+00 5.92374742e-01
  3.75683784e+00 1.39481677e-02 5.10855675e-01 7.04050541e+00
  1.17697939e-02 6.14548802e-01 1.04522552e+01 4.30375624e+00
  0.00000000e+00 8.23388290e+00 2.64305639e+00 5.14446557e-01
  8.80673790e+00 1.80022068e+01 2.94242072e+00 8.76371670e+00
  3.29335546e+00 7.34824836e-01 1.56619298e+00 6.73052311e+00
  9.46569085e-01 6.46490955e+00 9.67570961e-01 7.71698141e+00
  1.23951510e-01 8.95895183e-01 5.52295542e+00 6.31578732e+00
  1.90317452e+00 4.60867786e+00 2.83186507e+00 1.21535845e-01
  2.70900846e+00 1.32710385e+00 8.01808167e+00 3.92107511e+00
  1.05045156e+01 1.33743119e+00 5.28659344e-01 7.00833511e+00
  2.39592981e+00 1.57137382e+00 3.74673676e+00 6.26553917e+00
  1.72116965e-01 8.71155262e+00 9.69253922e+00 1.85061121e+00
  4.29200792e+00 6.83742809e+00 7.99378693e-01 6.30907249e+00
  5.15962005e-01 2.54648209e+00 7.43903732e+00 8.07445467e-01
  4.20233011e+00 7.75518656e+00 1.35486519e+00 2.30296135e+00
  1.14485588e+01 9.24444556e-01 3.32919216e+00 9.95272636e+00
  6.44386148e+00 8.62853408e-01 3.80814886e+00 3.04898643e+00
  1.38317212e-01 2.82016063e+00 6.20550060e+00 3.80358672e+00
  1.65497732e+00 1.94029391e+00 4.13052845e+00 9.18481171e-01
  4.37014198e+00 3.21273637e+00 6.49281740e-01 4.39235544e+00
  7.38698769e+00 1.78120792e+00 0.00000000e+00 1.10349321e+00
  1.98905909e+00 4.82315212e-01 9.47387314e+00 1.07386522e+01
  1.15874748e+01 2.00140047e+00 8.87271595e+00 3.20521665e+00
  2.92916870e+00 6.11267900e+00 8.08319330e-01 3.89574885e+00
  7.05761909e-01 1.30221105e+00 1.04420233e+00 3.79349858e-01
  1.74370825e+00 3.70539737e+00 8.13272059e-01 8.53655577e-01
  3.12361777e-01 7.59655905e+00 5.52541304e+00 1.62230670e+00
  9.12982464e-01 2.86377168e+00 5.91168642e+00 1.03156960e+00
  6.12367344e+00 2.88327146e+00 9.03384876e+00 0.00000000e+00
  5.75708091e-01 1.44529128e+00 1.30445540e+00 7.10696757e-01
  1.92278767e+00 1.31827393e+01 1.21847141e+00 1.31765389e+00
  4.77331549e-01 6.54744339e+00 1.94088650e+00 9.63610935e+00
  4.11125326e+00 1.08600032e+00 8.13071918e+00 4.59862232e+00
  1.00869334e+00 9.58827782e+00 5.91878414e+00 2.54860449e+00
  7.10834694e+00 3.67923284e+00 4.17633104e+00 6.90484571e+00
  4.62158728e+00 7.42534399e+00 6.23612118e+00 4.65721941e+00
  0.00000000e+00 1.58391833e+00 1.54347086e+00 1.52011099e+01
  5.26411819e+00 6.54220963e+00 4.70881510e+00 7.28508329e+00
  4.99511480e+00 1.30751753e+00 9.83346045e-01 3.05890417e+00
  3.03675532e+00 7.42268085e+00 2.65908408e+00 3.28789663e+00
  4.87047672e+00 5.41653335e-02 0.00000000e+00 1.37953091e+01
  5.93197250e+00 5.08399010e+00 1.92328777e+01 1.27640991e+01
  4.49163169e-01 0.00000000e+00 4.46786785e+00 7.50364828e+00
  5.82706928e+00 1.27390885e+00 3.12725449e+00 7.90951061e+00
  5.09447002e+00 1.61665964e+00 2.97628140e+00 7.35526800e+00
  1.57125807e+00 4.03089666e+00 2.02709770e+00 7.57128894e-01
  4.69190311e+00 9.54580021e+00 2.12605691e+00 4.17095274e-01
  4.79305172e+00 9.47827244e+00 9.96957481e-01 4.22073781e-01
  2.10303569e+00 1.24745822e+00 7.35831356e+00 6.65670574e-01
  1.29926190e-01 4.29184008e+00 3.23059559e+00 3.44577360e+00
  4.90839911e+00 6.37496996e+00 1.49010885e+00 6.33589864e-01
  2.78274107e+00 6.24068403e+00 2.91357636e-01 2.88552785e+00
  3.79277420e+00 2.10659909e+00 1.12735119e+01 9.21830952e-01
  1.91329718e+00 3.76031923e+00 0.00000000e+00 8.38201046e-01
  5.03616238e+00 9.78360748e+00 6.78746879e-01 4.93442726e+00
  3.13267857e-01 1.51197920e+01 9.36284637e+00 8.56795597e+00
  3.72894764e+00 2.58199453e-01 4.91618127e-01 1.50966949e+01
  3.10757470e+00 1.81670177e+00 1.78019679e+00 3.76263499e+00
  6.65544605e+00 3.97416997e+00 1.24431157e+00 7.82827079e-01
  1.24166632e+00 2.10445428e+00 2.10656643e+00 4.25399065e-01
  2.40265325e-01 6.75207853e+00 7.65957654e-01 2.79923987e+00
  1.16032338e+00 0.00000000e+00 9.26317692e+00 3.64592099e+00
  2.83615756e+00 4.19151926e+00 4.64918900e+00 1.02066743e+00
  1.46486151e+00 1.70019894e+01 4.21947861e+00 1.34878707e+00
  1.40948248e+01 7.70204830e+00 7.24921656e+00 8.23268127e+00
  1.01720352e+01 5.37104702e+00 1.58013020e+01 3.16531038e+00
  1.22373247e+01 9.83113384e+00 7.35004807e+00 2.07231283e+00
  3.59167790e+00 6.52501631e+00 2.05531025e+00 0.00000000e+00
  4.51461434e-01 6.29814291e+00 1.69559879e+01 5.29402256e+00
  9.56123769e-01 3.96282387e+00 5.60317373e+00 1.03864515e+00
  7.52729750e+00 4.75519943e+00 2.12729573e+00 4.61950302e-01
  4.23866183e-01 2.80870843e+00 1.03829634e+00 9.06870270e+00
  2.24301839e+00 4.82298851e+00 5.02086043e-01 6.50670576e+00
  1.46930552e+00 1.13658357e+00 2.08311224e+00 2.52927756e+00
  1.74795151e-01 5.66198683e+00 5.71850967e+00 8.11600983e-01
  5.78579283e+00 1.79598653e+00 2.07375526e+00 0.00000000e+00
  9.11989021e+00 1.03443117e+01 1.64478338e+00 5.32521009e+00
  4.28234816e+00 1.86001682e+00 1.53826418e+01 3.05115438e+00
  1.12615764e+00 1.64223278e+00 1.99853373e+00 1.42287102e+01
  4.95936728e+00 2.77041149e+00 1.42306507e+00 2.66643786e+00
  6.32156944e+00 2.37532330e+00 8.13039207e+00 2.43256545e+00
  1.43697679e+00 1.02878761e+00 2.64767361e+00 9.18414593e-01
  5.25819182e-01 6.53694248e+00 1.13121271e+01 2.45054513e-01
  5.53809643e+00 6.94159746e-01 6.93992472e+00 1.06812754e+01
  8.84487247e+00 5.87622833e+00 3.65525222e+00 1.70697117e+00
  1.00839472e+00 4.74010754e+00 2.76133919e+00 1.50137436e+00
  5.66776514e+00 1.29625762e+00 1.48483491e+00 1.27707338e+00
  0.00000000e+00 4.79488754e+00 1.90338776e-01 6.52407789e+00
  4.95519257e+00 1.56437373e+00 2.29583669e+00 5.01917171e+00
  2.17465758e+00 7.68766832e+00 1.77791939e+01 6.83843374e+00
  4.56875372e+00 1.79583549e-01 9.80497837e+00 1.10604200e+01
  5.75333059e-01 5.97760201e-01 4.62408161e+00 1.43042192e+01
  3.21994007e-01 9.66691315e-01 1.10933075e+01 1.06548989e+00
  6.35881722e-01 1.79162180e+00 3.90750360e+00 1.21350861e+01
  2.46083528e-01 1.69341016e+00 5.35108566e+00 4.98581934e+00
  2.71613050e+00 1.15121984e+01 4.44039774e+00 1.17563987e+00
  2.50283122e+00 9.76128161e-01 4.40456152e-01 4.04943419e+00
  3.84476519e+00 2.00554341e-01 1.03871527e+01 3.40782952e+00
  3.79184365e+00 1.35012960e+00 7.75133705e+00 1.87339437e+00]]