[[1.46668866e-01 1.21406162e+00 5.69093466e+00 1.74279726e+00
  0.00000000e+00 4.94698954e+00 5.44592428e+00 1.44409494e+01
  1.60871077e+00 1.27268338e+00 7.14282393e-01 3.48928261e+00
  4.58436680e+00 4.00232410e+00 0.00000000e+00 4.83868885e+00
  1.15927064e+00 5.05458355e+00 1.81388438e+00 4.61258698e+00
  2.15235615e+00 5.90082979e+00 2.81390190e+00 0.00000000e+00
  6.05725336e+00 6.16782475e+00 4.55372953e+00 9.43809986e+00
  3.24910641e-01 9.09360695e+00 1.10149086e+00 1.25265384e+00
  9.69874799e-01 3.92199779e+00 2.30937049e-01 1.61666945e-02
  0.00000000e+00 0.00000000e+00 8.14028740e-01 7.89542580e+00
  1.41382208e+01 1.60843194e+00 5.21058738e-01 5.66927767e+00
  2.61041570e+00 5.20028353e-01 2.16401482e+00 5.92173815e-01
  5.02888155e+00 3.29813361e+00 1.01181901e+00 5.15884447e+00
  6.04395196e-02 1.44309175e+00 3.35274482e+00 1.18442678e+00
  4.51628971e+00 5.52498960e+00 2.90139341e+00 1.33636221e-01
  4.90680933e+00 1.39399111e+00 3.10265017e+00 1.14153099e+00
  1.01714686e-01 3.14636326e+00 2.88470054e+00 4.95557070e+00
  4.80013800e+00 4.28117085e+00 4.26933336e+00 4.13565826e+00
  3.92264724e-01 1.67533052e+00 3.99943757e+00 8.10743392e-01
  6.64128542e-01 1.56190681e+00 2.71955729e-01 9.88918722e-01
  3.63078684e-01 3.92694879e+00 2.73432732e+00 2.03227401e+00
  7.24984789e+00 6.16378832e+00 1.89732563e+00 1.76438808e+00
  3.25181746e+00 0.00000000e+00 6.10764027e+00 7.71663249e-01
  5.41237891e-01 1.69329083e+00 2.19491267e+00 1.19258022e+00
  3.84823275e+00 3.14245796e+00 7.03303814e+00 6.37997866e+00
  2.57077247e-01 3.08425689e+00 5.17491627e+00 8.64620781e+00
  1.29512876e-01 6.77088678e-01 4.64562750e+00 1.43403983e+00
  2.43104434e+00 3.38700843e+00 1.90247345e+00 2.91188025e+00
  1.05817521e+00 7.37401533e+00 7.76377916e-01 6.48467317e-02
  4.52035332e+00 2.17980194e+00 7.14522302e-01 3.94030547e+00
  1.15378261e+00 2.01098275e+00 3.98616374e-01 5.81060314e+00
  7.50395417e-01 4.56318760e+00 1.08409154e+00 1.29170036e+00
  4.82620144e+00 9.52383399e-01 4.98227644e+00 0.00000000e+00
  4.41576988e-01 1.45886624e+00 5.24472117e-01 3.99485993e+00
  2.44134927e+00 1.00307465e-02 3.65986323e+00 2.03057981e+00
  3.80016685e+00 7.23964274e-01 4.25350952e+00 3.35194993e+00
  4.74218512e+00 3.79509401e+00 2.57893771e-01 1.31179166e+00
  0.00000000e+00 1.97300422e+00 5.61441708e+00 9.76771474e-01
  3.12420774e+00 1.58279121e+00 2.86478257e+00 4.89415407e+00
  9.87441719e-01 1.01087103e+01 7.51751852e+00 8.11170161e-01
  9.89738941e-01 6.82414818e+00 2.70241380e+00 0.00000000e+00
  7.70150614e+00 4.18511200e+00 0.00000000e+00 1.18225074e+00
  8.01996231e+00 2.63217592e+00 0.00000000e+00 9.57861996e+00
  5.49399495e-01 3.02617168e+00 1.34627295e+00 6.33227396e+00
  3.89489919e-01 1.51029003e+00 9.78206253e+00 1.01190147e+01
  4.87717915e+00 7.69472182e-01 4.46934700e+00 5.13570249e-01
  4.29400396e+00 6.31686687e-01 0.00000000e+00 1.83206332e+00
  5.57423639e+00 1.26274967e+00 4.11202049e+00 9.05920208e-01
  3.29244089e+00 6.67806625e+00 0.00000000e+00 3.45986629e+00
  1.78455040e-01 8.55253315e+00 9.17434871e-01 0.00000000e+00
  3.56295371e+00 1.80991447e+00 0.00000000e+00 0.00000000e+00
  1.15808773e+00 5.82735501e-02 6.16127110e+00 3.32648849e+00
  3.84678036e-01 7.00300837e+00 3.19635034e+00 7.26859379e+00
  2.82952905e+00 9.27363813e-01 3.38313460e-01 9.89060998e-01
  4.22901249e+00 5.24620533e-01 1.32590377e+00 2.38718176e+00
  4.53483057e+00 5.64458609e+00 0.00000000e+00 0.00000000e+00
  4.37908202e-01 6.84292936e+00 7.45744371e+00 4.91585541e+00
  0.00000000e+00 3.06229234e+00 6.98476613e-01 2.89680290e+00
  2.69821018e-01 4.88459826e+00 1.61712933e+00 1.62875760e+00
  1.76240012e-01 2.43914413e+00 0.00000000e+00 1.69943523e+00
  1.49566483e+00 5.52545929e+00 1.22704469e-01 8.17222309e+00
  3.69812179e+00 2.51094937e+00 3.85180950e+00 5.69332886e+00
  4.33301878e+00 3.24989700e+00 8.28032494e-01 8.06908989e+00
  7.67728806e+00 4.97119951e+00 3.95134783e+00 3.96193355e-01
  1.42368150e+00 3.27397883e-01 2.77858710e+00 9.54049778e+00
  1.56256545e+00 0.00000000e+00 9.94271040e-02 9.42482281e+00
  3.29495835e+00 1.28474724e+00 4.74572468e+00 1.31225371e+00
  1.71440899e+00 1.11045671e+00 8.25287151e+00 3.19555581e-01
  1.37124121e+00 3.03900766e+00 2.16607547e+00 2.93127567e-01
  1.12376022e+01 3.23867726e+00 4.42722827e-01 3.37938333e+00
  7.72884560e+00 1.48824108e+00 2.02188230e+00 2.56429863e+00
  3.89259815e+00 0.00000000e+00 1.79230201e+00 6.75076127e-01
  1.09971799e-01 5.18710041e+00 4.15186733e-01 1.25104323e-01
  8.47194290e+00 2.60652637e+00 2.60727715e+00 1.57571089e+00
  4.21278238e+00 5.58500290e+00 0.00000000e+00 6.79795220e-02
  1.29783773e+00 1.77066755e+00 4.28862858e+00 6.97756931e-02
  7.00159645e+00 0.00000000e+00 7.84338653e-01 4.52761316e+00
  1.64541185e-01 0.00000000e+00 4.65275764e+00 2.03669295e-01
  2.44424641e-01 2.48392773e+00 6.83431149e-01 1.88696730e+00
  2.66031265e+00 3.15935540e+00 0.00000000e+00 3.30886197e+00
  3.06685519e+00 2.95573950e+00 1.07122457e+00 2.22603157e-01
  3.43856239e+00 5.24892569e+00 2.92329192e+00 0.00000000e+00
  2.44237757e+00 8.00326690e-02 1.64700925e+00 7.30447197e+00
  2.87581301e+00 5.07170486e+00 6.80880165e+00 1.11176491e+00
  4.38873529e+00 9.98704970e-01 7.24840462e-02 2.71840000e+00
  1.60760701e+00 4.29197580e-01 7.44125414e+00 9.30365849e+00
  3.54368496e+00 3.56805533e-01 1.95940018e-01 3.25481582e+00
  5.96839428e-01 5.17114878e-01 9.45246041e-01 3.44818497e+00
  1.67268932e+00 0.00000000e+00 1.63592072e+01 2.70379448e+00
  5.88349009e+00 5.35282993e+00 2.78544784e+00 1.22632790e+00
  5.40304995e+00 4.76771593e-01 1.44922361e+01 2.73861051e+00
  9.46184635e+00 2.23969555e+00 1.05192220e+00 6.71601117e-01
  0.00000000e+00 0.00000000e+00 6.04204834e-02 1.82409823e+00
  9.58201790e+00 1.79585791e+00 6.95602560e+00 2.39671469e+00
  7.53084135e+00 9.54746783e-01 8.19491482e+00 2.55347896e+00
  1.70544231e+00 1.38818371e+00 1.79271197e+00 1.08190298e+00
  5.62881517e+00 0.00000000e+00 5.26925278e+00 2.96994984e-01
  6.76917613e-01 1.58445950e+01 4.60694647e+00 3.23092008e+00
  7.89035702e+00 1.54429531e+00 2.52228174e-02 8.69850540e+00
  8.01170170e-01 4.89296722e+00 2.87430334e+00 1.71019197e+00
  9.05393660e-01 3.92326188e+00 6.01779747e+00 5.60186768e+00
  1.05531776e+00 7.80271769e+00 0.00000000e+00 2.41150093e+00
  7.01837361e-01 2.99005437e+00 1.39017391e+00 0.00000000e+00
  2.99525052e-01 0.00000000e+00 2.52998066e+00 1.86437595e+00
  4.20504808e+00 7.36436009e-01 3.33944702e+00 4.44883060e+00
  1.66832542e+00 3.35440576e-01 1.53678703e+00 4.62782955e+00
  1.73792863e+00 5.93480110e-01 1.29334354e+00 1.29412198e+00
  1.91958165e+00 9.43673402e-02 8.68796706e-01 8.49469662e+00
  1.77491009e+00 2.71937847e+00 2.52077413e+00 7.69795775e-01
  2.06491423e+00 4.00140524e-01 2.14549899e+00 5.23722553e+00
  7.97652245e-01 3.91887039e-01 1.80401611e+00 1.94799042e+01
  1.30780265e-01 5.00369847e-01 3.40239573e+00 4.20194358e-01
  8.15844476e-01 2.41218761e-01 1.44623923e+00 5.90432787e+00
  8.78243923e+00 6.99149799e+00 1.96025932e+00 2.19415456e-01
  3.90032387e+00 7.34090424e+00 2.84505129e+00 4.63161802e+00
  4.28000259e+00 5.66425920e-01 1.33393514e+00 1.63304776e-01
  1.23158514e+00 1.78568435e+00 2.99632192e+00 3.31876326e+00
  2.30784941e+00 4.31546777e-01 8.26181293e-01 1.44255161e+00
  1.30820787e+00 1.07185555e+01 6.19678020e-01 4.99683231e-01
  4.75110531e-01 4.02460241e+00 4.96689141e-01 1.22260630e+00
  6.60724491e-02 1.05800891e+00 6.17809916e+00 0.00000000e+00
  0.00000000e+00 1.15618448e+01 1.87307584e+00 1.36002243e+00
  1.98790145e+00 2.81542093e-01 6.71900797e+00 2.36321235e+00
  2.13608170e+00 2.66930223e-01 4.15149689e+00 8.84631932e-01
  1.23228483e+01 7.96442866e-01 3.22540355e+00 3.08659554e+00
  1.24226117e+00 8.40981483e-01 2.80520320e+00 9.77491951e+00
  9.51534367e+00 0.00000000e+00 5.93398285e+00 6.09976649e-01
  1.76513100e+00 1.01498318e+00 1.23337030e+00 9.20603216e-01]]