[[1.32566679e+00 7.53354216e+00 5.99147737e-01 6.70988262e-01
  7.95816600e-01 8.44851971e+00 3.43956828e+00 3.68455672e+00
  3.81857872e+00 1.12618601e+00 2.24563479e+00 1.20795465e+00
  6.91740096e-01 2.73604465e+00 4.10186529e+00 1.99960995e+00
  1.58776236e+00 1.45197019e-01 3.15412357e-02 4.11438608e+00
  2.62960577e+00 3.29035783e+00 3.01261067e+00 4.34104651e-01
  1.99304998e+00 6.12363243e+00 2.53754593e-02 2.11456132e+00
  3.95080733e+00 3.78197646e+00 1.93678290e-01 3.02600890e-01
  6.77563399e-02 3.94437838e+00 1.95992899e+00 2.26615459e-01
  2.11627388e+00 1.62839830e+00 3.38688898e+00 2.00682211e+00
  8.37433147e+00 2.55658054e+00 0.00000000e+00 9.07525730e+00
  3.39290589e-01 1.58660543e+00 7.92153239e-01 4.45115662e+00
  2.56116319e+00 2.25066423e+00 2.04069376e+00 1.46598503e-01
  1.12599254e+00 0.00000000e+00 9.60776985e-01 2.30208993e+00
  9.23277378e-01 1.91607988e+00 3.13922405e+00 2.88744364e-03
  1.78235626e+00 4.38616657e+00 4.48145676e+00 4.87318087e+00
  1.17504168e+00 3.75520110e+00 2.63422251e+00 5.25222921e+00
  3.74363470e+00 7.68828964e+00 1.06161308e+01 7.65525436e+00
  1.71107471e+00 3.24598765e+00 1.16059275e+01 2.79178882e+00
  0.00000000e+00 4.82378006e+00 1.10535741e-01 4.60249335e-01
  3.89226913e+00 3.72838402e+00 3.45342827e+00 1.48085549e-01
  9.04601288e+00 1.13624067e+01 1.26519883e+00 2.65535045e+00
  0.00000000e+00 0.00000000e+00 7.27068233e+00 1.40713263e+00
  0.00000000e+00 2.23816109e+00 5.14239216e+00 7.50773326e-02
  3.82176137e+00 2.65139246e+00 7.17961407e+00 4.18634844e+00
  3.63775551e-01 8.65388960e-02 1.23660016e+00 1.06661582e+00
  1.22827120e-01 2.61622739e+00 3.93266678e-01 1.54548083e-02
  5.73348141e+00 1.24890900e+00 8.02242756e+00 5.62082510e-03
  3.82114291e+00 0.00000000e+00 3.27574485e-03 2.08627149e-01
  2.65421271e+00 3.24345589e+00 3.09694648e+00 3.00029182e+00
  4.46779490e-01 2.81051219e-01 6.68298066e-01 1.31729832e+01
  2.31861472e-01 2.31505662e-01 8.74618590e-01 2.25824937e-01
  6.66673756e+00 6.31629038e+00 2.94601035e+00 0.00000000e+00
  1.43918264e+00 4.14082110e-01 9.23396111e-01 2.25344133e+00
  3.05098557e+00 1.19355357e+00 1.57965803e+00 8.24057817e-01
  6.23715281e-01 0.00000000e+00 3.39979792e+00 1.40310707e+01
  3.52279931e-01 3.52503031e-01 2.14887667e+00 3.99519742e-01
  1.13003957e+00 8.62117386e+00 1.03992328e-01 8.29965115e+00
  1.04356301e+00 1.80257463e+00 4.39819288e+00 4.63418770e+00
  1.01802206e+00 4.28827143e+00 4.10997182e-01 5.60209560e+00
  1.27260399e+00 1.43877859e+01 3.15159798e+00 2.60785532e+00
  4.88310218e-01 4.38357258e+00 0.00000000e+00 2.76502180e+00
  3.98273659e+00 3.43220448e+00 1.03913295e+00 4.73907948e+00
  6.04670429e+00 1.98071518e+01 1.52150559e+00 5.68056822e+00
  9.61719036e+00 0.00000000e+00 1.33429899e+01 6.26003361e+00
  8.15798938e-01 1.05936058e-01 2.12037063e+00 5.45227349e-01
  1.16482079e+00 2.56836510e+00 2.32493091e+00 4.05750418e+00
  3.39261484e+00 4.68954420e+00 6.06982565e+00 7.09059179e-01
  0.00000000e+00 1.30624676e+01 5.16865373e-01 1.49126530e+00
  4.27443027e+00 9.22664165e+00 3.11340427e+00 1.13438582e-03
  5.44398117e+00 6.02725387e-01 3.97147083e+00 7.74723232e-01
  4.12965393e+00 3.18135142e+00 7.26903975e-01 3.71927190e+00
  1.57152116e+00 9.74924374e+00 3.03222179e+00 3.64825106e+00
  1.88397503e+00 4.41745567e+00 3.40943694e-01 0.00000000e+00
  4.05599642e+00 6.36855698e+00 1.28754616e+00 1.26278090e+00
  3.02423745e-01 8.82950211e+00 1.23525746e-01 1.35395133e+00
  1.62399209e+00 5.20963192e+00 2.85622215e+00 4.54348373e+00
  1.11971758e-01 2.93710947e+00 2.78771591e+00 2.35602394e-01
  9.36346799e-02 1.16205685e-01 1.61988616e+00 3.92574847e-01
  1.03619576e+00 7.75647974e+00 1.62323248e+00 1.16039979e+00
  9.48108375e-01 4.67514086e+00 1.32242668e+00 3.37724733e+00
  5.71761310e-01 4.64584208e+00 4.97509432e+00 2.50156641e+00
  2.38614678e+00 2.67779922e+00 2.15290236e+00 4.73866320e+00
  3.11281919e-01 5.56518698e+00 2.06447268e+00 2.18614793e+00
  7.68865633e+00 1.33469486e+00 6.14970064e+00 2.51315713e+00
  5.97208083e-01 1.04712534e+00 0.00000000e+00 2.79143667e+00
  5.59079933e+00 0.00000000e+00 1.84031337e-01 2.24928558e-01
  7.67368126e+00 1.11476314e+00 5.85730362e+00 1.37764633e+00
  6.49468005e-02 7.73677111e+00 3.70017791e+00 1.86556232e+00
  4.90494823e+00 2.62936807e+00 0.00000000e+00 4.89039278e+00
  2.60483885e+00 1.53604591e+00 2.00187969e+00 4.29672152e-01
  3.81223989e+00 6.45413026e-02 7.47386932e+00 2.40632868e+00
  3.26782799e+00 3.22250247e+00 3.53035069e+00 4.93165016e+00
  3.62224770e+00 1.99721026e+00 3.63011032e-01 5.25514889e+00
  4.03106445e-03 6.19166613e-01 2.62370765e-01 1.61865234e+00
  8.74251080e+00 3.45001125e+00 8.81339359e+00 0.00000000e+00
  3.28449160e-01 2.53287315e+00 1.68068135e+00 3.19245124e+00
  5.17331600e+00 0.00000000e+00 4.27370596e+00 3.03402638e+00
  3.28372866e-01 5.57071495e+00 1.18985462e+00 5.88326025e+00
  0.00000000e+00 6.91636515e+00 3.89892149e+00 3.48081756e+00
  9.42081392e-01 6.04366398e+00 9.82069075e-01 2.27093124e+00
  1.95768285e+00 6.99418592e+00 3.81908369e+00 3.51811028e+00
  2.09899759e+00 5.24320126e+00 1.28507423e+00 3.35664201e+00
  1.41954076e+00 8.78573322e+00 6.21204185e+00 4.31164932e+00
  1.16182029e+00 5.69106579e+00 3.52153754e+00 2.12729335e+00
  1.73194390e-02 2.83884454e+00 4.08956498e-01 3.14060354e+00
  2.28784060e+00 1.36434412e+00 6.84851170e-01 6.67518616e-01
  2.26624250e+00 2.58685207e+00 3.05709541e-01 6.89087152e-01
  0.00000000e+00 0.00000000e+00 4.66659456e-01 1.60572815e+00
  3.38466668e+00 5.58074093e+00 5.09795010e-01 1.23268223e+00
  5.33979702e+00 5.91722429e-01 6.68826914e+00 1.27583671e+00
  7.57073355e+00 2.44611621e+00 9.41696167e+00 2.40422204e-01
  3.38197803e+00 3.75245070e+00 0.00000000e+00 0.00000000e+00
  8.60140705e+00 2.73730946e+00 5.03430653e+00 1.58250821e+00
  7.74415684e+00 1.66014779e+00 4.12193775e-01 5.09100151e+00
  2.63304114e+00 2.19054556e+00 1.79002583e+00 5.65570116e-01
  4.29589224e+00 2.12036982e-01 3.87384534e+00 7.06466734e-01
  4.84182566e-01 1.09996786e+01 4.24979115e+00 3.47043347e+00
  8.13253498e+00 9.75221932e-01 1.19810224e+00 3.84072876e+00
  7.28802061e+00 4.73141432e+00 1.03379412e+01 6.71431720e-01
  8.20979595e-01 7.37505627e+00 9.36379242e+00 3.22123027e+00
  3.61448383e+00 9.28294182e+00 2.22457194e+00 3.71569484e-01
  1.49601531e+00 1.82049274e+00 2.68443918e+00 1.35971975e+00
  0.00000000e+00 8.58309418e-02 5.82989693e-01 3.96463418e+00
  0.00000000e+00 4.35317087e+00 2.45792076e-01 2.87493587e+00
  9.03599024e-01 2.77709186e-01 9.81993556e-01 7.22420502e+00
  4.40680534e-01 0.00000000e+00 8.13648796e+00 2.67951059e+00
  3.88066673e+00 0.00000000e+00 3.99744296e+00 1.35468447e+00
  1.12613401e+01 2.03156281e+00 0.00000000e+00 6.80422425e-01
  1.08805227e+00 1.75174132e-01 1.31906986e+00 4.79888678e+00
  1.79795229e+00 5.07237768e+00 5.27205944e-01 1.35002518e+01
  9.90580544e-02 0.00000000e+00 4.03307295e+00 3.41552401e+00
  0.00000000e+00 1.24052994e-01 1.50669146e+00 5.90478277e+00
  2.88083673e+00 8.33466649e-01 2.23209715e+00 2.01555058e-01
  1.77174926e+00 4.00348520e+00 2.53495407e+00 5.95769227e-01
  1.41165476e+01 1.13694906e+00 5.29739141e-01 4.59834719e+00
  1.75988519e+00 3.79335332e+00 4.88837540e-01 3.15336943e+00
  1.57316899e+00 1.59030974e+00 4.06088531e-01 6.60291500e-03
  5.76260448e-01 8.35454655e+00 1.96392655e+00 8.87491703e-01
  4.83026385e-01 1.41569704e-01 9.91477489e+00 2.88597971e-01
  2.77339053e+00 4.34055597e-01 3.69527864e+00 2.85730267e+00
  1.29576042e-01 6.37272978e+00 2.52462029e-01 1.51016438e+00
  6.17242098e-01 2.54270434e+00 1.45913684e+00 6.78256559e+00
  1.57751119e+00 7.82646179e-01 5.08498573e+00 2.25131407e-01
  6.21588087e+00 9.93277454e+00 2.40805030e+00 1.70790181e-01
  4.32584572e+00 1.10970068e+00 1.15989156e-01 1.01960258e+01
  4.13502073e+00 0.00000000e+00 1.88116360e+00 1.54844975e+00
  1.93803930e+00 2.95463729e+00 1.57787621e+00 7.39636421e-01]]