[[9.92769063e-01 2.84851283e-01 1.69071555e-01 9.17362213e-01
  0.00000000e+00 7.79448080e+00 2.20916176e+00 6.26277113e+00
  6.07808208e+00 2.50603509e+00 2.23100758e+00 6.90804422e-02
  2.30727267e+00 2.32798171e+00 4.94781256e+00 5.60335445e+00
  3.34975943e-02 4.96982872e-01 6.79177493e-02 4.02461147e+00
  6.43165290e-01 6.63033485e+00 4.15569639e+00 4.03010321e+00
  1.71422386e+00 3.62370872e+00 2.08813787e+00 1.23682833e+00
  1.91856730e+00 1.68357754e+00 5.15972590e-03 0.00000000e+00
  0.00000000e+00 4.85635996e+00 2.45788097e+00 3.21813636e-02
  1.44364667e+00 6.13151252e-01 7.96757841e+00 1.83808756e+00
  4.63550949e+00 6.64588642e+00 6.65275991e-01 6.19773817e+00
  2.98909754e-01 1.08275423e+01 1.43768024e+00 4.71874857e+00
  4.55511427e+00 2.79429138e-01 4.93507004e+00 6.19821966e-01
  3.47290576e-01 3.45001757e-01 2.84179807e+00 4.63471842e+00
  0.00000000e+00 4.50368929e+00 8.57046700e+00 5.19240536e-02
  4.37557173e+00 3.64086986e+00 6.83076954e+00 5.94933653e+00
  1.09491646e+00 5.49179554e-01 3.19632912e+00 9.50608313e-01
  8.66454005e-01 4.94105577e+00 1.05058098e+01 5.31441593e+00
  1.60460424e+00 1.33424644e+01 2.60344267e+00 7.52444029e-01
  8.02127600e-01 2.95905447e+00 6.61439970e-02 1.62711337e-01
  3.89439225e+00 2.19615197e+00 5.79006767e+00 5.39612949e-01
  6.92758083e-01 6.73038912e+00 5.15164495e-01 3.03440425e-03
  0.00000000e+00 6.26758486e-02 3.96975684e+00 5.77956486e+00
  2.65219927e-01 2.43331194e+00 4.37780619e+00 2.27513880e-01
  8.01254869e-01 1.45136762e+00 6.26333761e+00 7.87803590e-01
  2.18569779e+00 3.07765794e+00 6.40627432e+00 3.35390806e+00
  1.92140147e-01 2.00238276e+00 2.47038984e+00 8.23922157e-01
  1.37332034e+00 1.32245570e-01 5.06928861e-01 2.51014858e-01
  1.01895019e-01 9.23486233e-01 0.00000000e+00 1.20068237e-01
  8.04467320e-01 6.32910490e-01 6.44323409e-01 4.27483845e+00
  0.00000000e+00 4.70910072e-02 8.05542409e-01 6.81230688e+00
  0.00000000e+00 8.23515773e-01 1.33734024e+00 8.75037909e-02
  6.13354969e+00 4.22912741e+00 0.00000000e+00 9.67266500e-01
  7.34725761e+00 1.63534805e-01 1.87755704e+00 6.03063405e-01
  4.35608439e-02 7.48993531e-02 6.00445509e+00 1.35669601e+00
  3.17006612e+00 2.69465894e-01 1.85603380e+00 1.44095457e+00
  1.49389744e-01 8.36272240e-01 5.86927128e+00 5.09604990e-01
  0.00000000e+00 1.04406738e+00 0.00000000e+00 2.17014953e-01
  6.56727552e-01 5.91009521e+00 1.22726452e+00 3.18928242e+00
  1.64884269e+00 1.57940114e+00 1.74370134e+00 1.27696800e+00
  4.10530299e-01 4.26198864e+00 1.98382437e-01 6.33441806e-01
  1.96603489e+00 1.78498626e+00 6.26203060e-01 5.40425003e-01
  5.51267672e+00 1.59771979e-01 1.24087334e+00 1.81327939e+00
  1.15051770e+00 3.31266379e+00 1.00875223e+00 1.28102303e+00
  3.16482925e+00 3.88618588e-01 9.16041756e+00 4.56178617e+00
  5.49259090e+00 9.83249396e-02 2.89334583e+00 1.87579662e-01
  1.54963720e+00 1.45734096e+00 8.14037263e-01 3.33832288e+00
  3.37924767e+00 1.82697153e+00 7.46270990e+00 0.00000000e+00
  1.30317974e+00 8.94986534e+00 0.00000000e+00 3.42117405e+00
  3.96016979e+00 4.90118170e+00 4.39608479e+00 1.10947001e+00
  6.75307608e+00 2.39009356e+00 1.39438003e-01 6.71587050e-01
  7.99946451e+00 6.27887726e+00 1.25398648e+00 3.84673262e+00
  6.96251214e-01 2.34733143e+01 2.42711067e-01 7.90300655e+00
  7.41279662e-01 5.27971268e+00 7.62780488e-01 4.66289490e-01
  4.09782505e+00 4.14633036e+00 1.12722206e+00 2.03278065e+00
  5.30945301e+00 2.15266442e+00 0.00000000e+00 5.04008675e+00
  1.66713014e-01 6.51850343e-01 6.69932699e+00 8.88259709e-01
  0.00000000e+00 2.16706467e+00 7.30363667e-01 2.10847068e+00
  7.84255043e-02 2.08952856e+00 4.20618200e+00 2.04162598e-01
  1.54564589e-01 2.45451140e+00 3.25055063e-01 2.04992270e+00
  4.07226175e-01 1.24958158e+00 9.33167785e-02 2.38521838e+00
  2.31686902e+00 1.01860600e+01 7.12188244e+00 7.86127746e-01
  4.05802488e+00 5.80182266e+00 4.58450675e-01 2.66933155e+00
  5.29778576e+00 4.81514692e+00 3.61010575e+00 0.00000000e+00
  1.69270027e+00 5.37914801e+00 6.98635101e+00 4.82541037e+00
  0.00000000e+00 2.43443683e-01 4.20307875e-01 1.43235099e+00
  9.56114006e+00 0.00000000e+00 1.33917769e-02 1.18127096e+00
  1.87906253e+00 1.26629651e+00 6.93791676e+00 8.73762965e-01
  8.96187425e-01 2.49462914e+00 1.00414836e+00 3.15581656e+00
  1.09222612e+01 6.53270304e-01 6.47621214e-01 9.47521627e-01
  6.17104864e+00 3.67692995e+00 1.06696993e-01 0.00000000e+00
  2.88182640e+00 0.00000000e+00 3.20988846e+00 6.13494253e+00
  9.94774640e-01 4.57177162e+00 0.00000000e+00 8.52498829e-01
  7.54352474e+00 1.51431112e+01 4.54893541e+00 1.53466177e+00
  5.46393037e-01 1.62991226e-01 0.00000000e+00 4.13160205e-01
  1.99660528e+00 2.66880274e+00 5.77470684e+00 0.00000000e+00
  4.92264414e+00 9.59078670e-01 1.66689623e-02 1.54529107e+00
  1.70585322e+00 6.16228402e-01 8.91718960e+00 2.06295490e+00
  4.64260906e-01 2.55113649e+00 1.63030136e+00 2.40752602e+00
  4.65796280e+00 1.61517601e+01 2.59165859e+00 4.26688433e+00
  2.53120512e-01 1.27635775e+01 7.46179461e-01 1.90542042e+00
  1.46097243e+00 1.12232466e+01 7.39568901e+00 9.43012163e-02
  3.53857708e+00 5.50375509e+00 1.11772418e+00 3.32164168e+00
  3.46670151e+00 2.20456982e+00 4.23031569e+00 4.38917112e+00
  1.47311306e+00 3.22789812e+00 0.00000000e+00 3.04325867e+00
  0.00000000e+00 2.21228456e+00 2.32862329e+00 3.43872881e+00
  2.68206286e+00 2.75509357e+00 1.58998108e+00 6.07674360e-01
  1.17398977e+00 7.03003645e-01 3.16131450e-02 4.95476818e+00
  9.66530919e-01 1.16405439e+00 3.58040762e+00 1.76670897e+00
  7.28609115e-02 4.42982769e+00 1.15447068e+00 8.52922738e-01
  9.29881859e+00 0.00000000e+00 5.25368690e+00 3.08459783e+00
  8.03952217e+00 3.35691541e-01 1.22984915e+01 7.63007402e-01
  1.27991825e-01 5.67239821e-01 1.74200058e-01 0.00000000e+00
  7.61528921e+00 1.25722498e-01 3.12372875e+00 3.72664690e+00
  5.10776758e+00 3.99174905e+00 4.17218399e+00 2.56576943e+00
  2.43088579e+00 1.51919857e-01 6.32573318e+00 1.56145442e+00
  3.75714588e+00 1.24182427e+00 3.74524617e+00 4.56721485e-01
  6.35037184e-01 9.19798088e+00 1.47656655e+00 1.55559087e+00
  2.45108027e-02 3.06480885e+00 2.21254468e+00 4.65397406e+00
  7.01596212e+00 2.12816596e+00 6.40771091e-01 1.24984992e+00
  3.25438404e+00 9.67713165e+00 2.53458595e+00 2.97966695e+00
  2.55548072e+00 5.52188730e+00 0.00000000e+00 1.41594553e+00
  1.63201511e-01 0.00000000e+00 3.59681892e+00 1.03328896e+00
  0.00000000e+00 0.00000000e+00 0.00000000e+00 7.82866240e-01
  2.10601711e+00 5.27896702e-01 8.15469682e-01 4.85456848e+00
  5.43897510e-01 1.14043452e-01 6.71781683e+00 4.90915918e+00
  2.50614953e+00 8.87347162e-02 3.05471992e+00 5.67542553e+00
  3.01835203e+00 1.28535509e-01 3.94873428e+00 2.64738941e+00
  1.24149132e+01 8.50400066e+00 5.46133935e-01 1.12404585e+00
  5.24681946e-03 1.75270605e+00 1.16428003e-01 1.86803591e+00
  6.58729076e-01 5.40722311e-01 9.97749388e-01 3.24027848e+00
  1.06087697e+00 0.00000000e+00 1.47671926e+00 1.68560958e+00
  0.00000000e+00 2.51503550e-02 1.30238533e-01 3.35087681e+00
  2.24801898e+00 3.44871593e+00 4.05239201e+00 0.00000000e+00
  7.13781786e+00 3.84665012e+00 8.51690960e+00 8.64046669e+00
  7.73691797e+00 4.70093668e-01 9.77078199e-01 6.47144854e-01
  0.00000000e+00 1.53622186e+00 3.57612997e-01 5.76080990e+00
  2.20151544e+00 4.76342380e-01 5.30727577e+00 1.98998737e+00
  1.75779414e+00 4.64992714e+00 0.00000000e+00 1.11691082e+00
  1.91651940e-01 2.37834549e+00 8.89794445e+00 9.20818627e-01
  1.84664279e-01 2.75454491e-01 1.37970591e+00 0.00000000e+00
  0.00000000e+00 3.30653429e-01 0.00000000e+00 1.72618413e+00
  2.96335220e+00 1.74984291e-01 3.55364799e+00 6.55610323e-01
  2.26030707e+00 9.57627118e-01 5.37991524e+00 7.68617153e-01
  6.89446783e+00 5.01837063e+00 2.04117966e+00 3.61351848e+00
  4.76018429e+00 3.79208064e+00 1.77843356e+00 7.29087973e+00
  7.95496798e+00 3.92262131e-01 5.26244259e+00 1.69729090e+00
  1.16366923e+00 7.51821101e-01 1.80336714e+00 6.67055225e+00]]