[[9.74296391e-01 0.00000000e+00 1.74463415e+00 1.65723467e+00
  1.84471977e+00 4.93315411e+00 5.19701195e+00 2.97178435e+00
  5.77171230e+00 3.44497871e+00 6.99358463e-01 9.41254973e-01
  2.28085351e+00 8.21923447e+00 4.93236446e+00 7.97230721e-01
  1.31618106e+00 4.22176212e-01 8.77272069e-01 1.59397388e+00
  4.64458084e+00 1.14657640e+01 2.49392056e+00 2.40699744e+00
  1.21174431e+00 3.81247258e+00 1.34438813e-01 3.92276376e-01
  3.19529319e+00 0.00000000e+00 3.11453700e-01 1.49874315e-01
  1.86964464e+00 2.32725763e+00 1.56806266e+00 4.28892404e-01
  1.59570619e-01 5.70765138e-01 2.28083277e+00 0.00000000e+00
  3.40120578e+00 1.94113779e+00 6.79727435e-01 4.46025229e+00
  1.14333606e+00 4.38607311e+00 5.63351774e+00 4.28604603e+00
  7.48982668e-01 1.86796689e+00 7.30521142e-01 1.95241377e-01
  2.89696276e-01 4.93949279e-02 4.82405472e+00 4.20499420e+00
  4.32800484e+00 7.58506823e+00 5.67144394e+00 4.74303067e-01
  1.31008661e+00 2.98040056e+00 2.75058556e+00 5.87646914e+00
  3.73990119e-01 6.04500198e+00 2.36282992e+00 8.33392084e-01
  1.13821292e+00 4.11696911e+00 1.86591530e+00 5.42682648e+00
  1.33979118e+00 1.07854738e+01 7.47682905e+00 5.02324700e-01
  4.26128387e-01 1.00250506e+00 3.71685505e-01 1.91486609e+00
  3.60916328e+00 9.51081753e+00 3.81773663e+00 2.23730162e-01
  6.62792146e-01 7.48634624e+00 1.36634171e-01 1.46125495e-01
  1.80817938e+00 2.00930461e-01 5.03778076e+00 6.49015284e+00
  0.00000000e+00 8.69260120e+00 7.06877804e+00 9.48587507e-02
  2.44158641e-01 1.51667416e+00 4.75358772e+00 9.57752037e+00
  1.68198273e-01 2.98269963e+00 1.08613479e+00 1.91552496e+00
  0.00000000e+00 2.69148159e+00 5.83482742e+00 0.00000000e+00
  6.34680986e-01 1.88851309e+00 5.02381229e+00 3.93405706e-01
  0.00000000e+00 5.55347418e-03 1.62937355e+00 0.00000000e+00
  2.18614626e+00 2.55047649e-01 6.37563515e+00 2.40323615e+00
  3.73076916e-01 1.17197104e-01 6.25033855e-01 4.79836559e+00
  0.00000000e+00 2.52714038e+00 1.04616153e+00 5.72519600e-01
  6.87505245e+00 1.82599335e+01 0.00000000e+00 6.73490703e-01
  7.33343649e+00 3.48731101e-01 1.16999829e+00 1.59410465e+00
  6.87106311e-01 2.36855125e+00 1.28035140e+00 7.60042071e-02
  2.84901810e+00 0.00000000e+00 4.98659641e-01 8.40693092e+00
  5.06371403e+00 8.95999670e-01 1.11909199e+00 7.03914404e-01
  0.00000000e+00 2.09473443e+00 0.00000000e+00 2.40865469e+00
  1.71070611e+00 8.54334533e-02 9.88976479e-01 2.40655255e+00
  7.74188697e-01 3.87548184e+00 0.00000000e+00 3.80815768e+00
  9.57574010e-01 5.63970375e+00 1.51772630e+00 5.16790509e-01
  2.56530142e+00 1.39414024e+00 0.00000000e+00 2.11260986e+00
  5.33219671e+00 2.79347092e-01 2.10715365e+00 1.73844874e+00
  6.34523678e+00 0.00000000e+00 1.69602847e+00 1.30584931e+00
  6.98680043e-01 2.18371391e+00 2.89096451e+00 2.36020923e+00
  3.78104138e+00 1.05475879e+00 6.85374737e+00 7.91201353e-01
  5.32305598e-01 1.30143070e+00 3.50200915e+00 1.36627924e+00
  9.27915215e-01 7.65635490e-01 9.67462540e+00 4.72822309e-01
  1.07518293e-01 9.68686390e+00 0.00000000e+00 7.64076319e-03
  5.27565861e+00 9.06419456e-01 6.66590643e+00 3.34508371e+00
  7.03686714e+00 1.54925275e+00 2.93500900e-01 3.11292934e+00
  8.08190727e+00 4.76691961e+00 0.00000000e+00 1.37746799e+00
  1.18646719e-01 5.41129303e+00 1.42588615e+00 2.04455829e+00
  3.85407299e-01 5.69375277e+00 0.00000000e+00 7.82051086e-01
  0.00000000e+00 6.21385098e+00 1.00522935e+00 4.09733534e+00
  2.62676287e+00 1.19672785e+01 2.39364550e-01 4.02557850e+00
  2.89324617e+00 4.78257239e-01 4.43804443e-01 1.03307807e+00
  1.94100171e-01 1.89501584e+00 2.09771609e+00 2.23867431e-01
  3.69620705e+00 3.80913556e-01 2.62166262e+00 6.18672729e-01
  2.12304759e+00 7.75876904e+00 0.00000000e+00 2.16744423e+00
  6.78209960e-01 0.00000000e+00 1.17203081e+00 1.64304340e+00
  6.78990901e-01 3.76409316e+00 3.07344985e+00 3.15940440e-01
  8.17613959e-01 1.19684243e+00 1.10864508e+00 2.27711916e+00
  5.08226252e+00 9.13366795e-01 1.09837313e+01 0.00000000e+00
  5.47980165e+00 7.07711983e+00 1.95898795e+00 5.64884281e+00
  0.00000000e+00 0.00000000e+00 0.00000000e+00 2.53573895e-01
  4.35686684e+00 5.52262247e-01 3.06818001e-02 1.73380601e+00
  5.66332340e+00 5.52435398e-01 3.96472359e+00 1.01541352e+00
  0.00000000e+00 1.86792898e+00 5.75711823e+00 1.70630491e+00
  3.67112088e+00 6.13503456e-01 6.91530183e-02 0.00000000e+00
  1.31638308e+01 5.58817101e+00 6.14337158e+00 4.99178357e-02
  4.89750481e+00 0.00000000e+00 3.81460786e+00 2.48749018e+00
  8.66231024e-01 0.00000000e+00 9.84478533e-01 6.33440495e+00
  4.92555475e+00 2.27086639e+00 1.97203374e+00 3.85576367e-01
  0.00000000e+00 5.01950324e-01 1.59856129e+00 0.00000000e+00
  3.54003572e+00 3.73402178e-01 4.68079507e-01 2.61877924e-01
  7.56393731e-01 5.78063130e-01 4.52974892e+00 2.64279190e-02
  1.41975522e+00 7.05912828e-01 4.66267014e+00 8.49814355e-01
  2.12310290e+00 2.29076552e+00 2.47211623e+00 9.01222527e-01
  3.64570618e-01 4.54727077e+00 1.19135463e+00 7.61096573e+00
  1.73794687e-01 2.77157593e+00 1.34698772e+00 1.35663640e+00
  2.94676995e+00 9.77021503e+00 8.97228718e+00 1.80305111e+00
  4.88763809e+00 1.61485231e+00 1.13859475e+00 6.90306139e+00
  9.64796007e-01 1.34764269e-01 1.82450986e+00 7.51661634e+00
  0.00000000e+00 5.81118584e-01 7.98077202e+00 1.57111716e+00
  1.25401568e+00 6.60247862e-01 0.00000000e+00 1.76499426e+00
  2.46863067e-01 4.41741562e+00 1.55088651e+00 6.51697755e-01
  2.57611305e-01 5.19684219e+00 8.49207640e-02 9.31405449e+00
  5.87006760e+00 2.16520596e+00 2.34840326e-02 5.16729355e-01
  0.00000000e+00 1.03900852e+01 5.87302446e+00 1.13424778e+00
  2.18355179e+00 0.00000000e+00 3.58422250e-02 2.82114601e+00
  1.23122478e+00 2.56572962e+00 9.15809059e+00 1.09664404e+00
  1.20922661e+00 3.45974803e+00 0.00000000e+00 0.00000000e+00
  8.65770531e+00 9.51550245e-01 3.21540743e-01 2.97656327e-01
  8.98089647e-01 1.28159523e+00 4.61219501e+00 5.23402548e+00
  1.02277231e+01 1.40842378e+00 2.60353327e+00 1.58391193e-01
  8.34209538e+00 0.00000000e+00 3.10791421e+00 1.04388142e+00
  0.00000000e+00 1.80978990e+00 4.05662179e-01 1.64868784e+00
  9.43944836e+00 9.69562590e-01 4.75083780e+00 1.68135393e+00
  6.15847015e+00 3.05859137e+00 4.33972740e+00 2.19670400e-01
  9.54269648e-01 1.54370565e+01 0.00000000e+00 4.30040121e+00
  7.09952116e+00 2.32605553e+00 2.10124445e+00 4.38237101e-01
  0.00000000e+00 5.72977686e+00 5.75990963e+00 2.90287256e+00
  0.00000000e+00 1.70149207e-01 1.63701725e+00 2.45504379e+00
  2.21421027e+00 7.68579423e-01 0.00000000e+00 3.33132434e+00
  2.43886852e+00 2.30671078e-01 4.92712647e-01 8.82604241e-01
  1.00654280e+00 0.00000000e+00 7.57950842e-01 5.85244370e+00
  7.14326739e-01 6.23891711e-01 8.13725281e+00 4.48348618e+00
  6.42567396e+00 3.52151990e-01 6.52603328e-01 2.18815994e+00
  0.00000000e+00 0.00000000e+00 0.00000000e+00 2.43196893e+00
  1.53415537e+00 7.36082971e-01 0.00000000e+00 1.06245480e+01
  3.53870541e-01 6.55734718e-01 3.30208564e+00 1.40407658e+00
  1.11948915e-01 4.68341112e-01 0.00000000e+00 5.78505898e+00
  7.16119003e+00 3.03892136e+00 5.87582409e-01 1.46142697e+00
  4.49037027e+00 1.23377883e+00 1.02040827e+00 6.01030207e+00
  6.10140371e+00 2.63817847e-01 2.11373186e+00 2.15392017e+00
  6.33733630e-01 2.40297467e-01 2.49739349e-01 3.93554997e+00
  3.82600880e+00 1.78115487e+00 1.69090557e+00 2.82418180e+00
  5.94123714e-02 1.74431491e+00 1.76369417e+00 9.09051836e-01
  8.02190661e-01 1.35300708e+00 7.56682873e+00 5.91061652e-01
  0.00000000e+00 0.00000000e+00 1.40219837e-01 4.79278564e-01
  2.37217192e-02 0.00000000e+00 2.68668175e+00 0.00000000e+00
  2.68137693e+00 2.90981936e+00 1.78924465e+00 4.58489513e+00
  7.40049243e-01 6.59446776e-01 6.88773823e+00 6.09904230e-01
  9.11655807e+00 5.33977890e+00 5.50075865e+00 3.05633336e-01
  5.54357910e+00 4.65855265e+00 1.29952693e+00 2.62539840e+00
  5.55381060e+00 4.40109921e+00 2.20836341e-01 3.75443995e-01
  5.37734032e+00 2.26499248e+00 2.02389598e+00 4.83036661e+00]]