[[9.62431014e-01 8.56235266e-01 9.29968134e-02 6.61943495e-01
  0.00000000e+00 7.97706902e-01 4.14851999e+00 7.66358018e-01
  6.64008045e+00 1.36176658e+00 1.16100430e+00 4.43085814e+00
  2.18439054e+00 0.00000000e+00 1.28147912e+00 2.56027937e+00
  0.00000000e+00 1.30401421e+00 0.00000000e+00 3.26092362e+00
  6.00597203e-01 5.81247520e+00 2.61205649e+00 6.12849379e+00
  6.62135243e-01 7.38465929e+00 3.45015335e+00 2.16329932e+00
  1.69214594e+00 1.90633762e+00 1.13538349e+00 0.00000000e+00
  6.59926593e-01 6.02326059e+00 2.91224480e+00 6.08740926e-01
  4.11964273e+00 1.44445443e+00 6.71965313e+00 2.54956055e+00
  4.12292480e-02 4.34159803e+00 1.73454940e+00 5.48131990e+00
  6.02957368e-01 4.33703470e+00 5.81485796e+00 3.36201692e+00
  2.83275747e+00 1.60566556e+00 2.51919365e+00 4.16004270e-01
  0.00000000e+00 4.98384333e+00 2.64129448e+00 2.64496446e+00
  4.87407684e-01 4.08792830e+00 1.26164589e+01 2.55681723e-01
  3.47195745e+00 2.97571087e+00 8.93684483e+00 4.66237068e+00
  1.28511930e+00 1.30997610e+00 5.04778481e+00 4.35499609e-01
  1.93669164e+00 4.09498066e-01 3.34136724e+00 9.37584019e+00
  0.00000000e+00 1.34722605e+01 2.68603706e+00 6.93815291e-01
  1.07863627e-01 3.62815857e-01 4.48891729e-01 5.00871611e+00
  6.24131823e+00 2.92581201e+00 3.39051437e+00 0.00000000e+00
  1.15312300e+01 3.45788002e+00 1.33702552e+00 0.00000000e+00
  2.64852071e+00 1.98769361e-01 3.39780164e+00 9.26561165e+00
  7.16752648e-01 9.82029629e+00 5.67448473e+00 3.79939340e-02
  8.55610967e-01 2.92856073e+00 6.83825207e+00 2.86830568e+00
  3.91232109e+00 2.96827173e+00 9.06311798e+00 7.68353939e+00
  9.04693902e-01 6.23019886e+00 1.35286450e+00 1.02956736e+00
  3.05779099e+00 5.18443346e-01 6.86334133e-01 1.14598954e+00
  3.71052891e-01 2.32682228e+00 5.17560840e-02 9.12998140e-01
  2.01297116e+00 3.25696707e-01 4.01460934e+00 3.82541013e+00
  0.00000000e+00 0.00000000e+00 2.67130941e-01 1.23472080e+01
  4.86960083e-01 3.55598068e+00 2.85831187e-02 0.00000000e+00
  2.69098735e+00 6.02718639e+00 3.74377823e+00 4.46005464e-01
  1.30583992e+01 1.37615111e-02 3.39299607e+00 8.84774804e-01
  1.89944133e-01 4.07529175e-01 2.96801472e+00 8.83527279e+00
  1.00088894e+00 2.37043127e-01 3.30625582e+00 2.35010624e+00
  3.83290839e+00 3.04193234e+00 3.62367940e+00 5.03768504e-01
  0.00000000e+00 0.00000000e+00 3.50770175e-01 0.00000000e+00
  8.15203011e-01 3.39180566e-02 5.10690510e-01 2.65606308e+00
  5.54439664e-01 4.04227018e+00 5.62318973e-02 9.67209637e-01
  4.44031864e-01 6.02270889e+00 3.17506003e+00 4.22102547e+00
  3.72058177e+00 5.40155411e+00 0.00000000e+00 6.03973210e-01
  8.99915099e-01 1.55480969e+00 4.74874735e+00 0.00000000e+00
  8.32466316e+00 5.60202301e-01 5.26377082e-01 1.43172646e+00
  5.72125006e+00 1.82773137e+00 1.18773365e+01 3.70362687e+00
  4.46776152e+00 6.33853972e-01 8.27321243e+00 0.00000000e+00
  4.31881666e-01 5.66708386e-01 1.30106878e+00 1.63715816e+00
  4.00227308e+00 4.13591504e-01 1.08161507e+01 0.00000000e+00
  7.39673227e-02 4.87253284e+00 0.00000000e+00 2.99651909e+00
  8.61478627e-01 1.34086475e+01 3.97423536e-01 1.43089700e+00
  1.33359873e+00 1.57509720e+00 5.80627859e-01 3.37874365e+00
  1.31668959e+01 6.05308151e+00 1.34755099e+00 1.11862421e+00
  2.87187755e-01 7.86989546e+00 9.86324251e-01 4.95126820e+00
  1.42919570e-01 1.74089873e+00 0.00000000e+00 0.00000000e+00
  3.72741818e+00 1.24241018e+00 1.44188988e+00 2.71935606e+00
  6.12088251e+00 4.38714218e+00 1.89191699e+00 3.27393007e+00
  1.73686898e+00 2.09873629e+00 3.23274469e+00 9.23924968e-02
  7.98619017e-02 3.98621738e-01 5.52571011e+00 4.22154379e+00
  8.58976066e-01 2.09572196e-01 2.50512290e+00 1.73201025e+00
  0.00000000e+00 2.90602946e+00 5.71648836e-01 4.88940859e+00
  9.84301031e-01 3.71827364e+00 3.63323665e+00 5.94658852e-01
  1.59181857e+00 1.27636347e+01 1.03239574e+01 8.75776350e-01
  2.80741453e+00 4.98369551e+00 2.86492991e+00 5.04379559e+00
  1.17283213e+00 4.91280985e+00 9.14144993e+00 8.31580639e-01
  4.73850876e-01 6.64175463e+00 3.54957247e+00 2.66797066e+00
  1.28133595e-01 0.00000000e+00 1.41653523e-01 3.09309101e+00
  6.49662828e+00 5.90683753e-03 0.00000000e+00 2.92067456e+00
  3.22915363e+00 7.55523980e-01 7.84395552e+00 4.14389467e+00
  1.48907721e+00 6.07273912e+00 5.03071213e+00 1.31879485e+00
  8.37056923e+00 1.36967435e-01 1.83262974e-01 3.09032178e+00
  7.73229027e+00 3.88191247e+00 0.00000000e+00 0.00000000e+00
  1.37150156e+00 0.00000000e+00 4.69741774e+00 1.26109600e+00
  4.10426235e+00 5.24889565e+00 1.90723777e-01 4.04807746e-01
  4.41289616e+00 6.01484203e+00 4.17729378e+00 1.24031377e+00
  1.55753171e+00 2.05429122e-01 3.51171851e-01 0.00000000e+00
  1.97638702e+00 5.61207294e-01 4.28631830e+00 4.79023069e-01
  2.40325236e+00 1.19356549e+00 3.33146262e+00 3.54839063e+00
  2.95744085e+00 1.05727889e-01 2.60294414e+00 2.39632547e-01
  5.72969854e-01 1.85486162e+00 1.83026648e+00 4.70255518e+00
  3.59770370e+00 1.38554649e+01 1.44262946e+00 2.02854037e+00
  0.00000000e+00 6.26975536e+00 7.74840593e-01 2.07168889e+00
  2.61900330e+00 5.79665375e+00 9.57574654e+00 0.00000000e+00
  3.75170016e+00 2.21226573e+00 3.40022743e-01 2.84774303e+00
  6.09227657e+00 3.54765558e+00 4.45641518e+00 2.91316199e+00
  5.88211012e+00 1.07106771e+01 2.44182420e+00 3.23913074e+00
  7.50676215e-01 2.30222079e-03 2.74799466e-01 6.57964849e+00
  2.96492887e+00 1.25698411e+00 1.56945610e+00 1.97950089e+00
  2.70887256e+00 3.13960743e+00 0.00000000e+00 2.13404608e+00
  0.00000000e+00 1.93973303e-01 1.51632178e+00 3.21946025e+00
  1.30534127e-01 5.65395451e+00 3.15413237e+00 5.25046110e-01
  1.56488075e+01 0.00000000e+00 1.66233683e+00 3.16005659e+00
  9.52716351e+00 8.70048702e-01 1.18731489e+01 4.98443031e+00
  0.00000000e+00 1.10722971e+01 6.34414732e-01 0.00000000e+00
  2.60095000e+00 2.73675013e+00 1.83566856e+00 5.42090464e+00
  3.53688240e+00 3.02899265e+00 5.33243370e+00 2.54843020e+00
  6.77864790e+00 1.15301937e-01 2.83983684e+00 1.62299895e+00
  4.98975658e+00 2.05009651e+00 1.37974691e+00 1.42461479e-01
  1.73546457e+00 6.76831913e+00 8.14342201e-01 2.89373899e+00
  3.84741211e+00 1.92253733e+00 4.78280020e+00 3.14463925e+00
  2.53204536e+00 5.26356268e+00 1.29810166e+00 2.27010632e+00
  1.50229597e+00 1.06105051e+01 4.21468258e+00 4.18418455e+00
  5.25809956e+00 9.68284893e+00 0.00000000e+00 1.69031322e+00
  1.80024672e+00 1.90649301e-01 5.31954384e+00 8.20187211e-01
  0.00000000e+00 8.59718382e-01 1.43470037e+00 3.22470403e+00
  2.40917981e-01 1.34542847e+00 1.37028806e-02 1.50829923e+00
  8.25380623e-01 9.16008651e-02 9.46279347e-01 5.52098465e+00
  0.00000000e+00 0.00000000e+00 2.36140418e+00 9.62527084e+00
  3.74771929e+00 9.58011627e-01 5.98910093e+00 1.86760914e+00
  2.69171810e+01 3.87976861e+00 4.20380920e-01 0.00000000e+00
  7.94463515e-01 2.00681949e+00 1.57629326e-01 2.22410631e+00
  2.60404795e-01 1.57254085e-01 1.18694830e+00 4.16878402e-01
  9.37476084e-02 2.32776962e-02 1.43356323e+00 1.62655675e+00
  1.80385590e+00 3.25728431e-02 7.12553859e-01 3.10867071e+00
  4.09799767e+00 6.59994483e-02 6.17844582e+00 0.00000000e+00
  3.06744599e+00 2.24720597e+00 4.31168795e+00 3.85487962e+00
  9.64398956e+00 1.05095077e+00 8.05789009e-02 2.05266595e-01
  0.00000000e+00 3.29238027e-01 1.15797468e-01 4.11441654e-01
  2.38687348e+00 1.15418863e+00 4.94286728e+00 3.48077059e+00
  1.40276754e+00 5.70590019e+00 0.00000000e+00 4.96540107e-02
  6.88671052e-01 2.98832297e+00 1.09057951e+01 1.99650073e+00
  2.25697327e+00 0.00000000e+00 7.71282911e-01 4.30641270e+00
  0.00000000e+00 2.04291201e+00 5.04116535e+00 4.82880533e-01
  1.40193748e+00 1.45224547e+00 5.56701994e+00 2.91475487e+00
  2.43962216e+00 5.06161332e-01 1.04577184e+00 5.86215973e-01
  9.25135422e+00 1.13486600e+00 2.00227690e+00 3.82428861e+00
  4.28035355e+00 2.58443236e+00 1.52810765e-02 8.11193371e+00
  2.83166289e+00 3.28239053e-01 4.08988142e+00 2.37111732e-01
  1.17738247e+00 9.58229542e-01 4.36209440e+00 3.59454131e+00]]