[[8.73410463e-01 1.29305053e+00 1.97088510e-01 4.00628448e-01
  2.18499517e+00 7.36531544e+00 4.23191500e+00 2.29787040e+00
  4.74497032e+00 4.40726519e+00 1.89521646e+00 2.20370340e+00
  3.38530302e+00 1.58522153e+00 4.68319654e+00 1.62430322e+00
  2.65762568e-01 1.02155411e+00 0.00000000e+00 5.08363485e+00
  9.34345961e-01 5.65323544e+00 1.67123163e+00 3.74293119e-01
  6.88222349e-02 5.71390533e+00 1.11717367e+00 5.34560323e-01
  1.79152584e+00 3.49484891e-01 4.21014249e-01 9.22541738e-01
  8.20318401e-01 5.95200157e+00 1.95318508e+00 4.38524365e-01
  4.88335371e-01 8.11135948e-01 8.68824196e+00 1.74030006e+00
  2.42617679e+00 6.36922169e+00 2.76584551e-02 4.54897165e+00
  2.99369514e-01 4.72208166e+00 1.40883231e+00 5.82167530e+00
  1.83374667e+00 6.92025959e-01 4.34699488e+00 9.81650472e-01
  6.69412136e-01 2.89666146e-01 2.53241062e+00 1.64726245e+00
  0.00000000e+00 3.82076788e+00 2.58923316e+00 0.00000000e+00
  2.55988955e+00 3.54088449e+00 7.63401937e+00 3.46953344e+00
  3.75641644e-01 1.24995641e-01 2.92033863e+00 6.40070796e-01
  5.87303102e-01 2.68204689e+00 8.68793488e+00 2.42216039e+00
  5.00018358e-01 5.72451305e+00 2.96684456e+00 1.36726975e+00
  1.40041560e-01 1.44273028e-01 1.08462632e+00 1.22369623e+00
  2.72443104e+00 2.78494263e+00 5.57168531e+00 1.12099063e+00
  5.46397018e+00 7.00738049e+00 1.31137103e-01 1.45669043e-01
  5.55972636e-01 9.15616930e-01 2.78432512e+00 4.87208939e+00
  6.11031055e-03 2.27959204e+00 2.87086777e-02 3.31827253e-01
  1.59219515e+00 5.28739333e-01 2.55091667e+00 3.42425823e+00
  1.97054970e+00 4.88226026e-01 5.99646854e+00 3.31677032e+00
  3.72713991e-02 5.32868564e-01 2.01961446e+00 1.54011679e+00
  2.87457776e+00 1.71607864e+00 4.87877905e-01 4.96226341e-01
  9.23260272e-01 4.87053931e-01 2.50648290e-01 6.76461995e-01
  7.09724760e+00 2.00226235e+00 3.08689326e-02 1.49155986e+00
  1.03098094e+00 3.36518437e-02 3.54076219e+00 5.88866615e+00
  3.10349464e-01 1.21311152e+00 1.40260148e+00 0.00000000e+00
  4.82581711e+00 5.94097137e+00 5.87128353e+00 3.80722785e+00
  5.57052422e+00 1.58358097e-01 1.80592918e+00 7.59363398e-02
  3.52371931e-01 6.16866648e-01 3.19359040e+00 1.43576670e+00
  2.07446766e+00 0.00000000e+00 1.94091856e+00 3.18426430e-01
  3.18227196e+00 2.74956393e+00 6.27344990e+00 1.88012040e+00
  6.96556866e-01 1.27873135e+00 4.78184134e-01 7.53771544e-01
  1.44277704e+00 2.51634645e+00 1.53328255e-01 1.95154583e+00
  1.45623946e+00 1.91564465e+00 3.09841585e+00 5.09954631e-01
  2.67834634e-01 3.83103776e+00 1.50232434e+00 4.71509278e-01
  1.15759838e+00 1.75370467e+00 6.36408105e-02 3.29096735e-01
  6.08007860e+00 1.80972946e+00 5.16229630e+00 7.91870117e-01
  2.84343171e+00 1.32514811e+00 4.39538330e-01 1.17305851e+00
  1.40490615e+00 0.00000000e+00 5.85360527e+00 6.78410351e-01
  2.05564904e+00 1.80491745e-01 6.47204781e+00 8.08649361e-01
  2.10220027e+00 2.89389038e+00 6.78826809e-01 1.47828436e+00
  3.90236330e+00 1.74679470e+00 8.07741261e+00 1.14309855e-01
  0.00000000e+00 4.19675350e+00 5.58313429e-01 4.47286415e+00
  1.57773733e+00 3.00019121e+00 4.07215786e+00 3.33318400e+00
  5.37318945e+00 7.67694890e-01 1.66813815e+00 2.28055641e-01
  5.37483311e+00 6.45154238e+00 1.72802639e+00 3.63257241e+00
  4.15163231e+00 1.46079416e+01 3.41101408e+00 8.03794861e+00
  4.20987225e+00 5.00087643e+00 1.78338483e-01 2.05630302e+00
  1.69722462e+00 4.13726807e+00 1.77995241e+00 1.06008673e+00
  4.26992178e+00 1.19653082e+00 2.38370013e+00 3.62569261e+00
  5.08392572e-01 1.99184990e+00 7.25045109e+00 3.02665377e+00
  2.52476478e+00 6.72177851e-01 3.53088140e+00 1.67355239e+00
  6.14567399e-01 5.20419955e-01 2.93704104e+00 1.64048755e+00
  3.66224088e-02 3.31123590e+00 1.44732761e+00 2.60037708e+00
  8.32994759e-01 2.66317439e+00 1.81463468e+00 9.93699849e-01
  2.73601460e+00 5.28696060e+00 6.42373323e+00 0.00000000e+00
  2.86370420e+00 3.60399604e+00 2.77857375e+00 5.11663151e+00
  5.80686855e+00 2.23195052e+00 1.55044162e+00 1.41894594e-01
  1.18505192e+00 5.57224560e+00 6.46975517e+00 2.29426193e+00
  0.00000000e+00 1.60956693e+00 0.00000000e+00 1.48100483e+00
  4.20345640e+00 8.54580998e-01 4.44431901e-01 1.18787622e+00
  3.30908489e+00 2.22718567e-02 4.96799946e+00 6.70426428e-01
  1.16325450e+00 9.52329338e-01 3.02324104e+00 2.28333521e+00
  1.29268055e+01 3.03358197e-01 1.44554043e+00 1.38490498e+00
  3.73399067e+00 7.80440211e-01 1.57558632e+00 0.00000000e+00
  4.44201326e+00 2.31314287e-01 3.18763161e+00 3.12011838e+00
  1.85661662e+00 3.12537432e+00 5.67683339e-01 3.95795345e-01
  2.51301384e+00 7.86794615e+00 2.64681983e+00 8.52651477e-01
  5.14898479e-01 1.03579867e+00 4.25701737e-02 1.75526127e-01
  8.58710289e-01 3.50993228e+00 5.12249613e+00 0.00000000e+00
  5.49535704e+00 1.17305863e+00 2.44568825e-01 6.97444296e+00
  1.79707885e+00 9.22170356e-02 5.56637621e+00 9.54297960e-01
  1.77435458e+00 1.50052929e+00 3.21905136e+00 3.50144625e+00
  3.09019303e+00 7.39455414e+00 1.19067264e+00 4.34941053e+00
  1.15838027e+00 1.11520233e+01 3.07518911e+00 5.93794584e-01
  1.54219830e+00 6.10934067e+00 9.40915680e+00 2.21804574e-01
  2.71938777e+00 1.49059772e+00 1.29722631e+00 4.57434940e+00
  1.21659577e-01 3.10540867e+00 4.09923172e+00 2.58511734e+00
  2.63389587e+00 4.93762302e+00 8.44645441e-01 6.70463741e-01
  0.00000000e+00 1.65248156e+00 1.11818767e+00 2.35916305e+00
  1.47178769e+00 4.75150257e-01 7.40029156e-01 4.21000659e-01
  1.05432332e+00 2.52218175e+00 1.73049614e-01 4.37844467e+00
  4.64110851e+00 1.38709939e+00 2.50546956e+00 0.00000000e+00
  5.08077025e-01 4.35137844e+00 7.07455873e-01 2.29944062e+00
  5.38114595e+00 0.00000000e+00 3.70965910e+00 2.22253442e+00
  8.78362370e+00 1.49767208e+00 8.57712936e+00 8.70707035e-01
  7.76624084e-02 1.30960965e+00 0.00000000e+00 5.54695010e-01
  1.63234463e+01 1.61926711e+00 2.99304199e+00 2.70172811e+00
  5.75412226e+00 5.28713655e+00 1.92587161e+00 7.14845610e+00
  1.49025381e+00 7.01925337e-01 4.34371901e+00 5.36372028e-02
  2.38163853e+00 9.72142041e-01 3.89979768e+00 2.90140212e-01
  1.03792143e+00 8.30068970e+00 3.45648557e-01 2.47455406e+00
  9.02166963e-01 2.01029706e+00 2.91459441e+00 2.27550530e+00
  4.13950443e+00 1.25953078e+00 5.00553846e+00 2.51732850e+00
  1.77065694e+00 2.35238004e+00 2.37676352e-01 3.61382103e+00
  2.66651988e+00 4.30157661e+00 0.00000000e+00 2.03754711e+00
  2.15400791e+00 9.99310076e-01 4.75929594e+00 1.52633667e+00
  0.00000000e+00 4.32213211e+00 1.59925222e+00 1.71497536e+00
  5.95231652e-01 5.43418407e-01 7.80669391e-01 1.82447171e+00
  3.08062768e+00 5.22686481e-01 3.10111761e+00 6.09087288e-01
  2.31163430e+00 6.08326435e-01 3.66893601e+00 9.66712356e-01
  0.00000000e+00 5.39439261e-01 2.24341646e-01 3.72422695e+00
  1.24581661e+01 7.08652306e+00 3.25280833e+00 9.08701062e-01
  0.00000000e+00 3.80342364e-01 0.00000000e+00 4.28243971e+00
  1.22415302e-02 1.82548463e+00 1.53039002e+00 1.82062924e+00
  1.50574851e+00 0.00000000e+00 1.15753138e+00 1.26344931e+00
  5.75681508e-01 4.00310755e-01 3.93484920e-01 7.62543201e+00
  2.63446140e+00 3.05748582e+00 4.08694458e+00 1.97192267e-01
  2.65318298e+00 1.12210107e+00 9.30099392e+00 5.09162521e+00
  7.67470455e+00 1.84942842e+00 0.00000000e+00 9.79720354e-01
  2.29736900e+00 2.33164024e+00 0.00000000e+00 8.33338082e-01
  2.26979494e+00 5.76840699e-01 2.76779389e+00 7.49035168e+00
  2.43303108e+00 4.33554316e+00 4.20967400e-01 1.44872344e+00
  1.11305118e+00 1.80954421e+00 4.03875875e+00 7.90266097e-02
  0.00000000e+00 0.00000000e+00 1.87398112e+00 2.90739322e+00
  7.34634399e-01 3.73541266e-01 1.46448970e-01 2.38503504e+00
  3.17919207e+00 1.86933339e+00 3.51882458e+00 1.74382663e+00
  2.73100162e+00 4.85197496e+00 4.44244814e+00 1.17344749e+00
  8.90501595e+00 5.80506325e+00 0.00000000e+00 3.11556673e+00
  1.31917572e+00 1.96365464e+00 1.22712791e+00 3.65336895e+00
  3.85849738e+00 7.85005152e-01 7.99833345e+00 1.14234507e+00
  1.91834676e+00 7.57441401e-01 1.46668077e+00 5.21578670e-01]]