[[4.8255327e-01 1.9289278e+00 0.0000000e+00 0.0000000e+00 2.3622379e+00
  3.7513285e+00 3.8379607e+00 1.2570401e+00 3.1955655e+00 2.1441092e+00
  1.3910755e+00 3.9988124e-01 3.3402107e+00 3.1367421e-01 1.4656452e+00
  2.1759818e+00 9.9342096e-01 1.3402447e+00 4.6781409e-01 5.2480822e+00
  2.3273246e-01 6.0253024e-01 3.4167552e+00 5.3336301e+00 1.5279840e-01
  8.5921240e-01 2.8695846e-01 3.8650608e+00 1.5943999e+00 3.6953850e+00
  1.0066726e+00 3.2326487e-01 4.5742378e-01 6.3482947e+00 3.2855201e+00
  1.7533730e+00 1.9411876e+00 9.8031455e-01 7.5079136e+00 4.2946939e+00
  2.8058596e+00 2.9111738e+00 1.3178447e+00 4.9246669e+00 3.0665302e+00
  7.2498717e+00 6.4066797e-01 3.0556886e+00 3.1249607e+00 1.6989350e-01
  1.8785366e-01 1.5236189e+00 1.3553207e+00 1.7738761e-01 3.7537038e-01
  1.7950014e+00 1.4432982e+00 8.2066879e+00 7.1047530e+00 4.5901009e-01
  4.3831487e+00 5.7588539e+00 7.6581283e+00 2.9829032e+00 1.6036439e-01
  1.0699742e+00 9.8669062e+00 2.0699613e+00 3.5409179e+00 6.1007013e+00
  1.1012332e+00 9.8850231e+00 0.0000000e+00 6.8113589e+00 2.0063488e+00
  2.8198402e+00 1.6700001e+00 1.8416020e+00 1.0676318e+00 4.9473742e-01
  4.6145644e+00 4.2723064e+00 2.1648729e+00 1.9096507e-01 1.1422697e+01
  1.0422883e+01 0.0000000e+00 2.4515026e+00 8.6877519e-01 2.7291720e+00
  3.5489979e+00 4.4417138e+00 3.6006930e-01 4.1006699e+00 4.1796527e+00
  0.0000000e+00 2.7052591e+00 4.4318658e-01 3.9101274e+00 2.6720550e+00
  6.8276346e-01 3.1558950e+00 4.4912758e+00 6.9635582e+00 0.0000000e+00
  5.0748024e+00 4.2294106e+00 1.7301522e+00 2.3452594e+00 1.9429245e+00
  2.1369188e+00 1.2737516e+00 1.0896622e+00 3.1181743e+00 1.2716290e-01
  2.5178049e+00 1.7014700e+00 1.4643043e-01 1.0422469e+00 2.0635273e+00
  7.6560879e-01 0.0000000e+00 1.6727854e+00 5.7799339e+00 1.9814439e-01
  3.2979703e+00 2.5529420e+00 5.3575203e-02 5.1537447e+00 1.9163337e+00
  8.4540453e+00 1.4562261e+00 6.5668373e+00 5.5124021e-01 1.3471549e+00
  1.9336005e+00 5.9231776e-01 1.3177969e+00 3.9474165e-01 0.0000000e+00
  1.1159931e+00 6.5103430e-01 5.6851740e+00 1.6556762e+00 5.8137053e-01
  7.4830240e-01 2.7885296e+00 1.5086687e-02 8.6067611e-01 4.7512188e+00
  0.0000000e+00 2.6957798e+00 1.7729907e-01 1.6416610e+00 9.8966402e-01
  3.0371445e-01 3.9801204e-01 3.3634188e+00 1.7845446e-01 3.4082782e-01
  3.9842231e+00 5.5973263e+00 1.8480251e+00 3.0668347e+00 3.9401574e+00
  2.0246620e+00 4.5323178e-02 1.7643330e+00 8.3196086e-01 1.6657913e+00
  7.6041307e+00 2.3851280e+00 8.4830475e-01 4.0422888e+00 1.2636236e+00
  2.5284944e+00 6.4440446e+00 0.0000000e+00 1.9752896e+00 9.1792088e+00
  5.2902907e-01 0.0000000e+00 4.9884086e+00 1.4039785e-01 3.0391958e-01
  1.2603233e+00 3.3771262e+00 1.6248843e-01 1.3854064e+00 1.0807337e+00
  1.1120288e+01 0.0000000e+00 7.7502316e-01 9.1688385e+00 1.2895159e-01
  4.5155840e+00 3.0477095e+00 1.0315666e+01 3.8171697e-01 8.9124486e-02
  3.7634411e+00 5.1021207e-02 0.0000000e+00 1.3128582e+00 2.8209662e+00
  7.2104721e+00 1.5732239e-01 9.6357554e-01 8.0747408e-01 7.9429811e-01
  0.0000000e+00 2.2668438e+00 2.5540242e+00 2.2942381e+00 1.5937307e+00
  0.0000000e+00 7.1147579e-01 4.1922727e+00 4.1209450e+00 3.5236311e+00
  1.7515047e+00 6.7496767e+00 1.8398309e+00 1.9508785e+00 4.4481179e-01
  3.7378368e+00 9.4793596e+00 1.1173364e-01 7.5649923e-01 2.5570982e+00
  1.9831700e+00 2.1900101e+00 0.0000000e+00 4.2156357e-01 1.3830236e+00
  6.8605483e-01 3.2464758e-01 1.1431772e+00 5.5820072e-01 1.1747178e+00
  3.8562721e-01 7.7294884e+00 1.6305324e+00 4.1002622e+00 2.9923019e-01
  4.4134763e-01 3.4622545e+00 7.5616252e-01 2.0866351e+00 7.3032870e+00
  1.5382844e+00 6.2435460e+00 3.3780854e+00 3.1041718e+00 3.5438993e+00
  7.0640236e-01 2.2444285e-01 6.8563809e+00 5.4858685e+00 2.6376758e+00
  2.7359311e-02 8.1064332e-01 9.3790017e-02 6.5012579e+00 6.4448624e+00
  3.4939927e-01 2.6191201e+00 1.9401475e+00 5.7502475e+00 1.7940933e-01
  8.9268084e+00 5.2599649e+00 1.3767654e+00 4.8418450e+00 6.0077004e+00
  1.1749179e+00 4.2130365e+00 3.0472989e+00 9.0717936e-01 2.8782113e+00
  4.3297777e+00 1.2624091e+00 1.4558283e+00 1.5618775e+00 4.2580400e+00
  8.6557347e-01 1.4426764e+00 3.3837490e+00 2.9439018e+00 1.2919219e+00
  0.0000000e+00 1.5825421e+00 1.6830499e+00 2.0995612e+00 2.8734026e+00
  2.3071880e+00 6.5780765e-01 1.3273029e+00 1.8821079e-01 1.3368022e-01
  2.8239179e+00 0.0000000e+00 7.6794500e+00 0.0000000e+00 2.0109951e+00
  3.8992054e+00 2.8107979e+00 3.5968771e+00 3.1899059e-01 0.0000000e+00
  4.9518905e+00 4.3272656e-01 8.8465494e-01 4.3023739e+00 2.2548105e-01
  3.8970792e+00 4.9449632e-01 9.3632030e+00 2.5262642e+00 4.8590889e+00
  1.7558848e+00 7.4978752e+00 8.2033455e-01 2.4847240e+00 3.4623706e+00
  3.7746542e+00 1.9644920e+00 2.7332103e-01 2.2428176e+00 2.7308095e+00
  3.4126437e+00 1.9845679e+00 4.4355035e+00 2.0611687e+00 6.6267905e+00
  1.0233328e+00 2.4682162e+00 5.4458818e+00 1.0027143e+00 2.2275102e+00
  9.0835726e-01 2.8271191e+00 2.6258358e-01 2.2141936e+00 4.8191371e+00
  3.2441238e-01 1.2513076e+00 3.7110920e+00 8.3640623e-01 9.0024066e-01
  9.8465657e-01 3.4005942e+00 1.5736236e-01 9.9140525e-02 1.7631939e-01
  2.6199776e-01 5.4721761e+00 1.3814304e+00 7.3762512e-01 2.7089832e+00
  5.2351446e+00 2.7207506e-01 8.0408821e+00 2.5677888e+00 8.3501291e+00
  8.4013206e-01 9.4874535e+00 8.4139270e-01 6.7241587e-02 5.2045150e+00
  1.9501513e-01 1.0187918e+00 8.4415035e+00 8.2889400e-02 2.1574926e+00
  4.0208530e+00 6.6103339e+00 6.2382474e+00 1.6129708e+00 3.9483137e+00
  2.5488460e+00 7.8652389e-02 5.0057387e+00 6.7003649e-01 6.1379957e+00
  1.5925754e+00 2.6138253e+00 6.3627887e-01 1.6646692e+00 4.7522335e+00
  1.2194686e+00 1.7587653e+00 1.0163257e+00 3.0861275e+00 3.1169293e+00
  2.0550740e+00 7.1104927e+00 6.3064903e-01 6.4114561e+00 4.6354267e-01
  2.7794776e+00 5.8750930e+00 4.2830858e+00 9.4520235e+00 2.1413872e+00
  6.0675960e+00 6.2561750e-01 1.9453750e+00 2.5957105e-01 3.6673582e-01
  2.7057149e+00 8.6468548e-01 0.0000000e+00 1.1408695e+00 3.1060710e+00
  5.4280443e+00 0.0000000e+00 1.2884724e+00 0.0000000e+00 1.5949813e+00
  0.0000000e+00 2.7527368e-01 7.5556588e-01 2.6016822e+00 0.0000000e+00
  7.0519006e-01 1.5294271e+00 3.7797263e+00 4.8447058e-01 0.0000000e+00
  1.7723547e+00 1.8296053e-01 1.6510605e+01 8.8194329e-01 0.0000000e+00
  1.9015517e+00 8.9697391e-01 3.5106585e+00 9.4728559e-02 3.1422920e+00
  1.7259612e+00 2.1256720e-01 3.1914991e-01 2.3850958e+00 1.4223561e-01
  1.6449863e-01 2.5129213e+00 1.7152618e+00 2.8568012e-01 3.2014254e-01
  0.0000000e+00 4.6790714e+00 4.5283637e+00 0.0000000e+00 1.2152710e+01
  1.3186982e+00 3.3019726e+00 3.9324460e+00 6.3428974e+00 2.8292646e+00
  1.3310216e+01 7.4717790e-01 4.0148273e-01 1.3728048e+00 0.0000000e+00
  1.6217808e+00 0.0000000e+00 2.5219357e-01 2.1090674e+00 2.3243923e+00
  7.4848046e+00 9.0684730e-01 2.4619153e+00 3.5453560e+00 0.0000000e+00
  2.7071540e+00 2.2450092e+00 7.2724962e-01 5.1918077e+00 2.0365186e+00
  1.4760380e+00 8.8536451e-03 1.8036805e-01 1.3339422e+00 0.0000000e+00
  3.4847848e+00 6.9051063e-01 1.1860169e+00 1.3536783e+00 2.0288355e+00
  6.3559771e-01 8.3838433e-01 3.8480093e+00 1.1081355e+00 3.8546073e+00
  1.2924874e+00 1.1108402e+01 3.7581310e+00 3.3607423e-01 1.3261201e+00
  1.6729096e+00 1.5125128e+00 2.9301796e+00 5.1431475e+00 5.5042324e+00
  5.3585339e-01 5.1128249e+00 4.5801669e-01 1.8672154e+00 6.8840832e-01
  2.2130485e+00 2.6053948e+00]]