[[8.28242540e-01 7.77923828e-03 8.37153316e-01 0.00000000e+00
  7.46256188e-02 1.29913449e+00 3.70068610e-01 1.82885662e-01
  2.38877392e+00 2.80210465e-01 4.22251177e+00 1.49130249e+00
  2.61179280e+00 4.43107069e-01 5.82114220e+00 1.89207828e+00
  1.56407213e+00 1.04861212e+00 1.49963439e+00 2.63244796e+00
  1.20532882e+00 1.15595427e+01 3.37614512e+00 7.19067976e-02
  4.48259741e-01 8.36766911e+00 4.62021494e+00 7.98607469e-02
  3.41543603e+00 6.80273890e-01 3.28971267e-01 0.00000000e+00
  1.29327643e+00 4.38081217e+00 0.00000000e+00 4.71908092e+00
  4.54288435e+00 1.46563083e-01 3.81322002e+00 1.82148528e+00
  2.05961919e+00 3.03444242e+00 1.95547235e+00 5.36065865e+00
  3.37976933e-01 3.85783005e+00 2.14466953e+00 7.71568358e-01
  8.78510118e-01 0.00000000e+00 3.48809695e+00 2.63157547e-01
  4.30953890e-01 6.12266511e-02 3.63643169e+00 9.51200187e-01
  1.34754646e+00 1.84586644e+00 2.08225060e+00 7.74672389e-01
  2.12959862e+00 2.44080901e+00 1.49914849e+00 1.07018785e+01
  4.52435523e-01 5.83068788e-01 1.04339969e+00 0.00000000e+00
  2.68521428e-01 2.58765268e+00 1.74405754e+00 5.58758545e+00
  3.46977770e-01 1.11928167e+01 7.91582012e+00 1.25924516e+00
  2.79918343e-01 3.35156345e+00 1.19276226e-01 6.36458397e-01
  1.42093134e+00 7.33271062e-01 2.84627724e+00 1.16952324e+00
  6.74730897e-01 2.50729942e+00 1.21127427e+00 1.46363318e+00
  4.15728617e+00 7.38414526e-01 8.09004211e+00 2.31569052e+00
  2.24210978e-01 9.41535759e+00 7.78356504e+00 3.38042974e+00
  3.46168947e+00 1.05741227e+00 5.78213739e+00 7.55032778e+00
  2.32060742e+00 2.03705025e+00 2.33280659e+00 2.19688582e+00
  0.00000000e+00 1.03357136e+00 2.12040856e-01 8.32001030e-01
  3.98276949e+00 3.24510694e+00 5.82800913e+00 7.26226985e-01
  7.06164896e-01 9.04935133e-03 7.00807691e-01 1.29327250e+00
  5.95522642e+00 4.21453810e+00 1.49697256e+00 2.07829523e+00
  0.00000000e+00 1.50274777e+00 5.26166975e-01 8.45232105e+00
  2.01227999e+00 1.55822790e+00 6.51039898e-01 3.81678119e-02
  3.54382563e+00 1.80276051e+01 0.00000000e+00 4.49936247e+00
  4.17465973e+00 0.00000000e+00 5.83960891e-01 3.27490449e+00
  4.90801156e-01 0.00000000e+00 3.58825922e+00 1.48754382e+00
  6.33614838e-01 3.61275315e-01 0.00000000e+00 4.03082228e+00
  3.59486699e+00 7.90406108e-01 2.64908791e+00 0.00000000e+00
  0.00000000e+00 9.42107141e-01 0.00000000e+00 2.87575036e-01
  1.51664519e+00 1.17703564e-01 9.22149718e-01 3.55859809e-02
  1.07989419e+00 2.71832299e+00 7.28659987e-01 4.06608677e+00
  0.00000000e+00 9.60077190e+00 4.15958595e+00 2.10008836e+00
  3.49248791e+00 1.48579800e+00 7.79154152e-02 5.08460283e-01
  2.35152197e+00 6.03796840e-01 3.02145147e+00 2.56336951e+00
  6.94787836e+00 9.37439442e-01 3.07985902e-01 8.44701767e+00
  5.98185837e-01 0.00000000e+00 1.11598670e+00 2.58691430e+00
  1.22786415e+00 0.00000000e+00 5.22883987e+00 8.84485617e-02
  4.51184958e-01 4.48877305e-01 4.51128244e+00 3.35464597e+00
  3.80156517e+00 2.46562743e+00 1.00565886e+00 2.76313853e-02
  8.91489983e-02 9.87449646e+00 4.13012505e+00 2.16237235e+00
  3.82735300e+00 1.63170946e+00 5.36018515e+00 9.93067205e-01
  4.94296694e+00 1.95796347e+00 1.45442295e+00 6.04762554e+00
  1.62400317e+00 1.33756065e+00 2.94373274e+00 2.27160716e+00
  2.39471221e+00 1.98044300e+01 2.25078821e+00 2.89327431e+00
  1.07724464e+00 1.90639400e+00 1.00311649e+00 2.51061535e+00
  5.26092872e-02 9.92003441e+00 1.21824348e+00 2.04555440e+00
  2.89429641e+00 1.28655396e+01 3.19413567e+00 6.74052611e-02
  1.65447688e+00 2.47186494e+00 3.71885061e+00 5.83090639e+00
  6.97533727e-01 1.45092869e+00 1.68487287e+00 4.65341425e+00
  3.05855942e+00 1.66311800e+00 9.82617736e-01 0.00000000e+00
  2.75755811e+00 1.15172744e+00 1.15676478e-01 2.43578172e+00
  7.22335637e-01 0.00000000e+00 1.01322997e+00 4.67006969e+00
  1.63246655e+00 2.39008141e+00 1.09217291e+01 4.32900012e-01
  1.55907357e+00 3.64323139e+00 3.70282984e+00 4.68903959e-01
  3.82788920e+00 3.62429857e-01 3.59871221e+00 2.19502020e+00
  1.57382298e+00 4.36331153e-01 1.28951859e+00 2.23047066e+00
  0.00000000e+00 5.67547917e-01 0.00000000e+00 4.64570187e-02
  1.43863034e+00 8.01748574e-01 4.56189774e-02 7.37404644e-01
  4.77136612e+00 0.00000000e+00 3.06794333e+00 0.00000000e+00
  9.03037608e-01 6.59151173e+00 4.27838802e+00 1.73789120e+00
  8.78457546e+00 1.23511478e-01 0.00000000e+00 3.18274587e-01
  5.55580854e+00 3.73496056e+00 2.25934076e+00 2.08531737e+00
  2.00219941e+00 2.46390149e-01 4.37060356e+00 1.28478825e+00
  3.92582011e+00 3.26338434e+00 7.52325654e-01 3.15835401e-02
  2.83131599e+00 4.92471170e+00 2.12831855e+00 2.35116982e+00
  0.00000000e+00 1.27662504e+00 0.00000000e+00 2.44848251e-01
  5.66867888e-02 5.66185236e+00 8.16227376e-01 1.19880855e+00
  4.42416131e-01 1.73948264e+00 1.05147414e-01 8.00973624e-02
  3.71431381e-01 0.00000000e+00 1.47046876e+00 5.50613880e+00
  3.26493430e+00 6.98653102e-01 2.52466154e+00 1.83474076e+00
  7.26192474e-01 1.09652023e+01 1.16977096e+00 2.46712685e+00
  7.35208154e-01 1.18794036e+00 1.79551530e+00 4.14517939e-01
  2.63061357e+00 4.11405039e+00 6.82129240e+00 1.41201878e+00
  4.18135595e+00 1.12518251e+00 0.00000000e+00 3.35703421e+00
  4.56985950e-01 4.55766106e+00 2.09237385e+00 3.87272143e+00
  2.97729731e+00 6.52694464e+00 4.56408739e+00 2.63723159e+00
  3.14020336e-01 0.00000000e+00 2.02080774e+00 2.47874284e+00
  2.30997252e+00 1.80293369e+00 1.18553567e+00 7.48896360e-01
  2.31202021e-01 7.97925472e-01 2.58932672e-02 1.22553802e+00
  1.13054574e+00 1.81845665e+00 4.27211332e+00 1.39238596e-01
  1.00364995e+00 6.02861071e+00 2.49046659e+00 4.17494416e-01
  1.44519493e-01 0.00000000e+00 3.10588980e+00 8.86679530e-01
  2.04236174e+00 1.90586376e+00 6.65963507e+00 1.12232900e+00
  1.91037440e+00 4.02185869e+00 4.95484680e-01 1.73117745e+00
  3.30355430e+00 6.55510187e+00 5.93832207e+00 1.41577744e+00
  3.74448013e+00 6.12199640e+00 1.44968301e-01 5.93239927e+00
  6.41745567e-01 1.76469076e+00 1.96561313e+00 1.19494915e+00
  5.61195326e+00 1.24993932e+00 1.60007620e+00 2.34457538e-01
  1.30928636e+00 5.64206171e+00 6.04581928e+00 3.35563445e+00
  4.51249170e+00 1.04155898e+00 3.85136083e-02 4.79427433e+00
  2.87966990e+00 3.22717619e+00 2.22072095e-01 8.50621879e-01
  6.47473633e-01 7.87731171e+00 2.58018494e+00 5.88874769e+00
  8.67825890e+00 5.85576820e+00 1.70581055e+00 9.24512029e-01
  0.00000000e+00 5.15617430e-02 2.04140258e+00 3.03845930e+00
  0.00000000e+00 2.21127763e-01 8.49709034e-01 2.46807241e+00
  7.82818377e-01 2.76139355e+00 1.39258528e+00 1.08721316e+00
  4.90054035e+00 7.87809491e-01 6.07186890e+00 4.36813545e+00
  4.02727872e-01 9.09357443e-02 4.60325986e-01 0.00000000e+00
  7.35101879e-01 2.16664958e+00 4.18638420e+00 4.35440731e+00
  1.32385502e+01 3.20144176e+00 0.00000000e+00 1.24415951e-02
  7.71698952e-01 9.83176410e-01 1.71899891e+00 4.66238356e+00
  1.72515070e+00 0.00000000e+00 1.34589279e+00 6.16238022e+00
  5.80752194e-01 1.92396373e-01 3.33301377e+00 1.04938388e+00
  0.00000000e+00 1.15222704e+00 1.22013962e+00 8.90711021e+00
  1.68308830e+00 1.49035323e+00 1.18594587e+00 6.14219785e-01
  2.28598452e+00 2.12985754e+00 6.55412495e-01 1.34701347e+00
  1.15456462e+00 2.47929692e-01 1.03437388e+00 1.63966966e+00
  6.81255627e+00 3.18164974e-01 4.46218671e-03 3.07308733e-01
  9.06426620e+00 5.15899956e-01 1.44293320e+00 2.43962884e+00
  2.20735002e+00 5.30209541e+00 2.86408186e-01 4.96611744e-01
  2.48201996e-01 0.00000000e+00 5.49177074e+00 4.58498210e-01
  9.40208972e-01 1.64578423e-01 2.65360093e+00 2.58158207e-01
  2.22596669e+00 1.36927891e+00 1.47520804e+00 1.08012092e+00
  1.95482886e+00 7.66348064e-01 6.22515440e-01 5.98350573e+00
  3.78368139e+00 3.87005210e+00 4.67075253e+00 8.61324012e-01
  1.11010504e+00 5.37261963e+00 2.24001217e+00 2.22125035e-02
  2.07346702e+00 4.37484324e-01 4.43226725e-01 1.03803980e+00
  2.84685040e+00 1.06926024e+00 3.57386065e+00 3.70208526e+00
  4.09324884e+00 0.00000000e+00 8.16253066e-01 2.30463958e+00]]