[[2.1925788e+00 2.8623884e+00 5.1713198e-01 4.0279859e-01 1.0093679e+00
  5.8548398e+00 5.3631288e-01 0.0000000e+00 3.4388776e+00 3.2539105e+00
  3.5251555e+00 1.2388456e-01 2.6039772e+00 2.8042605e+00 1.3124452e+00
  1.5692358e+00 4.2145523e-01 1.1979676e+00 3.6236843e-01 3.5767100e+00
  0.0000000e+00 6.3776364e+00 3.7122037e+00 9.2408536e-03 1.8601571e-01
  2.1656919e+00 3.1046367e+00 1.5233506e+00 4.5048542e+00 3.6479859e+00
  1.3613842e+00 1.3418705e+00 6.9727021e-01 6.6379433e+00 9.2265189e-01
  5.1391768e+00 1.1698972e-01 9.6114612e-01 7.4543090e+00 1.3466053e+00
  1.7838628e+00 7.1382980e+00 5.8368998e+00 5.4030037e+00 1.7039659e+00
  2.1566646e+00 3.6364124e+00 0.0000000e+00 5.8341539e-01 0.0000000e+00
  2.9845419e+00 3.7381032e+00 1.8647106e-02 4.9952488e+00 3.2729704e+00
  3.8205785e-01 4.9446540e+00 3.0798023e+00 5.7201606e-01 8.9052040e-03
  5.0355444e+00 5.4878759e+00 7.2897773e+00 9.2569933e+00 0.0000000e+00
  1.6997385e+00 4.5173430e+00 3.2208834e+00 7.1686530e-01 1.6535976e+00
  3.8462050e+00 2.3360569e+00 5.0763351e-01 1.0876139e+01 3.2966862e+00
  3.1751685e+00 6.1557686e-01 1.5363092e+00 9.4072741e-01 4.0946043e-01
  3.2597509e-01 4.9272668e-01 3.7324970e+00 1.6680270e-01 3.4362833e+00
  4.9779096e+00 0.0000000e+00 1.3847784e+00 1.0556192e+00 0.0000000e+00
  8.8478556e+00 1.9005021e+00 4.1863349e-01 1.6690280e+00 5.2236657e+00
  7.7242553e-01 2.9244826e+00 1.1031072e+00 5.1860328e+00 5.3358717e+00
  2.7371972e+00 3.5543664e+00 9.7710972e+00 3.4142153e+00 3.8739610e-01
  1.3363973e+00 3.3999245e+00 3.6239251e-01 4.0042944e+00 1.6466513e+00
  3.3120510e-01 0.0000000e+00 2.4843737e-01 2.6136386e+00 5.1594625e+00
  0.0000000e+00 4.8359118e+00 2.8160605e+00 4.6895113e+00 2.2572598e+00
  1.6937605e+00 2.0628681e-02 2.7532763e+00 7.2418804e+00 0.0000000e+00
  3.0551543e+00 9.8640323e-02 1.5197234e-01 4.0724850e+00 1.1126832e+01
  2.2451286e-01 4.3453603e+00 3.8891551e+00 5.8081573e-01 1.8226695e+00
  2.0448737e+00 2.1401167e+00 1.0231789e+00 1.4977919e+00 2.7181883e+00
  6.7060955e-02 4.6954075e-01 4.2721471e-01 4.6230669e+00 3.0654826e+00
  1.8702172e+00 3.6966574e-01 0.0000000e+00 0.0000000e+00 2.5462434e+00
  0.0000000e+00 2.8905466e-01 2.1188600e+00 1.3898412e+00 2.0978129e+00
  3.0975699e+00 2.7430458e+00 9.8669124e-01 1.7447664e+00 4.0391836e-01
  8.0242282e-01 2.5179467e-01 6.8347478e+00 2.3846352e+00 2.4692247e+00
  7.0497942e-01 0.0000000e+00 4.1340852e+00 5.7035460e+00 1.7926565e+00
  1.0569396e+01 3.3471434e+00 2.3794153e+00 3.7030101e+00 0.0000000e+00
  7.6449525e-01 1.1073411e+00 0.0000000e+00 3.8621542e+00 6.0831599e+00
  1.1786172e+00 4.3151358e-01 5.8432488e+00 0.0000000e+00 0.0000000e+00
  4.8882130e-01 1.3709913e+00 1.5473069e+00 3.4514585e+00 2.5338898e+00
  4.0071254e+00 0.0000000e+00 0.0000000e+00 8.1168413e+00 3.6903378e-01
  3.2242663e+00 2.4924197e+00 3.0255709e+00 0.0000000e+00 2.4670296e+00
  4.8736854e+00 3.7170858e+00 3.4324482e-01 6.8143851e-01 2.9537895e+00
  8.7791214e+00 2.5810311e+00 2.9276426e+00 2.3309650e-01 1.3723585e+01
  0.0000000e+00 3.4667370e+00 1.6578044e+00 1.2613108e+00 4.4939891e-01
  2.6581430e+00 2.1467385e-01 1.7398999e+00 2.1452641e-02 2.2741983e+00
  1.2969357e+00 3.2246213e+00 2.1301124e+00 5.2667394e+00 1.9933859e+00
  6.4621515e+00 4.1587949e+00 3.0629687e+00 2.2767200e+00 1.0052458e+00
  1.6338585e-01 2.4978967e+00 6.7613000e-01 2.4953260e+00 4.2545629e+00
  1.5277852e+00 3.6943555e+00 5.5375466e+00 2.3503461e+00 3.3564460e+00
  1.7586279e+00 1.6087615e+00 6.1415181e+00 6.8483219e+00 3.2846110e+00
  1.3579732e+01 7.2002563e+00 3.7103873e-01 4.7581997e+00 4.2103534e+00
  1.8848304e+00 5.3809710e+00 6.9134893e+00 7.3623109e+00 4.4614143e+00
  1.0427054e+00 4.0919518e-01 1.2363077e+01 4.3093896e+00 5.2239876e+00
  3.9313889e-01 0.0000000e+00 0.0000000e+00 1.4301187e+00 4.0550847e+00
  6.3283217e-01 2.6888263e+00 3.1393826e+00 3.0753644e+00 7.6853311e-01
  2.0359182e+00 0.0000000e+00 4.5633669e+00 1.9535202e+00 2.3296180e+00
  1.3650471e+00 1.0135155e+01 3.4242174e-01 0.0000000e+00 7.5828302e-01
  5.7386541e+00 1.6499987e-02 1.0028861e+01 0.0000000e+00 5.7057482e-01
  4.2327896e-01 1.8437098e+00 2.5307927e+00 9.1433454e-01 2.0526879e+00
  0.0000000e+00 1.0677423e+00 1.4625299e+00 6.5581722e+00 1.7835337e+00
  4.5295870e-01 2.2151418e-01 4.4220424e+00 0.0000000e+00 1.0310673e+00
  2.5258787e+00 1.6564245e+00 1.1052775e+00 4.7772384e-01 6.5047612e+00
  7.4164194e-01 4.7095555e-01 1.1429484e+00 1.2851144e+00 8.4909514e-02
  2.4209809e+00 0.0000000e+00 8.3454597e-01 2.1258893e+00 6.6919093e+00
  4.8389134e+00 2.1424961e+00 1.7892048e+01 0.0000000e+00 2.6394279e+00
  7.8534541e+00 7.6825771e+00 9.0388715e-01 1.6162174e+00 2.2148283e+00
  1.6613035e+00 4.5005879e-01 5.7348031e-01 3.5557170e+00 2.6436715e+00
  1.6070607e-01 7.1821976e+00 3.8371623e-01 2.2655606e+00 3.4304991e+00
  2.7527192e+00 5.2160463e+00 2.2969375e+00 3.2715440e-01 6.4714515e-01
  1.9479872e+00 1.4660826e+00 3.1786335e+00 8.3987598e+00 4.3758726e+00
  3.5809472e+00 4.1800542e+00 9.5305420e-02 0.0000000e+00 1.9580470e+00
  0.0000000e+00 2.6555519e+00 0.0000000e+00 7.1124172e-01 5.8814678e+00
  5.0604694e-02 1.1021058e-01 3.3553255e+00 7.3220700e-01 1.1104149e+00
  5.2011528e+00 0.0000000e+00 6.8909612e+00 3.5830281e+00 1.0414391e+01
  8.1578088e-01 8.8385429e+00 5.5027571e+00 7.1634442e-01 9.6867914e+00
  7.2724563e-01 2.5874157e+00 3.0976942e+00 8.8920981e-02 8.2597179e+00
  1.6590356e+00 7.7621846e+00 1.8996278e+00 1.3800013e+00 7.3755875e+00
  5.2596197e+00 0.0000000e+00 1.1337957e+00 0.0000000e+00 2.0819345e+00
  3.6588683e+00 2.7632840e-02 2.7200418e+00 1.3385921e+00 1.0411624e+00
  2.0505238e+00 3.6910465e+00 3.5352020e+00 3.2451129e+00 1.0501654e+00
  2.4715004e+00 2.7318034e+00 6.5529150e-01 4.2693220e-02 5.9607142e-01
  1.8173676e+00 9.1304455e+00 1.4475213e+00 5.4889817e+00 3.7937896e+00
  3.8991859e+00 1.7105728e+00 2.6521719e+00 0.0000000e+00 8.9082617e-01
  9.5938511e+00 1.8890035e+00 4.7754706e-03 3.7460501e+00 5.0024328e+00
  6.9897485e-01 2.2967227e+00 5.1378042e-01 3.8650961e+00 1.5259790e+00
  7.3402910e+00 0.0000000e+00 7.9914923e+00 5.0574732e+00 1.3164475e+00
  1.2962480e-01 8.4565729e-02 2.7684243e+00 9.3298537e-01 5.4570036e-03
  2.9235034e+00 0.0000000e+00 9.1555462e+00 4.8343971e-02 3.1988803e-01
  3.2813988e+00 2.3677768e-01 6.0683143e-01 8.8865690e-02 3.1888421e+00
  0.0000000e+00 0.0000000e+00 5.7477588e-03 1.1316844e+00 2.0709178e+00
  7.8218353e-01 4.2495732e+00 7.8611696e-01 0.0000000e+00 1.9371959e+00
  0.0000000e+00 5.8761859e+00 3.8667157e+00 2.5533781e+00 1.3789296e+00
  5.4698038e-01 6.6894178e+00 2.5495372e+00 7.1597204e+00 5.1204467e+00
  5.9034747e-01 2.7960274e+00 2.8813088e+00 1.0979987e+00 0.0000000e+00
  1.7897615e+00 3.4448065e-02 2.3852892e+00 2.8383930e+00 1.2124835e+00
  8.9199317e-01 1.1488116e+00 2.0094056e+00 1.1602337e+01 5.1183639e+00
  3.6530979e+00 5.5177813e+00 3.7618713e+00 2.5740249e+00 1.3568598e-01
  1.6042171e+00 3.2434115e+00 1.3344672e+00 6.0410655e-01 9.7196929e-02
  4.5670323e+00 4.7943425e+00 3.1670203e+00 1.8336515e+00 5.1147008e-01
  7.2653337e+00 9.2270195e-01 3.1313291e+00 2.7799072e+00 2.7737169e+00
  2.7726064e+00 5.3453729e-02 7.8310423e+00 6.0524410e-01 3.0506294e+00
  8.1313324e+00 1.2334095e+00 9.2918959e+00 5.7199945e+00 9.4082098e+00
  9.4520855e-01 1.6573502e+01 1.0859828e+00 7.5706333e-01 1.1197363e+00
  1.1360108e+01 1.4112788e+00]]