[[5.51804960e-01 2.54936790e+00 7.16831535e-02 3.76004249e-01
  6.12822294e-01 3.48672724e+00 8.35774422e+00 1.53160587e-01
  4.55304146e+00 9.51388061e-01 2.28846312e+00 1.50498402e+00
  2.94325089e+00 2.70745230e+00 3.42153406e+00 1.64222920e+00
  2.66544223e-01 8.80632043e-01 0.00000000e+00 3.77135110e+00
  7.50512779e-02 1.08443127e+01 3.18237948e+00 2.59613729e+00
  6.48203567e-02 6.99706650e+00 1.42211342e+00 6.42636418e-01
  1.63771415e+00 0.00000000e+00 5.34357309e-01 0.00000000e+00
  6.27359569e-01 8.24680233e+00 4.18323278e-01 2.73579121e+00
  5.41198969e+00 0.00000000e+00 6.17863369e+00 3.14010453e+00
  1.98975360e+00 2.00225139e+00 1.01183772e+00 2.54642320e+00
  2.44032681e-01 3.13147378e+00 5.35026503e+00 0.00000000e+00
  4.44306898e+00 9.81786907e-01 1.26590812e+00 2.53976202e+00
  1.09978628e+00 4.53640193e-01 9.50063765e-01 3.56846642e+00
  8.08308661e-01 2.06998158e+00 3.74230337e+00 0.00000000e+00
  7.91821718e-01 2.77743316e+00 4.65731430e+00 8.98783302e+00
  1.30219960e+00 1.05354071e+00 2.62525320e+00 5.69436073e-01
  9.80341852e-01 9.26110148e-01 4.59773302e-01 3.52462745e+00
  1.95755398e+00 1.49447308e+01 1.24592905e+01 4.31971121e+00
  4.83028531e-01 2.63150406e+00 0.00000000e+00 3.13947749e+00
  1.87241006e+00 1.99372017e+00 9.80493844e-01 2.71470875e-01
  2.31733656e+00 7.32375479e+00 0.00000000e+00 0.00000000e+00
  4.30637074e+00 9.85883236e-01 6.80652189e+00 3.79633999e+00
  4.26966883e-02 5.24473667e+00 8.25001240e+00 1.44793764e-01
  1.40591061e+00 2.28854823e+00 2.62764788e+00 6.19850540e+00
  2.90790349e-01 1.56878543e+00 6.49728394e+00 4.34886551e+00
  1.61341563e-01 1.73549533e+00 2.33053112e+00 0.00000000e+00
  7.37064064e-01 1.37148649e-01 8.47403228e-01 0.00000000e+00
  1.31166399e-01 1.65740371e+00 1.07234180e+00 1.12653673e+00
  7.83288193e+00 4.52849674e+00 4.36755180e+00 1.74511552e+00
  9.40899730e-01 1.09940624e+00 0.00000000e+00 6.79510498e+00
  2.22634614e-01 3.18582964e+00 8.54018569e-01 5.73347360e-02
  3.41217852e+00 1.61450005e+01 3.63618612e-01 3.09589195e+00
  3.63711953e+00 0.00000000e+00 2.23561692e+00 1.50860941e+00
  4.59478736e-01 2.29696465e+00 7.95960546e-01 1.83027351e+00
  0.00000000e+00 1.22549377e-01 3.36198926e-01 6.03801203e+00
  2.78907061e-01 2.93390632e+00 8.21639419e-01 1.68861121e-01
  7.65271962e-01 1.78876102e+00 1.13516104e+00 8.41368854e-01
  1.79694712e+00 2.39108533e-01 1.75141335e+00 0.00000000e+00
  4.02485132e-01 1.33105409e+00 1.34221718e-01 2.35704374e+00
  6.91312850e-01 7.16911840e+00 4.72457314e+00 2.91790199e+00
  2.69108415e+00 2.84717917e+00 7.14428648e-02 6.58442163e+00
  0.00000000e+00 1.23988247e+00 5.30973339e+00 1.87902677e+00
  9.99515629e+00 4.21658963e-01 6.21478975e-01 4.89254808e+00
  1.84217215e+00 1.19984198e+00 9.45655537e+00 3.89727759e+00
  3.25560182e-01 0.00000000e+00 7.99997091e+00 5.72331727e-01
  0.00000000e+00 7.79156506e-01 2.42911530e+00 4.57258272e+00
  2.32714558e+00 3.55188990e+00 3.52632380e+00 0.00000000e+00
  2.80279100e-01 2.14332600e+01 5.22956753e+00 7.96028733e-01
  2.87105179e+00 1.44674563e+00 1.60343313e+00 1.86810791e-02
  3.27460837e+00 1.51632094e+00 1.35985053e+00 3.03583407e+00
  1.97882044e+00 4.00039816e+00 1.93681931e+00 6.25394154e+00
  4.57196563e-01 1.67841282e+01 1.28483224e+00 2.67046547e+00
  0.00000000e+00 5.12951708e+00 5.02034962e-01 2.48745799e-01
  5.92192888e-01 1.62363040e+00 3.70260745e-01 1.92082465e+00
  2.08498016e-01 7.74811983e+00 6.71420455e-01 1.39984524e+00
  3.12467170e+00 5.04211235e+00 1.03683150e+00 2.51450014e+00
  9.63063717e-01 1.85703361e+00 7.93632329e-01 5.60495853e-01
  4.60613441e+00 2.81836033e+00 2.73434067e+00 9.72911894e-01
  5.74219704e+00 6.81359005e+00 5.85639620e+00 1.98456264e+00
  5.54755211e-01 3.23076487e-01 2.27131772e+00 3.02299595e+00
  9.64958012e-01 7.74985218e+00 8.03981018e+00 9.13661718e-01
  1.22980011e+00 3.95372486e+00 3.88941884e+00 3.91645241e+00
  1.11490631e+00 1.43750906e+00 8.72907639e+00 1.27728516e-02
  1.52112103e+00 1.88893044e+00 3.15229964e+00 2.77878690e+00
  0.00000000e+00 1.21694660e+00 0.00000000e+00 1.00549054e+00
  5.17809296e+00 7.82663703e-01 3.77756089e-01 1.91207671e+00
  5.53632832e+00 6.57018065e-01 4.25987911e+00 0.00000000e+00
  1.43883920e+00 2.51700354e+00 2.55762148e+00 1.53347564e+00
  7.39171600e+00 9.41612959e-01 0.00000000e+00 4.21097219e-01
  1.17137280e+01 3.00066710e+00 6.01044750e+00 4.36637402e+00
  2.56551647e+00 0.00000000e+00 4.76701021e+00 3.55913377e+00
  3.53903794e+00 3.16109180e+00 1.71084654e+00 3.70962024e-01
  5.37982345e-01 2.49845362e+00 3.41625810e+00 1.17065227e+00
  1.01762962e+00 0.00000000e+00 0.00000000e+00 1.16999403e-01
  6.41113472e+00 2.68601584e+00 3.12711143e+00 2.19566989e+00
  9.40331042e-01 1.34700918e+00 7.16451228e-01 1.29373240e+00
  2.20923233e+00 2.17347765e+00 3.17965531e+00 2.43309903e+00
  2.41378570e+00 3.18169022e+00 5.05773735e+00 5.72079599e-01
  1.76939356e+00 1.11450882e+01 8.15956593e-01 6.16147518e+00
  4.78692961e+00 3.80534601e+00 2.54825521e+00 2.26962256e+00
  3.64114189e+00 1.71009064e+00 6.19085312e+00 1.33490312e+00
  5.07748985e+00 1.53436887e+00 3.39382589e-01 1.14013519e+01
  2.38350868e+00 1.01928365e+00 3.22221351e+00 5.84438944e+00
  1.25505388e+00 3.07099104e+00 7.74938774e+00 1.79292870e+00
  9.30355024e-03 0.00000000e+00 5.71869850e-01 1.36236525e+00
  7.92647481e-01 1.83206487e+00 1.32390559e+00 5.49853265e-01
  2.59590912e+00 4.70974624e-01 0.00000000e+00 3.35305977e+00
  1.55434296e-01 4.69321537e+00 3.55586410e+00 7.14677691e-01
  5.97823799e-01 1.38337126e+01 2.97248816e+00 1.63775897e+00
  3.58456397e+00 0.00000000e+00 3.70388675e+00 2.08088350e+00
  6.50222588e+00 5.27600884e-01 1.25637884e+01 3.06108189e+00
  8.03362608e-01 2.82803226e+00 1.34263039e+00 1.19607234e+00
  0.00000000e+00 1.99310601e+00 3.62502217e+00 2.12016058e+00
  6.40397191e-01 3.78849459e+00 0.00000000e+00 7.13615561e+00
  3.94497991e+00 6.66526020e-01 2.70061135e+00 2.22008848e+00
  3.30768132e+00 3.18112612e+00 2.16376519e+00 2.33725877e-03
  3.47358853e-01 4.65534878e+00 1.79435313e+00 1.11953926e+00
  8.70515633e+00 2.32000804e+00 0.00000000e+00 2.19710708e+00
  5.26346684e+00 2.22864866e+00 3.10114455e+00 3.21451008e-01
  1.33929384e+00 1.71088772e+01 0.00000000e+00 7.65615606e+00
  6.84118223e+00 4.91491556e+00 4.49794531e+00 1.56168476e-01
  0.00000000e+00 6.06649458e-01 8.19431496e+00 4.00454283e+00
  0.00000000e+00 1.71693098e-02 1.74669123e+00 0.00000000e+00
  0.00000000e+00 3.45412278e+00 4.61799711e-01 6.75568104e-01
  1.02849388e+00 3.99185479e-01 1.41807473e+00 3.45572090e+00
  0.00000000e+00 0.00000000e+00 2.95459008e+00 3.67655778e+00
  3.74782324e+00 2.32239842e-01 9.49291897e+00 5.21947622e+00
  1.86956406e+01 3.58001888e-02 0.00000000e+00 2.76386952e+00
  1.62140238e+00 4.35533524e+00 1.10649967e+00 4.32951784e+00
  1.99355066e+00 5.29399335e-01 6.58740461e-01 8.21648884e+00
  1.97982162e-01 4.82712716e-01 2.36368895e+00 1.54333138e+00
  0.00000000e+00 1.54917824e+00 2.74215311e-01 5.19550467e+00
  1.86312616e+00 3.03614169e-01 3.09544778e+00 2.21452641e+00
  1.91758466e+00 3.04398775e+00 7.56177378e+00 3.42308021e+00
  1.76046360e+00 1.70512831e+00 3.48569107e+00 4.84851673e-02
  2.41102886e+00 7.37810612e-01 6.24462605e-01 5.39968729e-01
  4.67153883e+00 1.54178250e+00 4.50535059e+00 3.59295940e+00
  6.29499018e-01 7.26271725e+00 1.05375123e+00 1.77486479e+00
  3.80328238e-01 2.56507341e-02 2.59924483e+00 7.92725623e-01
  1.89585114e+00 0.00000000e+00 1.12844324e+00 3.46414757e+00
  7.34048665e-01 7.42795825e-01 2.26952934e+00 0.00000000e+00
  2.30182600e+00 0.00000000e+00 1.71883690e+00 5.17596817e+00
  2.59034562e+00 1.00005894e+01 5.23190975e+00 2.21786785e+00
  0.00000000e+00 2.18972182e+00 2.67891145e+00 4.92948562e-01
  4.96107054e+00 5.72961390e-01 8.58801746e+00 3.92977536e-01
  3.81305122e+00 2.70521641e+00 3.39662862e+00 2.16111517e+00
  2.57963586e+00 1.56023109e+00 9.83606243e+00 2.06950665e+00]]