[[1.67550576e+00 4.47602838e-01 1.59322187e-01 1.20478857e+00
  0.00000000e+00 1.44819224e+00 3.28859115e+00 0.00000000e+00
  3.54122925e+00 2.33667612e+00 3.18357563e+00 1.53759456e+00
  3.63957143e+00 1.30806184e+00 2.15056443e+00 2.44150177e-01
  2.96526456e+00 4.20163822e+00 8.19320619e-01 1.49591362e+00
  0.00000000e+00 1.52060866e+00 1.84547389e+00 1.50388086e+00
  7.04765499e-01 4.66682196e+00 8.20166111e+00 1.00156903e+00
  1.08646834e+00 2.40878284e-01 8.66651908e-02 1.00666177e+00
  3.31415594e-01 3.14881396e+00 1.73439288e+00 6.95111656e+00
  5.23317814e-01 7.31516063e-01 3.85503769e+00 2.58660173e+00
  1.06567430e+01 5.01280355e+00 3.14754534e+00 6.00289965e+00
  1.66165042e+00 2.14434838e+00 3.75865340e+00 4.10622537e-01
  2.62281013e+00 3.76058769e+00 4.42042971e+00 1.88170612e-01
  7.22411051e-02 1.73032165e+00 6.47237062e-01 2.95116806e+00
  7.55723536e-01 2.29378271e+00 9.00347412e-01 4.88676697e-01
  3.08661079e+00 2.43302417e+00 1.75642920e+00 1.68875110e+00
  3.16926837e-02 1.19653738e+00 1.37041926e+00 6.37590468e-01
  5.56353867e-01 4.52620506e+00 1.72211242e+00 1.70603395e+00
  7.14766073e+00 1.82464385e+00 7.39843369e+00 1.72112620e+00
  4.11731414e-02 4.64017677e+00 4.39999923e-02 0.00000000e+00
  2.86453485e-01 6.14729357e+00 2.14346245e-01 4.32735538e+00
  2.13472828e-01 3.23968410e+00 1.66359305e-01 1.37611914e+00
  1.14714932e+00 1.60282540e+00 2.01025820e+00 2.49517322e-01
  0.00000000e+00 3.15554738e+00 1.06252232e+01 1.00329745e+00
  1.24307048e+00 1.10245191e-01 4.07392406e+00 4.13517427e+00
  1.51872647e+00 2.57084846e+00 2.11284351e+00 1.75210011e+00
  9.37618241e-02 0.00000000e+00 2.50938368e+00 7.75667608e-01
  1.92156494e-01 1.73069119e+00 1.04702210e+00 7.42126465e-01
  1.04446697e+00 2.72302270e-01 2.72662020e+00 3.11691403e-01
  4.94100046e+00 4.27229929e+00 2.16178155e+00 1.32181299e+00
  8.77665877e-01 1.85869431e+00 2.06162262e+00 4.33025694e+00
  1.44844249e-01 1.46815193e+00 2.97453380e+00 1.70652533e+00
  1.34376490e+00 5.25871992e+00 1.14579022e+00 6.62410438e-01
  6.94334507e-01 7.74060562e-02 2.42688680e+00 2.86303210e+00
  1.79564953e+00 1.78115442e-01 2.33788824e+00 5.64232826e-01
  3.43455106e-01 6.84519172e-01 7.30215162e-02 3.36450768e+00
  1.91460431e+00 1.69704723e+00 4.99411154e+00 1.78277779e+00
  0.00000000e+00 1.67044431e-01 7.05816627e-01 7.40959167e-01
  1.74858451e-01 1.02455461e+00 5.29017568e-01 1.87522456e-01
  2.53258385e-02 1.36668968e+00 1.37590635e+00 1.09129095e+00
  4.85894412e-01 1.57191068e-01 3.76894236e+00 3.19931030e+00
  1.24868727e+00 1.00172639e+00 1.19786918e+00 3.23073196e+00
  1.22912335e+00 2.58120155e+00 5.40320253e+00 1.42204905e+00
  4.44604778e+00 8.47083509e-01 1.18616962e+00 1.28531036e+01
  7.52780378e-01 1.58942044e+00 1.08237195e+00 1.74110126e+00
  0.00000000e+00 2.82832336e+00 3.09097695e+00 7.91292548e-01
  1.46023825e-01 5.67870021e-01 1.49352276e+00 4.55213261e+00
  4.12628508e+00 5.14843047e-01 0.00000000e+00 3.39001393e+00
  0.00000000e+00 1.08308315e+01 1.02444494e+00 0.00000000e+00
  1.71124029e+00 1.07748441e-01 4.06045961e+00 2.40767884e+00
  7.26605463e+00 1.66993034e+00 7.01572657e-01 9.13211155e+00
  2.36056352e+00 6.86436796e+00 2.36637187e+00 2.07191229e+00
  2.33200645e+00 5.56838036e+00 2.03538799e+00 3.01551133e-01
  0.00000000e+00 2.78247237e+00 1.74456641e-01 1.70623410e+00
  4.34293842e+00 9.71107483e+00 3.10995483e+00 2.53076291e+00
  3.56952620e+00 8.38374901e+00 9.71939147e-01 1.85512736e-01
  2.44159269e+00 8.18576813e-01 3.34933639e+00 4.33724499e+00
  1.14863046e-01 1.52166831e+00 8.23812962e-01 7.81038570e+00
  2.53181148e+00 5.52313566e+00 2.60873258e-01 3.69471848e-01
  3.27372956e+00 4.83798742e-01 2.80605650e+00 1.89818656e+00
  9.31546509e-01 3.73618603e-02 4.93349396e-02 5.54078531e+00
  1.51366425e+00 3.70410585e+00 3.43259096e+00 6.23413682e-01
  2.58358645e+00 6.31880105e-01 2.22803879e+00 8.89607668e-01
  2.77537155e+00 4.48732090e+00 7.71694469e+00 1.53968620e+00
  1.14382100e+00 0.00000000e+00 1.42196190e+00 0.00000000e+00
  0.00000000e+00 1.21783257e+00 0.00000000e+00 3.53007019e-01
  1.24612689e+00 7.95201182e-01 1.61545992e-01 1.65076137e+00
  1.23719203e+00 5.13952315e-01 1.00041962e+01 0.00000000e+00
  1.68569899e+00 4.45288420e+00 0.00000000e+00 9.80642974e-01
  3.36011744e+00 7.12591529e-01 1.72435665e+00 2.51196122e+00
  6.89773798e+00 1.37493813e+00 3.22792172e-01 4.45762491e+00
  6.57635355e+00 4.15585071e-01 1.79885757e+00 1.45512450e+00
  1.33157206e+00 3.76187634e+00 4.28697430e-02 3.48766536e-01
  8.91487694e+00 8.73012543e+00 5.74175406e+00 1.24810326e+00
  0.00000000e+00 1.31626701e+00 4.38400418e-01 7.59260774e-01
  6.28728747e-01 2.26954174e+00 3.77346158e+00 2.76301116e-01
  2.19083738e+00 1.49665034e+00 3.13975990e-01 5.25933075e+00
  4.46111441e-01 1.39013886e+00 1.32296205e+00 7.86811113e+00
  1.87228286e+00 6.31044865e-01 2.57924128e+00 2.57091880e+00
  3.11106157e+00 2.12981987e+00 4.12658691e-01 7.23049164e+00
  1.11779785e+00 1.70456100e+00 3.89381289e+00 9.18897450e-01
  3.75824308e+00 2.18688250e+00 7.42692709e+00 4.38652277e-01
  2.14724350e+00 2.09651303e+00 2.73403192e+00 8.38886857e-01
  1.50762331e+00 0.00000000e+00 1.54992509e+00 2.84053159e+00
  8.67836535e-01 2.59260178e+00 4.14273167e+00 5.54463863e-01
  0.00000000e+00 5.63277245e-01 3.03450584e+00 6.85613811e-01
  5.67851210e+00 4.85737324e-01 4.17334890e+00 3.20074773e+00
  1.12287700e+00 2.32303548e+00 2.80798167e-01 8.88991833e-01
  2.16605234e+00 3.50967979e+00 4.82144928e+00 3.46607685e+00
  1.21919167e+00 9.71594334e-01 1.06729186e+00 1.63305962e+00
  1.36786416e-01 2.98188400e+00 2.28424859e+00 4.35772568e-01
  5.23385239e+00 6.80176318e-01 7.27672040e-01 0.00000000e+00
  1.87220252e+00 1.06057205e+01 1.71302140e-01 1.23869479e+00
  5.15625834e-01 3.40340805e+00 5.97969007e+00 9.09965262e-02
  2.76483774e+00 4.52456427e+00 2.35253787e+00 1.28097451e+00
  6.21217728e+00 4.07730913e+00 2.11766315e+00 6.53984249e-01
  5.57430029e+00 8.10773373e-01 3.18447447e+00 1.07778621e+00
  3.00059229e-01 4.78215885e+00 6.80061483e+00 2.85301358e-01
  1.51135778e+00 1.70538044e+00 0.00000000e+00 2.73790383e+00
  1.65508080e+00 1.37311959e+00 1.15267062e+00 7.29932487e-01
  8.15072596e-01 2.57952166e+00 3.19998193e+00 4.52897310e+00
  1.56389463e+00 6.93630219e+00 1.24271274e+00 2.39957005e-01
  0.00000000e+00 3.94652390e+00 7.22636163e-01 3.46226883e+00
  2.25616142e-01 2.87056088e+00 3.61037701e-01 6.97793305e-01
  7.39779592e-01 7.74526119e-01 2.74121404e+00 1.20329785e+00
  3.05649948e+00 2.03011942e+00 5.86094952e+00 1.48508096e+00
  4.22749817e-01 3.89656991e-01 2.32587266e+00 1.86436787e-01
  1.84357107e+00 0.00000000e+00 1.20332457e-01 4.50381470e+00
  1.57324505e+00 4.30587101e+00 0.00000000e+00 3.57171506e-01
  2.54012775e+00 0.00000000e+00 2.79411465e-01 3.02518320e+00
  1.54150331e+00 2.03020394e-01 0.00000000e+00 1.31547308e+01
  5.44111967e-01 6.17027044e-01 3.70124817e+00 2.70861650e+00
  0.00000000e+00 3.68204415e-01 6.91837370e-01 1.65108812e+00
  7.72854447e-01 4.79996824e+00 1.47744739e+00 2.87931728e+00
  3.42655921e+00 2.97650480e+00 3.76408482e+00 4.08763170e+00
  5.25465012e-02 8.67323577e-01 2.33899072e-01 7.06395149e-01
  4.99440163e-01 9.25111949e-01 2.68038213e-01 2.08626342e+00
  1.06963730e+00 2.12968016e+00 5.71564388e+00 3.65479022e-01
  4.71552801e+00 1.17443919e+00 0.00000000e+00 0.00000000e+00
  6.27538252e+00 2.31899405e+00 8.68843365e+00 3.07424355e+00
  4.00007057e+00 1.07316804e+00 6.58901632e-01 4.01574039e+00
  2.26189756e+00 2.05052495e+00 1.79807425e+00 2.68157792e+00
  5.34052753e+00 1.71601665e+00 1.06027804e-01 5.28828096e+00
  1.28805602e+00 8.57314873e+00 6.69888783e+00 1.30381584e+00
  1.50360763e+00 2.49581546e-01 1.73127091e+00 5.12444401e+00
  5.74905217e-01 4.32504129e+00 9.02030647e-01 9.29020703e-01
  2.95620352e-01 6.33021057e-01 1.71640457e-03 2.16434836e+00
  3.27929187e+00 1.51168883e+00 1.79292393e+00 1.81520855e+00]]