[[9.93824601e-01 2.82763195e+00 2.44426537e+00 0.00000000e+00
  9.52935576e-01 2.10937166e+00 5.64899635e+00 3.47130203e+00
  1.52792156e+00 1.42634296e+00 3.34313560e+00 2.18921471e+00
  1.76227522e+00 3.98224783e+00 2.68332481e+00 2.02656221e+00
  2.51154399e+00 3.48008633e+00 0.00000000e+00 1.17835855e+00
  1.11676145e+00 1.13927622e+01 3.44191360e+00 0.00000000e+00
  9.93882298e-01 8.12975597e+00 0.00000000e+00 5.42493880e-01
  2.74388957e+00 7.93356466e+00 2.67254663e+00 0.00000000e+00
  6.18663013e-01 1.27488470e+01 2.52626538e-01 0.00000000e+00
  1.35877228e+00 3.37031454e-01 1.46931734e+01 4.72085655e-01
  4.37464428e+00 2.51769876e+00 1.41297233e+00 6.65550756e+00
  3.77465412e-02 4.05570936e+00 2.16796565e+00 0.00000000e+00
  2.62049127e+00 1.95339715e+00 1.30932285e-02 1.64317381e+00
  5.91048710e-02 0.00000000e+00 1.52871454e+00 4.19835091e+00
  3.34020090e+00 3.91256237e+00 1.65729761e+00 1.02953874e-01
  2.61962771e+00 1.36129546e+00 3.97787857e+00 4.00731802e+00
  0.00000000e+00 6.46846667e-02 2.45658231e+00 1.45579353e-01
  7.98067212e-01 1.75731897e+00 1.29844809e+00 4.57679653e+00
  4.18738222e+00 4.01347828e+00 8.01423073e+00 1.12993765e+00
  7.50473082e-01 2.60931522e-01 0.00000000e+00 0.00000000e+00
  3.96241355e+00 1.86834574e+00 4.49704456e+00 9.93063375e-02
  7.43523932e+00 6.85227871e+00 0.00000000e+00 2.68187594e+00
  7.92905045e+00 3.48172516e-01 3.94900799e+00 4.91514587e+00
  0.00000000e+00 1.50117712e+01 7.02963591e+00 6.08748317e-01
  5.32027388e+00 2.70439434e+00 6.31358051e+00 1.26495323e+01
  1.35968339e+00 3.59578371e+00 1.07259560e+01 3.02785540e+00
  6.17169261e-01 0.00000000e+00 0.00000000e+00 4.43721801e-01
  8.35117817e+00 7.87454081e+00 4.01052999e+00 1.36923656e-01
  1.94409037e+00 1.15207896e-01 4.76823711e+00 0.00000000e+00
  8.30508518e+00 0.00000000e+00 3.51452470e+00 2.21578741e+00
  0.00000000e+00 1.96141863e+00 6.98440075e-01 7.61186123e+00
  4.19495249e+00 1.55919755e+00 1.10231447e+00 0.00000000e+00
  3.43761897e+00 1.17598848e+01 5.95255947e+00 6.23449385e-01
  5.43976259e+00 3.90320629e-01 2.25003529e+00 2.78274560e+00
  1.74894810e+00 0.00000000e+00 1.50286829e+00 0.00000000e+00
  2.72460532e+00 8.10927674e-02 0.00000000e+00 8.98471355e+00
  7.71688890e+00 7.95163989e-01 3.13624293e-01 0.00000000e+00
  0.00000000e+00 1.25402522e+00 0.00000000e+00 2.43890023e+00
  3.20507169e+00 1.84355482e-01 2.73416233e+00 2.00725746e+00
  3.20692718e-01 9.67558265e-01 9.28136766e-01 4.32093239e+00
  2.95409155e+00 3.87502861e+00 6.48935890e+00 6.52414039e-02
  4.02005959e+00 3.62972927e+00 0.00000000e+00 2.68464994e+00
  2.73067498e+00 6.70968652e-01 6.31359816e+00 1.88065732e+00
  7.33033228e+00 3.20281237e-01 2.04184747e+00 2.86088538e+00
  1.65397257e-01 4.58781384e-02 1.00752945e+01 7.84984493e+00
  0.00000000e+00 0.00000000e+00 8.93865681e+00 0.00000000e+00
  2.03448057e+00 3.13847303e-01 3.62378430e+00 6.91597223e-01
  3.00565541e-01 4.42866373e+00 3.14598656e+00 4.36710984e-01
  0.00000000e+00 1.54053097e+01 4.10038280e+00 5.46758950e-01
  2.15982223e+00 2.91845393e+00 5.39944410e+00 5.67079306e-01
  5.63167906e+00 9.77518380e-01 2.93194026e-01 1.75154781e+00
  0.00000000e+00 2.82234931e+00 4.70805597e+00 4.77607775e+00
  1.19095162e-01 7.91816568e+00 7.41434097e+00 6.91350651e+00
  5.47411501e-01 1.71542501e+00 3.06084812e-01 9.49953794e-01
  2.95399368e-01 7.38485050e+00 9.85565484e-02 2.72967029e+00
  0.00000000e+00 1.68649445e+01 5.64364612e-01 3.27868271e+00
  1.26879787e+00 4.85710287e+00 3.03343368e+00 4.17552567e+00
  6.85785103e+00 6.66934967e-01 3.97255957e-01 2.69383311e+00
  1.36078453e+00 1.45340216e+00 1.56926942e+00 0.00000000e+00
  7.82591164e-01 1.15501189e+00 1.20751989e+00 5.60990453e-01
  2.70150018e+00 9.11529541e-01 3.14187837e+00 5.77514839e+00
  1.06877232e+00 6.94786978e+00 9.05915165e+00 9.69828010e-01
  6.70643449e-01 5.24428177e+00 5.40827326e-02 4.15058613e+00
  4.56551743e+00 9.45853889e-01 2.94055510e+00 1.33560288e+00
  2.51255488e+00 6.21847153e+00 5.89532948e+00 4.22253704e+00
  2.78822511e-01 6.82079017e-01 0.00000000e+00 3.98404431e+00
  4.26484346e+00 3.12547833e-01 2.81371146e-01 2.88775229e+00
  1.04850340e+01 5.99737227e-01 3.43242168e+00 0.00000000e+00
  1.03166223e+00 2.97937799e+00 2.91384315e+00 3.05782509e+00
  4.68320227e+00 1.32693624e+00 1.11547732e+00 3.27242129e-02
  2.11918998e+00 1.12693977e+00 6.44738734e-01 3.04727745e+00
  0.00000000e+00 0.00000000e+00 1.02207708e+01 1.69740283e+00
  6.71724701e+00 5.81114101e+00 7.11763799e-01 0.00000000e+00
  3.07837224e+00 3.17247301e-01 2.25557613e+00 9.52512932e+00
  3.83208059e-02 1.65256417e+00 1.20464541e-01 5.28582372e-03
  4.46761131e+00 1.91080797e+00 2.57171965e+00 1.15453577e+00
  6.42589808e-01 6.15132236e+00 3.17896318e+00 7.64614940e-01
  2.91531652e-01 0.00000000e+00 2.82623911e+00 9.79274273e-01
  0.00000000e+00 8.82753015e-01 6.30950987e-01 1.73237455e+00
  1.27819204e+00 7.59890318e+00 7.37591460e-02 2.87688422e+00
  3.91815972e+00 1.61266375e+00 2.19403768e+00 2.39430857e+00
  2.88801479e+00 3.69834423e+00 3.48056960e+00 2.01777434e+00
  2.38234115e+00 4.76866913e+00 4.55674492e-02 2.35104632e+00
  9.86831248e-01 4.21034861e+00 2.95471883e+00 6.66376972e+00
  3.13202929e+00 2.78509903e+00 1.70885873e+00 8.03598225e-01
  4.87410337e-01 0.00000000e+00 2.51472020e+00 2.62505317e+00
  3.29050374e+00 9.37622368e-01 1.58324790e+00 6.99740350e-01
  6.11385226e-01 7.39705145e-01 0.00000000e+00 1.23232150e+00
  1.54378507e-02 3.15499783e+00 4.70696640e+00 9.23954993e-02
  7.84496737e+00 6.88412285e+00 8.33373010e-01 6.54138207e-01
  1.08936892e+01 7.15505004e-01 1.11617155e+01 1.84096134e+00
  9.59944439e+00 4.30015981e-01 1.89399567e+01 1.30990252e-01
  2.07729042e-01 1.05651557e+00 2.87109744e-02 7.45914876e-01
  6.79292679e+00 1.46281242e+00 2.95481563e+00 8.22392285e-01
  1.83773136e+00 4.90067291e+00 1.77944803e+00 1.12169971e+01
  6.09703541e-01 5.23497534e+00 3.03223228e+00 1.02045608e+00
  2.25784779e+00 1.27709079e+00 2.54189324e+00 1.43159434e-01
  0.00000000e+00 6.09393167e+00 3.34865403e+00 1.28979540e+00
  3.97632217e+00 0.00000000e+00 4.66345966e-01 1.78187823e+00
  2.87236309e+00 1.58819127e+00 4.94833279e+00 4.96186161e+00
  1.02234817e+00 2.22384167e+01 3.15617752e+00 1.59268894e+01
  6.02409184e-01 8.24377060e+00 4.48424435e+00 2.63630915e+00
  0.00000000e+00 1.26771069e+00 1.65441017e+01 1.81605792e+00
  6.56340539e-01 5.22399247e-01 6.90145552e-01 3.09718966e+00
  2.33427906e+00 3.15703440e+00 1.79117072e+00 3.71814609e+00
  5.62531471e+00 1.71891320e-02 1.32752979e+00 9.82058287e-01
  3.48547518e-01 4.78963554e-01 4.21925247e-01 4.93856147e-02
  1.01300311e+00 5.44738472e-01 5.96123648e+00 2.65743947e+00
  8.29978752e+00 0.00000000e+00 2.61247128e-01 3.61715388e+00
  3.72317612e-01 1.33490336e+00 1.85147595e+00 1.53511643e+00
  2.59408426e+00 3.32830340e-01 5.14862537e-01 1.79428577e+01
  6.95224702e-01 6.59891009e-01 6.63239002e-01 2.30825639e+00
  4.19146836e-01 0.00000000e+00 3.69581890e+00 1.17976074e+01
  3.66154456e+00 2.47197914e+00 7.05781269e+00 1.24525237e+00
  1.14201772e+00 2.15979815e+00 8.34878802e-01 4.00388527e+00
  9.02858198e-01 1.50829363e+00 4.17718744e+00 2.55226779e+00
  1.07925415e-01 1.02593517e+00 1.84038627e+00 2.98994756e+00
  2.18422771e+00 1.71949017e+00 5.87271154e-01 8.22115541e-01
  0.00000000e+00 8.00854778e+00 2.13307023e+00 2.05427122e+00
  0.00000000e+00 1.85466170e+00 6.52556086e+00 2.66372919e-01
  4.59904003e+00 0.00000000e+00 8.96139526e+00 4.25962734e+00
  0.00000000e+00 3.56373072e+00 7.96882153e-01 3.40959668e+00
  0.00000000e+00 2.26585102e+00 2.75124002e+00 3.61186504e+00
  2.21901083e+00 6.37801456e+00 8.75643909e-01 5.89775562e+00
  3.65358852e-02 7.83072281e+00 1.96510160e+00 6.64290905e-01
  1.04432797e+00 2.15343523e+00 1.19302216e+01 2.12733471e-03
  9.33305359e+00 0.00000000e+00 2.51905084e+00 7.94852793e-01
  1.35229254e+00 2.79192328e+00 5.11989403e+00 0.00000000e+00]]