[[1.69331059e-01 1.73451197e+00 9.75178540e-01 0.00000000e+00
  7.27813661e-01 8.78021431e+00 4.66335583e+00 7.32664585e+00
  7.80774951e-01 3.36313605e+00 4.27985811e+00 1.86925256e+00
  2.42698431e+00 4.07366657e+00 2.63234186e+00 2.02249694e+00
  1.17338014e+00 7.55388319e-01 3.05341482e-01 6.79842377e+00
  1.87151754e+00 1.38000107e+01 3.52388114e-01 0.00000000e+00
  1.04545331e+00 6.79922342e+00 0.00000000e+00 3.25925708e-01
  1.52071536e+00 0.00000000e+00 1.65735707e-01 1.43655872e+00
  5.62107712e-02 2.34031534e+00 3.62087727e-01 0.00000000e+00
  1.90353751e+00 0.00000000e+00 1.86773932e+00 1.31204569e+00
  1.22300911e+01 7.66641498e-02 1.21217155e+00 7.76870966e+00
  1.08598077e+00 7.47685790e-01 2.98520231e+00 8.83522892e+00
  7.85505772e+00 4.41369981e-01 1.07166076e+00 5.10686457e-01
  2.69714504e-01 1.28396839e-01 1.32413876e+00 2.17601514e+00
  1.03158770e+01 3.84577543e-01 3.73872781e+00 2.31384784e-01
  7.38321960e-01 2.55103683e+00 4.62396812e+00 7.23175859e+00
  1.89646065e+00 1.60894215e+00 0.00000000e+00 1.11124587e+00
  1.53670239e+00 3.08424234e-01 8.86287975e+00 6.36463785e+00
  2.46613443e-01 1.11800985e+01 1.05314245e+01 5.63145542e+00
  0.00000000e+00 6.62403107e+00 2.17366144e-01 3.56091094e+00
  1.19468975e+00 4.56926346e+00 3.81387091e+00 4.96550846e+00
  5.33205318e+00 8.42510986e+00 8.99063110e-01 1.13107443e+00
  6.06540620e-01 7.92547822e-01 8.13447189e+00 7.26939631e+00
  1.34128070e+00 3.55563974e+00 6.74178505e+00 2.08013635e-02
  3.81059742e+00 2.63071465e+00 9.66619778e+00 1.79483776e+01
  2.52423938e-02 1.21123004e+00 5.15482759e+00 2.03004694e+00
  2.57188946e-01 2.58892775e+00 9.18420911e-01 7.04619288e-01
  1.61944544e+00 5.58354950e+00 3.01406550e+00 4.32207918e+00
  2.54843783e+00 4.89949465e-01 2.47022557e+00 1.42665911e+00
  5.77108526e+00 2.22538757e+00 6.93989658e+00 1.33786249e+00
  1.12928283e+00 9.50842083e-01 1.18509793e+00 1.71629887e+01
  2.41477534e-01 4.23977137e+00 3.05335462e-01 2.69902647e-01
  1.70671022e+00 7.53828716e+00 6.21389961e+00 4.57844925e+00
  6.30817890e+00 9.13543761e-01 8.04627717e-01 1.86902177e+00
  8.56343627e-01 6.41181111e-01 1.70302677e+00 1.29293137e+01
  3.00461054e-01 1.77031183e+00 1.48178852e+00 5.44823980e+00
  2.64335155e+00 1.77125943e+00 8.43229175e-01 4.64690065e+00
  1.38295150e+00 2.51961350e+00 1.34198248e+00 5.39744043e+00
  3.58409524e-01 0.00000000e+00 3.40677118e+00 9.55156386e-01
  2.61011195e+00 5.29285049e+00 1.80660570e+00 5.37626791e+00
  1.04961172e-01 7.09143877e+00 5.57787132e+00 1.60464764e+00
  4.98597717e+00 2.86176157e+00 6.73543885e-02 3.80012780e-01
  6.09027386e-01 8.91386509e-01 2.39026815e-01 1.45727789e+00
  2.63730454e+00 5.46996021e+00 1.40219784e+00 1.78070068e+00
  0.00000000e+00 6.90342903e-01 9.34304333e+00 1.92501843e+00
  4.82016981e-01 1.01355219e+00 3.83921289e+00 1.04248857e+00
  6.17232418e+00 5.50191939e-01 6.70919657e+00 2.47571588e+00
  3.69740397e-01 3.36798930e+00 1.08844280e+01 7.54149616e-01
  9.59044695e-01 1.40700302e+01 2.29132712e-01 1.81108403e+00
  4.43016958e+00 2.18137884e+00 1.58566399e+01 1.81854951e+00
  5.47948837e+00 1.43238887e-01 1.52908313e+00 2.72997427e+00
  5.11471653e+00 3.09029460e+00 1.55275965e+00 3.87295222e+00
  4.90176857e-01 9.52067757e+00 6.49672270e+00 1.86779785e+00
  6.30474329e-01 8.07735252e+00 1.81932437e+00 4.89822477e-01
  9.61394012e-01 4.79579306e+00 4.23459351e-01 3.94274783e+00
  4.94796085e+00 4.99477768e+00 0.00000000e+00 4.63615417e-01
  1.06292315e+01 0.00000000e+00 5.99766135e-01 6.28966808e+00
  0.00000000e+00 1.27896376e+01 3.14064234e-01 2.80452538e+00
  2.57560223e-01 1.35155070e+00 2.86403131e+00 2.33703279e+00
  5.15658426e+00 5.22860384e+00 3.37483215e+00 1.72403842e-01
  1.47603083e+00 1.13616300e+00 1.13229406e+00 8.03201389e+00
  1.58260807e-01 7.76406622e+00 8.64321804e+00 9.05726433e-01
  1.34577692e+00 4.28605080e+00 2.78206968e+00 2.63787723e+00
  2.25177455e+00 5.68394995e+00 9.58267784e+00 1.13619757e+00
  7.39757538e-01 0.00000000e+00 1.87219696e+01 2.26419377e+00
  2.35576376e-01 2.33073786e-01 0.00000000e+00 0.00000000e+00
  1.64037514e+00 1.79027367e+00 6.06788814e-01 6.84064031e-02
  9.35127068e+00 7.86171928e-02 5.13359404e+00 1.25929356e+00
  0.00000000e+00 7.86838007e+00 4.83327770e+00 0.00000000e+00
  4.30808449e+00 3.27005219e+00 3.01997900e-01 3.91353869e+00
  1.17486010e+01 6.35428190e+00 9.63685703e+00 8.38750526e-02
  6.15686417e+00 1.11599520e-01 8.20224190e+00 1.10722315e+00
  2.12238836e+00 4.40082979e+00 9.02093828e-01 1.84853002e-01
  2.26267481e+00 2.37751484e+00 2.57021189e+00 1.69173634e+00
  8.94845009e-01 2.47937202e-01 5.72134554e-01 6.30277753e-01
  4.38175488e+00 6.15350676e+00 1.00378084e+01 7.96866059e-01
  0.00000000e+00 1.08805716e-01 4.59918690e+00 3.57409430e+00
  1.32314098e+00 3.79536462e+00 1.16735125e+00 1.47537365e+01
  4.54299593e+00 6.79638147e-01 2.83823252e+00 0.00000000e+00
  1.37475467e+00 8.56318665e+00 1.58205521e+00 6.38490379e-01
  5.08010238e-02 7.82857835e-01 3.23892188e+00 1.94636270e-01
  2.20878148e+00 7.83834219e+00 3.78164959e+00 5.28614902e+00
  4.26235723e+00 0.00000000e+00 2.02598378e-01 4.43355370e+00
  1.15273428e+00 4.16763115e+00 1.47762454e+00 1.13894057e+00
  8.66606903e+00 3.83590317e+00 1.51615162e+01 2.61939883e+00
  1.44986022e+00 2.01299334e+00 1.76657724e+00 4.15248775e+00
  2.04178905e+00 4.55340356e-01 8.30575287e-01 5.57861149e-01
  1.50669670e+00 6.64641142e-01 7.34057352e-02 0.00000000e+00
  1.56436276e+00 2.42754745e+00 2.52908111e+00 1.36213946e+00
  6.10248387e-01 1.25085373e+01 2.30456710e+00 1.52471960e+00
  5.30445623e+00 9.52575579e-02 1.15102005e+00 2.24974322e+00
  7.17241859e+00 2.28689694e+00 1.35589323e+01 4.68872339e-01
  5.57346165e-01 2.09941715e-01 1.53209317e+00 0.00000000e+00
  1.01778021e+01 7.90746689e+00 7.09755230e+00 2.46088457e+00
  1.49232566e+00 3.57759523e+00 0.00000000e+00 2.69383013e-01
  1.43380618e+00 4.82077885e+00 6.21337593e-01 6.52845740e-01
  3.73326278e+00 1.24551451e+00 7.00139093e+00 0.00000000e+00
  2.02149487e+00 7.88641167e+00 3.35885024e+00 4.89849806e+00
  1.20910501e+00 1.65763891e+00 0.00000000e+00 9.78406787e-01
  2.88769412e+00 1.15918243e+00 5.19053173e+00 1.83126535e-02
  4.04509842e-01 1.68100853e+01 3.10450220e+00 7.37980938e+00
  4.34551954e+00 1.86913443e+00 1.81992447e+00 0.00000000e+00
  2.13169783e-01 1.70420313e+00 3.12512898e+00 7.07829332e+00
  7.55899072e-01 1.50303006e+00 1.17655464e-01 4.11629009e+00
  5.89134276e-01 6.51338863e+00 6.34920061e-01 1.56009567e+00
  4.69274551e-01 2.10528398e+00 2.86304641e+00 3.49878573e+00
  1.80449629e+00 1.62002254e+00 3.33411145e+00 1.22585487e+00
  5.03578722e-01 2.55296797e-01 1.99309599e+00 2.54719710e+00
  1.82760601e+01 2.29236174e+00 0.00000000e+00 3.25424939e-01
  1.62528068e-01 1.47741747e+00 2.34805536e+00 8.28951359e+00
  3.78830457e+00 1.01138484e+00 0.00000000e+00 2.83943501e+01
  1.38244343e+00 0.00000000e+00 6.76323712e-01 1.95942426e+00
  0.00000000e+00 1.52341008e+00 5.13090992e+00 6.79663467e+00
  2.89349771e+00 3.33227253e+00 1.65681922e+00 0.00000000e+00
  5.63143873e+00 2.98522139e+00 5.11757612e+00 1.97055066e+00
  6.56632614e+00 1.03195682e-02 3.60953510e-01 6.39310300e-01
  1.53118544e+01 4.27018367e-02 2.51107597e+00 2.55074430e+00
  4.80116606e+00 1.49922478e+00 3.03723693e-01 2.91792274e+00
  3.12086964e+00 6.83616257e+00 2.87009716e-01 1.64832544e+00
  0.00000000e+00 2.49922824e+00 5.56233358e+00 4.34187144e-01
  2.38761735e+00 1.49410427e-01 2.14815378e+00 3.30010366e+00
  1.90536082e+00 7.48250067e-01 6.55575633e-01 6.39145216e-03
  3.11826396e+00 6.64536119e-01 1.19546783e+00 1.10673580e+01
  3.12316269e-01 3.66182280e+00 1.34828937e+00 4.07567352e-01
  5.97333765e+00 1.16796646e+01 5.12209940e+00 1.00273716e+00
  2.32172489e+00 1.34472084e+00 2.18327388e-01 3.98278737e+00
  4.54524088e+00 3.60756397e-01 2.96056437e+00 7.36430645e+00
  3.88331842e+00 2.61455798e+00 4.81232071e+00 0.00000000e+00]]