[[4.98749167e-01 9.26907361e-01 7.24929273e-01 6.18915498e-01
  7.52801061e-01 5.24502754e+00 8.24902594e-01 0.00000000e+00
  2.59598064e+00 1.55756485e+00 3.60654712e+00 3.33732069e-01
  1.43236804e+00 1.17537594e+00 0.00000000e+00 2.46568990e+00
  1.27439344e+00 1.27369273e+00 9.65490162e-01 6.05199051e+00
  0.00000000e+00 8.35077477e+00 6.75611943e-02 2.94761252e+00
  3.37904960e-01 8.13945580e+00 6.83051157e+00 1.26781058e+00
  2.16260099e+00 1.89654675e-04 1.02441125e-01 5.13662958e+00
  2.89439499e-01 3.98086882e+00 1.15369953e-01 6.31899774e-01
  6.61841333e-01 5.89080788e-02 6.37692499e+00 0.00000000e+00
  9.53614593e-01 1.05147290e+00 5.89432061e-01 5.61069059e+00
  1.05237317e+00 5.45939624e-01 4.07637405e+00 9.82153416e+00
  2.56230927e+00 1.98596311e+00 8.98328960e-01 3.03584862e+00
  4.09638107e-01 5.56649983e-01 1.51236928e+00 8.10727501e+00
  4.62335199e-01 9.63252735e+00 8.75545216e+00 6.07967913e-01
  1.70552003e+00 4.56013888e-01 4.11655331e+00 7.51625967e+00
  1.85987547e-01 1.44615078e+00 1.84204912e+00 1.19738960e+00
  8.00850511e-01 2.08562374e+00 3.12827885e-01 7.69940734e-01
  1.08294353e+01 8.97305775e+00 2.87166166e+00 0.00000000e+00
  1.07201505e+00 0.00000000e+00 2.00280046e+00 2.33355689e+00
  1.34596562e+00 1.95020008e+00 8.40420055e+00 1.69735223e-01
  4.86369801e+00 2.65772629e+00 4.45320517e-01 1.39432132e+00
  1.78351152e+00 1.12813944e-02 9.56126213e+00 1.97717083e+00
  1.70152783e+00 3.60913467e+00 1.05788136e+00 2.06571057e-01
  4.52165484e-01 7.61144447e+00 2.08931208e-01 5.27826262e+00
  1.27939522e+00 3.90497136e+00 2.78221059e+00 2.53908420e+00
  2.30662060e+00 2.76290321e+00 1.75469315e+00 1.03271294e+00
  2.42707658e+00 1.93615118e-03 4.68404198e+00 1.72916245e+00
  1.92143377e-02 4.91707325e+00 7.65546978e-01 1.85032543e-02
  7.35013390e+00 1.94665384e+00 1.31564116e+00 1.86701965e+00
  4.42315400e-01 3.62056351e+00 8.99241149e-01 7.06853056e+00
  1.12814867e+00 2.80580491e-01 0.00000000e+00 1.23843181e+00
  3.15986514e+00 2.74960804e+01 9.53605711e-01 5.96790409e+00
  5.88863087e+00 1.36277854e+00 6.99458361e-01 1.25256574e+00
  2.02985764e-01 2.14028883e+00 4.17620182e+00 8.58329296e-01
  3.52229401e-02 2.75709343e+00 0.00000000e+00 4.12092239e-01
  3.15112782e+00 5.02291024e-01 3.18443203e+00 7.24273086e-01
  0.00000000e+00 4.98551279e-01 9.59926414e+00 1.36793733e-01
  1.06408751e+00 3.22119260e+00 8.83212462e-02 9.05990541e-01
  3.50984716e+00 1.15830970e+00 6.82527661e-01 6.28326237e-01
  0.00000000e+00 3.49443150e+00 5.53111851e-01 7.70060778e-01
  3.88463521e+00 2.50698686e+00 6.63010716e-01 1.92627823e+00
  4.49516821e+00 1.88619936e+00 1.12505560e+01 0.00000000e+00
  2.80067682e+00 2.39560381e-01 9.35966194e-01 0.00000000e+00
  2.74306750e+00 2.02661887e-01 1.60221696e+00 2.03914165e+01
  4.32784891e+00 4.27663684e-01 5.95922279e+00 1.87947392e+00
  0.00000000e+00 1.47936106e+00 9.35622215e+00 2.82232285e+00
  1.04922044e+00 6.21912432e+00 5.21093702e+00 3.70002449e-01
  2.75428385e-01 6.10175800e+00 3.83329391e-02 3.13410211e+00
  1.85711011e-01 8.36926270e+00 7.60511339e-01 3.91061038e-01
  2.55237746e+00 2.69719362e-01 1.99404255e-01 8.61899018e-01
  4.36602020e+00 2.26154304e+00 6.13448173e-02 2.23688889e+00
  1.11558974e+00 4.08241415e+00 5.68227339e+00 4.98329544e+00
  0.00000000e+00 5.20093679e-01 2.16095257e+00 1.49826527e+00
  1.32304740e+00 7.16071844e+00 8.68318677e-01 3.29074430e+00
  1.12285602e+00 2.66874790e+00 4.57977438e+00 6.77979279e+00
  2.43449163e+00 2.82373071e-01 3.71982187e-01 9.44764793e-01
  3.11154693e-01 1.13369215e+00 3.27338457e+00 1.52607417e+00
  7.12427998e+00 1.27697814e+00 4.08466768e+00 1.44464684e+00
  3.23476458e+00 1.04196405e+01 2.86943674e+00 2.25250673e+00
  2.03790689e+00 2.29796982e+00 1.95642960e+00 4.08329296e+00
  4.31959915e+00 1.85228372e+00 8.60520744e+00 3.59469032e+00
  2.46905446e+00 1.14184272e+00 3.93248260e-01 1.83359075e+00
  7.88042665e-01 3.87887764e+00 1.35889673e+00 2.57178098e-01
  2.01919436e+00 2.57989407e+00 2.06020784e+00 9.68587756e-01
  6.06230080e-01 0.00000000e+00 5.39255142e-01 2.93424177e+00
  2.62140536e+00 0.00000000e+00 8.57742876e-02 9.60549831e-01
  1.12090483e+01 1.15311885e+00 2.75246501e+00 0.00000000e+00
  1.70457458e+00 3.37060714e+00 4.64706570e-01 1.89298546e+00
  8.34131813e+00 4.05727863e-01 4.14153159e-01 1.10300951e+01
  5.21398401e+00 5.73197246e-01 1.41302643e+01 1.83301592e+00
  8.31293046e-01 5.84822632e-02 1.90109420e+00 1.27644792e-01
  1.27220750e+00 3.01480389e+00 0.00000000e+00 8.66491020e-01
  6.23985827e-01 3.72265518e-01 1.73387742e+00 4.98696804e-01
  2.61229372e+00 0.00000000e+00 1.41357744e+00 8.44512060e-02
  2.67107201e+00 1.12578547e+00 9.30553377e-01 7.34029055e-01
  1.94263577e+00 3.85512376e+00 0.00000000e+00 1.72336233e+00
  7.98453510e-01 4.68175650e+00 2.95100302e-01 2.58836955e-01
  1.88863719e+00 1.07469690e+00 6.82570457e+00 1.62879512e-01
  4.34153461e+00 1.14089146e+01 1.75219512e+00 4.01845515e-01
  8.86267066e-01 3.47742438e+00 1.39091641e-01 3.80734742e-01
  3.12868476e-01 2.29259419e+00 7.60081530e+00 6.69406414e-01
  9.28878009e-01 1.82324898e+00 0.00000000e+00 9.84196472e+00
  4.46871710e+00 5.04260540e-01 3.94510674e+00 8.30990028e+00
  5.50054502e+00 6.81793165e+00 3.53778410e+00 5.32062006e+00
  1.68572044e+00 1.41283870e+00 1.05900574e+00 4.00445795e+00
  2.31456184e+00 1.66216671e+00 1.24916304e-02 8.68199706e-01
  5.92178822e-01 9.27205324e-01 2.18322620e-01 6.42420232e-01
  0.00000000e+00 1.17614165e-01 2.67254472e+00 4.51603591e-01
  1.95648766e+00 6.54440880e+00 4.42395782e+00 4.44812238e-01
  2.73776674e+00 0.00000000e+00 1.16199799e+01 1.05847549e+00
  2.78880143e+00 6.32814884e+00 1.16473675e+01 1.85605383e+00
  9.43252265e-01 5.06447434e-01 3.59969437e-01 1.63504913e-01
  2.76085114e+00 6.95461214e-01 5.17231655e+00 1.18320119e+00
  8.58533263e-01 4.06769419e+00 1.22295561e+01 2.28373599e+00
  2.31278210e+01 5.84131432e+00 4.53329086e-01 5.11771977e-01
  2.82041013e-01 3.25671268e+00 1.18179488e+00 2.16288137e+00
  6.60784769e+00 1.94463766e+00 3.88905555e-01 5.49667549e+00
  5.62042654e-01 2.32927823e+00 3.62374568e+00 1.70876515e+00
  4.66385031e+00 1.40980512e-01 3.47400475e+00 2.94745517e+00
  1.82207286e+00 5.66665220e+00 2.06641769e+00 5.19420433e+00
  3.98568535e+00 7.60893524e-01 9.75326635e-03 4.74278361e-01
  1.83202243e+00 1.56588497e+01 7.21484137e+00 2.67086792e+00
  4.00541574e-01 2.12935114e+00 4.27423120e-01 1.92148015e-01
  5.65946245e+00 5.99083528e-02 8.63723457e-01 4.04588318e+00
  5.79228497e+00 2.25151491e+00 3.69783551e-01 5.59553385e+00
  5.84682989e+00 6.81938767e-01 5.44633341e+00 7.48113203e+00
  2.83384299e+00 2.63860750e+00 3.78391957e+00 5.54312468e+00
  3.93941116e+00 6.01155162e-01 1.80421090e+00 2.35605164e+01
  5.23660369e-02 2.41946602e+00 3.96005005e-01 1.30160141e+00
  0.00000000e+00 3.67062539e-01 6.17526233e-01 1.99572635e+00
  6.30020761e+00 4.12838519e-01 5.25404835e+00 0.00000000e+00
  7.41949826e-02 1.39584565e+00 8.60511112e+00 4.78434181e+00
  2.14852381e+00 4.56995535e+00 5.82981730e+00 1.56339124e-01
  1.53078926e+00 2.89087725e+00 1.33479033e-02 4.03878641e+00
  4.21287489e+00 2.08529353e+00 1.62987995e+00 0.00000000e+00
  3.60523075e-01 0.00000000e+00 2.32931122e-01 2.29738474e+00
  3.22481203e+00 1.73697150e+00 1.36862266e+00 3.75420451e+00
  8.68568569e-03 9.30680943e+00 6.97395897e+00 6.89640999e-01
  3.00361037e+00 6.66447520e-01 1.86655641e+00 3.51777673e+00
  6.58700585e-01 2.10258675e+00 1.24570817e-01 5.74880934e+00
  0.00000000e+00 1.75859943e-01 6.55632257e+00 1.78129673e-02
  1.54740047e+00 1.43965244e+00 1.63990951e+00 2.59511352e-01
  1.63053381e+00 4.82835174e-01 8.59360993e-01 3.54541039e+00
  7.15635300e+00 2.61071992e+00 1.66076291e-02 4.60534811e-01
  1.62307894e+00 3.54346097e-01 4.82719898e-01 4.83028442e-01
  7.07441807e+00 2.20797792e-01 1.52038822e+01 1.62304237e-01
  1.51630306e+00 7.22886205e-01 4.10210705e+00 3.59924603e+00]]