[[6.74742162e-01 1.46736670e+00 6.10562801e+00 9.04131591e-01
  1.94317073e-01 3.65097213e+00 1.75446968e+01 2.40711546e+00
  3.36501169e+00 1.79000008e+00 5.65774143e-01 3.82095838e+00
  2.21304750e+00 4.31186962e+00 5.15659869e-01 1.32797492e+00
  2.44217801e+00 1.46871185e+00 4.12412500e+00 1.75616610e+00
  4.56070095e-01 9.06415880e-02 9.59622383e-01 0.00000000e+00
  6.97642446e-01 2.53732085e+00 1.75036836e+00 1.49142578e-01
  7.11895180e+00 2.12905359e+00 1.67563539e-02 3.24991417e+00
  1.74844301e+00 4.10241413e+00 1.19269919e+00 1.15158647e-01
  0.00000000e+00 1.73757184e+00 1.01994925e+01 1.30833089e+00
  4.45897055e+00 4.07545179e-01 3.50887346e+00 5.23616409e+00
  1.06531918e+00 3.25755525e+00 3.88420033e+00 4.91500807e+00
  1.16172349e+00 9.76369798e-01 0.00000000e+00 1.76726985e+00
  0.00000000e+00 2.18305135e+00 3.74703956e+00 3.27085280e+00
  1.99027610e+00 4.96063805e+00 9.28067327e-01 8.47727776e-01
  5.78190994e+00 1.14805508e+00 3.94262624e+00 3.87675476e+00
  0.00000000e+00 5.26929903e+00 2.54321814e+00 1.09023154e+00
  1.35458088e+00 3.28792363e-01 3.45815539e+00 1.00143802e+00
  1.91670632e+00 8.61176109e+00 2.68676782e+00 3.46685290e-01
  1.92494547e+00 4.75020945e-01 3.85559276e-02 1.45912290e-01
  1.72711682e+00 1.39672101e-01 5.38983583e+00 1.08988547e+00
  7.58318543e-01 2.47501755e+00 4.63979207e-02 4.27139312e-01
  2.43911004e+00 8.79039764e-01 4.57887030e+00 2.66311955e+00
  0.00000000e+00 5.33390713e+00 3.62793875e+00 3.56264323e-01
  2.33944893e+00 1.53680015e+00 4.31083775e+00 4.21452141e+00
  1.26150167e+00 2.18538165e+00 6.18473148e+00 4.14622593e+00
  1.37425375e+00 0.00000000e+00 2.23252249e+00 9.65282395e-02
  5.23993349e+00 2.19460011e+00 1.52420759e+00 1.73268721e-01
  8.84223357e-02 9.24923360e-01 1.66868114e+00 0.00000000e+00
  5.09983349e+00 1.68075097e+00 3.47827959e+00 4.21919966e+00
  1.51142612e-01 1.54056513e+00 3.45409346e+00 3.96048784e+00
  0.00000000e+00 1.96180785e+00 0.00000000e+00 1.38167202e+00
  3.15804315e+00 1.57715645e+01 7.74383605e-01 1.90851361e-01
  4.54177523e+00 8.14986706e-01 2.71152663e+00 2.63288665e+00
  1.56606352e+00 2.66950655e+00 1.89256907e+00 2.76185960e-01
  1.15766585e+00 7.80068934e-01 1.42052042e+00 4.27864981e+00
  9.25568104e-01 0.00000000e+00 2.74325347e+00 0.00000000e+00
  0.00000000e+00 7.87176937e-02 2.45263144e-01 3.13377768e-01
  2.72403693e+00 0.00000000e+00 2.50892788e-01 2.35235810e+00
  6.65656090e+00 7.05770373e-01 4.62072706e+00 6.48189127e-01
  6.28270149e-01 1.72270799e+00 2.30061507e+00 5.98225653e-01
  1.31812704e+00 1.07382011e+00 1.18756175e-01 4.42996359e+00
  3.89509416e+00 2.23684168e+00 4.04704523e+00 3.11541408e-01
  6.63831854e+00 6.53792858e-01 8.19337785e-01 1.04901576e+00
  5.18209219e-01 1.32573295e+00 6.48522377e+00 4.49236822e+00
  5.78117228e+00 5.91003358e-01 4.81410599e+00 2.46089008e-02
  2.67870992e-01 7.98006237e-01 7.02184081e-01 1.28464031e+00
  0.00000000e+00 3.33103299e+00 7.90763021e-01 1.49658751e-02
  7.30669796e-02 6.66954088e+00 0.00000000e+00 3.69067907e+00
  2.42524719e+00 3.75844806e-01 9.58219945e-01 4.65298128e+00
  1.53786147e+00 1.15162158e+00 2.75741959e+00 1.71935380e-01
  3.20542812e+00 8.90982330e-01 2.77729893e+00 1.62289190e+00
  1.87984025e+00 3.51999021e+00 2.99219489e+00 2.54177523e+00
  3.17822963e-01 1.21471226e+00 2.96064429e-02 8.15711558e-01
  5.52017879e+00 3.06869721e+00 1.09035993e+00 4.23198414e+00
  5.07068932e-01 5.68146288e-01 3.40057540e+00 5.74065018e+00
  2.71744585e+00 1.74040663e+00 1.39828932e+00 1.81277204e+00
  7.53589347e-02 2.41261530e+00 4.51469994e+00 1.35150993e+00
  7.66275835e+00 4.37523663e-01 1.06021559e+00 1.05103254e+00
  2.46370482e+00 7.59502125e+00 3.22240090e+00 8.60946941e+00
  3.45590281e+00 2.10027242e+00 4.52485704e+00 2.77611566e+00
  2.23947668e+00 5.98850346e+00 7.57977438e+00 3.42451811e-01
  4.17017555e+00 6.41010809e+00 4.26506948e+00 8.29425812e-01
  3.29064322e+00 3.32156205e+00 1.99827540e+00 3.86565566e+00
  2.22289205e+00 7.08418751e+00 2.55057049e+00 4.13485718e+00
  0.00000000e+00 0.00000000e+00 0.00000000e+00 1.69146419e+00
  3.10232925e+00 1.43965495e+00 0.00000000e+00 2.38004923e+00
  3.06228018e+00 6.38757586e-01 8.93315434e-01 0.00000000e+00
  2.53553581e+00 1.99080873e+00 1.69004634e-01 4.48341417e+00
  4.59848213e+00 4.30107594e-01 6.51693583e-01 8.02339077e-01
  2.80895996e+00 1.11444466e-01 4.76670933e+00 2.38239676e-01
  1.52270962e-02 0.00000000e+00 4.17866898e+00 2.46768713e+00
  1.77853715e+00 2.37190819e+00 1.52171445e+00 2.12464619e+00
  1.92806339e+00 4.45022678e+00 2.41702604e+00 1.72508764e+00
  2.20243144e+00 7.54557729e-01 3.92725563e+00 0.00000000e+00
  5.25581408e+00 1.59638739e+00 6.12983525e-01 1.84247252e-02
  4.89490241e-01 1.27481818e+00 5.51078033e+00 2.40980005e+00
  3.94617176e+00 1.08716905e+00 3.41227126e+00 3.25083792e-01
  3.66380185e-01 1.25648230e-01 5.83480787e+00 3.53879404e+00
  7.89509010e+00 9.54775715e+00 3.78560908e-02 9.50464457e-02
  4.43688095e-01 2.77157116e+00 2.19009399e+00 1.47550714e+00
  6.62524641e-01 3.28448915e+00 9.25616169e+00 1.46514487e+00
  3.21288419e+00 2.86570668e-01 0.00000000e+00 5.57668400e+00
  2.56462336e+00 7.39716816e+00 2.32024145e+00 2.01688147e+00
  3.41597587e-01 1.73149467e+00 8.17179394e+00 3.74535632e+00
  6.31431639e-01 1.05703762e-02 5.06828487e-01 7.30859756e+00
  1.03544605e+00 2.83299756e+00 1.90124607e+00 0.00000000e+00
  3.41290760e+00 2.83895850e+00 1.29131305e+00 2.47810379e-01
  0.00000000e+00 5.28777465e-02 2.43437004e+00 1.46144465e-01
  4.17201132e-01 7.84666681e+00 6.71574926e+00 2.01849604e+00
  1.11567295e+00 7.41508186e-01 3.23531365e+00 4.31529474e+00
  7.11906719e+00 4.27327681e+00 3.99214602e+00 1.09305155e+00
  1.37309420e+00 1.70272112e+00 3.65147297e-03 1.79448402e+00
  3.15813208e+00 2.70375586e+00 6.73026502e-01 1.33236337e+00
  7.43467212e-01 7.48428762e-01 4.56218767e+00 4.66786146e+00
  7.48685503e+00 6.17612696e+00 2.11032987e+00 1.54009700e+00
  6.38852656e-01 3.02476263e+00 0.00000000e+00 2.47682810e+00
  6.56013429e-01 4.14732075e+00 1.25375664e+00 3.26132679e+00
  2.03900957e+00 1.49079192e+00 1.91398358e+00 2.89261174e+00
  3.09595680e+00 2.22652364e+00 1.66949093e+00 7.60741174e-01
  1.08477914e+00 2.62837625e+00 0.00000000e+00 1.13600054e+01
  5.43270290e-01 3.18767476e+00 9.52686846e-01 4.09000826e+00
  1.30250603e-01 5.30859590e-01 4.07370615e+00 2.67932320e+00
  4.70888168e-01 3.34937024e+00 1.50581563e+00 0.00000000e+00
  6.89430714e+00 2.65862131e+00 3.32880831e+00 1.22883558e+00
  5.26373053e+00 4.85000998e-01 1.95801604e+00 5.35935116e+00
  4.92322254e+00 1.06844962e+00 7.59510756e+00 7.63939381e+00
  8.34557533e-01 3.38345766e+00 2.34777495e-01 8.53989506e+00
  1.85082006e+00 2.13665485e+00 8.47683251e-01 1.35368567e+01
  2.93653345e+00 0.00000000e+00 2.43547630e+00 1.72050214e+00
  0.00000000e+00 6.40442133e-01 1.19222784e+00 7.99904406e-01
  6.21326506e-01 3.59437138e-01 1.58701968e+00 9.07424092e-01
  6.46352097e-02 6.91213906e-01 0.00000000e+00 6.17746782e+00
  1.81664574e+00 5.87466049e+00 4.69515991e+00 1.63891721e+00
  9.29338872e-01 2.24025154e+00 8.74917090e-01 5.61705875e+00
  1.58381447e-01 4.13986301e+00 1.56761980e+00 3.81807610e-02
  1.18937790e-01 6.78675294e-01 1.75830245e+00 7.05307627e+00
  7.16581678e+00 3.07369709e+00 4.05897141e+00 3.79992199e+00
  0.00000000e+00 6.82418203e+00 1.95060730e+01 1.63863027e+00
  4.62259352e-02 2.17143917e+00 5.17748451e+00 1.15296078e+00
  1.52499235e+00 7.63549566e+00 2.70004511e+00 1.02502375e+01
  2.55414224e+00 1.81069374e-01 5.60306978e+00 2.52743459e+00
  2.96258211e-01 9.07644749e-01 7.50682592e+00 6.69905365e-01
  4.72740126e+00 1.94405347e-01 3.52273488e+00 2.39362001e+00
  0.00000000e+00 4.40280724e+00 3.21487212e+00 1.82827878e+00
  3.55394697e+00 1.20699155e+00 3.40342522e-03 4.86510754e+00
  4.83626223e+00 1.10120034e+00 1.23282299e+01 1.29611266e+00
  7.71224499e-01 0.00000000e+00 3.28396416e+00 7.26336896e-01]]