[[1.54738808e+00 8.71762484e-02 4.50275373e+00 0.00000000e+00
  1.05640829e+00 8.74672651e-01 1.40609705e+00 0.00000000e+00
  2.97369576e+00 5.80454469e-01 8.46303344e-01 2.22039747e+00
  3.61894631e+00 1.96140170e+00 0.00000000e+00 3.22602630e+00
  6.86813593e-01 7.19342589e-01 5.04688956e-02 2.97603488e+00
  5.91083057e-02 1.32799492e+01 3.31195569e+00 6.48276234e+00
  5.27148008e+00 6.58697510e+00 3.51833057e+00 4.29920101e+00
  3.95625067e+00 6.70008421e-01 1.33587018e-01 8.77111793e-01
  1.07454753e+00 2.64828610e+00 4.51749295e-01 6.61292851e-01
  1.93389583e+00 0.00000000e+00 1.04937515e+01 1.29868536e+01
  9.16272998e-01 0.00000000e+00 6.69715405e-01 5.75306988e+00
  9.26867500e-02 1.40952718e+00 5.10506725e+00 0.00000000e+00
  2.05919161e-01 0.00000000e+00 7.36270094e+00 5.52393866e+00
  0.00000000e+00 2.06755567e+00 2.33195734e+00 6.49480641e-01
  1.40549219e+00 1.49173498e+00 1.47277057e+00 8.86825144e-01
  2.04313785e-01 5.82699835e-01 7.45441246e+00 4.52208996e+00
  0.00000000e+00 0.00000000e+00 1.22405183e+00 0.00000000e+00
  3.48452377e+00 2.23926753e-01 6.51601553e+00 6.50626183e+00
  1.03850275e-01 4.22226477e+00 3.42669177e+00 3.76544416e-01
  1.13607836e+00 8.48427296e-01 7.71806240e-02 2.41303539e+00
  0.00000000e+00 1.01021576e+00 9.49898437e-02 2.82499194e-01
  3.64929080e+00 5.21744776e+00 2.42254090e+00 9.69170183e-02
  7.62757659e-02 0.00000000e+00 4.39256287e+00 1.97906041e+00
  2.75775999e-01 1.19366808e+01 1.49886847e+00 1.14072919e+00
  5.14267027e-01 3.42295861e+00 4.87410724e-01 9.75491238e+00
  8.18358779e-01 2.55572629e+00 1.41835165e+01 2.28433609e+00
  8.29737261e-02 7.28229332e+00 7.98796177e-01 2.70980215e+00
  2.77671432e+00 1.82731104e+00 1.56444645e+00 1.05482459e-01
  6.27897754e-02 3.60930562e+00 8.73095274e-01 2.55238175e+00
  7.00033236e+00 4.68985885e-01 4.77750033e-01 2.11457300e+00
  3.03619713e-01 4.88153547e-01 0.00000000e+00 1.41215831e-01
  2.44095993e+00 2.42966628e+00 6.16900861e-01 9.35152024e-02
  7.13913977e-01 4.70790386e+00 6.47219792e-02 0.00000000e+00
  6.30889833e-01 1.55755770e+00 1.25436532e+00 4.26628351e+00
  4.36619580e-01 6.81295693e-01 4.78221512e+00 0.00000000e+00
  1.42936206e+00 1.03006196e+00 6.06825113e-01 5.36623383e+00
  1.43790388e+00 2.07223845e+00 7.96415186e+00 9.88735557e-02
  0.00000000e+00 1.10089111e+00 5.19730449e-01 9.49341536e-01
  5.45824647e-01 0.00000000e+00 2.02590609e+00 1.20346773e+00
  4.99732107e-01 8.69334412e+00 1.09831595e+00 6.31182253e-01
  2.69146419e+00 3.64489317e+00 3.72556019e+00 1.09494150e+00
  6.18695021e+00 1.05691004e+00 2.17986152e-01 3.09449196e-01
  4.02086020e-01 9.45599616e-01 6.97047377e+00 4.58594227e+00
  6.57037830e+00 2.65964597e-01 4.52504843e-01 4.78017665e-02
  2.09302315e-03 3.31400537e+00 1.03969231e+01 4.61982679e+00
  1.92866772e-02 4.85368192e-01 4.71052694e+00 1.45157063e-02
  2.99264431e-01 4.62628937e+00 6.35771334e-01 4.84824747e-01
  7.60680676e+00 8.24129105e+00 2.43898487e+00 1.83060707e-03
  1.33317113e+00 8.48044014e+00 3.94615561e-01 3.15837383e-01
  7.15228558e-01 6.20169258e+00 0.00000000e+00 3.86012159e-02
  6.17865562e+00 5.49546242e-01 0.00000000e+00 3.75448108e+00
  9.54843426e+00 1.82898998e+00 6.69472039e-01 1.39736688e+00
  1.24119759e+00 2.61953545e+01 2.48203933e-01 5.10626316e-01
  5.72230577e-01 2.64673328e+00 1.01412082e+00 6.17941737e-01
  1.12783298e-01 0.00000000e+00 3.60358566e-01 3.10313296e+00
  8.85201359e+00 9.53844070e+00 1.90990365e+00 0.00000000e+00
  2.68190289e+00 7.07663774e+00 0.00000000e+00 2.03503060e+00
  0.00000000e+00 9.20432746e-01 5.05970530e-02 3.33060592e-01
  2.08692408e+00 2.64580488e+00 3.59930128e-01 1.16612291e+00
  1.04254303e+01 1.61872518e+00 3.14269996e+00 1.06489919e-01
  7.34883666e-01 0.00000000e+00 3.00246096e+00 3.74276495e+00
  1.77336311e+00 7.26695156e+00 5.13369894e+00 1.94941449e+00
  1.73555660e+00 1.27107561e+00 2.21114182e+00 1.68070185e+00
  7.19299734e-01 2.04302788e-01 8.21358490e+00 1.78034961e+00
  4.09016752e+00 5.48842251e-01 4.02239132e+00 0.00000000e+00
  0.00000000e+00 1.35341838e-01 2.34528637e+00 4.20774746e+00
  2.21986389e+00 2.75859809e+00 0.00000000e+00 2.01902151e+00
  2.82795739e+00 6.27623558e-01 6.43306732e-01 1.06741381e+00
  1.25507295e+00 1.33597577e+00 2.08101773e+00 1.91267383e+00
  7.61504078e+00 6.42690778e-01 1.13757360e+00 1.06230819e+00
  1.10981560e+01 3.14746881e+00 2.29966426e+00 1.48390901e+00
  0.00000000e+00 0.00000000e+00 4.04482603e+00 1.22266912e+00
  2.27781248e+00 8.26714325e+00 3.64654469e+00 0.00000000e+00
  7.95947015e-01 4.29615068e+00 3.04366541e+00 1.19995594e+00
  7.01705396e-01 3.38819003e+00 0.00000000e+00 0.00000000e+00
  1.47974539e+00 1.06284666e+00 1.43912390e-01 9.05064404e-01
  1.92535087e-01 2.16017032e+00 5.61949253e+00 1.56910288e+00
  1.07318914e+00 4.16203402e-03 7.96150744e-01 6.59222484e-01
  1.61226332e+00 2.14286923e+00 1.19032955e+00 4.96547270e+00
  5.90806723e+00 8.05133820e+00 2.74610162e+00 1.35499978e+00
  1.07601595e+01 1.51874080e-01 1.00381553e+00 8.24153721e-01
  2.08470678e+00 9.10244465e-01 3.47773051e+00 9.54068422e-01
  3.03510880e+00 0.00000000e+00 0.00000000e+00 3.39839387e+00
  1.34760046e+00 1.81849909e+00 7.02627516e+00 4.04217482e+00
  3.66602683e+00 1.62825316e-01 9.35949039e+00 9.19530690e-01
  1.88121498e+00 3.54268622e+00 1.42654169e+00 4.02164429e-01
  1.74573874e+00 1.49713743e+00 1.34386921e+00 2.58204365e+00
  4.47872353e+00 4.40658474e+00 0.00000000e+00 2.69863653e+00
  8.04339647e-02 2.33414817e+00 1.38242841e+00 1.44664705e+00
  8.44215691e-01 6.71546412e+00 1.45280039e+00 3.30487680e+00
  1.97432594e+01 7.93384016e-01 2.61894965e+00 5.76218414e+00
  4.40786600e+00 1.38346776e-02 9.40508747e+00 7.31617391e-01
  2.10170341e+00 7.32738733e-01 3.11596870e+00 1.21044302e+00
  4.23314944e-02 1.11586666e+00 2.18674922e+00 3.88962793e+00
  0.00000000e+00 3.20675683e+00 1.17909360e+00 6.78748012e-01
  0.00000000e+00 5.09075308e+00 5.42575312e+00 2.25430012e+00
  2.44772410e+00 1.02505755e+00 1.25907862e+00 1.07956803e+00
  1.55054629e+00 1.09681425e+01 2.30165267e+00 2.97734380e+00
  2.15465522e+00 9.09914434e-01 0.00000000e+00 3.31253386e+00
  2.39306927e+00 4.46553326e+00 0.00000000e+00 2.48691678e+00
  1.81937850e+00 1.84604473e+01 4.19341755e+00 4.42203236e+00
  1.99362981e+00 1.44352400e+00 3.31765866e+00 2.29413599e-01
  5.51646352e-01 4.36091572e-01 7.26786566e+00 5.28547716e+00
  0.00000000e+00 0.00000000e+00 4.29701507e-01 9.47240114e-01
  1.38447177e+00 2.38484386e-02 5.37552297e-01 1.16896704e-01
  1.57591498e+00 4.65274006e-01 1.98280478e+00 6.79603398e-01
  5.91499269e-01 3.51324499e-01 1.99688837e-01 5.65171671e+00
  2.35499024e+00 4.03588486e+00 3.04429531e+00 2.38886309e+00
  1.52642727e+00 8.45932484e+00 2.47607172e-01 2.61321092e+00
  1.47680199e+00 2.36086845e+00 6.80038631e-01 2.25943327e+00
  9.15487632e-02 1.01864767e+00 1.46655691e+00 7.99735260e+00
  5.04484320e+00 1.16898048e+00 1.67790270e+00 2.06298327e+00
  3.43610257e-01 1.23152530e+00 0.00000000e+00 3.48938513e+00
  3.32620049e+00 3.15530968e+00 8.31787205e+00 4.09904432e+00
  6.21124566e-01 3.73303199e+00 7.85830379e-01 9.26739311e+00
  0.00000000e+00 2.78381050e-01 2.81994724e+00 1.28249300e+00
  0.00000000e+00 1.75485015e+00 2.29553938e+00 1.38712990e+00
  3.93294072e+00 0.00000000e+00 5.54902673e-01 3.18598127e+00
  1.71147656e+00 9.34719086e-01 0.00000000e+00 1.31084800e+00
  1.64233482e+00 5.98731577e-01 1.58968699e+00 1.53043759e+00
  2.61087209e-01 1.30314365e-01 5.68458557e-01 7.46157408e-01
  0.00000000e+00 4.72548437e+00 4.14714193e+00 3.97558182e-01
  3.48917753e-01 2.53664207e+00 1.63451684e+00 5.30128032e-02
  5.78538597e-01 1.34022272e+00 3.41287827e+00 1.20965290e+00
  6.12335578e-02 3.25659782e-01 1.01275313e+00 1.87358773e+00
  1.72493868e-02 9.46217000e-01 3.10247278e+00 5.12534678e-01
  1.48115993e+00 0.00000000e+00 2.28504062e+00 6.12231922e+00
  9.27251399e-01 3.09470266e-01 1.83682251e+00 6.55044794e-01]]