[[1.9538428e+00 2.0076740e+00 7.6708609e-01 1.7840331e+00 7.0428508e-03
  6.9202876e+00 6.1401863e+00 1.2416499e+00 1.0239137e+00 4.7070834e-01
  1.8551016e+00 2.5202327e+00 6.3059421e+00 1.2938381e+00 3.9541066e-01
  2.4134634e+00 3.1965847e+00 6.3835239e-01 0.0000000e+00 3.1723232e+00
  3.8340632e-02 4.5583344e+00 2.2672133e+00 4.7629488e-01 1.9949098e-01
  6.1909180e+00 3.8994606e+00 2.5678208e+00 1.9105759e+00 3.8138793e+00
  8.6048067e-02 9.6596174e+00 0.0000000e+00 4.2329283e+00 3.7694767e-01
  2.0023024e+00 1.3210311e+00 5.0260293e-01 3.6484506e+00 3.7705026e+00
  4.3122773e+00 1.4340029e+00 1.7342091e+00 4.3262405e+00 9.7140628e-01
  2.1793680e+00 2.2908673e+00 6.4398766e+00 3.3760123e+00 1.9679626e+00
  9.0295988e-01 1.4213568e+00 1.1663169e+00 4.1677127e+00 4.7168672e-01
  5.1487045e+00 5.1139812e+00 7.6862359e+00 4.5856299e+00 2.2525160e+00
  1.5969957e+00 9.8999608e-01 2.2247486e+00 3.6090322e+00 1.4176004e-01
  1.0487963e-01 5.1119056e+00 2.5893662e+00 1.4921405e+00 3.9098117e+00
  1.9055039e+00 9.4854641e+00 1.5402842e+00 1.2450544e+00 3.7034984e+00
  6.7815542e-01 9.7046298e-01 1.9565164e+00 4.5379958e-01 2.1927118e-02
  2.8092339e+00 4.2902713e+00 3.8655581e+00 8.2789794e-02 3.4354479e+00
  5.1358223e+00 1.2765020e-01 3.5435543e+00 3.9253490e+00 1.5345638e+00
  2.0853558e+00 2.1637521e+00 0.0000000e+00 1.9866487e+00 3.8206172e-01
  7.9456255e-02 4.4938925e-01 2.5893836e+00 2.3938777e+00 3.0835829e+00
  4.1949010e-01 6.1380825e+00 8.0415936e+00 5.5404019e+00 4.0420527e+00
  8.1885360e-02 2.1530514e+00 3.0484465e-01 4.0629120e+00 0.0000000e+00
  7.4000269e-01 4.5332279e+00 5.8265561e-01 5.5631323e+00 5.2146208e-01
  7.1292907e-02 8.1223793e+00 9.3217105e-01 0.0000000e+00 2.5584185e+00
  1.3163986e+00 3.8048651e-02 3.1011903e+00 5.9897280e+00 2.4564431e+00
  1.1636646e+00 2.7324668e-01 0.0000000e+00 2.4936557e+00 4.6035132e+00
  2.4571831e+00 3.7023399e+00 1.7079058e+00 1.5414175e-01 2.1204000e+00
  1.3885751e+00 3.5723124e+00 1.5822465e+00 8.0496389e-01 0.0000000e+00
  1.7218331e+00 2.1152782e+00 2.1869352e-01 4.9350939e+00 2.9873071e+00
  6.8466717e-01 3.4862270e+00 4.1441408e-01 0.0000000e+00 1.6537162e+00
  1.6526378e+00 3.1543887e+00 1.5985947e+00 2.7786863e+00 2.3447003e+00
  2.0502093e+00 9.3710655e-01 3.3717349e+00 3.7203264e+00 4.1747924e-02
  2.5884969e+00 7.6083380e-01 4.5025101e+00 0.0000000e+00 3.5682197e+00
  1.1226169e+00 3.5319265e-02 1.2309279e+00 4.2829466e+00 3.0632355e+00
  1.0288364e+01 3.3182466e+00 1.7714708e+00 2.3560605e+00 2.9120972e+00
  6.3625443e-01 5.6078559e-01 1.3546560e+00 9.5065641e+00 1.1629841e+01
  7.2583848e-01 0.0000000e+00 6.0614853e+00 1.3021801e+00 0.0000000e+00
  8.0024999e-01 2.1544807e+00 1.8752894e+00 2.7083304e+00 1.8721344e+00
  6.1072345e+00 0.0000000e+00 0.0000000e+00 1.0421847e+01 0.0000000e+00
  7.6964049e+00 1.3663208e+00 4.9422131e+00 1.3926314e+00 9.2140257e-01
  3.9194427e+00 2.7492931e+00 2.5502276e+00 7.8480802e-03 4.3612881e+00
  9.1653186e-01 7.5036526e-01 8.8155693e-01 3.1355386e+00 7.1171346e+00
  4.0215011e+00 7.8174791e+00 2.8285978e+00 3.5244355e+00 2.1792543e-01
  2.7671144e+00 1.7402058e+00 3.6769214e+00 1.9238863e+00 1.7223065e+00
  3.5231042e+00 3.4962044e+00 3.4590149e-01 5.1674380e+00 2.3082736e+00
  5.4070902e+00 2.8988583e+00 4.2255368e+00 2.1922391e-02 1.1909771e+00
  3.2934897e+00 4.8128982e+00 1.8374619e-01 3.9939961e+00 3.0138450e+00
  2.1234241e+00 4.6104497e-01 2.4183688e+00 4.0839192e-01 1.1999832e+00
  2.2064607e+00 2.9541626e+00 5.2957959e-02 6.1094604e+00 3.1488559e+00
  2.9266751e+00 3.5683079e+00 2.1631254e-01 2.8287799e+00 2.9351096e+00
  3.6414857e+00 2.5553255e+00 3.8260825e+00 5.4165893e+00 7.0941585e-01
  1.6970761e-01 2.7680454e+00 2.6677418e+00 4.1949825e+00 5.1883693e+00
  7.6807004e-01 3.7069547e-01 7.9450257e-02 5.6368384e+00 2.9733062e+00
  2.3472892e-02 5.6417317e+00 1.3879228e+00 3.2962222e+00 1.2655360e+00
  1.0354912e+01 2.9821011e-01 7.0916295e-01 8.3693390e+00 5.4530859e-01
  8.0152035e-01 8.2118988e+00 6.4068747e-01 5.0396109e-01 3.3074710e+00
  1.9740512e+00 1.9717140e-01 5.0499588e-01 5.6022555e-01 6.2437534e+00
  0.0000000e+00 1.8923382e-01 1.2969484e+00 1.9107203e+00 4.0902691e+00
  0.0000000e+00 9.0342951e-01 4.3657265e+00 5.3347778e+00 2.6872854e+00
  2.3373571e-01 2.5768857e+00 2.3210080e+00 4.5736618e+00 0.0000000e+00
  1.9871314e+00 3.5596120e+00 4.9069405e+00 0.0000000e+00 8.6232681e+00
  1.1286188e+00 3.3853900e-01 4.0446968e+00 5.6195781e-02 6.7943835e-01
  2.0658245e+00 1.3909420e-01 1.0366642e+00 6.6531670e-01 8.3379394e-01
  1.3986795e+00 6.4442763e+00 3.3909006e+00 1.2468551e-01 2.1638069e+00
  1.3024044e+00 1.1501751e+01 2.2849982e+00 5.8369857e-01 1.3475363e+00
  2.4421270e+00 5.2102084e+00 0.0000000e+00 2.7646289e+00 3.6890287e+00
  1.5918196e+00 2.7622600e+00 1.7468572e+00 4.3545547e+00 6.7170143e+00
  2.4251437e+00 2.8645387e+00 5.7807714e-01 7.1930653e-01 2.8123989e+00
  1.9340465e+00 3.4653254e-02 6.6378169e-02 4.1461463e+00 6.0944424e+00
  4.2050624e-01 9.7315198e-01 1.1776452e+00 1.0796793e+00 1.2904080e+00
  1.1020242e+00 2.9766321e-01 0.0000000e+00 0.0000000e+00 2.0436425e+00
  1.7237259e+00 3.6530399e+00 2.2704017e+00 2.9777853e+00 6.2995303e-01
  5.9113593e+00 1.1145191e+00 1.6361038e+01 4.5071163e+00 2.9459503e+00
  1.4560114e+00 5.8153625e+00 1.5983636e+00 4.3389924e-02 6.3289714e-01
  3.5928929e-01 1.0456840e+00 8.5224295e+00 8.6270057e-02 5.8115273e+00
  1.5362387e+00 1.9958848e+00 2.3110888e+00 1.4290783e+00 5.4393797e+00
  1.1542237e+00 2.0026181e+00 6.7618358e-01 1.7909786e+00 6.0587668e+00
  1.4292556e+00 5.9981060e-01 1.0520313e-01 5.8945280e-01 4.7174139e+00
  2.3590338e+00 2.2468798e+00 2.7147241e+00 2.9354727e+00 4.3011131e+00
  3.0955842e+00 2.0338612e+00 6.1553138e-01 8.1085911e+00 1.0957425e+00
  1.9335938e+00 5.4002733e+00 4.7943811e+00 5.7037106e+00 4.1382661e-01
  3.3373900e-02 0.0000000e+00 3.4004111e+00 4.8132973e+00 4.0295901e+00
  2.3276660e+00 5.9713859e-02 0.0000000e+00 0.0000000e+00 6.1708558e-01
  1.2607630e+00 3.2705882e+00 5.5796170e-01 2.2300689e+00 6.3206496e+00
  4.8925247e+00 8.6395419e-01 2.4670456e-01 3.0886858e+00 3.4330912e+00
  6.9373673e-01 2.1918526e+00 2.1548705e+00 5.8422595e-01 1.8517050e+00
  5.2378335e+00 4.5760250e+00 5.4109850e+00 2.8869956e+00 2.6002319e+00
  4.2792606e+00 7.9695433e-01 4.2197347e-01 4.5387930e-01 1.8254638e+00
  0.0000000e+00 1.2302819e+00 3.1215811e-01 7.6337957e+00 4.2642050e+00
  5.5617321e-01 8.1763887e+00 1.8588518e+00 3.8672435e-01 1.3360448e-01
  3.2803118e-01 4.3379412e+00 1.4282289e+00 4.2928462e+00 2.7552121e+00
  3.8591534e-01 1.8740170e+00 3.1479013e+00 4.1796231e+00 4.5039182e+00
  9.1184320e+00 1.4252476e+00 2.2343879e+00 1.2320179e+00 0.0000000e+00
  1.1140374e+00 1.4308259e+00 2.6950243e+00 6.3474423e-01 1.0501125e+00
  3.2911491e+00 1.0465547e+00 3.4703529e+00 2.6853919e+00 0.0000000e+00
  7.1750391e-01 3.5534625e+00 2.2157214e+00 8.7235588e-01 1.0489094e-01
  1.3847793e+00 0.0000000e+00 2.9752984e+00 2.9276997e-01 0.0000000e+00
  2.6610482e+00 1.1625898e+00 5.7598081e+00 2.1590528e+00 9.0485904e-03
  4.1878805e+00 2.4529584e-01 9.9334598e-01 2.9889781e+00 4.7432208e+00
  2.7992659e+00 9.0271587e+00 1.8461707e+00 1.1440340e-01 1.6734380e+00
  7.5501961e-01 2.1181593e+00 9.5980990e-01 1.0516058e+00 8.4991970e+00
  5.6444454e-01 2.0127745e+00 2.9035296e+00 7.1505988e-01 8.2478893e-01
  2.2373474e+00 4.3044293e-01]]