[[1.52228093e+00 8.40189159e-01 5.69786978e+00 5.88195741e-01
  6.95373356e-01 7.87998199e+00 2.49843335e+00 0.00000000e+00
  2.73500896e+00 3.13217664e+00 2.20551372e+00 1.15900731e+00
  3.87177515e+00 6.83416665e-01 1.72790408e-01 1.37103164e+00
  2.54231668e+00 1.03968196e-01 4.13651884e-01 6.52577734e+00
  4.52353859e+00 5.96279955e+00 6.59315407e-01 6.27119720e-01
  2.58518839e+00 9.38556576e+00 1.73364544e+00 4.31525040e+00
  1.20216060e+00 2.52541327e+00 0.00000000e+00 2.42230225e+00
  1.43331259e-01 4.27250195e+00 4.74656582e-01 3.04423273e-01
  1.59660506e+00 1.11502004e+00 3.96074939e+00 2.34595680e+00
  5.81154346e+00 6.98184967e-03 1.63359150e-01 5.11718321e+00
  2.32869339e+00 0.00000000e+00 2.47023487e+00 6.29977036e+00
  5.09907961e+00 0.00000000e+00 2.24032402e-01 9.37794447e-01
  4.46440250e-01 3.14409399e+00 2.49406552e+00 3.44929671e+00
  1.19395649e+00 6.23200703e+00 4.55272055e+00 4.12398529e+00
  1.27473652e+00 6.32251024e-01 1.82626939e+00 3.77876472e+00
  3.17396790e-01 1.57476652e+00 4.77264786e+00 7.83255816e-01
  2.05453828e-01 5.65315410e-02 3.22612906e+00 3.99597502e+00
  1.10136962e+00 1.56468248e+00 2.60995245e+00 0.00000000e+00
  2.38401905e-01 9.40409005e-01 1.23060238e+00 2.44946337e+00
  1.11690521e+00 2.34099579e+00 8.02898026e+00 2.20127001e-01
  3.47140193e+00 3.77737021e+00 1.15069008e+00 5.02603829e-01
  1.06064730e+01 0.00000000e+00 2.03038979e+00 3.50199270e+00
  3.85808289e-01 2.54982018e+00 1.80467218e-02 6.72503561e-02
  2.16922715e-01 2.64812613e+00 0.00000000e+00 5.73807764e+00
  0.00000000e+00 5.62616920e+00 4.52567720e+00 6.72198725e+00
  3.53973913e+00 0.00000000e+00 3.14760298e-01 1.45960522e+00
  1.10048032e+00 1.15816534e+00 4.25926495e+00 3.24845910e+00
  5.29268086e-01 8.46439552e+00 5.11426628e-02 0.00000000e+00
  4.49295092e+00 6.47354722e-01 7.08329603e-02 4.76595402e+00
  4.12874192e-01 4.49990928e-02 1.88871212e-02 8.37781429e+00
  7.54212260e-01 9.58251894e-01 7.92464465e-02 6.82466477e-02
  2.89650488e+00 7.50453711e+00 1.57971382e+00 2.64666408e-01
  9.01982403e+00 2.10176516e+00 8.65093291e-01 1.75800467e+00
  1.61214784e-01 0.00000000e+00 5.00232267e+00 1.08286953e+01
  9.78064239e-01 1.77094311e-01 5.56438684e-01 3.72558618e+00
  2.86368084e+00 2.79045439e+00 3.52578306e+00 3.97260040e-01
  0.00000000e+00 2.02713466e+00 1.15719604e+01 1.52440280e-01
  1.89456880e+00 5.68303525e-01 1.52979577e+00 1.72810364e+00
  6.15606725e-01 4.26131964e+00 4.04168665e-01 2.52328217e-01
  3.80619019e-02 1.69791174e+00 8.48467922e+00 2.86996365e-01
  3.27450800e+00 2.36805820e+00 5.78236096e-02 3.70449543e-01
  3.59898478e-01 1.31823540e+00 7.00349760e+00 2.00217053e-01
  6.28209710e-02 3.73428869e+00 2.59969980e-01 0.00000000e+00
  2.16852397e-01 2.61616683e+00 8.73619270e+00 9.96448326e+00
  2.13260627e+00 2.88204104e-01 1.46091938e+00 3.42271149e-01
  1.26426554e+00 1.31875086e+00 3.31298023e-01 9.19948161e-01
  1.03403330e+00 2.10573435e+00 1.43184071e+01 0.00000000e+00
  1.72228709e-01 1.64692860e+01 0.00000000e+00 1.99749494e+00
  3.54823247e-02 7.74927092e+00 7.89639354e-01 0.00000000e+00
  1.82703638e+00 6.05934048e+00 1.74626827e+00 2.66896391e+00
  1.30031610e+00 2.04615307e+00 1.30999494e+00 3.61888617e-01
  1.58932090e-01 7.11600733e+00 3.43661380e+00 7.36785841e+00
  4.81958538e-01 4.37724781e+00 3.69335294e-01 3.95209336e+00
  3.66285491e+00 3.18615317e-01 5.50513268e-01 1.60564530e+00
  3.72743309e-01 5.01771021e+00 0.00000000e+00 5.58609772e+00
  3.58894920e+00 1.85635424e+00 8.09129834e-01 7.07768202e-01
  0.00000000e+00 1.20957661e+00 1.77431181e-01 1.35697079e+00
  3.35499674e-01 8.73443604e-01 1.72932732e+00 9.05590117e-01
  8.41549301e+00 2.11130548e+00 1.58727205e+00 1.65644574e+00
  1.27919853e+00 0.00000000e+00 9.65877056e-01 3.93961501e+00
  2.70633149e+00 8.05795288e+00 2.73802757e+00 4.27744031e-01
  3.14767265e+00 2.92710495e+00 6.55842447e+00 1.10681474e+00
  2.93012428e+00 5.62885666e+00 5.36531115e+00 7.67782569e-01
  8.45125675e-01 1.74705064e+00 2.64948702e+00 3.16182256e+00
  3.74315053e-01 5.99752247e-01 3.45150858e-01 3.49572682e+00
  7.26059008e+00 6.53627336e-01 0.00000000e+00 2.95753455e+00
  7.00587559e+00 4.53377157e-01 6.04772949e+00 0.00000000e+00
  3.61733818e+00 3.71082234e+00 9.15834844e-01 3.10669154e-01
  2.41351628e+00 1.51499772e+00 1.21654308e+00 2.74216795e+00
  8.00676632e+00 1.65387881e+00 1.84465873e+00 7.21704185e-01
  5.56114149e+00 0.00000000e+00 2.46541214e+00 7.76328845e-03
  3.11304402e+00 3.50551248e+00 1.66084424e-01 2.10480094e+00
  7.62752295e-01 4.00569630e+00 2.44618249e+00 0.00000000e+00
  5.83930063e+00 1.05404127e+00 1.20578301e+00 0.00000000e+00
  3.83977056e+00 1.76923478e+00 5.25389624e+00 1.40278801e-01
  5.61831236e+00 1.61399469e-01 1.61787879e+00 1.67885482e+00
  5.26306450e-01 2.16153288e+00 1.73539031e+00 9.96711314e-01
  6.27725720e-01 7.27551818e-01 4.00983906e+00 1.15650845e+00
  5.61043072e+00 6.79476547e+00 1.74581814e+00 6.20326817e-01
  0.00000000e+00 1.78749430e+00 1.35060430e+00 3.47357839e-01
  5.98486662e-01 5.33591700e+00 2.72984838e+00 0.00000000e+00
  7.67985761e-01 1.14712238e+00 1.92285669e+00 1.23289967e+00
  6.30836439e+00 5.93195343e+00 8.81400871e+00 1.49043572e+00
  7.01461029e+00 4.99403811e+00 3.08464551e+00 5.28134394e+00
  0.00000000e+00 0.00000000e+00 1.42064834e+00 4.50809383e+00
  1.80908823e+00 1.89937341e+00 2.05386162e-01 1.85289097e+00
  1.34751171e-01 2.18274093e+00 3.50470212e-03 4.98865873e-01
  7.73503780e-01 1.91825557e+00 3.95977068e+00 7.19468355e-01
  3.11871624e+00 6.88383532e+00 2.31804633e+00 1.12231672e+00
  3.66256118e+00 0.00000000e+00 1.09514036e+01 3.17422509e+00
  5.63658667e+00 6.92743659e-01 1.31379137e+01 5.55698490e+00
  3.50617856e-01 7.22830951e-01 4.60508838e-02 7.75634706e-01
  8.47137260e+00 3.74136627e-01 3.95991278e+00 1.69016552e+00
  1.20025921e+00 1.43284667e+00 9.56871629e-01 2.72687721e+00
  5.79355955e-01 8.20803928e+00 5.88402569e-01 2.49591351e+00
  2.17558399e-01 0.00000000e+00 6.52050853e-01 1.06928669e-01
  1.12494242e+00 8.16812611e+00 8.04047585e-01 6.41806364e-01
  3.13853741e-01 1.04838502e+00 3.31701875e+00 5.48320961e+00
  2.08253670e+00 4.50584698e+00 2.31040072e+00 1.40480816e+00
  1.37340531e-01 1.22284803e+01 1.23655832e+00 8.15906143e+00
  3.91947436e+00 2.16330633e-01 0.00000000e+00 3.26289326e-01
  3.09430361e-01 1.10374463e+00 5.85446358e+00 1.71143436e+00
  0.00000000e+00 0.00000000e+00 5.78637958e-01 2.19436273e-01
  1.20356047e+00 2.78916907e+00 1.72569156e+00 3.15950632e+00
  2.27262878e+00 1.44693518e+00 1.47364363e-01 1.35724247e+00
  6.87412024e-02 2.75613546e-01 1.40360522e+00 3.10618019e+00
  4.81770992e+00 2.52066374e+00 2.09761214e+00 9.99007416e+00
  1.32468786e+01 3.30585718e-01 0.00000000e+00 4.76150465e+00
  2.03123480e-01 6.38324928e+00 1.94773829e+00 2.02931547e+00
  5.64231634e-01 4.99381386e-02 7.37127364e-01 1.24862146e+01
  2.31530380e+00 2.63554716e+00 1.28404987e+00 3.33689547e+00
  2.46845186e-01 3.01789176e-02 4.38571930e+00 3.03140378e+00
  2.50781131e+00 1.10189676e+00 8.86069775e-01 0.00000000e+00
  2.77891326e+00 1.40247762e+00 5.51910341e-01 6.10254097e+00
  4.75918007e+00 5.58330119e-01 1.71296811e+00 2.08647922e-01
  0.00000000e+00 5.64476550e-01 2.76085317e-01 3.19682091e-01
  4.51705962e-01 9.62384701e-01 4.59237099e+00 3.96475434e+00
  1.30485535e+00 5.78515387e+00 0.00000000e+00 3.12184900e-01
  3.23154974e+00 0.00000000e+00 2.23679066e+00 8.28600526e-01
  4.03156757e-01 1.21477894e-01 6.28393531e-01 2.03350353e+00
  0.00000000e+00 6.18209779e-01 7.85664034e+00 1.58776879e-01
  2.08384681e+00 7.98649848e-01 2.59202218e+00 5.81442833e-01
  3.73504728e-01 1.21493292e+00 1.74804330e+00 1.65846670e+00
  1.17067947e+01 2.13244557e+00 2.85621524e-01 1.15775597e+00
  5.63431740e+00 1.14565337e+00 0.00000000e+00 3.39455867e+00
  5.27659941e+00 5.13372719e-01 2.90704179e+00 2.66779757e+00
  8.77535582e-01 3.20702434e+00 1.07504749e+00 3.03720570e+00]]