[[3.34852409e+00 7.21992779e+00 4.26692486e+00 2.05561543e+00
  2.28050023e-01 7.88241804e-01 4.63875198e+00 2.99780893e+00
  3.50614023e+00 4.00715351e+00 3.47687793e+00 6.57223749e+00
  1.37522519e-01 3.07685232e+00 3.56088042e-01 1.36436713e+00
  2.10893893e+00 2.65254676e-01 1.64455194e-02 5.84176970e+00
  0.00000000e+00 2.08438993e+00 1.93658972e+00 6.93779469e-01
  2.01422982e-02 3.07546163e+00 1.87121019e-01 1.63253345e+01
  8.40260863e-01 4.92002869e+00 0.00000000e+00 8.52970898e-01
  8.43356788e-01 6.15081131e-01 1.18102837e+01 2.48903513e-01
  7.47233152e-01 1.58658206e-01 3.05711889e+00 5.34735966e+00
  4.19672775e+00 8.97143841e-01 0.00000000e+00 1.79696310e+00
  8.57718438e-02 6.68660223e-01 2.55322599e+00 5.65775108e+00
  4.85601568e+00 1.53516376e+00 1.50830820e-01 3.79097772e+00
  3.75206494e+00 4.18954706e+00 2.69819021e+00 1.62868822e+00
  2.22394419e+00 7.36263418e+00 1.80023301e+00 4.43938106e-01
  4.67638588e+00 1.78009641e+00 2.72452903e+00 1.67694128e+00
  1.17538536e+00 2.46533275e+00 0.00000000e+00 5.90477049e-01
  1.87923884e+00 6.77954531e+00 7.48898172e+00 1.11184025e+00
  3.66086334e-01 1.22555327e+00 1.39255273e+00 5.14441156e+00
  2.97621489e+00 0.00000000e+00 3.30764294e-01 9.58485305e-02
  2.80122608e-01 2.33807850e+00 5.30091286e+00 4.90192413e+00
  2.25436419e-01 9.88658428e+00 4.74072027e+00 6.18012238e+00
  7.44190025e+00 1.00222135e+00 2.24394917e+00 7.02356473e-02
  2.90265474e-02 2.28850722e+00 1.11688757e+01 4.98285256e-02
  4.69066000e+00 2.82401013e+00 1.42417395e+00 1.20157468e+00
  1.42442016e-02 1.15858424e+00 1.98112905e+00 4.91728097e-01
  1.67387581e+00 0.00000000e+00 1.03394344e-01 2.38313720e-01
  8.04339886e-01 1.71154106e+00 1.51449180e+00 7.73529911e+00
  8.52530575e+00 1.24605188e+01 5.01673508e+00 5.56279421e-01
  1.08479414e+01 9.37284279e+00 2.41848254e+00 9.39096749e-01
  2.21076417e+00 1.01188641e+01 3.15945864e-01 6.88132477e+00
  7.77056885e+00 2.28232786e-01 3.01918983e+00 1.91274472e-02
  0.00000000e+00 5.43756485e+00 2.58755827e+00 4.33657694e+00
  2.64619410e-01 3.98711967e+00 1.03560376e+00 3.77618933e+00
  4.97992086e+00 2.43740368e+00 4.62298965e+00 3.76335979e+00
  8.71391594e-01 2.35831179e-02 3.08672094e+00 4.34774446e+00
  1.05270445e-01 8.91668200e-01 3.87958050e-01 4.37561810e-01
  2.92949009e+00 4.78640413e+00 2.18813475e-02 1.33066149e+01
  9.40708637e-01 1.19359055e+01 6.18806779e-01 6.73571527e-01
  4.64838415e-01 3.54981828e+00 7.28024244e-01 5.13777256e+00
  4.33273077e-01 6.62774563e-01 2.19866467e+00 1.91490442e-01
  1.15527809e+00 2.55614305e+00 1.84685707e-01 4.78012466e+00
  0.00000000e+00 3.07085657e+00 2.12382007e+00 8.88277173e-01
  1.06776762e+00 1.47831984e+01 1.64392400e+00 2.51657456e-01
  2.00216368e-01 0.00000000e+00 1.56910443e+00 3.99800444e+00
  8.03018928e-01 1.11687994e+00 5.58655405e+00 7.01603234e-01
  2.58982396e+00 5.47970831e-01 5.13928699e+00 7.95325637e-01
  5.50346613e-01 1.21124256e+00 6.12091362e-01 3.62581515e+00
  4.73872900e-01 2.09022951e+00 1.60017535e-01 3.23390388e+00
  1.70642102e+00 2.41679859e+00 3.47283912e+00 0.00000000e+00
  6.49945641e+00 8.46211553e-01 7.93246269e-01 8.35575676e+00
  5.47904634e+00 2.44258904e+00 7.69031525e+00 1.11253700e+01
  1.49511766e+00 2.24963441e-01 3.88315511e+00 2.04662395e+00
  8.71362209e-01 2.84402800e+00 2.08184662e+01 0.00000000e+00
  3.87204790e+00 1.66055411e-01 7.81683028e-01 2.49062037e+00
  3.04528475e+00 9.06078935e-01 1.20935988e+00 1.86869156e+00
  1.23861802e+00 2.07821441e+00 2.25259066e+00 3.53593612e+00
  1.61621869e+00 4.54193354e+00 5.94958544e-01 2.26939893e+00
  3.23535383e-01 6.83397591e-01 1.77984700e-01 4.93425226e+00
  2.82935143e+00 8.61280859e-01 1.01932943e+00 1.90288579e+00
  1.78681445e+00 6.93291473e+00 2.29504395e+00 7.41313887e+00
  2.23376250e+00 2.07630086e+00 4.45555162e+00 5.40523958e+00
  4.27572155e+00 2.89410329e+00 5.55139923e+00 9.31592345e-01
  1.09860444e+00 8.17238808e+00 7.27338076e+00 8.74092057e-02
  2.59579539e+00 2.91524321e-01 1.17223787e+00 1.57377034e-01
  1.56342328e+00 5.68353939e+00 5.84631586e+00 8.96514833e-01
  1.70822188e-01 0.00000000e+00 2.30118942e+00 5.59284258e+00
  3.39578557e+00 9.93254089e+00 4.41361046e+00 4.31119017e-02
  6.26324296e-01 7.35557318e-01 5.10760427e-01 2.55323678e-01
  8.66171360e+00 1.02752295e+01 5.92895079e+00 8.31862807e-01
  6.41305590e+00 1.11576223e+01 3.71791387e+00 8.61605406e-01
  4.65550566e+00 9.40702111e-03 1.28273144e+01 7.12921906e+00
  2.85371923e+00 2.99113584e+00 7.58585870e-01 5.67067480e+00
  2.45489264e+00 6.44194245e-01 1.48336172e+00 9.71990299e+00
  1.70597091e-01 3.04712605e+00 3.09976071e-01 4.24728441e+00
  8.08787823e-01 1.73769569e+00 1.44777670e+01 2.05902144e-01
  7.19748676e-01 3.46522450e+00 4.45205259e+00 3.30764532e+00
  1.99930847e-01 3.71956277e+00 1.27373755e+00 9.57712829e-01
  9.25443396e-02 1.26392388e+00 4.16410029e-01 2.55749613e-01
  7.16901183e-01 7.82679796e+00 3.76430702e+00 3.09991288e+00
  4.56284314e-01 1.15712750e+00 1.40020800e+00 3.12740684e+00
  1.92131770e+00 3.88203716e+00 8.20137882e+00 1.03294563e+00
  2.64165854e+00 6.36793470e+00 6.49482870e+00 2.25446486e+00
  2.46290416e-01 5.54699564e+00 7.53353214e+00 2.25102139e+00
  0.00000000e+00 5.08598709e+00 7.63103294e+00 5.78229618e+00
  3.27633679e-01 0.00000000e+00 4.26132679e-01 3.55574751e+00
  1.22111928e+00 9.55770075e-01 4.39864576e-01 2.68614531e+00
  2.26263714e+00 7.36748755e-01 3.09964269e-01 0.00000000e+00
  0.00000000e+00 0.00000000e+00 2.19671273e+00 1.06336713e+00
  5.52169561e+00 2.70261240e+00 1.15262187e+00 1.66343832e+00
  4.57555383e-01 9.05833483e-01 4.11059570e+00 1.80138767e+00
  3.01419568e+00 4.62421119e-01 5.66319036e+00 0.00000000e+00
  4.42466259e+00 0.00000000e+00 7.39812553e-01 3.06443095e+00
  5.00495791e-01 6.41872957e-02 3.57585788e+00 1.61888540e+00
  4.00838280e+00 4.51851940e+00 0.00000000e+00 5.40209949e-01
  3.06143022e+00 3.29717779e+00 7.79579878e+00 4.99391794e+00
  3.27556539e+00 1.53365508e-01 1.66389096e+00 8.71661127e-01
  8.04365456e-01 0.00000000e+00 4.86633718e-01 1.42707026e+00
  8.39716053e+00 1.63135517e+00 3.75037336e+00 2.62319356e-01
  3.84826159e+00 6.11869097e-01 1.30357866e+01 7.09099579e+00
  1.10296321e+00 3.21308881e-01 1.26406488e+01 3.27878445e-01
  1.26643586e+00 3.95036411e+00 3.08846664e+00 8.30052122e-02
  1.54589903e+00 1.99746990e+00 1.04177319e-01 2.88391328e+00
  3.73113108e+00 7.43145406e-01 1.02851398e-01 7.27974996e-03
  1.29422471e-01 3.81585121e+00 1.11887932e+01 1.38571286e+00
  0.00000000e+00 2.19472671e+00 8.08911383e-01 2.07264853e+00
  5.48224211e-01 0.00000000e+00 2.10732794e+00 1.08889985e+00
  3.91570616e+00 1.92271614e+00 7.22541571e+00 3.58691573e+00
  2.17283010e+00 1.81856537e+00 5.97896338e+00 2.50533271e+00
  2.21266198e+00 9.28076386e-01 1.00713861e+00 5.42023563e+00
  1.43064594e+00 5.83480787e+00 0.00000000e+00 1.26077194e+01
  9.39413071e+00 1.44821152e-01 1.00714588e+01 2.18384671e+00
  1.08649707e+00 6.19157016e-01 7.37869218e-02 7.74389684e-01
  1.38213003e+00 4.85631180e+00 9.67087388e-01 0.00000000e+00
  1.88524890e+00 6.01981401e+00 1.75508213e+00 1.53750503e+00
  3.85545945e+00 1.47426617e+00 0.00000000e+00 2.40998363e+00
  4.21738857e-03 9.04562092e+00 2.41803908e+00 3.69265413e+00
  1.22743857e+00 5.41024208e+00 8.30615044e-01 0.00000000e+00
  2.64878201e+00 5.52270555e+00 1.06545317e+00 3.44999623e+00
  1.54622823e-01 1.29478276e-01 3.27723920e-01 1.82779133e+00
  4.66720104e+00 6.46494627e-01 7.97346711e-01 1.53211638e-01
  0.00000000e+00 1.58779764e+00 4.28091437e-01 7.02468976e-02
  1.76522923e+00 1.20092309e+00 3.77678943e+00 2.90883839e-01
  1.14991212e+00 0.00000000e+00 1.27784395e+01 4.96625423e+00
  9.68613148e-01 2.02820396e+00 1.41455197e+00 4.07068163e-01
  2.07492709e+00 1.93884730e+00 3.12268525e-01 7.20092133e-02
  1.18925655e+00 1.53058529e-01 4.52126592e-01 6.97150087e+00
  2.21811819e+00 9.03488064e+00 7.76224852e-01 1.46561727e-01]]