[[1.54535365e+00 2.63207817e+00 2.00877786e+00 1.26351690e+00
  8.89613777e-02 2.25548792e+00 1.42136490e+00 3.45780349e+00
  4.44944763e+00 2.29878172e-01 2.15106320e+00 2.21912956e+00
  3.19281650e+00 2.37481165e+00 0.00000000e+00 4.00982189e+00
  6.01049757e+00 2.78115034e-01 4.22914791e+00 5.76008987e+00
  0.00000000e+00 8.90870869e-01 5.11947691e-01 4.15177202e+00
  1.39174685e-02 4.30430079e+00 2.23180914e+00 5.96491241e+00
  1.72882533e+00 9.18728709e-01 3.49558616e+00 9.35451269e-01
  5.88164568e-01 4.63321829e+00 5.28164053e+00 4.68699299e-02
  2.07740688e+00 5.96869364e-02 3.26139808e+00 4.19710732e+00
  1.21116257e+00 5.02875423e+00 2.71479368e-01 2.37231016e+00
  8.31258073e-02 3.01485682e+00 5.70370817e+00 0.00000000e+00
  2.97453523e+00 6.71124518e-01 1.89885998e+00 5.47961092e+00
  2.71959734e+00 6.93113804e+00 1.43008685e+00 2.17542028e+00
  2.28012490e+00 5.63449907e+00 0.00000000e+00 3.18460298e+00
  1.72385573e-01 0.00000000e+00 4.53516626e+00 2.91780186e+00
  9.08677459e-01 5.55380821e+00 4.94573545e+00 5.56775331e-01
  3.20057368e+00 1.34674442e+00 1.29545298e+01 1.54914570e+00
  3.13496637e+00 4.23321199e+00 3.91428447e+00 2.26451588e+00
  6.77582264e+00 4.08274114e-01 9.40636396e-01 4.76653481e+00
  6.15041137e-01 1.06282258e+00 2.43581271e+00 1.24300754e+00
  6.05094051e+00 3.31678748e+00 7.45444417e-01 1.68638158e+00
  1.32420158e+01 7.98157811e-01 2.63262129e+00 3.42242050e+00
  0.00000000e+00 1.70571887e+00 4.95182753e+00 3.46980166e+00
  4.50247526e+00 1.12003028e+00 5.44821978e+00 5.07179117e+00
  1.05478033e-01 1.70722520e+00 2.35845709e+00 3.86704206e+00
  1.03576064e+00 1.25994527e+00 3.45684916e-01 5.04585326e-01
  2.63533854e+00 5.52505875e+00 4.33079338e+00 0.00000000e+00
  4.37121296e+00 4.02537107e+00 2.94425631e+00 2.03055477e+00
  1.45355759e+01 2.76975334e-01 2.31409097e+00 1.97996414e+00
  3.42620349e+00 3.26728523e-01 3.59205413e+00 4.06064701e+00
  1.15401185e+00 3.76653862e+00 1.89731312e+00 0.00000000e+00
  1.28366494e+00 1.48549967e+01 2.98803300e-01 6.57219028e+00
  4.91881132e+00 6.22897267e-01 6.83557320e+00 1.00361166e+01
  2.28373528e+00 6.17514849e+00 3.10062027e+00 0.00000000e+00
  5.68017602e-01 1.56182826e+00 2.52952385e+00 3.11881995e+00
  4.95340437e-01 4.75411510e+00 4.62403202e+00 2.60525751e+00
  1.61580396e+00 3.14359099e-01 3.15801930e+00 1.69702995e+00
  4.79925060e+00 2.08381963e+00 7.18583405e-01 6.24061346e+00
  2.55133057e+00 9.81691718e-01 3.38028288e+00 1.86052859e+00
  3.28670073e+00 1.19645345e+00 2.89631152e+00 4.27390194e+00
  1.61007881e+00 6.84492159e+00 1.80666006e+00 1.55274558e+00
  8.78174126e-01 6.00745916e-01 5.01525640e+00 4.06754446e+00
  5.47570992e+00 8.55837631e+00 1.29063511e+00 1.43052483e+00
  4.22623539e+00 4.42946911e+00 1.43148506e+00 4.63817328e-01
  1.32950640e+00 9.46854278e-02 4.67738390e+00 2.97382921e-01
  4.35899448e+00 4.18004322e+00 1.54049724e-01 1.72621441e+00
  1.40494394e+00 3.87560940e+00 8.33326161e-01 5.38465023e-01
  5.24241877e+00 5.57101250e+00 2.04094768e+00 2.53743219e+00
  3.43230367e+00 5.11285734e+00 2.06476092e+00 6.67278814e+00
  1.88842583e+00 1.68416810e+00 1.50557232e+00 4.10459805e+00
  3.36477423e+00 3.64834905e+00 3.63391590e+00 1.53827477e+00
  4.79368639e+00 7.77781725e+00 1.21353269e+00 1.50253046e+00
  5.52714229e-01 1.26304185e+00 6.50365400e+00 4.06584591e-01
  1.88880146e+00 0.00000000e+00 1.88715708e+00 2.06798387e+00
  1.31280357e-02 1.72622776e+00 2.89827919e+00 7.61932802e+00
  2.51573062e+00 6.94579315e+00 1.39513278e+00 4.20009851e+00
  8.86200666e-01 8.52498055e-01 0.00000000e+00 1.54727280e+00
  3.35818005e+00 5.29458702e-01 7.68998504e-01 6.57049227e+00
  3.25437427e-01 5.97402382e+00 9.14919281e+00 1.16681254e+00
  5.23355150e+00 8.25637221e-01 2.91446567e+00 1.02030993e+01
  1.85531318e+00 2.83756185e+00 3.75639033e+00 4.20582438e+00
  1.00931621e+00 5.86098552e-01 4.09352064e+00 9.71515059e-01
  2.14321136e-01 6.83216572e+00 9.74620628e+00 3.37363553e+00
  2.06344318e+00 0.00000000e+00 1.54004002e+00 2.45510650e+00
  2.19752669e-01 1.01014435e+00 9.06711578e+00 3.78576136e+00
  7.80045795e+00 1.38351095e+00 8.05234984e-02 7.82432139e-01
  1.03076105e+01 8.74163806e-01 2.32076597e+00 3.33820343e-01
  1.39676189e+00 1.53279579e+00 2.48001313e+00 7.44859755e-01
  1.83347881e+00 2.06069708e+00 3.86709762e+00 1.44499493e+00
  1.01220102e+01 7.87582064e+00 4.25281763e+00 4.89347458e+00
  6.73278034e-01 7.11628944e-02 1.09148912e+01 4.93890476e+00
  6.68164635e+00 4.53132534e+00 1.45465636e+00 6.70069158e-01
  2.46793962e+00 1.29160726e+00 2.67832041e+00 4.11757278e+00
  2.19351077e+00 3.45965004e+00 1.10650289e+00 0.00000000e+00
  1.89225852e+00 7.77140331e+00 2.71015739e+00 1.19687629e+00
  1.59198797e+00 4.07879162e+00 1.06429732e+00 3.14673334e-01
  3.76283050e-01 9.55476952e+00 3.99016285e+00 6.28139305e+00
  1.64915049e+00 2.70092130e-01 1.10420752e+00 2.32000875e+00
  1.25409575e+01 1.64514523e+01 3.55968428e+00 2.83885670e+00
  1.19404783e+01 1.15823758e+00 3.17579222e+00 2.20562220e+00
  1.20358920e+00 1.57346547e+00 3.11516905e+00 6.66117609e-01
  5.74872589e+00 8.75612050e-02 1.14166260e+00 7.99717665e+00
  1.01865649e+00 7.51746416e+00 9.88952923e+00 5.30964756e+00
  3.72801363e-01 1.23772681e+00 2.90489125e+00 1.97600210e+00
  7.60593176e-01 1.10289037e+00 2.33272624e+00 3.13180029e-01
  3.48581362e+00 4.51977313e-01 5.21701717e+00 1.67284596e+00
  5.14721727e+00 4.77924681e+00 0.00000000e+00 3.93778181e+00
  8.39015245e-01 5.10339308e+00 3.48900533e+00 1.46903515e+00
  5.13968825e-01 4.41167259e+00 2.77561665e+00 7.66959381e+00
  1.13800077e+01 9.26366520e+00 1.86550903e+00 3.83289635e-01
  3.09761167e+00 8.31086755e-01 7.03175402e+00 1.25411987e+00
  2.74981260e+00 2.56662917e+00 3.09577513e+00 2.68192840e+00
  1.82071900e+00 4.20378876e+00 6.10963917e+00 7.62567949e+00
  3.24563289e+00 2.46480799e+00 7.78391552e+00 2.50653410e+00
  3.92575598e+00 4.72432137e+00 7.90321976e-02 4.18725681e+00
  2.11249256e+00 2.15352058e+00 3.71299982e+00 9.33057070e-01
  3.40671152e-01 4.68533099e-01 5.76393795e+00 7.18250513e-01
  5.01356983e+00 2.94845164e-01 4.02053642e+00 0.00000000e+00
  8.61136723e+00 2.90295072e-02 2.34997678e+00 1.35926163e+00
  3.33697224e+00 2.73482704e+00 7.70243764e-01 4.83920622e+00
  2.64061999e+00 8.34156322e+00 2.39993000e+00 3.49356556e+00
  6.25796244e-02 5.06069136e+00 6.44071817e+00 6.57568276e-01
  5.21796167e-01 2.22473359e+00 3.03564692e+00 1.75537825e+00
  2.41002989e+00 5.06027699e+00 1.39805043e+00 5.47963619e-01
  3.98204565e+00 3.86255193e+00 6.80251598e+00 5.64566231e+00
  1.21922660e+00 7.78080821e-02 3.38080263e+00 1.20112419e+00
  1.69226277e+00 5.92342567e+00 3.13497758e+00 2.45910954e+00
  6.69629931e-01 3.85984397e+00 0.00000000e+00 1.57161248e+00
  3.75457144e+00 4.03982289e-02 1.87330317e+00 1.49114978e+00
  7.91320622e-01 2.48812747e+00 5.35567284e-01 3.09045410e+00
  5.30627203e+00 6.76842332e-01 7.52999067e-01 1.84008491e+00
  8.47933292e-01 3.43410516e+00 3.86858487e+00 6.19729280e+00
  4.48538876e+00 8.28661346e+00 5.43208599e+00 4.93666840e+00
  8.45399475e+00 2.20361400e+00 1.92635965e+00 1.40301666e+01
  0.00000000e+00 1.33305442e+00 2.80304027e+00 1.52017331e+00
  2.32970759e-01 5.97773552e-01 6.12282562e+00 3.85755849e+00
  4.26933241e+00 4.88539726e-01 6.85288095e+00 4.58843040e+00
  0.00000000e+00 5.80056763e+00 2.85909504e-01 3.09900731e-01
  4.75188017e-01 5.61017878e-02 8.89509296e+00 1.01549399e+00
  7.00897634e-01 2.86042380e+00 3.53502107e+00 1.64708745e+00
  2.33326530e+00 2.40765905e+00 1.04061556e+01 4.89914536e-01
  3.48638201e+00 1.21898329e+00 3.15317774e+00 3.77363372e+00
  1.58217120e+00 9.45236161e-02 1.84886229e+00 5.43866158e+00
  3.56989503e-02 7.67828166e-01 3.15591067e-01 7.85963461e-02
  1.46350288e+01 3.86336774e-01 3.50713634e+00 2.84896159e+00
  5.54112904e-02 2.31941795e+00 3.35120130e+00 2.68300027e-01
  1.63718224e+00 0.00000000e+00 7.33378506e+00 1.20699704e+00]]