[[1.26681364e+00 1.20058334e+00 2.03874636e+00 2.32740924e-01
  6.40876174e-01 8.98462582e+00 2.82940364e+00 1.32754481e+00
  1.23655713e+00 2.85931277e+00 5.87226152e+00 1.05093920e+00
  3.76722789e+00 1.78138107e-01 5.76954889e+00 1.75968432e+00
  1.49762321e+00 8.76594365e-01 3.18687201e-01 5.38003397e+00
  1.62439227e+00 1.05532484e+01 0.00000000e+00 8.59439015e-01
  2.84792900e-01 7.45639610e+00 1.49901724e+00 0.00000000e+00
  9.32799220e-01 0.00000000e+00 1.23670554e+00 9.28777504e+00
  0.00000000e+00 8.52433109e+00 6.23668730e-02 7.28960943e+00
  1.92888486e+00 0.00000000e+00 2.32397437e+00 5.13471651e+00
  7.51146841e+00 4.93932772e+00 2.31408024e+00 6.91001320e+00
  4.78994787e-01 3.77066046e-01 1.97088385e+00 1.12439252e-01
  2.32109880e+00 1.19696498e+00 7.28636837e+00 0.00000000e+00
  9.67768431e-01 0.00000000e+00 6.69023609e+00 1.98712265e+00
  1.52849567e+00 3.69448113e+00 1.07658911e+00 1.80091381e+00
  2.27319404e-01 1.36471689e-01 6.98079205e+00 9.00582504e+00
  4.34696823e-01 3.57246190e-01 0.00000000e+00 1.51597714e+00
  7.49876916e-01 3.17220950e+00 5.42116928e+00 5.44010067e+00
  5.91259909e+00 2.83586550e+00 4.12020063e+00 8.02015439e-02
  1.73090315e+00 2.43663406e+00 4.77989674e+00 9.99299660e-02
  2.66455859e-01 6.31297779e+00 3.26913524e+00 1.12081826e+00
  4.14119530e+00 5.76023960e+00 3.46348810e+00 1.87826657e+00
  3.92644954e+00 8.40616703e-01 1.41674638e+00 5.55123091e-01
  3.01444024e-01 6.47810078e+00 0.00000000e+00 3.98800552e-01
  0.00000000e+00 3.64313698e+00 8.35972595e+00 2.70153189e+00
  3.49432498e-01 9.10742402e-01 1.06998367e+01 4.88239145e+00
  2.44567990e+00 2.42794991e+00 5.98354399e-01 0.00000000e+00
  4.29045409e-03 1.00264513e+00 0.00000000e+00 5.28708696e-01
  2.93750674e-01 1.16742536e-01 4.03809339e-01 3.09768200e-01
  5.19149542e+00 1.46133337e+01 3.14029121e+00 6.96693420e-01
  6.13517284e-01 6.61714733e-01 3.32179332e+00 8.07783318e+00
  0.00000000e+00 5.94028682e-02 2.27070168e-01 3.38107459e-02
  5.67015648e-01 1.24345455e+01 2.08973503e+00 1.85004365e+00
  1.38277960e+00 2.06586075e+00 1.16570389e+00 3.15795213e-01
  5.34267366e-01 8.86804283e-01 1.07774293e+00 8.24737549e-01
  1.52991280e-01 2.49242640e+00 0.00000000e+00 2.81117010e+00
  2.52084160e+00 7.09315419e-01 1.90531170e+00 3.98354888e+00
  2.11091176e-01 3.05337286e+00 1.56786976e+01 5.67411840e-01
  1.08651316e+00 0.00000000e+00 2.22186074e-01 3.65866214e-01
  9.29520190e-01 5.44154930e+00 1.24127364e+00 8.01530927e-02
  7.49321461e-01 6.87439346e+00 2.75897336e+00 2.68829679e+00
  2.72448087e+00 1.41399693e+00 0.00000000e+00 4.12779474e+00
  9.87380219e+00 2.62784147e+00 0.00000000e+00 5.37161303e+00
  1.53344250e+00 1.63078785e+00 1.43923438e+00 3.86984491e+00
  6.24733686e-01 7.94783688e+00 1.01913261e+01 1.26004219e+00
  3.64565939e-01 1.23640254e-01 5.12564468e+00 3.23271799e+00
  5.42379856e-01 2.03055930e+00 4.85076761e+00 2.00360703e+00
  2.83232307e+00 4.41199112e+00 6.02576613e-01 1.27117682e+00
  0.00000000e+00 1.03695774e+01 1.30211163e+00 4.80946630e-01
  0.00000000e+00 4.66098690e+00 9.12843704e+00 3.75503659e+00
  7.13227320e+00 4.77373409e+00 3.47067475e-01 1.15922785e+00
  1.82035482e+00 1.80898857e+00 2.10846186e+00 1.34237576e+00
  5.29936266e+00 1.12315931e+01 1.37306619e+00 2.76068091e+00
  1.04733276e+00 6.07357979e+00 5.28348625e-01 2.69340849e+00
  3.49139524e+00 7.35705185e+00 1.86814106e+00 2.98019123e+00
  1.08908129e+01 8.93009758e+00 3.22621751e+00 1.41151714e+00
  7.09779692e+00 3.96354032e+00 0.00000000e+00 1.48980379e+01
  1.68182051e+00 2.38389659e+00 1.00521994e+00 5.07929850e+00
  3.10099572e-02 2.18762398e+00 8.37783241e+00 3.44310212e+00
  5.77860785e+00 8.32529902e-01 3.74389946e-01 1.08656371e+00
  4.29283440e-01 1.60241842e+00 5.84842741e-01 3.77185702e+00
  1.74851024e+00 8.69671345e+00 3.04144859e+00 0.00000000e+00
  1.31310081e+00 7.69035161e-01 6.29476690e+00 0.00000000e+00
  8.16674054e-01 2.03313828e+00 3.66416407e+00 1.96753013e+00
  4.51979339e-01 1.66281521e-01 2.82218766e+00 2.04100561e+00
  2.27908209e-01 3.98107886e-01 7.12518170e-02 0.00000000e+00
  4.13708115e+00 0.00000000e+00 7.81331122e-01 1.35302520e+00
  3.12321234e+00 1.00821495e+00 9.65570831e+00 0.00000000e+00
  1.10379755e+00 3.60056043e+00 1.50747228e+00 5.13879156e+00
  9.80294704e+00 4.59477633e-01 4.27164286e-01 7.92312288e+00
  5.82350302e+00 1.19772172e+00 4.97413731e+00 4.64409530e-01
  1.05637131e+01 3.48840922e-01 4.48581409e+00 3.14472854e-01
  1.99698019e+00 4.99560070e+00 2.23178908e-01 1.38636875e+00
  1.28648996e+01 1.09104481e+01 3.37351704e+00 1.17816888e-01
  1.48803873e+01 3.47931910e+00 9.51415062e+00 1.04954731e+00
  1.64968729e-01 1.43783407e+01 3.48532581e+00 0.00000000e+00
  7.19632268e-01 7.63052881e-01 3.24991488e+00 5.90179253e+00
  6.78941369e-01 1.27881603e+01 5.77882826e-01 3.08690357e+00
  2.79219961e+00 2.83265989e-02 2.67963552e+00 2.72716045e+00
  3.04223847e+00 1.94746089e+00 3.20579737e-01 3.22175789e+00
  3.61880970e+00 2.98681617e+00 2.75858998e+00 0.00000000e+00
  2.07887864e+00 4.17321825e+00 4.08867741e+00 2.51812267e+00
  2.92651534e-01 3.08028865e+00 1.33209634e+00 6.71843290e+00
  2.00781870e+00 4.91350293e-01 2.32881594e+00 1.20999992e+00
  4.73831940e+00 1.32814431e+00 1.75293851e+00 9.60023701e-01
  5.64337559e-02 1.15133062e-01 1.43903816e+00 2.77187085e+00
  4.73220539e+00 3.48191410e-01 5.81415296e-01 5.60035743e-02
  6.64765358e-01 3.36901689e+00 5.47573388e-01 1.55398026e-01
  3.55722278e-01 1.43372130e+00 9.78130519e-01 1.50043786e+00
  4.44310379e+00 1.28208554e+00 1.58916712e+00 1.14373374e+00
  7.03164196e+00 2.80222559e+00 3.62935686e+00 0.00000000e+00
  1.02738152e+01 1.77704787e+00 6.39890194e-01 3.40149462e-01
  9.07403380e-02 3.51947021e+00 5.61114289e-02 1.29633546e+00
  1.19279413e+01 1.40072489e+00 4.46511793e+00 4.63813925e+00
  2.12366915e+00 1.76568317e+00 0.00000000e+00 1.57623553e+00
  9.75033581e-01 8.79797363e+00 2.01409325e-01 4.88568878e+00
  5.59170198e+00 0.00000000e+00 4.59241343e+00 5.25362611e-01
  1.87357649e-01 4.40267420e+00 3.20862722e+00 4.22973365e-01
  6.10625744e+00 3.91500378e+00 4.06166553e-01 2.40254688e+00
  1.93210888e+00 4.02391702e-01 3.44754910e+00 1.67947078e+00
  1.62284887e+00 1.04232445e+01 3.17954373e+00 1.77138102e+00
  3.65961289e+00 1.46517229e+00 0.00000000e+00 1.58690965e+00
  6.76189804e+00 3.83016753e+00 3.73665810e+00 8.93965185e-01
  6.71858430e-01 8.60225499e-01 4.74007912e-02 2.27597737e+00
  9.64331627e-02 1.87293208e+00 1.21000013e+01 4.99174881e+00
  7.42006302e+00 9.69152808e-01 6.45023808e-02 3.35719013e+00
  1.34536886e+00 3.75858855e+00 3.14742997e-02 2.63285518e+00
  4.59671170e-02 5.51569045e-01 1.65336525e+00 1.05741382e+00
  8.57886028e+00 5.44435644e+00 1.17843509e+00 2.61490250e+00
  2.14062071e+00 0.00000000e+00 1.34911969e-01 5.74362874e-01
  0.00000000e+00 1.20031524e+00 1.02419043e+00 5.50125074e+00
  6.26626790e-01 2.98660904e-01 4.82294464e+00 1.87588561e+00
  0.00000000e+00 1.51439464e+00 6.53957701e+00 7.86900425e+00
  5.34624577e+00 5.96613979e+00 4.43106222e+00 9.71827507e-01
  6.71432877e+00 1.06642056e+00 1.79810092e-01 6.61830711e+00
  1.67784083e+00 3.30476689e+00 5.83110094e+00 2.34307623e+00
  1.28378162e+01 1.03181720e+00 5.76519012e+00 0.00000000e+00
  2.13124728e+00 2.93983674e+00 7.54664755e+00 2.13524556e+00
  6.52464247e+00 8.10413647e+00 1.19580016e-01 5.04838109e-01
  7.73489118e-01 1.18759084e+00 6.98993623e-01 5.87026715e-01
  5.90776730e+00 1.67628348e-01 2.07575774e+00 2.27195978e-01
  1.09116144e+01 5.52115917e+00 5.02327442e+00 9.60492516e+00
  4.79644442e+00 1.83696532e+00 5.45662642e+00 1.18510132e+01
  5.94695866e-01 3.03461266e+00 1.89771128e+00 7.07108498e-01
  3.28489685e+00 3.91579819e+00 7.26362407e-01 1.29656696e+00
  2.14867187e+00 1.83218086e+00 2.05360579e+00 3.27180314e+00
  5.55678904e-01 7.80212581e-01 1.21376538e+00 1.37200463e+00
  3.07968259e+00 1.56402898e+00 5.87559891e+00 3.78897071e-01]]