[[1.04372966e+00 0.00000000e+00 9.84695911e-01 1.15887821e+00
  2.91179240e-01 3.87185007e-01 1.33096874e+00 2.51985598e+00
  2.09562659e+00 1.70187902e+00 2.03535676e+00 7.65733346e-02
  2.76982021e+00 7.49146795e+00 5.75858355e+00 5.24926186e+00
  0.00000000e+00 1.35218108e+00 3.52247453e+00 3.05370164e+00
  3.56829651e-02 4.19822842e-01 5.30602551e+00 4.07237196e+00
  1.82377659e-02 3.94265628e+00 6.15142632e+00 0.00000000e+00
  2.99237275e+00 2.76767492e-01 5.94488621e-01 4.55502793e-02
  7.67909437e-02 2.38527703e+00 9.69699144e-01 6.56785905e-01
  9.42084193e-01 8.57009143e-02 5.44250679e+00 6.73447704e+00
  1.10755670e+00 3.56540442e+00 4.62425590e-01 3.42329192e+00
  0.00000000e+00 4.32172728e+00 2.42297113e-01 0.00000000e+00
  2.53191209e+00 9.07341182e-01 2.16586423e+00 0.00000000e+00
  1.87310353e-01 6.65051520e-01 1.38999009e+00 1.20233190e+00
  4.06807232e+00 2.96370506e+00 1.50128484e+00 1.94878876e-01
  2.75865579e+00 2.92094183e+00 6.99796343e+00 7.43318129e+00
  0.00000000e+00 9.60133362e+00 0.00000000e+00 3.75358510e+00
  2.20661783e+00 2.14545369e+00 1.70015774e+01 1.23165727e+00
  2.07585931e-01 1.02830486e+01 8.28889787e-01 1.15921485e+00
  2.27634296e-01 1.33869386e+00 3.60547900e-01 2.42896819e+00
  6.00612938e-01 0.00000000e+00 4.36378193e+00 1.34229492e-02
  1.09760630e+00 6.25558710e+00 0.00000000e+00 3.69059652e-01
  7.04344749e-01 0.00000000e+00 1.10692539e+01 2.94748735e+00
  0.00000000e+00 1.33284104e+00 4.11165905e+00 1.80148911e+00
  8.14051390e-01 1.81006229e+00 6.67272139e+00 5.91436768e+00
  7.09558070e-01 1.02783871e+00 5.30288267e+00 3.19051027e+00
  6.48899496e-01 4.37527752e+00 1.87374318e+00 2.96128672e-02
  3.19076705e+00 1.79651594e+00 4.62022930e-01 1.10832906e+00
  0.00000000e+00 0.00000000e+00 2.93179655e+00 1.25685644e+00
  6.53658438e+00 1.68856466e+00 1.54856175e-01 3.00341463e+00
  0.00000000e+00 4.11138296e+00 7.82796383e-01 3.35985708e+00
  3.09682703e+00 1.41123152e+00 0.00000000e+00 0.00000000e+00
  5.28816819e-01 6.82116652e+00 5.47773317e-02 6.98703766e-01
  5.48660135e+00 4.81814951e-01 6.48410171e-02 1.04667771e+00
  2.88667828e-02 4.77743953e-01 2.73384500e+00 7.20037603e+00
  2.32744262e-01 5.62434971e-01 2.40887821e-01 5.01276493e+00
  2.02368990e-01 6.11237586e-01 5.54400146e-01 4.84732330e-01
  6.41066015e-01 6.05027735e-01 0.00000000e+00 1.71805716e+00
  2.04049134e+00 9.59481144e+00 1.64271921e-01 1.26218915e+00
  6.80567384e-01 5.21382809e+00 5.92982149e+00 2.52617621e+00
  1.09992182e+00 5.20872688e+00 2.70106550e-02 0.00000000e+00
  4.82309103e+00 8.38918805e-01 2.90928692e-01 1.47023726e+00
  1.26893270e+00 1.16189575e+00 1.50475967e+00 1.70020127e+00
  6.49989557e+00 2.30808754e+01 4.70524931e+00 5.04412472e-01
  2.07957220e+00 1.11110520e+00 1.08212490e+01 1.44397628e+00
  3.77939224e+00 1.37395516e-01 1.25994158e+00 0.00000000e+00
  3.79932314e-01 1.20446384e+00 1.39278531e-01 2.56894541e+00
  3.11335325e+00 2.27018499e+00 0.00000000e+00 2.30243254e+00
  2.07747912e+00 3.14306557e-01 5.81290054e+00 4.54397872e-02
  4.07396704e-01 7.70294142e+00 5.28265619e+00 1.46760166e-01
  4.32868576e+00 1.33788496e-01 5.26982665e-01 1.71700442e+00
  7.46979713e+00 2.37936115e+00 2.10497230e-01 2.13449812e+00
  9.68878448e-01 4.66842318e+00 0.00000000e+00 1.81275237e+00
  0.00000000e+00 8.48330307e+00 9.30574685e-02 4.30376470e-01
  2.98798418e+00 4.92593241e+00 1.93919051e+00 9.48519468e-01
  2.28754568e+00 7.89208233e-01 2.73107004e+00 3.42632920e-01
  0.00000000e+00 8.14465046e+00 1.44822073e+00 3.42277408e-01
  0.00000000e+00 1.95388988e-01 2.57040238e+00 1.21629250e+00
  2.71846080e+00 1.87317085e+00 1.28506279e+00 1.57447040e+00
  1.86517525e+00 5.79893160e+00 1.18207145e+00 6.38340044e+00
  8.68157685e-01 0.00000000e+00 4.01060247e+00 2.74746895e+00
  1.27508283e-01 1.08521442e+01 8.94288254e+00 2.55087876e+00
  6.02905130e+00 1.51823413e+00 4.05708607e-03 2.05228162e+00
  6.01223135e+00 6.05055285e+00 2.16062546e+00 0.00000000e+00
  2.01792669e+00 2.06692219e+00 1.66921556e+00 1.11109006e+00
  4.83648586e+00 1.16556549e+00 0.00000000e+00 7.34612226e-01
  4.56552792e+00 3.34757686e+00 0.00000000e+00 2.09425640e+00
  2.71580911e+00 4.43531901e-01 2.78322220e+00 4.94213015e-01
  2.93758941e+00 2.59047675e+00 6.93413615e-01 1.07607737e-01
  1.19870968e+01 4.34432268e-01 0.00000000e+00 0.00000000e+00
  6.32033491e+00 1.50508046e-01 3.04478550e+00 2.07802251e-01
  4.10388947e-01 3.12321633e-01 1.15201330e+00 5.99884701e+00
  2.81560278e+00 4.73917103e+00 2.44476080e-01 3.28381449e-01
  1.48742485e+00 2.10498500e+00 6.45090103e+00 5.38823700e+00
  8.30240905e-01 5.08176625e-01 2.22829193e-01 0.00000000e+00
  4.37366199e+00 9.91673052e-01 6.26241875e+00 3.05591553e-01
  2.81152916e+00 7.61706972e+00 5.52264643e+00 4.21572745e-01
  1.65129453e-01 3.64666611e-01 5.08280563e+00 3.65369153e+00
  9.01088715e-01 4.55690956e+00 4.00215292e+00 7.81215608e-01
  1.16412437e+00 1.25383224e+01 7.93002844e-01 3.57596874e+00
  5.64923239e+00 6.22524261e+00 4.31190586e+00 1.80717504e+00
  7.14851558e-01 2.91182160e-01 4.39519596e+00 6.44793808e-02
  8.57022166e-01 0.00000000e+00 2.84836292e-01 3.66162348e+00
  4.11750317e+00 1.85448393e-01 6.25959253e+00 7.07650089e+00
  3.54453397e+00 5.35964203e+00 2.80063510e-01 5.34252119e+00
  3.44137049e+00 4.11002308e-01 2.81154060e+00 3.12066221e+00
  2.44393301e+00 2.07553625e+00 3.40636897e+00 0.00000000e+00
  4.95859003e+00 1.02213256e-01 5.40754646e-02 1.37803054e+00
  1.39014196e+00 0.00000000e+00 6.48086846e-01 3.94796859e-03
  1.82610434e-02 4.87839937e+00 4.65259361e+00 2.46698961e-01
  1.63895283e+01 0.00000000e+00 5.63238800e-01 6.48104191e+00
  7.97354603e+00 5.99728942e-01 6.74179125e+00 0.00000000e+00
  4.95385379e-02 4.85890341e+00 4.62861359e-01 5.46443999e-01
  3.36054981e-01 3.81815815e+00 0.00000000e+00 4.93076754e+00
  1.87656403e-01 4.09080553e+00 1.40165591e+00 6.20523930e+00
  4.54968929e+00 4.95722741e-01 3.06430268e+00 2.47122502e+00
  3.11087656e+00 1.27551687e+00 1.30004656e+00 2.88956940e-01
  9.58056092e-01 9.23687553e+00 1.39702797e-01 2.20137954e+00
  1.67982531e+00 1.74818099e+00 5.54330647e-01 3.37248206e+00
  4.57184649e+00 1.76183999e+00 1.88507736e+00 0.00000000e+00
  3.41915965e+00 1.59227872e+00 5.09708118e+00 5.81899643e+00
  4.85829687e+00 1.30051661e+00 0.00000000e+00 1.17282701e+00
  7.89495039e+00 0.00000000e+00 1.30650795e+00 1.97367296e-01
  1.54817393e-02 1.29640430e-01 5.18504024e-01 1.69539496e-01
  3.51702857e+00 1.16777062e+00 5.97487725e-02 3.66453576e+00
  1.49619186e+00 7.29099289e-02 4.85659313e+00 6.67530060e+00
  1.35907197e+00 4.31108618e+00 5.10522985e+00 9.36649704e+00
  3.34935594e+00 3.13276839e+00 8.43763530e-01 0.00000000e+00
  2.54720855e+00 3.57582784e+00 7.26926982e-01 3.94624734e+00
  4.30064631e+00 5.32244481e-02 2.03203604e-01 1.10493936e-01
  0.00000000e+00 1.06029749e+00 7.08747447e-01 7.73547590e-01
  4.24082309e-01 2.97666620e-02 1.67168951e+00 3.38663316e+00
  0.00000000e+00 1.18592612e-01 3.57596739e-03 3.47596146e-02
  2.05961370e+00 9.80102634e+00 3.21588039e+00 4.31047797e-01
  1.18680162e+01 3.37194085e+00 1.23009574e+00 8.92485046e+00
  1.74877807e-01 3.10882568e+00 1.23829043e+00 3.57951665e+00
  0.00000000e+00 2.24377728e+00 0.00000000e+00 2.94927788e+00
  6.57890463e+00 1.13483715e+00 3.29469824e+00 1.95506191e+00
  4.18248862e-01 1.19552374e+01 1.24149644e+00 3.30694103e+00
  0.00000000e+00 8.96647155e-01 4.56273270e+00 1.39812589e+00
  6.69816017e-01 5.61190414e+00 1.71691084e+00 1.57970881e+00
  1.83958754e-01 6.47901773e+00 4.42522526e+00 0.00000000e+00
  0.00000000e+00 6.06550217e-01 2.63589883e+00 3.61883926e+00
  3.08353162e+00 2.04316080e-01 4.04212713e+00 9.04915333e-01
  1.67674923e+00 5.77649069e+00 1.91313696e+00 3.64852715e+00
  1.11844397e+01 4.67594951e-01 1.73391163e+00 4.92371798e-01
  1.52778363e+00 0.00000000e+00 5.00347376e+00 3.55966091e+00
  2.30224442e+00 3.33295077e-01 6.51668727e-01 6.63297653e+00]]