[[2.98270249e+00 1.88029194e+00 1.66334116e+00 0.00000000e+00
  5.31039667e+00 1.71182346e+00 3.23806453e+00 2.43435597e+00
  4.72516641e-02 1.26242787e-01 3.47718072e+00 2.10063195e+00
  4.73739481e+00 7.75244761e+00 1.09059334e+00 2.26047683e+00
  3.60354990e-01 2.00558260e-01 5.83655238e-01 8.02942657e+00
  2.05514145e+00 1.72978914e+00 7.24679518e+00 2.02027369e+00
  1.11984022e-01 1.00028956e+00 1.28398657e+00 0.00000000e+00
  3.95643449e+00 2.29723439e-01 0.00000000e+00 1.71688902e+00
  1.69866574e+00 1.46346793e-01 1.16298735e+00 7.05426872e-01
  1.30508685e+00 9.77538526e-02 1.91019702e+00 1.27432144e+00
  5.75947225e-01 1.22179675e+00 3.08041883e+00 7.82268524e-01
  5.57330484e-03 2.95225811e+00 8.42898560e+00 9.75234413e+00
  4.20997238e+00 4.89767075e+00 2.32733205e-01 1.83078861e+00
  5.34491956e-01 3.38875800e-01 4.03969193e+00 1.91993189e+00
  1.30462730e+00 3.05368280e+00 0.00000000e+00 1.56414044e+00
  1.43023029e-01 1.39381552e+00 7.86214876e+00 4.40853500e+00
  2.81848168e+00 5.50037622e+00 1.38249731e+00 2.41726041e-01
  9.66722786e-01 3.93135715e+00 6.71830606e+00 2.92018950e-01
  0.00000000e+00 1.04935598e+01 2.09887344e-02 2.67255831e+00
  2.06076264e-01 1.88143158e+00 2.84785151e-01 3.08096123e+00
  1.47595775e+00 2.87461691e-02 7.49139357e+00 2.20636892e+00
  3.03664476e-01 2.91036558e+00 2.10731864e-01 1.70497656e-01
  1.67683566e+00 7.25789964e-01 9.55050755e+00 6.36130238e+00
  0.00000000e+00 4.42959785e+00 4.10594988e+00 5.15601635e-01
  1.48179579e+00 3.35800791e+00 2.55803514e+00 5.49078417e+00
  1.17195952e+00 0.00000000e+00 3.24512291e+00 1.98212111e+00
  3.74200368e+00 7.68226147e-01 8.37183967e-02 4.58953857e-01
  5.66169441e-01 4.98227775e-01 3.09514451e+00 1.52385235e+00
  0.00000000e+00 2.18955994e-01 3.82106972e+00 1.16618700e-01
  3.11988115e+00 2.69854337e-01 7.03656554e-01 8.73024583e-01
  1.43297017e+00 3.80562991e-01 0.00000000e+00 4.28083849e+00
  8.07401180e+00 6.50346661e+00 1.48195073e-01 7.03694463e-01
  4.05033529e-01 9.92044735e+00 3.23456907e+00 1.19572473e+00
  3.25072217e+00 5.41052639e-01 4.48368311e-01 2.16397691e+00
  4.54503250e+00 8.16757107e+00 9.41338360e-01 1.11602604e+00
  4.49606806e-01 1.12152919e-01 1.05126715e+00 8.62389183e+00
  2.05294561e+00 4.74875540e-01 1.88656366e+00 1.16582543e-01
  2.36574507e+00 0.00000000e+00 2.31206015e-01 0.00000000e+00
  1.97655201e+00 1.05793476e+00 6.94527924e-01 4.78893995e-01
  1.34225154e+00 0.00000000e+00 6.25582457e+00 2.49325991e+00
  8.75163734e-01 2.20870161e+00 1.00948310e+00 4.84933138e-01
  8.48894882e+00 1.03775047e-01 1.61820412e+00 4.18716764e+00
  2.02843219e-01 3.72787863e-01 2.16144636e-01 1.90834194e-01
  5.70553112e+00 4.71072531e+00 5.38890762e-03 8.14360559e-01
  3.56904626e-01 5.34825850e+00 8.30099964e+00 3.07911020e-02
  2.65694308e+00 1.17747808e+00 8.16537023e-01 4.21814471e-02
  5.82808447e+00 1.36844480e+00 2.01344228e+00 1.02071036e-02
  2.12559485e+00 7.25274563e-01 2.01603055e+00 7.32733130e-01
  1.33249617e+00 5.56830883e-01 5.73132336e-01 8.98260212e+00
  1.53642750e+00 1.40089047e+00 7.76800871e-01 2.74770689e+00
  5.01894534e-01 5.18725336e-01 1.84311080e+00 5.77248096e+00
  6.12537575e+00 2.72068191e+00 0.00000000e+00 7.49035716e-01
  6.26599312e-01 3.01809382e+00 1.07781363e+00 1.91929817e+00
  4.13779676e-01 5.72491932e+00 0.00000000e+00 0.00000000e+00
  5.84405661e+00 3.48720819e-01 4.42336321e-01 4.31992859e-01
  2.05804014e+00 4.26234245e+00 1.07884479e+00 0.00000000e+00
  4.16912466e-01 3.38189507e+00 8.18370998e-01 2.17093849e+00
  6.27276564e+00 1.13553751e+00 1.73428392e+00 0.00000000e+00
  2.68169737e+00 0.00000000e+00 8.40640534e-03 1.65254807e+00
  3.19773841e+00 7.79045057e+00 3.72864461e+00 1.35167861e+00
  4.63249117e-01 3.14376640e+00 6.71340561e+00 5.62112999e+00
  0.00000000e+00 6.10625219e+00 5.44272804e+00 3.55038118e+00
  5.61983824e-01 1.96592903e+01 4.43259239e+00 1.00626338e+00
  2.73828411e+00 4.62724972e+00 7.70387173e+00 7.80901849e-01
  3.81763482e+00 2.84443474e+00 2.03573847e+00 1.28662121e+00
  4.08400297e+00 1.00558913e+00 2.02384615e+00 2.81367111e+00
  4.55501366e+00 2.98841864e-01 0.00000000e+00 6.19698644e-01
  5.49319792e+00 1.28334686e-02 2.38730216e+00 6.29769027e-01
  5.49280345e-01 4.15884972e+00 1.76675725e+00 2.23707056e+00
  4.13294697e+00 5.55077270e-02 0.00000000e+00 0.00000000e+00
  8.08759689e+00 1.15650702e+00 1.26400828e-01 0.00000000e+00
  0.00000000e+00 0.00000000e+00 2.33562255e+00 4.51145124e+00
  5.95886898e+00 3.17873311e+00 4.17949766e-01 1.57688153e+00
  2.21385270e-01 7.30020583e-01 4.23015177e-01 3.62941289e+00
  0.00000000e+00 1.44646773e-02 1.69643855e+00 0.00000000e+00
  1.20741329e+01 3.25482607e-01 0.00000000e+00 1.28501922e-01
  1.16646576e+00 1.06934345e+00 8.34041595e+00 1.98079683e-02
  2.59122562e+00 0.00000000e+00 2.07399797e+00 3.75351334e+00
  0.00000000e+00 5.60642767e+00 3.30101395e+00 2.28213143e+00
  4.04204655e+00 1.40873795e+01 1.38038290e+00 4.99900293e+00
  1.19603717e+00 4.51651335e+00 1.78658843e+00 1.29982853e+00
  9.72820893e-02 6.70827484e+00 8.44662285e+00 6.45792603e-01
  3.19938779e+00 9.64061916e-01 0.00000000e+00 2.44172049e+00
  5.25457025e-01 3.36981595e-01 1.51572876e+01 1.42074084e+00
  2.72650266e+00 8.50137138e+00 4.55278730e+00 2.57051492e+00
  7.60421324e+00 0.00000000e+00 0.00000000e+00 1.01918685e+00
  1.91563356e+00 1.62743092e+00 2.59796500e+00 1.84160724e-01
  4.19710636e+00 0.00000000e+00 0.00000000e+00 7.87909105e-02
  1.97734225e+00 6.03514194e-01 1.79479033e-01 4.66714501e-02
  0.00000000e+00 2.13172531e+01 3.21437049e+00 8.77747059e-01
  1.64194393e+01 5.17640054e-01 6.98080333e-03 9.15603065e+00
  1.27532923e+00 8.67895007e-01 3.13990288e+01 0.00000000e+00
  0.00000000e+00 4.29074951e-02 1.40083623e+00 1.82396197e+00
  7.86528301e+00 4.19779778e+00 2.04593599e-01 1.56333709e+00
  0.00000000e+00 2.00187635e+00 1.85907736e-01 8.87244797e+00
  1.20459051e+01 2.71343899e+00 4.10571289e+00 1.13552701e+00
  2.52331185e+00 8.03930700e-01 2.47845578e+00 1.93706490e-02
  1.97709596e+00 1.67214799e+00 9.48324986e-03 2.44649839e+00
  2.66709089e-01 2.68096948e+00 0.00000000e+00 8.45400929e-01
  6.54312134e+00 1.05119622e+00 1.08276166e-01 2.97920442e+00
  2.99218988e+00 1.04496450e+01 0.00000000e+00 8.45596504e+00
  9.23945546e-01 0.00000000e+00 0.00000000e+00 3.27255893e+00
  2.25462985e+00 0.00000000e+00 5.46442652e+00 0.00000000e+00
  4.04983521e-01 1.02602279e+00 1.48570859e+00 1.79690671e+00
  7.63766229e-01 2.86300302e-01 8.53758752e-01 4.26227093e-01
  0.00000000e+00 1.08057283e-01 0.00000000e+00 3.34697890e+00
  3.86845064e+00 1.63655341e+00 6.27236748e+00 5.19791555e+00
  0.00000000e+00 1.48521483e+00 1.68390059e+00 3.19047004e-01
  2.04029393e+00 1.18141222e+00 2.09255796e-02 9.76228333e+00
  2.06219697e+00 7.18710363e-01 9.41453949e-02 1.73802805e+00
  9.42458391e-01 8.09168890e-02 4.63716090e-01 1.22509372e+00
  0.00000000e+00 7.04616070e-01 2.59986758e-01 7.59401500e-01
  1.05971897e+00 1.20937161e-01 0.00000000e+00 4.21176529e+00
  1.55765486e+00 4.59205484e+00 1.47372556e+00 0.00000000e+00
  2.98341799e+00 6.97408628e+00 1.45469630e+00 9.01188850e+00
  4.44156498e-01 1.09052098e+00 3.10910869e+00 8.74424160e-01
  2.43065071e+00 1.35143113e+00 7.23932922e-01 3.27597213e+00
  2.93690801e+00 1.63013577e+00 2.10076094e-01 2.73728228e+00
  0.00000000e+00 3.25488400e+00 4.73118734e+00 8.14109707e+00
  8.99254754e-02 4.76225885e-03 9.07265306e-01 1.86197925e+00
  4.12424564e+00 8.33117127e-01 1.67180288e+00 8.60389709e+00
  5.93063831e-01 3.47795784e-02 2.15314531e+00 0.00000000e+00
  0.00000000e+00 4.27847958e+00 4.28110218e+00 5.51119041e+00
  2.52635622e+00 7.50825739e+00 5.45408428e-01 1.25595641e+00
  9.04584005e-02 3.69566846e+00 1.49018693e+00 0.00000000e+00
  1.46323433e+01 2.72237921e+00 2.81192541e+00 2.35305142e+00
  2.26515388e+00 3.02512288e+00 1.03311701e+01 3.65928841e+00
  1.25758016e+00 1.05542314e+00 4.18411398e+00 9.85955715e-01]]