[[2.17752099e+00 1.59708512e+00 1.35793373e-01 3.66533065e+00
  1.50119662e+00 1.71050262e+01 7.95544815e+00 0.00000000e+00
  1.27549696e+00 2.32471481e-01 2.85131717e+00 1.08668351e+00
  1.02697601e+01 7.82244110e+00 4.90137875e-01 4.09887028e+00
  4.51928347e-01 6.31641299e-02 0.00000000e+00 5.84241343e+00
  2.52402425e+00 4.31530094e+00 5.65516829e-01 1.17122270e-01
  3.39599848e+00 8.62679958e+00 5.93560553e+00 1.44064248e-01
  1.40018773e+00 9.54316580e-04 1.63234085e-01 9.36648464e+00
  1.08599687e+00 1.84696150e+00 6.14222288e-01 2.40803838e+00
  5.37217665e+00 8.06566358e-01 3.78292203e+00 6.54697943e+00
  9.55822784e-03 7.46460140e-01 3.18142700e+00 8.85398865e-01
  1.53498423e+00 1.69826448e-01 4.19233847e+00 1.10597086e+00
  3.54441142e+00 3.03262925e+00 9.85235333e-01 7.84021735e-01
  4.13258234e-03 1.29925573e+00 3.52785134e+00 3.93222380e+00
  4.35172272e+00 8.28418446e+00 1.43255138e+00 1.36989594e+00
  3.22111535e+00 3.29978198e-01 8.61946487e+00 6.94282866e+00
  0.00000000e+00 4.42872238e+00 5.29801130e-01 6.02482224e+00
  5.58228111e+00 2.86657715e+00 4.98682261e+00 5.64065874e-01
  1.89663541e+00 1.61094248e+00 1.79518473e+00 2.00040317e+00
  1.83279538e+00 3.33231878e+00 3.80180955e+00 3.27620983e-01
  1.25902903e+00 2.54981518e+00 2.84328103e+00 3.58899564e-01
  0.00000000e+00 7.64567852e+00 4.60623503e+00 1.07072306e+00
  1.86295235e+00 0.00000000e+00 3.16551852e+00 1.80411530e+00
  3.11650181e+00 2.83828974e+00 5.34311175e-01 1.61569327e-01
  2.54045987e+00 1.13584805e+00 7.82462806e-02 5.37640429e+00
  0.00000000e+00 6.80732441e+00 6.23711491e+00 7.86139345e+00
  1.25112839e+01 2.57995749e+00 1.46160364e+00 1.70817220e+00
  3.03486514e+00 3.59768838e-01 1.81904078e+00 2.53308702e+00
  4.66223657e-01 7.00475740e+00 8.71890306e-01 2.09094509e-01
  6.72250605e+00 9.35788250e+00 5.62503994e-01 3.41871858e+00
  2.92148679e-01 1.28052747e+00 3.54272991e-01 1.10110960e+01
  6.24814796e+00 2.75654644e-01 0.00000000e+00 0.00000000e+00
  2.83745217e+00 9.35942364e+00 0.00000000e+00 3.13689899e+00
  2.19965386e+00 3.92778099e-01 7.35952675e-01 7.93197632e+00
  3.30390215e+00 6.52708197e+00 7.50712538e+00 5.91440439e+00
  1.18399453e+00 2.34079376e-01 1.16216384e-01 1.68850255e+00
  4.01737750e-01 8.45975995e-01 2.06357718e+00 1.68486446e-01
  0.00000000e+00 3.72473300e-01 3.35842323e+00 9.33398438e+00
  2.99283051e+00 1.24123883e+00 0.00000000e+00 6.70647264e-01
  4.30516577e+00 8.63430500e+00 4.96673286e-01 4.32475537e-01
  1.84004152e+00 4.06825282e-02 1.19369793e+00 8.39426070e-02
  1.29498749e+01 3.40477371e+00 3.09657127e-01 4.82147598e+00
  1.32431775e-01 5.79473114e+00 9.71881771e+00 1.99612105e+00
  7.75114918e+00 7.65305567e+00 3.74823308e+00 2.23535210e-01
  2.23405337e+00 4.58604336e+00 1.33771229e+01 1.65073013e+01
  5.17439270e+00 0.00000000e+00 4.31915045e+00 1.71410978e+00
  1.73420012e-01 4.06292963e+00 6.43799877e+00 3.97682357e+00
  4.82316589e+00 2.44924378e+00 3.64353251e+00 0.00000000e+00
  7.68702149e-01 5.87270784e+00 6.54643625e-02 3.00931358e+00
  1.42325282e-01 1.13170099e+01 2.58924031e+00 0.00000000e+00
  2.79747105e+00 5.03195047e+00 1.17522087e+01 1.34713387e+00
  7.87417936e+00 7.64809608e-01 8.19154680e-02 6.91381276e-01
  4.06126595e+00 2.94336706e-01 1.06533134e+00 4.19684458e+00
  6.04316771e-01 4.33586740e+00 0.00000000e+00 1.34004569e+00
  3.31891823e+00 3.84580970e-01 6.13090396e-02 1.12109435e+00
  1.25552583e+00 2.79555798e+00 4.97114033e-01 7.54907370e+00
  1.25840557e+00 6.79784584e+00 1.65824115e+00 3.24211740e+00
  0.00000000e+00 1.46362913e+00 6.69851065e+00 1.21728671e+00
  9.51894939e-01 8.15975761e+00 4.70684338e+00 3.68756890e+00
  2.01530981e+00 1.22352877e+01 9.93115711e+00 2.01718852e-01
  1.39650154e+00 7.56005049e-02 3.00663257e+00 2.91787815e+00
  1.15559995e+00 7.21753979e+00 3.07961154e+00 4.24907833e-01
  2.60481501e+00 1.21270478e+00 7.95441866e+00 1.21384025e+00
  1.39724898e+00 2.43655109e+00 1.80197513e+00 0.00000000e+00
  3.24597001e-01 1.36744070e+00 5.50074339e-01 4.58411312e+00
  1.90055811e+00 1.52766943e-01 0.00000000e+00 2.00788975e+00
  1.88886011e+00 1.56396940e-01 4.44775677e+00 2.24639869e+00
  7.44749784e+00 4.17906433e-01 3.46557927e+00 0.00000000e+00
  1.37788510e+00 9.46539342e-01 2.51951671e+00 4.33708429e+00
  3.72277713e+00 5.39138496e-01 2.55802125e-01 5.36414623e+00
  5.73595381e+00 2.86038369e-01 3.55564952e+00 6.95011079e-01
  9.82705176e-01 0.00000000e+00 1.71518910e+00 8.86622965e-01
  8.60859692e-01 4.76372337e+00 2.30214447e-02 8.43128622e-01
  4.84138584e+00 1.23275757e+00 2.14633679e+00 3.27134824e+00
  2.25896382e+00 6.44636631e+00 1.46363640e+01 0.00000000e+00
  4.98518515e+00 9.11020947e+00 3.46050906e+00 3.16045284e-01
  2.54533195e+00 3.06175256e+00 1.06061363e+00 3.63184482e-01
  0.00000000e+00 1.05555022e+00 7.64374399e+00 5.31283736e-01
  2.06141114e-01 5.31268358e-01 3.08789039e+00 0.00000000e+00
  1.19686737e+01 1.38733778e+01 4.57095575e+00 4.67336923e-02
  4.06167126e+00 9.04254436e+00 2.80601716e+00 5.08869171e+00
  8.49226952e-01 5.82672977e+00 2.13625979e+00 3.52718402e-03
  1.85177755e+00 1.18662035e+00 2.24548697e+00 6.00666904e+00
  1.46751392e+00 1.89789391e+00 8.49437809e+00 9.84698391e+00
  2.75550652e+00 5.34558773e+00 1.05545130e+01 5.61422873e+00
  7.38644123e-01 6.08735144e-01 6.91422105e-01 1.30440450e+00
  9.93646502e-01 2.52491331e+00 7.31998265e-01 0.00000000e+00
  0.00000000e+00 0.00000000e+00 5.59434605e+00 1.64008296e+00
  1.99633598e-01 3.33487248e+00 9.07189488e-01 7.82325193e-02
  1.79093289e+00 9.82676315e+00 6.16252232e+00 5.35482764e-01
  4.91756248e+00 3.00957417e+00 1.38849277e+01 8.62425518e+00
  4.57437229e+00 9.68703270e+00 9.69061756e+00 7.56020975e+00
  8.69458079e-01 0.00000000e+00 2.05001903e+00 1.18127000e+00
  3.30112028e+00 4.18785512e-01 5.80978584e+00 6.55591249e+00
  3.22358489e-01 5.66105604e+00 8.55246246e-01 4.13874769e+00
  6.47183275e+00 7.38221693e+00 8.19494873e-02 3.45217013e+00
  4.25728846e+00 2.62251377e-01 1.74392438e+00 0.00000000e+00
  2.16620898e+00 2.60794854e+00 1.91768900e-01 5.01291132e+00
  3.83220005e+00 4.72617054e+00 1.11701488e+00 1.73638046e+00
  5.32233334e+00 1.78312337e+00 6.37715101e+00 5.52336991e-01
  4.35027695e+00 3.46413660e+00 5.99976480e-01 5.43951225e+00
  8.93848515e+00 8.28818381e-02 0.00000000e+00 2.15119362e+00
  3.26648068e+00 1.04950523e+01 4.37370032e-01 5.40121794e-01
  1.30611777e-01 6.59063220e-01 3.73043728e+00 6.27808809e-01
  3.29899812e+00 8.27731371e-01 5.53663492e+00 5.10268497e+00
  2.90936255e+00 1.41464889e-01 7.77636766e-01 7.15493155e+00
  1.41372108e+00 2.53092885e+00 5.44327164e+00 1.01330004e+01
  3.33610439e+00 2.82956213e-01 1.63073361e+00 6.78897858e+00
  1.87108459e+01 2.08040380e+00 4.13957977e+00 1.86511898e+01
  1.82788527e+00 1.08086538e+01 1.30707395e+00 1.51105130e+00
  6.41868055e-01 2.79275918e+00 3.57301903e+00 3.12928534e+00
  9.24564743e+00 6.38597965e-01 4.88394165e+00 2.59407473e+00
  2.59714961e-01 4.95103788e+00 1.08102012e+00 5.29956913e+00
  3.74390864e+00 5.79462242e+00 2.80667853e+00 3.42313933e+00
  7.78652191e+00 5.44635963e+00 2.30590034e+00 9.44613838e+00
  6.17258167e+00 3.12857771e+00 2.72821784e+00 0.00000000e+00
  1.03534734e+00 1.02992761e+00 1.79386342e+00 3.06472749e-01
  6.67362261e+00 2.17685223e+00 8.71949971e-01 1.81337163e-01
  5.34805238e-01 4.86027050e+00 1.69507229e+00 3.46708393e+00
  4.37259388e+00 3.45645142e+00 0.00000000e+00 2.26847649e+00
  1.97538340e+00 1.41697729e+00 8.02278459e-01 1.11191344e+00
  0.00000000e+00 3.25280786e+00 4.45932484e+00 8.59321892e-01
  5.79578638e-01 0.00000000e+00 1.02185833e+00 6.13433540e-01
  3.66966152e+00 2.99218988e+00 1.65940547e+00 3.05325508e+00
  1.34835691e+01 6.46135747e-01 2.87745452e+00 1.58580101e+00
  1.29041004e+01 6.68108404e-01 2.86815834e+00 2.06032896e+00
  9.05860329e+00 0.00000000e+00 3.21272063e+00 2.04184246e+00
  2.93649316e+00 1.13120578e-01 2.28556490e+00 7.57191086e+00]]