[[3.26775503e+00 1.48767507e+00 5.07516050e+00 1.65567732e+00
  2.86282921e+00 6.76551867e+00 2.38266587e+00 6.27750063e+00
  1.24503362e+00 1.81631589e+00 3.65530324e+00 2.33968067e+00
  3.80349255e+00 8.89108181e+00 0.00000000e+00 6.27910948e+00
  4.27382112e-01 1.49274755e+00 9.10115838e-01 9.67813015e+00
  7.85763085e-01 2.59444571e+00 3.73994565e+00 8.97595119e+00
  5.03743947e-01 5.99682951e+00 7.43003547e-01 4.16262627e+00
  1.96371293e+00 3.77561688e-01 1.40314996e+00 3.19650674e+00
  5.89190900e-01 5.86532211e+00 5.04946041e+00 2.67039728e+00
  6.72608256e-01 1.16737038e-01 2.54363537e+00 3.96731400e+00
  7.24547923e-01 4.05972242e-01 0.00000000e+00 2.40865374e+00
  1.96394742e-01 2.55328846e+00 4.59335417e-01 6.47862732e-01
  5.20044994e+00 4.19737678e-03 2.89495277e+00 4.33458424e+00
  5.51530790e+00 4.09920454e-01 3.94563270e+00 3.95031667e+00
  6.36851025e+00 2.49419379e+00 9.14764404e-01 1.47567606e+00
  0.00000000e+00 1.51263222e-01 7.57763910e+00 2.40014553e+00
  4.98288684e-02 2.87644362e+00 6.87111616e-02 0.00000000e+00
  3.93214250e+00 3.44841927e-01 1.74858246e+01 1.51671910e+00
  3.66176772e+00 2.58608508e+00 1.55824637e+00 9.29342210e-01
  2.06735158e+00 3.77642083e+00 6.44515944e+00 1.78332806e+00
  2.21708626e-01 7.52123296e-01 5.11014462e+00 5.00146246e+00
  1.61367512e+00 1.28245535e+01 1.74487066e+00 4.41683292e+00
  4.64174938e+00 5.28482556e-01 6.47771406e+00 3.10220569e-01
  2.37645768e-02 4.87858629e+00 1.63146806e+00 4.84212875e+00
  4.23419142e+00 1.21609807e+00 6.45639610e+00 1.29760098e+00
  5.29175818e-01 0.00000000e+00 4.17504930e+00 1.02976561e+00
  1.32184684e+00 1.49224460e+00 6.03913888e-02 1.86249030e+00
  4.16052008e+00 3.60624194e+00 2.60735178e+00 1.25944006e+00
  7.40186393e-01 5.46043336e-01 1.50535777e-01 0.00000000e+00
  7.95961761e+00 2.54153109e+00 0.00000000e+00 3.20099187e+00
  3.37341285e+00 2.70457625e+00 0.00000000e+00 3.54189253e+00
  6.43640518e+00 9.46733356e-02 1.33136606e+00 3.30380154e+00
  2.27391744e+00 1.08271399e+01 4.55069304e+00 1.88748920e+00
  4.50537539e+00 8.80981159e+00 0.00000000e+00 6.48985386e+00
  2.86167097e+00 1.56384483e-01 5.87636375e+00 1.59671414e+00
  6.85944748e+00 2.60248160e+00 1.78275251e+00 3.86708140e+00
  2.98075378e-01 3.94559956e+00 3.77523828e+00 2.72446513e+00
  1.25431228e+00 8.55255544e-01 2.21370772e-01 6.66381073e+00
  1.00131524e+00 3.64638686e+00 2.02043748e+00 5.80937099e+00
  3.27685207e-01 4.68013573e+00 3.55933130e-01 7.62897110e+00
  6.14063549e+00 3.77962732e+00 1.99731961e-01 1.66320276e+00
  2.62369800e+00 1.76492572e+00 0.00000000e+00 2.49307036e+00
  5.58406162e+00 1.62239385e+00 1.65555680e+00 5.97891378e+00
  3.09162307e+00 1.73098907e+01 2.81206584e+00 6.12035942e+00
  0.00000000e+00 1.32634568e+00 6.82287598e+00 7.35619843e-01
  3.03485066e-01 0.00000000e+00 5.31580830e+00 1.27063441e+00
  5.36056757e+00 2.84621811e+00 3.26764750e+00 1.05433062e-01
  2.01877666e+00 3.43100691e+00 3.71428752e+00 1.48752713e+00
  2.58330435e-01 4.02905512e+00 2.15360120e-01 3.18644381e+00
  1.43364167e+00 6.14429045e+00 1.17782469e+01 7.50333667e-01
  4.70081902e+00 1.96892500e+00 1.19056690e+00 6.56216049e+00
  1.91223991e+00 6.03274763e-01 5.55913258e+00 4.03333950e+00
  3.49271250e+00 6.40403414e+00 1.35210609e+00 1.18843579e+00
  3.48995417e-01 3.93887758e+00 5.04630423e+00 4.35677081e-01
  2.80478287e+00 6.09968424e-01 7.68884361e-01 1.58859694e+00
  3.37122083e+00 5.66878319e+00 1.43846941e+00 3.26060027e-01
  1.41163170e-01 9.11374569e+00 8.97323430e-01 1.29500217e+01
  0.00000000e+00 5.15559864e+00 2.05060050e-01 4.39971066e+00
  5.03969002e+00 8.92761707e+00 1.46860874e+00 1.39145148e+00
  1.08813238e+01 2.09987116e+00 1.77389359e+00 4.29289484e+00
  1.24193442e+00 8.54680836e-01 3.14977098e+00 1.12382746e+01
  9.37617838e-01 1.51992404e+00 1.34628749e+00 1.77881014e+00
  3.17226338e+00 4.25485849e+00 4.58172083e+00 2.25568962e+00
  5.54397535e+00 8.07171535e+00 2.72179902e-01 3.22876215e-01
  1.96291506e+00 1.08437729e+00 2.34450054e+00 8.14553499e-02
  2.00799465e+00 1.64249778e+00 8.36274529e+00 1.39237022e+00
  2.79017758e+00 0.00000000e+00 1.56809080e+00 1.32672191e-01
  3.31962705e+00 4.40780878e+00 3.22995305e+00 6.32040724e-02
  1.29900360e+00 4.91682172e-01 4.30778551e+00 6.98487580e-01
  2.86853957e+00 7.39145517e+00 4.32289314e+00 2.13054180e+00
  2.33427525e+00 7.39540434e+00 1.34374678e+00 7.78081939e-02
  5.19937706e+00 6.49193749e-02 9.16986752e+00 7.23821974e+00
  3.20511603e+00 6.68755245e+00 1.45769107e+00 2.33499914e-01
  8.45897579e+00 5.48349440e-01 3.19238281e+00 1.26781588e+01
  0.00000000e+00 5.07542658e+00 1.01800561e+00 3.92798752e-01
  1.38044548e+00 6.83452177e+00 1.31404228e+01 2.22897983e+00
  3.08659029e+00 0.00000000e+00 1.57317696e+01 8.85111988e-01
  1.95524299e+00 2.98074543e-01 1.04479952e+01 6.61763096e+00
  2.42538404e+00 4.79935074e+00 2.22485852e+00 5.13226652e+00
  4.33554173e+00 4.63540077e+00 1.68848205e+00 4.73516750e+00
  6.78188419e+00 3.69520855e+00 1.22636652e+00 1.84965193e+00
  2.64408827e-01 1.41519260e+01 3.31101680e+00 1.46468008e+00
  1.38260841e+00 1.63949418e+00 2.36096430e+00 4.73925143e-01
  4.02895957e-02 7.86075830e+00 4.22577238e+00 5.26857519e+00
  4.54186535e+00 6.21119308e+00 5.05925179e+00 1.12867570e+00
  9.83892441e+00 1.24463215e-01 7.80701756e-01 7.12090969e-01
  5.12414598e+00 1.11897624e+00 4.03880882e+00 1.24197352e+00
  3.02874017e+00 2.21454215e+00 1.39804137e+00 2.53505731e+00
  2.14290237e+00 9.79310155e-01 9.30128455e-01 1.47503710e+00
  1.80795372e+00 3.76123118e+00 0.00000000e+00 4.08352423e+00
  1.00306644e+01 2.05376074e-01 2.92358875e-01 1.41689615e+01
  1.89389491e+00 2.13418782e-01 1.00311136e+00 8.29180479e-02
  6.49938166e-01 7.80400336e-02 0.00000000e+00 3.51474166e+00
  3.93337703e+00 1.96035731e+00 1.56583345e+00 1.88003135e+00
  1.89160311e+00 2.95714283e+00 7.88250715e-02 4.71406507e+00
  3.38512659e-01 2.30031815e+01 3.37965107e+00 5.93535185e+00
  1.76211372e-02 0.00000000e+00 7.56278610e+00 0.00000000e+00
  4.74483445e-02 7.42087173e+00 6.29626989e-01 3.59928155e+00
  5.37810987e-03 1.07829118e+00 4.67374384e-01 3.55466890e+00
  2.23986101e+00 5.23295832e+00 7.09685230e+00 4.04629564e+00
  8.53660965e+00 1.05773401e+00 5.83625507e+00 2.16625452e+00
  6.39215231e+00 2.63661408e+00 0.00000000e+00 1.06302536e+00
  4.96489000e+00 7.22706258e-01 3.24571252e+00 1.83173621e+00
  2.07300949e+00 0.00000000e+00 1.75485742e+00 3.37922907e+00
  1.83425710e-01 4.10453916e-01 8.50587654e+00 0.00000000e+00
  8.67546082e-01 7.62226656e-02 3.49978775e-01 3.62647796e+00
  9.63763177e-01 1.03501110e+01 3.73286724e+00 8.69750500e-01
  4.62572694e-01 3.27958155e+00 3.41538876e-01 1.61332285e+00
  4.14055443e+00 5.54292154e+00 2.25399375e-01 3.00790739e+00
  3.60738969e+00 3.01300794e-01 8.08415949e-01 1.94704342e+00
  1.01109207e+00 3.86976433e+00 1.54071316e-01 3.96297479e+00
  4.66435766e+00 0.00000000e+00 2.19170712e-02 1.11299980e+00
  0.00000000e+00 4.11074817e-01 2.63147497e+00 7.31014347e+00
  6.31919527e+00 1.41665325e+01 6.05140448e+00 1.50228417e+00
  4.07536411e+00 2.28138876e+00 1.04025185e+00 6.73008442e+00
  0.00000000e+00 1.16830802e+00 1.83381307e+00 2.12672091e+00
  2.25708890e+00 5.09762764e+00 7.39159584e-01 1.92498064e+00
  7.09582138e+00 4.49444389e+00 1.68712723e+00 4.82747030e+00
  1.34420311e+00 2.91448498e+00 5.30047953e-01 6.93310308e+00
  5.53064048e-02 1.73395348e+00 3.96264434e+00 0.00000000e+00
  4.84282303e+00 2.05964351e+00 3.78910136e+00 1.32553518e+00
  7.55541325e+00 1.60052705e+00 0.00000000e+00 3.14983726e+00
  5.65993071e-01 2.36148548e+00 5.52502441e+00 1.88483381e+00
  2.18003011e+00 1.03258288e+00 8.19162941e+00 3.81140947e+00
  4.23160680e-02 6.70139503e+00 1.26677334e+00 8.04419458e-01
  7.99614727e-01 1.69468093e+00 3.50947595e+00 5.83417559e+00
  1.97740674e+00 0.00000000e+00 6.15766048e-01 3.58433914e+00
  4.27695513e+00 3.74069834e+00 4.70573932e-01 2.71478486e+00]]