[[6.03839815e-01 1.67022848e+00 5.26845574e-01 0.00000000e+00
  0.00000000e+00 1.57560587e+00 5.81296730e+00 1.04020173e-02
  1.40184736e+00 9.06153440e-01 4.04016781e+00 4.55929935e-01
  1.51368809e+00 2.91536903e+00 1.33493793e+00 6.41001511e+00
  1.72819960e+00 2.32161894e-01 0.00000000e+00 7.58445978e+00
  2.87425303e+00 4.80876875e+00 3.75586319e+00 0.00000000e+00
  2.61572361e+00 1.35455065e+01 8.38877857e-01 1.17874108e-01
  5.77677631e+00 2.15336099e-01 1.31877005e-01 0.00000000e+00
  1.21201122e+00 5.54407692e+00 9.10949931e-02 6.87254286e+00
  7.80997849e+00 1.47693622e+00 3.21817589e+00 3.46617603e+00
  2.06282425e+00 4.81118023e-01 3.12065530e+00 5.50106621e+00
  9.27470922e-01 8.63669038e-01 3.86972165e+00 2.87172961e+00
  1.02385926e+00 3.82479846e-01 5.09520626e+00 8.78255963e-01
  2.03900158e-01 0.00000000e+00 4.71477699e+00 1.21292639e+00
  4.51306772e+00 3.00277805e+00 9.68055189e-01 4.12947163e-02
  2.47304749e+00 2.50126958e+00 8.63218880e+00 4.46978426e+00
  1.73461950e+00 8.95165265e-01 2.86689067e+00 5.87939596e+00
  4.34907556e-01 2.61927605e+00 1.34402752e+00 1.61628115e+00
  1.57091165e+00 9.67750931e+00 2.14391756e+00 2.34851861e+00
  1.22043371e+00 7.90990233e-01 1.38779843e+00 7.83689201e-01
  6.69193804e-01 3.74475121e+00 5.14623547e+00 4.96014804e-01
  3.02615833e+00 3.65875459e+00 2.68739724e+00 2.71187830e+00
  2.63810134e+00 0.00000000e+00 4.77696133e+00 8.23661387e-01
  0.00000000e+00 4.29082775e+00 9.22282982e+00 0.00000000e+00
  5.71568203e+00 6.00677443e+00 3.45468330e+00 3.35218883e+00
  4.32889789e-01 1.88028850e-02 8.85525799e+00 5.22427702e+00
  3.52177292e-01 0.00000000e+00 1.11994326e-01 0.00000000e+00
  2.48657703e+00 2.38930178e+00 6.42895233e-03 2.78440428e+00
  7.86780000e-01 5.82828224e-01 1.06729162e+00 4.27509218e-01
  4.23376799e+00 1.33455029e+01 2.17574120e+00 4.10651779e+00
  9.70349967e-01 1.90890785e-02 0.00000000e+00 7.25424194e+00
  1.01159897e+01 0.00000000e+00 6.98464453e-01 1.27867058e-01
  1.19892514e+00 3.29186416e+00 1.79013050e+00 4.51554775e-01
  1.09280386e+01 1.60428381e+00 3.33059764e+00 9.67232823e-01
  2.18581533e+00 1.82119942e+00 1.79060316e+00 3.52968359e+00
  8.32145929e-01 3.37309688e-02 0.00000000e+00 3.88501287e+00
  7.55376101e-01 1.47874403e+00 4.08295679e+00 6.02575600e-01
  9.46475863e-02 0.00000000e+00 2.60742831e+00 5.03448069e-01
  2.35237861e+00 1.29555389e-02 1.36177588e+00 0.00000000e+00
  1.45282948e+00 5.61390162e+00 7.62475014e-01 5.14979839e-01
  4.24521208e-01 8.47492409e+00 4.82236481e+00 8.44558179e-01
  5.41302681e+00 4.38376045e+00 0.00000000e+00 2.19524860e+00
  2.82018811e-01 4.66113949e+00 3.65989447e+00 2.68898344e+00
  6.05858803e+00 7.21750855e-01 7.60252953e-01 2.19206142e+00
  5.93554688e+00 2.00000572e+00 1.46439056e+01 5.43652594e-01
  1.35416174e+00 2.96377063e-01 2.33894205e+00 3.32314461e-01
  3.20313096e+00 1.89443195e+00 1.63867231e-02 1.90054607e+00
  2.98452997e+00 3.74217319e+00 3.07691622e+00 1.31561399e+00
  6.78770781e-01 8.56015873e+00 1.94026843e-01 3.72473836e+00
  0.00000000e+00 7.53001261e+00 9.93899536e+00 1.69335163e+00
  1.56226957e+00 8.41690159e+00 1.99250197e+00 1.07704802e+01
  1.10294218e+01 1.20024860e+00 2.61830521e+00 4.49659467e-01
  1.06511319e+00 8.61865520e+00 7.18875360e+00 1.58936024e+00
  1.15155272e-01 5.09246445e+00 1.45201552e+00 1.87368855e-01
  0.00000000e+00 7.91987467e+00 1.08766985e+00 2.48423672e+00
  9.05787349e-01 3.61596203e+00 8.56077850e-01 0.00000000e+00
  5.81554031e+00 1.53088951e+00 6.00602686e-01 7.47339535e+00
  3.10438901e-01 1.68206346e+00 2.05384088e+00 1.18503485e+01
  3.09597887e-02 1.40170944e+00 1.55230033e+00 2.86507297e+00
  4.54582691e-01 2.10823202e+00 1.58399415e+00 1.83811224e+00
  2.00419593e+00 2.50952065e-01 1.25675094e+00 3.78963351e+00
  6.87695086e-01 8.23654938e+00 1.01758261e+01 3.69870842e-01
  8.54555309e-01 4.31971455e+00 1.51733084e+01 6.13617361e-01
  5.01265563e-03 4.54447508e+00 5.63623714e+00 2.67952919e+00
  6.30974531e-01 2.46714637e-01 6.34983540e+00 3.01133323e+00
  1.40478039e+00 7.12887764e+00 2.93725938e-01 1.36773223e-02
  5.54665756e+00 0.00000000e+00 6.63331077e-02 1.39511883e+00
  8.18808746e+00 5.63242853e-01 5.25291204e+00 1.64787209e+00
  7.18229413e-01 1.07462573e+00 6.14357853e+00 3.07988572e+00
  9.74506092e+00 1.34039670e-01 0.00000000e+00 1.16248167e+00
  3.31528354e+00 8.86827278e+00 1.27529347e+00 5.46197844e+00
  1.25481577e+01 7.75661528e-01 2.81873751e+00 2.18463445e+00
  4.15479326e+00 1.33863373e+01 4.93140280e-01 1.49509668e+00
  1.50950181e+00 5.90477085e+00 5.52321625e+00 3.60459781e+00
  1.01855888e+01 0.00000000e+00 2.38933039e+00 0.00000000e+00
  3.07552791e+00 5.11580515e+00 7.08326006e+00 6.81991816e-01
  0.00000000e+00 2.12777328e+00 3.49702328e-01 1.13227904e+00
  2.57761621e+00 2.45777154e+00 1.24126482e+00 7.04293251e+00
  1.03215897e+00 8.01308632e-01 4.70402288e+00 1.08743942e+00
  4.83035088e+00 9.62219048e+00 9.62089002e-01 5.50661743e-01
  0.00000000e+00 2.31624961e+00 4.03775501e+00 0.00000000e+00
  3.00541550e-01 8.72502136e+00 5.47539234e+00 7.66289055e-01
  1.87812436e+00 1.12030392e+01 2.20601916e+00 2.09401941e+00
  0.00000000e+00 3.81356311e+00 4.14678383e+00 3.70669365e+00
  2.46111536e+00 8.86607265e+00 1.68990860e+01 3.67541003e+00
  3.96410614e-01 1.11069255e-01 9.22554545e-03 2.26380005e-02
  4.78916407e+00 1.76637185e+00 1.82944322e+00 3.09836477e-01
  2.14501667e+00 1.92797232e+00 1.14400037e-01 1.88317418e+00
  8.10974538e-02 2.17693281e+00 4.39599127e-01 3.51912171e-01
  6.76902354e-01 6.30668926e+00 2.32931986e-01 1.73544466e+00
  7.49157572e+00 7.56763220e-02 1.82949984e+00 5.23180187e-01
  1.04568529e+01 1.19462085e+00 1.64967670e+01 6.60506934e-02
  8.02364945e-01 0.00000000e+00 4.93356079e-01 6.15170336e+00
  4.33476543e+00 9.13696575e+00 5.20335007e+00 1.31183016e+00
  2.52856922e+00 2.64634728e+00 0.00000000e+00 5.27465677e+00
  3.32275629e+00 3.75059891e+00 1.23969281e+00 5.80018234e+00
  3.16540933e+00 3.81037742e-01 2.26267862e+00 2.64865845e-01
  0.00000000e+00 9.79695320e+00 4.29871798e+00 9.52956855e-01
  6.37837231e-01 2.40689611e+00 1.20527256e+00 1.84575331e+00
  3.87147236e+00 9.32555485e+00 6.87431860e+00 4.66044664e-01
  3.44090033e+00 1.05233240e+01 4.83824301e+00 4.73419762e+00
  6.55072165e+00 1.14840117e+01 4.97226858e+00 1.98029250e-01
  0.00000000e+00 2.25673556e-01 3.60606313e+00 1.86166835e+00
  0.00000000e+00 0.00000000e+00 5.90178967e-01 3.86973858e+00
  0.00000000e+00 2.29257798e+00 3.97195280e-01 1.95195353e+00
  1.73780429e+00 2.17132425e+00 4.02704620e+00 7.66583824e+00
  8.62673402e-01 5.25595009e-01 6.14207935e+00 8.76731694e-01
  3.70729971e+00 5.10146953e-02 2.34297419e+00 8.63105059e-01
  1.71266193e+01 4.42232180e+00 1.13520743e-02 1.39633906e+00
  1.47811723e+00 0.00000000e+00 4.13341522e+00 4.04554224e+00
  1.13043761e+00 1.10010064e+00 2.47910902e-01 9.80801868e+00
  4.84022170e-01 1.28177330e-01 1.54150987e+00 1.90646303e+00
  6.14081211e-02 9.11728859e-01 1.14964843e+00 7.76392984e+00
  9.31836367e-01 2.59786606e+00 2.27770066e+00 0.00000000e+00
  3.80582285e+00 5.33661604e-01 8.79811883e-01 7.90262341e-01
  2.35063529e+00 2.83658624e-01 3.27366209e+00 0.00000000e+00
  1.33948441e+01 4.25266504e-01 8.05225909e-01 1.82238206e-01
  8.39584064e+00 8.50461364e-01 4.11869049e+00 4.99067515e-01
  1.11053944e+00 8.88229084e+00 2.77796000e-01 1.08467674e+00
  1.00580382e+00 6.06533766e+00 9.94203448e-01 6.70943499e-01
  3.17827439e+00 3.51720929e-01 3.49853516e+00 2.41776371e+00
  6.18484163e+00 2.03456974e+00 1.41053522e+00 1.05321217e+00
  1.83601081e+00 1.18174577e+00 1.65011597e+00 5.55842113e+00
  6.42910779e-01 0.00000000e+00 1.45264983e+00 1.12308562e+00
  4.79944801e+00 6.99939585e+00 8.93433630e-01 2.30148220e+00
  4.05894899e+00 5.25261983e-02 3.01833081e+00 3.30113202e-01
  1.41760004e+00 5.72114468e-01 1.44050002e+00 1.87933230e+00
  4.33023977e+00 2.99877048e+00 6.58988905e+00 2.81387520e+00]]