[[7.4531013e-01 3.8291454e+00 1.0389957e+00 2.2368176e+00 0.0000000e+00
  8.8870983e+00 9.1713676e+00 7.5878531e-01 1.0884242e+00 1.7531996e+00
  4.5101981e+00 1.4041545e+00 1.2995892e+00 5.6854029e+00 1.8055400e+00
  4.2542014e+00 5.7605737e-01 1.6431256e-01 2.1929436e+00 5.1629114e+00
  1.9301418e+00 7.9870276e+00 1.7976493e-01 3.5794355e-02 0.0000000e+00
  8.1710863e+00 1.7011956e+00 0.0000000e+00 3.9777219e+00 1.0482730e+00
  3.6097193e-01 3.8980224e+00 2.9779387e+00 3.6525931e+00 1.9855856e+00
  1.1702732e+00 3.7828875e+00 0.0000000e+00 3.9041674e+00 2.2231798e+00
  8.0649872e+00 3.2231181e+00 8.7669748e-01 1.0301710e+01 3.8160023e-01
  0.0000000e+00 4.8374850e-01 5.0862885e+00 2.8107417e-01 2.3223834e+00
  7.5452082e-02 2.0189888e+00 1.8847902e+00 1.4897175e+00 2.1648281e+00
  1.8339210e+00 1.2778741e+00 4.0053234e+00 1.2159829e+00 0.0000000e+00
  2.0911053e-01 3.3955526e+00 6.4811263e+00 9.2133589e+00 2.5181570e+00
  4.3180051e+00 3.6614816e+00 4.6703339e+00 6.5769610e+00 3.0485976e+00
  2.4812341e-01 1.4577963e+00 1.1085269e+00 3.6348774e+00 1.7305835e+00
  6.8159133e-01 1.7678992e-01 1.5684153e+00 1.2628233e+00 4.0734534e+00
  5.8798897e-01 6.1194496e+00 1.0792981e+01 8.2961336e-02 7.7582197e+00
  1.4324459e+00 2.1352375e-01 1.0459762e+00 2.2221327e+00 2.9962263e-01
  7.2293258e+00 2.1528313e+00 1.9934556e+00 9.4729443e+00 9.4907954e-02
  1.1587232e+00 1.6024487e+00 1.0185646e+01 5.2946967e-01 3.2518330e+00
  3.1570740e+00 1.7866831e+00 1.2619663e+00 1.7285864e+00 3.0646935e+00
  2.4755743e+00 2.1274783e-01 4.4130087e+00 2.6970775e+00 1.2929387e-01
  2.9221873e+00 2.4939743e-01 6.5776429e+00 4.3139777e+00 4.3679172e-01
  9.6797717e-01 6.9806008e+00 5.0163093e+00 3.5763175e+00 1.5348856e+00
  1.6208444e+00 2.0462139e+00 7.8881299e-01 1.8915582e+00 1.8119506e+00
  6.7913127e-01 1.6912526e+00 1.5386288e+00 9.7517949e-01 1.3448304e+01
  4.9946389e+00 2.6100085e+00 4.8488650e+00 5.6715238e-01 3.5591424e+00
  7.3751307e+00 3.0065134e+00 4.6898341e+00 5.5658712e+00 0.0000000e+00
  1.3171139e+00 6.7217679e+00 1.5274975e+00 1.3951114e+00 4.8147588e+00
  2.8379607e+00 3.0544932e+00 1.1438867e+00 2.5931063e+00 1.5025260e-01
  2.0809298e+00 2.6336411e-01 3.1087036e+00 2.2069068e+00 1.9072322e+00
  1.8751775e+00 1.4108211e+00 1.3114855e+01 1.5687821e+00 0.0000000e+00
  2.5413980e+00 4.9750972e+00 1.3054148e+00 4.4395533e+00 3.0181913e+00
  1.4900128e+00 2.4410552e-01 1.6749164e-01 1.2605780e-01 1.1271745e+00
  1.5000869e+00 4.8133025e+00 4.3712091e+00 0.0000000e+00 0.0000000e+00
  0.0000000e+00 9.3884361e-01 6.0786924e+00 1.6168268e+00 4.0118344e-02
  5.7232685e+00 2.8757539e+00 4.6676888e+00 0.0000000e+00 1.1626333e+00
  2.1661875e+00 2.0224266e+00 3.2804782e+00 9.9638450e-01 2.4550133e+00
  2.4680910e+00 0.0000000e+00 1.6751174e+00 3.9184170e+00 6.9565451e-01
  0.0000000e+00 9.4085443e-01 6.6071391e+00 1.6738608e+00 2.2033532e+00
  8.6376488e-01 2.0215707e+00 1.6486485e-01 3.6354765e-01 1.2790794e+01
  1.6214575e+00 1.1547909e+00 2.1055610e+00 2.8781552e+00 8.0059576e+00
  1.0397375e+00 6.5731707e+00 1.4298223e+00 4.0188479e+00 3.2945719e-01
  1.8664224e+00 4.7748122e+00 6.2517738e-01 3.2049472e+00 1.1642935e+00
  1.4201323e+00 1.4441365e+01 4.5313258e+00 1.5310053e+00 2.3354378e+00
  1.8162951e-01 1.0427629e+00 3.3416481e+00 1.1045170e+00 1.3281195e+00
  1.8411015e+00 5.9292769e+00 7.6941049e-01 6.2617141e-01 2.8460090e+00
  3.1539419e+00 3.1781352e+00 1.2334485e+01 8.7292278e-01 9.2160857e-01
  2.4725871e+00 2.0910007e-01 9.2385459e-01 2.8267539e+00 1.3003485e+00
  3.8994751e+00 1.1128775e+01 1.7290080e+00 6.0829902e-01 1.4902920e-01
  6.4118090e+00 6.4773947e-01 6.0389954e-01 1.1654855e+00 3.1319337e+00
  7.1668081e-02 2.3085105e+00 1.4752437e+00 1.0459034e+01 2.4676921e+00
  1.9280981e+00 2.2431467e+00 0.0000000e+00 6.0788924e-01 3.0976357e+00
  2.2599864e+00 1.1910177e+00 3.6715877e-01 7.9362359e+00 0.0000000e+00
  5.1147194e+00 2.4964719e-01 1.9394044e+00 3.0089509e+00 9.2099631e-01
  2.4372971e+00 8.2011909e+00 2.2605981e-01 2.2107701e-01 5.4303055e+00
  3.1281710e+00 1.0364350e+00 2.7554274e+00 0.0000000e+00 3.1808565e+00
  5.9942733e-02 5.1123223e+00 2.3604085e+00 5.9735293e+00 1.8402501e+00
  8.1506783e-01 1.8127483e+00 7.4975767e+00 2.2108045e+00 3.6944630e+00
  2.8885090e+00 5.5363870e+00 8.7495573e-02 2.3102639e+00 0.0000000e+00
  1.7518857e+00 3.5792758e+00 1.1496904e-01 4.8323527e-01 3.8587971e+00
  2.7877197e+00 1.1125327e+00 1.0788990e-01 1.6676505e+00 7.2903967e-01
  1.1287808e-01 1.5684251e+00 1.3474931e+00 5.2690881e-01 9.3100441e-01
  2.3504753e+00 5.1160736e+00 5.9595013e+00 2.7867601e+00 1.3494033e+00
  4.1348186e+00 8.7579829e-01 6.9310703e+00 5.2514327e-01 9.9202371e-01
  2.5277755e+00 1.2649004e+01 0.0000000e+00 3.4214315e+00 1.9361736e-02
  1.5544566e+00 1.0946339e+01 1.0276486e+00 4.9375563e+00 4.9365973e+00
  5.9274513e-01 7.4455533e+00 5.3222265e+00 1.5153491e-01 8.7461004e+00
  2.0472882e+00 3.7134416e+00 2.4372981e+00 3.1192395e-01 1.5663365e+00
  6.0375977e+00 3.3633707e+00 5.1587260e-01 3.0001986e-01 0.0000000e+00
  7.0110762e-01 1.1549870e+00 8.4631026e-02 7.3739824e+00 4.6372223e+00
  4.2469263e+00 9.5256853e-01 1.1436745e+01 2.0899324e+00 1.0852753e-01
  5.7373643e+00 7.1562819e+00 1.8445207e+00 9.4567728e-01 7.2546369e-01
  2.4107231e-03 9.8980799e+00 4.6269264e+00 2.9939730e+00 1.2206954e-01
  1.1743338e+00 2.5403247e+00 6.0988712e+00 3.0038390e+00 3.7560222e+00
  2.9278328e+00 8.4558135e-01 4.4335313e+00 0.0000000e+00 6.5654769e+00
  4.2765598e+00 5.4364133e+00 1.2563500e-01 3.6390390e+00 2.0144728e-01
  6.4747578e-01 1.7843349e+00 1.3985724e+00 5.6405115e-01 8.7143383e+00
  2.4899619e+00 2.2044692e+00 8.8677311e-01 3.3010616e+00 5.2816787e+00
  7.3807085e-01 1.7619305e+00 2.0733802e+00 1.9579240e+00 1.7593918e+00
  2.6043754e+00 1.0624739e+01 6.8645754e+00 1.5734177e+00 8.8604927e+00
  1.3554662e+00 5.9365574e-02 3.9270406e+00 2.1700370e+00 7.9079962e-01
  1.5756022e+00 0.0000000e+00 0.0000000e+00 1.2217165e+00 5.6056342e+00
  1.5659074e+00 0.0000000e+00 6.2024248e-01 1.0957730e+00 1.4440107e+00
  6.0318580e+00 9.9451071e-01 6.9183969e-01 7.2802620e+00 5.4980431e+00
  1.7873501e+00 5.8136020e+00 8.2691307e+00 1.1314700e+00 6.0475488e+00
  1.3667250e-01 5.3688612e+00 5.6367683e+00 9.9193323e-01 1.2273371e+00
  4.4982557e+00 5.2929611e+00 4.8550992e+00 1.0991771e-01 3.0383730e+00
  1.2007246e+00 4.2062049e+00 9.5675802e-01 6.2381554e+00 2.5954914e+00
  2.3765098e-01 1.6475176e+00 5.4556065e+00 4.6515310e-01 1.5660604e+00
  0.0000000e+00 5.2058978e+00 2.6949613e+00 6.5738850e+00 5.5847449e+00
  7.1784115e-01 3.2517421e-01 2.1466658e+00 0.0000000e+00 5.3726988e+00
  1.6678743e+00 3.3168693e+00 3.1544950e+00 1.5085201e+00 4.2529535e+00
  2.5821474e+00 5.3757820e+00 1.2064266e+00 7.1593390e+00 7.6385933e-01
  2.9121938e+00 2.2404644e-01 1.4931056e+00 6.3215961e+00 1.0090069e+00
  8.1185555e-01 9.6459782e-01 1.2237749e+00 1.0943518e+00 5.9250468e-01
  3.1953529e-01 1.9314709e+00 1.2734122e+00 2.1267772e+00 5.5413027e+00
  7.2170935e+00 6.6524653e+00 4.1803294e-01 6.1856097e-01 4.1206036e+00
  2.3970964e+00 1.8282206e+00 1.6084009e+00 3.8265033e+00 2.6987714e-01
  2.3356130e+00 6.5439839e+00 2.1403959e+00 1.3073317e+00 2.3705406e+00
  5.2033319e+00 9.4103861e-01 4.6291164e-01 1.9955558e+00 4.3858981e+00
  4.5497432e+00 5.2655778e+00 1.5957352e+00 1.2275921e+00 1.2354110e+00
  8.8633466e-01 2.6474288e+00]]