[[ 0.5630621   1.1719143   3.5507271   1.5574484   4.149637   13.309921
   5.9118204   0.          2.9259799   1.4481542   1.9568732   0.86040676
   1.3473626   9.93285     0.          1.7563161   3.4853356   0.6745672
   0.          5.265296    2.2302163   1.1273144   1.8635385  11.033314
   1.7191237   6.3302064   0.          3.314959    6.275681    0.55949116
   1.4816152   6.7629595   3.1403394   5.200623    1.0290161   2.4590151
   6.3887515   0.          4.776602    6.3850036   1.1378198   3.1666465
   0.51262414  3.9953754   0.18537183  2.4878628  10.13153     0.
   4.0930805   0.7724326   0.91945726  5.184353    2.0157487   1.134282
   1.9996662   6.242346    3.8873894  10.51219     1.6235094   3.090433
   3.0355587   3.0880573   8.058876    2.0638144   0.5151635   7.2884016
   5.744908    5.534912    2.0262437   6.6197753   5.846907    0.838871
   0.32001027  3.0087912   0.          1.0714232   2.1309772   2.0173206
   7.8778973   2.3881295   1.0340389   6.2415657   3.9716053   0.5430222
   1.1996299   7.03055     1.8714323   1.38503     5.432737    0.22304885
   1.8354616   2.6475227   2.9385176   4.0650764   3.9181974   0.1300899
   0.79815274  0.8764918   1.5671366   0.7596298   0.2122069   0.13555819
   3.3458567   8.027349    1.2548542  10.449216    1.45749     1.2120681
   1.9464569   2.579322    1.951184    0.5609901   0.16382563  8.676987
   0.37795016  0.43106312  7.9726906   2.2077773   4.7357793   0.38641053
   0.36846596  0.09855566  1.142401    3.5178132   3.4072452   5.076915
   4.279138    0.02921448  5.375852   16.764595    0.42144218  3.5302064
   7.1528826   5.085244    1.2127041   5.38831     2.764921    3.9282382
   6.280824    1.130826    2.5247626   0.9070839   4.772658    4.3466396
   0.7354324   1.2817662   6.334334    0.52899593  3.355372    0.6126914
   1.2627796   6.2686415   2.2733624   0.23876882  0.32899004  1.7409403
   3.5087268   2.0870352   0.07623542  1.9436182   0.7683848   5.7005205
   0.8924289   5.2339053   1.9674549   4.51719     0.10008249  9.585741
   0.195457    5.454969    5.856389    0.77140677  7.1145916   5.5645175
   3.4380405   0.28483248  1.9945567   4.6755457   5.911023    5.7350283
   2.55098     0.36692187  3.5660264   0.96281886  0.12827414  1.496295
   5.4899855   0.92296267  0.21740386 15.99852     4.3156004   0.10702008
   3.0756233   5.254868    1.5647963   0.8143858   2.006191   16.316677
   1.0592352   0.5079256   3.6082675   0.          1.9716964   0.
   5.0592613   1.8334457   2.962163    6.303068    1.9805694   2.0386462
   0.19584861  1.9382471   0.91872466  0.55132544  1.9007828   0.11138367
   3.526866    0.          0.42531574  2.366229    0.20091903  1.5844046
   1.2138828   1.642128    7.568383   11.078201    1.6288633   0.7267349
   0.05309717  0.4800372   4.4708333   6.9824862   0.14229749  6.147373
   2.6358867   1.9177657   7.3855004  12.873939   11.189399    9.326517
   0.7114573   0.61182123  1.3360798   2.7700906   4.167603    2.4345315
   2.5705974   3.0374467   4.8740144   0.6982758   6.9137254   0.83786476
   0.74733156  3.7380471   1.9833907   0.04341753  5.446243    6.280654
   0.96206707  0.931105    1.7568452   0.1053856   2.960711    1.2591963
   2.9723804   2.0172634   6.0230656   0.5764868  15.163976    2.616977
   9.582209    0.          2.08743     2.9070833   5.6116605   3.2996762
   5.3390117   3.6920495   0.8898532   3.4178169   7.984685    1.3213267
   4.9479203   2.8767252   2.5584943   0.20624448  4.642605    0.5427646
   2.5375335   1.7788284   0.03188809  0.69544977  3.8589845   4.82962
   4.851394    1.2038128   4.824355    0.87186843  9.128733    0.18598592
   0.7742506   5.72526    10.480694    0.09024357  2.2685459   1.2601818
   5.035687    1.6789788   0.         13.784329    6.0195174   0.
   1.7174897   1.2750111   1.6786768   0.9506828   6.4317226   6.8167925
  10.951021    2.103223    4.738545    6.0754147   3.392465    4.3775864
   0.4816415   3.9383688   3.8930278   2.2688546   5.978514    0.
   0.9223372   4.1740637   0.7015459   2.097129    3.3374312  10.764099
   0.6289414   2.9755368   5.1493464   1.6473955   5.3149276   0.40711603
   5.110313    0.          0.5905083   2.5020924   1.149905    0.64032876
   4.528902    2.274333    4.4083033   4.786328    0.12759972  8.619591
   3.718672    0.4532841   0.44348007  6.3605247  10.229851    1.5083627
   6.861428    2.659268    5.052117    1.5084326   4.3968425   6.852483
   7.9586086   4.3966384   1.9183207   1.402559    1.8405288   3.185662
   6.6562357   1.2356659   6.433044    0.63033557  1.4844798   6.6957235
   0.          6.243954    5.580994   12.752104    0.8081725   1.7691497
   4.501296    0.          3.1565583   0.8350349   2.1994336   0.8901041
   0.14519468  2.193457    1.8039188   2.1225548   1.8064419   0.6510699
   5.8036385   1.2676483   7.551581    0.58968157  5.939184    1.289776
   3.9461863   2.5652921   2.176715    0.48220134  0.04459926  1.5962467
   3.6105385   6.1710544   2.2942553   2.2127416   0.11942498  0.0520439
   6.845516    1.0615395   0.2926692   2.5607734   0.64017     0.193827
   0.          0.9758321   2.4977546   8.457319    2.7344584   2.7314482
   4.374618    9.615932    3.3573906   0.88018376  1.4812407   3.7764006
   1.9870261   0.8593264   0.31180567 14.498616    2.1845865   5.15019
   1.0116466   0.3973696   0.          1.9633011   2.9420083   1.3787999
   9.494057    0.65438604  2.0956626   1.2373874   0.          6.6881833
   2.243083    2.6709697   4.1094      7.0238566   7.7795653   3.7379813
   2.712739    2.207886    0.41906002  6.530746    2.3672657   5.455121
   3.3945127   0.12053731  0.          0.          1.5642959   0.79571706
   3.8355246   4.4409337   0.73265076  0.6142295   2.637458    3.8271718
   0.4960833   2.3408272   1.491222    2.2424164   0.7094865   1.2900438
   0.49002865 11.158039    0.40720734  2.7283719   0.          4.516478
   3.936953    0.08490895  7.6221247   1.9424391   0.6301049   0.12803008
   5.2389045   3.4945698   5.3208275   0.785461    1.4638172   4.8713837
   0.8123412   0.9820678   5.3280287   2.1047626   6.4553304   2.3934488
   3.1493132   1.8388261   2.5015154   0.632151    0.36150375  2.7083154
   6.919053    5.8551855 ]]