[[5.86019933e-01 2.60336900e+00 4.12653542e+00 0.00000000e+00
  1.23292112e+01 1.33287358e+00 4.95408726e+00 0.00000000e+00
  1.10973954e+00 1.14279056e+00 3.71818137e+00 1.54267311e+00
  6.16911888e-01 1.55917251e+00 0.00000000e+00 7.91467547e-01
  1.90640163e+00 1.42085552e+00 4.11476374e-01 8.75794792e+00
  1.06170428e+00 7.11101055e+00 8.81123900e-01 0.00000000e+00
  2.58753687e-01 5.42467070e+00 1.40539443e+00 1.28224421e+00
  2.86390400e+00 0.00000000e+00 1.44471753e+00 2.06260061e+00
  3.43236417e-01 3.02675933e-01 1.59162819e+00 1.44673061e+00
  7.44847631e+00 8.76308456e-02 1.89537549e+00 7.15336752e+00
  5.66755438e+00 1.42123699e+00 7.29765117e-01 1.85726774e+00
  3.36483628e-01 7.57741833e+00 7.57266426e+00 2.01417565e-01
  5.13101816e+00 2.34317470e+00 3.30048859e-01 5.64876032e+00
  7.79328406e-01 7.90184021e-01 3.46185088e+00 1.52866685e+00
  5.19791842e+00 1.33673191e+00 4.74195528e+00 1.77530956e+00
  0.00000000e+00 0.00000000e+00 8.83904266e+00 3.04070020e+00
  0.00000000e+00 7.88570118e+00 6.73286393e-02 3.24974489e+00
  1.48013186e+00 4.99034071e+00 2.13544488e+00 1.13640988e+00
  3.22203970e+00 7.60699272e+00 1.55459031e-01 1.62543690e+00
  6.28145552e+00 2.05601311e+00 2.60527525e-02 2.68889725e-01
  1.16078293e+00 6.96814895e-01 3.43226814e+00 2.15804242e-02
  1.56820369e+00 5.27505040e-01 3.72895420e-01 8.62068415e-01
  5.68870401e+00 1.45124450e-01 2.13323784e+00 1.10185423e+01
  0.00000000e+00 5.03757477e-01 6.51878774e-01 8.59675825e-01
  9.75674927e-01 4.06961966e+00 3.23185921e-01 8.29235744e+00
  0.00000000e+00 4.39349860e-01 1.17751956e-01 6.12038076e-01
  6.86622858e+00 5.78201437e+00 2.86943644e-01 0.00000000e+00
  2.67246008e+00 2.08820522e-01 4.22874832e+00 1.19184768e+00
  1.72805333e+00 1.67831826e+00 4.75528812e+00 5.90114482e-02
  5.98107243e+00 1.69426572e+00 1.53459474e-01 1.91819876e-01
  3.89193344e+00 6.30602300e-01 1.09869814e+00 8.28126240e+00
  9.82606530e-01 2.52819681e+00 4.39357996e+00 0.00000000e+00
  9.12046623e+00 3.77901626e+00 4.28344870e+00 2.52814412e+00
  1.61004400e+00 7.98601270e-01 2.72997308e+00 1.16393495e+00
  9.63152409e-01 4.72775126e+00 4.71882254e-01 0.00000000e+00
  1.11059606e+00 0.00000000e+00 9.61554125e-02 5.70143032e+00
  2.31253195e+00 2.55136752e+00 0.00000000e+00 1.08794522e+00
  2.73724151e+00 0.00000000e+00 7.99531877e-01 1.57618725e+00
  1.79207456e+00 1.62509763e+00 1.83061635e+00 5.07057428e-01
  1.00779378e+00 2.74147916e+00 2.67138672e+00 1.00332236e+00
  1.98068547e+00 3.07448411e+00 5.76022768e+00 3.93524361e+00
  3.32250953e+00 2.01014400e+00 1.52299345e+00 2.64617491e+00
  2.69148874e+00 4.87799835e+00 1.08235893e+01 2.44582391e+00
  1.95829070e+00 1.24600518e+00 3.37046325e-01 5.56784010e+00
  1.25424397e+00 1.02849901e+00 4.53513718e+00 2.73401761e+00
  0.00000000e+00 3.02623838e-01 8.09707260e+00 1.24981952e+00
  2.10458055e-01 2.00162530e+00 6.49836493e+00 2.60908037e-01
  5.64818084e-02 1.01639462e+00 3.08726907e+00 0.00000000e+00
  3.45181227e-01 6.62995386e+00 2.18001819e+00 4.31525278e+00
  0.00000000e+00 3.43054271e+00 0.00000000e+00 3.96174335e+00
  0.00000000e+00 0.00000000e+00 4.24291182e+00 6.56733561e+00
  5.40206313e-01 2.13336062e+00 1.38063371e+00 2.39805627e+00
  2.35227895e+00 2.66398144e+00 2.65683270e+00 4.07551003e+00
  0.00000000e+00 2.96885467e+00 1.22568659e-01 3.10729668e-02
  3.49092901e-01 1.37583092e-01 2.10243627e-01 5.74985206e-01
  5.54765277e-02 4.02630758e+00 3.91424522e-02 4.62753534e+00
  1.95573080e+00 5.64751387e+00 1.67461514e-01 1.47901607e+00
  3.60834360e+00 6.22320557e+00 1.55347002e+00 2.68958712e+00
  1.41266847e+00 3.20495754e-01 7.90536180e-02 1.93914247e+00
  3.49587888e-01 4.47359276e+00 1.19809322e+01 5.38903618e+00
  1.65621686e+00 2.20544028e+00 2.04036212e+00 6.21437550e+00
  2.49338031e+00 4.55095387e+00 3.02394080e+00 2.02422500e+00
  1.69483442e-02 1.39097776e+01 4.76393032e+00 2.50285804e-01
  0.00000000e+00 2.67851424e+00 6.97081983e-01 0.00000000e+00
  2.96394587e+00 1.07878315e+00 3.80446732e-01 9.31234419e-01
  1.22607822e+01 5.18638790e-01 6.83401823e-01 3.47777510e+00
  2.11452293e+00 1.85001945e+00 1.95509386e+00 6.71417856e+00
  8.02045155e+00 1.37034595e-01 1.91448414e+00 0.00000000e+00
  2.44106460e+00 1.63088679e+00 1.16277349e+00 4.38729477e+00
  1.64749706e+00 7.55829036e-01 3.87718827e-01 0.00000000e+00
  4.42000818e+00 1.43842030e+00 1.09553814e+00 4.99155903e+00
  1.63301849e+00 0.00000000e+00 3.74547195e+00 4.66836214e+00
  6.89891958e+00 0.00000000e+00 8.79311383e-01 2.11138344e+00
  7.89305121e-02 1.11686027e+00 4.78863150e-01 3.86449051e+00
  1.37520537e-01 0.00000000e+00 8.71554089e+00 0.00000000e+00
  1.26158190e+01 1.66236591e+00 4.02506495e+00 1.21387708e+00
  7.72405028e-01 2.61947012e+00 3.25744200e+00 2.29924917e-01
  9.74980175e-01 0.00000000e+00 2.52955723e+00 0.00000000e+00
  4.81008552e-02 4.71468747e-01 3.95960324e-02 8.35626721e-01
  5.32670307e+00 1.10782547e+01 4.15740681e+00 6.32159615e+00
  2.11331487e+00 4.38594866e+00 1.21069384e+00 8.35352421e-01
  1.19256783e+00 4.63259029e+00 1.60221136e+00 1.99708903e+00
  1.72892141e+00 2.43471861e+00 1.67558002e+00 1.68940997e+00
  4.10291970e-01 1.04099584e+00 1.19838343e+01 4.99907112e+00
  2.02927876e+00 1.70555210e+00 3.76721978e+00 2.57965732e+00
  9.83125877e+00 0.00000000e+00 3.04316819e-01 0.00000000e+00
  3.34389657e-01 2.80876964e-01 0.00000000e+00 1.63644359e-01
  0.00000000e+00 2.84805989e+00 1.17294244e-01 5.01854956e-01
  0.00000000e+00 5.75134754e+00 9.53374565e-01 1.41007471e+00
  4.07120895e+00 1.02746925e+01 2.85340714e+00 5.52448750e+00
  1.83712578e+00 2.22149086e+00 6.20456886e+00 6.20975494e+00
  3.72102946e-01 5.70545256e-01 2.16129494e+01 1.57239830e+00
  1.03254104e+00 2.95132756e+00 1.96314359e+00 5.63547432e-01
  4.59579515e+00 1.17006868e-01 2.76425886e+00 5.60991466e-01
  3.47784251e-01 3.92302179e+00 9.30055678e-02 4.97249174e+00
  2.19334030e+00 4.43408203e+00 2.85610437e+00 7.89618120e-02
  4.17640638e+00 2.89997250e-01 7.16729388e-02 9.69044983e-01
  2.56848931e-01 6.74517810e-01 6.87896311e-01 0.00000000e+00
  9.12864399e+00 2.45925641e+00 2.03602105e-01 0.00000000e+00
  2.83382893e+00 3.98471743e-01 8.42032075e-01 1.13743556e+00
  1.97123802e+00 1.53414383e+01 6.93496466e+00 7.58334160e+00
  2.16473222e+00 1.53886691e-01 3.21902819e-02 0.00000000e+00
  4.40584660e+00 6.67819643e+00 5.81489658e+00 1.49610257e+00
  0.00000000e+00 1.12378168e+00 7.92689800e+00 2.54136157e+00
  4.18965489e-01 3.38971949e+00 1.28336740e+00 0.00000000e+00
  4.43567562e+00 2.13133600e-02 2.17558555e-02 5.12800336e-01
  0.00000000e+00 3.25839072e-01 1.69253647e+00 1.61055851e+00
  5.29125094e-01 1.04024732e+00 2.86462927e+00 1.40783954e+00
  7.95803010e-01 2.75690317e-01 4.10569727e-01 8.77239323e+00
  3.37002635e+00 1.63150024e+00 2.06874996e-01 6.24789596e-01
  1.06845903e+00 6.21721447e-01 2.45620534e-01 1.40099459e+01
  6.38217306e+00 3.75039339e+00 5.24636412e+00 1.65249932e+00
  2.31732260e-02 1.31691086e+00 2.19392371e+00 2.00861478e+00
  5.01479149e-01 2.39821506e+00 2.19124699e+00 1.58265263e-01
  4.83892965e+00 2.28078294e+00 0.00000000e+00 5.82604599e+00
  5.27297735e+00 2.20266223e+00 8.18009090e+00 4.05767488e+00
  0.00000000e+00 5.33285618e-01 2.17287123e-01 1.60026896e+00
  1.41045034e+00 7.88992453e+00 2.88301378e-01 0.00000000e+00
  1.13194036e+00 3.54631352e+00 1.28696486e-01 6.07593632e+00
  8.91957521e-01 7.34049797e-01 2.95610547e+00 1.99472618e+00
  2.96700549e+00 1.42523563e+00 3.44049484e-01 6.76994741e-01
  0.00000000e+00 7.34460020e+00 7.24978521e-02 0.00000000e+00
  3.02150577e-01 2.83183265e+00 8.97791326e-01 9.69194472e-01
  6.77491248e-01 4.38727903e+00 6.56747341e-01 9.22462463e-01
  4.09765452e-01 4.44558811e+00 2.48708576e-01 0.00000000e+00
  5.34334183e+00 5.53613329e+00 7.04336071e+00 7.37123609e-01
  6.47432423e+00 1.28846800e+00 1.92408514e+00 1.22211409e+00
  1.96562040e+00 9.17419136e-01 2.51087546e-01 1.70348728e+00]]