[[4.14782584e-01 4.98507404e+00 8.32134342e+00 1.43882498e-01
  4.89081430e+00 3.68273950e+00 6.31248713e+00 2.46630621e+00
  6.53330946e+00 1.95972908e+00 3.50065804e+00 3.06837249e+00
  4.26887226e+00 3.68330193e+00 0.00000000e+00 2.49157286e+00
  3.21848726e+00 1.15792930e+00 8.05023134e-01 8.84410286e+00
  0.00000000e+00 4.41801071e+00 6.21659100e-01 8.06558728e-01
  0.00000000e+00 6.81198740e+00 1.63504577e+00 1.53944778e+01
  1.37152863e+00 4.19861555e-01 6.42785835e+00 1.31182098e+00
  1.09169567e+00 1.44967937e+01 2.44357491e+00 6.48517236e-02
  2.70201492e+00 0.00000000e+00 9.94456196e+00 8.05599272e-01
  7.79551417e-02 2.14079595e+00 4.74583060e-01 9.08247948e+00
  1.73795629e+00 3.37101841e+00 8.58127785e+00 0.00000000e+00
  1.17299919e+01 3.05013470e-02 0.00000000e+00 7.05248213e+00
  1.64746642e+00 1.75981477e-01 1.74614203e+00 5.41885233e+00
  6.51085377e+00 7.52552080e+00 2.18785429e+00 0.00000000e+00
  1.79966629e+00 1.13498044e+00 2.94595981e+00 6.29421043e+00
  4.85183001e-01 7.49267757e-01 1.70591331e+00 0.00000000e+00
  4.11124200e-01 1.12534285e+00 6.21474124e-02 1.70782280e+00
  3.21550488e+00 2.29786777e+00 4.87487745e+00 3.69532585e+00
  1.50268304e+00 4.30514050e+00 1.04267764e+00 3.05905890e+00
  6.10801518e-01 5.70358896e+00 1.03068810e+01 8.09162903e+00
  1.12961397e+01 4.13595343e+00 1.16583221e-01 1.25402796e+00
  8.51315689e+00 1.91500461e+00 3.88226199e+00 5.26849747e-01
  3.05534148e+00 2.37859631e+01 9.99604797e+00 3.98111701e+00
  8.01846600e+00 1.92127132e+00 2.46424627e+00 4.97485304e+00
  6.26852334e-01 2.53676236e-01 2.32028079e+00 5.15031481e+00
  2.63418388e+00 5.67700505e-01 9.17841852e-01 2.32520938e+00
  8.22661591e+00 1.53753328e+01 1.92862844e+00 9.64580119e-01
  5.47258675e-01 5.16998386e+00 3.97336936e+00 1.40835476e+00
  1.17984295e+01 1.39209235e+00 2.59394336e+00 2.75055337e+00
  1.96603715e-01 4.68994808e+00 3.53769231e+00 8.92124271e+00
  0.00000000e+00 4.21659756e+00 6.65032959e+00 0.00000000e+00
  4.84425592e+00 2.72786236e+01 8.64472389e+00 3.07440472e+00
  7.09923744e+00 4.61301613e+00 3.16564202e+00 1.73438060e+00
  2.80805171e-01 3.30669045e-01 2.06984922e-01 1.82012331e+00
  9.29306634e-03 8.88520896e-01 3.41353178e+00 4.82775688e+00
  3.81930113e+00 1.48406613e+00 1.50585628e+00 5.35204649e-01
  2.57677841e+00 2.62873888e-01 9.26673114e-01 1.82256770e+00
  3.90333366e+00 5.92734851e-02 1.27977037e+00 8.03286457e+00
  6.42610252e-01 2.18684912e-01 3.38146734e+00 1.67247057e+00
  2.06938243e+00 2.31622982e+00 7.20812130e+00 4.56174326e+00
  6.22710323e+00 2.17038965e+00 4.31172192e-01 4.16564608e+00
  0.00000000e+00 2.20204449e+00 1.07525721e+01 1.75998116e+00
  6.68493271e+00 1.07809842e-01 6.53484344e-01 3.62165928e+00
  1.45293522e+00 6.94396868e-02 1.07678425e+00 1.35212469e+01
  4.57301110e-01 1.87123552e-01 1.57792978e+01 7.96343613e+00
  3.43367875e-01 5.70196807e-01 6.03140306e+00 1.03781092e+00
  1.27848470e+00 6.60049617e-01 4.73866749e+00 1.61466730e+00
  3.67084837e+00 8.41851330e+00 2.51442552e+00 6.28548622e+00
  5.46193063e-01 4.55792475e+00 1.95522106e+00 7.77696192e-01
  5.86418533e+00 1.68727553e+00 0.00000000e+00 4.50308418e+00
  7.32656360e-01 2.72344398e+00 4.48045588e+00 4.29838181e+00
  2.31365323e+00 7.73880577e+00 2.55196357e+00 1.97075331e+00
  3.17126870e-01 1.33731091e+00 3.59075832e+00 6.01624958e-02
  3.68988276e+00 3.27231145e+00 0.00000000e+00 3.32192826e+00
  5.63151777e-01 1.10784388e+01 4.00182867e+00 1.95345724e+00
  4.47654867e+00 6.91533947e+00 3.17681074e+00 3.96204400e+00
  9.88717365e+00 2.28418994e+00 6.06357765e+00 1.41736889e+00
  6.82952833e+00 5.26330233e-01 9.32762384e-01 5.80496669e-01
  2.70210099e+00 2.37958384e+00 3.77732062e+00 4.93860197e+00
  4.70548916e+00 6.19461107e+00 4.13489962e+00 1.17772942e+01
  3.38295412e+00 1.26339149e+00 5.61205673e+00 2.34628272e+00
  1.08385526e-01 7.13899946e+00 1.07197452e+00 3.48265553e+00
  2.47397852e+00 1.88626039e+00 3.05685019e+00 8.80929828e-02
  2.87404388e-01 1.99003458e+00 8.97022426e-01 6.01952457e+00
  9.82471228e-01 0.00000000e+00 2.60270143e+00 6.74958754e+00
  3.32902932e+00 2.47821450e+00 9.49679375e+00 1.00180883e+01
  8.76935482e+00 4.15960163e-01 1.52832127e+00 3.19326103e-01
  3.10471272e+00 1.76788855e+00 1.91811943e+00 4.04110384e+00
  3.86165953e+00 9.75257814e-01 2.56024003e+00 6.32778525e-01
  6.38294935e+00 6.69102526e+00 1.85015988e+00 1.11593342e+01
  3.27449918e-01 0.00000000e+00 1.39492931e+01 1.63264418e+00
  6.44267511e+00 1.87421620e+00 3.73060846e+00 1.88158822e+00
  4.05977517e-01 5.02343178e-01 1.20139503e+00 7.65227270e+00
  1.13419521e+00 3.18097329e+00 1.65069565e-01 1.43286741e+00
  1.95675719e+00 1.99932206e+00 2.02054715e+00 9.54992175e-01
  8.85565162e-01 7.13951015e+00 4.44947863e+00 1.91123116e+00
  3.54308152e+00 2.61919379e-01 4.24369240e+00 1.15402782e+00
  1.28132850e-01 2.37533045e+00 4.29999971e+00 5.49977347e-02
  3.61670756e+00 9.50812531e+00 3.71487117e+00 5.59575462e+00
  6.40118361e+00 3.27598989e-01 1.57906914e+00 4.61616421e+00
  1.05900030e+01 1.56445295e-01 6.27054834e+00 4.73545790e+00
  1.48169792e+00 3.83804893e+00 3.67058605e-01 5.53801537e+00
  2.55818963e+00 1.73162019e+00 1.16243649e+01 2.01824832e+00
  3.43538785e+00 2.84503996e-01 6.22544479e+00 9.27689672e-01
  1.86659920e+00 5.96147597e-01 1.08408797e+00 2.66954565e+00
  3.60452962e+00 3.78857350e+00 3.07989931e+00 3.33041668e+00
  2.24882698e+00 4.17967319e+00 4.50609088e-01 1.45645452e+00
  3.11744004e-01 2.07291222e+00 3.34803963e+00 2.41598934e-01
  1.14734812e+01 1.22727585e+01 5.36029816e-01 9.96163082e+00
  3.51711249e+00 3.88954782e+00 4.54819393e+00 6.68506289e+00
  3.03239918e+00 4.69204873e-01 1.64072533e+01 1.15113628e+00
  4.50525135e-01 8.81114197e+00 2.47852945e+00 2.45399594e+00
  6.13835859e+00 2.12158442e-01 7.11702108e+00 6.10128224e-01
  3.37636948e+00 5.93675566e+00 1.16470509e+01 5.49555421e-01
  4.04234648e+00 5.38334513e+00 6.93638325e+00 9.81663764e-01
  2.69228745e+00 7.86224031e+00 1.95062673e+00 7.98595726e-01
  8.92155170e-01 5.73078871e+00 2.09312487e+00 2.19212413e+00
  8.20041943e+00 9.41389918e-01 4.33767653e+00 7.23348498e-01
  4.74085665e+00 1.87004948e+00 3.85954648e-01 9.42840862e+00
  3.19023871e+00 1.70334282e+01 6.70031190e-01 4.20544529e+00
  8.64407420e-01 4.34540844e+00 5.31357145e+00 1.03903675e+01
  9.00306940e-01 2.42419028e+00 2.07614689e+01 2.10038447e+00
  3.63186717e+00 4.17209238e-01 1.33511496e+00 6.47833765e-01
  3.17936611e+00 8.16155529e+00 3.46884876e-01 5.24867773e-01
  1.39287397e-01 8.89244556e-01 8.54843140e-01 3.12230158e+00
  8.91936779e-01 1.23289013e+00 4.84096432e+00 2.78472900e-04
  2.34918737e+00 5.52932978e+00 7.74966621e+00 4.76004028e+00
  8.99794817e-01 2.01878339e-01 3.96054178e-01 6.24143600e+00
  5.24403906e+00 1.34742212e+00 4.33257580e+00 5.37966490e+00
  4.28122282e+00 8.29267859e-01 9.53382552e-01 4.61053133e+00
  3.57371354e+00 3.39343572e+00 1.64889205e+00 6.59297347e-01
  4.40996557e-01 0.00000000e+00 1.50135303e+00 1.34363194e+01
  5.15205812e+00 6.51631689e+00 8.98538303e+00 7.21164763e-01
  8.28542486e-02 3.15976644e+00 1.13908216e-01 3.76607347e+00
  3.12918007e-01 6.07813120e+00 0.00000000e+00 0.00000000e+00
  6.13393307e-01 1.13968030e-01 4.36973286e+00 2.01441526e+00
  1.28062999e+00 4.76447725e+00 2.44368047e-01 5.13886261e+00
  4.15490061e-01 6.61392069e+00 1.89073944e+01 3.96318734e-01
  1.41141498e+00 5.99978089e-01 5.41669941e+00 2.39606094e+00
  2.21158743e+00 2.40747952e+00 4.27055216e+00 0.00000000e+00
  0.00000000e+00 2.16915870e+00 2.31551743e+00 2.08401656e+00
  8.78522396e-01 6.63385868e+00 2.08495140e+00 1.29206991e+00
  1.11835992e+00 8.56928730e+00 6.64665079e+00 4.38134623e+00
  0.00000000e+00 1.28304076e+00 5.57462387e-02 6.27680004e-01
  6.33168793e+00 6.86146164e+00 1.48842745e+01 2.60921288e+00
  6.28470278e+00 3.42081809e+00 1.38823295e+00 5.12063026e-01
  9.26619470e-01 8.00575197e-01 3.85753107e+00 0.00000000e+00]]