[[1.37829542e+00 1.64621627e+00 1.84459233e+00 3.14033777e-01
  4.00652140e-01 8.91429138e+00 3.25617909e+00 1.59473658e-01
  4.54672337e+00 6.78210020e-01 3.76987982e+00 3.03324294e+00
  1.96322060e+00 7.64660180e-01 3.92504382e+00 4.09097099e+00
  7.39253283e-01 2.81030178e+00 1.23538649e+00 4.58153963e+00
  4.32354987e-01 8.23829365e+00 8.34149420e-01 0.00000000e+00
  7.37492859e-01 8.23476124e+00 1.61590266e+00 4.19561118e-01
  4.06655836e+00 0.00000000e+00 0.00000000e+00 2.42836738e+00
  2.85205579e+00 2.59627557e+00 1.76542020e+00 1.12800276e+00
  3.41826773e+00 0.00000000e+00 6.45879507e+00 4.57475710e+00
  1.71535659e+00 1.87800968e+00 2.68207574e+00 3.28733921e+00
  9.99159515e-01 5.91640770e-01 3.28703642e+00 3.96475434e+00
  0.00000000e+00 3.56544113e+00 2.61298442e+00 4.50368911e-01
  2.72026300e-01 2.52438515e-01 2.68511152e+00 2.16262078e+00
  1.06799912e+00 9.79105890e-01 1.07059193e+00 0.00000000e+00
  1.44121873e+00 7.25496888e-01 8.11102200e+00 6.22758770e+00
  0.00000000e+00 8.31609786e-01 6.97326422e-01 7.69523561e-01
  0.00000000e+00 2.79940915e+00 7.09603691e+00 5.52656949e-01
  4.68004894e+00 1.06363878e+01 2.42681909e+00 3.18676829e-01
  1.39951897e+00 8.39046383e+00 2.75904000e-01 2.60594702e+00
  2.61151862e+00 9.63858366e-01 2.62991929e+00 8.64139259e-01
  1.76025343e+00 3.51709318e+00 2.95003176e+00 8.23165298e-01
  9.82660472e-01 0.00000000e+00 4.55835724e+00 4.93703794e+00
  4.68014866e-01 3.09777856e+00 2.64505315e+00 1.32017761e-01
  2.94063389e-01 2.78570318e+00 0.00000000e+00 1.00640879e+01
  5.71802568e+00 2.22105885e+00 9.49858475e+00 3.44297504e+00
  2.68824428e-01 4.37579960e-01 1.05387795e+00 6.04531348e-01
  2.41352034e+00 3.41613770e-01 0.00000000e+00 4.45078564e+00
  0.00000000e+00 0.00000000e+00 6.67216539e-01 3.24300416e-02
  8.15296364e+00 2.12034285e-01 1.78790247e+00 1.28959227e+00
  7.81821430e-01 4.13980097e-01 5.09417117e-01 4.70963907e+00
  1.36032450e+00 2.53027368e+00 4.21371348e-02 0.00000000e+00
  4.90021563e+00 1.39841309e+01 2.86543751e+00 1.36664724e+00
  7.02564001e-01 2.25917983e+00 1.45455465e-01 1.12199497e+00
  1.74571872e+00 3.25763440e+00 5.27927017e+00 1.95704699e+00
  1.46478504e-01 1.78324330e+00 1.70045421e-01 3.69458961e+00
  2.99290586e+00 1.26090422e-01 4.38279301e-01 0.00000000e+00
  0.00000000e+00 5.00399351e-01 2.06985974e+00 4.06574197e-02
  1.79727292e+00 0.00000000e+00 1.04610957e-01 2.98595095e+00
  3.05435658e+00 3.99061990e+00 1.86361992e+00 2.04082513e+00
  1.03868878e+00 1.22289193e+00 4.97087431e+00 3.76005483e+00
  2.55695176e+00 8.17554855e+00 1.84795901e-01 4.35987091e+00
  1.31277204e+00 4.61029720e+00 8.64760208e+00 7.35532567e-02
  1.17661247e+01 1.73607016e+00 5.57839908e-02 7.90747070e+00
  0.00000000e+00 8.66598785e-01 1.02943678e+01 3.41759825e+00
  2.68224072e+00 1.08340359e+00 8.82206154e+00 4.90068853e-01
  2.24944139e+00 4.24016148e-01 2.89539766e+00 1.33056486e+00
  2.24624467e+00 4.34036636e+00 5.78185892e+00 2.21735388e-02
  2.34912705e+00 8.79212284e+00 1.51927948e+00 4.78446335e-01
  7.89752901e-01 4.74533558e+00 1.05560505e+00 1.00128913e+00
  3.62056494e+00 4.94895965e-01 1.23739612e+00 1.24893689e+00
  5.61118305e-01 2.02868581e+00 1.31994352e-01 3.85073066e+00
  9.45617497e-01 4.87570429e+00 3.16139317e+00 2.52464485e+00
  0.00000000e+00 2.50445962e+00 2.10611805e-01 1.48609209e+00
  5.78102112e-01 4.39245653e+00 9.85588372e-01 2.45547128e+00
  5.79095602e-01 5.16086578e+00 3.22619939e+00 1.37921262e+00
  5.54729986e+00 1.02309382e+00 1.20040405e+00 2.10310888e+00
  5.05100727e-01 4.45725346e+00 4.26794648e-01 1.30524099e+00
  3.76345539e+00 2.41319561e+00 1.28427911e+00 8.88598382e-01
  5.95096684e+00 5.17997026e+00 4.17309952e+00 8.56200123e+00
  1.53480685e+00 2.32042432e+00 4.33172941e+00 1.81188524e-01
  3.49155712e+00 1.16604729e+01 1.40996170e+01 4.46355715e-02
  3.00251150e+00 0.00000000e+00 6.30708981e+00 5.48293471e-01
  0.00000000e+00 1.20109355e+00 1.84704888e+00 3.03655630e-03
  1.51785338e+00 0.00000000e+00 5.67855453e+00 3.05039704e-01
  0.00000000e+00 3.40544760e-01 0.00000000e+00 4.58209246e-01
  5.55449009e-01 2.33602929e+00 2.47441697e+00 3.31398219e-01
  7.16788054e+00 1.19133346e-01 1.81187844e+00 0.00000000e+00
  1.30223203e+00 4.67939186e+00 2.57314062e+00 2.35428643e+00
  6.38675976e+00 1.18135786e+00 1.21540320e+00 1.58209527e+00
  8.30135632e+00 1.62004042e+00 1.80771961e+01 1.17914164e+00
  1.09416306e-01 0.00000000e+00 1.36654305e+00 6.22050047e-01
  3.07322621e+00 3.19499731e+00 1.69236436e-01 3.12839794e+00
  8.52766097e-01 1.35437708e+01 2.08275080e+00 9.89980817e-01
  2.32204199e-01 2.20432788e-01 7.43198097e-01 0.00000000e+00
  1.13038194e+00 4.36034012e+00 2.78673172e+00 2.09161900e-02
  2.40786266e+00 9.96217370e-01 1.10635090e+00 1.71912551e+00
  1.00428557e+00 0.00000000e+00 9.34592187e-01 7.68148720e-01
  5.31097591e-01 2.45029896e-01 2.41474819e+00 0.00000000e+00
  1.13521266e+00 1.00280619e+01 2.75544405e+00 1.68951964e+00
  7.82432795e-01 1.05189347e+00 4.58661366e+00 1.23731530e+00
  2.02767301e+00 2.32982969e+00 7.28624487e+00 1.88457882e+00
  5.92449367e-01 9.49214324e-02 1.99364498e-02 4.67926693e+00
  3.26082826e-01 5.01712275e+00 1.43924880e+00 3.35602403e+00
  3.47767210e+00 7.64153004e+00 5.15629005e+00 2.74329138e+00
  4.37033892e-01 6.22573376e-01 9.73453104e-01 2.81818151e+00
  1.53193450e+00 2.34132576e+00 7.33801484e-01 0.00000000e+00
  1.07011926e+00 6.81229353e-01 4.78164196e-01 0.00000000e+00
  0.00000000e+00 4.23721743e+00 2.06050372e+00 1.68100908e-01
  9.77039754e-01 8.77384186e+00 2.74831748e+00 1.06695741e-01
  6.10836565e-01 2.91995585e-01 4.23447227e+00 2.07673740e+00
  6.84698629e+00 3.82369161e+00 2.17762280e+00 3.41002178e+00
  2.57673532e-01 4.23241764e-01 3.27616286e+00 1.13365412e+00
  4.11304569e+00 6.55183733e-01 3.50368643e+00 1.02254331e+00
  1.03540458e-01 2.19786882e+00 2.67450996e-02 8.49655437e+00
  1.15785992e+00 5.71229172e+00 3.33142966e-01 1.57950342e-01
  1.30243444e+00 4.95515525e-01 1.65566695e+00 6.40858412e-01
  1.89593351e+00 3.04776478e+00 1.91140223e+00 1.81295133e+00
  1.16358356e+01 6.83884954e+00 1.13590807e-01 4.26120329e+00
  9.78043139e-01 3.02148461e+00 2.00974441e+00 1.62111723e+00
  9.79794264e-01 9.14625263e+00 2.81865454e+00 7.00636816e+00
  7.93245077e+00 9.80551898e-01 6.64649665e-01 2.85691708e-01
  4.20156360e-01 1.55851766e-01 3.17458630e+00 4.48846054e+00
  0.00000000e+00 0.00000000e+00 5.43827415e-01 8.85412470e-02
  6.88336492e-01 1.60202754e+00 1.41255653e+00 3.17211986e+00
  4.29912925e-01 7.32904732e-01 2.82578158e+00 1.70102215e+00
  2.08781436e-01 9.05481935e-01 3.74142826e-01 2.96762776e+00
  4.28158236e+00 0.00000000e+00 2.57832557e-01 2.63279247e+00
  9.70581150e+00 2.35357261e+00 3.65292907e-01 2.33030701e+00
  1.27588260e+00 3.73158598e+00 5.01514196e-01 4.67797637e-01
  3.28707755e-01 0.00000000e+00 4.55166578e-01 3.03330708e+00
  2.96330547e+00 5.72247133e-02 3.08100557e+00 9.09128010e-01
  0.00000000e+00 1.38927507e+00 2.33033881e-01 4.85665178e+00
  3.39134192e+00 2.33153868e+00 2.44954348e+00 8.13425958e-01
  7.65387440e+00 1.22257209e+00 1.43272555e+00 4.06170893e+00
  5.62821293e+00 2.41415238e+00 1.54961872e+00 1.79403532e+00
  7.28885591e-01 1.39406800e+00 1.86607981e+00 1.75458717e+00
  1.45872211e+00 8.80367696e-01 2.36273217e+00 1.74046278e+00
  0.00000000e+00 1.12991533e+01 8.34555531e+00 6.39756098e-02
  8.85535419e-01 1.67787403e-01 2.10566854e+00 3.98321867e+00
  0.00000000e+00 0.00000000e+00 7.69723535e-01 1.06364951e-01
  7.35130787e-01 2.38976216e+00 5.26768446e+00 6.35786831e-01
  2.70353109e-01 2.96938151e-01 2.76411682e-01 7.85382390e-01
  0.00000000e+00 8.07698822e+00 6.91182673e-01 1.03292346e+00
  7.72206450e+00 8.37157726e+00 7.08669960e-01 9.49483037e-01
  3.06362581e+00 2.64800000e+00 1.75193474e-01 5.23324251e-01
  4.83690691e+00 7.71055818e-01 6.86127186e+00 3.71726584e+00
  1.61104441e+00 4.17263180e-01 1.95055151e+00 1.81875765e+00]]