[[9.64452386e-01 5.01702690e+00 3.79425198e-01 6.04799539e-02
  2.26669952e-01 7.23794127e+00 3.64318657e+00 9.49860692e-01
  1.17947555e+00 1.14196688e-01 4.56248236e+00 9.21934962e-01
  3.18905163e+00 2.58941340e+00 4.99223918e-01 6.19878292e-01
  2.38770199e+00 2.58173406e-01 5.49441338e-01 9.59627819e+00
  1.12900043e+00 1.66003265e+01 2.14311194e+00 1.60511339e+00
  2.98132658e+00 9.53238678e+00 1.50067997e+00 0.00000000e+00
  3.67864871e+00 6.48551345e-01 1.56993926e+00 7.30399513e+00
  3.80287855e-03 4.76503754e+00 1.49000436e-01 2.31199479e+00
  9.18716335e+00 7.38553822e-01 1.75535643e+00 3.11545491e+00
  1.09568799e+00 6.55419886e-01 1.24810839e+00 2.27697229e+00
  1.43084621e+00 3.35683084e+00 3.82566035e-01 1.43806100e+00
  8.43418312e+00 3.30240440e+00 1.49618673e+00 2.20737767e+00
  1.88757792e-01 4.34360653e-01 1.77530968e+00 3.71646237e+00
  2.04100204e+00 4.44533730e+00 5.12185431e+00 1.42014623e+00
  0.00000000e+00 6.49927616e-01 3.76192498e+00 4.87042284e+00
  2.14645791e+00 1.06500185e+00 3.68206167e+00 5.60013652e-01
  1.22461259e+00 9.34841394e-01 2.54371119e+00 4.50968552e+00
  1.23420942e+00 7.04121971e+00 2.20571690e+01 0.00000000e+00
  4.17102695e-01 6.09841526e-01 1.60487056e-01 4.40128803e+00
  6.88533306e-01 2.86140275e+00 4.64517164e+00 1.45606697e-01
  4.56488800e+00 4.35031986e+00 2.47508669e+00 3.19785738e+00
  2.82530904e+00 1.39550388e+00 1.16241407e+01 2.71355391e+00
  1.17096496e+00 3.33984470e+00 4.12056476e-01 4.72621202e-01
  1.84996024e-01 1.04929247e+01 1.48952985e+00 4.14288568e+00
  7.11339533e-01 2.35283232e+00 1.47974110e+00 4.54327774e+00
  1.36450362e+00 2.25222802e+00 2.75910616e+00 1.48664141e+00
  1.34694505e+00 3.84852588e-01 3.60935402e+00 2.28678298e+00
  8.10998753e-02 4.68325764e-01 9.51626301e-01 2.84809852e+00
  6.03361797e+00 8.94642067e+00 8.54976475e-01 1.62802124e+00
  5.18689632e-01 7.05023948e-03 9.73616064e-01 8.80003643e+00
  6.33255541e-01 1.49053454e+00 1.44731596e-01 1.55861568e+00
  1.66390991e+00 1.31424408e+01 2.61071301e+00 2.08361316e+00
  4.38788843e+00 4.15824413e-01 2.68193800e-02 6.98737800e-01
  3.06536961e+00 1.93803144e+00 1.27981150e+00 3.74673986e+00
  0.00000000e+00 1.82150632e-01 2.73109508e+00 1.76315677e+00
  2.13130260e+00 1.74187422e+00 3.07937384e+00 2.21336985e+00
  7.65816927e+00 5.37269935e-02 1.56158662e+00 1.70589089e+00
  1.86780965e+00 2.31882119e+00 2.83754587e-01 6.67285144e-01
  1.17213845e+00 3.51690745e+00 1.38131189e+00 5.45744085e+00
  1.01407564e+00 1.36355209e+01 3.72036099e+00 8.95803547e+00
  4.51563168e+00 1.99822962e+00 0.00000000e+00 2.44895029e+00
  6.63500190e-01 2.71241474e+00 1.22824264e+00 3.10065103e+00
  4.02510548e+00 1.55478585e+00 1.63672543e+00 0.00000000e+00
  6.15775846e-02 2.50701513e-02 1.62263095e+00 1.48869002e+00
  3.08161330e+00 7.56292284e-01 4.47684097e+00 2.48019338e+00
  0.00000000e+00 1.78449595e+00 2.34602880e+00 1.70273244e+00
  9.98582661e-01 2.67911339e+00 1.16284819e+01 0.00000000e+00
  0.00000000e+00 6.72826910e+00 3.74402666e+00 5.02886009e+00
  3.11586690e+00 6.62708187e+00 3.83382022e-01 2.31547379e+00
  5.39517069e+00 2.29603076e+00 3.64214253e+00 1.91896057e+00
  7.18002367e+00 1.43733156e+00 1.00513017e+00 4.48954487e+00
  4.37731600e+00 4.36384773e+00 1.81467795e+00 1.25127733e+00
  1.47095847e+00 3.73328042e+00 8.46880019e-01 4.13922024e+00
  1.34053612e+00 7.61285973e+00 1.23085296e+00 2.41208696e+00
  1.51809469e-01 7.71851587e+00 3.47466022e-01 9.04096484e-01
  5.68398237e+00 2.88359714e+00 0.00000000e+00 5.56574440e+00
  2.36911386e-01 3.59994531e+00 1.56360888e+00 4.76933527e+00
  1.37779903e+00 3.11506844e+00 1.05254936e+00 1.19768739e+00
  1.58288538e+00 5.14537907e+00 3.43375874e+00 1.10726047e+00
  1.10339701e+00 2.75822854e+00 8.28604400e-01 5.19323826e+00
  1.58936524e+00 8.43517971e+00 6.33265352e+00 5.00680089e-01
  2.80452311e-01 6.27011251e+00 1.25778427e+01 9.33156788e-01
  4.80104804e-01 1.92736220e+00 6.43601274e+00 7.99364662e+00
  3.54327774e+00 1.63927782e+00 2.98049736e+00 1.26781869e+00
  2.55324960e-01 1.96144372e-01 0.00000000e+00 1.50430053e-01
  4.12736225e+00 5.44781971e+00 2.63470578e+00 1.76091015e+00
  9.14166737e+00 1.16961217e+00 9.95713139e+00 4.29374552e+00
  3.06300783e+00 3.77007031e+00 2.98206139e+00 2.59005094e+00
  1.43135004e+01 1.52661741e+00 0.00000000e+00 7.86322021e+00
  8.92841721e+00 4.63109970e+00 1.91857414e+01 5.53416348e+00
  6.02525902e+00 3.72243643e-01 4.98951912e+00 7.11341083e-01
  4.90182209e+00 1.65027916e+00 6.37210035e+00 2.63776135e+00
  4.51949215e+00 7.90476501e-01 1.00433719e+00 3.92893344e-01
  2.94650960e+00 3.08340049e+00 1.44708335e+00 9.46166553e-03
  1.89232469e+00 7.50603676e+00 6.34696245e+00 4.29913491e-01
  1.64271736e+00 5.24612606e-01 2.38670254e+00 4.26664501e-01
  2.35609937e+00 7.43832171e-01 1.16737509e+00 1.00360143e+00
  7.84456539e+00 6.79330349e-01 1.52753055e+00 2.01843596e+00
  5.22981167e+00 1.01859503e+01 3.51098704e+00 1.64866900e+00
  2.40781128e-01 7.54046154e+00 9.92123127e+00 1.00349307e+00
  7.89583921e-01 3.31569386e+00 3.95164180e+00 4.13771868e-01
  1.62337899e+00 8.90531838e-01 1.84727207e-01 5.72001123e+00
  7.33344078e-01 4.27694750e+00 1.34264851e+00 4.82871342e+00
  3.72225642e+00 8.95792198e+00 1.08905916e+01 1.69055033e+00
  2.38983721e-01 1.26580000e-01 1.98213565e+00 1.32365131e+00
  2.90602398e+00 9.64845598e-01 5.03368750e-02 3.08940411e+00
  3.74742413e+00 6.61337376e-01 2.37746000e+00 1.15431532e-01
  0.00000000e+00 5.74649096e+00 1.62207961e+00 9.20397103e-01
  1.38698733e+00 7.71497536e+00 1.87334144e+00 1.45719254e+00
  1.75363529e+00 5.30700505e-01 4.19102335e+00 4.51775837e+00
  3.41817427e+00 1.91312268e-01 5.63050604e+00 4.47004366e+00
  1.58800066e+00 2.74244165e+00 1.20508933e+00 1.92010212e+00
  1.13425865e+01 5.04230738e+00 3.66598225e+00 2.73175073e+00
  3.02802396e+00 7.66929293e+00 2.49904811e-01 3.90857434e+00
  9.66001034e-01 6.52340078e+00 9.54333186e-01 6.63795567e+00
  1.99907637e+00 2.33582950e+00 3.22561455e+00 3.53558838e-01
  2.54599786e+00 1.06565294e+01 8.74389648e+00 1.01864564e+00
  1.26782942e+00 1.06846094e+00 3.02796459e+00 2.49008369e+00
  1.82346845e+00 2.99561453e+00 5.72141075e+00 7.08415568e-01
  2.02251410e+00 3.42731214e+00 1.54567659e+00 4.74370193e+00
  1.17013741e+01 1.93881869e+00 3.94105315e-01 4.23632801e-01
  8.70572567e+00 2.14499331e+00 5.09814930e+00 2.65957260e+00
  0.00000000e+00 1.00359404e+00 2.32444072e+00 6.11334324e-01
  2.55554795e-01 4.01472616e+00 2.67476177e+00 1.41914761e+00
  4.08689737e+00 5.44129491e-01 5.73088741e+00 6.11977911e+00
  4.70289135e+00 2.65674114e-01 4.76758194e+00 1.27954447e+00
  3.70531052e-01 2.76253253e-01 2.49263382e+00 7.84255552e+00
  1.64053154e+01 9.33934331e-01 6.90149605e-01 3.65836620e+00
  1.76339483e+00 3.43773174e+00 4.07620525e+00 4.58878613e+00
  1.98006839e-01 1.36813045e+00 1.89202458e-01 4.15028954e+00
  4.36286032e-01 0.00000000e+00 5.83056498e+00 2.24375629e+00
  3.07850170e+00 4.50554550e-01 4.64749527e+00 9.85427475e+00
  2.74825025e+00 4.40926647e+00 6.70926285e+00 8.93038869e-01
  2.58578134e+00 1.10142756e+00 1.60969687e+00 2.80169988e+00
  1.39328337e+01 2.95724058e+00 6.26924455e-01 4.07792807e+00
  1.13575964e+01 1.60688841e+00 1.75956178e+00 5.90000153e+00
  2.05700564e+00 1.75902617e+00 1.79662967e+00 6.49196434e+00
  3.16950488e+00 1.28654881e+01 9.25660133e-01 4.73227829e-01
  3.52771282e+00 2.12044001e+00 5.26748635e-02 2.78172612e+00
  3.08060026e+00 2.22413003e-01 2.87308544e-01 1.01245034e+00
  6.92745638e+00 2.60148287e+00 4.61597055e-01 2.13232183e+00
  1.60479069e+00 4.12491232e-01 8.26539099e-01 1.02150803e+01
  2.86756468e+00 1.80398083e+00 4.57775068e+00 2.40823650e+00
  3.31356287e+00 1.14038048e+01 1.41349077e+00 1.07208490e+00
  1.23738599e+00 7.75070667e-01 3.69995326e-01 1.15777683e+00
  1.10233855e+00 8.02462220e-01 7.79349566e+00 2.45441842e+00
  1.13902664e+00 2.72329140e+00 1.77021730e+00 2.04270291e+00]]