[[2.2390864e+00 2.5564170e+00 5.1576022e-02 1.0916767e+00 1.2023472e+00
  5.9217920e+00 4.5132604e+00 0.0000000e+00 2.0421441e+00 5.2133900e-01
  1.7473689e+00 2.1659734e+00 1.0682877e+00 1.0446439e+00 0.0000000e+00
  1.6000515e+00 9.0356648e-01 3.4456003e-01 1.1125664e+00 6.8339348e+00
  0.0000000e+00 8.0273199e+00 5.4791160e+00 5.3214890e-01 1.2417920e+00
  4.6438961e+00 4.7642735e-01 4.7943492e+00 9.9939144e-01 1.9732100e+00
  1.7562866e-01 1.2836244e+00 2.6869009e+00 7.5980773e+00 9.0766478e-01
  4.0926466e+00 5.7507982e+00 2.0036569e+00 1.0019382e+01 3.5011680e+00
  1.9206883e+00 4.8395438e+00 1.6457918e+00 7.7167029e+00 0.0000000e+00
  4.3596282e+00 2.0738950e+00 1.2666587e+00 2.9518526e+00 7.6209366e-01
  1.4255785e+00 1.2697407e+00 1.3281471e-01 1.2868994e-01 8.4673768e-01
  3.1535797e+00 1.5061783e+00 2.8792186e+00 8.7306714e-01 9.1309839e-01
  6.9030252e+00 1.7569741e+00 1.1053730e+00 3.2530994e+00 7.4921495e-01
  4.1146219e-02 3.0923347e+00 1.9777675e-01 2.8816812e+00 2.7490396e+00
  6.4878941e-01 2.9595020e+00 0.0000000e+00 3.4601402e+00 2.6902316e+00
  2.4404919e+00 7.5052023e-02 8.8369502e-03 8.3124584e-01 8.3035254e-01
  2.4842608e+00 7.8911376e+00 9.2685747e-01 3.5439005e-01 3.0340421e+00
  6.2648458e+00 4.2286363e-01 1.5545909e+00 1.2206299e+00 6.7445695e-01
  3.0301738e+00 3.1528344e+00 4.6837855e-02 1.8675132e+00 9.7556744e+00
  1.2766992e+00 4.3482671e+00 1.0210557e+00 1.9158449e+00 5.0016041e+00
  2.9909214e-01 1.5909939e+00 3.0309336e+00 4.5807624e+00 5.9268780e-02
  0.0000000e+00 8.0607899e-02 1.5073018e+00 1.8761480e+00 2.5953679e+00
  1.5395679e+00 3.7002042e-01 1.9062220e+00 5.6232843e+00 7.9271961e-03
  4.8779681e-01 5.0018816e+00 1.5688446e+00 2.4250085e+00 3.6502786e+00
  9.0042037e-01 6.0907358e-01 2.2466493e+00 2.4269519e+00 5.6616373e+00
  9.6029210e-01 1.3490601e+00 1.7189844e-01 1.0599071e+00 6.3935647e+00
  2.8235404e+00 3.0658855e+00 8.0394802e+00 1.6734084e-01 9.3977249e-01
  2.0993207e+00 1.7142700e+00 5.6335889e-02 3.8927193e+00 9.3733330e+00
  2.0014942e+00 1.4399214e+00 9.6302289e-01 1.8980501e+00 1.9225510e+00
  1.7477378e+00 2.9579990e+00 2.6217899e+00 1.5790735e+00 4.6705791e-01
  2.4349506e+00 3.3125081e+00 1.3991883e+00 2.6569490e+00 8.6913037e-01
  0.0000000e+00 2.2843294e+00 3.7968330e+00 1.0251641e+00 1.7276316e+00
  1.7894032e+00 5.6332045e+00 3.4259400e+00 1.7968504e-01 1.5080287e+00
  4.6602073e+00 0.0000000e+00 3.4450452e+00 0.0000000e+00 1.5003992e+00
  6.1540685e+00 2.5388794e+00 4.0357742e-01 1.1628409e-01 2.0412375e-01
  5.6387811e+00 5.6775270e+00 0.0000000e+00 2.8224418e-01 6.9363523e+00
  9.9430996e-01 4.9585372e-01 5.4521585e+00 7.9353034e-01 1.4117098e+00
  1.2673793e+00 4.3201246e+00 2.6795492e+00 4.0336833e+00 2.8858237e+00
  4.1901994e+00 0.0000000e+00 0.0000000e+00 1.2959318e+01 8.8494785e-02
  1.3651563e-02 5.4859633e+00 3.2108400e+00 1.3247443e+00 0.0000000e+00
  5.8188605e+00 0.0000000e+00 5.0030474e-02 4.9573054e+00 1.6082224e+00
  2.7807081e+00 2.8739190e+00 2.0491009e+00 1.1066138e+00 8.5897436e+00
  1.1840339e+00 3.7022200e+00 3.5949306e+00 3.3386676e+00 4.3398938e-01
  2.2081690e+00 3.0394441e-01 1.7558720e+00 1.4146214e+00 1.9937025e+00
  1.0843554e+00 4.3101707e+00 1.1675050e-01 1.4273329e+00 1.8203658e-01
  2.4929900e+00 4.9013944e+00 2.6375389e+00 1.0783100e+00 1.6684017e+00
  1.1813811e+00 6.6848941e+00 4.0575132e-01 2.9111757e+00 2.5399857e+00
  2.5220388e-01 5.8796406e-01 8.9328891e-01 0.0000000e+00 6.7360935e+00
  1.3908193e+00 2.7937453e+00 0.0000000e+00 5.6048722e+00 2.0244293e+00
  2.1149671e+00 7.6400485e+00 0.0000000e+00 2.7410576e+00 2.5788617e+00
  9.8483849e+00 3.2843091e+00 3.6323283e+00 3.3100710e+00 4.6644354e+00
  4.7298658e-01 3.1366377e+00 2.5101779e+00 1.0974143e+00 2.1372252e+00
  6.6082373e-02 1.2498713e+00 3.0714855e-01 4.2774372e+00 2.4527373e+00
  2.6982598e+00 3.1419089e-01 3.9736962e-01 2.0092363e+00 1.2139817e+00
  9.9446182e+00 2.1625998e+00 9.6435678e-01 3.4060538e+00 1.8016524e+00
  3.8068566e-01 1.7954500e+00 1.2137877e+00 1.6847584e-01 2.3110604e+00
  2.7484734e+00 2.4732414e-01 1.0769758e+00 1.8245279e+00 1.0097737e+01
  0.0000000e+00 4.6314135e+00 2.4783099e+00 2.4206846e+00 1.3757799e+00
  6.4511037e-01 1.5315737e+00 8.0977659e+00 1.0227000e+01 6.3812561e+00
  5.5555520e+00 0.0000000e+00 1.6584537e+00 0.0000000e+00 1.5736639e+00
  1.6690037e+00 9.2570132e-01 2.0902798e+00 5.4622293e-01 8.1571156e-01
  6.2478685e-01 9.8075636e-02 2.1297252e-01 2.8698441e-01 1.7662323e-01
  2.9959688e+00 1.4086066e+00 6.8774027e-01 1.3241991e+00 6.7574745e-01
  1.2405521e+00 1.0043972e+00 2.4132378e+00 7.4753857e-01 3.2154721e-01
  1.1751450e+00 8.5031283e-01 2.8909914e+00 1.5209301e+00 0.0000000e+00
  7.5054936e+00 6.6700320e+00 2.7709368e-01 3.1135261e+00 7.0786864e-02
  2.1214190e+00 2.4618332e+00 3.9974624e-01 5.2404089e+00 5.4049907e+00
  3.5308158e+00 1.5936677e+00 8.6448967e-01 2.2452669e+00 9.2998052e-01
  1.3476068e+00 2.9973263e-01 1.3167716e+00 3.5340905e+00 4.2356019e+00
  1.0617173e+00 4.7927779e-01 0.0000000e+00 1.3379115e+00 1.5955919e+00
  0.0000000e+00 1.1164657e+00 0.0000000e+00 2.7550101e-01 3.8712583e+00
  1.7484368e+00 2.5463490e+00 4.2476387e+00 1.3051393e+00 3.2035232e-01
  1.9064199e+00 4.0999733e-02 5.1326666e+00 9.3943739e-01 6.2688718e+00
  1.3465240e+00 2.2095454e+00 8.6874974e-01 2.1461883e+00 2.0578992e-01
  5.3141421e-01 5.2917272e-01 4.6442618e+00 3.3761356e+00 6.9986701e+00
  1.3647568e+00 7.9968486e+00 6.1432571e+00 0.0000000e+00 6.3132544e+00
  1.1481378e-01 1.4903108e+00 3.9387531e+00 2.8157778e+00 9.7160721e-01
  3.8310418e+00 1.1264653e+00 9.1862416e-01 7.2816259e-01 3.5039649e+00
  2.9551263e+00 4.4519973e+00 4.6717062e+00 4.9804029e+00 2.1189709e-01
  3.1625929e+00 7.0507538e-01 3.0409832e+00 1.9634302e+00 1.0882293e+00
  1.7235278e-01 6.0685968e+00 3.1005695e+00 3.8524282e+00 3.6155307e+00
  1.2659053e+01 4.2200313e+00 1.2852745e+00 1.3154881e-01 8.4141862e-01
  2.9518239e+00 2.3558977e+00 1.7207338e-01 4.7252706e-01 0.0000000e+00
  1.1278931e+00 9.8490071e-01 2.3748746e+00 0.0000000e+00 1.4523388e-01
  2.1959634e-01 1.0348136e+00 6.9744592e+00 2.7882388e+00 1.8708487e+00
  1.9254769e+00 2.7186623e+00 1.2235655e+00 6.3121927e-01 1.8852413e-01
  1.6861352e+00 9.7429198e-01 8.9991102e+00 5.4938483e+00 4.8808926e-01
  4.6187729e-02 3.3769574e+00 4.2781186e+00 1.1183332e+00 3.8116574e+00
  6.9022119e-01 1.4948385e+00 0.0000000e+00 3.2783053e+00 1.3966130e+00
  1.4031867e+00 1.6480989e+00 1.6525826e+00 2.4721110e-01 9.9172240e-01
  4.0198363e-02 5.3894334e+00 1.4200277e+00 5.2791266e+00 3.5467894e+00
  8.4158421e-01 5.8292866e-01 1.6294371e+00 3.4965782e+00 2.3492868e+00
  3.6136289e+00 6.9966018e-01 1.7329024e+00 5.5460668e-01 5.1928896e-02
  1.2344774e+00 4.5231380e+00 2.8631146e+00 5.2584062e+00 2.1712348e+00
  0.0000000e+00 6.3528024e-02 2.6044755e+00 8.0861320e+00 2.6294649e+00
  2.7071340e+00 1.2637790e+00 2.3795795e+00 2.9594600e-01 5.1741087e-01
  3.2453001e-01 4.8706956e+00 1.8900404e+00 2.1464692e-01 6.6956989e-03
  2.4623008e+00 4.9402851e-01 4.0620890e+00 3.7191653e+00 5.9846085e-01
  9.1825163e-01 0.0000000e+00 1.9072845e+00 1.4903103e+00 4.4334874e+00
  2.8873007e+00 7.9789835e-01 1.2532862e-01 4.4029427e+00 4.5456777e+00
  3.1718824e+00 7.7816057e-01 7.0423615e-01 5.4852664e-01 5.0592732e+00
  7.4374944e-02 2.5402901e+00 3.3202171e+00 3.1219220e+00 9.0553439e-01
  3.8646524e+00 2.7504253e-01]]