[[3.18635941e-01 1.81500107e-01 4.33782578e+00 1.10140479e+00
  5.07413507e-01 1.71815693e+00 1.48780403e+01 0.00000000e+00
  1.35386765e+00 1.47340357e+00 8.23157406e+00 2.28022408e+00
  7.72190619e+00 2.99649119e+00 7.63854980e-01 2.75690413e+00
  2.26054564e-01 4.31139803e+00 3.12998366e+00 2.00331950e+00
  2.08737124e-02 7.30662918e+00 5.13117015e-01 0.00000000e+00
  9.93467212e-01 6.42305756e+00 1.53824508e+00 1.04888091e-02
  4.06028318e+00 2.13980842e+00 1.42053795e+00 2.86813378e+00
  5.96004426e-01 1.15255604e+01 8.24852705e-01 4.17319655e-01
  9.54477906e-01 2.54300088e-01 6.18162394e+00 1.73122013e+00
  1.40358520e+00 3.01411104e+00 0.00000000e+00 4.03640985e+00
  1.17988777e+00 5.57088757e+00 1.28518915e+00 1.07160676e+00
  2.49478340e+00 4.18449783e+00 1.75728905e+00 2.42839456e-01
  0.00000000e+00 2.99619460e+00 2.27460456e+00 3.62472343e+00
  2.85895467e+00 9.32859421e+00 7.27316797e-01 0.00000000e+00
  1.26262113e-01 2.66905236e+00 2.71473289e+00 3.10900450e+00
  9.00917649e-02 2.39258814e+00 7.75409162e-01 2.79740977e+00
  1.63362157e+00 1.45188898e-01 5.23846054e+00 6.51128948e-01
  3.34221816e+00 1.76008439e+00 8.89018250e+00 1.22830197e-01
  6.60148919e-01 1.43216515e+00 0.00000000e+00 9.49302197e-01
  5.25974178e+00 3.87041616e+00 9.03908920e+00 2.17151928e+00
  1.05097699e+00 6.38014889e+00 0.00000000e+00 5.49284697e-01
  6.36406469e+00 3.68197076e-02 4.40805817e+00 5.04284763e+00
  5.92990398e-01 4.88752174e+00 0.00000000e+00 9.02469873e-01
  2.21302056e+00 9.30002570e-01 6.04551840e+00 1.06595504e+00
  1.26757157e+00 1.32099712e+00 2.43547773e+00 4.61473131e+00
  5.42808250e-02 9.28815961e-01 2.62066692e-01 1.00062728e+00
  6.60567904e+00 3.48309541e+00 3.17516971e+00 3.13799405e+00
  4.38352168e-01 1.20871328e-01 1.80034563e-01 1.05891585e+00
  1.98239374e+00 0.00000000e+00 1.11786580e+00 1.05399978e+00
  2.19730282e+00 3.66407931e-01 2.43578529e+00 3.55432773e+00
  4.88289632e-02 6.76614165e-01 4.00937140e-01 9.91538405e-01
  1.86662698e+00 1.35792675e+01 4.50891590e+00 1.28139174e+00
  5.17674828e+00 1.68036616e+00 6.83777809e-01 1.04440784e+00
  1.39555597e+00 3.01153153e-01 2.88355207e+00 1.64755955e-01
  1.75723624e+00 1.17899871e+00 0.00000000e+00 4.24019623e+00
  2.45231557e+00 1.08505714e+00 1.78162742e+00 9.67006505e-01
  0.00000000e+00 5.14027059e-01 1.53052256e-01 1.38488805e+00
  7.27286339e+00 0.00000000e+00 3.19276214e-01 3.66364145e+00
  1.29441464e+00 4.31987143e+00 1.60688794e+00 1.89536130e+00
  4.15402353e-01 4.81702805e+00 4.86346817e+00 5.81367254e+00
  5.47910500e+00 3.30040574e+00 1.21364124e-01 1.06987035e+00
  1.49052954e+00 3.06223154e+00 1.09267044e+01 2.15384507e+00
  4.55483532e+00 4.00755692e+00 1.20499814e+00 7.17173862e+00
  6.88940287e-02 8.14830065e-02 7.46892357e+00 1.35161948e+00
  4.75053132e-01 1.35704076e+00 4.55508423e+00 1.80075371e+00
  3.80662292e-01 1.67362058e+00 3.69541794e-01 1.18503404e+00
  9.63351965e-01 1.89593334e+01 5.35387039e+00 0.00000000e+00
  3.46036702e-01 1.00966539e+01 3.76601553e+00 8.15421641e-01
  1.21249688e+00 5.87913227e+00 1.18256629e+00 5.59379864e+00
  9.29034519e+00 1.96222603e+00 0.00000000e+00 2.13116124e-01
  0.00000000e+00 4.11219978e+00 7.62948573e-01 6.41338158e+00
  2.76919425e-01 1.18986053e+01 5.17400694e+00 7.66961288e+00
  5.83036244e-01 2.72811770e+00 0.00000000e+00 3.15698433e+00
  1.20840180e+00 4.28766203e+00 1.04160678e+00 1.61060631e+00
  7.15315282e-01 3.65888691e+00 0.00000000e+00 1.45621741e+00
  4.91569233e+00 2.99360752e+00 8.81122530e-01 2.83857727e+00
  3.82046199e+00 4.32922125e-01 6.80185139e-01 8.78321409e-01
  2.10692000e+00 1.23870087e+00 2.93036175e+00 3.42275381e-01
  3.44087815e+00 5.18463135e+00 9.42470491e-01 2.11352348e+00
  5.58837831e-01 2.46988922e-01 1.17416525e+00 3.66031718e+00
  3.34161544e+00 5.44049025e+00 1.03191900e+01 2.49396831e-01
  2.21536422e+00 1.81786716e+00 5.42974360e-02 1.58623660e+00
  0.00000000e+00 3.88539255e-01 1.33685148e+00 0.00000000e+00
  1.20517409e+00 3.67562222e+00 3.78317595e+00 6.29174852e+00
  1.04237460e-01 0.00000000e+00 9.47667733e-02 6.62933528e-01
  3.82806158e+00 5.00000143e+00 6.82824755e+00 3.02080464e+00
  2.50539947e+00 1.02031028e+00 4.90053749e+00 4.44557577e-01
  6.67130053e-01 2.70613003e+00 2.31341624e+00 3.27715039e-01
  1.57789259e+01 1.41516078e+00 1.06950057e+00 8.24868560e-01
  3.71162224e+00 1.04058099e+00 1.41510177e+00 0.00000000e+00
  3.43529868e+00 5.99080585e-02 1.08419275e+01 2.41775036e+00
  5.75642872e+00 2.00658131e+00 3.07633448e+00 3.90514284e-01
  2.49987459e+00 2.10133839e+00 1.87870228e+00 6.66301310e-01
  0.00000000e+00 0.00000000e+00 1.39066741e-01 0.00000000e+00
  1.78253984e+00 5.23927593e+00 4.77006292e+00 0.00000000e+00
  1.32582664e+00 3.67098190e-02 2.99804759e+00 5.02515936e+00
  7.37127483e-01 0.00000000e+00 3.66595888e+00 4.09552097e-01
  1.72940576e+00 0.00000000e+00 1.31922257e+00 4.45301151e+00
  1.07561636e+00 3.77945232e+00 0.00000000e+00 1.97339654e-01
  4.16329002e+00 7.98439085e-02 7.42688370e+00 6.95172310e-01
  3.62477350e+00 1.69115901e+00 7.99107599e+00 3.30127291e-02
  2.01655602e+00 3.14649791e-01 5.74158788e-01 6.21050215e+00
  2.08717799e+00 6.28916788e+00 3.28407812e+00 2.92608333e+00
  4.68327713e+00 2.94195127e+00 0.00000000e+00 4.33517307e-01
  1.12659860e+00 1.62791535e-01 4.71772194e+00 2.82914758e+00
  2.50454617e+00 2.27895594e+00 1.24304175e+00 2.93490028e+00
  4.43144143e-01 2.61791253e+00 1.74211037e+00 0.00000000e+00
  3.63238311e+00 5.60025787e+00 2.34522963e+00 1.91747808e+00
  5.61825454e-01 5.95479584e+00 2.09278274e+00 1.89005923e+00
  9.01610017e-01 0.00000000e+00 3.32789230e+00 3.05355221e-01
  2.47016406e+00 1.24203730e+00 1.21190710e+01 5.41913176e+00
  4.44128457e-03 1.11304693e+01 1.29150674e-01 1.05120230e+00
  1.24408369e+01 2.17368841e+00 3.88379335e+00 7.57091522e-01
  5.17063677e-01 3.79533052e+00 1.33231795e+00 3.97565746e+00
  1.42502880e+00 1.32739010e+01 2.67968655e+00 6.08138032e-02
  2.29401290e-02 2.00225592e+00 1.07766414e+00 0.00000000e+00
  9.65371206e-02 9.06369877e+00 6.55606651e+00 4.94418681e-01
  2.72242641e+00 9.19891834e-01 6.64481670e-02 4.41873550e+00
  4.18262196e+00 1.08983874e-01 3.20037341e+00 7.50917792e-01
  5.42449534e-01 1.22294283e+01 2.11373687e-01 4.78885126e+00
  2.25251698e+00 1.81863034e+00 6.80414796e-01 7.32606363e+00
  1.22836065e+00 2.07038856e+00 8.99040604e+00 5.84145451e+00
  2.58656716e+00 1.65192202e-01 3.51954842e+00 7.62035131e-01
  3.73712254e+00 2.02169970e-01 1.45898139e+00 8.35674584e-01
  5.02748775e+00 1.04436040e-01 2.17592955e+00 2.28840661e+00
  1.34666479e+00 9.73570228e-01 3.55323148e+00 2.20703617e-01
  0.00000000e+00 0.00000000e+00 4.30086493e-01 1.76719272e+00
  1.13892555e+00 9.60614860e-01 8.13237786e-01 1.72189951e+00
  1.12869167e+00 2.02499285e-01 1.85829759e-01 3.25022817e+00
  0.00000000e+00 9.67103481e-01 1.50001511e-01 1.57245541e+00
  1.17111921e+00 5.62361956e-01 1.91344749e-02 6.12372220e-01
  5.91141522e-01 1.02800667e+00 2.87071705e+00 1.23122692e+00
  5.29741955e+00 5.39943266e+00 2.30322504e+00 0.00000000e+00
  1.18799090e+00 5.41007333e-02 2.46584201e+00 5.95019484e+00
  1.07539549e-01 3.94606543e+00 9.07244205e-01 8.29741001e-01
  7.35567153e-01 4.17801809e+00 1.30988753e+00 2.20731425e+00
  1.12584150e+00 1.65356207e+00 1.80218160e+00 1.28494024e+01
  9.02320445e-01 8.15443039e+00 1.23534739e+00 3.33811378e+00
  4.19618249e-01 1.48060489e+00 8.78948784e+00 8.17748606e-01
  2.82303762e+00 5.01673460e-01 2.81807852e+00 1.35482168e+00
  1.99023235e+00 3.80937910e+00 1.70311368e+00 8.27510655e-03
  7.27766514e-01 1.76620030e+00 1.26748610e+00 1.25998032e+00
  0.00000000e+00 5.13410997e+00 4.25099134e+00 1.57622921e+00
  5.88856840e+00 8.50716019e+00 2.31626296e+00 2.57107711e+00
  3.46891570e+00 5.25761247e-01 3.89452696e+00 4.86320925e+00
  7.40752161e-01 9.01933968e-01 1.46359652e-01 1.59558356e+00
  3.33697510e+00 1.11600256e+00 3.20963550e+00 6.30481482e-01]]