[[2.33469486e+00 1.80131674e+00 2.03996778e+00 3.04925036e+00
  5.23798347e-01 3.53700876e+00 5.61107826e+00 7.07395613e-01
  4.10302448e+00 4.13503379e-01 5.48648238e-01 1.90030026e+00
  2.07923555e+00 6.34331033e-02 1.20879352e+00 2.10627496e-01
  1.58105955e-01 4.93696094e-01 5.03029346e-01 4.11061573e+00
  0.00000000e+00 1.63343334e+00 4.73149872e+00 1.77590504e-01
  1.05862427e+00 4.37823915e+00 5.37148237e-01 3.83532085e-02
  3.51901621e-01 2.89850812e-02 2.44728103e-01 4.77300119e+00
  0.00000000e+00 2.37311816e+00 4.96630222e-01 2.46758866e+00
  3.20709378e-01 4.04560626e-01 6.44413900e+00 4.16628170e+00
  4.71100479e-01 5.87239218e+00 4.93366152e-01 1.20653784e+00
  4.63552117e-01 0.00000000e+00 3.35699463e+00 1.32341683e+00
  2.65387678e+00 1.11775804e+00 7.69600496e-02 1.69331729e-01
  1.37125432e+00 3.69122624e+00 6.27211273e-01 5.97841930e+00
  1.57251346e+00 7.77027369e+00 2.96392322e+00 8.95769238e-01
  2.15115651e-01 2.46483278e+00 3.79661393e+00 7.54169130e+00
  5.97771525e-01 3.17658186e+00 1.95102143e+00 2.57236719e+00
  8.12542379e-01 1.05182588e+00 7.64449501e+00 1.96675432e+00
  0.00000000e+00 3.10117221e+00 1.83068603e-01 5.33593178e-01
  1.55496120e-01 1.52723461e-01 2.79579788e-01 2.01272821e+00
  7.16481984e-01 4.57618088e-01 1.39717770e+00 3.29929203e-01
  2.57263923e+00 3.18423843e+00 5.86498016e-03 7.78884113e-01
  2.26301646e+00 2.76970774e-01 1.49760234e+00 3.38112473e+00
  0.00000000e+00 3.55479330e-01 1.31209362e+00 7.57617950e-02
  2.54370236e+00 1.42728996e+00 5.72132206e+00 3.41071749e+00
  4.71623242e-01 5.28843820e-01 6.69196606e+00 3.21047759e+00
  2.21004486e+00 2.93790793e+00 3.69456196e+00 4.84264225e-01
  6.89576447e-01 1.93403363e-01 6.76788032e-01 3.97375989e+00
  8.67461085e-01 1.54288030e+00 1.28253531e+00 0.00000000e+00
  5.53582525e+00 2.70912075e+00 2.81403613e+00 3.65891129e-01
  9.01009560e-01 1.40537465e+00 1.57287943e+00 3.58489156e+00
  3.21278304e-01 2.92697024e+00 1.67244720e+00 0.00000000e+00
  1.72607267e+00 1.57204056e+01 1.10942519e+00 4.23178703e-01
  9.92473662e-01 1.01157790e-02 5.01087606e-01 1.70170677e+00
  2.95496225e+00 8.91481817e-01 6.52951193e+00 5.41653097e-01
  4.28109467e-01 1.62330341e+00 4.28053665e+00 2.61070013e+00
  5.80760241e-01 1.39086628e+00 9.59997773e-02 1.03119206e+00
  1.85431027e+00 3.29708874e-01 2.43573785e+00 2.38341498e+00
  2.78159708e-01 3.77803874e+00 0.00000000e+00 3.11904430e-01
  1.08699226e+00 8.36287379e-01 3.57886529e+00 2.71159744e+00
  2.27073550e+00 1.27058423e+00 2.13999939e+00 3.23679328e+00
  4.09193575e-01 4.44425631e+00 4.33384717e-01 2.12976193e+00
  2.93765604e-01 2.85698724e+00 1.03470945e+00 3.78519869e+00
  1.26045990e+00 9.07107353e+00 3.13440537e+00 1.83537757e+00
  3.37317407e-01 3.65775257e-01 8.43105125e+00 8.80108058e-01
  2.27291656e+00 6.76640719e-02 7.34108448e+00 2.11853180e-02
  1.66370273e-01 3.57025564e-01 1.15322781e+00 1.60680342e+00
  2.20980310e+00 9.19156671e-01 5.01298618e+00 0.00000000e+00
  3.69137335e+00 1.06219368e+01 2.81194139e+00 3.20269036e+00
  7.25902379e-01 5.69720507e+00 6.01689875e-01 0.00000000e+00
  1.82409310e+00 0.00000000e+00 5.83967090e-01 1.31831980e+00
  2.73458648e+00 9.74541962e-01 7.65186369e-01 1.41857922e+00
  1.05882406e+00 1.45783341e+00 2.85517597e+00 3.83613491e+00
  4.40184563e-01 5.91801405e+00 0.00000000e+00 1.76414847e-01
  2.29238081e+00 6.11522675e-01 0.00000000e+00 1.71301079e+00
  2.02258289e-01 3.48904669e-01 1.25388646e+00 3.30116200e+00
  7.47811317e-01 7.51943398e+00 3.29781818e+00 9.97021139e-01
  1.92556337e-01 2.06228399e+00 2.44191551e+00 1.94646466e+00
  7.80731916e-01 4.26166105e+00 4.78729391e+00 1.17875350e+00
  1.71656382e+00 9.07053566e+00 5.93947554e+00 1.56096637e+00
  2.11332679e-01 2.67476630e+00 1.41898024e+00 1.39643955e+00
  2.36372566e+00 2.42980266e+00 8.59092236e+00 6.23636186e-01
  5.32637978e+00 1.98332357e+00 2.49337181e-01 5.48943281e-01
  4.25053930e+00 8.25222588e+00 1.15139890e+00 0.00000000e+00
  4.75049925e+00 1.57582414e+00 4.98901963e-01 9.32441533e-01
  2.34624219e+00 2.00717092e-01 0.00000000e+00 3.22818041e-01
  8.14961493e-01 2.47323418e+00 0.00000000e+00 2.49478722e+00
  1.00112915e+01 1.22171104e+00 2.10698986e+00 6.87852204e-01
  1.19798791e+00 8.32389772e-01 1.19087839e+00 3.14142489e+00
  2.77278066e+00 1.49731910e+00 0.00000000e+00 2.14815974e+00
  4.14540005e+00 3.76222420e+00 9.92050076e+00 0.00000000e+00
  3.29863191e+00 3.65614831e-01 1.53251684e+00 1.61562788e+00
  3.81775999e+00 1.13482189e+00 1.59563459e-02 0.00000000e+00
  3.30560923e+00 4.29216242e+00 2.60444212e+00 9.41052079e-01
  1.72074521e+00 6.23985648e-01 2.54437804e+00 3.54062825e-01
  1.04508858e+01 2.35630751e+00 5.72549868e+00 2.48565555e+00
  8.83700609e-01 1.19880819e+00 2.61137629e+00 9.29183364e-01
  1.36216176e+00 1.46956265e+00 3.01921082e+00 8.34202647e-01
  3.65615916e+00 1.77734300e-01 2.85249162e+00 7.95780122e-01
  1.55464852e+00 3.59550571e+00 3.73384565e-01 1.40287495e+00
  3.96263313e+00 3.28935742e+00 3.58294773e+00 2.03335762e+00
  7.53677845e-01 1.95811725e+00 3.04741836e+00 0.00000000e+00
  5.01268730e-02 7.82490730e-01 6.94135845e-01 6.28747940e+00
  1.30462563e+00 1.57571480e-01 9.26327705e+00 3.72614527e+00
  6.67710602e-01 4.82393408e+00 2.78482652e+00 2.12191224e+00
  8.67917717e-01 8.21743846e-01 4.51272428e-02 4.64925110e-01
  1.73713064e+00 2.37865233e+00 2.29945362e-01 0.00000000e+00
  2.48250508e+00 2.41134331e-01 0.00000000e+00 1.73175013e+00
  0.00000000e+00 0.00000000e+00 9.84197557e-01 4.23295161e-04
  1.87253475e+00 5.38594961e+00 2.40464282e+00 0.00000000e+00
  3.54203320e+00 5.27047098e-01 1.69461656e+00 2.90381289e+00
  5.48887157e+00 2.04088521e+00 1.08083858e+01 0.00000000e+00
  4.06603605e-01 4.55747890e+00 9.24359679e-01 1.46190941e-01
  1.31170893e+00 2.44193459e+00 9.51663136e-01 1.73842728e+00
  1.59940326e+00 3.13581133e+00 6.79118037e-01 3.03318167e+00
  2.90305471e+00 2.27436495e+00 9.47229862e-01 2.60052276e+00
  2.75361466e+00 8.83555591e-01 2.86342692e+00 2.79280901e-01
  2.12037101e-01 8.79772007e-01 7.89502740e-01 2.97221661e+00
  2.07256889e+00 3.68685126e+00 0.00000000e+00 3.21701765e+00
  4.83906895e-01 1.94679737e+00 6.72735834e+00 8.76375318e-01
  3.83515501e+00 3.10954499e+00 2.29392886e+00 8.03342819e+00
  2.88913213e-03 6.38968170e-01 7.02252313e-02 1.31128895e+00
  4.74091959e+00 3.88287735e+00 5.46467972e+00 4.08710241e-01
  2.40600094e-01 2.96515822e-01 1.57873189e+00 9.51333046e-01
  3.76619846e-02 1.27775386e-01 0.00000000e+00 0.00000000e+00
  3.38908523e-01 1.35932460e-01 0.00000000e+00 2.22470164e+00
  1.39909077e+00 2.62396550e+00 2.37964129e+00 9.52080536e+00
  3.22964478e+00 4.98642325e-02 3.43688428e-01 1.79586232e-01
  5.83799791e+00 8.26370299e-01 7.64937758e-01 3.58941460e+00
  3.48055434e+00 4.77176875e-01 1.49971172e-01 7.80707300e-01
  1.92919653e-02 1.10448658e+00 5.03587365e-01 7.77376115e-01
  9.66412425e-02 1.15451859e-02 8.95660400e-01 1.83297229e+00
  5.75478747e-02 2.22837433e-01 1.34728944e+00 4.32819605e+00
  2.33166480e+00 2.89346647e+00 4.49332666e+00 4.93892670e+00
  3.39086390e+00 1.15391958e+00 8.98913503e-01 2.13290811e+00
  7.28004217e+00 2.64845157e+00 1.12558532e+00 3.61973435e-01
  2.98851728e-01 1.21444869e+00 3.28232080e-01 1.35481608e+00
  3.34373093e+00 2.20447898e+00 8.60578954e-01 1.53585410e+00
  0.00000000e+00 4.49687815e+00 1.97987616e+00 1.24219942e+00
  0.00000000e+00 7.93314576e-01 2.93331599e+00 1.67033851e+00
  3.32945538e+00 2.48102069e-01 1.19193792e+00 7.77643502e-01
  6.99718595e-02 3.19645500e+00 2.93098140e+00 2.82709569e-01
  9.34134796e-02 1.49791527e+00 2.21488118e+00 2.29915404e+00
  1.65433192e+00 3.73689389e+00 6.16795063e-01 3.86788321e+00
  2.31720972e+00 4.82628679e+00 2.87037909e-01 1.58286905e+00
  7.37420511e+00 1.61516929e+00 2.20444226e+00 2.77607918e+00
  3.73853230e+00 1.90020740e-01 3.36308050e+00 6.67825818e-01
  2.69012547e+00 1.25710160e-01 1.00807488e+00 0.00000000e+00]]