[[2.08485579e+00 2.99524975e+00 2.06528950e+00 1.32090837e-01
  6.15708590e-01 2.23307276e+00 5.52263832e+00 2.91240662e-01
  4.07119036e+00 5.43824255e-01 2.34581399e+00 1.80624402e+00
  2.29468083e+00 1.11108971e+00 2.18813324e+00 1.72494876e+00
  4.25481319e+00 6.33291453e-02 2.14388520e-02 5.36621141e+00
  1.39872587e+00 4.64767075e+00 6.13639975e+00 7.46957445e+00
  4.19299640e-02 4.47516823e+00 0.00000000e+00 1.90971613e+00
  1.43009651e+00 3.43235105e-01 9.20529723e-01 4.90469694e+00
  0.00000000e+00 5.15857363e+00 6.70545435e+00 3.91742992e+00
  5.54522634e-01 8.95752832e-02 4.24959564e+00 8.00125027e+00
  3.04733753e-01 5.33037364e-01 0.00000000e+00 9.16647613e-01
  1.04163349e+00 0.00000000e+00 5.83695221e+00 5.25309741e-01
  2.45482349e+00 4.19341177e-01 4.02718872e-01 1.57668233e-01
  1.32576078e-01 1.60514772e+00 2.88577408e-01 3.20474768e+00
  1.30570567e+00 9.91856956e+00 2.79132104e+00 2.12906408e+00
  1.84719229e+00 1.57575086e-01 7.02852774e+00 1.20209634e+00
  5.95945835e-01 1.42050123e+00 2.79430246e+00 1.36394298e+00
  1.42067480e+00 1.75742996e+00 2.38720894e+00 5.27719545e+00
  2.79960722e-01 1.30680990e+00 6.76098943e-01 1.17585087e+00
  1.99111626e-01 3.25402975e-01 4.96575415e-01 2.98304725e+00
  0.00000000e+00 4.51958561e+00 8.96305382e-01 1.62672754e-02
  2.46399117e+00 5.00242376e+00 0.00000000e+00 1.19682074e+00
  1.13949900e+01 0.00000000e+00 1.19966710e+00 5.09945154e+00
  4.72487509e-01 6.61722374e+00 7.40751147e-01 0.00000000e+00
  3.60788894e+00 1.40603733e+00 7.72334194e+00 1.89466131e+00
  0.00000000e+00 9.94715810e-01 9.36150837e+00 4.97000456e+00
  1.30540478e+00 2.67395496e+00 1.14144683e+00 3.26243758e-01
  4.48360145e-01 9.25636530e-01 2.87354231e+00 1.06724001e-01
  2.23483682e+00 7.23764241e-01 9.84811306e-01 2.51869768e-01
  2.92468101e-01 3.40966606e+00 1.18520856e-01 2.57258439e+00
  1.32075787e+00 1.82150304e-02 2.40359474e-02 5.10341501e+00
  2.38488257e-01 2.41973305e+00 1.66258907e+00 0.00000000e+00
  1.06922679e-01 2.20772762e+01 1.82510853e+00 2.54048407e-02
  4.20971155e+00 9.61845100e-01 1.56302404e+00 2.45342278e+00
  8.50905895e+00 2.60352850e+00 2.60485888e+00 6.76925611e+00
  5.53198695e-01 8.60944808e-01 9.72111762e-01 1.41743624e+00
  1.06137562e+00 2.69640636e+00 1.56858170e+00 5.50880718e+00
  9.45057213e-01 1.13612831e+00 3.22172642e+00 7.44540167e+00
  7.07555354e-01 6.71481550e-01 0.00000000e+00 2.90507102e+00
  4.76038885e+00 2.11380445e-03 0.00000000e+00 1.02699935e+00
  3.38737893e+00 1.65281415e+00 5.04468393e+00 3.64474654e+00
  3.20370483e+00 2.70000744e+00 4.17612195e-01 4.21501875e+00
  1.22876084e+00 4.74472970e-01 7.89035261e-01 2.09738421e+00
  4.62442827e+00 8.61664486e+00 1.88349545e+00 5.81262231e-01
  7.57706642e-01 5.91797590e-01 1.08072672e+01 1.72771442e+00
  1.77432165e-01 1.63922057e-01 3.82397938e+00 9.03208375e-01
  2.56526232e-01 2.11153126e+00 2.27372313e+00 1.31644881e+00
  4.11317444e+00 7.14161825e+00 8.37801075e+00 1.78633496e-01
  5.69652021e-01 8.11221504e+00 2.67524886e+00 1.04478464e+01
  1.52866870e-01 8.54983044e+00 3.20592046e+00 2.02808261e+00
  1.54152536e+00 0.00000000e+00 6.69030920e-02 2.68343472e+00
  1.10140169e+00 5.10911083e+00 6.80432200e-01 0.00000000e+00
  1.87657475e+00 4.81364679e+00 0.00000000e+00 1.35975289e+00
  1.49126381e-01 1.98744321e+00 2.68229604e-01 5.95489144e-01
  6.43476903e-01 1.02754998e+00 2.54648018e+00 1.61980736e+00
  2.16667771e+00 4.08920050e+00 8.26542437e-01 4.92159176e+00
  7.86678255e-01 4.78507328e+00 6.46446586e-01 1.19181657e+00
  0.00000000e+00 1.15771699e+00 7.73370489e-02 1.80009902e+00
  3.91628236e-01 4.06867886e+00 3.30614328e+00 7.44005585e+00
  1.17366505e+01 5.40809155e+00 5.47288418e+00 1.11064628e-01
  4.89679426e-01 1.57013521e-01 2.57617569e+00 6.43423557e-01
  6.32887065e-01 4.16559601e+00 1.22659552e+00 4.32140827e-01
  9.36784327e-01 2.83621907e+00 1.97655344e+00 2.75090635e-01
  7.57974148e-01 8.27022970e-01 7.72353888e+00 5.29975176e-01
  9.49518800e-01 5.50436735e-01 5.29351234e-01 8.55171308e-03
  3.17855999e-02 6.31837130e-01 1.50074971e+00 1.45626020e+00
  2.70664740e+00 9.70672369e-01 6.93164289e-01 1.15402162e+00
  6.12311459e+00 9.32775080e-01 8.01363945e+00 4.06076849e-01
  0.00000000e+00 7.34918714e-01 2.66195035e+00 1.91644478e+00
  5.86275995e-01 2.62023950e+00 3.38270450e+00 2.20173120e+00
  4.63185167e+00 7.81156659e-01 4.36826944e+00 6.57176971e-01
  7.36843252e+00 0.00000000e+00 6.56484509e+00 1.38795376e+00
  1.93645978e+00 2.04218936e+00 1.12646401e+00 3.59973049e+00
  3.14928603e+00 2.58544683e+00 1.33425868e+00 1.42947495e+00
  1.99599016e+00 5.97226143e-01 8.06344151e-01 0.00000000e+00
  1.42068636e+00 3.08489370e+00 4.32820749e+00 2.63162434e-01
  1.27600241e+00 3.19407439e+00 8.56480360e-01 1.11279380e+00
  1.22412729e+00 9.93060529e-01 1.94898546e+00 4.03984928e+00
  8.08033705e-01 3.25600863e+00 5.44875908e+00 2.09214538e-01
  9.31869984e+00 8.05997467e+00 8.65408123e-01 3.05678630e+00
  1.52256918e+00 1.12301481e+00 1.82613432e+00 1.37463021e+00
  4.52763319e+00 9.29341674e-01 1.88016963e+00 0.00000000e+00
  1.84844422e+00 5.44322908e-01 2.95791721e+00 2.77981186e+00
  1.45994473e+00 0.00000000e+00 2.82331944e+01 2.13005140e-01
  2.53022718e+00 0.00000000e+00 8.97207856e-01 1.10634661e+00
  1.18726861e+00 1.19877112e+00 3.20259929e+00 2.91901380e-01
  1.10560524e+00 1.15596855e+00 5.58754802e-01 4.18038011e-01
  4.00291777e+00 4.22998714e+00 5.58719970e-02 8.23356092e-01
  1.08689688e-01 1.51692927e+00 3.71551013e+00 1.14832431e-01
  2.30491066e+00 3.00336933e+00 1.32896006e+00 3.43029070e+00
  9.97975636e+00 2.57993293e+00 2.14390588e+00 3.02355981e+00
  3.36088634e+00 4.64819044e-01 1.64214478e+01 3.77639145e-01
  1.44468987e+00 7.88219595e+00 3.86384040e-01 9.81152654e-02
  3.58376741e+00 5.55203676e+00 6.65458584e+00 4.66376543e-01
  1.38285720e+00 8.30790281e-01 4.97657686e-01 1.98704576e+00
  2.18533635e+00 1.78190732e+00 1.01134515e+00 1.89744115e-01
  4.75103283e+00 3.02555803e-02 1.79842389e+00 1.34827518e+00
  2.70710260e-01 5.67919683e+00 1.73658967e+00 1.80158687e+00
  6.30267859e-01 9.12122309e-01 4.52765435e-01 1.41386664e+00
  3.65366387e+00 1.65516913e+00 4.47282696e+00 2.32986069e+00
  4.00936079e+00 8.28135872e+00 5.54794931e+00 2.68275785e+00
  1.59951106e-01 3.07670569e+00 1.06441641e+00 1.53426424e-01
  6.69089413e+00 5.74933243e+00 4.54593134e+00 1.37156594e+00
  4.41533417e-01 2.81356901e-01 1.01042461e+00 2.53644586e+00
  2.94699878e-01 5.01483858e-01 0.00000000e+00 1.11818981e+00
  7.38915205e-02 9.05006707e-01 1.71415317e+00 1.93712008e+00
  0.00000000e+00 6.13774776e-01 1.31201134e+01 4.20038033e+00
  2.25103045e+00 1.56000778e-01 5.00560808e+00 2.75250030e+00
  0.00000000e+00 7.79056013e-01 3.55344534e-01 2.54319072e+00
  1.21047270e+00 8.57958138e-01 0.00000000e+00 2.13228846e+00
  0.00000000e+00 4.12447739e+00 1.49700999e-01 8.66968513e-01
  1.44518685e+00 3.53040427e-01 3.42119366e-01 5.99065959e-01
  4.16261882e-01 6.63755000e-01 0.00000000e+00 1.97819877e+00
  1.76273704e+00 1.95669878e+00 8.88003922e+00 3.46121025e+00
  3.15942645e-01 2.03685474e+00 4.07186031e-01 7.44245243e+00
  1.45099854e+00 2.36713201e-01 5.17832375e+00 8.58539492e-02
  1.27057266e+00 5.73320687e-01 8.09332561e+00 1.77148923e-01
  6.57447278e-01 6.12822866e+00 2.22852397e+00 1.64609265e+00
  7.82249868e-02 3.06241345e+00 4.39040661e-01 2.69663781e-01
  5.30847073e-01 0.00000000e+00 2.61935711e+00 1.82329610e-01
  1.67719793e+00 0.00000000e+00 2.89607358e+00 8.57291579e-01
  8.87066603e-01 9.77176726e-01 2.48863053e+00 5.58874190e-01
  9.17536855e-01 1.60312140e+00 1.73416793e+00 9.04976654e+00
  1.12090468e+00 1.91259909e+00 3.89083862e+00 1.69752741e+00
  2.34142828e+00 1.35560215e-01 0.00000000e+00 1.41854480e-01
  9.32963562e+00 4.13516909e-01 6.07744884e+00 2.93037844e+00
  1.17726839e+00 9.65083897e-01 7.53946495e+00 2.12482572e+00
  9.32041705e-01 2.21068397e-01 5.29702425e+00 1.99940395e+00]]