[[1.51131833e+00 1.44028962e-01 0.00000000e+00 1.14017594e+00
  9.39374626e-01 1.19961834e+00 3.89848924e+00 6.46989226e-01
  1.25475013e+00 2.18880892e+00 3.43816805e+00 6.15777552e-01
  2.77661562e+00 1.06533270e+01 2.80637002e+00 3.39479494e+00
  1.34747075e-02 1.04472435e+00 3.62240762e-01 5.05831432e+00
  7.12377846e-01 4.52224091e-02 4.75211054e-01 2.53704309e+00
  2.11997151e+00 3.39095974e+00 1.59330815e-02 8.81655574e-01
  4.18465257e-01 1.50266576e+00 9.43891644e-01 6.78165376e-01
  1.64784789e+00 3.39313555e+00 6.70230389e-01 1.82701123e+00
  1.30338907e+00 9.64000762e-01 6.58720922e+00 4.08976555e+00
  2.08048940e+00 2.54309607e+00 1.32832658e+00 1.26737046e+00
  0.00000000e+00 5.48953438e+00 4.01728988e-01 1.19647586e+00
  9.46329772e-01 8.50849092e-01 1.05926789e-01 1.08509457e+00
  1.24992454e+00 4.38619345e-01 2.24263382e+00 4.27420378e-01
  2.05409217e+00 4.72520053e-01 1.16093981e+00 0.00000000e+00
  2.04500389e+00 4.27135992e+00 3.28288341e+00 1.11803770e+00
  1.24725580e+00 1.24926434e+01 4.80138987e-01 3.18890548e+00
  1.20003259e+00 7.23758712e-02 6.48363256e+00 3.05612111e+00
  3.75143558e-01 9.09233475e+00 1.53229737e+00 1.58241796e+00
  1.98673293e-01 6.01508021e-01 0.00000000e+00 4.62701917e-01
  5.03696966e+00 2.18977880e+00 1.94627643e+00 2.51380849e+00
  0.00000000e+00 7.98271465e+00 1.96535170e+00 2.40016985e+00
  3.74467894e-02 0.00000000e+00 2.13198733e+00 2.70642805e+00
  2.42707580e-01 1.04549058e-01 9.40012455e-01 4.47801888e-01
  1.72277689e+00 1.56913865e+00 2.97015572e+00 4.62930584e+00
  3.12412786e+00 1.77488291e+00 5.71530294e+00 3.46140575e+00
  2.35073376e+00 0.00000000e+00 1.37428331e+00 1.28138769e+00
  8.23367119e-01 8.62948120e-01 3.57412910e+00 1.36290824e+00
  3.59236784e-02 1.89719284e+00 9.26179409e-01 4.07123327e-01
  1.42598557e+00 3.24281240e+00 1.36728272e-01 1.93558788e+00
  7.28875458e-01 2.32451701e+00 6.73719466e-01 1.00291395e+00
  2.40561628e+00 9.86749902e-02 7.12326527e-01 0.00000000e+00
  6.95577323e-01 1.39091253e+01 2.78398126e-01 1.09342515e+00
  4.18935251e+00 1.76689792e+00 7.66225234e-02 2.92057204e+00
  6.20532572e-01 1.19677114e+00 6.46186948e-01 1.06882262e+00
  1.96928769e-01 6.09750152e-01 0.00000000e+00 2.24670243e+00
  3.80707312e+00 1.36071050e+00 5.64777851e-01 0.00000000e+00
  2.12142184e-01 1.01178095e-01 2.34084651e-01 5.07595778e-01
  9.23202574e-01 8.28049183e+00 0.00000000e+00 0.00000000e+00
  1.02945411e+00 3.41181159e-01 6.76403046e+00 4.82776070e+00
  4.51963663e+00 3.09077764e+00 1.72610116e+00 6.92769110e-01
  3.60029101e-01 1.74996245e+00 2.58598775e-01 5.25608158e+00
  3.12093556e-01 8.10416877e-01 3.52725124e+00 1.27647662e+00
  9.46699524e+00 6.78520918e+00 1.85802770e+00 5.41921854e+00
  1.52694666e+00 2.77647432e-02 7.59715319e+00 1.32522750e+00
  3.65593481e+00 6.58455119e-02 2.67389107e+00 4.42483239e-02
  1.48958147e+00 1.48701239e+00 1.40090060e+00 1.29378915e+00
  1.49536097e+00 7.58468449e-01 5.32193661e+00 4.69697043e-02
  1.92655660e-02 4.28434801e+00 3.60312843e+00 2.18340349e+00
  2.27090764e+00 2.30847430e+00 6.02676332e-01 1.03117645e+00
  1.90536177e+00 5.83395772e-02 6.62322789e-02 1.10470545e+00
  1.08611465e+00 2.17676663e+00 2.15741777e+00 2.73839188e+00
  2.83983555e-02 2.56053329e+00 6.63785994e-01 1.56747234e+00
  2.86803752e-01 5.94733286e+00 1.11957085e+00 3.08671546e+00
  4.80637074e+00 2.39547968e+00 1.33553815e+00 2.04216719e+00
  2.01740898e-02 4.49490976e+00 9.26056290e+00 2.39920831e+00
  3.36027116e-01 4.11191988e+00 5.50658417e+00 3.11174512e+00
  3.32580090e-01 2.47194028e+00 2.50177288e+00 1.54415691e+00
  4.86060715e+00 5.67277908e+00 2.69011545e+00 7.97336519e-01
  1.81744957e+00 6.95268822e+00 8.40790793e-02 1.10215263e+01
  1.91012168e+00 0.00000000e+00 3.58165407e+00 2.27512097e+00
  1.88749349e+00 4.30603647e+00 1.45448656e+01 5.08331716e-01
  6.95018959e+00 1.13635767e+00 1.45520794e+00 6.25469732e+00
  1.88620365e+00 5.14012098e+00 2.34932232e+00 0.00000000e+00
  1.34761000e+00 1.84690738e+00 1.72992861e+00 4.56735492e-01
  5.19503057e-01 4.92867291e-01 0.00000000e+00 2.04346251e+00
  2.02020097e+00 2.37904119e+00 6.77130818e-02 2.35443449e+00
  7.38170528e+00 1.60991919e+00 1.66879725e+00 2.15614900e-01
  7.02522373e+00 1.20835531e+00 0.00000000e+00 7.90578365e-01
  7.44323778e+00 1.36569929e+00 0.00000000e+00 2.16946483e+00
  5.15998173e+00 8.92865241e-01 4.19222879e+00 6.59794688e-01
  2.31904879e-01 1.23471856e+00 1.59109604e+00 3.00239182e+00
  3.34975982e+00 4.93934584e+00 5.81576377e-02 1.57407582e+00
  2.31107163e+00 1.92786169e+00 3.21088290e+00 3.07820058e+00
  1.70061678e-01 1.69672474e-01 0.00000000e+00 0.00000000e+00
  2.04542375e+00 2.54646921e+00 7.32057428e+00 7.30073273e-01
  5.73622179e+00 5.03663921e+00 1.25588968e-01 2.00541496e+00
  7.67986774e-01 0.00000000e+00 1.84102595e+00 1.63606107e+00
  1.49826038e+00 8.42646062e-01 5.89697301e-01 1.65227190e-01
  1.05501318e+00 5.40364742e+00 9.55287933e-01 1.36395991e+00
  1.19652414e+00 1.79120851e+00 1.71869695e+00 6.63094521e-01
  1.15505707e+00 4.49067354e-01 1.81014490e+00 0.00000000e+00
  1.42670600e-02 2.50186563e-01 0.00000000e+00 4.72669077e+00
  1.27815723e+00 2.76659775e+00 2.07612610e+00 2.86322117e+00
  1.82746840e+00 5.59855700e+00 1.23737454e+00 2.61018944e+00
  2.79173292e-02 5.28826237e-01 7.42792940e+00 2.27410769e+00
  2.36608839e+00 3.92441988e+00 8.35062921e-01 0.00000000e+00
  1.37380004e+00 3.67955536e-01 1.81395578e+00 2.29625806e-01
  8.38864386e-01 4.61416388e+00 5.95981836e+00 8.44047125e-03
  7.38609493e-01 2.45167923e+00 1.83460450e+00 1.04397207e-01
  4.13226223e+00 0.00000000e+00 7.32109010e-01 8.94904613e-01
  8.66038895e+00 2.62211800e+00 6.29381561e+00 2.24965066e-02
  9.39619660e-01 1.92906749e+00 1.12899140e-01 7.92906463e-01
  1.62369680e+00 1.80669105e+00 2.45101142e+00 1.84070230e+00
  5.28199863e+00 6.04429293e+00 4.74662781e-02 6.31970072e+00
  7.63726807e+00 2.55333692e-01 2.34054518e+00 1.64596558e+00
  0.00000000e+00 1.04631293e+00 1.03424740e+00 1.26910102e+00
  4.07643229e-01 3.19280481e+00 5.12230825e+00 1.81372774e+00
  1.94689190e+00 9.26214814e-01 5.92457131e-02 4.46943331e+00
  1.54126632e+00 1.92108512e+00 6.24280512e-01 2.73100644e-01
  2.37366486e+00 3.65300536e-01 7.16664970e-01 6.28718662e+00
  4.44273204e-01 3.08909035e+00 0.00000000e+00 2.42674708e+00
  6.90209627e-01 3.65682095e-01 4.05087137e+00 7.68100202e-01
  1.28839064e+00 4.37037647e-01 3.39067674e+00 0.00000000e+00
  7.46353984e-01 2.45356226e+00 1.60528436e-01 1.69068193e+00
  3.06900549e+00 1.70466805e+00 9.87901390e-01 1.26456060e+01
  2.06467676e+00 2.78585434e+00 2.20437789e+00 6.28069735e+00
  1.49405265e+00 1.37955785e-01 8.25382054e-01 2.82232571e+00
  3.26238227e+00 2.34097409e+00 0.00000000e+00 6.03132963e+00
  7.46645093e-01 4.78974789e-01 1.35142803e+00 2.26917434e+00
  1.99242547e-01 6.83624327e-01 8.78126740e-01 1.84076518e-01
  8.01907503e-04 1.86642213e-03 1.93238580e+00 2.19956136e+00
  1.09234262e+00 4.32015508e-01 9.66975331e-01 2.86421394e+00
  7.66568065e-01 4.60998058e+00 4.70263481e+00 4.01694059e+00
  9.48596096e+00 7.59794891e-01 6.34557486e+00 1.14405859e+00
  6.81861877e-01 4.13497686e+00 9.99309793e-02 1.73746097e+00
  2.01974607e+00 2.39611888e+00 1.78050976e-02 1.04294598e+00
  4.42657804e+00 3.94207859e+00 2.80480552e+00 3.09088230e+00
  1.59566373e-01 1.24321423e+01 2.50583124e+00 2.98390603e+00
  3.62229556e-01 5.42597294e-01 2.08937860e+00 0.00000000e+00
  1.46699727e+00 1.49773569e+01 2.97885609e+00 9.27999079e-01
  2.65762173e-02 2.51979977e-01 6.80070257e+00 1.24593139e+00
  4.35429603e-01 0.00000000e+00 1.39709795e+00 2.34473443e+00
  5.88020468e+00 1.78317761e+00 1.07521221e-01 2.77899671e+00
  2.27034235e+00 6.51560831e+00 1.24267185e+00 1.66312158e+00
  3.96808815e+00 9.46614504e-01 1.70873344e+00 1.69692826e+00
  1.84880304e+00 1.22700930e+00 7.69486761e+00 2.89001703e+00
  6.76136613e-01 3.12933117e-01 5.28298140e+00 2.21504426e+00]]