[[6.54015362e-01 1.74759126e+00 1.31160343e+00 0.00000000e+00
  7.58015752e-01 8.08073044e+00 5.47105360e+00 0.00000000e+00
  1.45969212e-01 1.55768871e+00 1.82605195e+00 1.89258337e+00
  2.30736792e-01 2.96427894e+00 0.00000000e+00 1.20129895e+00
  7.46149644e-02 2.62477303e+00 8.26771557e-01 2.33711934e+00
  4.86782026e+00 6.43065453e+00 2.64227700e+00 1.01272970e-01
  1.48096752e+00 7.68167973e+00 2.55077791e+00 0.00000000e+00
  5.92249155e+00 0.00000000e+00 8.12047068e-03 4.05467510e+00
  1.99064231e+00 5.25867033e+00 1.21524535e-01 4.56346989e+00
  7.24696922e+00 2.35056326e-01 1.08834200e+01 2.99400353e+00
  5.10639286e+00 1.19717646e+00 1.25840914e+00 5.37698925e-01
  0.00000000e+00 4.86749023e-01 2.86595845e+00 3.86257958e+00
  3.53497529e+00 8.59168589e-01 1.31517008e-01 9.88016486e-01
  2.45032217e-02 3.61695029e-02 2.06569648e+00 1.20282614e+00
  4.79618740e+00 3.44063312e-01 3.53176045e+00 1.82838750e+00
  2.98137367e-01 2.70492029e+00 8.85052109e+00 7.36996412e+00
  1.55388546e+00 1.25556159e+00 7.43985057e-01 7.17631149e+00
  4.90664899e-01 4.28375721e+00 7.22053051e+00 4.00500727e+00
  0.00000000e+00 4.48182583e+00 1.52779329e+00 2.44739866e+00
  4.65446740e-01 0.00000000e+00 2.00113416e+00 0.00000000e+00
  1.13527715e-01 3.96591592e+00 4.51785469e+00 8.86868298e-01
  6.99550569e-01 3.53604746e+00 2.52764702e-01 8.55369121e-03
  1.56898007e-01 0.00000000e+00 4.59723473e+00 5.82259369e+00
  5.12122679e+00 6.25101268e-01 2.24557352e+00 8.83689165e-01
  1.24703312e+00 1.67656231e+00 6.04247987e-01 1.90185094e+00
  7.51115441e-01 4.59845334e-01 7.70498228e+00 3.10114717e+00
  2.79314947e+00 8.87032604e+00 1.51034459e-01 1.19853839e-01
  1.12489462e+00 3.38312060e-01 9.51671064e-01 3.43500137e+00
  0.00000000e+00 5.14225626e+00 4.66535330e-01 6.72897045e-03
  3.81401753e+00 2.37974405e+00 5.84694088e-01 2.31129289e-01
  6.03769183e-01 0.00000000e+00 1.00853717e+00 4.23860931e+00
  3.09486508e+00 7.63620019e-01 4.55428690e-01 0.00000000e+00
  3.42243528e+00 6.93652487e+00 4.59998369e-01 8.74444127e-01
  2.25020361e+00 1.45090902e+00 2.39749596e-01 4.35948938e-01
  0.00000000e+00 4.81311989e+00 6.64259624e+00 1.25010085e+00
  4.40910769e+00 6.59154236e-01 2.75543422e-01 2.75249934e+00
  2.99055648e+00 2.16160715e-01 2.03225017e-01 0.00000000e+00
  6.22587979e-01 1.54556441e+00 0.00000000e+00 1.90143847e+00
  3.69847447e-01 0.00000000e+00 9.86140192e-01 2.21056625e-01
  9.14178967e-01 4.38713932e+00 3.09416473e-01 1.97383475e+00
  6.36997759e-01 5.14392376e-01 1.14058435e+00 7.55471885e-01
  2.92550087e+00 6.24070883e+00 0.00000000e+00 1.82302487e+00
  3.22010636e+00 6.03883028e+00 7.26562262e+00 2.22913289e+00
  2.83058643e+00 2.08305836e+00 2.32826281e+00 5.08046865e+00
  5.32941055e+00 2.04552293e+00 1.66110687e+01 9.36532915e-01
  2.77143717e-01 0.00000000e+00 5.93362761e+00 0.00000000e+00
  7.53349006e-01 1.21152353e+00 3.15264058e+00 4.67607528e-01
  8.16927075e-01 7.93141663e-01 3.19456577e+00 2.72676706e-01
  2.83445511e-03 8.30201817e+00 2.69093323e+00 4.80877846e-01
  1.62027228e+00 1.70179844e+00 0.00000000e+00 4.22528696e+00
  1.07212496e+00 1.41990447e+00 3.83382225e+00 2.23353371e-01
  9.84049812e-02 2.17010736e+00 2.86582649e-01 9.66621637e-01
  2.00454831e+00 9.70456123e+00 2.44707870e+00 4.34770870e+00
  2.73327500e-01 4.22193146e+00 8.90213490e-01 2.48065758e+00
  3.42052370e-01 9.20232892e-01 3.21760923e-01 1.49120772e+00
  4.92810667e-01 9.03257942e+00 1.07172048e+00 3.25141716e+00
  2.81726980e+00 1.47217095e+00 3.06326034e-03 1.12597108e+00
  0.00000000e+00 1.45559347e+00 1.89874876e+00 4.80698776e+00
  1.63391709e+00 5.42570877e+00 3.24926996e+00 1.54324257e+00
  2.95671725e+00 6.58761215e+00 2.63654494e+00 1.73052263e+00
  9.93342340e-01 1.22676766e+00 1.74268138e+00 3.67671013e+00
  2.81838465e+00 1.02730551e+01 1.01608257e+01 1.34932041e+00
  5.72881460e+00 8.85122204e+00 9.55603027e+00 1.71817935e+00
  1.40708148e+00 4.10930014e+00 5.58730841e-01 0.00000000e+00
  2.57414818e+00 6.42331123e+00 6.76311636e+00 1.62726951e+00
  4.37863922e+00 0.00000000e+00 0.00000000e+00 1.19263805e-01
  2.87392354e+00 2.58312762e-01 3.42487764e+00 0.00000000e+00
  4.35245848e+00 8.89689863e-01 5.28818512e+00 0.00000000e+00
  0.00000000e+00 4.53648138e+00 2.58090887e-02 3.88366413e+00
  3.89909697e+00 5.41324317e-01 0.00000000e+00 1.54573429e+00
  3.25503254e+00 5.23461056e+00 2.91369557e+00 1.66274071e+00
  5.85583544e+00 0.00000000e+00 2.29150105e+00 1.11593521e+00
  3.35784984e+00 3.11750150e+00 0.00000000e+00 7.09365308e-01
  1.02616644e+01 3.41162920e+00 2.43629456e+00 4.99252701e+00
  6.30449116e-01 2.64909697e+00 3.44273973e+00 0.00000000e+00
  3.83750129e+00 3.00100017e+00 3.96257496e+00 2.84586139e-02
  8.82216156e-01 4.97472346e-01 7.55478954e+00 1.03614092e+00
  1.78273726e+00 4.95497644e-01 3.75861621e+00 1.75491735e-01
  2.42551255e+00 2.57508707e+00 6.29191065e+00 0.00000000e+00
  1.23693573e+00 3.60669565e+00 1.16460812e+00 5.75349666e-02
  6.11837916e-02 1.29754934e+01 7.61966991e+00 2.50647449e+00
  2.17792802e-02 8.82021308e-01 7.44622135e+00 6.75840769e-03
  1.43244576e+00 1.04811049e+00 1.09903049e+00 3.63203335e+00
  5.54576814e-01 5.11131100e-02 4.13941860e+00 9.26979828e+00
  6.13709736e+00 2.05802464e+00 4.56748915e+00 4.47848511e+00
  6.12786245e+00 1.74111569e+00 1.89378440e-01 1.03834555e-01
  2.78192949e+00 1.63639021e+00 1.77826369e+00 5.11333831e-02
  9.16711330e-01 3.64962459e+00 1.71518371e-01 1.56409967e+00
  2.23932400e-01 4.15392828e+00 1.17547894e+00 1.72084883e-01
  7.91171551e-01 1.14624109e+01 4.27590036e+00 8.04152191e-02
  4.32387829e+00 0.00000000e+00 2.81658459e+00 7.46483517e+00
  6.40939569e+00 1.80540621e+00 9.40024757e+00 3.15012288e+00
  2.56040812e-01 2.36443448e+00 0.00000000e+00 0.00000000e+00
  7.14443588e+00 3.20585608e-01 2.23342276e+00 9.69868183e-01
  1.33023798e+00 3.52648044e+00 0.00000000e+00 9.97375298e+00
  1.45705366e+01 4.89931726e+00 0.00000000e+00 1.28023136e+00
  5.18128395e+00 4.50407296e-01 1.48899341e+00 4.75223631e-01
  1.07288527e+00 6.96185780e+00 1.68770766e+00 5.26416063e+00
  4.24468374e+00 4.55791903e+00 0.00000000e+00 4.47637081e+00
  6.61258101e-01 4.02239990e+00 4.30123329e+00 1.50426996e+00
  1.57151902e+00 9.89122009e+00 6.83174610e+00 6.50150299e+00
  6.55192471e+00 1.00831795e+00 0.00000000e+00 5.90002060e-01
  1.02930174e+01 2.56859183e+00 1.61512160e+00 5.57325065e-01
  0.00000000e+00 0.00000000e+00 6.30862284e+00 2.43692636e+00
  2.95652366e+00 9.85767692e-02 1.51563525e+00 2.53330439e-01
  6.03367710e+00 6.13119407e-03 1.62999816e-02 6.81468105e+00
  2.60264492e+00 0.00000000e+00 2.03025770e+00 4.84306908e+00
  0.00000000e+00 0.00000000e+00 1.56133860e-01 2.04823589e+00
  1.35122805e+01 3.47122359e+00 7.38970935e-01 9.35109138e+00
  1.33606732e+00 1.39464867e+00 0.00000000e+00 6.32659495e-01
  0.00000000e+00 0.00000000e+00 7.04539716e-01 7.96576166e+00
  2.89598489e+00 1.59766033e-01 4.03973007e+00 2.70389080e+00
  8.24649096e-01 1.46588888e-02 3.20433259e-01 1.88281333e+00
  8.70121479e-01 6.87531137e+00 4.67892075e+00 0.00000000e+00
  2.87360620e+00 2.94478178e+00 6.30996287e-01 2.19782686e+00
  5.62715292e+00 1.31392920e+00 1.68986189e+00 1.34762168e+00
  1.53420913e+00 6.28005922e-01 1.65546775e+00 1.87860203e+00
  5.30878448e+00 3.58342081e-01 1.97487068e+00 8.80841464e-02
  1.03132212e+00 1.09157348e+00 0.00000000e+00 2.66659260e+00
  0.00000000e+00 2.87982202e+00 0.00000000e+00 0.00000000e+00
  2.93961674e-01 2.60495186e+00 1.14606094e+00 5.88575602e+00
  2.31546722e-02 4.85875702e+00 5.12615517e-02 6.49617970e-01
  1.01506102e+00 0.00000000e+00 9.85437095e-01 3.96106482e-01
  0.00000000e+00 3.77043653e+00 2.60789013e+00 1.52540013e-01
  4.56387854e+00 1.16732740e+01 1.65722084e+00 9.65611041e-01
  8.16353226e+00 1.64910769e+00 8.77504647e-01 2.78511375e-01
  4.43816662e+00 1.84072101e+00 4.66829205e+00 3.64233637e+00
  9.51868355e-01 1.70847762e+00 2.40397215e+00 2.05745149e+00]]