[[7.6808110e-02 8.7605131e-01 2.8277321e+00 0.0000000e+00 3.6655853e+00
  6.5950375e+00 7.1020770e+00 0.0000000e+00 6.6125357e-01 1.2364575e+00
  1.6688954e+00 1.2099198e+00 1.1926455e+00 0.0000000e+00 6.9045711e-01
  5.6725711e-01 5.8467603e-01 1.6742742e+00 4.6395802e-01 4.0890746e+00
  4.8441200e+00 4.3075328e+00 1.2163359e+00 1.3722530e-01 9.0385568e-01
  9.0119743e+00 6.1204014e+00 2.1808280e-01 3.4557085e+00 0.0000000e+00
  1.6015874e-01 2.8320997e+00 3.5373777e-01 7.1851854e+00 2.2804733e-01
  6.0871844e+00 1.0937203e+01 1.7508356e-01 1.4340121e+01 5.6497657e-01
  1.1220138e+01 2.7504939e-01 7.9012656e-01 1.4828873e-01 5.0501043e-01
  1.2960365e-01 6.4264398e+00 1.9365331e+00 1.6602443e+00 2.6317375e+00
  8.8463598e-01 4.8559874e-01 7.6874055e-02 2.6022747e-01 9.6935296e-01
  1.4469832e+00 3.5444787e+00 2.1819661e+00 5.4082718e+00 3.3876166e-01
  8.7795478e-01 6.9284713e-01 3.4578133e+00 9.2847834e+00 8.7330425e-01
  1.3370836e+00 3.9512542e-01 2.5570796e+00 7.4837935e-01 8.3695674e-01
  2.2563412e+00 4.5298276e+00 0.0000000e+00 3.9821322e+00 1.6919414e+00
  1.4065474e+00 9.9578124e-01 1.1990439e-01 4.3839046e-01 1.8642094e-03
  1.1580166e+00 1.9272453e+00 2.6587758e+00 1.2504206e+00 3.1598082e-01
  2.3732593e+00 4.3495026e-01 3.7590030e-01 1.2520155e+00 0.0000000e+00
  5.4292688e+00 7.4587789e+00 2.7879741e+00 5.3907210e-01 4.2319769e-01
  7.1444398e-01 8.4075743e-01 2.9360495e+00 2.0265582e+00 5.1510878e+00
  6.4969355e-01 9.5780236e-01 9.4403181e+00 6.4231324e+00 3.9939755e-01
  1.4035525e+01 5.6084365e-01 0.0000000e+00 6.3150197e-01 0.0000000e+00
  6.0791426e+00 3.3198342e+00 3.7723269e-02 7.2460570e+00 4.2652076e-01
  0.0000000e+00 2.7593391e+00 1.3425988e+00 2.4634916e-01 9.4631863e-01
  1.5551184e-01 3.5205993e-01 1.2729280e+00 6.8953133e+00 1.7275476e+00
  1.4858687e+00 1.9534473e+00 0.0000000e+00 5.4035621e+00 1.0207109e+01
  4.2233400e-02 2.3944545e-01 1.4677765e+00 3.7320492e-01 6.3816023e-01
  1.0531092e+00 2.1128125e-01 3.3642211e+00 2.4707928e+00 9.9322492e-01
  1.1482130e+00 0.0000000e+00 2.3109290e-01 9.0055170e+00 7.4477944e+00
  3.1842688e-01 8.3772963e-01 0.0000000e+00 4.0814337e-01 1.0599943e+00
  0.0000000e+00 1.2333332e+00 4.7246400e-01 0.0000000e+00 9.1514361e-01
  1.2018732e-01 1.5135925e+00 3.9951708e+00 8.7947376e-02 5.3894055e-01
  1.9958854e+00 2.4964881e-01 2.9315164e+00 2.1926501e+00 9.9954576e+00
  8.9531059e+00 0.0000000e+00 8.3745594e+00 1.4587590e+00 4.1569328e+00
  9.3641634e+00 4.9606502e-01 4.4788465e+00 2.8454151e+00 7.0740074e-01
  7.4906225e+00 4.4849870e-01 2.2206423e+00 6.7192178e+00 2.0161695e+00
  0.0000000e+00 0.0000000e+00 5.2309284e+00 1.2126268e-01 2.0770514e-01
  1.6737530e+00 6.6624813e+00 2.2193578e-01 7.3687214e-01 7.2352821e-01
  1.3102509e+00 0.0000000e+00 1.0783515e+00 1.6761244e+01 4.2433805e+00
  4.1826625e+00 1.0582580e-01 1.9152293e+00 0.0000000e+00 3.1336193e+00
  6.1078602e-01 0.0000000e+00 3.4792318e+00 9.0150493e-01 2.8239932e+00
  2.1943946e+00 0.0000000e+00 5.2804798e-01 3.0736034e+00 3.8222120e+00
  2.5662572e+00 2.3115518e+00 0.0000000e+00 3.8043072e+00 2.3460910e-01
  1.1117134e+00 1.4812522e+00 2.7915993e+00 2.2772596e+00 1.3339391e+00
  0.0000000e+00 1.0906099e+01 0.0000000e+00 4.5272026e+00 2.5597389e+00
  2.0020373e+00 4.5182320e-01 2.5637984e-01 8.8366300e-01 1.1578113e+00
  1.5019883e+00 2.2050331e+00 2.2161324e+00 5.0033321e+00 2.0789194e+00
  1.4196742e+00 3.7887092e+00 6.6621232e+00 1.8085542e+00 5.5468160e-01
  6.0310116e+00 6.1372977e-01 8.5741729e-01 6.8502660e+00 1.9395064e+00
  6.3637147e+00 1.4117689e+01 3.0720308e-01 2.2057541e-01 1.1614567e+01
  7.0747089e+00 1.3803358e+00 1.1959258e+00 1.0544128e+00 1.4399006e+00
  0.0000000e+00 7.4551553e-01 1.0125030e+01 3.8853416e+00 1.4651673e+00
  2.8171990e+00 0.0000000e+00 0.0000000e+00 1.8104945e+00 2.3861692e+00
  1.7314095e+00 5.5391669e+00 1.0067873e+00 7.4596977e+00 0.0000000e+00
  8.0640860e+00 0.0000000e+00 2.6682684e-01 5.2300496e+00 2.5755459e-02
  4.9729958e+00 7.6317525e+00 1.4275130e+00 2.3320098e-01 7.3732352e-01
  3.7178476e+00 4.3800411e+00 2.7882633e+00 2.2650566e+00 4.5051694e+00
  0.0000000e+00 1.1816074e+00 8.7226874e-01 3.9585049e+00 1.8198691e-01
  0.0000000e+00 4.7926888e-01 3.7857077e+00 2.5476544e+00 1.8828059e+00
  3.1205981e+00 1.3530751e-01 1.7398205e+00 1.7284369e+00 1.6909784e-01
  7.5322313e+00 1.4588912e+00 3.1844153e+00 5.6549811e-01 1.4015213e-01
  2.6442270e+00 7.6052690e+00 6.7202914e-01 1.9811865e+00 0.0000000e+00
  3.7388928e+00 5.1691926e-01 8.8251930e-01 1.0463258e+00 3.0035331e+00
  0.0000000e+00 4.1586471e+00 6.8129950e+00 2.6015928e+00 1.5718187e+00
  3.5382152e+00 6.7682920e+00 4.9835992e+00 1.7234290e+00 4.8618239e-01
  2.0568967e-01 9.8631887e+00 9.1447629e-02 4.9672648e-01 4.0389693e-01
  1.0095443e+00 3.4939363e+00 4.4986111e-01 1.5375911e-01 5.7613029e+00
  4.0046206e+00 5.6502748e+00 4.9111881e+00 3.5408711e+00 1.3945220e+00
  3.3853071e+00 6.3886040e-01 8.4431991e-02 9.5173502e-01 2.0813515e+00
  2.0403414e+00 1.9138997e+00 4.5068195e-01 3.3818108e-01 4.3395510e+00
  9.1783702e-01 1.3531046e+00 3.0420949e+00 3.4981554e+00 1.2597588e-01
  3.2730512e-02 1.3169631e-01 1.4547277e+01 8.3823376e+00 3.8202962e-01
  0.0000000e+00 0.0000000e+00 3.3087506e+00 8.6141548e+00 3.8782022e+00
  7.4069953e-01 2.0550470e+01 4.8828740e+00 9.5270216e-02 6.7458615e+00
  0.0000000e+00 0.0000000e+00 8.1301308e+00 0.0000000e+00 3.0890653e-01
  7.9622597e-01 6.2688142e-01 5.5122991e+00 0.0000000e+00 6.4829440e+00
  6.8554001e+00 5.1506844e+00 7.2379164e-02 5.9919584e-01 9.5426760e+00
  0.0000000e+00 7.2106808e-01 1.2199754e+00 8.9552259e-01 2.8548830e+00
  1.1127404e+00 1.6144538e+00 2.6976411e+00 2.0964475e+00 9.6610618e-01
  1.6307458e+00 2.2073333e+00 1.3803928e+00 3.5018663e+00 2.7770753e+00
  8.2179022e-01 1.4971363e+01 8.3704418e-01 1.9618776e+01 5.7754149e+00
  0.0000000e+00 0.0000000e+00 9.9040145e-01 9.9234371e+00 9.2456251e-02
  5.1363182e+00 1.2314373e+00 9.9229090e-02 0.0000000e+00 7.9473429e+00
  6.2582922e-01 2.9247260e+00 0.0000000e+00 9.7810322e-01 1.9085562e+00
  1.4637254e+00 3.0038297e-01 3.4066327e-02 3.1907926e+00 2.4346654e+00
  1.2303638e-01 1.1325067e+00 2.5796669e+00 0.0000000e+00 0.0000000e+00
  1.6249490e+00 2.5544686e+00 1.3626202e+01 9.7722036e-01 3.6031237e-01
  2.6397016e+00 1.6882577e+00 9.2525226e-01 2.0431716e-02 8.4876812e-01
  4.2732871e-01 0.0000000e+00 9.5489597e-01 8.7434063e+00 2.4142485e+00
  9.6395874e-01 1.2441489e+00 2.7779422e+00 0.0000000e+00 0.0000000e+00
  1.4316782e+00 2.2454753e+00 1.2871610e-01 3.6609643e+00 4.0836563e+00
  2.3461545e-01 3.9036367e+00 3.2630136e+00 1.5943953e-01 1.0948627e+00
  5.1595016e+00 9.8940122e-01 3.8078767e-01 8.0923903e-01 1.4690017e+00
  3.2489422e-01 1.4250795e+00 6.3982701e-01 4.3138289e+00 1.7175431e+00
  3.0233991e+00 0.0000000e+00 3.5811384e+00 1.7860707e+00 1.0400947e-01
  3.0665305e+00 1.0476329e+00 1.2119309e+00 2.4240464e-02 0.0000000e+00
  1.4859991e+00 0.0000000e+00 1.8876371e+00 3.4665639e+00 0.0000000e+00
  6.7605495e+00 6.6055244e-01 9.3018419e-01 6.1165386e-01 0.0000000e+00
  3.0468881e+00 2.8819003e+00 1.4911404e-01 7.8507338e+00 1.4727657e+00
  1.2838134e+00 4.6490169e+00 5.7479792e+00 7.1284747e-01 6.3704342e-01
  1.0746521e+01 3.4155345e-01 2.5709658e+00 8.5378766e-01 3.0008211e+00
  1.6736823e+00 4.5649624e+00 8.9674395e-01 1.1803461e+00 8.5327381e-01
  1.7537621e+00 3.4749377e+00]]