[[1.14252043e+00 4.53513861e+00 5.67213893e-01 0.00000000e+00
  0.00000000e+00 1.32985725e+01 3.24740267e+00 8.16592026e+00
  2.72715539e-01 1.03510320e+00 5.09405255e-01 5.26978397e+00
  2.78265953e+00 6.67937565e+00 0.00000000e+00 4.14401913e+00
  3.34488332e-01 1.13198125e+00 3.18623877e+00 2.47129250e+00
  5.94356346e+00 1.10027227e+01 4.30836111e-01 0.00000000e+00
  2.06692624e+00 8.23594475e+00 6.29420996e-01 2.77934790e-01
  6.40605569e-01 0.00000000e+00 0.00000000e+00 4.48127651e+00
  9.65398371e-01 3.12874460e+00 0.00000000e+00 3.49894786e+00
  4.53002262e+00 1.27887055e-01 6.35713243e+00 8.96505642e+00
  8.39478397e+00 3.47386765e+00 1.73925436e+00 2.75063205e+00
  3.66683340e+00 1.54553041e-01 2.33814430e+00 3.39287221e-01
  4.14593458e+00 1.39567864e+00 2.63400763e-01 4.03319187e-02
  5.07782042e-01 5.79698420e+00 2.87681961e+00 5.59132814e-01
  3.27106047e+00 7.80263948e+00 8.53963733e-01 1.14884508e+00
  0.00000000e+00 7.57606804e-01 3.73724651e+00 6.34899044e+00
  4.47781944e+00 2.22798681e+00 4.01180792e+00 7.35301495e-01
  1.02792978e+00 3.48137903e+00 3.41936827e+00 8.06787387e-02
  1.25044778e-01 5.13717890e+00 3.74117804e+00 0.00000000e+00
  1.34915233e-01 1.55133212e+00 6.87208772e-01 2.83127618e+00
  0.00000000e+00 1.38680434e+00 3.11803555e+00 0.00000000e+00
  0.00000000e+00 4.70510340e+00 1.87574315e+00 1.53444529e+00
  3.52197766e+00 5.64859854e-03 5.30035734e-01 0.00000000e+00
  2.20749378e+00 5.18443763e-01 5.21136820e-01 0.00000000e+00
  4.70290899e-01 9.59100246e-01 4.28969002e+00 7.61145592e+00
  1.28511488e+00 1.72144270e+00 6.68929672e+00 7.10573912e+00
  0.00000000e+00 0.00000000e+00 3.39320332e-01 4.72613245e-01
  0.00000000e+00 0.00000000e+00 5.07029951e-01 3.28717685e+00
  2.39558201e-02 3.12004387e-01 6.99193096e+00 8.80505517e-02
  7.88214111e+00 1.19538498e+01 3.28741741e+00 2.31905508e+00
  0.00000000e+00 1.93091840e-01 8.12687337e-01 7.64287853e+00
  1.02691281e+00 2.31399775e+00 0.00000000e+00 0.00000000e+00
  8.71916175e-01 8.69922066e+00 7.41908252e-01 0.00000000e+00
  1.21091949e-02 2.39471450e-01 3.02822113e-01 6.25986147e+00
  0.00000000e+00 2.90149987e-01 4.62679195e+00 5.82843840e-01
  3.93047303e-01 3.45035702e-01 3.92110586e+00 5.75506210e+00
  7.75478423e-01 1.25589168e+00 1.48253834e+00 8.96338558e+00
  2.10404730e+00 4.20600355e-01 1.88934917e+01 1.69658744e+00
  1.94029784e+00 0.00000000e+00 1.31910956e+00 6.83722067e+00
  9.70010936e-01 5.71801901e+00 4.17956531e-01 1.37055862e+00
  3.44978482e-01 1.65782821e+00 3.85242224e+00 8.02042389e+00
  3.69892240e+00 2.56577897e+00 0.00000000e+00 8.92554283e+00
  1.14340866e+00 6.67149734e+00 0.00000000e+00 4.40332985e+00
  8.16737747e+00 1.93687034e+00 1.08440411e+00 3.99940658e+00
  0.00000000e+00 1.18203092e+00 6.89463091e+00 2.12664351e-01
  7.22523355e+00 9.38274115e-02 1.12063384e+00 1.36976779e+00
  2.96460241e-01 1.63493812e+00 8.13762093e+00 9.20819640e-01
  2.19390249e+00 1.16294146e+00 0.00000000e+00 0.00000000e+00
  5.55992365e-01 1.57998629e+01 1.66523695e+00 0.00000000e+00
  0.00000000e+00 1.63418865e+00 3.11284214e-01 1.76067901e+00
  1.21597672e+00 3.04037547e+00 3.43776494e-01 0.00000000e+00
  4.39363766e+00 1.23736393e+00 6.34413958e-01 7.95924127e-01
  1.58949339e+00 7.37153244e+00 2.72266126e+00 2.49018240e+00
  6.38398826e-01 4.12416935e+00 7.17000127e-01 0.00000000e+00
  0.00000000e+00 0.00000000e+00 2.12698609e-01 1.90354860e+00
  4.45639515e+00 7.44419813e+00 1.58239222e+00 1.33689120e-01
  2.22774076e+00 5.34885073e+00 3.61951105e-02 4.87048674e+00
  2.06073070e+00 3.94968152e+00 1.60117710e+00 1.76780105e+00
  1.46964169e+00 8.03690243e+00 1.51730990e+00 1.18386424e+00
  2.41651207e-01 6.27693319e+00 2.26114631e+00 8.42738673e-02
  3.92272800e-01 2.25940600e-01 3.55411720e+00 8.19826794e+00
  2.01283956e+00 5.59733534e+00 8.51484108e+00 4.85929511e-02
  3.62666559e+00 1.88124967e+00 8.90340710e+00 0.00000000e+00
  0.00000000e+00 2.82527494e+00 1.24858081e+00 7.73939192e-01
  3.59324694e-01 0.00000000e+00 1.06937246e+01 2.79369801e-01
  0.00000000e+00 1.66324556e-01 3.32537556e+00 2.17764676e-01
  6.95200205e+00 1.50677192e+00 6.08157682e+00 2.86059761e+00
  3.09646273e+00 9.08420801e-01 4.28772211e+00 3.72126639e-01
  2.44899988e+00 1.40060306e+00 3.57170403e-01 3.29623723e+00
  8.65864754e+00 3.50536436e-01 1.32434770e-01 5.00789738e+00
  9.67816257e+00 6.48411691e-01 1.53795452e+01 4.29912776e-01
  2.84806180e+00 1.14651129e-01 2.13006043e+00 6.18270896e-02
  4.15905428e+00 3.10269594e+00 4.28349674e-01 2.15141511e+00
  4.86749232e-01 4.27622509e+00 2.21225071e+00 1.34619284e+00
  2.85922432e+00 2.01778436e+00 7.82184780e-01 0.00000000e+00
  1.07457142e+01 1.48271012e+00 9.81937504e+00 1.46848333e+00
  2.36389562e-01 8.26230407e-01 4.05696106e+00 1.10996664e+00
  4.03310394e+00 3.88717437e+00 1.19857693e+00 2.02821469e+00
  3.58654231e-01 1.90262926e+00 3.14267182e+00 8.91112447e-01
  3.61471391e+00 1.30651054e+01 1.91954613e+00 3.19244075e+00
  2.75024414e+00 2.30966520e+00 1.07627983e+01 1.12896830e-01
  4.46026862e-01 9.43866253e-01 2.53644586e+00 0.00000000e+00
  0.00000000e+00 2.33750910e-01 1.81934550e-01 3.74416637e+00
  2.76114011e+00 3.44028682e-01 1.19084101e+01 1.56411147e+00
  6.50143385e-01 3.11078095e+00 2.77781057e+00 1.62618923e+00
  3.33981305e-01 0.00000000e+00 0.00000000e+00 6.97609723e-01
  1.03070879e+00 3.51554215e-01 2.15084791e+00 1.98820889e-01
  5.54083139e-02 2.27409825e-01 1.13022602e+00 1.50007343e+00
  0.00000000e+00 1.19827878e+00 9.77486730e-01 7.74924517e-01
  3.16167831e+00 1.25497265e+01 5.87162304e+00 2.23878241e+00
  5.81569481e+00 8.20244253e-01 7.30959129e+00 1.76876575e-01
  1.24543610e+01 4.98336124e+00 1.79895630e+01 7.08719850e-01
  0.00000000e+00 0.00000000e+00 5.38854957e-01 3.22354102e+00
  1.03124940e+00 0.00000000e+00 5.34020853e+00 6.35596848e+00
  3.41631198e+00 1.50257230e-01 0.00000000e+00 1.50105548e+00
  8.96026134e+00 1.41522968e+00 0.00000000e+00 3.40863371e+00
  6.28503036e+00 0.00000000e+00 7.62475014e+00 0.00000000e+00
  0.00000000e+00 4.90421391e+00 1.24873364e+00 4.61790830e-01
  4.80598736e+00 3.50855613e+00 0.00000000e+00 2.07720518e+00
  8.30545712e+00 3.33859420e+00 3.26110959e+00 6.01951504e+00
  4.52992821e+00 8.67648220e+00 2.73121524e+00 1.18497648e+01
  5.30609369e+00 3.82588595e-01 0.00000000e+00 3.47409058e+00
  2.83551550e+00 6.47368717e+00 6.31191206e+00 2.26500586e-01
  0.00000000e+00 0.00000000e+00 5.90205240e+00 7.23948896e-01
  0.00000000e+00 2.75381744e-01 6.47415042e-01 2.43444487e-01
  0.00000000e+00 6.04847744e-02 3.35353106e-01 5.08849382e+00
  1.08560097e+00 3.60250503e-01 1.22562897e+00 3.94171667e+00
  5.17579031e+00 0.00000000e+00 1.63645971e+00 4.47471112e-01
  2.37269993e+01 1.41737685e-01 6.06534624e+00 9.76119900e+00
  5.98645496e+00 9.66216743e-01 2.09395975e-01 5.90593100e-01
  9.83482450e-02 0.00000000e+00 4.84031725e+00 1.44354000e+01
  1.34766148e-02 0.00000000e+00 2.31391475e-01 4.09269762e+00
  0.00000000e+00 0.00000000e+00 6.82333565e+00 4.25314665e+00
  4.87817717e+00 1.09051666e+01 2.04056621e+00 3.95698977e+00
  3.85308218e+00 4.30070543e+00 7.65533507e-01 3.68079543e+00
  2.71334434e+00 1.94348484e-01 0.00000000e+00 4.14365530e-01
  9.52856636e+00 5.49948275e-01 1.30410123e+00 8.72756615e-02
  2.74891233e+00 0.00000000e+00 7.45030546e+00 0.00000000e+00
  1.70083773e+00 8.32007313e+00 0.00000000e+00 4.05438334e-01
  1.92694679e-01 1.16309774e+00 0.00000000e+00 4.80104864e-01
  0.00000000e+00 0.00000000e+00 5.79769468e+00 3.50931764e-01
  6.77389479e+00 5.08892441e+00 6.91849566e+00 0.00000000e+00
  3.48502183e+00 0.00000000e+00 2.15476608e+00 1.03991690e+01
  5.35567904e+00 9.81852150e+00 6.16418540e-01 7.06191480e-01
  0.00000000e+00 9.16215706e+00 1.45231164e+00 1.72282815e-01
  9.79874325e+00 5.49876839e-02 7.11277246e+00 1.20776129e+00
  2.56299591e+00 8.46845269e-01 1.01958141e+01 5.72641945e+00
  1.74655461e+00 4.89908844e-01 3.08340287e+00 2.98822641e+00]]