[[0.00000000e+00 2.80575323e+00 8.18431526e-02 0.00000000e+00
  5.11674106e-01 6.74655294e+00 5.08224773e+00 0.00000000e+00
  3.50620389e-01 2.20571470e+00 1.65541887e-01 1.87685859e+00
  6.09997213e-01 3.67619663e-01 0.00000000e+00 6.01646721e-01
  7.26795435e-01 1.57591000e-01 1.99315816e-01 5.10220098e+00
  1.00094223e+01 1.56840162e+01 8.57118517e-02 1.82668960e+00
  7.63073742e-01 8.29778576e+00 3.14816177e-01 3.58454490e+00
  2.22356737e-01 0.00000000e+00 0.00000000e+00 0.00000000e+00
  1.14494312e+00 4.36747169e+00 8.40230286e-01 7.59226274e+00
  4.78044224e+00 9.94072735e-01 5.52236700e+00 5.37000751e+00
  7.66532040e+00 1.00202227e+00 1.21046650e+00 3.47042418e+00
  3.39729071e+00 1.23946071e-01 1.49900854e+00 1.81595474e-01
  3.59751678e+00 5.81186414e-01 4.20256793e-01 2.53371930e+00
  8.38671625e-01 8.16908264e+00 3.00442314e+00 3.08097506e+00
  5.52491093e+00 4.51929855e+00 1.27215898e+00 3.19977045e-01
  2.25038841e-01 1.04562604e+00 4.50736713e+00 3.80049229e+00
  3.44449496e+00 3.02272344e+00 3.76621675e+00 2.26510048e+00
  2.68794596e-01 1.85016596e+00 2.32963085e+00 6.03097200e+00
  0.00000000e+00 5.11745596e+00 6.72682971e-02 0.00000000e+00
  1.04680228e+00 0.00000000e+00 6.59096181e-01 8.65777314e-01
  0.00000000e+00 6.48882294e+00 3.74849010e+00 0.00000000e+00
  3.33881497e-01 9.28213596e-01 3.30603659e-01 2.14915204e+00
  5.10108185e+00 0.00000000e+00 2.23136973e+00 4.47624803e-01
  4.01088327e-01 2.48767257e+00 6.90722346e-01 4.57144201e-01
  1.25977844e-02 6.82220042e-01 3.12227440e+00 7.77916908e+00
  1.33171904e+00 1.51787174e+00 7.01559067e+00 9.60113335e+00
  0.00000000e+00 1.91684806e+00 8.29981744e-01 2.21999383e+00
  0.00000000e+00 3.58515680e-01 8.95045519e-01 2.53278708e+00
  4.61007357e-01 1.10525093e+01 1.91190886e+00 1.38041481e-01
  4.25124264e+00 4.66267967e+00 0.00000000e+00 3.62337351e+00
  6.82011425e-01 2.24571490e+00 8.61829042e-01 3.92306399e+00
  3.18911552e+00 4.85475874e+00 8.59324336e-02 0.00000000e+00
  1.46062329e-01 1.21414185e+01 0.00000000e+00 1.03114750e-02
  7.02859449e+00 2.10578933e-01 1.05264485e-01 2.19347072e+00
  8.12751651e-02 0.00000000e+00 7.15273261e-01 1.11381063e+01
  6.78630292e-01 4.36880857e-01 1.91885769e+00 2.39898849e+00
  4.29175854e+00 4.08930111e+00 1.57829404e+00 1.52841580e+00
  3.31121176e-01 8.53926897e-01 1.10082998e+01 0.00000000e+00
  1.10634530e+00 2.32919827e-02 8.54082286e-01 5.90988100e-01
  2.95970052e-01 5.83223867e+00 0.00000000e+00 1.15071189e+00
  9.31211840e-03 2.65942067e-02 6.27967978e+00 1.45112693e+00
  2.21232653e+00 2.38738847e+00 4.28633951e-02 5.90605879e+00
  8.21023285e-01 4.06932211e+00 5.34805581e-02 3.75193310e+00
  1.12805052e+01 2.41694117e+00 2.04648256e-01 1.32284150e-01
  2.01752454e-01 0.00000000e+00 6.80993700e+00 1.82896411e+00
  6.46888351e+00 0.00000000e+00 4.32402849e+00 7.50396013e-01
  1.31698251e-01 8.93701613e-01 3.41884494e+00 0.00000000e+00
  5.00254440e+00 2.74005294e-01 2.42128873e+00 0.00000000e+00
  0.00000000e+00 1.02668743e+01 8.24618220e-01 0.00000000e+00
  0.00000000e+00 6.40295553e+00 4.34822403e-02 3.41592550e-01
  2.24996972e+00 4.49988222e+00 0.00000000e+00 2.98421741e+00
  5.85382557e+00 1.22737265e+00 0.00000000e+00 9.35218513e-01
  2.41580129e-01 1.59135571e+01 1.41879928e+00 4.68330920e-01
  0.00000000e+00 4.69997025e+00 0.00000000e+00 0.00000000e+00
  0.00000000e+00 0.00000000e+00 1.57159954e-01 2.01122379e+00
  2.62563133e+00 8.70502663e+00 9.34332490e-01 0.00000000e+00
  0.00000000e+00 1.01888466e+01 2.73698896e-01 5.27838111e-01
  9.51069593e-02 1.98573694e-01 1.36819765e-01 4.31021357e+00
  2.15010822e-01 7.13657665e+00 1.03046715e+00 6.00277066e-01
  0.00000000e+00 4.65795326e+00 8.74243677e-02 3.27037239e+00
  1.00706017e+00 0.00000000e+00 8.62633944e-01 4.50260353e+00
  2.02249622e+00 1.19559641e+01 8.63192654e+00 6.05677485e-01
  2.99627757e+00 2.05937576e+00 1.18031931e+01 3.31670523e-01
  1.40363073e+00 3.38868546e+00 1.30065346e+00 1.57464099e+00
  1.44494280e-01 3.21615171e+00 7.51816797e+00 9.34214890e-02
  0.00000000e+00 4.17277694e-01 1.49970651e-01 0.00000000e+00
  1.67246866e+00 9.91243720e-02 8.23747933e-01 7.15779591e+00
  1.65349424e+00 6.25967145e-01 5.81298018e+00 1.12851143e-01
  1.70964575e+00 9.57015038e-01 2.78855777e+00 2.48861504e+00
  7.24750233e+00 9.26776707e-01 0.00000000e+00 7.95695782e-01
  6.33814907e+00 7.87216949e+00 1.24093513e+01 2.22107530e+00
  5.14506912e+00 4.23496902e-01 6.59273863e-01 5.44278800e-01
  5.28598690e+00 3.83203411e+00 0.00000000e+00 3.21232533e+00
  6.92493343e+00 4.71293974e+00 4.58708477e+00 2.75510073e-01
  3.75991011e+00 3.31888616e-01 1.35248899e-01 3.49145651e-01
  1.06757116e+00 2.41888002e-01 1.38779616e+00 4.71566486e+00
  5.19562721e-01 8.70595813e-01 2.94069314e+00 1.92671466e+00
  1.48653328e+00 0.00000000e+00 2.32389712e+00 0.00000000e+00
  1.13311708e+00 2.33921424e-01 8.61866772e-01 8.50983739e-01
  2.97098070e-01 9.76832390e+00 8.37392151e-01 3.87176514e+00
  0.00000000e+00 2.86480522e+00 1.08809364e+00 6.67535841e-01
  3.85388583e-01 4.40410614e+00 3.03505158e+00 0.00000000e+00
  0.00000000e+00 1.40670741e+00 5.18204808e-01 3.11446762e+00
  5.01929700e-01 0.00000000e+00 8.43920708e+00 9.00397658e-01
  2.10421276e+00 6.01437426e+00 3.10013342e+00 6.16984177e+00
  1.33584547e+00 0.00000000e+00 0.00000000e+00 2.79166031e+00
  1.75384200e+00 1.58953965e+00 1.80881751e+00 0.00000000e+00
  1.06315327e+00 2.13083363e+00 1.49771959e-01 2.41276121e+00
  0.00000000e+00 0.00000000e+00 3.99158955e-01 3.11084151e-01
  2.73664389e-02 5.30075312e+00 3.34337640e+00 1.07174885e+00
  7.22034359e+00 7.11507797e-02 2.64331532e+00 2.95434874e-02
  8.58815384e+00 1.38924921e+00 1.08015919e+01 1.24120009e+00
  3.02686721e-01 3.59563494e+00 2.58998483e-01 2.60594678e+00
  0.00000000e+00 2.08114699e-01 2.06139326e+00 6.20307982e-01
  3.54003787e+00 4.64157134e-01 0.00000000e+00 4.08979940e+00
  3.02191472e+00 1.34785402e+00 3.24883699e-01 1.03709149e+00
  7.38211870e+00 0.00000000e+00 4.87216055e-01 3.49082202e-01
  1.05481231e+00 6.77625015e-02 2.33203411e+00 1.67309451e+00
  6.99664545e+00 4.81539154e+00 6.59878731e-01 1.31210160e+00
  3.23980522e+00 2.17038417e+00 6.32071161e+00 1.40111789e-01
  5.23483467e+00 8.22219563e+00 7.24264479e+00 8.94435501e+00
  3.28152299e+00 1.59508324e+00 1.94537684e-01 8.74493480e-01
  5.30432276e-02 6.45560169e+00 5.34483814e+00 4.80471075e-01
  0.00000000e+00 4.08343822e-02 8.83123016e+00 1.80442858e+00
  0.00000000e+00 1.42584473e-01 1.15309358e+00 1.07578874e+00
  1.05842495e+00 7.83440709e-01 9.82790068e-02 3.69405341e+00
  1.87432524e-02 1.69726118e-01 2.27032495e+00 5.06141472e+00
  5.35999107e+00 1.04299819e+00 4.95326138e+00 2.56028511e-02
  1.71254826e+01 2.14530420e+00 2.69144028e-01 2.25577426e+00
  4.32112366e-01 1.18124366e+00 1.34465742e+00 9.87356067e-01
  0.00000000e+00 1.55494785e+00 0.00000000e+00 7.96227694e+00
  5.18755972e-01 3.70597720e-01 8.17222536e-01 6.88072443e-01
  4.31821406e-01 0.00000000e+00 4.32311726e+00 3.74360275e+00
  2.26161933e+00 2.28414440e+00 3.05699944e+00 6.48723900e-01
  4.35989857e+00 1.31409156e+00 6.46213889e-02 1.14768636e+00
  2.67347193e+00 0.00000000e+00 0.00000000e+00 1.44455612e-01
  6.58721149e-01 5.61022945e-02 0.00000000e+00 4.77108955e-02
  5.31135261e-01 9.92044270e-01 1.27165818e+00 0.00000000e+00
  2.41741323e+00 1.16125965e+01 0.00000000e+00 5.41396797e-01
  9.59497809e-01 1.97123861e+00 1.22027025e-01 1.20099582e-01
  1.92299461e+00 0.00000000e+00 4.04782248e+00 2.44435042e-01
  4.60960083e-02 8.19499111e+00 7.26680517e+00 1.85492709e-01
  5.20846024e-02 0.00000000e+00 5.08746195e+00 7.73879194e+00
  1.27998960e+00 1.34223831e+00 1.47950158e-01 1.31733763e+00
  1.54897392e+00 3.89238787e+00 0.00000000e+00 5.74308991e-01
  5.92744064e+00 5.11379778e-01 6.73677731e+00 2.33979467e-02
  7.85674274e-01 3.59876126e-01 8.80279541e+00 2.15157008e+00
  8.22167635e-01 2.48036027e-01 1.50969040e+00 4.80764294e+00]]