[[5.64232469e-01 5.89129448e-01 9.49107111e-01 2.58114308e-01
  2.61543900e-01 7.30417109e+00 4.14982033e+00 1.88837147e+00
  3.03350520e+00 1.29600656e+00 3.79571319e-01 4.01177645e+00
  2.74904704e+00 3.60920548e+00 1.37609467e-02 2.90231800e+00
  5.07042669e-02 7.96358958e-02 0.00000000e+00 3.75510883e+00
  2.42368713e-01 1.01341248e+01 2.26641917e+00 1.62157655e+00
  2.88067102e+00 5.12639236e+00 3.45568943e+00 9.46064234e-01
  0.00000000e+00 3.15634489e-01 4.71676886e-02 3.09410095e+00
  9.83499825e-01 4.13506603e+00 7.20765233e-01 3.72697115e+00
  1.08112502e+00 2.29092032e-01 1.53806424e+00 1.33291149e+00
  2.34658074e+00 6.90624833e-01 6.80884719e-02 1.00052142e+00
  1.48272240e+00 1.17894101e+00 3.48328924e+00 6.31589174e+00
  6.99772787e+00 2.19486737e+00 1.16991863e-01 7.05511928e-01
  5.64609110e-01 2.83734441e+00 0.00000000e+00 2.83896446e+00
  2.06741571e+00 3.70404148e+00 2.65187716e+00 0.00000000e+00
  4.91858625e+00 1.56796360e+00 2.07248354e+00 2.54238605e+00
  1.68506157e+00 3.71366882e+00 7.61368561e+00 4.55097437e+00
  6.39969647e-01 1.68765199e+00 4.30857182e+00 2.79994631e+00
  0.00000000e+00 5.77879190e+00 1.15272081e+00 4.26777899e-02
  3.36811572e-01 1.11026883e+00 0.00000000e+00 2.80376625e+00
  4.51640308e-01 1.97729588e+00 5.82094765e+00 2.18409151e-01
  9.92519665e+00 1.98039126e+00 1.12091087e-01 1.99978387e+00
  4.46473169e+00 3.67512882e-01 2.09370422e+00 1.94568384e+00
  7.31491387e-01 1.66731405e+00 8.52350712e-01 0.00000000e+00
  2.37500519e-01 4.14277601e+00 1.43945467e+00 7.22666025e+00
  3.41427779e+00 1.25329280e+00 3.82591081e+00 3.35745168e+00
  0.00000000e+00 2.85281277e+00 3.06528759e+00 1.81864369e+00
  0.00000000e+00 0.00000000e+00 1.05056953e+00 1.09805846e+00
  2.97665924e-01 1.23717031e+01 5.87877095e-01 7.70501792e-01
  3.91155481e+00 7.39737749e+00 3.28823018e+00 1.75971568e+00
  6.45317435e-01 2.95319033e+00 9.57786664e-02 2.27623773e+00
  8.47704697e+00 8.88959289e-01 1.38127959e+00 0.00000000e+00
  1.69684303e+00 1.12018480e+01 2.29993057e+00 2.63800174e-01
  7.57895136e+00 8.14037919e-02 3.72600667e-02 1.51800215e+00
  1.38657302e-01 1.40896106e+00 4.93915701e+00 8.06459808e+00
  7.51566410e-01 3.96732479e-01 1.74917257e+00 1.66236365e+00
  1.69451618e+00 4.16349554e+00 2.10045862e+00 2.24034619e+00
  6.69469237e-01 1.81723192e-01 9.11209488e+00 2.53958941e-01
  1.49346805e+00 4.75888312e-01 6.15461394e-02 0.00000000e+00
  5.69982111e-01 1.25262129e+00 1.62015283e+00 2.44008899e+00
  1.00958526e+00 2.27344656e+00 1.73039329e+00 2.08288580e-01
  2.07941008e+00 2.17130736e-01 0.00000000e+00 4.06033099e-01
  1.17422953e-01 1.28772688e+00 5.82237482e-01 1.23484731e-01
  6.49952221e+00 4.90382862e+00 2.11469245e+00 9.81352687e-01
  0.00000000e+00 0.00000000e+00 1.78304791e+00 1.60429668e+00
  4.76743126e+00 7.05123484e-01 3.89005470e+00 1.24847317e+00
  1.89480495e+00 1.15093732e+00 9.84648323e+00 1.71964943e+00
  2.54609299e+00 6.19138032e-02 4.21187162e+00 0.00000000e+00
  1.38948247e-01 4.66330671e+00 2.92382929e-02 3.71132821e-01
  8.76402974e-01 4.53623295e+00 9.15908337e-01 0.00000000e+00
  5.50038159e-01 0.00000000e+00 0.00000000e+00 6.93649471e-01
  4.81600904e+00 1.99221647e+00 2.88274050e-01 2.12287569e+00
  2.84001529e-01 2.27800369e+00 1.54101658e+00 4.71352153e-02
  6.93484098e-02 3.28581858e+00 1.60854602e+00 0.00000000e+00
  9.38879609e-01 2.97616571e-01 1.62676704e+00 3.02197886e+00
  2.39814377e+00 1.24487221e+00 1.60214543e+00 4.18047100e-01
  6.62011385e-01 3.88998389e-01 7.22216129e-01 2.80266464e-01
  4.55948085e-01 1.84767187e+00 1.79802608e+00 2.70934176e+00
  8.18740606e-01 0.00000000e+00 1.53087103e+00 9.88303542e-01
  1.25623369e+00 7.22882223e+00 9.62418169e-02 3.71681023e+00
  1.79963160e+00 1.12391901e+00 5.44802547e-01 2.14049363e+00
  7.94992030e-01 6.90171862e+00 8.74876022e+00 7.85822511e-01
  4.77525902e+00 1.61343038e+00 5.90809345e+00 2.87640572e+00
  7.72783375e+00 2.32896090e+00 3.75364065e+00 6.01606369e-01
  2.04252318e-01 4.42053795e+00 3.90847850e+00 2.58230877e+00
  0.00000000e+00 3.33096957e+00 0.00000000e+00 0.00000000e+00
  1.71010947e+00 1.59497596e-02 2.67774612e-01 5.34416723e+00
  8.44588852e+00 1.09051149e-02 5.04562426e+00 5.07719278e+00
  2.17251229e+00 2.97856855e+00 2.66400385e+00 2.60755038e+00
  3.71599317e+00 9.99749184e-01 3.14088583e-01 4.42049503e+00
  5.28252745e+00 2.08995080e+00 1.92392120e+01 2.97032684e-01
  1.04578247e+01 1.40022160e-02 1.11991870e+00 6.18834615e-01
  9.05384600e-01 5.97551525e-01 5.11179268e-01 1.01249054e-01
  7.60913551e-01 2.68428612e+00 2.47916389e+00 4.34639864e-03
  2.41433287e+00 2.68278569e-02 3.63272905e-01 0.00000000e+00
  3.26503366e-01 6.79854117e-03 8.93060780e+00 6.86483860e-01
  0.00000000e+00 2.25391075e-01 7.82855690e-01 1.30617487e+00
  2.37355959e-02 0.00000000e+00 2.15953588e-01 3.95472974e-01
  2.00375700e+00 0.00000000e+00 8.40270281e-01 6.63613304e-02
  2.04493141e+00 6.58508682e+00 2.21471381e+00 4.17089045e-01
  2.04081327e-01 1.67843509e+00 3.16357708e+00 4.47426081e-01
  0.00000000e+00 5.04597330e+00 6.03358173e+00 4.11621220e-02
  5.24454236e-01 6.52079582e-01 6.61420107e-01 2.92109609e+00
  2.05252004e+00 0.00000000e+00 6.02156782e+00 9.39336061e-01
  7.03699541e+00 3.16954207e+00 7.21865702e+00 1.90462589e+00
  6.33859456e-01 4.42010581e-01 2.06498280e-01 5.40314019e-01
  3.35630274e+00 1.75463474e+00 7.48522222e-01 1.12774588e-01
  1.50557101e+00 3.25074285e-01 6.32957667e-02 8.45625758e-01
  2.46645904e+00 1.20220691e-01 9.56007302e-01 4.06427801e-01
  2.37245393e+00 7.25651026e+00 4.18637466e+00 0.00000000e+00
  9.13660705e-01 0.00000000e+00 9.21447515e-01 1.13878548e+00
  6.18402100e+00 4.30879593e+00 6.71553564e+00 0.00000000e+00
  6.89563751e-02 0.00000000e+00 1.65287539e-01 1.38614709e-02
  4.25900602e+00 6.46170497e-01 2.67902565e+00 2.59444332e+00
  1.35604823e+00 6.96961212e+00 0.00000000e+00 1.74307203e+00
  9.34497166e+00 5.70405006e-01 5.36617696e-01 1.08082652e+00
  9.52247918e-01 1.17531013e+00 4.39167309e+00 1.32338805e-02
  2.16016912e+00 4.01650620e+00 1.16717970e+00 3.27286172e+00
  6.91115141e-01 2.00344443e+00 7.11509466e+00 1.66436112e+00
  5.68586946e-01 3.41145325e+00 4.09836912e+00 5.44754839e+00
  2.22999287e+00 4.81132746e+00 3.50618887e+00 4.88917685e+00
  7.08651781e-01 2.29462719e+00 2.20737964e-01 2.09995961e+00
  2.02320755e-01 4.02934647e+00 2.14488268e+00 1.93928695e+00
  5.37098572e-02 6.44993857e-02 2.43523121e+00 1.80164754e+00
  5.48537374e-02 5.95671535e-01 8.17672014e-02 6.34490371e-01
  0.00000000e+00 0.00000000e+00 4.91048431e+00 2.75473309e+00
  2.03234959e+00 1.04799740e-01 2.72744012e+00 5.70018768e+00
  1.09378159e-01 1.32923079e+00 9.45467651e-01 4.17798519e+00
  2.46120691e+00 0.00000000e+00 1.60880363e+00 1.34123001e+01
  1.44814029e-01 6.94617128e+00 2.17538524e+00 2.15475798e+00
  7.32911378e-03 6.65099844e-02 1.98000371e+00 2.12946606e+00
  1.16927147e+00 1.14171386e-01 2.99672693e-01 9.84176695e-01
  9.01774168e-01 1.65170792e-03 3.38668704e+00 3.14277124e+00
  1.59402573e+00 2.17261744e+00 1.71369612e+00 1.37109771e-01
  9.97647572e+00 3.20053506e+00 3.22528362e-01 2.01704192e+00
  6.53504181e+00 1.36529183e+00 2.44617946e-02 3.05705704e-02
  2.53900695e+00 0.00000000e+00 3.11431110e-01 2.48317695e+00
  2.93679404e+00 1.00589263e+00 2.44275355e+00 1.86110604e+00
  8.75446379e-01 9.68484211e+00 1.64902461e+00 1.66053727e-01
  1.68217909e+00 1.61577845e+00 1.05928078e-01 1.13528565e-01
  5.59930742e-01 4.26524687e+00 1.97379315e+00 4.36847162e+00
  0.00000000e+00 3.70492905e-01 5.17590046e+00 1.41286487e-02
  8.34469020e-01 2.14658904e+00 1.56613326e+00 4.65312421e-01
  6.60800755e-01 6.50931120e-01 1.46107423e+00 8.05142462e-01
  4.64335585e+00 6.20014811e+00 1.16056108e+00 9.98446345e-01
  1.21050940e+01 1.81713426e+00 0.00000000e+00 7.06653595e-01
  9.28167701e-01 8.52991819e-01 9.79484653e+00 0.00000000e+00
  9.02262926e-01 2.31279969e-01 4.94841129e-01 1.92920291e+00]]