[[1.54553580e+00 2.43731052e-01 1.50404060e+00 9.05398950e-02
  1.80926710e-01 8.25065899e+00 9.44553614e-01 0.00000000e+00
  1.34858537e+00 1.29972982e+00 1.68893576e+00 2.07500935e+00
  6.63203526e+00 5.75091720e-01 0.00000000e+00 1.78013659e+00
  1.58581781e+00 1.27794012e-01 2.52518114e-02 1.56541133e+00
  0.00000000e+00 6.53305101e+00 0.00000000e+00 7.43024302e+00
  9.24026489e-01 5.94725180e+00 4.87658978e+00 6.42630339e+00
  1.17938018e+00 4.00953293e-01 0.00000000e+00 3.73688030e+00
  0.00000000e+00 2.85863638e+00 3.34931791e-01 1.36608040e+00
  3.57782841e-01 0.00000000e+00 2.38378882e+00 5.32570457e+00
  6.08295918e+00 0.00000000e+00 2.16874048e-01 3.38990188e+00
  4.67750311e+00 1.07856328e-02 1.46222365e+00 2.45773181e-01
  3.64260983e+00 1.17475450e+00 1.79100180e+00 2.36808956e-02
  3.26047897e-01 9.64796469e-02 1.12891293e+00 1.14222658e+00
  1.29586065e+00 7.87267637e+00 8.90021038e+00 0.00000000e+00
  1.98990051e-02 6.25177681e-01 4.60072184e+00 3.26449680e+00
  0.00000000e+00 2.07374907e+00 3.39864230e+00 1.03879380e+00
  1.01410711e+00 1.38465047e-01 9.18853283e+00 9.79831696e+00
  3.68330908e+00 1.38261044e+00 1.09230852e+00 0.00000000e+00
  9.83438492e-02 1.67537749e+00 2.44140550e-01 1.32077053e-01
  0.00000000e+00 2.32838392e+00 9.83290374e-01 0.00000000e+00
  5.10916173e-01 9.16583180e-01 5.04678726e+00 3.64711809e+00
  5.83828163e+00 6.80667937e-01 1.69841850e+00 0.00000000e+00
  1.24912322e+00 3.41392487e-01 1.52108222e-01 5.12626946e-01
  0.00000000e+00 1.04899430e+00 4.99387205e-01 1.02035761e+01
  1.76974773e+00 4.44877720e+00 2.61463428e+00 2.50832343e+00
  1.39564312e+00 4.70975351e+00 2.39103101e-02 3.44389416e-02
  4.39918280e-01 1.90815106e-01 8.83986890e-01 1.01817465e+00
  4.10923481e-01 2.80169201e+00 4.91299212e-01 1.77417651e-01
  1.46106684e+00 4.67811251e+00 2.68448186e+00 1.13283980e+00
  0.00000000e+00 0.00000000e+00 1.19957209e+00 1.45656052e+01
  0.00000000e+00 7.96547174e-01 4.78686616e-02 7.50719607e-02
  3.39499903e+00 6.67006016e+00 2.12493822e-01 5.30809402e-01
  1.05225897e+00 2.69905567e-01 0.00000000e+00 1.63498068e+00
  0.00000000e+00 2.07759172e-01 1.37671018e+00 1.39651179e-01
  0.00000000e+00 0.00000000e+00 1.60512793e+00 3.13715649e+00
  1.51490104e+00 4.77593899e-01 2.28156185e+00 2.77504653e-01
  0.00000000e+00 1.58853799e-01 1.12121820e+01 0.00000000e+00
  2.35601276e-01 0.00000000e+00 2.28860855e-01 2.65069103e+00
  5.66793394e+00 9.08462107e-01 1.16900992e+00 1.60942063e-01
  1.58909999e-03 1.30238891e-01 3.55731535e+00 1.60839403e+00
  1.80794871e+00 8.64160478e-01 1.24574952e-01 1.32956052e+00
  6.35306978e+00 7.77079868e+00 6.44223976e+00 1.58866036e+00
  5.71199989e+00 8.19436169e+00 4.07677174e-01 2.38815951e+00
  6.96831703e-01 1.65516698e+00 5.16165590e+00 1.60391903e+01
  4.15784955e-01 0.00000000e+00 3.70808125e+00 1.70768952e+00
  2.78973356e-02 5.92005193e-01 9.22770500e+00 3.58723342e-01
  2.19365525e+00 2.51557064e+00 4.70407295e+00 0.00000000e+00
  0.00000000e+00 5.33921099e+00 0.00000000e+00 0.00000000e+00
  4.77953739e-02 1.39828072e+01 0.00000000e+00 3.76640296e+00
  4.65214252e-01 9.92445827e-01 3.55138421e-01 0.00000000e+00
  2.10188866e+00 1.74317837e+00 3.98323089e-01 0.00000000e+00
  1.81779110e+00 5.48336744e+00 1.80248725e+00 1.29787421e+00
  2.58641005e-01 1.88150883e+00 8.45034942e-02 9.70347941e-01
  1.26548755e+00 2.03260684e+00 1.49523532e+00 1.09409237e+00
  1.04694486e+00 3.15181756e+00 2.38775611e-01 1.38645339e+00
  1.47780144e+00 1.19058800e+01 6.37864694e-02 2.28014827e+00
  5.71480803e-02 4.00396585e+00 1.54730767e-01 4.17785120e+00
  5.14771342e-01 5.93831539e+00 7.81654656e-01 1.36069119e+00
  8.97049129e-01 4.39313364e+00 1.56467354e+00 2.25027227e+00
  2.27096416e-02 2.92270827e+00 1.05060077e+00 6.58042192e+00
  3.98081541e+00 7.09221983e+00 6.22842360e+00 1.88831902e+00
  4.53751469e+00 2.82695961e+00 2.89473295e+00 1.18886530e+00
  8.25045928e-02 4.65539455e+00 1.05975103e+00 2.52352047e+00
  0.00000000e+00 1.93534374e+00 1.79034185e+00 4.22734022e-01
  1.68902636e-01 3.57604511e-02 0.00000000e+00 4.86189306e-01
  5.01185942e+00 3.85086942e+00 5.38598013e+00 4.25021076e+00
  1.46449461e+01 7.64814019e-01 7.18197870e+00 0.00000000e+00
  2.22967625e+00 5.07204437e+00 1.94758344e+00 2.56085539e+00
  2.27371764e+00 1.35755622e+00 7.18017399e-01 6.96654129e+00
  2.71741748e+00 1.83278286e+00 1.21242743e+01 9.13893342e-01
  1.02912140e+00 8.77689272e-02 7.03864753e-01 1.49930239e-01
  1.11387502e-02 2.35220432e+00 4.68705855e-02 0.00000000e+00
  4.26740140e-01 8.00408268e+00 1.75579846e+00 2.39651129e-01
  3.03334761e+00 1.35487616e+00 1.79783070e+00 0.00000000e+00
  1.42094469e+00 1.06163287e+00 1.03324232e+01 2.66236756e-02
  1.83589458e+00 3.02445322e-01 0.00000000e+00 2.56254339e+00
  1.40945669e-02 7.87280273e+00 0.00000000e+00 3.91704679e-01
  0.00000000e+00 4.69379947e-02 1.61865675e+00 0.00000000e+00
  3.69739771e-01 6.49593544e+00 2.58587456e+00 1.83826339e+00
  3.91130376e+00 1.54672772e-01 2.20981693e+00 2.54649997e-01
  3.19979280e-01 3.69332385e+00 1.09441280e+00 1.82997811e+00
  3.66243958e-01 0.00000000e+00 6.00573681e-02 2.38543415e+00
  2.96429276e+00 8.88753235e-01 6.56744957e+00 1.89660990e+00
  2.70193148e+00 4.63847923e+00 4.32758856e+00 9.50705171e-01
  0.00000000e+00 7.27792382e-01 0.00000000e+00 2.39778256e+00
  2.44102502e+00 2.87269980e-01 1.51181245e+00 3.38233161e+00
  1.00937164e+00 4.37299871e+00 4.29675484e+00 2.46764803e+00
  0.00000000e+00 8.30538385e-03 1.51521420e+00 4.07563269e-01
  8.20489979e+00 2.33388638e+00 7.67156506e+00 1.21790016e+00
  1.40527511e+00 9.06095982e-01 1.24928360e+01 9.81563151e-01
  3.80549288e+00 1.46074164e+00 3.71859169e+00 6.35072041e+00
  1.63951181e-02 4.58292437e+00 1.24904163e-01 1.16919148e+00
  4.69491434e+00 6.65969923e-02 6.25694180e+00 9.51774001e-01
  9.39606965e-01 1.83300841e+00 3.11402917e+00 1.40852952e+00
  2.15560627e+00 1.07258582e+00 0.00000000e+00 5.31036377e-01
  6.81085682e+00 3.46716166e-01 1.18033636e+00 1.96527675e-01
  1.44299996e+00 2.90703750e+00 2.25444749e-01 1.48695588e-01
  3.91847920e+00 0.00000000e+00 0.00000000e+00 1.97263420e+00
  2.91391063e+00 7.70069659e-01 5.50105858e+00 1.51029682e+00
  1.92615497e+00 4.62465477e+00 6.51259303e-01 1.58367908e+00
  7.96813250e-01 5.42333901e-01 0.00000000e+00 2.55435586e-01
  1.78198123e+00 3.89512444e+00 3.31461763e+00 3.43845874e-01
  0.00000000e+00 0.00000000e+00 5.16329706e-01 1.21972334e+00
  3.25204849e+00 1.14761305e+00 6.57427192e-01 7.43191385e+00
  2.78252554e+00 1.43700981e+00 2.88944626e+00 3.73955894e+00
  0.00000000e+00 0.00000000e+00 1.21219337e+00 1.16568696e+00
  9.29347277e-02 0.00000000e+00 2.26834488e+00 2.24661398e+00
  7.13559437e+00 0.00000000e+00 1.21868134e+00 8.49766731e+00
  1.41833282e+00 1.18475246e+00 1.99778020e+00 5.85043967e-01
  2.55262583e-01 6.38126284e-02 2.79830241e+00 6.44036722e+00
  3.84378171e+00 9.11555052e-01 4.59154463e+00 1.26032424e+00
  1.91976298e-02 4.84557599e-01 7.41124868e+00 2.91188169e+00
  5.48379755e+00 1.74476814e+00 2.39889002e+00 2.72359610e+00
  7.77060604e+00 1.64363134e+00 0.00000000e+00 1.76645720e+00
  2.75143862e+00 3.99783611e-01 7.13299513e-01 0.00000000e+00
  0.00000000e+00 0.00000000e+00 1.94102928e-01 4.06448269e+00
  1.36802703e-01 9.63293552e-01 6.05746078e+00 4.53870821e+00
  4.39730501e+00 6.70303488e+00 0.00000000e+00 0.00000000e+00
  9.25409508e+00 5.62975764e-01 1.12764999e-01 1.24756023e-01
  1.64586163e+00 1.14953004e-01 2.33211014e-02 8.80828381e-01
  0.00000000e+00 3.94132614e+00 9.25426102e+00 3.18216729e+00
  4.04987872e-01 0.00000000e+00 1.63180172e+00 0.00000000e+00
  1.25039947e+00 2.66925454e+00 1.44086480e-01 2.21698880e-01
  5.53118277e+00 5.61979389e+00 0.00000000e+00 7.78645575e-01
  3.61038136e+00 7.80580938e-01 2.16897845e+00 5.94150639e+00
  4.76632643e+00 6.71198294e-02 6.37294388e+00 1.12049448e+00
  7.76296973e-01 1.31360078e+00 2.97871423e+00 1.65669954e+00]]