[[1.74076879e+00 1.29584789e+00 4.08265638e+00 3.04990500e-01
  0.00000000e+00 3.47894478e+00 4.31009674e+00 6.56801367e+00
  1.15144110e+00 1.26990294e+00 5.02016211e+00 1.48806679e+00
  3.02468801e+00 5.45785475e+00 7.17149496e+00 5.09663916e+00
  4.92946386e-01 2.09793282e+00 3.64495730e+00 3.46773362e+00
  1.00052901e-01 3.55425334e+00 1.91419721e+00 2.65014029e+00
  3.41088533e-01 1.00348558e+01 2.66764450e+00 2.70004664e-03
  7.43528700e+00 3.01136255e-01 2.11415350e-01 4.02406722e-01
  3.97994113e+00 9.08398688e-01 4.82888073e-02 0.00000000e+00
  9.31744635e-01 4.78459418e-01 6.22852850e+00 1.78548288e+00
  9.52457130e-01 5.46730566e+00 4.87115383e+00 5.03773165e+00
  0.00000000e+00 2.73653388e+00 1.36031806e+00 7.24174082e-01
  3.57233405e+00 4.95799154e-01 3.50456405e+00 1.20640695e+00
  3.83660674e-01 0.00000000e+00 4.58540106e+00 1.57458293e+00
  2.86060524e+00 5.42845631e+00 4.70742524e-01 0.00000000e+00
  1.21808767e+00 3.14356089e+00 8.80620575e+00 7.13157177e+00
  3.50521624e-01 3.76299310e+00 7.67824113e-01 9.83967066e-01
  4.03678179e-01 3.99932027e+00 3.81718826e+00 4.97577190e-01
  4.38506651e+00 1.23094473e+01 1.50675797e+00 2.06381440e+00
  8.04575920e-01 7.74977493e+00 4.55042791e+00 3.63907743e+00
  1.34579909e+00 3.41733885e+00 1.14355934e+00 2.23043656e+00
  6.27078295e-01 9.56588268e+00 8.83691609e-01 5.23897350e-01
  2.59566784e+00 1.18605602e+00 1.46734591e+01 3.30157638e+00
  5.80993950e-01 1.00394621e+01 5.34629440e+00 2.19736648e+00
  3.46759033e+00 3.17994976e+00 1.53978717e+00 2.07399082e+00
  6.05704486e-01 4.36807299e+00 6.41445351e+00 5.80924273e+00
  0.00000000e+00 8.36889967e-02 5.09628475e-01 0.00000000e+00
  5.74834442e+00 4.79042530e-01 4.15230691e-01 3.49296904e+00
  2.86232859e-01 0.00000000e+00 5.90010080e-03 4.23125803e-01
  5.15814352e+00 0.00000000e+00 1.06471729e+00 3.82612133e+00
  0.00000000e+00 3.23928308e+00 6.42440394e-02 6.24457407e+00
  1.11222820e+01 4.71832657e+00 0.00000000e+00 0.00000000e+00
  4.31402415e-01 9.22902966e+00 0.00000000e+00 4.77763224e+00
  1.04363623e+01 2.94997483e-01 7.54608691e-01 6.72084808e-01
  6.31331131e-02 1.03194818e-01 3.90815210e+00 9.34854805e-01
  1.44924617e+00 2.13976055e-01 0.00000000e+00 8.82550144e+00
  3.97583103e+00 6.09991431e-01 2.46320844e+00 3.30692500e-01
  1.00657590e-01 2.93151760e+00 1.87110531e+00 2.37916327e+00
  2.38157630e+00 1.56759477e+00 9.88332391e-01 2.51710892e-01
  2.94399798e-01 3.41223669e+00 6.89418554e-01 2.53383875e+00
  6.26835167e-01 9.97511101e+00 2.40386581e+00 7.17538118e-01
  6.03809547e+00 6.10385990e+00 3.74133170e-01 2.21919560e+00
  0.00000000e+00 9.72304881e-01 1.12242067e+00 2.93076897e+00
  5.79364586e+00 2.72276330e+00 1.93392885e+00 2.10987329e+00
  1.92282546e+00 0.00000000e+00 1.58938484e+01 1.43636227e+00
  2.47215867e+00 2.85117197e+00 7.94337213e-01 8.09498370e-01
  8.84413910e+00 1.97515059e+00 2.53760266e+00 7.80456483e-01
  9.55893040e-01 4.43794727e+00 3.40004063e+00 0.00000000e+00
  2.59922981e+00 1.30530729e+01 2.15420461e+00 0.00000000e+00
  1.66636193e+00 3.97167444e+00 1.04377270e+01 5.43225944e-01
  7.79305887e+00 0.00000000e+00 1.03870940e+00 9.51880664e-02
  5.21720505e+00 2.31681228e+00 1.99056590e+00 2.80549526e+00
  5.08200169e+00 4.53767157e+00 4.62674809e+00 7.86729288e+00
  1.96698710e-01 4.94370127e+00 1.10779178e+00 2.02449656e+00
  7.92279541e-01 1.14718275e+01 2.18368724e-01 1.06008160e+00
  3.94964123e+00 2.56516790e+00 3.02084661e+00 1.17931910e-01
  3.90299582e+00 5.05753994e+00 2.40865803e+00 5.03879976e+00
  0.00000000e+00 2.88042593e+00 9.70315814e-01 3.75805569e+00
  1.87628365e+00 2.35320687e+00 1.28742769e-01 0.00000000e+00
  2.42566609e+00 3.73200703e+00 5.36450505e-01 2.76663423e+00
  1.05165613e+00 7.03060687e-01 2.41443205e+00 4.32687378e+00
  1.52253973e+00 9.66091061e+00 1.12409697e+01 7.29313567e-02
  6.29906118e-01 4.41046429e+00 2.43601370e+00 1.65593907e-01
  2.33645582e+00 2.35477185e+00 9.47650135e-01 8.11870545e-02
  2.64993095e+00 2.09051943e+00 1.25036335e+00 8.58510077e-01
  4.12357748e-01 6.11432076e-01 0.00000000e+00 6.03582896e-02
  2.16572571e+00 7.68672705e+00 1.31629133e+00 0.00000000e+00
  5.01178217e+00 8.47508430e-01 4.91405201e+00 0.00000000e+00
  2.40893388e+00 8.38376331e+00 7.82649279e+00 1.68922460e+00
  1.99800625e+01 2.25093916e-01 4.01891828e-01 9.62246582e-02
  7.44551611e+00 4.04616266e-01 2.32158995e+00 4.11366999e-01
  3.83162642e+00 4.52548772e-01 5.11285639e+00 3.33499551e+00
  4.93848944e+00 9.21259880e+00 1.68070614e-01 7.64902029e-03
  2.82789016e+00 5.11307716e+00 4.59393978e+00 4.99156857e+00
  0.00000000e+00 5.73931038e-01 6.53481007e-01 0.00000000e+00
  8.77979851e+00 7.47409010e+00 5.88587666e+00 7.22199073e-03
  3.91057706e+00 2.75203252e+00 2.25865746e+00 7.04524934e-01
  2.82132959e+00 3.92992616e-01 2.81221819e+00 8.14786625e+00
  2.56124187e+00 6.38466656e-01 8.78706455e-01 0.00000000e+00
  5.21559119e-01 6.69479942e+00 5.63902378e-01 3.26825166e+00
  2.24924803e+00 2.40965128e+00 9.15299225e+00 8.01251471e-01
  1.36068976e+00 4.89551973e+00 6.29904652e+00 5.19934464e+00
  3.73536658e+00 0.00000000e+00 3.85475546e-01 2.78248501e+00
  3.60059649e-01 6.51459694e+00 2.04015326e+00 7.21334696e+00
  1.64302623e+00 3.56596971e+00 5.21598637e-01 1.92980921e+00
  1.73614645e+00 1.84507608e-01 6.70687914e+00 2.12066913e+00
  6.80037677e-01 3.77510548e-01 5.12578344e+00 1.95418966e+00
  2.74793804e-01 0.00000000e+00 2.52380729e+00 1.44063091e+00
  7.90153891e-02 4.98623276e+00 7.44618750e+00 1.09041882e+00
  2.04235390e-01 1.88498402e+01 4.79093254e-01 6.17294684e-02
  8.69210148e+00 3.15380901e-01 8.91001940e-01 2.17341328e+00
  7.73873091e+00 7.09988952e-01 1.67336159e+01 1.57779843e-01
  3.26907247e-01 2.66964287e-01 2.93937325e-01 5.18189764e+00
  8.09416580e+00 1.94828641e+00 1.76577473e+00 3.37787485e+00
  3.03454208e+00 1.15066299e+01 3.01087171e-01 6.80723810e+00
  4.29329777e+00 4.98399305e+00 2.39702797e+00 1.53923881e+00
  6.49951518e-01 2.98644209e+00 1.77393901e+00 6.20358765e-01
  2.92556286e+00 6.11922979e+00 1.63432467e+00 1.83988869e+00
  4.00742340e+00 3.56529862e-01 1.76748776e+00 1.90367138e+00
  3.88607049e+00 1.48382008e+00 3.26381946e+00 2.98856080e-01
  9.74979818e-01 1.60245190e+01 4.34514791e-01 7.35736656e+00
  7.93459272e+00 2.73680592e+00 0.00000000e+00 1.22026131e-01
  1.08278418e+00 4.08641668e-03 6.40365648e+00 9.24274385e-01
  2.20358372e+00 0.00000000e+00 0.00000000e+00 5.13669252e-01
  1.70950031e+00 1.10993099e+00 0.00000000e+00 1.87302005e+00
  3.48836637e+00 2.54915338e-02 2.23709393e+00 4.89948320e+00
  5.27389407e-01 0.00000000e+00 3.48611861e-01 1.54223573e+00
  3.68122876e-01 6.11139417e-01 4.37476218e-01 2.94198841e-01
  1.43877239e+01 3.29124737e+00 7.15390742e-01 2.09062362e+00
  2.02033472e+00 3.15495467e+00 2.05600947e-01 1.07007945e+00
  1.27331889e+00 6.81596855e-03 6.66323453e-02 7.87890768e+00
  1.23183596e+00 3.14869061e-02 3.81626582e+00 3.25169611e+00
  1.78586495e+00 0.00000000e+00 0.00000000e+00 6.63991690e+00
  8.55831742e-01 1.05991287e+01 5.58899546e+00 3.17157555e+00
  1.01045144e+00 1.51926838e-02 4.72062159e+00 6.16127920e+00
  2.43543887e+00 2.94234109e+00 1.83297360e+00 5.88573933e-01
  3.73985195e+00 1.56640935e+00 1.17316402e-01 1.54013991e+00
  1.04375935e+01 4.35730129e-01 1.37585759e+00 5.92796087e+00
  1.45231342e+00 3.66663885e+00 4.68328744e-01 6.32451248e+00
  0.00000000e+00 1.25686789e+00 4.75618267e+00 6.22980356e+00
  3.36910677e+00 1.39162529e+00 3.91289681e-01 5.65783262e-01
  2.57997751e+00 1.37945220e-01 5.43082356e-01 3.32364112e-01
  8.83974552e-01 1.39757943e+00 1.31096244e+00 3.80449605e+00
  5.24671698e+00 2.11933494e+00 3.70667624e+00 2.22046781e+00
  2.03387427e+00 1.29950933e+01 3.44646478e+00 1.04158282e+00
  1.85749412e+00 6.70531034e-01 5.50773621e-01 6.02383673e-01
  7.29666090e+00 3.92001808e-01 4.68976021e+00 1.29049706e+00
  5.00588608e+00 2.01252317e+00 2.89378834e+00 7.68690825e+00]]