[[1.38852251e+00 0.00000000e+00 3.34789300e+00 6.07265997e+00
  1.35367143e+00 9.14402783e-01 8.92526817e+00 0.00000000e+00
  1.05859566e+00 4.50558329e+00 4.02436066e+00 3.31716394e+00
  3.06684971e+00 0.00000000e+00 2.45392412e-01 3.88409805e+00
  1.23548651e+00 4.72978544e+00 5.84217501e+00 1.97827256e+00
  4.96953535e+00 6.85890579e+00 2.83831668e+00 7.78063908e-02
  2.31069160e+00 8.20437622e+00 4.15342331e+00 0.00000000e+00
  5.50365734e+00 1.67469025e+00 1.58839715e+00 4.58662701e+00
  2.02878690e+00 3.33735156e+00 7.07429051e-01 1.12376392e+00
  3.87993050e+00 1.77443355e-01 3.06679773e+00 4.17295074e+00
  7.94500875e+00 3.46704841e+00 1.52236581e+00 1.40574241e+00
  5.81206226e+00 1.58422911e+00 1.72595787e+00 7.85396039e-01
  5.39056206e+00 1.99172878e+00 1.85250974e+00 1.61403215e+00
  2.87147611e-01 4.15588856e+00 3.77320051e+00 2.80143118e+00
  4.18331146e+00 2.21723104e+00 0.00000000e+00 3.16175246e+00
  0.00000000e+00 3.92864691e-03 6.58891153e+00 8.84889603e+00
  3.16121042e-01 2.66353631e+00 2.18583202e+00 5.76897955e+00
  3.56804585e+00 2.80780315e-01 1.52030764e+01 1.68521225e+00
  7.01670980e+00 4.66334343e+00 1.39664602e+00 2.05322433e+00
  8.58834863e-01 1.43248630e+00 3.27492142e+00 3.31580019e+00
  4.70742989e+00 3.26801419e+00 4.68344450e+00 1.22021818e+00
  2.32500076e+00 2.19229960e+00 3.80251892e-02 1.37957191e+00
  3.46430540e+00 2.48560131e-01 1.90972602e+00 1.49008858e+00
  5.79580963e-01 3.42756629e+00 2.27029175e-02 2.42789078e+00
  4.16300106e+00 3.51817656e+00 4.34044823e-02 2.06996107e+00
  1.92341849e-01 3.12293482e+00 1.24721651e+01 1.08332872e+01
  2.52967396e+01 2.88529015e+00 6.39612913e-01 9.63237345e-01
  4.35148048e+00 5.08341908e-01 2.37597868e-01 1.03372908e+00
  1.07343495e+00 2.59201288e-01 2.35938013e-01 5.13432741e-01
  4.74068642e+00 1.11783162e-01 0.00000000e+00 9.97512281e-01
  5.84320128e-01 1.84796870e+00 2.75748428e-02 4.24550593e-01
  4.84166801e-01 4.59027481e+00 4.99622250e+00 4.75349240e-02
  4.99265575e+00 1.01032505e+01 4.84390974e-01 2.57180214e-01
  9.61126149e-01 2.98166990e+00 9.68379915e-01 8.40593636e-01
  4.38101673e+00 8.94690692e-01 4.93771839e+00 0.00000000e+00
  2.46761370e+00 3.85237527e+00 0.00000000e+00 2.48308039e+00
  1.10551710e+01 2.51095557e+00 5.25986385e+00 0.00000000e+00
  1.37461913e+00 3.14197254e+00 7.96823442e-01 8.04073632e-01
  0.00000000e+00 6.44976616e+00 8.81698012e-01 0.00000000e+00
  5.14801741e-01 1.11352873e+01 2.50841928e+00 4.65727711e+00
  3.99029255e-01 3.52632332e+00 6.89116573e+00 0.00000000e+00
  1.79773664e+00 2.11491489e+00 1.17720699e+00 7.87390769e-02
  0.00000000e+00 8.32751930e-01 1.13549681e+01 1.73935997e+00
  4.55406618e+00 2.59561181e+00 3.97713423e+00 3.81037879e+00
  6.61411464e-01 1.87753236e+00 1.32874212e+01 2.38612390e+00
  2.22713494e+00 1.99473286e+00 6.21713698e-01 2.50771713e+00
  3.25489283e-01 2.86549258e+00 8.72095704e-01 2.36965388e-01
  2.71699357e+00 1.30736864e+00 5.75502574e-01 0.00000000e+00
  5.21972513e+00 4.83322477e+00 4.28387403e+00 5.47813654e+00
  1.48160085e-01 8.68286192e-01 1.39398515e+00 0.00000000e+00
  6.08381557e+00 0.00000000e+00 4.43238974e+00 4.20160866e+00
  1.77163458e+00 8.20624053e-01 2.77188689e-01 2.42209673e+00
  4.74809027e+00 1.54650364e+01 3.14368391e+00 1.32953274e+00
  2.06717566e-01 1.11122859e+00 0.00000000e+00 4.02468443e+00
  1.00842583e+00 3.46685910e+00 5.07059157e-01 7.71366537e-01
  8.02263856e-01 3.01590180e+00 3.40086651e+00 1.18103290e+00
  1.83439577e+00 3.44469929e+00 2.42960989e-01 2.60157585e+00
  1.82372952e+00 1.05113411e+00 4.69108820e+00 2.88526988e+00
  0.00000000e+00 4.58288479e+00 5.75881541e-01 1.79819524e+00
  1.78225696e-01 4.81025362e+00 3.73367333e+00 1.12401962e+00
  7.54077077e-01 2.39443798e-02 1.89339280e+00 5.64099360e+00
  1.23815393e+00 5.53503466e+00 2.90969563e+00 2.02875423e+00
  4.95981646e+00 1.13045492e+01 1.21653810e-01 5.69922805e-01
  3.09030795e+00 1.78448677e+00 4.71335620e-01 0.00000000e+00
  3.53830266e+00 6.97875977e-01 4.99444532e+00 0.00000000e+00
  6.61099863e+00 0.00000000e+00 4.87902462e-01 6.01318407e+00
  8.81228209e-01 2.01021461e+01 4.12258673e+00 3.28064501e-01
  3.10652351e+00 7.23197103e-01 6.40798712e+00 1.63412380e+00
  2.63439369e+00 3.31485105e+00 1.16947301e-01 1.00425981e-01
  9.15871525e+00 1.67012787e+00 5.41269928e-02 1.41228902e+00
  2.20994568e+00 1.21845782e+00 3.85136813e-01 4.66881275e+00
  3.03619051e+00 3.66598159e-01 1.26313710e+00 1.09606183e+00
  5.18936062e+00 7.99947071e+00 8.31631660e-01 3.93046170e-01
  7.97110128e+00 5.06742811e+00 5.78061104e+00 8.46667576e+00
  1.58611012e+00 2.11402726e+00 7.28956032e+00 0.00000000e+00
  2.91638684e+00 5.08210897e+00 7.37826049e-01 1.20711923e+00
  1.06292951e+00 1.22779951e+01 1.91694844e+00 7.95688868e+00
  0.00000000e+00 0.00000000e+00 4.77731705e+00 1.48131013e-01
  1.47399616e+00 3.72578144e-01 3.93990844e-01 7.90328026e-01
  6.21884537e+00 1.91527390e+00 7.10655525e-02 1.10112739e+00
  1.83413804e+00 6.95365143e+00 1.26966066e+01 7.23467231e-01
  4.40904140e+00 8.76049340e-01 4.95665932e+00 0.00000000e+00
  1.13439584e+00 0.00000000e+00 5.34101307e-01 7.63601780e-01
  2.51641846e+00 1.52144670e+00 3.82475877e+00 2.21813393e+00
  8.40943718e+00 9.18199360e-01 2.77134085e+00 2.51110768e+00
  7.40432310e+00 1.41364694e+00 1.88639426e+00 1.93919927e-01
  3.62106013e+00 6.55267656e-01 5.36141777e+00 4.57255363e+00
  1.88588470e-01 0.00000000e+00 4.43057489e+00 9.43468511e-02
  9.38296413e+00 7.23417282e+00 1.47836709e+00 8.36108625e-01
  2.25639835e-01 2.08487296e+00 1.06262589e+00 3.83455008e-02
  6.17257214e+00 1.49636495e+00 2.09529614e+00 4.25390625e+00
  6.59896469e+00 6.58707917e-01 3.74894738e+00 1.14703953e+00
  2.09316581e-01 8.91334534e+00 5.85338545e+00 6.30668497e+00
  9.41559792e+00 6.84853852e-01 0.00000000e+00 1.72344911e+00
  1.83006930e+00 1.09323502e+01 5.87744474e-01 4.11210871e+00
  3.01715207e+00 6.19579601e+00 1.38335383e+00 1.25770104e+00
  0.00000000e+00 0.00000000e+00 8.94260168e-01 3.23060781e-01
  1.12375174e+01 1.05192614e+00 4.05959225e+00 2.50383592e+00
  1.12869763e+00 2.34333277e+00 0.00000000e+00 3.08692360e+00
  8.82031679e-01 2.07691169e+00 6.67435026e+00 1.65976524e-01
  1.99069619e+00 3.13183713e+00 8.91136885e-01 4.90142155e+00
  4.12167931e+00 4.53286141e-01 0.00000000e+00 3.89874697e+00
  7.95370340e+00 2.95758033e+00 4.59789574e-01 3.97322237e-01
  2.54893398e+00 1.47272789e+00 4.26241970e+00 0.00000000e+00
  8.92620027e-01 1.37333930e-01 4.70538706e-01 0.00000000e+00
  9.01016521e+00 1.61671489e-01 1.57637596e+00 3.80939531e+00
  4.91073990e+00 3.04662919e+00 6.61040688e+00 9.54057574e-01
  8.25777277e-02 1.76875103e+00 5.45455873e-01 5.46991646e-01
  3.50917768e+00 3.84510922e+00 1.90688789e+00 6.75965929e+00
  1.30738378e+00 7.63774061e+00 6.23668969e-01 9.23904598e-01
  8.99065316e-01 4.51036990e-01 1.56282485e-02 1.05816031e+00
  4.21165085e+00 1.52957118e+00 2.09991354e-02 1.12740624e+00
  1.89933336e+00 1.16587460e+00 6.14927530e+00 6.24720752e-01
  1.28637862e+00 9.06500149e+00 1.16530895e+00 0.00000000e+00
  5.59692764e+00 1.99250174e+00 2.67593414e-01 1.06255302e+01
  0.00000000e+00 3.49329805e+00 4.47363663e+00 2.28519831e-02
  0.00000000e+00 3.45307612e+00 3.42009515e-01 3.06472301e+00
  2.76756696e-02 4.50504494e+00 1.39243102e+00 3.31644511e+00
  2.98299289e+00 8.32936859e+00 0.00000000e+00 7.37162209e+00
  2.35549852e-01 5.76736093e-01 5.68562984e+00 4.18253231e+00
  6.36883402e+00 1.09899235e+00 6.44110262e-01 5.45437050e+00
  1.63780659e-01 5.46669722e+00 0.00000000e+00 0.00000000e+00
  3.35413188e-01 2.77084374e+00 8.27660203e-01 4.88494205e+00
  0.00000000e+00 3.37428689e+00 6.30357504e+00 3.68996286e+00
  9.59435940e+00 5.07159424e+00 3.09284806e+00 1.67571366e+00
  3.32887888e+00 1.04880059e+00 1.34522402e+00 4.68598902e-02
  1.07890475e+00 8.12339708e-02 9.03305590e-01 5.02402163e+00
  1.63353050e+00 1.44741046e+00 3.56500030e+00 9.82791483e-01]]