[[3.89911652e-01 1.12591469e+00 1.73818851e+00 7.15882778e-01
  5.76998353e-01 1.37152302e+00 4.52696180e+00 1.56168151e+00
  7.13631773e+00 5.28312147e-01 7.20993221e-01 4.40146208e+00
  6.46955538e+00 6.78908825e-01 3.87957036e-01 7.30191422e+00
  1.84468687e+00 1.33132190e-01 1.18778782e+01 3.87730622e+00
  1.50574952e-01 1.47194700e+01 5.77942753e+00 1.78968692e+00
  5.78847599e+00 3.99067163e+00 7.35545635e+00 3.30155468e+00
  1.14006186e+00 7.91430855e+00 3.79635096e-01 8.86124521e-02
  8.09990215e+00 4.61224937e+00 2.55104685e+00 4.49334979e-01
  1.12912047e+00 4.18386793e+00 6.47515726e+00 3.63330960e-01
  3.15174651e+00 6.20312309e+00 9.96123701e-02 1.26481400e+01
  1.87309206e+00 1.33218038e+00 7.45885789e-01 2.39629686e-01
  4.12490457e-01 1.60215676e+00 1.51995337e+00 0.00000000e+00
  7.75578260e-01 0.00000000e+00 2.09995747e+00 2.79542661e+00
  2.19430590e+00 4.98153150e-01 2.50888646e-01 3.93927038e-01
  3.42271543e+00 3.19474369e-01 3.57909173e-01 1.14620314e+01
  5.49069196e-02 3.98652673e-01 2.66456723e+00 1.82973182e+00
  2.32036304e+00 4.49700177e-01 1.31022334e+00 3.32143694e-01
  6.55655682e-01 5.79339790e+00 1.02645636e+00 3.91134411e-01
  5.13759553e-01 7.31919929e-02 3.16213703e+00 1.88020015e+00
  0.00000000e+00 2.43802667e+00 4.01768160e+00 6.08003795e-01
  5.22524416e-01 6.89507723e+00 3.65639210e+00 1.65978634e+00
  5.14954090e+00 1.48424518e+00 1.84038699e+00 2.62134910e-01
  6.36707306e-01 9.08347416e+00 6.89136219e+00 1.95445466e+00
  3.04301739e+00 2.63828945e+00 1.14336309e+01 3.80594683e+00
  4.46243197e-01 1.09357364e-01 2.11444020e+00 6.24891329e+00
  1.51167482e-01 0.00000000e+00 5.70781589e-01 1.47353458e+00
  8.68905449e+00 6.96863174e+00 2.94330859e+00 3.42714071e-01
  1.72515988e+00 7.91740119e-02 4.56314230e+00 1.42935634e+00
  2.85547924e+00 6.06577492e+00 5.03637457e+00 1.50495633e-01
  1.82060003e-01 6.56287766e+00 4.19111872e+00 5.24120760e+00
  1.44340801e+00 3.84619227e-03 1.76037192e+00 2.00540280e+00
  3.37394565e-01 1.06368332e+01 4.43128198e-01 1.11624980e+00
  4.04003096e+00 2.63375211e+00 5.10306954e-01 5.65856171e+00
  3.10993552e+00 1.49394429e+00 2.87530732e+00 0.00000000e+00
  6.42756701e+00 1.93577361e+00 5.06797695e+00 2.65927768e+00
  2.57611179e+00 7.77689397e-01 5.80655479e+00 2.07877606e-01
  8.45045567e-01 1.11631703e+00 1.38233590e+00 1.16328669e+00
  3.25802040e+00 6.30808920e-02 9.02491570e-01 0.00000000e+00
  3.45392108e-01 4.97801685e+00 1.63771784e+00 1.26463735e+00
  1.52509004e-01 7.47440243e+00 7.28914082e-01 1.89663839e+00
  1.99933004e+00 4.03073502e+00 0.00000000e+00 1.86799562e+00
  6.51173878e+00 0.00000000e+00 5.24219322e+00 6.10889614e-01
  6.86892843e+00 2.56763601e+00 5.93667686e-01 4.04497862e+00
  2.57168126e+00 1.33853900e+00 9.01204586e-01 6.05863571e+00
  4.39894056e+00 0.00000000e+00 1.54346061e+00 4.09485161e-01
  6.65427744e-01 2.49349904e+00 3.71536791e-01 1.46908224e+00
  6.51181173e+00 3.21156955e+00 0.00000000e+00 6.74010038e+00
  6.57177687e-01 5.10088015e+00 0.00000000e+00 1.07983780e+00
  0.00000000e+00 1.33563643e-02 4.91075993e+00 3.66886139e-01
  1.02865915e+01 0.00000000e+00 5.78749371e+00 6.73960209e+00
  5.08289766e+00 1.45574450e+00 2.42934966e+00 3.59490961e-01
  5.17105293e+00 2.37983074e+01 3.93564367e+00 4.23287868e+00
  2.99724197e+00 1.52309453e+00 9.71131146e-01 6.18781209e-01
  2.31246457e-01 5.04790878e+00 9.99938190e-01 2.57105494e+00
  1.58048618e+00 5.61737490e+00 6.88492966e+00 0.00000000e+00
  2.81727004e+00 8.79820228e-01 7.41033506e+00 8.45404243e+00
  4.31349897e+00 3.35082722e+00 3.14041018e+00 5.79564857e+00
  7.98399878e+00 5.13292074e-01 2.26173878e+00 1.75302184e+00
  1.55914426e-01 2.48194003e+00 1.83612025e+00 1.44393909e+00
  3.94033432e+00 1.70017350e+00 6.75009429e-01 8.40392017e+00
  1.04777038e+00 2.69309759e+00 6.91959858e+00 8.72432649e-01
  7.76750505e-01 1.26204646e+00 2.90439487e+00 1.70082974e+00
  1.01655960e+01 2.39132333e+00 3.72355866e+00 6.95160985e-01
  1.28090218e-01 1.42113900e+00 8.17166686e-01 4.93941212e+00
  0.00000000e+00 5.33257365e-01 0.00000000e+00 1.98818073e-01
  1.33704340e+00 2.57927418e+00 1.30400944e+00 2.51691008e+00
  2.55756736e+00 7.28646576e-01 4.32929230e+00 6.82582045e+00
  7.28852749e-01 1.24275112e+00 0.00000000e+00 0.00000000e+00
  1.03187866e+01 1.47988927e+00 1.92099646e-01 8.57362270e-01
  4.57401657e+00 1.36787498e+00 6.88281953e-01 7.60916889e-01
  8.34129930e-01 0.00000000e+00 3.42940855e+00 3.56914759e-01
  0.00000000e+00 4.52345800e+00 2.20246688e-01 4.62009013e-01
  3.89797497e+00 2.70672297e+00 2.53037930e+00 5.76485395e+00
  2.59022903e+00 1.73020411e+00 4.28439319e-01 1.79427600e+00
  8.51072884e+00 8.53967607e-01 2.48505640e+00 7.84626380e-02
  1.25535059e+00 7.01164186e-01 1.37086347e-01 5.23088038e-01
  8.58661413e-01 1.33233815e-01 3.23330712e+00 1.44762266e+00
  1.16493320e+00 5.87466478e-01 2.41507006e+00 7.58852577e+00
  2.40544033e+00 5.97780991e+00 1.07861650e+00 1.69027090e-01
  2.09065318e+00 3.28047276e+00 1.77796233e+00 1.48861945e+00
  1.91151822e+00 1.17594728e+01 6.56628990e+00 2.02177823e-01
  1.22438180e+00 3.15876514e-01 1.52206171e+00 4.47215033e+00
  1.08837152e+00 3.95865393e+00 1.00310612e+00 2.35035443e+00
  2.71299910e-02 6.89022493e+00 1.85565245e+00 6.17400312e+00
  2.29222327e-02 1.58388034e-01 2.26094174e+00 8.32263088e+00
  1.57709062e+00 1.43432248e+00 2.16800714e+00 0.00000000e+00
  1.07807234e-01 1.09916842e+00 1.46811128e+00 8.13758850e+00
  7.79136753e+00 0.00000000e+00 5.98710871e+00 6.07200086e-01
  2.23200798e+00 6.20352316e+00 3.84873182e-01 9.01617646e-01
  4.72479200e+00 6.25562191e-01 6.63475811e-01 2.10826659e+00
  6.45005131e+00 7.23081529e-01 7.14938211e+00 5.35052538e-01
  1.31377649e+00 7.01690376e-01 1.03999901e+00 8.70821476e+00
  1.80551767e+00 3.04456139e+00 3.64132571e+00 2.89667726e-01
  7.57418442e+00 9.40823793e-01 2.70768642e+00 1.11507106e+00
  2.17096686e+00 1.68340003e+00 6.93238080e-01 6.15514159e-01
  3.72077847e+00 2.24866509e+00 7.45574772e-01 4.24266434e+00
  1.17080593e+00 1.27875817e+00 3.46352029e+00 4.92336273e+00
  3.10934520e+00 3.66897392e+00 1.92702234e+00 3.02938342e+00
  2.14911842e+00 3.37327051e+00 2.14936233e+00 3.68450451e+00
  2.06401253e+00 1.15009575e+01 3.60272557e-01 3.67169428e+00
  1.03133001e+01 1.13914433e+01 2.00123429e+00 7.21567345e+00
  0.00000000e+00 1.05855882e+00 6.70771027e+00 1.39333248e+00
  2.62172627e+00 2.79097676e+00 1.72912657e+00 2.69104335e-02
  1.10093224e+00 4.04879522e+00 7.80668139e-01 0.00000000e+00
  5.13227237e-03 2.32382700e-01 7.68737650e+00 3.89545250e+00
  6.64647865e+00 2.32141927e-01 1.90834820e+00 1.96605742e+00
  3.32295477e-01 4.13483524e+00 3.73149300e+00 3.23951930e-01
  9.54796219e+00 5.28363657e+00 6.82522237e-01 6.93091929e-01
  5.70839071e+00 9.34941351e-01 4.63508844e-01 4.13654232e+00
  4.24971879e-01 3.35626864e+00 1.26048195e+00 9.25934219e+00
  1.42673540e+00 1.11409836e-02 9.14819390e-02 8.75930786e-01
  0.00000000e+00 1.16465676e+00 1.53928876e+00 4.19164991e+00
  5.53496265e+00 5.20366859e+00 9.16825354e-01 1.62065136e+00
  2.72023916e-01 9.44686413e-01 2.34303737e+00 5.35136700e+00
  4.07735616e-01 1.10304154e-01 1.66405594e+00 0.00000000e+00
  3.09762383e+00 7.23653615e-01 6.83187842e-01 2.64656472e+00
  5.95463324e+00 7.16273785e-01 5.85755825e-01 9.69337368e+00
  1.86337495e+00 6.33051491e+00 2.03777122e+01 5.65342307e-01
  2.22038507e+00 1.91610432e+00 2.84269476e+00 1.16873905e-02
  2.68349469e-01 2.08630347e+00 4.52029991e+00 6.02225924e+00
  2.33365893e+00 0.00000000e+00 1.72877944e+00 2.82785654e+00
  2.19071198e+00 5.23411512e-01 4.84601021e+00 6.93040180e+00
  1.44497991e+00 5.65583050e-01 2.96146107e+00 1.04977095e+00
  9.26274061e-01 3.02459121e+00 1.43409252e+00 7.59042382e-01
  3.33418101e-01 2.18173712e-01 1.17400861e+00 1.63587332e+00
  4.34755707e+00 1.92572057e+00 8.17348766e+00 2.18039179e+00
  1.24168813e+00 1.29609740e+00 2.85020113e+00 0.00000000e+00]]