[[4.0824679e-01 1.4856368e+00 2.8382120e+00 1.0254862e+00 1.0214691e+00
  3.6923788e+00 2.4705288e+00 3.3318865e+00 1.0122687e+00 1.8686962e+00
  1.8457696e+00 0.0000000e+00 7.8546137e-01 2.5437477e+00 0.0000000e+00
  2.0588355e+00 1.0040165e+00 7.7705538e-01 7.6495104e-02 9.4762373e+00
  1.5482411e+00 8.1416750e+00 1.4782181e+00 2.3412897e-01 0.0000000e+00
  1.0162725e+01 2.1799566e-01 5.0575070e-02 3.0219811e-01 3.0494648e-01
  3.5573184e+00 2.3990242e+00 7.6248962e-01 1.3887904e+01 1.2403316e-01
  3.8705669e-02 6.0110483e-03 1.2774137e-01 6.8304090e+00 2.5333223e-01
  9.1637731e-01 2.2986484e+00 0.0000000e+00 8.3247852e+00 5.3547729e-02
  1.1416456e+00 6.2326870e+00 7.9896541e+00 6.4508033e-01 1.4032311e+00
  1.3108542e+00 2.0247717e+00 1.5800619e+00 6.7462020e-02 1.6288633e+00
  4.1010118e+00 1.4328604e+00 1.1475750e+01 5.1996642e-01 1.8411050e+00
  6.4010870e-01 1.0641292e+00 3.2861378e+00 9.3825693e+00 1.4760674e+00
  1.5501046e+00 1.0180236e+00 9.6213502e-01 2.8835630e+00 5.9557214e+00
  3.7474370e-01 4.0421522e-01 0.0000000e+00 1.6779877e+00 4.8164692e+00
  5.8368790e-01 1.8049698e+00 3.8279662e-01 8.0600911e-01 1.7094588e+00
  5.9153457e+00 4.3698750e+00 1.1338359e+01 9.8579556e-01 3.1239281e+00
  1.2987648e+01 1.2659811e+00 1.6847466e+00 6.8744788e+00 0.0000000e+00
  7.3176618e+00 7.2976522e+00 1.1452132e+00 6.7669883e+00 5.3333151e-01
  6.2918544e-01 2.6220908e+00 4.3562188e+00 1.7235948e+00 6.0193014e+00
  8.4401265e-02 9.6743751e-01 1.7688313e+00 6.7294345e+00 5.9465188e-01
  8.2773286e-01 7.4949294e-01 3.0696695e+00 5.0129151e+00 2.4623497e+00
  3.9939065e+00 2.3504453e+00 1.7823359e-01 9.6195936e-01 1.5784476e+00
  4.2126900e-01 5.1326013e+00 5.4720664e-01 1.6140867e+00 3.7861104e+00
  7.3780233e-01 8.2086515e-01 8.9405465e-01 6.6148276e+00 2.6876760e+00
  4.6362715e+00 4.7423940e+00 0.0000000e+00 5.0758505e+00 2.2526775e+01
  4.4805260e+00 2.1447005e+00 7.7414427e+00 1.4481561e+00 1.7349203e+00
  1.4450049e+00 3.5262723e+00 6.3981752e+00 4.8433566e-03 2.2628264e+00
  7.3874772e-01 1.2622269e+00 1.2053918e+00 4.9984694e+00 2.5343132e+00
  6.1281210e-01 2.1141925e+00 1.0382176e-01 4.5010800e+00 3.6866301e-01
  1.4105810e+00 3.5607352e+00 6.3260884e+00 1.5818075e+00 1.8428320e-01
  4.3303952e+00 3.6420672e+00 4.8401782e-01 1.5477493e-01 4.8614070e-01
  7.2469890e-01 4.6714516e+00 1.4035161e+00 1.4226847e+00 1.1856640e+01
  7.0865412e+00 1.5092511e-01 1.4283757e+00 1.2108031e-01 1.7532710e+00
  3.0369103e+00 3.9325092e-02 5.0745735e+00 2.1235390e+00 5.8962435e-01
  6.1653075e+00 2.8576851e+00 2.7071974e-01 1.9846034e+00 4.0297976e+00
  8.2847255e-01 0.0000000e+00 3.6936758e+00 6.1262870e-01 5.3551111e+00
  8.2059097e-01 5.5551445e-01 4.8577504e+00 2.9767447e+00 1.8635366e+01
  1.2113509e+00 4.3098066e-02 3.7492485e+00 6.8415627e+00 5.6275272e+00
  2.9636548e+00 1.2146354e+00 6.2032022e+00 3.7836428e+00 1.7399118e+00
  8.5039930e+00 0.0000000e+00 3.3536129e+00 1.9855355e-01 5.6741476e+00
  2.7607400e+00 1.8712178e+00 2.8378828e+00 4.4130737e-01 1.1399235e+01
  2.1965909e+00 9.5632401e+00 5.9048480e-01 3.0907423e+00 1.5937941e-01
  0.0000000e+00 6.1941367e-01 1.1667144e+00 4.1920409e+00 5.0607109e+00
  0.0000000e+00 5.1900911e+00 6.4793783e-01 1.1496555e+00 1.6953129e+00
  1.3845072e+00 1.7027838e+00 3.2783481e-01 2.9803982e+00 2.4917855e+00
  5.7646518e+00 2.7492398e-01 3.2742910e+00 3.3163682e-01 1.2826722e+00
  1.7978676e-01 2.2021403e+00 3.8231230e+00 2.5309706e+00 7.2971982e-01
  2.3331535e+00 3.0887899e+00 2.7176390e+00 1.3866348e+00 3.2209423e+00
  5.0019050e+00 1.0293642e+01 8.9046532e-01 4.6389171e-01 5.1817164e+00
  2.0985887e+00 2.2969763e-01 2.5934613e+00 1.3005534e+00 1.9475998e+00
  0.0000000e+00 8.2208347e-01 2.1959836e+00 1.2265902e+00 6.0641432e+00
  2.7949232e-01 1.1148680e+00 0.0000000e+00 5.6250138e+00 3.7568760e+00
  1.3989629e-01 1.0621835e+00 9.5622703e-02 9.1155624e+00 0.0000000e+00
  8.9535456e+00 2.7035596e+00 3.0776420e-01 1.6157810e-01 1.2977626e+00
  3.1329820e-01 1.2540833e+01 7.0456821e-01 1.3851181e+00 2.3696680e+00
  5.1548181e+00 1.4825478e-01 4.6089602e+00 7.8132076e+00 8.7120461e-01
  0.0000000e+00 9.8503847e+00 2.7056057e+00 1.8833196e+00 3.2398635e-01
  0.0000000e+00 2.5059242e+00 2.7195981e+00 2.4090183e+00 1.8572453e+00
  5.1549476e-01 3.9101869e-01 0.0000000e+00 6.6019239e+00 6.6566303e-02
  5.5678949e+00 9.2517529e+00 3.7079549e+00 3.5687917e-01 5.2238864e-01
  4.7358646e+00 3.7085941e-01 5.5860939e+00 2.2981126e+00 4.5216155e-01
  2.5526111e+00 3.3234630e+00 2.6553445e+00 6.6171545e-01 6.0802803e+00
  5.5963641e-01 2.7812274e+00 9.8850174e+00 1.2595468e+00 9.4400696e-02
  4.3593690e-01 1.2139581e-01 3.8576107e+00 2.7274067e+00 3.7559004e+00
  3.2141495e-01 5.7787490e+00 1.3539017e+00 1.0684632e+00 8.4290415e-01
  1.6584647e+00 7.9378376e+00 2.2561786e+00 5.7007828e+00 1.1314762e+01
  4.7330909e+00 0.0000000e+00 4.2249417e+00 3.1168452e-01 5.2630620e+00
  1.4832404e+00 1.0731198e+00 3.5451405e+00 2.0191510e-01 2.5497670e+00
  9.1427529e-01 1.5770116e+00 1.1504908e+00 4.7935472e+00 8.1823087e-01
  8.0353044e-02 1.2214751e+00 2.4433646e+00 2.2373869e+00 2.6548810e+00
  0.0000000e+00 6.3352451e-02 1.1339726e+01 0.0000000e+00 2.0869269e+00
  1.4831585e+00 1.0004904e+00 2.7243528e+00 2.0257807e+00 3.0205512e+00
  1.6345404e+00 2.1775995e+01 1.5272501e+00 1.2966825e+00 6.4064592e-01
  2.5639364e-01 1.2360095e-01 1.0186532e+01 2.4965124e+00 4.4021263e+00
  6.3233024e-01 1.1856706e+00 3.7248282e+00 3.6103678e+00 5.8509073e+00
  6.9817872e+00 7.0055890e+00 4.3498430e-01 5.4053211e-01 9.0328264e-01
  1.2057804e+00 2.6520150e+00 1.3904637e+00 5.6317919e-01 5.0711093e+00
  6.0680385e+00 3.5875497e+00 6.2142105e+00 4.0313411e+00 2.6794374e+00
  2.0214601e+00 5.9481926e+00 0.0000000e+00 3.1056325e+00 5.7619514e+00
  2.8095751e+00 8.2150593e+00 2.2465303e+00 3.7303755e+00 4.8685379e+00
  5.2563748e+00 5.2050090e+00 4.6863885e+00 0.0000000e+00 2.7568378e+00
  5.3041854e+00 6.9738884e+00 1.5746970e+00 7.8521991e+00 8.5631812e-01
  2.6993904e+00 1.6782477e+00 0.0000000e+00 0.0000000e+00 1.1812986e+00
  8.8005519e-01 1.0058966e+00 7.8710330e-01 3.5113401e+00 2.3790205e+00
  4.2546482e+00 9.4123602e+00 3.6266665e+00 1.8508515e+00 2.0750012e+00
  3.2190228e+00 9.6286213e-01 9.4749498e+00 2.1799707e+00 4.0836431e-02
  4.2310028e+00 1.4782429e+00 7.0901674e-01 4.2485499e-01 1.3725412e+00
  1.2654780e-01 2.0965043e-01 1.1163129e+00 1.2891364e+00 7.2876759e-02
  1.4636885e+00 2.0420594e+00 1.9173399e+00 7.2043173e-02 7.4514955e-01
  1.4290882e+00 3.6987226e+00 2.9337323e+00 3.0903037e+00 3.8278093e+00
  4.3256297e+00 8.5235947e-01 2.2207954e+00 3.1372263e+00 2.5120149e+00
  1.0219578e+00 3.5694082e+00 5.3458667e-01 1.8710968e-01 1.5404688e+00
  1.4141638e+00 8.7090915e-01 2.1445413e+00 9.7627681e-01 3.4687753e+00
  1.1393894e+00 1.8501790e+00 5.1578194e-01 4.3224459e+00 2.4673877e+00
  8.4241331e-01 0.0000000e+00 4.9478853e-01 1.9118400e+00 6.9612384e-01
  1.7362677e-01 1.0765345e+00 4.7839909e+00 1.2564737e+01 5.6836909e-01
  2.9002014e-01 1.0284399e+00 6.9590807e-01 1.8564088e+00 4.9780693e+00
  1.3127356e+00 1.2277503e+00 9.6055913e-01 5.6478529e+00 1.7502110e+00
  1.7535390e+00 3.3113952e+00 1.3492991e+00 2.8217807e+00 2.1707730e+00
  9.6912918e+00 3.1421866e+00 1.9535009e+00 2.5068200e+00 2.9286330e+00
  1.8090347e+00 7.0824976e+00 2.4986117e+00 2.6289442e+00 4.5189422e-01
  1.9225340e+00 7.1393043e-01]]