[[7.62560654e+00 2.99862838e+00 2.31758022e+00 8.47946346e-01
  1.42068017e+00 7.28006124e+00 3.37715936e+00 7.23485041e+00
  2.03531122e+00 1.80484855e+00 1.28300095e+01 4.52999926e+00
  3.82488704e+00 8.79138231e-01 1.18105211e+01 4.59686804e+00
  1.56997335e+00 1.11860478e+00 1.81539953e+00 2.05304909e+00
  4.53204679e+00 3.32429528e+00 1.00297856e+00 2.54871160e-01
  2.44197205e-01 2.24742818e+00 2.79623531e-02 7.48920068e-02
  1.01187420e+00 2.02851081e+00 6.63481176e-01 1.15738022e+00
  1.05914980e-01 2.68475771e+00 5.60780227e-01 1.24074996e-01
  9.99342918e-01 6.70655012e-01 8.54593217e-01 3.99605680e+00
  1.11579575e-01 1.31113040e+00 2.37202525e+00 5.19795418e+00
  4.45829071e-02 1.82456160e+00 2.77369571e+00 4.25671005e+00
  1.68407691e+00 2.86027408e+00 1.40555978e+00 0.00000000e+00
  1.98215216e-01 0.00000000e+00 1.30116863e+01 8.14215243e-02
  1.62062919e+00 1.98027566e-01 0.00000000e+00 1.78698945e+00
  2.19431472e+00 1.35695446e+00 9.62765408e+00 8.08472824e+00
  3.28474045e-02 2.02757907e+00 0.00000000e+00 5.58590269e+00
  1.31786442e+00 7.38599634e+00 5.21323776e+00 4.65040922e-01
  3.51159900e-01 4.38826370e+00 1.90374076e+00 2.91868210e+00
  1.69224858e+00 7.69127941e+00 1.79987955e+00 5.55321503e+00
  3.33531976e+00 7.66619205e-01 2.73171282e+00 2.70310807e+00
  1.09322710e+01 5.92736769e+00 1.93106246e+00 7.49913263e+00
  9.95056212e-01 1.97477639e+00 1.91465139e+00 0.00000000e+00
  4.24762338e-01 1.01468825e+00 9.11172009e+00 4.29436117e-01
  3.87169480e+00 1.58977270e+00 6.76580381e+00 6.53539562e+00
  6.06685340e-01 3.09575915e-01 7.35919809e+00 5.10050583e+00
  4.80758667e-01 4.31354016e-01 5.56512952e-01 4.79193544e+00
  1.90095261e-01 6.92952108e+00 0.00000000e+00 6.29088879e+00
  4.64009583e-01 0.00000000e+00 2.53842807e+00 3.44366580e-01
  6.68747127e-01 6.26205301e+00 3.21436024e+00 6.47984445e-01
  3.63954663e+00 2.58354209e-02 2.87080383e+00 1.22600183e+01
  0.00000000e+00 2.37290263e+00 5.01013756e-01 2.97481179e+00
  1.53327495e-01 6.27892494e+00 5.08530855e+00 9.21807110e-01
  6.81026363e+00 2.68182367e-01 6.39508903e-01 1.91440237e+00
  3.67927241e+00 1.71919346e+00 1.03849850e+01 3.57516408e+00
  6.28095686e-01 4.98664808e+00 2.07063183e-01 2.31029034e+00
  6.55052781e-01 0.00000000e+00 6.35848999e-01 5.36516249e-01
  2.00392175e+00 5.31097114e-01 5.35795167e-02 9.71912801e-01
  1.35018361e+00 1.71487331e+00 8.14405501e-01 2.68163490e+00
  1.09868908e+00 8.15808964e+00 2.02902460e+00 3.61488223e+00
  2.79008913e+00 5.10891819e+00 1.79451871e+00 2.72994280e+00
  3.82333755e+00 1.65836692e+00 0.00000000e+00 5.98655820e-01
  1.78062582e+00 2.65244412e+00 1.82012141e+00 1.89855111e+00
  1.27782679e+00 1.66389542e+01 1.77230155e+00 3.20357060e+00
  1.81908226e+00 3.33906484e+00 6.54922485e+00 2.91848683e+00
  7.57987499e-01 3.85866618e+00 3.12043142e+00 8.05143639e-02
  6.20183563e+00 4.82415438e+00 7.66163290e-01 0.00000000e+00
  2.38692880e+00 3.91241610e-01 1.87776470e+00 1.62095651e-01
  0.00000000e+00 2.08381343e+00 8.85745943e-01 3.14312458e+00
  3.24400544e+00 4.48297787e+00 4.23816061e+00 5.14825201e+00
  2.99009490e+00 3.00014877e+00 0.00000000e+00 1.50992628e-02
  3.54939556e+00 7.09685564e-01 4.75000048e+00 7.15553835e-02
  4.85195547e-01 1.53056550e+00 2.43821597e+00 6.67473853e-01
  9.87820268e-01 3.06650662e+00 2.83739805e-01 1.16170919e+00
  1.31519783e+00 7.02466774e+00 1.03399169e+00 3.81000376e+00
  5.10679293e+00 7.09796524e+00 5.63560963e+00 0.00000000e+00
  2.40157127e+00 7.42671132e-01 8.25294733e-01 6.33676004e+00
  2.97192812e+00 2.92913795e+00 1.24512076e+00 1.23554802e+00
  2.23946500e+00 2.51764804e-01 1.18611538e+00 3.11246634e+00
  4.18495941e+00 9.41441834e-01 4.04203922e-01 1.00657654e+00
  2.73659974e-01 4.18348217e+00 1.19198084e+00 1.33350766e+00
  0.00000000e+00 5.71689844e+00 6.55700254e+00 1.46942377e-01
  3.53085423e+00 5.51837778e+00 2.28840399e+00 2.62198591e+00
  5.96831083e+00 8.71525574e+00 5.07979727e+00 3.03391075e+00
  1.27376747e+00 9.57142889e-01 4.99575233e+00 2.70392776e-01
  3.75797868e-01 0.00000000e+00 0.00000000e+00 1.97455198e-01
  5.35933065e+00 5.79599619e-01 5.63308239e-01 2.30171472e-01
  2.78840613e+00 6.64311886e-01 3.01943898e+00 2.36682701e+00
  1.33001101e+00 6.04257870e+00 4.10538578e+00 1.77558339e+00
  2.93244362e+00 3.65226316e+00 4.66765463e-02 2.18913364e+00
  5.16751337e+00 1.66420043e-01 2.34862685e+00 0.00000000e+00
  2.98631382e+00 5.51119685e-01 9.00548172e+00 7.45507061e-01
  3.43812346e-01 1.00056524e+01 4.62152530e-03 4.68703699e+00
  5.70296192e+00 1.59756076e+00 4.19628429e+00 5.27408266e+00
  1.36446679e+00 2.14124274e+00 5.15757442e-01 7.34922051e-01
  4.48048449e+00 1.21238244e+00 9.82830524e+00 0.00000000e+00
  4.26818132e-01 2.26759005e+00 6.09899521e+00 3.36104941e+00
  5.82571650e+00 0.00000000e+00 1.93673003e+00 1.13286743e+01
  6.24404955e+00 2.20492530e+00 2.21201375e-01 7.09600258e+00
  2.45247459e+00 2.85748816e+00 1.68828845e+00 1.22296131e+00
  2.65712094e+00 1.84014440e+00 1.78001714e+00 3.92240930e+00
  3.02266574e+00 5.62220240e+00 3.82914734e+00 7.25994825e-01
  1.95590627e+00 9.53470528e-01 3.50093752e-01 5.32676637e-01
  0.00000000e+00 8.33971024e+00 4.26016092e+00 1.34123194e+00
  1.89357793e+00 1.23956184e+01 3.08710623e+00 1.09804094e+00
  0.00000000e+00 2.45567155e+00 3.82428098e+00 5.99199295e+00
  1.92024624e+00 1.47474825e-01 7.26698208e+00 3.46804082e-01
  2.17666197e+00 3.07204485e-01 3.16550612e+00 3.14403027e-02
  0.00000000e+00 0.00000000e+00 4.05597496e+00 2.49726310e-01
  6.64406347e+00 1.33616281e+00 1.70544839e+00 2.59239435e-01
  5.11937094e+00 0.00000000e+00 2.32070661e+00 4.94506836e-01
  4.58991003e+00 3.90955925e+00 3.15449834e+00 3.29446286e-01
  0.00000000e+00 2.34807348e+00 0.00000000e+00 4.88717699e+00
  4.28360319e+00 2.20752406e+00 6.23521984e-01 3.91500425e+00
  2.48191452e+00 1.86418498e+00 8.69692117e-02 3.44218040e+00
  3.52085280e+00 3.25559759e+00 1.82667184e+00 1.33902979e+00
  1.70174932e+00 5.97866364e-02 1.77275085e+00 1.53517032e+00
  1.76742315e+00 2.85235906e+00 7.13695109e-01 3.60121369e+00
  1.57714927e+00 3.33593988e+00 1.39411128e+00 1.19706917e+00
  4.53195333e+00 1.18350101e+00 3.67326450e+00 5.80447793e-01
  2.58337831e+00 2.84750843e+00 3.30858135e+00 1.28306723e+00
  4.66073275e+00 4.89995193e+00 1.02920496e+00 6.03036642e+00
  1.40905082e-01 5.54832630e-03 3.38990629e-01 9.79312181e-01
  6.82675505e+00 0.00000000e+00 0.00000000e+00 7.08272505e+00
  7.48029828e-01 8.54530096e-01 5.17676640e+00 5.49136305e+00
  2.49755883e+00 3.68704349e-02 3.75386691e+00 7.03728580e+00
  1.93126351e-01 2.96148491e+00 5.33248723e-01 2.93475533e+00
  3.93112922e+00 2.03909874e+00 1.52541029e+00 0.00000000e+00
  1.35158091e+01 3.08471274e+00 3.18744928e-01 1.99873403e-01
  2.66924548e+00 1.04571033e+00 7.20436499e-02 5.73583364e+00
  8.05429399e-01 2.12394342e-01 3.06008190e-01 8.58033752e+00
  1.07018664e-01 7.45309174e-01 7.81659722e-01 1.81560874e+00
  1.61024928e+00 6.54197693e-01 2.77710748e+00 4.76289654e+00
  8.91520691e+00 2.77173424e+00 9.00943577e-01 1.44804728e+00
  1.45428782e+01 1.33645344e+00 5.99304581e+00 2.86294937e+00
  1.51790357e+00 1.03503299e+00 2.37642288e+00 3.42645454e+00
  3.35569167e+00 3.00392580e+00 9.32296991e-01 3.07170534e+00
  4.84940588e-01 1.21441865e+00 3.76056409e+00 9.72620070e-01
  4.39018917e+00 6.32210922e+00 0.00000000e+00 4.71659362e-01
  1.53656089e+00 2.16057301e+00 6.41466856e+00 2.21403480e+00
  3.12420678e+00 5.99201739e-01 6.54113472e-01 2.65719676e+00
  7.37553024e+00 6.80568457e-01 1.56276691e+00 1.96172369e+00
  1.55434775e+00 9.69845676e+00 9.48919201e+00 1.30397189e+00
  2.13059974e+00 3.24043244e-01 1.77544487e+00 7.62853920e-01
  5.31966162e+00 1.25143595e+01 5.13331032e+00 1.98510039e+00
  4.29604530e+00 4.66855258e-01 0.00000000e+00 1.20661201e+01
  3.68645549e+00 0.00000000e+00 5.54175758e+00 1.78668523e+00
  1.20488179e+00 2.09420180e+00 1.79535270e+00 7.14164153e-02]]