[[ 1.38499     5.8026237   1.2770901   3.6342678   0.          6.1225877
   3.5635781   3.1277862   0.          0.5233945   5.0851836   2.399349
   1.7111094   1.3362322   0.8033226   5.182033    1.9444828   0.6070592
   5.2530003   8.029624    9.763008    0.12144229  4.594585    5.706768
   1.371651    9.141054    5.528263    5.6301904   8.175468    5.023018
   2.912801    1.7120625   2.3110526   4.4911137   1.0336417   2.4189246
   1.8630228   0.87822616  1.9244432   7.0039997   2.0037355  10.33935
   3.283437    3.3722765   2.1172423   4.1663017   3.2269015   6.8396773
   2.0368843   2.6272085   2.5547204   9.088855    0.5777986   6.876778
   1.817664    1.5092973   3.4551704   8.253144    0.43052238  0.43907106
   1.1095232   2.109342   11.639529    3.0876753   1.2625408   2.076096
   0.9891281   0.05649598  4.3791933  11.814242    4.9010506   0.49430844
   4.656462    4.7727604   4.3945255   1.4102025   1.2869612   2.2105076
   4.105914    1.5287304   0.          3.7724683   8.96057     3.2901816
   3.3283267   4.100007    0.70687914  4.46128     4.5643425   2.3782759
   8.6034775   2.8142302   4.4718003   4.6757727   4.0377383   3.6700463
   3.2093956   7.4653163   2.3216665   6.444456    0.1559985   5.548405
   3.3017414   4.4370236   7.6012883   0.771594    0.          1.906812
   7.284951    5.0415134   2.8874006   3.6322594   6.118029   15.997596
  10.22449     3.1883352  13.979405    1.9548131   1.0958358   1.0288315
   2.4426494   1.6652048   1.098571    1.1697707   3.6812077   3.805488
   1.1645      0.22350793  0.35504127 18.581182    3.1344187   3.2586327
   5.3413506   3.923702    3.7875135   5.249393    2.2529025   2.376704
   4.676715    1.6066468   0.65278596  3.128872    4.365507    3.1910207
   4.131716    3.364667    4.4776025   1.0755887   1.8376497   3.071652
   3.6280937   2.4921305   6.4561872   3.3295856   0.30369258  7.424281
   2.633665    5.220863    4.087589    0.71305186  4.349267    3.1358945
   1.5520812   1.9761434   3.4894829   1.3552155   1.8867116   2.2073028
   0.7325673   1.0491858   4.335083    4.0514727   4.4963923   1.1473713
   0.9396933   0.78421915  5.350959   10.601396    1.6314276   5.2754045
   0.5152006   0.4830144   6.7814107   0.10395686  2.4973078   1.1356965
   6.353463    1.0198874   1.9092927   9.948259    0.38273773  0.03297864
   3.6489499   2.0989735   2.6284456   0.16317905  0.24546403  4.720184
   1.9761021   1.4266266   1.8777566   3.5463066  10.229378    2.2727714
   8.04284     0.14244758  2.9278104   5.7271843  13.79011     6.410081
   0.5160438   2.8658578   0.          2.5883324  15.298307    1.3297633
   5.8517876   1.6377416   3.806243    1.699678    0.04833428  1.6331476
   4.818836    7.2410684   9.906391    3.4160137   0.24736008  5.5012474
   2.0189435   0.          1.960579   11.531213    1.9921892   2.8278043
   0.2725503   6.5566363   3.0015764  12.364499    2.1144557   3.2411394
   3.9542055   1.2592938   2.652005    5.5917473   1.5850686   3.0474367
   4.469488    6.630207    1.2376046   0.15319104  7.155858    1.485285
   4.150447    1.5336083   6.32208     0.35796887  6.3405843   0.31201738
   0.22842409  1.3048614   6.0932374   1.606534   10.68838     5.7205405
   0.33462486  0.785833   17.117027    3.7135274  12.084307    5.5557194
   1.5990034   0.20708117  0.30019635  3.2961519   4.683619    1.4569248
   8.46917     0.5844718   3.2079947   2.4081886   6.0131063   5.598844
   1.919799    3.7379975   1.761726    0.         15.469348    4.663955
  13.420947    1.7891479   3.1862924   2.84251     2.0731814   0.49995464
   6.326798   13.679062    5.61115     4.8717623  12.951428    0.3000079
   1.4182444   5.0653653   4.5635324   2.0891182   3.6559346   4.932499
  13.440815    0.02742566  0.12246281  9.92907     0.02024956  7.3629417
   2.4059455   6.134212    2.4841566   1.6066703  11.23081    13.241366
   2.3864617   3.603453    3.908147    5.678293   11.241056    4.510929
   5.20335     1.2847911  12.761921    1.3011867   7.299182    1.357169
   0.403635    5.5002265   1.6684291   7.163729    6.637871    9.160235
   2.056869    4.7366223   5.9844747   9.152278   12.615897    0.48362514
   0.9966123   0.03080092  2.1896725   3.7200053   7.8949385   1.7371287
   1.8302219   1.2232124   2.8564954   0.81829447  1.8818246   8.500835
   2.3486428   0.42889902  1.9406196   8.522461    0.04617326  0.16487776
  13.015462   11.198844    3.3745522   5.6358337   0.52878803  0.77176493
   4.983176    6.282239    6.3420672   4.0132513   3.8661048   2.7962484
   1.870365    2.7417686   3.9210763   1.7298728   3.4827342   6.3433495
   1.7097564   5.331496    4.893406   10.088895    0.7512545   5.8507953
   5.4628506   0.02162554  5.3925295   1.601775    1.6410371   7.5311155
   3.0954459   3.5880258   3.8223314   5.1950884   4.3922853   0.
   2.0864942   5.780436    1.1772099   0.8497452   4.9647293   1.6583935
  15.715669    7.3682575   8.19885     2.9020438   2.5732248   2.517225
   7.8056765   4.410891    0.5503857   4.0674706   1.3701521   0.90231943
   6.261969    6.4972744   1.7915965   1.5047683   7.3823094   1.4437405
   8.993924    0.04218925  0.38020387  3.3292212   6.1386256   2.5080523
   5.056565    3.1606383   6.431607    6.462779    0.5927286   2.3952475
   0.982117    4.153326    0.8483935   2.1398838   9.165984    6.9723473
   0.7340446   2.5030293   1.8127893   9.480805    1.9722004   1.6320252
  18.003922    3.9571228   7.0164475   2.2291272   4.9849176   1.8087987
   2.7228324   6.325563    6.2624593  19.506453   12.157706    0.1717287
   0.3346809   6.53216     0.         12.264456    2.2772772   4.99849
  10.067318    6.6183653   0.21576726  4.681983    4.3345714   3.4668274
  13.790835    0.6167524   2.1495724   0.          0.          5.639003
   0.8480061   0.133471    0.33428952  2.9190166   1.0318744   5.107057
   3.9848142   0.28098845  2.7019207   3.317553    2.334945    5.339789
  14.006522    1.4695916   1.0736563   4.911099    4.1545053   4.407102
   0.8665789   0.07113418  3.173124    3.9275815   4.0808043   0.
   0.7141373   2.018313    3.4937623   0.9413187   0.          3.6245134
   2.2243085   0.37498197  0.98256606  6.4734592   2.3422267   3.076999
   7.033828    2.732188  ]]