[[7.1885276e-01 8.3034096e+00 4.3902555e+00 1.5075246e+00 4.0031934e-01
  1.6260988e+00 2.7855492e+00 6.4112167e+00 1.3989619e+01 1.8880693e+00
  1.1831341e+00 3.0339477e+00 0.0000000e+00 1.8027802e+00 3.0529973e-01
  6.4432442e-02 8.5005009e-01 8.9816141e+00 3.5192378e-02 1.8929632e+00
  1.1253244e+00 3.6934385e+00 1.9174714e+00 0.0000000e+00 5.2145462e+00
  2.3862464e+00 0.0000000e+00 6.4138489e+00 3.4205759e+00 6.6635294e+00
  8.6174721e-01 4.1449059e-02 2.8522146e+00 4.4136767e+00 0.0000000e+00
  7.2019053e-01 2.9101400e+00 2.5011072e-01 1.5931006e+01 1.8793745e+00
  5.1448715e-01 1.2004360e+00 5.7041826e+00 6.2219162e+00 6.7065086e+00
  2.3711610e+00 1.0659517e+00 1.7213629e+00 6.8526473e+00 9.4120207e+00
  3.3785994e+00 3.6952586e+00 6.7761153e-01 8.8845545e-01 4.9856558e+00
  1.4815841e+00 1.2509285e+01 3.0111930e+00 1.1274555e+00 0.0000000e+00
  3.5023828e+00 4.2661133e+00 1.1913050e+01 4.6361084e+00 4.3773055e-01
  6.0752029e+00 3.4350450e+00 1.7585466e+00 0.0000000e+00 2.2610832e+01
  4.9027777e+00 1.3723111e-01 9.3717308e+00 1.0034744e+01 1.3938892e+01
  1.7844743e+00 6.3191599e-01 6.1572552e+00 0.0000000e+00 1.7754672e-02
  1.2265680e+00 3.2394142e+00 7.8064352e-01 1.6760325e+00 7.6309562e-01
  1.1594887e+01 3.1385294e-01 2.7895315e+00 7.0480409e+00 1.7018534e+00
  5.4963884e+00 1.6286219e+00 0.0000000e+00 9.8770485e+00 4.8178225e+00
  8.8042729e-02 3.4467263e+00 3.6931400e+00 4.7176414e+00 5.1395755e+00
  4.9099731e+00 7.6016206e-01 1.0938449e+01 8.6166792e+00 6.1409026e-01
  0.0000000e+00 2.1384208e+00 6.4892218e-02 1.0220844e+01 5.9537296e+00
  2.7049688e-01 8.9822664e+00 1.1745881e-01 3.1751254e+00 1.2594650e+01
  3.6256298e-01 6.3290324e+00 7.1476325e-02 1.0847316e+01 4.6780858e+00
  4.5282182e-01 1.2413139e+01 0.0000000e+00 8.3694592e+00 0.0000000e+00
  5.4596651e-01 6.6778750e+00 1.6346054e+00 1.6809895e+01 5.6504836e+00
  4.8242769e-01 3.1600869e+00 3.9096779e-01 1.5311271e+00 1.0538080e+00
  1.3695153e+00 9.2113352e-01 3.5133350e+00 1.7824243e+00 2.9101896e+00
  4.3147993e-01 0.0000000e+00 9.9403849e+00 1.1379194e+01 2.0012658e+00
  2.0473443e-01 0.0000000e+00 0.0000000e+00 7.5623317e+00 2.0707085e+00
  0.0000000e+00 4.5895009e+00 3.5436120e+00 0.0000000e+00 1.0842100e-01
  5.0148368e-01 1.2358433e-01 6.8573198e+00 2.8582418e+00 2.9568119e+00
  2.3655958e+00 1.6594009e+01 1.9834703e+00 9.5288801e-01 9.6285307e-01
  6.5519190e+00 1.0269352e-02 2.2991650e+01 7.3734276e-02 1.4800778e+01
  1.0241829e+01 3.1885362e-01 1.9335030e+01 3.2987649e+00 5.2279687e+00
  1.5160945e+01 2.3995709e+00 0.0000000e+00 9.8130732e+00 1.9701096e+01
  5.9651846e-01 7.8543574e-01 4.4545403e+00 3.1520823e-01 2.1808258e-01
  3.4702349e-01 1.0949090e+00 2.4651654e+00 2.8406098e+00 2.0849903e+00
  0.0000000e+00 0.0000000e+00 1.3947430e+01 1.8337239e+00 8.9054978e-01
  9.6501827e-01 2.8091133e+00 0.0000000e+00 1.0041047e+00 0.0000000e+00
  1.0238195e+01 0.0000000e+00 8.0574560e+00 1.0962988e+00 0.0000000e+00
  1.8594781e+00 2.9886153e+00 4.7922640e+00 2.5623341e+00 4.2700047e+00
  9.0986032e+00 6.7710571e+00 1.3868627e-01 2.0604780e+00 0.0000000e+00
  0.0000000e+00 0.0000000e+00 4.6400323e+00 6.1212879e-01 2.1061592e+00
  1.4646125e+00 1.6490335e+00 3.8425617e+00 1.1160232e+00 2.3766208e+00
  3.1718140e+00 7.9090166e+00 8.6660302e-01 7.2670164e+00 3.9850698e+00
  3.3969455e+00 2.2205003e-02 5.5576396e+00 6.1998224e-01 2.5078387e+00
  9.1034257e-01 9.7827487e-02 2.7587314e+00 1.3610697e+00 1.7891121e+01
  3.2473309e+00 1.0940109e+01 1.1964611e-01 2.2725341e+00 8.2363901e+00
  5.8499336e+00 6.3027258e+00 2.5442281e-01 8.7157660e+00 9.2698205e-01
  0.0000000e+00 5.8957968e+00 6.7413983e+00 2.4416099e+00 3.2570944e+00
  0.0000000e+00 4.6156871e-01 3.8553138e+00 2.1566725e+00 7.5748501e+00
  0.0000000e+00 6.2167482e+00 0.0000000e+00 1.2257318e+01 2.1360340e+00
  3.6113138e+00 5.2346706e+00 6.0595050e+00 5.4723996e-01 9.7930902e-01
  2.3677270e+00 0.0000000e+00 3.4222395e+00 5.5206733e+00 1.0169966e+00
  2.1803556e-01 8.9210358e+00 4.2309961e+00 8.2325107e-01 2.7586529e-01
  6.7851605e+00 4.5795608e+00 6.1487818e+00 2.5188813e+00 1.8856090e+00
  3.7908691e-01 1.0982308e+00 4.0805855e+00 4.4661250e+00 5.2480588e+00
  3.8093076e+00 1.6827955e+01 4.9185433e+00 7.2280698e+00 3.4830594e+00
  2.7877989e+00 0.0000000e+00 1.2736449e+00 2.8825428e-02 1.6893622e+00
  9.7663498e+00 5.6109941e-01 4.6798382e+00 0.0000000e+00 8.6443949e-01
  1.7106315e+00 4.0090628e+00 2.0160005e+00 4.2292113e+00 1.8822520e+00
  1.1794760e+00 1.4734557e-01 5.3231567e-01 1.2667588e+00 1.4889818e-01
  4.4855919e+00 0.0000000e+00 7.6972418e+00 2.5901208e+00 4.5999804e+00
  4.7215894e-01 3.8760898e-01 5.1864898e-01 3.2675729e+00 5.4995437e+00
  7.0301924e+00 4.4562197e+00 2.9422407e+00 4.0519476e-01 3.2091372e+00
  2.7045460e+00 7.6313615e+00 8.6084385e+00 6.5078039e+00 5.6458682e-01
  3.1399088e+00 0.0000000e+00 7.3700585e+00 2.0295713e+00 5.0650854e+00
  5.8016026e-01 0.0000000e+00 0.0000000e+00 1.0324468e+01 2.4653046e-01
  4.9505091e+00 2.3142648e+00 5.3847647e-01 1.9239182e+00 3.4803021e-01
  1.5932183e-01 2.5008049e+00 0.0000000e+00 0.0000000e+00 4.0103745e+00
  5.5668688e-01 5.6692686e+00 1.4525841e+01 1.1663733e+01 1.1590362e-01
  4.7881494e+00 3.1975508e-01 1.6162840e+01 1.0338479e+00 9.0361319e+00
  1.5577345e+00 1.1184171e+00 1.2629153e+00 1.5814787e+00 3.2981946e+00
  2.4329687e-02 1.5692378e+00 3.0233756e-01 9.2740548e-01 4.5284796e+00
  1.3581887e+00 4.8256898e+00 4.8524523e-01 6.0708928e+00 4.3688250e+00
  3.8832712e-01 1.0155546e+01 4.3585944e+00 1.9446274e+00 9.6000290e+00
  2.2714357e+00 1.8069549e+00 7.7885032e-02 1.5993122e+00 2.9862599e+00
  5.9687543e+00 1.6832961e+00 1.5711031e+01 2.8918450e+00 2.0158051e-01
  8.9052372e+00 1.0405141e+00 1.8093835e+00 3.7294593e+00 1.4943035e+00
  2.2803900e+00 6.3594985e+00 3.9263430e+00 1.2368665e+01 4.4539323e+00
  4.6957726e+00 2.0678585e+00 9.5841541e+00 0.0000000e+00 7.6882029e-01
  5.6486754e+00 1.8246098e+00 5.1373094e-01 5.3951729e-02 5.4804224e-01
  0.0000000e+00 1.2446356e+00 4.4345818e+00 1.4902500e+00 3.5772905e+00
  5.6951857e-01 4.7116403e-02 5.1706967e+00 4.1811652e+00 5.0014715e+00
  3.4848744e-01 2.3204558e-01 2.9824867e+00 1.0805171e+01 0.0000000e+00
  8.8304605e+00 5.7903662e+00 1.0500282e+01 1.9461282e+00 2.6642540e+00
  5.3393121e+00 3.7599862e+00 4.0420394e+00 3.4598607e-01 2.0026352e+00
  3.6072602e+00 2.5133655e+00 8.8858038e-02 3.4849093e+00 1.8291257e-01
  9.2487675e-01 1.2973556e+01 6.1607796e-01 0.0000000e+00 1.6755143e+00
  3.1195812e+00 2.1364307e+00 1.8198278e+00 2.7148759e-01 1.1886390e+01
  1.0814437e+01 2.3865678e+00 4.7054276e+00 1.9977021e+00 7.4728675e+00
  1.3381450e+01 5.0062327e+00 1.5750960e+00 3.1750486e+00 0.0000000e+00
  3.7552223e-01 3.3800468e-01 3.2965808e+00 1.9858673e+00 4.4700871e+00
  3.4403852e-01 7.1290720e-01 1.5222970e+00 1.4258117e+01 2.7371788e+01
  1.8955853e+00 9.6191287e-01 6.1691781e-03 4.1921382e+00 7.0513649e+00
  8.3188051e-01 1.1966524e+00 4.3383670e+00 4.1185818e+00 6.9758214e-02
  2.0176556e+00 4.0052190e+00 0.0000000e+00 5.4546589e-01 1.6391125e-01
  1.0494376e+00 9.3750000e-01 4.1518226e+00 1.4731718e+01 6.1937780e+00
  3.1663179e+00 0.0000000e+00 9.5378380e+00 8.6633816e+00 2.2555597e+00
  7.5546825e-01 2.2216301e+00 3.9591215e+00 2.1851447e+00 9.2075882e+00
  5.3744507e+00 1.8946736e+00 2.4847147e-01 1.9171473e+00 1.1701989e+00
  6.7081037e+00 7.4369532e-01]]