[[1.69840539e+00 7.47416437e-01 4.72782469e+00 3.11550498e-01
  0.00000000e+00 1.37366068e+00 1.87931859e+00 2.21152119e-02
  3.59919727e-01 3.14565927e-01 2.17028663e-01 1.15533543e+00
  4.71346140e+00 1.33086756e-01 0.00000000e+00 3.06475639e+00
  1.85993648e+00 2.82215327e-01 8.26726973e-01 4.64128971e+00
  7.21516192e-01 6.84064531e+00 6.84882593e+00 0.00000000e+00
  6.86560059e+00 2.66542840e+00 0.00000000e+00 2.15071225e+00
  7.62982750e+00 7.87286282e-01 2.23970681e-01 0.00000000e+00
  1.76113904e+00 1.70183039e+00 4.03564572e-02 8.33986029e-02
  4.13420057e+00 0.00000000e+00 4.62216139e+00 5.74264288e-01
  1.66567802e-01 6.16093650e-02 1.53307950e+00 3.95318127e+00
  1.45714253e-01 5.24198866e+00 4.41090918e+00 1.67566085e+00
  5.56047738e-01 2.71674776e+00 2.02827430e+00 1.00351512e+00
  1.50811625e+00 2.02129555e+00 8.75839138e+00 0.00000000e+00
  2.82845950e+00 7.02331439e-02 1.98814571e-01 4.74616146e+00
  3.34893651e-02 4.76978064e+00 5.50764513e+00 8.04838085e+00
  2.02082133e+00 8.30743313e-01 5.93647182e-01 3.89098930e+00
  5.05405724e-01 1.13159907e+00 1.89295030e+00 1.47773474e-01
  0.00000000e+00 5.87314701e+00 1.03772974e+01 4.66243362e+00
  1.77766609e+00 2.15082932e+00 8.39850157e-02 6.21613979e+00
  2.99408770e+00 1.95903981e+00 4.19296598e+00 4.25269938e+00
  9.49519253e+00 1.13755131e+00 4.12361264e-01 3.76146460e+00
  4.43698883e+00 1.21905720e+00 7.14861917e+00 4.27619839e+00
  3.63350630e-01 5.30085659e+00 1.21293831e+01 8.94911110e-01
  4.90409565e+00 2.21784806e+00 0.00000000e+00 6.77287531e+00
  1.24137175e+00 2.88133137e-02 4.46567535e+00 2.83250093e+00
  0.00000000e+00 0.00000000e+00 3.26884842e+00 2.36180639e+00
  1.02567744e+00 9.19803202e-01 4.10193622e-01 9.21362758e-01
  0.00000000e+00 2.83281356e-01 1.38232315e+00 3.98832870e+00
  2.74475598e+00 0.00000000e+00 1.15586782e+00 3.73375440e+00
  7.33451605e-01 2.11782902e-02 0.00000000e+00 4.67492008e+00
  2.26117277e+00 3.98690104e+00 1.81863618e+00 2.51233292e+00
  1.14754653e+00 7.60912609e+00 6.62113857e+00 4.09748346e-01
  2.47457862e+00 5.90072453e-01 2.25853875e-01 1.78437555e+00
  3.98050141e+00 5.32264423e+00 3.97194400e-02 4.46635336e-01
  5.07307959e+00 1.27660072e+00 9.82096016e-01 3.54467845e+00
  1.82224441e+00 3.85175556e-01 1.56400585e+00 3.01860720e-01
  0.00000000e+00 0.00000000e+00 0.00000000e+00 3.18198353e-01
  2.61603737e+00 4.00783747e-01 2.45995373e-01 3.18097639e+00
  5.76760411e-01 4.63479614e+00 3.55708599e+00 3.20699883e+00
  1.17767429e+00 4.58421850e+00 2.90823579e+00 1.42029762e+00
  1.51703143e+00 1.90430331e+00 1.46408856e-01 1.34532726e+00
  0.00000000e+00 4.24522430e-01 7.12867165e+00 1.73183453e+00
  1.11839950e+00 4.01502013e-01 3.56605381e-01 3.05509776e-01
  5.92406464e+00 8.97036016e-01 6.63373756e+00 1.32138562e+00
  8.57489586e-01 4.14413452e-01 5.50727558e+00 9.57786143e-01
  6.48795795e+00 2.16801429e+00 9.55690801e-01 1.11673748e+00
  3.38159180e+00 2.78801560e-01 4.27141142e+00 5.88553138e-02
  3.16530257e-01 4.80302238e+00 7.39544678e+00 6.10465956e+00
  4.70610428e+00 2.06136554e-01 0.00000000e+00 4.62968969e+00
  1.07691872e+00 6.95085001e+00 1.11526680e+00 2.29659700e+00
  3.83813453e+00 1.30877590e+00 0.00000000e+00 2.34707165e+00
  5.90161800e-01 8.19034290e+00 4.47848737e-01 4.41266477e-01
  1.59888893e-01 4.95597571e-01 6.31251991e-01 3.91529053e-01
  8.52509141e-02 0.00000000e+00 1.19116373e-01 2.86905599e+00
  1.38185775e+00 5.43741703e+00 1.85994470e+00 0.00000000e+00
  5.80205441e+00 1.03817964e+00 1.41488850e+00 2.63885331e+00
  4.80484676e+00 1.17281902e+00 2.25675631e+00 1.15310252e+00
  3.90555382e+00 0.00000000e+00 0.00000000e+00 0.00000000e+00
  2.87829995e+00 3.72879839e+00 3.88596010e+00 1.63066411e+00
  4.62222517e-01 3.08898234e+00 5.03655243e+00 1.48907459e+00
  5.31349145e-02 3.94060636e+00 6.98816490e+00 2.53760719e+00
  4.22253311e-01 1.35854893e+01 3.82213473e+00 5.33209801e-01
  0.00000000e+00 3.92295527e+00 4.16124916e+00 2.64093995e-01
  1.09491777e+01 3.05619717e+00 3.96497869e+00 2.11879253e+00
  0.00000000e+00 1.36047736e-01 0.00000000e+00 7.54348516e+00
  2.93255544e+00 0.00000000e+00 7.09728813e+00 1.05645406e+00
  3.72498512e+00 0.00000000e+00 1.07291067e+00 2.75528479e+00
  1.70075870e+00 7.09052444e-01 2.68457651e+00 5.73387086e-01
  9.59636509e-01 4.21598643e-01 1.37563276e+00 0.00000000e+00
  8.48179054e+00 1.33175826e+00 4.57428837e+00 7.47359991e+00
  3.39302599e-01 2.09296018e-01 4.79634428e+00 4.97862005e+00
  4.61282015e+00 1.54904795e+00 6.71407843e+00 3.50012183e+00
  2.44459963e+00 1.52257955e+00 2.06499243e+00 1.50433493e+00
  7.71989882e-01 5.18895805e-01 2.27203584e+00 0.00000000e+00
  5.49834728e+00 4.10632753e+00 1.53536405e-02 1.33014917e+00
  3.54367614e-01 3.38135815e+00 4.74256945e+00 2.81377494e-01
  3.70888066e+00 1.09349623e-01 2.29710174e+00 7.86435008e-02
  5.36238766e+00 4.40451765e+00 4.09222794e+00 4.85582352e+00
  3.73356938e+00 2.07082605e+00 5.67090392e-01 1.19730227e-01
  2.87812328e+00 3.23130560e+00 7.84468222e+00 3.55256867e+00
  3.03173447e+00 1.50537446e-01 3.30121946e+00 1.14113462e+00
  3.05111480e+00 6.93062592e+00 1.28036094e+00 1.54237878e+00
  6.77632451e-01 3.75108504e+00 7.77118504e-01 2.17013478e+00
  1.17865956e+00 2.97071195e+00 8.10190487e+00 3.06713176e+00
  4.16636705e+00 4.83082056e-01 0.00000000e+00 8.22997019e-02
  8.84620130e-01 2.66218662e+00 9.86514747e-01 4.53885674e-01
  1.60727072e+00 4.40963268e+00 0.00000000e+00 1.20691586e+00
  2.46980357e+00 3.34420061e+00 2.58729964e-01 3.89984101e-02
  3.54340959e+00 5.93239689e+00 9.72518539e+00 1.68735695e+00
  2.59230995e+00 0.00000000e+00 2.00228617e-01 4.27158070e+00
  1.89184129e+00 2.87191629e-01 8.43226814e+00 2.11815262e+00
  1.58782208e+00 3.92678112e-01 4.61526966e+00 2.23180771e+00
  3.02393365e+00 8.19133818e-01 1.13133895e+00 4.35504675e-01
  5.94929695e-01 2.40147263e-02 0.00000000e+00 4.70045424e+00
  1.34688282e+01 1.92153084e+00 6.75910234e+00 1.50166738e+00
  2.17118692e+00 1.76768959e-01 2.08137035e+00 2.11555406e-01
  1.67161250e+00 1.02803497e+01 3.71451402e+00 1.09734654e+00
  4.03534174e+00 5.39153576e+00 3.03600383e+00 2.67821050e+00
  1.91417730e+00 7.08564711e+00 3.74673843e-01 1.84303391e+00
  2.51358962e+00 8.44143963e+00 0.00000000e+00 3.45488858e+00
  3.16793919e+00 2.53643346e+00 3.93074322e+00 6.30990791e+00
  0.00000000e+00 3.46645504e-01 4.80336332e+00 3.50663424e+00
  1.95292369e-01 5.66983366e+00 3.27650338e-01 4.22485018e+00
  1.63361931e+00 3.58268827e-01 1.15695667e+00 7.62197554e-01
  0.00000000e+00 2.15818420e-01 2.78091002e+00 1.44604135e+00
  6.38915300e-01 1.31547689e+00 5.38702488e-01 1.60489750e+00
  3.74059558e+00 1.59519994e+00 3.02163935e+00 7.27731228e-01
  2.50535917e+00 2.58239961e+00 3.85588765e+00 1.04657805e+00
  8.89821649e-01 2.06591357e-02 8.65397632e-01 4.51188421e+00
  1.94929790e+00 7.92038679e-01 0.00000000e+00 1.03673327e+00
  3.99530911e+00 1.11153269e+00 4.63816285e-01 9.04299691e-02
  2.76815414e-01 8.15157890e-02 0.00000000e+00 3.40855622e+00
  5.45740509e+00 0.00000000e+00 6.58111751e-01 1.20157875e-01
  3.16037583e+00 3.18872124e-01 7.09193039e+00 6.00874245e-01
  6.78309858e-01 4.99693298e+00 5.50067520e+00 3.38267422e+00
  4.47219051e-02 5.85358953e+00 8.84657264e-01 2.78454399e+00
  1.59952140e+00 4.10011673e+00 3.66414815e-01 6.08887196e+00
  0.00000000e+00 4.12043524e+00 3.65503454e+00 3.10216570e+00
  0.00000000e+00 7.36417770e-02 1.53096986e+00 3.63958508e-01
  3.52167773e+00 0.00000000e+00 4.36654329e+00 1.03957682e+01
  7.88540617e-02 0.00000000e+00 5.56082916e+00 3.11119054e-02
  1.02295768e+00 4.61224604e+00 2.59941030e+00 1.29743111e+00
  4.37800109e-01 3.56591487e+00 3.32771325e+00 5.45939326e-01
  4.01207447e+00 1.74488425e+00 7.07140779e+00 1.44813120e+00
  2.59123707e+00 1.36539257e+00 3.03197646e+00 1.87876081e+00
  1.20832098e+00 5.12532997e+00 4.36587572e+00 1.35466307e-02
  4.77648592e+00 1.95032740e+00 4.41451025e+00 0.00000000e+00]]