[[1.34372389e+00 2.80997491e+00 3.04140711e+00 1.15691856e-01
  4.70862961e+00 1.59593260e+00 6.40557671e+00 0.00000000e+00
  2.98807907e+00 1.35228491e+00 5.07612038e+00 1.95053518e+00
  2.09417033e+00 2.48409703e-01 2.01897264e+00 4.44246322e-01
  1.70894670e+00 2.32931986e-01 3.76425445e-01 2.17734265e+00
  1.29276323e+00 6.95557594e+00 4.37139320e+00 4.72441483e+00
  2.07530975e+00 7.78865910e+00 1.18511677e+00 2.76819539e+00
  3.33066136e-01 8.03616333e+00 1.02969453e-01 2.10478544e+00
  2.43664122e+00 4.87456703e+00 1.70032215e+00 1.81458426e+00
  8.30661297e+00 8.14338923e-02 6.29063988e+00 2.94294024e+00
  5.45741749e+00 1.91684735e+00 1.06859362e+00 4.28049231e+00
  1.33122241e+00 4.35257047e-01 2.87275720e+00 0.00000000e+00
  2.64331222e+00 1.81136405e+00 9.48240936e-01 1.95457172e+00
  1.16806638e+00 1.46019733e+00 5.25370216e+00 2.05217814e+00
  5.10969496e+00 1.10148406e+00 4.56696320e+00 0.00000000e+00
  1.17025959e+00 1.42612267e+00 3.05147314e+00 4.19520903e+00
  1.00175261e+00 0.00000000e+00 1.07625389e+00 5.31963968e+00
  3.13257575e-01 9.50783849e-01 5.28660250e+00 3.62241077e+00
  1.81550789e+00 2.83479951e-02 1.91545701e+00 1.76835191e+00
  1.01518857e+00 0.00000000e+00 1.10219789e+00 1.45566857e+00
  4.57460165e+00 1.13340056e+00 1.61391452e-01 0.00000000e+00
  4.71406221e+00 8.16315269e+00 8.07520628e-01 2.59501886e+00
  1.67529094e+00 0.00000000e+00 1.81905675e+00 3.69544327e-01
  0.00000000e+00 5.12482738e+00 1.13717949e+00 4.86330926e-01
  3.42720374e-02 4.97765481e-01 5.61105824e+00 4.08117199e+00
  7.69197345e-01 4.12677348e-01 1.39976940e+01 4.84337616e+00
  1.13396907e+00 2.04702377e+00 6.16867304e-01 1.19078219e+00
  1.18941975e+00 5.55237651e-01 8.64762962e-01 2.16078782e+00
  7.53386915e-02 1.54430091e+00 5.29348195e-01 8.17596734e-01
  3.25285268e+00 6.09435439e-01 2.57562423e+00 2.40387425e-01
  3.58398706e-01 9.65731084e-01 0.00000000e+00 1.13638420e+01
  1.08304965e+00 7.06416145e-02 7.64953017e-01 0.00000000e+00
  1.27118313e+00 1.14965334e+01 5.65291047e-01 1.42686337e-01
  4.20878077e+00 4.79891568e-01 7.95179009e-01 1.92801583e+00
  1.17390883e+00 1.55504107e+00 4.17274952e+00 8.79699085e-03
  1.46304739e+00 7.73857608e-02 1.89390469e+00 5.35532761e+00
  6.68676496e-01 2.04888418e-01 1.74204493e+00 0.00000000e+00
  0.00000000e+00 9.26550090e-01 8.84888411e-01 1.48195732e+00
  1.76430047e+00 1.60869271e-01 3.04018892e-02 1.10613018e-01
  1.03135419e+00 1.19703865e+00 6.75139964e-01 3.79437469e-02
  1.47813427e+00 0.00000000e+00 1.18862057e+00 2.48802614e+00
  4.36471605e+00 5.37446690e+00 0.00000000e+00 1.17453828e-01
  1.82032609e+00 3.82888722e+00 1.29232903e+01 1.78497350e+00
  4.48705864e+00 6.02454185e+00 1.55516922e+00 2.30827236e+00
  0.00000000e+00 4.04949814e-01 9.61530876e+00 1.77029991e+00
  0.00000000e+00 0.00000000e+00 8.23925209e+00 2.44476587e-01
  1.29523203e-01 1.97514987e+00 1.82813957e-01 2.80366325e+00
  8.27990627e+00 1.23716307e+00 2.89911008e+00 8.58134389e-01
  6.74670756e-01 9.58901215e+00 0.00000000e+00 0.00000000e+00
  1.99695480e+00 4.45923567e+00 2.31783819e+00 6.06001234e+00
  8.41790581e+00 3.29170394e+00 1.26300311e+00 9.65172482e+00
  1.58377779e+00 2.73000568e-01 0.00000000e+00 1.48505688e+00
  0.00000000e+00 1.49468870e+01 3.95411968e+00 1.21035159e+00
  2.27567822e-01 6.62666738e-01 1.33369005e+00 0.00000000e+00
  3.53581518e-01 3.64409161e+00 1.21443093e-01 6.39063597e-01
  2.26329565e+00 4.39318800e+00 3.77039075e-01 2.13872719e+00
  6.46911502e-01 4.41185474e+00 9.19876933e-01 1.02630401e+00
  6.59406602e-01 2.27613091e+00 1.40634167e+00 1.43620658e+00
  1.76705956e-01 1.36345875e+00 1.70096290e+00 2.82056165e+00
  3.61259431e-02 5.13192797e+00 4.32314128e-02 1.37877417e+00
  3.73942316e-01 3.02234530e+00 1.07019806e+00 1.23674107e+00
  1.78586185e+00 1.62371025e+01 4.09115839e+00 3.47082317e-02
  5.86325264e+00 4.32625800e-01 6.83220148e+00 3.96263051e+00
  0.00000000e+00 1.33815014e+00 8.06076717e+00 6.74290061e-02
  2.38185078e-01 5.14490414e+00 2.16951871e+00 4.70410204e+00
  1.51267812e-01 5.77255964e-01 0.00000000e+00 1.26863647e+00
  4.87444544e+00 4.11653221e-02 4.81664389e-01 7.85548544e+00
  2.63525057e+00 1.23329520e+00 1.55122924e+00 0.00000000e+00
  9.97273266e-01 3.11046457e+00 9.18616712e-01 1.23147035e+00
  2.05557275e+00 1.78301346e+00 3.36491875e-02 1.62779167e-02
  7.38185501e+00 7.10158253e+00 2.37988806e+00 8.24944973e-01
  3.19170141e+00 1.75919071e-01 6.56730604e+00 1.78024662e+00
  3.75280595e+00 5.10242081e+00 1.26426548e-01 2.39957452e+00
  2.05172753e+00 1.87918606e+01 3.72809148e+00 9.16966736e-01
  0.00000000e+00 3.13635325e+00 6.84469283e-01 0.00000000e+00
  1.59071875e+00 2.65236050e-01 5.45264816e+00 5.99222779e-01
  3.61448050e-01 1.38192177e+00 1.31994426e+00 1.82357991e+00
  1.14087844e+00 0.00000000e+00 2.31431055e+00 6.57186091e-01
  9.68853533e-01 1.39464402e+00 2.02406621e+00 1.57521617e+00
  1.42996061e+00 6.14909506e+00 2.15012884e+00 1.66917515e+00
  4.18510866e+00 1.46993423e+00 2.64656639e+00 2.81615877e+00
  1.00513983e+00 5.00084782e+00 5.95258570e+00 4.89134073e-01
  2.79053521e+00 3.51053333e+00 7.39911050e-02 9.51537704e+00
  0.00000000e+00 2.50738502e+00 6.65498590e+00 9.90447998e-01
  4.35998887e-02 4.29769087e+00 4.83852863e+00 3.53909993e+00
  1.58020616e-01 8.09635222e-02 1.47129714e-01 1.34835041e+00
  3.73785686e+00 6.43133545e+00 1.80656648e+00 0.00000000e+00
  1.11447406e+00 6.63181973e+00 0.00000000e+00 1.44106507e+00
  0.00000000e+00 3.70897818e-03 4.03642744e-01 1.60732895e-01
  4.29282522e+00 5.32608700e+00 0.00000000e+00 8.03884864e-01
  2.43633785e+01 1.84444487e-01 3.44438815e+00 1.70530307e+00
  8.21361256e+00 4.72337723e+00 1.90495253e+00 2.76370645e+00
  3.01736116e-01 2.10695291e+00 2.32113019e-01 1.91870773e+00
  7.84372270e-01 9.33903754e-01 6.62700757e-02 0.00000000e+00
  1.60968736e-01 1.03875473e-02 0.00000000e+00 1.00418978e+01
  1.55426466e+00 2.12040734e+00 6.21737421e-01 3.03701568e+00
  6.75689030e+00 3.35371643e-01 8.77714038e-01 5.88272363e-02
  9.22803164e-01 5.77194595e+00 2.46815825e+00 1.35635424e+00
  6.90838861e+00 4.48557711e+00 5.43417037e-01 2.01492190e+00
  1.06581593e+00 2.23394823e+00 3.45021558e+00 8.95822421e-03
  1.05708396e+00 8.02151012e+00 1.30305719e+00 3.39376593e+00
  6.67932940e+00 1.42895710e+00 8.96721184e-01 1.53817403e+00
  0.00000000e+00 3.83958673e+00 4.55162382e+00 3.91931057e-01
  0.00000000e+00 7.08648860e-01 2.90958786e+00 1.10928333e+00
  1.28034019e+00 1.28524792e+00 3.55275440e+00 2.81847572e+00
  8.44584584e-01 1.29613683e-01 1.40598464e+00 2.47002530e+00
  9.43003595e-01 2.20009232e+00 1.82555631e-01 5.11964750e+00
  2.39819622e+00 0.00000000e+00 1.65084994e+00 1.95214391e+00
  9.35918045e+00 5.58125448e+00 2.28977129e-01 3.17292786e+00
  6.62817836e-01 0.00000000e+00 2.06410646e+00 2.12856627e+00
  6.69593990e-01 3.84958982e-01 5.48872709e-01 4.40774918e+00
  7.85985887e-01 7.72207320e-01 1.47594082e+00 1.41459137e-01
  7.07539678e-01 1.78198308e-01 2.10346863e-01 3.31881070e+00
  4.81186581e+00 8.08391035e-01 6.68185616e+00 1.18907666e+00
  2.17841268e+00 5.10515404e+00 1.87482107e+00 9.43826962e+00
  2.80873203e+00 2.38400787e-01 3.89020300e+00 2.72697043e+00
  0.00000000e+00 1.64431143e+00 2.64527146e-02 4.41808701e+00
  1.67366672e+00 7.30514824e-01 0.00000000e+00 3.32913071e-01
  6.21035278e-01 6.08445501e+00 0.00000000e+00 2.35691261e+00
  7.17740893e-01 2.53146291e+00 2.78011513e+00 0.00000000e+00
  0.00000000e+00 3.82880509e-01 2.51381993e+00 3.32228869e-01
  1.38597623e-01 4.06811666e+00 3.00543523e+00 2.27658644e-01
  1.01820147e+00 0.00000000e+00 9.51751769e-01 1.15426433e+00
  0.00000000e+00 2.39702034e+00 2.88941669e+00 3.10100484e+00
  5.29321527e+00 9.41151142e-01 1.48748899e+00 2.20031214e+00
  6.08133888e+00 1.97755122e+00 4.00956631e+00 1.46468401e-01
  1.02910242e+01 1.90521812e+00 7.42107987e-01 3.47209406e+00
  3.21236700e-01 1.15731442e+00 3.07481074e+00 1.65993646e-01]]