[[3.89212465e+00 3.30939293e+00 3.32809925e-01 1.89447597e-01
  2.12581944e+00 5.48467588e+00 2.50664353e+00 7.79122591e-01
  1.87063479e+00 4.74184044e-02 1.94616711e+00 5.21102905e+00
  1.12171679e+01 2.64346272e-01 1.03413016e-01 8.40085387e-01
  3.49324203e+00 4.04444218e-01 1.68573245e-01 3.90374660e+00
  0.00000000e+00 4.21782160e+00 0.00000000e+00 4.84893990e+00
  1.66016757e-01 9.22565281e-01 3.54841518e+00 1.24008617e+01
  1.01491892e+00 2.59902143e+00 2.03012276e+00 1.51279241e-01
  0.00000000e+00 4.35156631e+00 1.71534576e+01 2.14327407e+00
  0.00000000e+00 1.09032482e-01 5.13157845e+00 3.84649324e+00
  7.67703438e+00 1.04142523e+00 3.79153013e+00 5.30267191e+00
  9.53113809e-02 0.00000000e+00 6.21248305e-01 3.70079815e-01
  3.83003139e+00 9.51298594e-01 0.00000000e+00 2.51394242e-01
  2.90409374e+00 1.61674786e+00 4.61187780e-01 2.33228230e+00
  3.53619003e+00 6.92038536e-01 5.37196207e+00 2.08298721e+01
  5.18845844e+00 2.36429763e+00 1.55424380e+00 1.01702917e+00
  4.39976788e+00 2.25310802e+00 4.80091721e-02 0.00000000e+00
  6.01346397e+00 3.46890278e-03 7.28537321e-01 2.06123710e+00
  2.85255104e-01 1.21368878e-01 6.87176228e-01 2.84174371e+00
  6.30238056e-01 5.70974541e+00 0.00000000e+00 5.77686214e+00
  0.00000000e+00 2.97075176e+00 2.74024749e+00 3.53628731e+00
  1.18865128e+01 1.56976485e+00 7.08927059e+00 3.84344363e+00
  1.29148083e+01 2.17795396e+00 2.49881124e+00 2.36834306e-03
  1.95395553e+00 8.16219234e+00 1.21945381e+01 1.03766572e+00
  8.78189754e+00 2.39254045e+00 2.00823236e+00 3.23962307e+00
  4.99400854e-01 1.83680415e+00 1.28999734e+00 5.07369423e+00
  3.01087523e+00 1.62806654e+00 2.71853089e-01 2.12917590e+00
  1.03843391e+00 2.39920211e+00 6.66416943e-01 2.70309544e+00
  1.68536699e+00 8.64856467e-02 5.13284683e-01 3.71033001e+00
  4.18039179e+00 5.72589731e+00 1.40978360e+00 5.30948211e-03
  8.23315907e+00 0.00000000e+00 5.85535467e-01 9.78867531e+00
  0.00000000e+00 3.56404996e+00 9.92276430e-01 3.59195828e+00
  1.79268941e-02 3.72209811e+00 3.70629668e+00 4.19416857e+00
  3.14287519e+00 4.47960287e-01 6.48187697e-01 7.74457872e-01
  1.07323456e+01 7.23906636e-01 0.00000000e+00 4.36295557e+00
  4.00799096e-01 6.14875889e+00 3.27608633e+00 1.41066894e-01
  2.26741409e+00 1.09430480e+00 2.43241143e+00 6.44586039e+00
  0.00000000e+00 9.70725715e-01 3.33890885e-01 1.33782711e+01
  1.18993223e+00 1.05968952e+01 9.42795575e-01 9.52884960e+00
  1.44381833e+00 4.67824936e+00 4.49586010e+00 6.44035196e+00
  2.07124209e+00 1.85154986e+00 3.90627408e+00 1.19267387e+01
  1.65913379e+00 2.20144653e+00 9.95922506e-01 6.30502760e-01
  2.14175367e+00 1.40566337e+00 0.00000000e+00 6.59644938e+00
  0.00000000e+00 3.97919345e+00 1.05487514e+00 6.12938523e-01
  9.28213775e-01 1.18836105e+00 0.00000000e+00 6.67180717e-02
  0.00000000e+00 5.24327850e+00 4.54682684e+00 6.49369049e+00
  1.63610578e-01 3.69560647e+00 0.00000000e+00 1.54518342e+00
  3.96866769e-01 1.03192258e+00 2.55278802e+00 1.95557773e+00
  0.00000000e+00 2.36127591e+00 3.98512185e-01 3.13337555e+01
  3.32098913e+00 1.05475311e+01 1.38719320e+00 9.59065342e+00
  2.92686486e+00 3.01153445e+00 1.43662262e+00 4.67969552e-02
  2.50686836e+00 1.38312924e+00 3.48938084e+00 6.31950951e+00
  1.41256392e+00 3.80938339e+00 1.07128131e+00 0.00000000e+00
  2.08312106e+00 4.80301172e-01 2.87446785e+00 6.11730479e-03
  3.30043459e+00 0.00000000e+00 5.42624891e-01 1.72900915e+00
  1.38859768e+01 5.96038151e+00 2.22274009e-02 7.94157386e-01
  6.25828981e-01 5.87837601e+00 1.35539126e+00 3.80863428e+00
  0.00000000e+00 2.21675014e+00 0.00000000e+00 2.59187913e+00
  1.48340690e+00 1.98175624e-01 1.34424359e-01 9.36417007e+00
  8.63720775e-01 3.37068468e-01 2.32367349e+00 1.57085061e+00
  1.07105982e+00 1.27694407e+01 1.21095383e+00 7.90632963e+00
  2.21478865e-01 1.28008366e-01 1.28727567e+00 3.38420987e+00
  3.67725879e-01 2.26802025e+01 4.98579884e+00 1.10793309e-02
  0.00000000e+00 8.55516529e+00 2.33846641e+00 1.80061388e+00
  3.27609324e+00 3.02303851e-01 9.43883061e-01 9.83826220e-01
  3.40546280e-01 1.15611017e+00 1.07939091e+01 8.91883448e-02
  1.88735485e+00 8.98689553e-02 5.55126286e+00 2.19763279e+00
  4.83384991e+00 1.20865068e+01 7.81104982e-01 1.48705375e+00
  2.74396706e+00 1.24572945e+00 1.52904773e+00 1.24392256e-01
  6.26642466e-01 1.31573925e+01 2.45822740e+00 5.59033012e+00
  2.82626319e+00 5.36845662e-02 2.37703514e+00 1.95768487e+00
  2.29605079e+00 9.76283029e-02 6.83415174e+00 4.19541216e+00
  7.75173083e-02 0.00000000e+00 2.79857612e+00 1.06109813e-01
  2.26108742e+00 1.61281502e+00 1.34956467e+00 3.44548988e+00
  0.00000000e+00 7.95300484e+00 0.00000000e+00 1.31016231e+00
  3.61989355e+00 3.89188099e+00 3.28570175e+00 1.35574698e+00
  1.31770647e+00 3.85699123e-01 2.20763057e-01 1.35008883e+00
  2.54518318e+00 3.03170133e+00 3.98867279e-01 4.14728165e+00
  0.00000000e+00 9.87877274e+00 4.60806817e-01 6.67131782e-01
  3.65422034e+00 5.04867435e-01 1.82771182e+00 1.12213254e+00
  8.91760921e+00 2.77306390e+00 5.01287043e-01 3.34042978e+00
  4.54772091e+00 1.31987453e+00 1.11105037e+00 4.61046505e+00
  2.31573179e-01 3.01527411e-01 9.74996948e+00 4.86838780e-02
  2.00508580e-01 1.76237488e+00 5.20691633e+00 1.17337227e+00
  3.56080818e+00 9.00865436e-01 5.21531963e+00 6.79261863e-01
  5.90456903e-01 6.10562086e-01 1.07600045e+00 1.99980986e+00
  4.23041487e+00 1.64579034e-01 5.38073003e-01 7.25969672e-01
  2.18786192e+00 4.91305542e+00 1.93618476e-01 0.00000000e+00
  0.00000000e+00 1.63861871e-01 8.63722682e-01 6.97178364e+00
  1.15405350e+01 2.79686064e-01 4.96026278e+00 5.00035572e+00
  1.05008755e+01 7.12788165e-01 1.48791087e+00 9.90724981e-01
  2.42098308e+00 2.65574515e-01 1.23041761e+00 4.31448221e+00
  1.24915409e+00 3.95569277e+00 2.28195858e+00 0.00000000e+00
  4.66946810e-01 3.03316760e+00 1.08195486e+01 2.84478331e+00
  2.56043720e+00 0.00000000e+00 3.73937458e-01 2.18219304e+00
  1.29121768e+00 8.78028035e-01 1.02992172e+01 7.68769681e-02
  4.93236828e+00 4.98621881e-01 1.10611665e+00 3.91812611e+00
  2.28018686e-01 2.65820120e-02 1.52709460e+00 1.93410978e-01
  5.42874813e+00 1.39303899e+00 1.87969255e+00 9.11406159e-01
  4.37375736e+00 0.00000000e+00 5.64410734e+00 2.36060643e+00
  7.06861496e+00 1.17571950e+00 6.46493614e-01 1.44597638e+00
  1.19071746e+00 5.01704884e+00 4.61184454e+00 1.83447218e+00
  1.15408194e+00 5.30175507e-01 3.46429205e+00 3.16786194e+00
  4.34703380e-02 0.00000000e+00 4.14561599e-01 2.08471537e+00
  8.37593794e-01 4.51125336e+00 2.66779447e+00 3.87764901e-01
  0.00000000e+00 3.13698196e+00 2.96471834e+00 2.20078659e+00
  7.42086768e-01 2.52627087e+00 1.54824543e+00 1.18462968e+00
  3.43881416e+00 5.86407280e+00 2.06892818e-01 4.93282318e-01
  2.08302689e+00 3.80670404e+00 4.95658517e-01 6.67413533e-01
  6.18901300e+00 6.39626086e-01 9.19471323e-01 5.23170233e+00
  6.16940916e-01 3.42359424e+00 0.00000000e+00 7.49109888e+00
  2.52013177e-01 3.19786191e-01 1.69478744e-01 2.77253532e+00
  0.00000000e+00 7.16318011e-01 2.01314911e-01 1.57849121e+00
  6.08340073e+00 6.37376189e-01 4.63957119e+00 2.82399833e-01
  1.04445732e+00 1.06546736e+00 9.75627601e-01 3.17638785e-01
  9.50073838e-01 1.12098110e+00 0.00000000e+00 3.07417780e-01
  1.10465741e+00 1.05847769e+01 4.63874865e+00 1.12203002e+00
  4.31467108e-02 4.96818399e+00 1.21765554e+00 8.82781696e+00
  6.06088066e+00 9.66651499e-01 0.00000000e+00 2.37788463e+00
  4.35212755e+00 8.49547312e-02 2.01008081e+00 9.32478130e-01
  1.14712015e-01 6.37891710e-01 1.95564151e+00 4.37270975e+00
  1.70088136e+00 4.44884062e+00 3.66857111e-01 1.50239563e+00
  1.61812410e-01 2.16052532e+00 6.57996464e+00 5.62793350e+00
  1.90612710e+00 0.00000000e+00 1.31410074e+01 5.93697190e-01
  2.01581073e+00 2.57928300e+00 3.34684014e+00 0.00000000e+00
  6.86358333e-01 6.77818134e-02 2.66075641e-01 5.49436855e+00
  1.15680657e-02 1.72920793e-01 3.73456764e+00 4.01100755e-01
  6.12293053e+00 1.84155786e+00 1.64239550e+00 0.00000000e+00]]