[[9.8718069e-02 5.4930930e+00 6.9978509e+00 1.4066255e-01 4.9079272e-01
  1.1500164e+00 3.9355438e+00 2.9335086e+00 1.7022574e-01 0.0000000e+00
  5.5327592e+00 5.4910874e+00 4.0746984e+00 4.5836177e+00 3.0064091e-02
  1.4646345e+00 1.6807913e+01 3.7373064e+00 0.0000000e+00 2.4976935e+00
  2.7867005e+00 2.2750335e+00 2.1411979e-01 2.0284717e+00 7.9879296e-01
  2.8928385e+00 6.6921778e-02 4.5023409e-01 6.3415365e+00 1.1712588e+00
  3.0703411e+00 6.2216347e-01 0.0000000e+00 2.7020369e+00 1.1746892e+01
  0.0000000e+00 1.6194402e+00 5.4621343e-02 3.8530748e+00 1.7402375e+00
  0.0000000e+00 4.1054544e+00 2.0355716e+00 1.0308406e+00 2.4479854e-01
  2.6385003e-01 5.5772038e+00 2.6708086e+00 1.8431227e+00 2.5709410e+00
  2.0731986e+00 1.2542244e+00 0.0000000e+00 2.0528841e+00 1.0142299e+00
  3.5486267e+00 8.8719492e+00 4.3093481e+00 1.5153482e+00 6.8698311e+00
  4.8594820e-01 0.0000000e+00 3.9363441e+00 2.6371939e+00 3.7066333e+00
  2.0770261e+00 9.6415922e-02 1.5524457e-01 7.4740558e+00 8.3191711e-01
  3.4667280e-01 4.2238550e+00 1.2040738e+00 1.5333791e+00 1.5037248e+00
  7.5310469e-01 1.2299027e+00 6.0971087e-01 3.1150970e+00 1.9084455e-01
  3.7220806e-01 1.3621135e+00 7.3332400e+00 2.2073712e+00 8.7584620e+00
  1.3885030e+00 2.6526225e-01 2.8644583e+00 1.8630047e+01 2.5312893e+00
  1.1339165e+00 9.3423920e+00 6.3303785e+00 5.8478684e+00 6.8701496e+00
  1.5373859e+00 1.0745622e+01 1.8077453e+00 2.5609567e+00 1.1720387e+00
  2.1516030e-01 6.7172952e+00 3.0986872e-01 5.1762605e+00 2.7034624e+00
  6.9712989e-02 0.0000000e+00 9.1389939e-02 7.5089984e+00 4.9189072e+00
  5.1210594e+00 1.5692939e+00 1.0118504e+01 0.0000000e+00 1.5182214e+00
  3.2646659e-01 1.0942933e+01 1.4624091e+00 0.0000000e+00 8.5399628e-02
  4.0028696e+00 5.6073451e-01 1.6298437e+00 5.0087624e+00 2.5257201e+00
  9.4963169e+00 2.9227674e-01 3.7372369e-01 0.0000000e+00 1.0053585e+01
  8.7505999e+00 9.6658981e-01 9.3542981e-01 5.3356204e+00 2.5337236e+00
  5.9482365e+00 6.1947055e+00 1.7669351e+00 1.4293563e+00 4.8752723e+00
  1.7103629e+00 1.2094195e+00 6.2746406e-01 5.1211534e+00 7.8220987e-01
  3.6302957e-01 3.8492358e+00 6.1835537e+00 3.6149357e-02 3.7353206e-01
  7.0420295e-01 1.4553155e+01 2.1901214e+00 8.3704454e-01 2.6362267e+00
  8.3027153e+00 4.0131884e+00 2.9394218e-01 5.8141088e-01 4.7642851e-01
  2.9461060e+00 1.7009720e+00 5.7784500e+00 2.4476833e+00 2.3823249e+00
  7.0362597e+00 1.8904287e+00 1.9246563e+00 0.0000000e+00 3.9068561e+00
  0.0000000e+00 3.6135311e+00 2.7829332e+00 0.0000000e+00 4.2125261e-01
  0.0000000e+00 6.6302752e+00 7.4483757e+00 1.4274608e+00 1.1525142e+00
  6.4728105e-01 0.0000000e+00 3.4656131e+00 3.2934999e+00 5.9431624e+00
  5.9068274e-01 4.7002559e+00 3.7722653e-01 5.5461884e-01 5.9729905e+00
  2.2900970e+00 0.0000000e+00 1.9077386e+00 5.2419515e+00 1.0018966e+01
  1.0874527e+01 0.0000000e+00 0.0000000e+00 9.9153954e-01 7.2190833e+00
  0.0000000e+00 7.1594563e+00 2.9866240e+00 1.0722787e+00 4.6512232e+00
  2.6742133e-01 2.6089814e+00 9.6481590e+00 6.3452744e+00 7.6643467e-01
  4.0603895e+00 2.5283067e+00 1.6154321e+00 1.4737299e-01 8.1676035e+00
  2.3296644e-01 9.6897769e-01 9.6167582e-01 3.8469625e-01 1.5688940e+00
  5.5373192e+00 5.1113939e+00 4.3165402e+00 1.8565521e+01 2.3728170e+00
  9.1157770e+00 0.0000000e+00 4.6954269e+00 2.2301140e+00 3.5603392e+00
  2.0336807e+00 2.0331943e+00 8.0059605e+00 0.0000000e+00 0.0000000e+00
  1.2370879e+01 5.5712528e+00 7.7919073e+00 1.3360408e+01 1.3386070e+00
  2.3208382e+00 6.8598580e-01 6.3942118e+00 5.9965010e+00 9.2626009e-03
  8.1389445e-01 2.9671488e+00 4.2132988e+00 1.0616842e-01 2.1569536e+00
  2.9131868e-01 0.0000000e+00 0.0000000e+00 9.3355048e-01 1.3493036e+00
  2.8443530e-01 1.1207403e+00 7.3295766e-01 1.2273585e+00 6.2409437e-01
  3.8870685e+00 1.7720428e+00 1.0025847e+01 1.3931455e-01 2.0595136e-01
  0.0000000e+00 4.0021787e+00 4.2474422e+00 8.3530979e+00 0.0000000e+00
  4.3348360e-01 0.0000000e+00 1.0648991e+00 3.6838170e-02 1.3345244e+00
  5.9980536e-01 2.9189613e+00 1.0687837e+01 8.3948269e+00 0.0000000e+00
  2.7038164e+00 8.5741806e+00 4.1109276e-01 6.6430073e+00 1.8995982e+00
  9.2366405e-02 1.1758550e+01 1.8186151e+00 7.8038025e+00 6.7596622e-02
  5.1934271e+00 4.0093513e+00 0.0000000e+00 1.4748257e-01 1.3646845e+00
  1.4103019e+01 1.0196456e+00 4.4932914e+00 9.4284220e+00 8.2184243e-01
  3.9297559e+00 7.0745263e+00 1.0505025e+00 7.2578449e+00 1.8236139e+00
  5.7920332e+00 1.3186415e+01 1.6974966e-01 0.0000000e+00 2.0738497e+00
  1.3538960e-01 9.7268534e+00 3.5215941e-01 4.6591334e+00 1.5112255e+00
  9.4563797e-02 2.2214714e+01 6.4115515e+00 1.6149571e+00 7.7433395e-01
  2.0916750e+00 6.7784762e-01 8.9583626e+00 1.4986078e+00 8.7474623e+00
  0.0000000e+00 3.6801717e+00 4.7069168e+00 2.2987838e+00 6.6203566e+00
  3.3939948e+00 8.3301097e-02 7.0255399e-02 2.5306668e+00 1.5561921e+01
  3.3049765e+00 2.3387764e+00 9.6233600e-01 1.2398704e+00 5.4287381e+00
  9.8853283e+00 0.0000000e+00 1.3648116e+01 1.6969248e+00 7.2829008e-01
  2.7658612e-01 1.6337016e+00 5.2200909e+00 7.7806592e-01 9.1097766e-01
  1.0735426e+00 0.0000000e+00 6.3225165e-02 6.2587461e+00 5.6444259e+00
  1.4245348e+00 6.9549255e+00 5.7430854e+00 4.2724084e-02 5.2714944e+00
  1.4934295e+00 1.2464566e+01 3.0462227e+00 6.2076920e-01 0.0000000e+00
  1.9469122e+00 1.1695228e+01 3.2692142e+00 2.4406796e+00 5.1062779e+00
  1.2196771e+00 5.0322938e-01 0.0000000e+00 1.8001907e+00 2.6937890e+00
  1.8757024e-01 3.5081785e+00 1.9810606e+00 4.1367900e-01 5.8528090e-01
  9.2082224e+00 1.2596732e+01 2.5644046e-01 6.0596728e-01 5.7251592e+00
  3.8018247e-01 3.5180087e+00 5.7147247e-01 2.6176298e-01 4.1131153e+00
  6.4246602e+00 3.8914922e-01 9.3097715e+00 1.9944565e-01 3.5401630e+00
  0.0000000e+00 3.3656728e+00 5.7795534e+00 5.0845079e+00 2.5339875e+00
  5.1074748e+00 5.8784471e+00 4.0153360e+00 9.2037839e-01 5.0112858e+00
  3.1365774e+00 2.4466853e+00 1.1612311e-02 3.3249566e-01 5.6189637e+00
  4.5133448e+00 9.8806185e-01 1.0801083e+00 5.8760107e-01 7.9945832e-01
  1.2025827e+00 0.0000000e+00 3.4207213e+00 5.1368332e+00 1.8610030e+00
  3.6678519e+00 3.9850867e-01 0.0000000e+00 1.8314033e+00 4.0972958e+00
  1.9038484e+00 1.2523294e+01 2.5510061e+00 7.5416403e+00 2.3002682e+00
  7.7351799e+00 2.2845508e-01 0.0000000e+00 6.0683498e+00 2.9601407e+00
  1.1101198e+00 2.8388455e+00 2.2785764e+00 5.8886361e-01 9.4763380e-01
  3.3822079e+00 6.6232567e+00 8.9901739e-01 2.8262949e+00 4.1100720e-01
  2.6392775e+00 3.4301381e+00 2.0514941e+00 4.6051064e+00 9.4143257e-02
  2.4495208e+00 4.8692532e+00 3.7239408e+00 1.8086786e+00 4.7145252e+00
  0.0000000e+00 1.4154506e-01 1.7685480e+00 2.6476038e-01 6.4191542e+00
  8.2096811e-03 2.6088128e+00 5.8636589e+00 1.8349915e+00 1.5066047e-01
  7.0668035e+00 1.5364973e+01 3.5047570e-01 4.2990475e+00 7.2419796e+00
  9.0049404e-01 2.4554412e+00 4.7697353e+00 5.2645940e-01 2.5213082e+00
  1.6747148e+00 0.0000000e+00 5.2755404e-01 4.7643948e+00 4.0469265e+00
  7.7561646e+00 6.8720955e-01 6.4804039e+00 5.9707375e+00 1.0739509e+00
  5.6986749e-01 8.5487258e-01 2.2726469e+00 1.4575276e+00 3.5652301e-01
  5.9675846e+00 5.9478989e+00 3.4453149e+00 8.0982943e+00 9.7452289e-01
  1.5387437e+00 0.0000000e+00 0.0000000e+00 7.4264731e+00 0.0000000e+00
  2.1218143e+00 4.9550200e-01 1.1806908e+01 4.3078914e-01 1.0435922e+00
  9.5559675e-01 3.3926640e+00 1.3929404e+00 3.0284219e+00 8.6463034e-01
  2.2642500e+00 0.0000000e+00]]