[[6.29114509e-01 1.05030024e+00 1.12827730e+00 5.14148295e-01
  6.29798621e-02 1.89864254e+00 2.53345871e+00 6.78393468e-02
  0.00000000e+00 5.75870037e-01 7.66198277e-01 1.55609190e+00
  1.23039532e+00 3.05974698e+00 0.00000000e+00 3.50308728e+00
  0.00000000e+00 2.26111674e+00 4.48272276e+00 3.15323710e+00
  1.73286068e+00 3.78260684e+00 0.00000000e+00 3.25860214e+00
  2.08290958e+00 6.95696783e+00 1.29250526e+00 3.50804359e-04
  2.42952132e+00 0.00000000e+00 2.74495274e-01 5.74641466e+00
  2.76709080e+00 3.23743081e+00 4.78179067e-01 4.77607518e-01
  1.14203584e+00 0.00000000e+00 6.26180649e+00 1.30722129e+00
  1.16582680e+00 1.87127936e+00 1.39610147e+00 1.29881728e+00
  0.00000000e+00 2.68392712e-01 1.45198631e+00 4.60146046e+00
  3.31683731e+00 1.65256298e+00 2.86320305e+00 3.01496720e+00
  5.72539046e-02 5.07068217e-01 3.21183753e+00 1.83960617e+00
  1.00184761e-01 5.11941195e+00 0.00000000e+00 0.00000000e+00
  2.67400801e-01 5.32557368e-01 7.42500257e+00 3.25905180e+00
  6.38586640e-01 2.70738053e+00 5.07827044e-01 7.35642493e-01
  1.48400843e+00 1.91163790e+00 4.60947609e+00 5.05639434e-01
  6.25726521e-01 3.13182092e+00 1.68327498e+00 6.28337264e-01
  1.74332615e-02 0.00000000e+00 2.12339711e+00 2.72454715e+00
  2.17769241e+00 1.59464383e+00 4.09229660e+00 7.70860255e-01
  6.46542847e-01 4.60250187e+00 3.74622971e-01 2.38257304e-01
  2.98143172e+00 4.61470932e-01 8.04957485e+00 3.89747429e+00
  7.58761823e-01 1.23272657e+00 2.86857128e-01 1.06706679e+00
  2.70879328e-01 9.63275337e+00 8.56794138e-03 3.67645359e+00
  6.05512857e-01 4.90853280e-01 1.01288261e+01 3.81915379e+00
  2.49912429e+00 6.06113225e-02 6.56030923e-02 1.57925263e-02
  4.13683748e+00 1.03622526e-01 2.26478979e-01 2.94004893e+00
  2.16338485e-01 6.59406543e-01 1.01890135e+00 2.18516517e+00
  5.26654530e+00 5.30945122e-01 6.11367607e+00 1.16774775e-01
  1.74301755e+00 1.60521958e-02 0.00000000e+00 2.13577914e+00
  7.99419343e-01 3.79153442e+00 1.16291487e+00 6.34630263e-01
  5.10598958e-01 8.22959518e+00 9.57002580e-01 5.62623310e+00
  1.98235071e+00 1.40623897e-01 0.00000000e+00 2.14343667e+00
  6.46854877e-01 1.22236125e-01 5.20537758e+00 0.00000000e+00
  6.41890228e-01 2.51110601e+00 5.77807307e-01 2.63034534e+00
  2.11217284e+00 3.88588101e-01 5.17123747e+00 1.61947966e-01
  6.28122509e-01 1.64256215e-01 4.36466169e+00 8.50576580e-01
  4.64411306e+00 6.52681828e-01 2.85113871e-01 6.47216225e+00
  1.53996623e+00 2.99887657e+00 3.33977610e-01 3.20213735e-01
  0.00000000e+00 5.18034887e+00 2.53585529e+00 3.38950729e+00
  2.30222440e+00 4.15067720e+00 0.00000000e+00 2.64153409e+00
  3.13168615e-01 4.10219288e+00 1.64176238e+00 3.26197267e-01
  1.03282604e+01 5.54577303e+00 1.34189236e+00 2.67877293e+00
  8.76635015e-01 2.97867632e+00 1.17892981e+01 1.47172105e+00
  2.08908653e+00 1.62088168e+00 2.10784340e+00 9.56858575e-01
  3.53736091e+00 1.49208677e+00 1.68283474e+00 5.41344106e-01
  3.50940442e+00 6.39180243e-01 1.24080732e-01 1.48247346e-01
  6.40513897e-01 5.12725687e+00 7.34178185e-01 1.22732930e-01
  0.00000000e+00 4.76074487e-01 3.80903274e-01 6.78677368e+00
  2.35470510e+00 2.80988693e-01 9.28344727e-01 0.00000000e+00
  1.99646962e+00 3.26054901e-01 4.85197163e+00 2.51538348e+00
  3.62557244e+00 1.03147230e+01 4.91357708e+00 1.97433770e+00
  1.13134432e+00 1.29193687e+00 1.77637160e+00 1.27284380e-03
  5.70643127e-01 6.73376441e-01 1.65869582e+00 1.43203592e+00
  3.40775418e+00 2.16485023e+00 3.01798010e+00 0.00000000e+00
  3.56318188e+00 8.13362226e-02 1.04198135e-01 5.14507294e-01
  1.97203875e+00 1.43518007e+00 0.00000000e+00 1.44269122e-02
  6.35280085e+00 1.13479888e+00 7.68175244e-01 2.52081370e+00
  3.63157988e-01 5.27220678e+00 1.21077204e+00 2.67294121e+00
  9.77570772e-01 0.00000000e+00 6.46233559e+00 8.62450123e-01
  2.61943388e+00 9.81773949e+00 7.12410307e+00 8.12339067e-01
  2.71475697e+00 1.15602803e+00 2.73611140e+00 1.33444250e+00
  0.00000000e+00 1.36884224e+00 1.23687124e+00 1.06695437e+00
  5.05531132e-01 4.43617135e-01 1.47037899e+00 8.03358033e-02
  7.94888195e-03 0.00000000e+00 7.46705711e-01 2.32950139e+00
  2.00778866e+00 2.96077681e+00 1.04600739e+00 6.90731347e-01
  3.01254869e+00 9.72112298e-01 1.09782159e+00 0.00000000e+00
  8.06758642e-01 1.87288249e+00 1.75912291e-01 2.14301562e+00
  1.13967905e+01 0.00000000e+00 0.00000000e+00 2.08958006e+00
  3.44129753e+00 1.73277915e-01 3.86838824e-01 2.01771212e+00
  2.12125516e+00 6.19404912e-01 6.70356178e+00 5.85870028e-01
  3.18864417e+00 5.73943138e+00 3.28284502e-01 2.25961924e+00
  1.81173265e+00 4.04224300e+00 4.14199829e+00 1.12744622e-01
  5.90152740e+00 8.43383551e-01 5.03286171e+00 0.00000000e+00
  2.26724911e+00 2.83608079e+00 2.44812679e+00 9.21213090e-01
  9.92444813e-01 1.44283295e+00 1.23875105e+00 1.19656183e-01
  1.98229980e+00 3.94410729e+00 1.44321859e+00 2.23106384e+00
  1.92467213e+00 0.00000000e+00 1.35585570e+00 1.18977678e+00
  3.37783122e+00 7.07085133e+00 2.35226607e+00 0.00000000e+00
  3.17422688e-01 2.08456254e+00 5.55250406e+00 4.74866852e-02
  1.54218867e-01 2.88599640e-01 8.58197975e+00 2.55026841e+00
  3.41780782e+00 2.56930608e-02 2.19896421e-01 3.34900737e+00
  2.61231303e-01 5.91490269e+00 5.40857744e+00 7.58328199e-01
  1.66371548e+00 3.56598687e+00 2.53272486e+00 3.83295083e+00
  3.03837919e+00 1.09053683e+00 9.08335447e-01 0.00000000e+00
  3.02278608e-01 5.28165102e-01 5.53983831e+00 7.14733064e-01
  2.88999534e+00 3.10898364e-01 1.01392198e+00 5.58194518e-01
  0.00000000e+00 7.37727308e+00 4.08342934e+00 3.71266752e-02
  1.98514551e-01 5.75082350e+00 4.01915908e-01 1.03991516e-01
  1.90701027e+01 3.20246994e-01 4.70657444e+00 1.06090344e-01
  6.80155897e+00 3.03095952e-02 9.85398197e+00 1.76455319e+00
  4.73750591e-01 3.70755613e-01 2.23173761e+00 9.33475912e-01
  1.02130568e+00 3.66880924e-01 2.17320013e+00 1.54048038e+00
  1.80254304e+00 2.70615983e+00 2.55463004e-01 5.83236456e+00
  1.74209297e+00 4.35604048e+00 3.41985941e-01 2.20672774e+00
  6.63802326e-01 2.30741546e-01 1.77268529e+00 1.19911162e-02
  7.70859957e-01 2.77839947e+00 5.78976011e+00 3.92726064e+00
  8.86154950e-01 1.50732505e+00 5.16651213e-01 1.98223269e+00
  2.23543787e+00 1.18182981e+00 2.99378872e+00 3.09327424e-01
  3.09003186e+00 5.42428589e+00 3.56652021e+00 6.26031113e+00
  3.60908532e+00 3.12116218e+00 0.00000000e+00 1.81018591e+00
  0.00000000e+00 1.35771441e+00 5.59461641e+00 2.76119024e-01
  1.56475389e+00 0.00000000e+00 2.51929498e+00 6.02508724e-01
  2.54819775e+00 3.26384634e-01 5.28453410e-01 0.00000000e+00
  4.30050707e+00 1.51212013e+00 3.42471123e+00 7.12220812e+00
  1.49862731e+00 4.35014516e-01 1.94156861e+00 3.01152945e+00
  2.14108992e+00 1.16711712e+00 8.04297626e-01 3.03556621e-01
  7.17071867e+00 3.04951072e+00 2.36236334e+00 5.56883192e+00
  4.47152853e+00 8.04376006e-01 1.54058266e+00 6.47439003e-01
  1.63441464e-01 1.35448352e-01 2.97963202e-01 1.10124505e+00
  1.23134530e+00 6.24158978e-01 3.88475776e-01 1.35266364e+00
  8.47705007e-01 2.02474698e-01 2.97947621e+00 1.85758066e+00
  2.07648921e+00 9.53153419e+00 6.20309114e+00 1.33164263e+00
  3.32664657e+00 1.96645200e+00 0.00000000e+00 2.46130896e+00
  2.09294200e-01 4.16819239e+00 5.09413624e+00 6.79198980e-01
  2.67244101e-01 4.40685362e-01 7.45823324e-01 4.25707083e-03
  2.73061657e+00 2.25171342e-01 0.00000000e+00 1.02386343e+00
  1.00447834e+00 1.08384466e+01 2.73488069e+00 6.29933715e-01
  1.55704454e-01 8.12318325e-01 2.34062743e+00 1.94545352e+00
  8.42325509e-01 1.73664546e+00 1.31446588e+00 5.71273744e-01
  1.71256983e+00 5.19428611e-01 3.76680636e+00 0.00000000e+00
  2.14528576e-01 2.91248918e-01 6.43510878e-01 2.09978357e-01
  2.40593958e+00 3.42528486e+00 1.83677495e-01 7.86509156e-01
  1.18271279e+00 8.53600883e+00 9.91378725e-01 7.00698793e-01
  8.27753830e+00 0.00000000e+00 0.00000000e+00 2.68194586e-01
  3.38055921e+00 1.73680711e+00 1.88149381e+00 6.74229717e+00
  5.97765028e-01 2.44059384e-01 1.06451976e+00 2.16841960e+00]]