[[4.34906387e+00 8.59423447e+00 0.00000000e+00 0.00000000e+00
  3.29149389e+00 1.80461895e+00 1.11067152e+01 1.22958630e-01
  0.00000000e+00 1.37399092e-01 1.13539658e+01 2.56184554e+00
  4.46704054e+00 5.97004032e+00 1.24637070e+01 4.52959776e+00
  0.00000000e+00 5.71311569e+00 0.00000000e+00 6.43022203e+00
  1.04635680e+00 9.22224426e+00 5.20102215e+00 0.00000000e+00
  2.89006561e-01 1.49556649e+00 0.00000000e+00 1.09522432e-01
  2.04930663e-01 5.25682306e+00 3.42314363e-01 2.36435592e-01
  9.16381598e-01 3.40079474e+00 1.13466263e+00 3.19840121e+00
  1.91570532e+00 0.00000000e+00 5.94257975e+00 3.12421465e+00
  2.47704834e-01 3.25370502e+00 2.00034523e+00 1.40618992e+00
  0.00000000e+00 5.00188541e+00 2.79210949e+00 1.32699180e+00
  4.38963270e+00 5.86167812e+00 0.00000000e+00 0.00000000e+00
  4.34313804e-01 8.41127515e-01 7.11859894e+00 2.75450420e+00
  6.41221333e+00 6.37877655e+00 1.33473051e+00 1.07573438e+00
  4.90730524e-01 1.08896649e+00 6.53563881e+00 1.16302443e+01
  1.17387180e+01 6.39978981e+00 9.45316076e-01 1.11470823e+01
  1.90251601e+00 1.72072494e+00 0.00000000e+00 1.13061495e-01
  0.00000000e+00 6.52090311e+00 3.57162237e+00 1.93646884e+00
  9.64798510e-01 0.00000000e+00 0.00000000e+00 2.70245457e+00
  6.14198065e+00 1.41923785e+00 9.32806015e+00 3.99934977e-01
  2.08152699e+00 2.34943414e+00 0.00000000e+00 6.53068399e+00
  1.91956282e+00 6.98951542e-01 1.06024570e+01 2.80075145e+00
  1.10623276e+00 7.15261078e+00 2.71067291e-01 5.43406010e-01
  1.50300968e+00 2.70303679e+00 4.68147659e+00 1.56225228e+00
  1.92355365e-01 1.51308072e+00 4.28812742e+00 4.48906708e+00
  0.00000000e+00 1.07372247e-01 1.09385896e+00 4.05865103e-01
  0.00000000e+00 6.40549958e-01 2.39110804e+00 5.96957636e+00
  1.52186990e-01 1.27548540e+00 1.71673334e+00 3.88428837e-01
  1.83667469e+00 5.71878862e+00 7.34191716e-01 9.77417588e-01
  7.06588686e-01 6.37552142e-01 1.99726254e-01 7.03318501e+00
  5.84886694e+00 1.02948058e+00 4.35360044e-01 5.31093895e-01
  7.42759928e-02 2.60318985e+01 8.01225758e+00 5.92395842e-01
  2.73589087e+00 2.06004847e-02 3.09549546e+00 5.29391479e+00
  4.04201806e-01 4.99286127e+00 1.65683794e+00 6.44480050e-01
  3.41771618e-02 1.14408922e+00 3.71765971e+00 2.07097530e+00
  6.51653671e+00 7.33129621e-01 7.63251543e-01 6.01372600e-01
  2.88490057e+00 8.13990533e-02 1.46346077e-01 2.56547856e+00
  3.20155680e-01 4.97566253e-01 2.08733296e+00 4.75057745e+00
  1.87990403e+00 2.08739281e+00 2.87477016e+00 0.00000000e+00
  1.39354300e+00 3.24020910e+00 8.54602528e+00 2.53658962e+00
  1.29395876e+01 1.02876937e+00 4.01997745e-01 7.81710815e+00
  0.00000000e+00 9.02614594e+00 2.30967477e-01 3.94701409e+00
  8.39007282e+00 5.56164742e-01 8.65039229e-01 1.30291700e+01
  3.22351277e-01 0.00000000e+00 7.40955448e+00 2.28872061e+00
  2.09801197e+00 6.64425910e-01 9.86893654e+00 3.31066370e-01
  4.36740685e+00 9.25895882e+00 2.65872031e-01 1.78874031e-01
  2.25793743e+00 2.42855477e+00 8.24740505e+00 0.00000000e+00
  3.80591965e+00 2.87479448e+00 1.72260630e+00 3.78723145e+00
  2.53375530e-01 4.65821505e+00 2.70934486e+00 5.72881651e+00
  5.50143421e-01 3.73740029e+00 0.00000000e+00 1.56276226e+00
  6.94712162e-01 4.96796310e-01 1.13210127e-01 1.14360237e+00
  3.08844924e-01 3.67570972e+00 2.97965765e+00 6.54261827e+00
  0.00000000e+00 4.48767233e+00 2.17915088e-01 0.00000000e+00
  0.00000000e+00 1.30633548e-01 2.18586612e+00 2.70979190e+00
  1.51326752e+00 3.82143664e+00 2.46862233e-01 2.52366042e+00
  5.71005762e-01 2.75551867e+00 2.60289371e-01 2.06723541e-01
  6.01480305e-01 5.65518188e+00 8.38195992e+00 2.88446158e-01
  1.10286200e+00 1.28491271e+00 2.38905501e+00 3.34688997e+00
  3.71752715e+00 6.65871429e+00 1.97278023e+00 6.56072438e-01
  1.23749888e+00 5.91379738e+00 9.59742641e+00 9.81446624e-01
  2.23867726e+00 1.05485964e+01 1.49082899e+01 3.66936612e+00
  1.47712052e+00 1.28485787e+00 4.63049603e+00 3.54529548e+00
  0.00000000e+00 1.91381180e+00 2.49781513e+00 0.00000000e+00
  2.72659373e+00 6.20718145e+00 1.89372170e+00 5.30680704e+00
  2.50401759e+00 9.05328393e-02 0.00000000e+00 3.16762812e-02
  9.24679756e+00 0.00000000e+00 4.98427093e-01 2.74137402e+00
  1.82356987e+01 0.00000000e+00 6.74330115e-01 5.05547428e+00
  3.44675112e+00 9.92109001e-01 3.19461226e+00 1.76911581e+00
  3.92233038e+00 1.98594272e+00 3.68842036e-01 0.00000000e+00
  3.26113415e+00 2.04844594e+00 4.15512466e+00 4.13961895e-02
  2.79559660e+00 0.00000000e+00 3.35407615e+00 2.25639725e+00
  4.49834442e+00 0.00000000e+00 0.00000000e+00 6.49697733e+00
  3.97728562e-01 1.60946965e+00 2.20380521e+00 5.35965919e-01
  5.41977547e-02 4.18489218e+00 8.91007721e-01 6.16056100e-02
  1.33356285e+01 0.00000000e+00 4.22003222e+00 0.00000000e+00
  1.58506072e+00 5.44240832e-01 1.29487753e+00 1.09867764e+00
  1.05500622e+01 0.00000000e+00 2.91072083e+00 4.68349600e+00
  6.08599961e-01 1.63127708e+00 4.37008429e+00 2.06443042e-01
  5.80464554e+00 6.12180042e+00 2.35047317e+00 1.29248214e+00
  7.48105705e-01 2.55893517e+00 5.13360834e+00 2.04563975e+00
  1.68718219e+00 4.24033451e+00 7.02212858e+00 1.07463336e+00
  3.66137065e-02 6.33503342e+00 6.82188392e-01 1.01205034e+01
  8.84495735e-01 0.00000000e+00 8.53270721e+00 1.67856550e+00
  4.56863903e-02 3.62834787e+00 8.05473030e-01 1.59197950e+00
  7.26728141e-01 0.00000000e+00 3.12065864e+00 1.98395908e+00
  4.25088882e+00 3.92545915e+00 0.00000000e+00 4.89603058e-02
  2.53627753e+00 8.94813716e-01 4.83848929e-01 0.00000000e+00
  0.00000000e+00 1.17800200e+00 1.94977605e+00 1.11027443e+00
  7.78246641e+00 1.06605663e+01 1.52600443e+00 4.52601576e+00
  1.11827767e+00 1.49916983e+00 5.50600767e+00 7.65204430e-01
  1.68892479e+00 6.32831037e-01 2.66943989e+01 7.73333490e-01
  1.19716779e-03 3.51768374e-01 3.46065521e-01 3.23768640e+00
  2.92973965e-01 4.72653675e+00 1.02599704e+00 8.71016312e+00
  5.62831938e-01 6.35411561e-01 0.00000000e+00 1.03262730e+01
  8.01565647e+00 1.50511765e+00 2.96578979e+00 6.89294994e-01
  4.36835861e+00 1.23721910e+00 2.83821821e+00 9.83230993e-02
  3.06385303e+00 3.03407860e+00 6.69859290e-01 8.29367161e+00
  7.42292500e+00 9.30549717e+00 1.56917244e-01 1.63408911e+00
  1.23965330e+01 1.72877717e+00 1.89551711e+00 2.05702448e+00
  1.77813470e+00 1.54195366e+01 1.71893501e+00 6.87567091e+00
  1.62016797e+00 6.52591661e-02 0.00000000e+00 4.89332533e+00
  1.46670115e+00 8.00983667e-01 3.62493658e+00 8.79140794e-02
  7.79212415e-01 6.55920029e+00 9.05006349e-01 6.62447631e-01
  0.00000000e+00 1.46849658e-02 1.33399153e+00 7.05822468e-01
  0.00000000e+00 2.28577211e-01 3.87911767e-01 2.69462800e+00
  6.87301457e-01 1.34641945e+00 5.46501541e+00 3.94085598e+00
  6.87291908e+00 8.57585728e-01 4.73099613e+00 2.90237761e+00
  3.94632292e+00 6.64239407e-01 1.28106451e+00 8.11987209e+00
  3.02691281e-01 7.49807134e-02 9.37307701e-02 3.79114604e+00
  5.05889475e-01 0.00000000e+00 3.73430043e-01 4.90201759e+00
  5.05735815e-01 1.19654082e-01 3.18332529e+00 6.12858236e-01
  9.46774387e+00 2.11600363e-01 0.00000000e+00 1.00547993e+00
  7.69850874e+00 2.65370309e-01 2.42547369e+00 4.52005148e-01
  1.06979382e+00 4.05002022e+00 3.08873916e+00 7.88639069e-01
  5.65306187e+00 1.00806034e+00 1.16471410e+00 3.67484403e+00
  3.92003894e+00 1.12238806e-02 1.13430524e+00 0.00000000e+00
  8.30237746e-01 8.84131551e-01 3.98626471e+00 2.73470193e-01
  8.54737580e-01 2.14832139e+00 3.28127623e-01 4.07376480e+00
  0.00000000e+00 1.41035783e+00 8.45293999e-01 2.69216609e+00
  9.71781835e-02 1.71071693e-01 5.79959726e+00 4.71794224e+00
  1.05471301e+00 6.67562962e-01 8.25222850e-01 1.88203797e-01
  2.65897006e-01 0.00000000e+00 2.71055365e+00 8.39155865e+00
  4.87510777e+00 1.16605377e+01 1.36501706e+00 3.25222397e+00
  4.76318932e+00 1.77118385e+00 5.90409899e+00 2.35095191e+00
  7.65806007e+00 8.97645578e-02 1.28431406e+01 3.15912104e+00
  3.34221053e+00 2.79192209e+00 6.26397085e+00 1.05482197e+00
  2.69846010e+00 0.00000000e+00 1.98843992e+00 0.00000000e+00]]