[[9.92713332e-01 3.69342566e-01 9.55603504e+00 1.04168665e+00
  5.35030425e-01 1.60211122e+00 9.55513382e+00 4.07328224e+00
  2.41106939e+00 1.26396561e+00 1.33411622e+00 3.62403703e+00
  9.39304352e+00 3.68290997e+00 2.35539734e-01 4.03959894e+00
  0.00000000e+00 0.00000000e+00 6.01585172e-02 3.11424327e+00
  1.02401519e+00 1.21644937e-01 3.16693091e+00 0.00000000e+00
  1.47392675e-01 1.25941610e+01 5.14212894e+00 1.88369560e+00
  4.34081697e+00 1.01054452e-01 2.73183286e-01 6.19655704e+00
  1.65209568e+00 3.82453293e-01 5.51398937e-03 2.69663930e+00
  3.26143265e+00 2.40177894e+00 5.58324146e+00 3.23739696e+00
  3.26332808e+00 3.92086148e+00 2.35508418e+00 2.20729876e+00
  3.22231340e+00 8.48355219e-02 4.02815533e+00 9.47387409e+00
  2.60784078e+00 1.07574451e+00 8.84052992e-01 2.16436088e-01
  0.00000000e+00 3.82809210e+00 1.94193912e+00 5.45944071e+00
  3.31618547e+00 1.05824337e+01 6.73738575e+00 0.00000000e+00
  0.00000000e+00 1.09271169e-01 6.03448629e+00 4.34788799e+00
  0.00000000e+00 4.68230438e+00 5.70818603e-01 1.82530820e+00
  0.00000000e+00 6.10479951e-01 2.54668713e-01 4.77767372e+00
  1.64266801e+00 1.09501534e+01 3.98932174e-02 0.00000000e+00
  7.22794437e+00 6.24864674e+00 3.97668689e-01 5.27403690e-02
  5.15319128e-03 2.54448295e+00 4.47921228e+00 0.00000000e+00
  3.15491468e-01 3.38869715e+00 1.43067688e-01 3.26275229e-01
  4.45667124e+00 6.11646593e-01 9.95048285e-01 3.50188470e+00
  0.00000000e+00 1.08162664e-01 9.51018333e-01 0.00000000e+00
  8.27419162e-02 2.19528794e+00 6.21356440e+00 1.13565092e+01
  0.00000000e+00 6.54397964e+00 3.90098274e-01 3.58647370e+00
  4.15050507e+00 1.05340314e+00 2.51195192e-01 0.00000000e+00
  2.53948045e+00 1.65981337e-01 3.01618433e+00 6.04361153e+00
  2.50863105e-01 0.00000000e+00 3.81393284e-01 0.00000000e+00
  8.06507111e+00 6.99394226e-01 2.24290895e+00 4.78659630e+00
  1.48103774e-01 1.44683170e+00 0.00000000e+00 1.50345659e+01
  4.14131689e+00 1.36906028e+00 0.00000000e+00 2.44447822e-03
  6.42515659e-01 2.18464279e+00 1.27211487e+00 1.79322083e-02
  1.65364683e+00 7.96137214e-01 7.72642553e-01 6.43115640e-01
  5.45192897e-01 3.38885397e-01 4.04202986e+00 1.40161219e+01
  5.44060588e-01 0.00000000e+00 0.00000000e+00 5.16611099e+00
  1.93871152e+00 1.72553337e+00 3.52201509e+00 2.22899842e+00
  0.00000000e+00 8.68940949e-01 2.36083755e+01 9.10620928e-01
  6.14569008e-01 0.00000000e+00 1.24882534e-01 4.24865752e-01
  1.03714132e+00 3.77926826e+00 1.73802745e+00 0.00000000e+00
  1.40776575e+00 1.13750958e+00 4.03535318e+00 2.28520129e-02
  4.70396137e+00 2.87608147e+00 1.24812996e+00 3.90110850e+00
  7.10463881e-01 5.02068663e+00 0.00000000e+00 8.05848464e-02
  3.20710254e+00 6.67973995e-01 7.40473419e-02 2.88657665e-01
  0.00000000e+00 2.72415566e+00 2.76059842e+00 2.37101269e+00
  1.14545288e+01 3.67204785e-01 3.31312990e+00 1.09681316e-01
  1.82350218e+00 6.47714972e-01 2.17088985e+00 6.36641741e-01
  3.05112749e-01 1.15509284e+00 1.08349943e+01 0.00000000e+00
  0.00000000e+00 1.61020966e+01 6.82759583e-02 5.66273034e-01
  0.00000000e+00 9.21417618e+00 1.19083703e+00 0.00000000e+00
  3.47765064e+00 3.10510874e+00 3.05026531e-01 3.36029434e+00
  1.49760456e+01 1.78208709e+00 0.00000000e+00 7.99828529e-01
  2.85764980e+00 5.73713958e-01 5.75279617e+00 1.91919589e+00
  1.32179940e+00 3.12811995e+00 7.54982233e-02 3.26223445e+00
  5.27907991e+00 3.84097171e+00 7.75299788e-01 2.77534366e-01
  3.16470408e+00 5.23680639e+00 1.31211758e+00 6.00058746e+00
  2.49753809e+00 5.21641588e+00 2.14358255e-01 4.62905550e+00
  0.00000000e+00 5.25929832e+00 8.37111652e-01 5.62703073e-01
  5.51737905e-01 3.05849338e+00 7.85957575e-01 2.28493285e+00
  1.35142100e+00 7.23887873e+00 4.19048309e-01 1.25543690e+00
  7.11164623e-02 1.50632963e-01 0.00000000e+00 2.72494817e+00
  1.92687261e+00 4.28382301e+00 5.52928019e+00 0.00000000e+00
  4.24197245e+00 1.04288828e+00 4.35746670e+00 4.27051336e-01
  4.00679493e+00 2.57729864e+00 1.37991738e+00 0.00000000e+00
  1.48180282e+00 0.00000000e+00 1.98118067e+00 4.69082743e-01
  1.47362053e+00 0.00000000e+00 3.24878484e-01 1.93567067e-01
  2.63988614e+00 1.88606668e+00 0.00000000e+00 8.93847108e-01
  3.64427829e+00 3.62225175e-01 7.86657953e+00 0.00000000e+00
  6.14804149e-01 3.87582374e+00 2.60195613e+00 2.10719156e+00
  1.02757740e+01 1.09755135e+00 3.79615799e-02 1.09290516e+00
  4.93126583e+00 2.21684337e+00 1.54947698e+00 0.00000000e+00
  2.61346006e+00 0.00000000e+00 4.80607063e-01 2.05693737e-01
  4.27540588e+00 7.00846612e-01 0.00000000e+00 6.88897431e-01
  1.75506306e+00 5.93262672e+00 5.71827173e+00 1.91698700e-01
  3.75514245e+00 2.04141426e+00 1.22189302e+01 0.00000000e+00
  1.01578112e+01 4.33467817e+00 1.26628292e+00 0.00000000e+00
  3.22180295e+00 1.86767638e-01 5.18623590e+00 1.01973414e-01
  5.92701018e-01 1.12006390e+00 1.96210587e+00 2.81162769e-01
  4.16745424e-01 4.05295134e+00 5.76970689e-02 2.50957060e+00
  1.56540596e+00 1.59698515e+01 8.28232020e-02 9.06628132e+00
  2.63779890e-02 4.44143438e+00 3.82628489e+00 0.00000000e+00
  6.57538891e-01 6.76622343e+00 9.87204933e+00 0.00000000e+00
  2.49834895e+00 0.00000000e+00 1.31090403e+00 2.38938737e+00
  2.87126374e+00 2.22304964e+00 1.30809526e+01 4.04994965e+00
  4.41495323e+00 1.35569181e+01 1.00602758e+00 1.44585228e+00
  2.98526788e+00 0.00000000e+00 2.57777631e-01 1.07872353e+01
  1.03185511e+00 2.61368215e-01 0.00000000e+00 3.25198323e-01
  0.00000000e+00 1.30053556e+00 1.75250649e-01 0.00000000e+00
  3.43042053e-02 0.00000000e+00 1.84954023e+00 2.00290656e+00
  1.75042260e+00 2.01724377e+01 7.74532604e+00 1.91735697e+00
  0.00000000e+00 5.42224109e-01 2.48937416e+00 4.63165855e+00
  4.39431381e+00 1.08831167e+00 9.88232422e+00 6.78282201e-01
  0.00000000e+00 4.64479774e-02 3.49312425e-01 1.11546135e+00
  6.39050484e+00 3.24540198e-01 1.00176120e+00 1.46705282e+00
  2.72116840e-01 8.92356813e-01 0.00000000e+00 3.16545439e+00
  3.95778537e+00 3.09154701e+00 2.51723200e-01 1.44582820e+00
  6.72892523e+00 5.48005879e-01 2.04518938e+00 5.14403224e-01
  8.80229354e-01 2.01451063e+00 3.81284922e-01 3.49376142e-01
  8.53476238e+00 2.97158217e+00 2.18061090e-01 1.60362923e+00
  3.76549673e+00 1.87154031e+00 3.33832908e+00 0.00000000e+00
  1.58867788e+00 1.23149948e+01 2.91736461e-02 1.80629044e+01
  6.41697931e+00 0.00000000e+00 0.00000000e+00 0.00000000e+00
  3.55717492e+00 2.80432320e+00 1.26898146e+00 6.44674540e-01
  0.00000000e+00 0.00000000e+00 1.04608881e+00 2.62881249e-01
  1.12113786e+00 1.73201180e+00 3.67851019e+00 8.75777531e+00
  1.38391078e+00 6.55984390e-04 3.03443037e-02 1.81613255e+00
  0.00000000e+00 2.47333193e+00 1.73457634e+00 7.18831396e+00
  6.14754260e-01 0.00000000e+00 3.51311851e+00 3.17385584e-01
  1.89003239e+01 9.18873549e-02 3.55345190e-01 3.46804833e+00
  6.16943061e-01 2.54217386e+00 2.93272156e-02 1.08106697e+00
  0.00000000e+00 2.16963828e-01 2.64325708e-01 1.96267185e+01
  1.87903807e-01 6.55726075e-01 6.86951971e+00 1.47578740e+00
  0.00000000e+00 0.00000000e+00 5.71591854e+00 3.08660293e+00
  1.15990496e+00 1.58697355e+00 1.41105247e+00 5.16554676e-02
  5.59963799e+00 5.79141474e+00 4.18410748e-02 4.36104155e+00
  6.62461615e+00 4.88957852e-01 9.63835812e+00 1.10602474e+00
  1.82937264e+00 3.52040887e-01 7.32017338e-01 0.00000000e+00
  2.54587626e+00 8.08656633e-01 9.29967785e+00 3.53171277e+00
  1.76722836e+00 3.96955538e+00 0.00000000e+00 1.48841155e+00
  7.83348262e-01 4.53568399e-02 1.46831918e+00 2.44106245e+00
  3.56115699e+00 0.00000000e+00 4.03277189e-01 1.18135285e+00
  6.41776860e-01 1.52265588e-02 1.08902550e+01 3.42234701e-01
  1.30752516e+00 0.00000000e+00 3.73803329e+00 5.89981556e+00
  4.15737301e-01 3.44894028e+00 1.84924352e+00 7.79424369e-01
  1.54848680e+01 1.13865781e+00 3.24879110e-01 9.92499366e-02
  2.01515675e+00 2.14872050e+00 7.92201310e-02 1.23347306e+00
  5.71675444e+00 1.91581160e-01 3.72668713e-01 3.34889102e+00
  1.43457019e+00 9.24919605e-01 1.26498246e+00 7.50828886e+00]]