[[1.04069054e+00 1.63954616e-01 1.23649442e+00 0.00000000e+00
  0.00000000e+00 9.37951922e-01 4.48782587e+00 0.00000000e+00
  2.37323475e+00 2.54995704e-01 8.26291847e+00 1.06999612e+00
  1.53419137e+00 4.52090359e+00 2.07480431e+00 3.77727699e+00
  1.00626886e+00 3.30678940e-01 1.44136369e+00 4.79622889e+00
  1.93432879e+00 1.09099627e+00 4.98054218e+00 1.89855862e+00
  8.30551445e-01 6.12904072e+00 1.37869871e+00 2.37435088e-01
  4.58638936e-01 4.30992842e+00 0.00000000e+00 4.09741074e-01
  2.04739618e+00 9.50490892e-01 1.94015443e+00 0.00000000e+00
  9.61702156e+00 6.65664375e-01 9.08536434e+00 3.00431347e+00
  1.88650298e+00 6.26632261e+00 1.68178707e-01 6.81326914e+00
  0.00000000e+00 2.57217050e-01 7.68261433e-01 1.31195486e+00
  6.59146929e+00 0.00000000e+00 1.42164671e+00 2.19968557e-01
  2.78405041e-01 2.04516363e+00 1.96851432e+00 9.10785913e-01
  1.03867555e+00 2.20135665e+00 3.88951004e-01 0.00000000e+00
  4.05820727e-01 2.56036806e+00 6.89959240e+00 7.92490578e+00
  9.04707983e-02 2.80731106e+00 2.61824965e+00 3.85304749e-01
  1.74077499e+00 1.58862913e+00 8.29174900e+00 1.63731980e+00
  0.00000000e+00 3.99566531e+00 2.20566368e+00 1.96039665e+00
  1.88123122e-01 0.00000000e+00 5.39078593e-01 2.56177044e+00
  6.66923666e+00 7.51240194e-01 3.31052041e+00 1.21423332e-02
  7.82152700e+00 1.03272018e+01 1.35658228e+00 0.00000000e+00
  2.17804456e+00 5.23248076e-01 3.60543036e+00 4.91155481e+00
  0.00000000e+00 4.03691816e+00 2.49206567e+00 3.63975525e-01
  1.56854141e+00 8.20422292e-01 3.26110935e+00 2.85818887e+00
  1.34908795e-01 2.50370193e+00 8.54661942e+00 6.42235899e+00
  0.00000000e+00 8.33379459e+00 1.99791849e-01 0.00000000e+00
  4.23489523e+00 7.87352562e-01 2.32720184e+00 0.00000000e+00
  2.09472561e+00 1.56086671e+00 0.00000000e+00 9.24246311e-01
  6.86880875e+00 1.38643360e+00 8.09029043e-02 1.90422213e+00
  3.93833280e-01 3.72417450e-01 2.88897157e-01 5.36500406e+00
  2.65050650e+00 1.78261355e-01 3.01195192e+00 4.83312309e-02
  0.00000000e+00 5.30707836e+00 1.14035404e+00 0.00000000e+00
  2.44193435e+00 5.09479046e-01 0.00000000e+00 1.88364053e+00
  2.15120807e-01 7.78530419e-01 5.20480633e+00 4.73831749e+00
  1.35614324e+00 1.92596602e+00 1.22938573e+00 1.13237495e+01
  4.30998373e+00 1.18197657e-01 4.68303823e+00 1.65310234e-01
  5.74054623e+00 2.44845676e+00 1.93670079e-01 1.20745432e+00
  5.47530711e-01 2.61298966e+00 5.11793718e-02 8.97091720e-03
  6.44828081e-01 5.23297548e+00 3.22028399e-02 6.52760148e-01
  6.81883454e-01 6.51408625e+00 2.90751767e+00 2.42165518e+00
  8.75047398e+00 3.42378449e+00 0.00000000e+00 2.60006160e-01
  0.00000000e+00 0.00000000e+00 7.70561981e+00 1.03966379e+00
  3.46241450e+00 1.75686321e+01 1.00610697e+00 1.82702720e+00
  2.06412148e+00 2.87998796e-01 1.54069443e+01 3.84939790e-01
  2.50308037e+00 2.40402102e+00 4.55094546e-01 2.38153785e-02
  3.73368740e-01 4.19835711e+00 1.46152139e-01 1.75332546e+00
  4.12372828e+00 2.50572538e+00 3.75361156e+00 0.00000000e+00
  4.16084766e+00 1.10011053e+01 1.43747163e+00 1.51657903e+00
  4.57407124e-02 3.75410748e+00 1.31375360e+00 0.00000000e+00
  4.55356169e+00 0.00000000e+00 4.39856857e-01 1.73565769e+01
  1.16669378e+01 4.22099972e+00 6.28611267e-01 7.84809649e-01
  3.44049215e-01 1.20949097e+01 6.05633974e-01 5.82237959e+00
  9.70583618e-01 8.79766750e+00 1.39550403e-01 5.64094722e-01
  1.43858993e+00 8.79633617e+00 4.38025683e-01 4.19887394e-01
  5.08104622e-01 4.82445717e+00 4.95989323e-01 1.85060525e+00
  0.00000000e+00 5.01602054e-01 2.44677424e+00 4.83151078e-01
  3.73154283e+00 3.46941566e+00 3.18697333e+00 7.43291199e-01
  3.48155111e-01 8.90410364e-01 1.14327741e+00 1.01493108e+00
  3.89591599e+00 3.11478877e+00 4.26134378e-01 2.21462473e-02
  7.55803362e-02 3.87266576e-01 7.06460524e+00 3.31610680e+00
  3.56656909e-01 7.74497652e+00 2.41542339e+00 1.26189482e+00
  1.77408957e+00 1.92551732e+00 3.94988179e+00 5.46543932e+00
  3.89401484e+00 3.67700005e+00 4.88571835e+00 3.93287502e-02
  9.51343298e-01 3.15019560e+00 2.25948524e+00 4.85146880e-01
  1.46889102e+00 2.10864786e-02 0.00000000e+00 2.77415752e+00
  5.52080250e+00 1.42790699e+01 0.00000000e+00 2.10089326e+00
  6.03165865e+00 1.34004068e+00 3.78247595e+00 2.21593928e+00
  1.43535221e+00 2.37151861e+00 8.43414545e-01 4.47794586e-01
  1.40081453e+01 1.12510312e+00 1.86236823e+00 9.26856697e-01
  7.33732986e+00 2.45981145e+00 7.62824595e-01 0.00000000e+00
  3.83099294e+00 1.11077148e-02 5.40301466e+00 3.92590308e+00
  6.37241888e+00 7.93157625e+00 0.00000000e+00 0.00000000e+00
  6.80978894e-01 4.57997990e+00 4.56326294e+00 4.10391569e+00
  0.00000000e+00 8.87079358e-01 0.00000000e+00 0.00000000e+00
  1.30596895e+01 1.18651009e+00 5.84701300e+00 0.00000000e+00
  6.03298950e+00 5.04708004e+00 8.20675910e-01 2.63949223e-02
  9.37184989e-01 0.00000000e+00 6.36181593e+00 1.09751248e+00
  5.22665203e-01 3.66210699e+00 4.88886595e+00 0.00000000e+00
  4.07380390e+00 1.11220217e+01 2.36021090e+00 8.50868225e-02
  9.72678566e+00 6.24581289e+00 2.66944140e-01 5.35596907e-01
  4.25081775e-02 6.39462614e+00 7.39465809e+00 0.00000000e+00
  9.31831121e-01 2.46119678e-01 4.28917825e-01 4.24456596e+00
  1.28836060e+00 4.88038969e+00 4.24020958e+00 1.54761624e+00
  4.35703802e+00 2.99125695e+00 1.93921804e+00 1.66646206e+00
  3.62339288e-01 3.28218079e+00 7.07806349e+00 6.75700605e-01
  1.54300284e+00 4.84893656e+00 1.91496956e+00 2.29279971e+00
  5.06466818e+00 9.22001600e-01 1.40014127e-01 3.70383412e-02
  3.55630064e+00 4.52387428e+00 8.43622875e+00 1.21321894e-01
  0.00000000e+00 1.09093618e+01 1.91244766e-01 1.69014275e-01
  1.85489941e+01 0.00000000e+00 1.32546389e+00 3.30781794e+00
  1.04964218e+01 0.00000000e+00 2.17803707e+01 7.34168440e-02
  0.00000000e+00 5.46923828e+00 1.18321681e+00 5.67725301e-01
  1.40899448e+01 5.52520943e+00 1.58830404e+00 6.89981747e+00
  4.84278488e+00 1.23115730e+01 0.00000000e+00 5.18910599e+00
  1.31814206e+00 1.76800460e-01 3.51068497e+00 2.19895601e+00
  2.91797847e-01 3.65801871e-01 2.07120275e+00 0.00000000e+00
  4.95972252e+00 5.90713167e+00 2.03316331e+00 8.72573376e-01
  0.00000000e+00 0.00000000e+00 7.75017798e-01 5.69098759e+00
  5.30805445e+00 9.53531981e-01 5.39186001e-01 8.52230668e-01
  1.32845902e+00 1.63553314e+01 0.00000000e+00 6.78628206e+00
  4.60032082e+00 2.65827465e+00 2.20382810e-01 7.84836709e-02
  1.32582760e+00 2.77552940e-02 6.12606668e+00 1.66791582e+00
  1.04778659e+00 5.48300648e+00 1.09395564e+00 3.07203770e-01
  3.69389087e-01 1.54341176e-01 0.00000000e+00 0.00000000e+00
  5.45336194e-02 0.00000000e+00 1.76413536e+00 1.39162922e+00
  4.37029505e+00 1.20929837e+00 5.28118324e+00 5.14002132e+00
  0.00000000e+00 1.62786245e+00 9.03173164e-02 1.74096000e+00
  1.01600266e+01 2.96044683e+00 0.00000000e+00 1.28736690e-01
  1.89115715e+00 5.66548061e+00 1.10430650e-01 3.58702159e+00
  1.99483728e+00 0.00000000e+00 6.32587492e-01 2.58667564e+00
  0.00000000e+00 0.00000000e+00 1.73195735e-01 2.13401842e+00
  5.07000971e+00 0.00000000e+00 1.12195373e+00 1.59527671e+00
  2.22242522e+00 3.01791096e+00 1.01406507e+01 0.00000000e+00
  3.60615921e+00 1.82486153e+00 2.17622209e+00 5.51442528e+00
  1.91479850e+00 4.49936688e-01 2.37217769e-01 5.21487188e+00
  0.00000000e+00 8.86266589e-01 1.17960262e+00 2.05972576e+00
  2.62813419e-01 6.65367723e-01 1.92295268e-01 2.27764273e+00
  9.39906090e-02 6.73875761e+00 1.74518776e+00 2.71937585e+00
  1.70225620e+00 0.00000000e+00 5.18103075e+00 3.75704026e+00
  2.49975413e-01 1.48541415e+00 0.00000000e+00 2.80374360e+00
  0.00000000e+00 8.03613758e+00 0.00000000e+00 0.00000000e+00
  4.68131363e-01 2.55051076e-01 1.16453350e+00 9.30590034e-01
  1.14589131e+00 4.81581926e-01 8.49235356e-01 4.07288647e+00
  6.63978338e+00 7.10609722e+00 3.52625608e+00 7.75964439e-01
  4.53072119e+00 2.07106769e-02 0.00000000e+00 0.00000000e+00
  4.48710299e+00 0.00000000e+00 7.96065044e+00 4.85056019e+00
  1.92364800e+00 2.22066134e-01 7.11964703e+00 7.67747402e-01]]