[[8.3398980e-01 1.9013757e+00 2.0652642e+00 0.0000000e+00 1.9671309e+00
  1.8148198e+00 7.7860945e-01 4.5803699e+00 6.8448997e-01 9.5038883e-02
  6.5523499e-01 1.3565532e+00 4.4816956e-01 2.0704587e+00 0.0000000e+00
  1.5372503e+00 3.1894305e+00 1.2015657e-02 0.0000000e+00 2.3250322e+00
  5.8155362e-02 1.0215694e+01 1.4279461e-01 2.9145570e+00 3.6974318e-02
  1.0561517e+00 4.8622098e+00 4.8311238e+00 3.2320018e+00 1.8455002e-01
  4.2071595e+00 1.0780698e-01 0.0000000e+00 1.6747299e+00 1.3345499e+00
  3.5214645e-01 2.3329766e-02 2.4540909e-01 9.8290014e+00 7.9058275e-02
  2.4333067e+00 1.6075195e+00 2.7124885e-01 1.8776668e+00 0.0000000e+00
  2.3358066e+00 2.4975181e+00 3.1108959e+00 9.9634272e-01 2.8848866e-01
  2.3517139e+00 2.3374255e+00 0.0000000e+00 4.4754642e-01 2.8625872e+00
  2.9431272e+00 2.5912032e+00 4.1726565e+00 1.7885481e-03 8.9765394e-01
  7.8766179e-01 2.3343189e+00 7.0892115e+00 4.5568218e+00 0.0000000e+00
  1.5509762e-01 0.0000000e+00 7.7272344e-01 3.1322510e+00 8.7383109e-01
  5.7884938e-01 1.1372603e+00 7.2488675e+00 2.7700198e+00 2.2020240e+00
  1.0336970e+00 3.1297433e+00 8.4942979e-01 2.1332450e+00 0.0000000e+00
  1.6246013e-01 2.7442509e-02 1.5118864e+01 1.6549422e+00 6.7308335e+00
  3.1173511e+00 1.7773811e+00 7.5340845e-02 4.1436243e+00 1.4576417e-01
  3.1393120e+00 3.4429226e+00 2.8600600e+00 1.0095471e+01 2.5364463e+00
  7.5172400e-01 2.0250654e+00 4.1573367e+00 4.0284953e+00 8.6109610e+00
  2.4820943e+00 0.0000000e+00 2.1480889e+00 3.6867466e+00 1.9421197e+00
  9.4908401e-02 8.4408792e-03 1.8517359e+00 1.5273362e+00 8.6232537e-01
  2.5578220e+00 3.1652272e+00 7.4794779e+00 0.0000000e+00 1.7945331e+00
  0.0000000e+00 8.6093493e+00 3.6352485e-01 0.0000000e+00 1.5740747e+00
  2.7651315e+00 6.4255881e+00 1.6587381e+00 4.3718014e+00 0.0000000e+00
  5.1636739e+00 4.1117419e-02 2.4501510e-01 3.3483763e+00 1.5626517e+01
  2.4332097e+00 2.7756548e+00 8.1821191e-01 3.1281934e+00 1.1422604e-01
  1.8002071e+00 5.0214696e+00 8.1905460e+00 2.8779802e-01 1.4348338e+00
  8.1786746e-01 2.6725881e+00 1.1148112e-01 1.8683127e+00 4.8364019e+00
  0.0000000e+00 4.9530263e+00 2.7421355e+00 1.4870683e-02 8.9381200e-01
  4.9762726e-01 2.8842852e+00 1.0996324e+00 5.4298034e+00 5.8748674e-01
  2.3201456e+00 2.3766065e+00 7.0953041e-01 1.1462494e+00 2.1611686e+00
  1.3681549e+00 1.3936522e+00 2.3677368e+00 2.7578948e-02 1.6865920e+00
  7.9901397e-01 1.0021842e+00 2.9770904e+00 4.1047320e+00 2.6051116e+00
  4.2676597e+00 4.6072930e-02 4.9129329e+00 2.8002360e-01 2.0724240e-01
  0.0000000e+00 5.7864423e+00 4.9480634e+00 2.4011974e-01 1.5082649e+01
  0.0000000e+00 2.7121115e+00 1.4440794e+00 1.7168264e+00 0.0000000e+00
  4.7108331e+00 2.4537783e+00 9.0930319e-01 1.7916564e+00 4.7619987e+00
  1.8433849e+00 4.4024329e+00 1.5067829e+00 6.2041445e+00 3.4495324e-01
  2.8938717e-01 2.4551058e+00 3.2648995e+00 4.6429906e+00 1.5402368e+00
  0.0000000e+00 0.0000000e+00 8.2801762e+00 0.0000000e+00 5.1492805e+00
  9.0381902e-01 1.5969547e+00 1.3318719e+00 1.6156363e-01 1.1958467e+01
  0.0000000e+00 1.4326459e-01 8.1541491e-01 0.0000000e+00 1.0015382e+01
  3.6505728e+00 1.4037827e+00 2.8257799e-01 9.0260943e-03 1.9804631e+00
  1.2595084e+00 8.4048138e+00 7.4532752e+00 2.2300999e+00 2.2261879e+00
  2.9495573e+00 1.8934232e-01 3.7946236e+00 3.0061655e+00 4.0071802e+00
  6.5127689e-01 1.9718227e+00 3.7060828e+00 1.0655721e+00 1.1818880e-01
  2.8180230e+00 3.8783145e+00 2.3420265e+00 1.7702484e+01 2.6057045e+00
  2.2574492e+00 2.6742003e+00 3.9859209e+00 6.0012722e+00 1.6578338e+00
  1.2723212e+00 4.3424873e+00 5.1330986e+00 2.9743778e-02 3.1416657e+00
  0.0000000e+00 0.0000000e+00 4.2185783e+00 1.1301073e+00 1.4799857e+00
  0.0000000e+00 3.0490329e+00 8.3660585e-01 1.7053182e+00 1.3453727e+00
  1.4631128e+00 0.0000000e+00 3.3795633e+00 3.9471545e+00 9.2775726e-01
  6.7885059e-01 2.7595267e+00 5.9157211e-01 4.8070855e+00 1.0361930e+00
  5.7766545e-01 0.0000000e+00 1.2481713e+00 2.7113315e-01 7.2700173e-01
  4.4009233e+00 7.6294017e-01 2.0259178e+00 4.2546090e-01 4.6123986e+00
  3.1588254e+00 1.5474049e+00 1.0519555e+01 2.9059753e+00 0.0000000e+00
  2.2016731e-01 6.5076094e+00 1.0573312e+00 3.3788118e-01 4.8736280e-01
  4.0761147e+00 4.1065478e-01 7.5580269e-02 5.3739194e-02 6.3736314e-01
  6.2540832e+00 1.1910876e+00 1.8553827e+00 4.5473862e+00 4.5332022e-02
  1.5052973e+00 7.3909788e+00 2.0522397e-02 0.0000000e+00 3.1438286e+00
  5.7330647e+00 6.3356647e+00 4.5751929e-01 3.4100229e-01 3.7191186e+00
  4.7276548e-01 4.1796324e-01 1.2886419e+00 2.8005328e+00 6.8978515e+00
  2.2138150e+00 6.2492657e+00 5.6460710e+00 3.4101605e-01 0.0000000e+00
  1.2314218e+00 1.4370812e+00 0.0000000e+00 2.0986660e+00 4.7184610e+00
  4.0019959e-01 3.9085438e+00 8.4296293e+00 5.6456060e+00 1.0776899e+00
  0.0000000e+00 1.4197928e+00 9.8663229e-01 4.9647030e-01 6.6093950e+00
  7.1190200e+00 6.7617736e+00 6.3963037e+00 3.2896445e+00 2.6655507e+00
  5.6049824e+00 8.5797864e-01 1.7750270e+00 2.4094222e+00 4.7318041e-01
  6.4549619e-01 1.4925756e+00 3.9910381e+00 4.2542720e+00 6.5518391e-01
  7.0929766e-01 3.7565615e-02 4.8055127e-01 2.3153150e-01 5.3347039e-01
  7.4531101e-02 7.9422116e-01 3.3196373e+00 8.6842022e+00 3.9118614e+00
  4.9539094e+00 2.5176220e+00 1.0414062e+00 1.9267609e+00 4.0955222e-01
  1.0415252e+00 1.0408697e+01 1.0369216e+00 5.1174507e+00 7.5332208e+00
  0.0000000e+00 0.0000000e+00 6.5885201e+00 0.0000000e+00 2.7781219e+00
  1.2624743e+00 3.7343663e-01 6.2568312e+00 1.3011620e+01 1.7346822e-01
  1.2509332e+00 3.9642618e+00 8.6851680e-01 1.0471079e+00 0.0000000e+00
  1.0825778e+00 1.0837994e+00 7.8330696e-01 3.3850772e+00 6.8035406e-01
  1.5736654e+00 6.3171428e-01 9.9660307e-02 1.4270232e+00 5.4373069e+00
  6.7309242e-01 4.6155958e+00 1.4985113e+00 2.9487298e+00 3.5758107e+00
  3.2517378e+00 1.2592778e+01 1.7590435e+00 9.2819223e+00 4.6787310e+00
  6.4697045e-01 8.6785257e-02 1.0408372e+00 3.7748802e+00 5.7741923e+00
  6.6718102e+00 1.3268321e+00 1.1630889e+01 5.1530766e-01 1.0713656e-03
  0.0000000e+00 3.7335274e+00 6.9854730e-01 7.2001834e+00 1.5955367e+00
  7.5664282e+00 4.2794505e-01 1.8100524e-02 1.3733983e+00 4.2977719e+00
  1.6006494e+00 2.8040862e+00 1.0065202e-01 7.9173499e-01 9.0031347e+00
  1.2967892e+00 3.7194216e-01 1.7962201e+00 1.5334898e+00 1.9504943e-01
  5.3136629e-01 2.6164367e+00 6.1284190e-01 4.2742097e-01 4.0199926e-01
  8.9385968e-01 3.2350545e+00 5.2496457e-01 3.3888261e+00 4.0209250e+00
  2.5970418e+00 1.6441534e+00 1.5137417e+00 0.0000000e+00 4.3662200e+00
  1.6118506e+00 3.2160316e+00 2.8022952e+00 7.0150084e+00 1.1945496e+01
  9.1702634e-01 1.6762145e+00 3.8345449e+00 0.0000000e+00 1.5924598e+00
  0.0000000e+00 2.3065245e+00 3.1404884e+00 2.0718498e+00 0.0000000e+00
  1.4909194e+00 3.1650739e+00 4.6731949e+00 8.0733383e-01 3.6127107e+00
  2.0650432e-01 4.5397844e+00 7.3487759e-02 1.5982220e+00 1.6130754e+00
  3.8929882e+00 0.0000000e+00 7.7087931e-02 6.3893366e+00 4.4389796e+00
  1.5724008e+00 4.5189491e-01 2.7082777e-01 8.3175650e+00 0.0000000e+00
  5.6649888e-01 6.9094195e+00 1.6696711e+00 4.4904700e-01 2.6339903e+00
  1.5506312e+00 4.0121918e+00 1.9832587e-01 3.9666918e-01 3.3232096e-01
  4.2901781e-01 0.0000000e+00 5.3532732e-01 9.7163898e-01 2.4905454e-01
  1.7348477e+00 1.5015539e+00 1.4014113e-01 4.6916752e+00 1.4069875e+00
  4.9983218e-01 7.9694090e+00 2.1488652e+00 3.9135854e+00 1.0264111e+01
  2.1033866e+00 1.8081214e-01]]