[[4.87842590e-01 7.68254936e-01 8.38978052e-01 0.00000000e+00
  4.44819593e+00 1.91682315e+00 2.98902249e+00 1.39026225e+00
  4.08401996e-01 3.43317223e+00 5.93799639e+00 5.11734343e+00
  3.01833797e+00 3.51584172e+00 3.21760488e+00 1.23095179e+00
  1.48135579e+00 1.55788314e+00 2.35353336e-02 2.37787604e+00
  0.00000000e+00 1.40861645e+01 0.00000000e+00 4.55853081e+00
  1.45084709e-01 7.45226669e+00 6.39298439e+00 3.87810326e+00
  0.00000000e+00 2.05328584e-01 6.19410038e-01 4.20776844e-01
  3.64954352e+00 5.93522167e+00 5.75743198e-01 6.23366976e+00
  7.95399189e-01 1.22851722e-01 1.27941866e+01 2.94458175e+00
  9.79554176e-01 0.00000000e+00 1.98847699e+00 9.20615387e+00
  0.00000000e+00 2.48207116e+00 5.00257826e+00 2.59161067e+00
  5.07154083e+00 2.50893623e-01 1.17315888e+00 1.09943867e+00
  4.32491183e-01 6.75216138e-01 6.55587673e-01 4.56046247e+00
  1.71437979e+00 3.85999727e+00 3.87777233e+00 9.75875854e-01
  1.73040307e+00 1.06142485e+00 8.62360382e+00 7.82808447e+00
  4.09102231e-01 2.08753087e-02 2.63206649e+00 0.00000000e+00
  7.68135369e-01 4.94201279e+00 9.07221794e-01 1.54615986e+00
  6.68616414e-01 5.58495665e+00 5.67618561e+00 3.82479453e+00
  1.10775909e+01 5.71361160e+00 5.29966772e-01 0.00000000e+00
  1.77719649e-02 4.67400169e+00 5.00679779e+00 2.99428940e+00
  5.74592888e-01 6.51319647e+00 2.72219872e+00 5.17813861e-01
  2.33745551e+00 1.21444547e+00 6.40374422e+00 3.21963620e+00
  1.60795808e-01 1.35551262e+01 2.26657724e+00 2.11059928e-01
  1.63692427e+00 8.40254962e-01 6.44495440e+00 1.04463234e+01
  4.99610007e-01 6.08127451e+00 1.39071572e+00 6.69966221e+00
  0.00000000e+00 1.68503690e+00 3.24388027e+00 1.68614239e-01
  1.10776126e-01 7.57746124e+00 1.88092434e+00 2.14961424e-01
  0.00000000e+00 5.29044211e-01 7.96327949e-01 1.21968046e-01
  7.20016718e+00 1.39763033e+00 5.11886978e+00 2.66313696e+00
  2.89554477e-01 2.75070667e+00 2.20329833e+00 1.30271759e+01
  6.32555306e-01 7.22529459e+00 3.14990950e+00 0.00000000e+00
  1.76290166e+00 1.76521111e+01 2.12273479e+00 4.79657745e+00
  9.40171540e-01 1.92084181e+00 2.40984416e+00 1.60103750e+00
  3.09309602e-01 0.00000000e+00 3.06371665e+00 2.05194378e+00
  6.89546466e-02 1.19243991e+00 7.29622543e-02 6.50252676e+00
  1.71097803e+00 0.00000000e+00 5.69922924e+00 2.48640251e+00
  1.33787230e-01 2.79966205e-01 0.00000000e+00 1.25610316e+00
  2.15125728e+00 0.00000000e+00 5.46245098e-01 9.83806372e-01
  9.29329395e-01 1.05773449e+00 0.00000000e+00 4.95174170e-01
  0.00000000e+00 5.07569075e-01 3.97732472e+00 3.84870410e+00
  6.57372808e+00 3.82197809e+00 6.57915711e-01 9.07800865e+00
  1.51432365e-01 2.70961571e+00 1.31130981e+00 2.18098715e-01
  2.75380182e+00 9.46901917e-01 1.28024578e+00 2.12110734e+00
  0.00000000e+00 0.00000000e+00 2.36179209e+00 7.49578238e+00
  0.00000000e+00 1.89312887e+00 4.10785246e+00 3.63158607e+00
  0.00000000e+00 2.86985183e+00 6.19471979e+00 2.00013852e+00
  9.76505697e-01 5.58740997e+00 2.17836595e+00 1.21855915e+00
  1.97947860e+00 1.65605526e+01 2.55595732e+00 1.30239949e-01
  6.47193193e+00 2.38039112e+00 6.39597940e+00 3.23417759e+00
  9.35838890e+00 1.39544532e-01 0.00000000e+00 5.44492054e+00
  6.38102674e+00 8.36141014e+00 4.43722343e+00 1.42597973e+00
  3.21330190e+00 5.55590200e+00 0.00000000e+00 5.83435106e+00
  7.59963915e-02 4.41533852e+00 6.08937263e-01 2.56526446e+00
  9.47026163e-02 8.10009766e+00 1.42676756e-01 1.99116063e+00
  8.13190365e+00 3.74509311e+00 6.88726306e-01 2.65405488e+00
  3.38091707e+00 2.58515429e+00 1.69942522e+00 3.26519489e+00
  4.72194366e-02 4.58053541e+00 3.42994070e+00 2.44629192e+00
  4.31204176e+00 2.07109213e+00 5.59984303e+00 1.14928782e-01
  6.51447344e+00 1.86303425e+00 2.68691760e-02 1.04984605e+00
  3.08645248e-01 5.86428285e-01 2.75065017e+00 7.29611874e+00
  1.03446496e+00 3.68065536e-01 9.45710087e+00 2.70191717e+00
  2.11054420e+00 7.95114458e-01 2.25086403e+00 1.74793911e+00
  3.54043460e+00 3.39641738e+00 7.96354008e+00 3.20090032e+00
  1.65667462e+00 6.51528001e-01 3.33660364e-01 1.01258302e+00
  0.00000000e+00 4.02194262e-01 1.20485455e-01 0.00000000e+00
  2.44373035e+00 4.52148527e-01 0.00000000e+00 2.71636868e+00
  1.04364834e+01 7.91988671e-02 2.68658829e+00 0.00000000e+00
  1.36747277e+00 2.67675400e+00 8.12432647e-01 6.64373302e+00
  4.53760624e+00 1.10752404e+00 5.80240905e-01 4.92938566e+00
  7.02891207e+00 1.57572591e+00 3.97493052e+00 2.44497514e+00
  1.11036015e+00 0.00000000e+00 4.28850651e+00 1.96126080e+00
  3.98274250e-02 8.27636123e-01 0.00000000e+00 4.06818509e-01
  2.09928656e+00 1.02012467e+00 3.73931098e+00 9.01787058e-02
  4.39992815e-01 5.01304054e+00 0.00000000e+00 6.29850104e-02
  2.33076820e+01 3.31183553e+00 1.76198184e+00 0.00000000e+00
  4.36830521e-03 1.42099524e+00 1.43306985e-01 1.20210061e-02
  1.98053026e+00 3.76519799e+00 4.05423307e+00 7.18075132e+00
  1.97729576e+00 0.00000000e+00 9.48242855e+00 0.00000000e+00
  1.56603754e+00 1.35302162e+01 1.02455282e+00 0.00000000e+00
  4.77146804e-01 2.90108061e+00 2.60360122e+00 1.74657893e+00
  5.72079897e+00 1.87953186e+00 5.35717535e+00 3.54072237e+00
  5.30859613e+00 1.42581582e+00 9.64895308e-01 6.15442514e+00
  3.80877703e-01 0.00000000e+00 4.49137402e+00 3.39196992e+00
  1.70702469e+00 1.25143921e+00 6.97985649e+00 3.53841519e+00
  7.34150767e-01 1.58110619e-01 2.05747753e-01 1.08848131e+00
  5.21658611e+00 1.08855426e+00 2.42051387e+00 1.14120042e+00
  1.24270153e+00 1.26516783e+00 1.18804717e+00 1.90773204e-01
  9.61018920e-01 5.07803535e+00 2.47337079e+00 2.34348249e+00
  1.57831407e+00 1.82713928e+01 2.81697059e+00 1.54763901e+00
  1.69580948e+00 1.56157315e-01 1.43050218e+00 9.95725453e-01
  3.40799141e+00 2.30229092e+00 3.14931145e+01 1.71764180e-01
  1.75405037e+00 8.30275154e+00 9.25664306e-01 8.19791377e-01
  7.20887995e+00 1.64663959e+00 6.28378773e+00 1.05081522e+00
  1.26921546e+00 1.14948282e+01 2.91367865e+00 1.80049348e+00
  2.50518054e-01 2.16135573e+00 4.62828445e+00 2.02396572e-01
  4.38911104e+00 6.88535988e-01 2.50671649e+00 2.18444896e+00
  2.74682379e+00 0.00000000e+00 1.02479005e+00 9.31129158e-01
  2.92039871e+00 8.91472399e-01 2.73123711e-01 1.57487655e+00
  3.91542530e+00 1.63897824e+00 1.57009172e+00 4.06684923e+00
  1.81093657e+00 2.57726746e+01 5.60769701e+00 8.61709213e+00
  3.89377618e+00 3.47637630e+00 3.36640859e+00 7.12666512e-01
  5.35043404e-02 1.96414366e-01 1.34930534e+01 5.87785101e+00
  7.35163033e-01 2.34958410e+00 1.71754491e+00 1.54096138e+00
  8.16747189e-01 6.79691362e+00 2.17903256e+00 1.70076871e+00
  8.85021210e-01 9.15799618e+00 1.27867663e+00 6.05082369e+00
  0.00000000e+00 5.16817570e-01 1.60436392e+00 4.64893389e+00
  4.58550483e-01 1.53701890e+00 7.54406309e+00 4.57713556e+00
  6.42264128e+00 1.93867373e+00 7.57771015e-01 2.31606412e+00
  3.22669411e+00 3.08494925e-01 1.41263878e+00 4.65882826e+00
  3.06687355e+00 1.85277238e-01 7.20510900e-01 1.44336748e+00
  3.17214251e-01 1.10590458e+00 8.12801552e+00 1.40528369e+00
  3.84634942e-01 4.02520800e+00 2.23872757e+00 4.27002907e+00
  2.13350534e+00 6.87488365e+00 5.79130459e+00 3.88951242e-01
  6.98011994e-01 7.45047271e-01 1.24003954e+01 8.04821873e+00
  1.53719032e+00 2.75006628e+00 1.68160141e-01 2.00312805e+00
  3.64155960e+00 1.20308682e-01 8.74388874e-01 5.21305144e-01
  4.10441923e+00 0.00000000e+00 1.69122624e+00 7.05610216e-01
  2.83042789e+00 1.99921966e+00 6.60356343e-01 4.67196256e-01
  5.17434025e+00 5.57686687e-01 5.46871138e+00 3.85197759e+00
  2.00583696e+00 8.43062580e-01 5.42981364e-02 1.56054080e+00
  3.35369706e-02 5.70289850e-01 1.75158215e+00 2.65321279e+00
  1.28309202e+01 4.22102481e-01 1.94973969e+00 1.01332521e+01
  4.80354881e+00 6.68744326e-01 5.22993708e+00 1.36388445e+00
  1.86857045e+00 5.39779365e-01 9.93455052e-01 1.24151552e+00
  1.97620142e+00 3.66865426e-01 6.30316317e-01 5.42886853e-01
  9.63492107e+00 0.00000000e+00 1.56329548e+00 3.58242178e+00
  4.28716660e+00 1.00301182e+00 1.79990077e+00 3.27614927e+00]]