[[6.31013536e+00 2.41445684e+00 1.26663709e+00 1.52798903e+00
  6.23748589e+00 9.16141891e+00 4.27980995e+00 5.75789404e+00
  6.20455313e+00 4.87195778e+00 6.53740978e+00 2.08464694e+00
  5.84521675e+00 2.74247456e+00 3.82386661e+00 8.03468645e-01
  5.65696597e-01 1.15476656e+00 2.67345518e-01 9.25670719e+00
  0.00000000e+00 1.09599924e+01 5.15982199e+00 4.08165359e+00
  1.07143596e-01 8.15077972e+00 3.59770441e+00 1.98977578e+00
  3.33554077e+00 1.84985340e+00 2.20205355e+00 3.10688227e-01
  1.23802507e+00 1.87978482e+00 1.98993361e+00 2.86294723e+00
  2.13185132e-01 0.00000000e+00 2.32472515e+00 5.90371466e+00
  4.39738655e+00 1.12611687e+00 3.24720597e+00 4.55453110e+00
  1.12444818e+00 3.90025949e+00 4.58737314e-01 3.47027659e+00
  6.28885627e-02 1.49547732e+00 9.11258459e-01 1.12858033e+00
  4.78954583e-01 3.24965501e+00 4.49928522e+00 1.64171791e+00
  3.07071352e+00 4.33022785e+00 7.53419733e+00 1.13401246e+00
  7.08794165e+00 7.25593418e-02 1.01567249e+01 1.13036528e+01
  0.00000000e+00 1.25216413e+00 0.00000000e+00 9.21532154e+00
  9.06174481e-01 2.30235624e+00 1.35112271e-01 8.98533916e+00
  1.69134152e+00 7.61514902e+00 5.21362877e+00 3.19351888e+00
  1.84661257e+00 4.99434137e+00 2.29354119e+00 6.90229237e-02
  2.94508159e-01 9.07021344e-01 3.27585006e+00 2.21607834e-01
  1.30159855e+00 2.00258303e+00 8.85017157e-01 9.49537396e-01
  4.28819567e-01 1.52698576e+00 1.73902023e+00 1.73060548e+00
  1.91512191e+00 5.06098223e+00 1.71698391e-01 3.35042924e-01
  8.08016241e-01 2.72562742e+00 5.50163364e+00 2.39693213e+00
  0.00000000e+00 7.83318615e+00 6.28601551e+00 1.28230274e+00
  3.91799736e+00 6.51877880e+00 4.24771261e+00 5.43927336e+00
  9.56896305e-01 1.69168532e+00 1.68345249e+00 1.54488230e+00
  1.26560271e+00 1.98051262e+00 2.56980801e+00 1.12116076e-01
  6.00865555e+00 4.94734615e-01 0.00000000e+00 1.86799991e+00
  6.72864556e-01 3.65808988e+00 1.39022946e+00 9.07582283e+00
  6.30010748e+00 1.60531414e+00 0.00000000e+00 0.00000000e+00
  1.63722193e+00 3.70473366e+01 3.60701621e-01 0.00000000e+00
  9.30126286e+00 1.51203901e-01 1.48621809e+00 8.30051005e-01
  1.41467047e+00 4.18020755e-01 8.87686920e+00 2.11453037e+01
  1.39721560e+00 4.52824974e+00 1.73711926e-01 3.91248775e+00
  7.41587877e-01 2.78816819e+00 4.43820953e+00 8.05443108e-01
  1.51957309e+00 1.55848336e+00 1.22640777e+00 2.56137967e-01
  4.05158252e-01 3.68512487e+00 4.19230080e+00 1.35750699e+00
  1.21199679e+00 4.92809105e+00 3.87752056e-01 1.96005225e-01
  0.00000000e+00 1.50825337e-01 3.91269970e+00 9.85400304e-02
  4.91201210e+00 3.78982854e+00 1.15894151e+00 1.27721035e+00
  3.07445455e+00 1.34442925e-01 6.89548874e+00 9.39122581e+00
  1.47218263e+00 1.22790337e+00 3.44727486e-02 4.41721773e+00
  3.39756155e+00 3.50197434e+00 3.19587803e+00 1.15687084e+01
  4.27721024e+00 1.37203455e+00 1.78701477e+01 1.19235706e+00
  1.61376293e-03 5.09400940e+00 4.23379803e+00 5.33190298e+00
  2.58035326e+00 2.78590351e-01 1.78062057e+01 7.02676833e-01
  0.00000000e+00 9.93225002e+00 3.11206311e-01 0.00000000e+00
  1.61205494e+00 5.95505238e+00 1.79581010e+00 5.67781925e-01
  1.63736582e+00 3.67876792e+00 4.17906570e+00 1.25578284e-01
  9.72350883e+00 3.55536294e+00 1.02109969e+00 1.25470683e-01
  4.47381735e+00 1.14745760e+01 2.01480579e+00 1.75556791e+00
  4.96150672e-01 1.49377036e+00 4.47592115e+00 5.57569647e+00
  4.05708647e+00 2.22853994e+00 6.06920302e-01 3.17411304e+00
  5.50880289e+00 8.74315548e+00 4.97187567e+00 1.56482661e+00
  6.96979940e-01 5.63526011e+00 0.00000000e+00 3.85816956e+00
  0.00000000e+00 1.30380702e+00 7.16582000e-01 2.22172832e+00
  2.34830451e+00 5.08558941e+00 9.45778084e+00 7.38569593e+00
  6.32984638e+00 2.18558807e+01 2.15777254e+00 1.80618453e+00
  0.00000000e+00 2.71053076e+00 1.46135247e+00 9.81749475e-01
  5.22295594e-01 2.74816060e+00 1.79510403e+01 2.98281193e-01
  9.71149385e-01 3.55430365e-01 2.67145681e+00 2.79135561e+00
  3.52768183e+00 5.60797596e+00 3.69975686e+00 0.00000000e+00
  3.45618796e+00 1.93553245e+00 8.90678787e+00 1.22092080e+00
  9.82331276e+00 4.23820764e-01 3.16258110e-02 6.93417549e-01
  5.20354795e+00 6.30161285e-01 1.70589089e+00 6.53890848e+00
  3.95511961e+00 1.43921781e+00 1.81319106e+00 5.47880173e-01
  1.90498745e+00 4.81547832e+00 4.27646971e+00 4.36339235e+00
  1.61252213e+01 2.86597180e+00 3.57292145e-01 3.82346463e+00
  4.64287043e+00 2.78740406e+00 1.57112551e+01 8.94493043e-01
  2.28612408e-01 0.00000000e+00 1.41538322e+00 6.87330580e+00
  2.38913012e+00 1.29943752e+00 1.89324960e-01 1.13311911e+00
  1.20683706e+00 2.99114609e+00 5.40488625e+00 3.57029825e-01
  1.19406903e+00 5.54583120e+00 1.35286963e+00 8.32964778e-01
  2.24636722e+00 3.42286277e+00 1.28002238e+00 5.55831902e-02
  4.21737194e+00 2.09884834e+00 4.07499838e+00 1.43947077e+00
  1.38293788e-01 1.36182606e-01 3.42723250e+00 0.00000000e+00
  4.66035271e+00 7.72671509e+00 9.73591328e+00 1.14935048e-01
  8.78118324e+00 1.33648195e+01 0.00000000e+00 1.04948187e+01
  3.27094913e-01 3.78896451e+00 5.81392193e+00 8.11368752e+00
  3.65420699e+00 1.19329357e+00 9.83346081e+00 9.83074367e-01
  9.24610615e-01 2.54147816e+00 1.15325928e+00 1.10805874e+01
  2.15126204e+00 5.25123358e-01 5.78437710e+00 3.49961329e+00
  4.83558273e+00 3.56225514e+00 5.03008270e+00 2.89637566e+00
  3.30597925e+00 4.54295993e-01 0.00000000e+00 8.71164608e+00
  1.94155729e+00 3.06041694e+00 5.45681953e-01 3.30215245e-01
  1.34631956e+00 0.00000000e+00 0.00000000e+00 0.00000000e+00
  0.00000000e+00 0.00000000e+00 6.71749651e-01 1.56580508e-01
  1.33335626e+00 5.03677130e+00 3.49237442e+00 5.68426657e+00
  4.75459337e+00 3.60223222e+00 4.01119423e+00 1.15057745e+01
  4.21422768e+00 2.66406745e-01 1.62221508e+01 0.00000000e+00
  9.57236385e+00 3.31696332e-01 7.38729954e-01 8.14203858e-01
  4.91098547e+00 1.83158576e+00 3.86504793e+00 3.35309482e+00
  4.34335351e-01 2.89824319e+00 2.53992486e+00 2.93942165e+00
  7.73757875e-01 6.38272345e-01 4.57272321e-01 1.72051489e-01
  1.05661762e+00 4.40869856e+00 3.65138464e-02 2.86891890e+00
  3.21197534e+00 7.02124786e+00 1.00759518e+00 9.21172237e+00
  1.04275236e+01 7.18384027e+00 2.64918232e+00 2.32204652e+00
  5.64220142e+00 6.22252369e+00 3.07189703e+00 3.33242416e+00
  9.98623610e-01 7.50246239e+00 2.87115717e+00 4.28691673e+00
  7.04073715e+00 3.88336110e+00 1.03504494e-01 9.51820910e-01
  3.79857159e+00 4.83195210e+00 1.23488474e+00 5.57096720e-01
  3.93848687e-01 1.05895925e+00 5.43464184e-01 1.09589167e-01
  3.89594460e+00 1.23248637e+00 1.01641226e+01 8.30654812e+00
  3.35792661e+00 3.50823975e+00 0.00000000e+00 9.03492451e+00
  5.99548161e-01 1.87133741e+00 1.92358649e+00 4.60680819e+00
  3.33117795e+00 1.44747376e+00 1.29433022e+01 3.65053916e+00
  1.16135550e+01 1.44958091e+00 8.47081393e-02 3.04766250e+00
  8.14218879e-01 3.20970583e+00 5.92170238e-01 2.05248284e+00
  0.00000000e+00 1.08032429e+00 0.00000000e+00 5.99360752e+00
  2.27954125e+00 1.42585742e+00 1.31398935e+01 7.23367035e-01
  1.49519300e+00 1.02239776e+00 0.00000000e+00 5.33192301e+00
  3.35816622e+00 7.94250190e-01 8.29564929e-01 1.56020774e-02
  1.08331931e+00 4.00869179e+00 8.58295336e-02 8.82675266e+00
  8.13240623e+00 4.85557944e-01 3.57477689e+00 2.38389063e+00
  0.00000000e+00 3.97711135e-02 1.74874270e+00 2.22268558e+00
  1.93667209e+00 1.65408766e+00 4.83549452e+00 2.22090662e-01
  1.79173982e+00 3.17332625e+00 0.00000000e+00 1.76826191e+00
  9.79677141e-02 5.85135555e+00 3.18802983e-01 3.14207149e+00
  8.86643946e-01 0.00000000e+00 3.12072843e-01 0.00000000e+00
  0.00000000e+00 4.50485259e-01 1.94436779e+01 0.00000000e+00
  2.52759513e-02 3.09497905e+00 3.82653975e+00 3.86561060e+00
  6.42710328e-02 1.69874728e+00 9.85208690e-01 2.18129253e+00
  1.84205952e+01 8.57023180e-01 5.44107497e-01 2.58297300e+00
  1.08540440e+01 2.18426561e+00 1.16285229e+00 7.25433207e+00
  3.89109969e+00 9.11478102e-01 9.98591232e+00 3.44965124e+00
  1.08147395e+00 1.19843507e+00 3.01245856e+00 1.13287344e+01]]