[[4.07489538e+00 3.24596071e+00 1.68312275e+00 1.48630202e+00
  2.98803598e-01 6.60006940e-01 3.94228101e+00 9.21171531e-02
  1.39937878e+00 1.00930953e+00 3.58759594e+00 7.55338573e+00
  5.33780241e+00 1.16384327e+00 7.08922818e-02 1.66955769e+00
  8.08985424e+00 1.76997221e+00 2.60996372e-01 3.73823261e+00
  2.50169218e-01 8.46665144e-01 6.93682790e-01 7.95312262e+00
  4.75331724e-01 3.28516006e+00 1.59648442e+00 1.14909446e+00
  2.26473427e+00 7.22925484e-01 3.79590273e-01 2.84663606e+00
  1.81777962e-02 2.49984842e-02 2.08704042e+00 5.95668375e-01
  1.64723730e+00 0.00000000e+00 5.90375185e+00 4.89282608e+00
  7.07794214e-03 5.40892839e-01 2.38591576e+00 3.76884580e+00
  2.05879807e+00 2.89478395e-02 2.23641276e+00 1.20904148e+00
  1.33257437e+00 4.95213223e+00 4.07902181e-01 6.35971069e-01
  1.26114458e-01 2.81335115e+00 4.94978380e+00 1.67971158e+00
  1.95107877e+00 1.12756526e+00 4.32582706e-01 8.54292679e+00
  2.74685645e+00 1.14151525e+00 1.09217501e+01 2.76571846e+00
  2.13455945e-01 4.28068590e+00 2.83454686e-01 5.96113145e-01
  2.75230289e+00 5.79103053e-01 3.24003887e+00 9.36783552e-02
  4.36842620e-01 7.82981575e-01 4.57305336e+00 3.06541824e+00
  4.43571836e-01 5.24891758e+00 3.05945754e+00 7.37209034e+00
  5.91707170e-01 8.36726427e-01 2.08719325e+00 3.52437353e+00
  9.35864353e+00 1.80558133e+00 4.11551571e+00 2.33055258e+00
  1.27552805e+01 2.32384300e+00 3.27382827e+00 1.00106084e+00
  2.86522150e-01 1.15309477e+01 7.82002568e-01 4.46733758e-02
  3.26720667e+00 2.51072073e+00 3.85874033e+00 5.73047829e+00
  1.60463974e-01 3.53028476e-01 3.67175364e+00 5.84615088e+00
  6.77132511e+00 3.52687097e+00 7.95979083e-01 1.80149519e+00
  1.74606586e+00 1.47256863e+00 3.06237888e+00 4.18044746e-01
  6.73811865e+00 1.69933327e-02 2.01615667e+00 8.82228762e-02
  5.69676590e+00 3.73320293e+00 2.44351521e-01 1.87575543e+00
  4.55504370e+00 5.64084947e-01 3.32994986e+00 5.99029493e+00
  2.06009412e+00 4.56581068e+00 1.62223220e+00 2.31025004e+00
  1.27549851e+00 4.36207771e+00 4.13118458e+00 9.98563945e-01
  2.03184903e-01 4.02203131e+00 6.14589393e-01 6.71091032e+00
  8.47580719e+00 1.11309934e+00 8.44187355e+00 1.13358288e+01
  6.22081816e-01 6.41979599e+00 2.15016985e+00 4.92483807e+00
  1.43740559e+00 1.08483219e+00 7.77817202e+00 3.99258327e+00
  6.79509163e-01 8.28802437e-02 6.41307890e-01 7.67599058e+00
  7.00100422e-01 1.66586304e+00 9.85267699e-01 1.61488855e+00
  6.89297247e+00 1.82300508e+00 3.15970033e-01 1.79436135e+00
  1.75090504e+00 5.29274321e+00 4.38327646e+00 3.81388688e+00
  5.71668100e+00 3.92463589e+00 2.16190004e+00 2.50420809e+00
  1.15103555e+00 5.71159220e+00 9.51486409e-01 1.86153865e+00
  2.01198816e+00 2.43496513e+00 1.89710081e+00 1.69763243e+00
  2.91124403e-01 8.25491238e+00 3.71827364e+00 6.08413935e-01
  2.05896832e-02 5.96312046e-01 3.85360956e+00 2.57988143e+00
  6.61622524e+00 2.07399964e+00 2.71395636e+00 6.92887127e-01
  0.00000000e+00 7.26205826e+00 4.25933456e+00 2.41532922e+00
  6.18569434e-01 1.85403645e+00 0.00000000e+00 7.53819180e+00
  2.93266803e-01 4.26840991e-01 1.09068501e+00 9.81294346e+00
  9.13886189e-01 1.01789701e+00 4.31342459e+00 4.34704733e+00
  3.22846961e+00 4.02882874e-01 2.70028305e+00 6.62371159e-01
  1.91847992e+00 1.68996572e+00 3.71932411e+00 9.55520153e-01
  1.37048602e+00 2.19706964e+00 0.00000000e+00 6.97701514e-01
  3.06464744e+00 4.68222380e+00 9.43444371e-02 1.56414354e+00
  3.29137063e+00 1.76903701e+00 3.15283084e+00 6.75653648e+00
  1.04916728e+00 3.47660232e+00 1.21044600e+00 8.78682804e+00
  7.23581538e-02 1.67519236e+00 2.04504275e+00 3.45987439e+00
  9.96316624e+00 8.60505402e-02 7.52342820e-01 6.79006767e+00
  8.59353542e+00 4.34556389e+00 1.87497158e+01 4.98985577e+00
  7.64829338e-01 3.10889268e+00 4.78328371e+00 5.62515497e+00
  3.84056330e-01 4.92511123e-01 6.39026928e+00 4.02721930e+00
  2.80557370e+00 8.68004417e+00 5.21281862e+00 8.69959712e-01
  2.92428970e-01 3.07736301e+00 2.33372927e+00 6.51061594e-01
  1.87729037e+00 1.93423092e+00 1.35567319e+00 0.00000000e+00
  3.77799869e+00 1.94273040e-01 4.87136889e+00 2.76432514e-01
  0.00000000e+00 4.57409906e+00 1.10897899e-01 1.11530876e+00
  3.48845935e+00 2.47696662e+00 4.33650494e-01 0.00000000e+00
  9.32923317e-01 6.01357594e-02 1.28010952e+00 1.88239992e+00
  6.17278862e+00 8.06188583e+00 9.12550163e+00 2.43187547e+00
  7.05424404e+00 7.03028858e-01 5.86363196e-01 3.42653918e+00
  6.90486848e-01 0.00000000e+00 5.56960392e+00 2.54945660e+00
  8.05477917e-01 2.79878831e+00 1.37433660e+00 9.52701032e-01
  4.07929331e-01 0.00000000e+00 2.06227088e+00 3.02888894e+00
  3.46597004e+00 3.43694782e+00 5.32539701e+00 0.00000000e+00
  1.32941408e+01 7.00173950e+00 3.13960910e+00 1.33341372e-01
  8.56266022e-01 3.89351666e-01 5.88284016e-01 1.69971073e+00
  2.49845815e+00 7.76723683e-01 2.63804412e+00 1.12263441e+01
  5.02561152e-01 3.01600605e-01 8.70396733e-01 2.13423467e+00
  1.25715141e+01 1.52897048e+00 4.08890069e-01 1.67321730e+00
  5.60404444e+00 4.84479487e-01 8.17518044e+00 2.19038248e+00
  2.82749534e+00 4.97333622e+00 7.00465155e+00 3.05162644e+00
  2.43216729e+00 0.00000000e+00 3.13195676e-01 2.64283538e-01
  9.84976411e-01 4.82604790e+00 7.59502935e+00 4.95795345e+00
  6.09308100e+00 2.10834217e+00 3.93847060e+00 3.35741878e+00
  1.86147952e+00 7.77610111e+00 1.32098031e+00 3.90824556e+00
  1.46093464e+00 1.38113618e-01 9.39687634e+00 3.35992646e+00
  3.32976103e+00 2.48219657e+00 2.39158988e+00 1.77589297e-01
  1.47282720e+00 2.45919243e-01 3.57845855e+00 1.08174372e+00
  9.80093896e-01 1.24048691e+01 7.89594316e+00 2.94449282e+00
  5.28932524e+00 9.06219387e+00 8.41099024e-01 7.51369286e+00
  3.19748878e+00 2.36000562e+00 1.41312733e+01 9.86053720e-02
  3.76600742e+00 1.34798259e-01 4.01610970e-01 6.14281607e+00
  5.91242611e-01 3.47141314e+00 6.43502760e+00 2.67939997e+00
  2.39620969e-01 3.86502802e-01 0.00000000e+00 2.26096153e+00
  9.59410906e-01 7.27818346e+00 2.40015841e+00 1.20023176e-01
  6.69656396e-01 4.11521524e-01 2.39349842e+00 1.13391757e+00
  4.20621252e+00 6.36526537e+00 1.85485804e+00 3.80070782e+00
  2.07832649e-01 1.39418447e+00 1.54945028e+00 5.01308870e+00
  1.52587438e+00 4.08194542e+00 5.57399035e+00 4.32590060e-02
  4.91004181e+00 6.95759726e+00 1.72318184e+00 3.39041209e+00
  1.00596261e+00 2.08474413e-01 1.09867439e-01 2.83978909e-01
  8.65499377e-01 1.23238444e+00 4.04781342e+00 3.22025943e+00
  3.19981050e+00 2.08290672e+00 1.02425027e+00 2.42325997e+00
  7.62255132e-01 1.61743736e+00 3.35173273e+00 4.42760438e-01
  4.24402356e-01 1.20387606e-01 2.30158586e-03 1.95893562e+00
  1.71673906e+00 7.37508953e-01 1.09529009e+01 1.48171020e+00
  4.07975006e+00 3.00500607e+00 1.16877779e-01 3.04474783e+00
  1.06814480e+00 4.68597412e+00 2.32949567e+00 3.15207195e+00
  4.81391001e+00 4.48327661e-01 7.83034742e-01 5.21891308e+00
  5.29885769e-01 3.33550286e+00 4.04232778e-02 4.88261223e+00
  0.00000000e+00 2.33452410e-01 4.06798929e-01 7.95961618e-02
  5.62151968e-01 1.91196954e+00 2.72236204e+00 5.52112150e+00
  8.69404888e+00 3.11078310e+00 8.75135040e+00 8.43107283e-01
  9.49387193e-01 3.13150191e+00 1.47487283e+00 1.11721315e+01
  2.37250066e+00 4.24377859e-01 2.28056669e+00 9.27055120e-01
  5.85597897e+00 5.07297754e+00 7.05455589e+00 1.53917849e+00
  4.94764233e+00 2.97820044e+00 1.30265546e+00 6.69002104e+00
  4.06233358e+00 1.25673878e+00 5.40792905e-02 2.00041175e+00
  1.91226614e+00 8.41798708e-02 1.43661129e+00 2.14935994e+00
  9.39958191e+00 2.30226254e+00 6.86344624e-01 5.94055176e+00
  9.84708977e+00 4.30750996e-02 2.37456608e+00 9.20830518e-02
  1.27591681e+00 7.92553484e-01 2.43358684e+00 1.93637335e+00
  5.50651073e-01 1.66169536e+00 3.86606860e+00 2.52217078e+00
  2.35442924e+00 1.36935937e+00 3.15418816e+00 1.54199624e+00
  4.76522088e-01 2.66487598e-01 1.53261685e+00 1.29453981e+00
  1.44846761e+00 1.18058848e+00 1.84925747e+00 2.97796547e-01
  3.39125085e+00 2.22231460e+00 1.75323582e+00 7.63840005e-02]]