[[4.51320112e-01 1.99469864e+00 5.84073448e+00 0.00000000e+00
  2.19521880e+00 2.78569192e-01 2.30100060e+00 7.31003571e+00
  1.04951727e+00 2.08657813e+00 2.02688143e-01 3.48410159e-01
  3.73567080e+00 5.06099319e+00 3.84920716e-01 3.60243344e+00
  1.20017374e+00 3.17473173e+00 1.65289724e+00 2.79338074e+00
  1.06291175e-01 3.00858951e+00 2.81208491e+00 1.04073334e+00
  1.39365339e+00 2.11419916e+00 3.90815949e+00 4.26664472e-01
  5.20470047e+00 3.20850110e+00 7.72682965e-01 2.98377443e-02
  1.34618366e+00 2.98570967e+00 1.13519025e+00 3.28891128e-01
  4.95808646e-02 1.03911214e-01 2.88659382e+00 1.60364056e+00
  4.70241308e+00 2.98689771e+00 4.29753989e-01 4.10642767e+00
  3.72541398e-01 3.01797199e+00 4.43035841e+00 5.96129417e-01
  2.49848652e+00 2.43740821e+00 3.17411959e-01 6.26696527e-01
  1.21983814e+00 6.56459630e-01 1.10125518e+00 2.12161541e+00
  1.94596946e+00 3.23818117e-01 2.44635534e+00 2.27014732e+00
  9.21677828e-01 1.59889209e+00 2.42949271e+00 2.81100845e+00
  7.43701696e-01 1.33415687e+00 4.37875330e-01 2.97945213e+00
  1.38324749e+00 5.49926937e-01 1.49568486e+00 2.25418568e+00
  3.26411438e+00 4.58069706e+00 3.50575256e+00 4.15784073e+00
  2.68463469e+00 1.83602381e+00 1.45505917e+00 1.65591025e+00
  0.00000000e+00 3.65498447e+00 8.08038712e+00 4.23950577e+00
  2.12970924e+00 3.28906488e+00 0.00000000e+00 1.50352514e+00
  4.00310373e+00 0.00000000e+00 3.59692359e+00 8.31544176e-02
  0.00000000e+00 5.54693222e+00 8.42766571e+00 6.18034184e-01
  3.88263679e+00 2.87331128e+00 6.79372311e+00 1.66111302e+00
  1.41837895e-01 1.97465169e+00 6.80016613e+00 8.05127239e+00
  9.72162426e-01 0.00000000e+00 1.60332584e+00 1.50090826e+00
  2.00345349e+00 1.33775854e+00 2.13849950e+00 2.80812144e+00
  2.63687873e+00 1.33489922e-01 1.76396954e+00 4.28715870e-02
  8.28658962e+00 1.52216101e+00 3.47065441e-02 2.92120457e+00
  4.63369101e-01 9.28024197e+00 1.63351998e-01 2.25940013e+00
  3.73909116e+00 2.60466504e+00 1.80154279e-01 4.31473136e-01
  0.00000000e+00 8.49400902e+00 5.06164968e-01 1.20464966e-01
  2.84455800e+00 4.84020138e+00 2.77572393e+00 3.73264289e+00
  9.46021080e-01 3.20647168e+00 6.88662529e-01 1.87226677e+00
  3.90697122e+00 8.51348639e-01 1.03007185e+00 7.69223642e+00
  1.08417106e+00 2.05266452e+00 3.43313718e+00 1.27853000e+00
  1.19019437e+00 1.50846672e+00 7.17249215e-01 6.13319874e+00
  1.99982214e+00 1.59950602e+00 1.76263785e+00 1.47270262e+00
  1.18529642e+00 4.13590288e+00 1.59791803e+00 3.58898306e+00
  2.84923220e+00 3.49008560e+00 1.54706228e+00 0.00000000e+00
  3.32129145e+00 1.61192489e+00 5.44036567e-01 4.28109312e+00
  0.00000000e+00 1.45408916e+00 4.05139208e-01 3.80718589e+00
  2.91690183e+00 9.30017948e-01 1.69869137e+00 1.08945632e+00
  6.47278786e-01 1.35778499e+00 8.62163162e+00 3.89560461e+00
  6.41354799e-01 1.46083522e+00 2.27638316e+00 0.00000000e+00
  3.38853860e+00 3.55074954e+00 5.35908163e-01 4.10896152e-01
  5.44457920e-02 1.24244773e+00 3.61569023e+00 3.20404053e+00
  4.79744101e+00 1.08623447e+01 7.57999837e-01 2.82526875e+00
  2.52534652e+00 5.11131859e+00 1.02049589e+01 0.00000000e+00
  1.98024559e+00 4.80389416e-01 3.93351853e-01 4.72189569e+00
  1.48963583e+00 2.53395772e+00 3.79091978e+00 2.98591900e+00
  6.55693650e-01 5.86644554e+00 9.58964527e-01 1.79668069e-01
  0.00000000e+00 4.12400055e+00 2.58097231e-01 0.00000000e+00
  1.19573295e+00 2.29638553e+00 1.15196526e+00 2.51177406e+00
  2.77557778e+00 6.53179455e+00 2.01925135e+00 1.07665420e+00
  4.47059155e+00 3.70924902e+00 7.81507313e-01 1.25701940e+00
  8.12084600e-02 6.89882398e-01 2.95770335e+00 9.25003350e-01
  5.84047794e+00 1.44469738e+00 4.47033674e-01 4.58749160e-02
  4.34011459e+00 2.49389935e+00 1.51792908e+00 6.53989851e-01
  2.45359015e+00 1.82725513e+00 9.04480159e-01 5.89973974e+00
  3.97100002e-02 1.84328759e+00 4.97470665e+00 4.70396471e+00
  2.20756218e-01 4.33022022e+00 4.13288385e-01 2.05438614e-01
  6.41312265e+00 4.94625711e+00 4.72173309e+00 0.00000000e+00
  6.16643429e+00 7.46808529e-01 3.32432747e+00 4.26202631e+00
  8.12656939e-01 3.25219107e+00 3.60327959e-01 0.00000000e+00
  5.61773658e-01 1.01634300e+00 3.95336337e-02 6.08086348e-01
  7.95292997e+00 1.71533450e-01 1.43286550e+00 1.83607960e+00
  3.01785398e+00 1.12822533e+00 1.86357364e-01 4.25154507e-01
  5.26053095e+00 2.02909422e+00 1.10097170e+00 6.18970394e-01
  3.78778052e+00 2.02433133e+00 3.35584059e-02 4.46827024e-01
  6.89867830e+00 5.41666709e-02 4.78381252e+00 3.70093584e+00
  9.89807725e-01 7.76583910e+00 4.88228798e+00 7.22453833e-01
  2.02373075e+00 1.11598825e+00 4.16456795e+00 7.70169401e+00
  1.91289306e+00 2.35051680e+00 9.41999853e-01 3.49691659e-01
  1.40579128e+00 2.11667085e+00 2.43672132e+00 1.77455139e+00
  1.34532124e-01 5.19512987e+00 6.81655931e+00 9.10518244e-02
  3.05690467e-01 1.33022630e+00 2.58223557e+00 1.05261278e+01
  4.60293025e-01 5.66245690e-02 1.97436273e+00 1.57278562e+00
  6.19118500e+00 1.69521451e+00 2.30115965e-01 4.79297131e-01
  1.00392950e+00 8.87184143e-01 3.53655314e+00 2.54779339e+00
  3.45932937e+00 4.36749786e-01 6.01368570e+00 3.46035391e-01
  4.58081818e+00 5.96997499e-01 1.13804257e+00 4.14542866e+00
  0.00000000e+00 1.03067362e+00 4.18868303e+00 6.77732468e+00
  4.29714108e+00 1.98758841e+00 2.66829610e+00 1.98347223e+00
  3.86097145e+00 0.00000000e+00 4.52800751e+00 6.79847956e+00
  2.21061420e+00 1.75703931e+00 9.48649552e-03 1.91688251e+00
  5.18399525e+00 0.00000000e+00 5.05411625e-01 5.69370270e-01
  0.00000000e+00 0.00000000e+00 2.18254113e+00 1.55312824e+00
  7.99119592e-01 7.71908903e+00 2.34208989e+00 5.07102394e+00
  6.74818134e+00 5.39423168e-01 2.34094262e+00 2.74506021e+00
  2.56374955e+00 2.27751732e+00 1.00942841e+01 0.00000000e+00
  4.74154234e-01 8.90488446e-01 2.52107322e-01 4.00904179e+00
  1.84333548e-01 1.54459071e+00 6.44654334e-01 1.71870077e+00
  5.05719543e-01 3.65052867e+00 4.80011129e+00 8.31117749e-01
  1.48211479e+01 6.82071161e+00 5.31088257e+00 1.75978458e+00
  1.54249206e-01 4.12433052e+00 3.72591019e+00 0.00000000e+00
  2.17756915e+00 3.86422968e+00 2.38673851e-01 2.41813612e+00
  2.13597941e+00 1.70324492e+00 1.68575490e+00 2.30204910e-01
  4.47446060e+00 3.51625991e+00 6.15836859e+00 5.31464219e-01
  2.88073301e+00 7.91177559e+00 2.55163360e+00 5.04629946e+00
  6.24955118e-01 1.03879929e+00 1.22749686e+00 2.69895649e+00
  2.30574563e-01 2.34061456e+00 4.78954935e+00 2.77976608e+00
  4.36015081e+00 2.79606342e-01 1.34208977e-01 2.62763537e-03
  1.35029465e-01 9.38728809e-01 9.12897408e-01 5.37711978e-02
  0.00000000e+00 1.67256102e-01 6.96571320e-02 4.20091391e+00
  4.13538361e+00 1.20169890e+00 7.74822426e+00 1.45330751e+00
  7.41651344e+00 3.36775589e+00 4.54337537e-01 1.18159938e+00
  1.07703662e+00 5.70855081e-01 2.01864824e-01 2.64715099e+00
  1.96482122e+00 8.76040876e-01 0.00000000e+00 6.40368342e-01
  1.72365248e+00 2.81938386e+00 0.00000000e+00 9.78831005e+00
  5.13609111e-01 7.00205028e-01 1.74159563e+00 8.42105031e-01
  3.70710158e+00 2.47708106e+00 2.88779922e-02 9.86191273e-01
  3.00531960e+00 7.67491007e+00 3.02382517e+00 2.57399142e-01
  1.80682814e+00 1.08742404e+00 1.24723327e+00 1.83463287e+00
  1.28901958e+00 8.62995684e-02 5.92228651e-01 0.00000000e+00
  0.00000000e+00 1.16897798e+00 1.95777023e+00 5.37630796e+00
  1.63850093e+00 3.84913445e+00 1.53859162e+00 6.15335751e+00
  1.14464998e+00 2.61891007e+00 7.81098485e-01 7.09114552e+00
  0.00000000e+00 1.16635859e+00 7.25648737e+00 6.24619579e+00
  1.19131670e+01 5.81593335e-01 1.07334673e+00 9.33556461e+00
  6.59153998e-01 1.47876024e+00 2.66564608e+00 0.00000000e+00
  2.33243585e+00 4.54935525e-03 4.19058275e+00 7.12098932e+00
  2.32124305e+00 1.20577633e+00 5.77964926e+00 8.93840075e-01
  2.06141204e-01 1.04515111e+00 8.40581989e+00 5.31320095e-01
  2.13481045e+00 1.08810854e+00 2.41684985e+00 3.54633600e-01
  6.91305041e-01 4.88487929e-02 5.40116358e+00 2.85376930e+00
  3.40093279e+00 4.76064539e+00 3.12794328e+00 3.13885164e+00]]