[[6.5050614e-01 1.3950111e+00 2.6111372e+00 0.0000000e+00 3.5215276e-01
  4.7944593e+00 2.8272076e+00 5.0893348e-01 2.6996784e+00 8.3739197e-01
  8.2174557e-01 5.7956052e-01 8.5344207e-01 0.0000000e+00 6.1920713e-05
  2.6065583e+00 1.8382872e+00 1.9399297e+00 3.3395314e-01 3.7931030e+00
  2.1559591e+00 8.9593248e+00 1.5139749e+00 2.2756641e+00 1.5918821e-01
  5.7584357e+00 1.3677847e+00 1.8629915e+00 1.5219082e+00 3.5515666e+00
  1.2730649e+00 2.4047539e+00 1.9856021e-01 6.2369642e+00 6.7976159e-01
  0.0000000e+00 8.8705683e-01 3.1797144e-01 7.0719709e+00 2.2159050e+00
  5.0242691e+00 1.2322917e+00 1.0376291e+00 5.0279756e+00 1.0428504e+00
  9.2631064e-02 1.8685532e+00 4.6462163e-01 4.0206428e+00 8.8577521e-01
  5.8250588e-01 1.1223375e+00 3.3670300e-01 8.8886952e-01 2.4924062e-01
  3.2744510e+00 9.8916197e-01 5.9760923e+00 4.1729441e+00 1.4958227e+00
  0.0000000e+00 1.6608871e+00 3.6665072e+00 1.0154334e+00 3.2913262e-01
  3.3447242e-01 4.3721781e+00 8.1158024e-01 1.4520707e+00 2.7208018e+00
  2.2295194e+00 2.3446460e+00 1.8554183e+00 4.4398639e-01 1.0919395e-01
  3.9053228e-01 6.7381978e-01 0.0000000e+00 1.7137868e+00 1.3987626e-01
  6.2996650e-01 2.1964567e+00 6.4936388e-01 4.5807320e-01 4.1929631e+00
  1.6203307e+00 6.4820331e-01 0.0000000e+00 7.4892521e+00 0.0000000e+00
  3.6397543e+00 1.7405759e-01 0.0000000e+00 2.8001385e+00 4.7259977e-01
  4.0425882e-01 8.8798070e-01 4.4507022e+00 4.4649675e-01 4.9897423e+00
  2.0172569e-01 9.7980046e-01 1.2090241e+01 4.1636567e+00 2.0066051e+00
  0.0000000e+00 1.1441875e+00 9.0339559e-01 6.0456367e+00 1.7067641e-01
  1.1058972e+00 8.3875573e-01 2.0226312e+00 3.9172573e+00 1.7819859e+00
  3.9027837e-01 8.5697460e+00 1.1749953e+00 2.8243095e-01 3.7848341e-01
  2.1720245e-01 9.1775429e-01 6.4759150e-02 3.3894103e+00 5.8520132e-01
  0.0000000e+00 7.0813513e-01 5.1040668e-02 1.3318729e+00 9.4971123e+00
  3.4531431e+00 0.0000000e+00 5.5769105e+00 8.3825946e-01 2.9737630e+00
  8.4043992e-01 6.8070662e-01 6.5947145e-01 1.3101337e+00 0.0000000e+00
  4.7750166e-01 0.0000000e+00 5.7918030e-01 2.2356238e+00 1.3443788e+00
  1.3284822e+00 2.4128597e-02 4.3361816e-01 0.0000000e+00 0.0000000e+00
  5.2418847e+00 0.0000000e+00 4.1118315e-01 0.0000000e+00 5.6290644e-01
  7.8525829e-01 2.5629101e+00 2.5400844e-01 3.4212953e-01 7.6240951e-01
  2.7679701e+00 2.2535145e+00 3.1509182e+00 3.2105428e-01 1.8079484e+00
  3.8513217e+00 2.5102613e-02 3.2426436e-02 1.3171580e+00 1.7720686e+00
  5.6967325e+00 8.7485319e-01 2.7884603e+00 3.5346401e-01 1.7837774e-02
  4.7459489e-01 1.2039232e-01 7.7995867e-01 1.2071895e+01 3.3239236e+00
  3.7101871e-01 0.0000000e+00 4.1045008e+00 2.7687350e-01 3.1628573e-01
  0.0000000e+00 5.0631633e+00 2.8981596e-01 1.9183651e+00 1.4833171e+00
  3.0728743e+00 1.2639808e-02 1.5195149e-01 1.9939333e+01 1.3243918e-01
  9.4150084e-01 9.2992403e-02 6.5622270e-01 1.6785045e+00 0.0000000e+00
  1.7225430e+00 5.4892331e-01 0.0000000e+00 4.3499282e-01 0.0000000e+00
  3.0168033e+00 3.4510362e-01 1.8259001e+00 7.4218500e-01 1.1466450e+01
  3.4726644e+00 3.4220672e+00 4.5851928e-01 2.8858969e+00 5.4201531e-01
  9.1141450e-01 2.8900498e-01 4.9851266e-01 6.1981487e-01 1.6630955e+00
  6.6221838e+00 1.0967892e+01 1.9232084e-01 2.1130087e+00 2.8737893e+00
  1.2517251e+00 8.9356494e-01 1.2005776e+00 4.4951659e-01 4.6026173e+00
  2.5969756e-01 6.9618201e+00 1.8183462e-01 4.9781519e-01 1.4048262e+00
  2.0790389e+00 5.4687500e-01 3.3191067e-01 8.6105216e-01 2.9311693e-01
  6.9377112e-01 1.2444017e+00 1.1310695e+00 2.6063309e+00 1.3961706e+00
  9.2922230e+00 4.7127171e+00 1.0368820e-01 1.5185684e+00 6.7432313e+00
  1.8651981e+00 2.4845912e+00 1.0946634e+00 1.7083139e+00 1.2693408e-01
  7.6109720e-03 1.0395118e+00 4.0744704e-01 6.1524234e+00 1.7118235e+00
  4.4053417e-01 2.8632817e-01 1.1998433e-01 9.7100890e-01 2.0567458e+00
  2.4336384e-01 1.3755589e+00 1.2425828e+00 6.5127234e+00 2.2647371e+00
  5.4787412e+00 0.0000000e+00 1.6742774e+00 2.0824566e+00 9.1579318e-02
  6.9842815e-01 2.3574736e+00 1.1466541e+00 5.6591201e-01 0.0000000e+00
  2.3347797e+00 2.3422003e+00 1.1908095e+00 1.6915008e-01 6.0753598e+00
  0.0000000e+00 3.2115226e+00 6.1692202e-01 3.2666016e+00 5.8652706e+00
  0.0000000e+00 1.1013339e-01 3.9286764e+00 1.4066272e+01 2.1659229e+00
  1.7326495e-01 6.0997462e+00 6.6006702e-01 9.6315277e-01 0.0000000e+00
  1.9776087e+00 9.3057829e-01 2.7476065e+00 3.0494380e-01 1.4641597e+00
  5.2818246e-02 6.2955850e-01 1.9522777e+00 1.1098171e-01 1.3540587e+00
  6.2031776e-01 5.0254130e-01 1.1630745e+00 0.0000000e+00 2.3987205e+00
  7.0243679e-02 9.3851793e-01 4.9131804e+00 1.9460387e+00 1.9352870e-01
  1.7546497e-02 6.4598292e-01 1.0624015e+00 6.3940562e-02 1.6638479e+00
  2.3276203e+00 1.0766994e+00 0.0000000e+00 4.9648631e-01 5.6195176e-01
  5.3202647e-01 3.9169064e+00 0.0000000e+00 1.3600011e+00 6.7697411e+00
  1.0424092e+00 7.8477520e-01 1.0992842e+00 1.0359455e+00 2.4747827e+00
  1.1272361e+00 6.4217825e-03 1.0059836e+00 1.3647568e+00 1.9587281e+00
  9.9091792e-01 2.0353991e-01 0.0000000e+00 3.2878626e-02 9.5165604e-01
  0.0000000e+00 1.0382160e+00 0.0000000e+00 0.0000000e+00 1.5715212e+00
  1.2780023e+00 3.4887977e+00 1.1568904e+00 1.7638551e+00 4.7638953e-01
  1.8933514e+01 3.0732965e-01 6.5102892e+00 1.6759932e+00 4.5106659e+00
  3.5949364e-01 6.0528259e+00 9.2940167e-02 1.3991763e-01 1.4166703e+00
  4.1118607e-01 8.9982301e-01 3.0185890e-01 0.0000000e+00 5.4399300e+00
  5.8652169e-01 1.3147873e+00 1.3291626e+00 2.9069231e+00 3.3467650e+00
  1.1133881e+00 2.7018850e+00 0.0000000e+00 1.4063498e+00 5.9758931e-01
  4.4000152e-01 1.3771225e+00 2.1692740e-02 6.0564506e-01 1.2123088e+00
  1.7889556e+00 4.5231435e-01 8.3687651e-01 2.7940671e+00 3.9323083e-01
  1.9216731e+00 1.2757459e-01 1.1030874e+00 1.9952019e+00 3.8523993e-01
  2.1704316e+00 1.5828919e+01 2.4203539e+00 2.7202740e+00 2.9523358e+00
  3.5392949e-01 3.3156708e-02 1.8956883e-01 2.7549369e+00 3.1010063e+00
  8.0693083e+00 7.1326494e-01 0.0000000e+00 3.9264002e-01 3.7140107e-01
  0.0000000e+00 0.0000000e+00 2.0924735e+00 0.0000000e+00 2.3770095e-01
  6.4260924e-01 0.0000000e+00 2.8609937e-01 1.8117944e+00 1.7689767e+00
  0.0000000e+00 1.8815126e-01 3.3095992e+00 5.7058334e-01 1.8216889e-02
  4.0791049e+00 4.9231890e-01 5.2536616e+00 1.5168229e+00 1.6136561e-02
  3.2276385e+00 5.0292736e-01 5.0606441e-01 5.5354720e-01 1.4964349e+00
  0.0000000e+00 1.6118906e-01 1.0863585e+00 4.0964828e+00 2.4915330e+00
  1.7001903e-01 3.6868167e+00 1.3025475e+00 1.8606034e-01 0.0000000e+00
  5.4331808e+00 3.4361701e+00 3.8866460e-01 6.0376006e-01 8.7897186e+00
  7.7816337e-01 1.2126563e+00 1.5696995e+00 4.4221902e-01 3.0779645e+00
  1.1146326e+00 9.3999714e-01 3.2040639e+00 2.7042723e-01 0.0000000e+00
  0.0000000e+00 1.2150508e+00 9.5344234e-01 3.3459270e-01 8.5026455e-01
  0.0000000e+00 0.0000000e+00 4.2028120e-01 4.4581161e+00 4.5840735e+00
  1.1526465e+00 2.2726719e-01 5.3451455e-01 7.1566617e-01 0.0000000e+00
  2.0021975e+00 0.0000000e+00 1.5762084e+00 1.8565705e+00 0.0000000e+00
  1.1479968e+00 1.0341132e+00 3.6156592e-01 4.5978389e+00 5.8433503e-01
  6.3924277e-01 4.8772800e-01 1.9268589e-01 7.7290225e-01 3.4061649e-01
  4.1364388e+00 5.7259214e-01 4.2184339e+00 0.0000000e+00 8.3751577e-01
  1.3376521e+00 6.1140394e-01 5.9528643e-01 1.1725873e+00 5.2046661e+00
  1.1157404e+00 5.5766267e-01 9.8868340e-01 1.0778245e+00 1.0156505e+00
  3.7638044e+00 4.4232276e-01]]