[[2.30116773e+00 2.17298913e+00 5.19193840e+00 3.39713335e+00
  3.14423919e+00 2.82677794e+00 6.70554829e+00 1.92483568e+00
  0.00000000e+00 4.26045370e+00 2.10277820e+00 5.97877920e-01
  1.54651403e+00 7.17397118e+00 0.00000000e+00 6.21762753e-01
  6.68066740e-02 5.06751716e-01 6.03104877e+00 3.98419261e+00
  6.33845925e-02 8.45425320e+00 2.09543896e+00 1.81560838e+00
  4.48506260e+00 2.30565572e+00 0.00000000e+00 3.56667519e+00
  2.98599839e+00 6.30622482e+00 3.40956837e-01 0.00000000e+00
  4.88278866e+00 9.23642695e-01 7.58397579e-01 9.03802454e-01
  6.25583053e-01 3.33577085e+00 2.70091462e+00 4.91159588e-01
  4.66615248e+00 1.35704863e+00 3.12046528e+00 5.99437189e+00
  6.48629665e-01 1.65332341e+00 2.97858381e+00 6.48569965e+00
  1.35329854e+00 6.49303138e-01 3.17324948e+00 5.90232134e+00
  2.02854633e+00 6.16210461e+00 2.27566004e+00 2.85060358e+00
  5.95127821e+00 5.99894667e+00 3.76824641e+00 2.20056221e-01
  1.34145999e+00 2.57998377e-01 1.95290577e+00 6.69544077e+00
  2.00590953e-01 5.33224487e+00 4.57460880e+00 2.30130970e-01
  5.06975472e-01 5.21137047e+00 8.96394348e+00 5.37441373e-02
  3.48842412e-01 1.43231897e+01 2.42759824e+00 4.44738090e-01
  1.08643413e-01 0.00000000e+00 4.51349676e-01 2.36300617e-01
  1.65825516e-01 6.02105856e+00 3.39748454e+00 1.62326372e+00
  6.69771209e-02 1.03925209e+01 3.60841960e-01 2.36257505e+00
  6.91159785e-01 3.38364458e+00 9.15452480e-01 5.06849468e-01
  5.88187687e-02 2.96058679e+00 3.05130720e+00 6.63843095e-01
  6.23538531e-02 4.04106140e-01 6.16879463e+00 2.08580709e+00
  4.87224150e+00 2.92336226e+00 2.27781963e+00 6.54552650e+00
  8.09113607e-02 0.00000000e+00 1.26716435e-01 2.24129483e-01
  3.68169689e+00 2.50572443e+00 3.61043960e-02 3.48550296e+00
  9.34309661e-01 5.21035814e+00 1.83191240e+00 3.77897210e-02
  2.26952696e+00 2.28535160e-01 6.02451134e+00 7.60742188e-01
  4.44691122e-01 2.44569373e+00 4.36879098e-01 1.65272820e+00
  1.45223677e+00 2.42845833e-01 0.00000000e+00 1.47492588e-01
  6.07094495e-03 1.09010134e+01 1.62515092e+00 0.00000000e+00
  7.77378368e+00 6.36320448e+00 9.83341515e-01 4.52743292e+00
  0.00000000e+00 1.01648092e+00 7.04839516e+00 2.69898176e+00
  6.03236246e+00 3.36064309e-01 5.17829895e+00 1.01640224e+00
  1.50791311e+00 1.86811256e+00 2.87301731e+00 2.11113262e+00
  6.98479223e+00 2.74832726e+00 4.62156564e-01 1.69956458e+00
  2.57237172e+00 5.82075238e-01 2.46696854e+00 1.53354238e-04
  6.33516133e-01 2.92687249e+00 1.61279157e-01 2.75267935e+00
  4.94226187e-01 5.23433495e+00 8.51746872e-02 6.63269818e-01
  3.53250891e-01 1.37171090e+00 0.00000000e+00 8.30334568e+00
  2.96252787e-01 7.18895972e-01 1.90303099e+00 1.36017963e-01
  1.14934893e+01 5.78701401e+00 5.32771230e-01 4.59618628e-01
  1.47452068e+00 0.00000000e+00 4.93440151e+00 3.37365913e+00
  8.48050022e+00 1.16290140e+00 3.32921982e+00 2.97500908e-01
  5.95751286e-01 1.53132880e+00 6.75941515e+00 1.61371574e-01
  1.80373991e+00 6.48017550e+00 4.64109850e+00 1.94293201e-01
  2.34210968e+00 5.41337013e+00 0.00000000e+00 6.36849582e-01
  3.63454056e+00 0.00000000e+00 5.48595011e-01 2.42122024e-01
  7.74773216e+00 0.00000000e+00 2.65399742e+00 7.90612984e+00
  5.37173939e+00 2.21534371e+00 4.90480453e-01 2.61131549e+00
  9.81413066e-01 2.17483654e+01 1.72425187e+00 1.11209643e+00
  2.64847931e-02 9.28043783e-01 2.15897036e+00 0.00000000e+00
  6.09001338e-01 1.92593321e-01 2.40025544e+00 2.06006169e+00
  1.48207998e+00 3.91972923e+00 1.14884081e+01 5.09079732e-02
  1.63673460e+00 3.23286504e-01 1.21127881e-01 2.26553726e+00
  1.38107240e+00 1.35740280e-01 1.52213371e+00 1.25895464e+00
  4.13037205e+00 3.81399304e-01 2.05309892e+00 0.00000000e+00
  2.31205559e+00 9.40114594e+00 1.64724815e+00 1.01928730e+01
  3.22730333e-01 2.19545856e-01 3.97378469e+00 9.12119007e+00
  1.23126733e+00 3.84718919e+00 7.06833029e+00 1.12858925e+01
  5.82765484e+00 1.31899524e+00 2.18662024e+00 2.83717322e+00
  8.26321411e+00 7.88171577e+00 7.66225529e+00 0.00000000e+00
  3.07486463e+00 1.69710243e+00 1.60696292e+00 2.84203672e+00
  2.07784668e-01 0.00000000e+00 4.02788258e+00 2.48776484e+00
  2.09128332e+00 2.71367288e+00 0.00000000e+00 5.52748823e+00
  9.37499046e-01 4.15475512e+00 6.50514555e+00 1.38517570e+00
  3.79762506e+00 9.78391743e+00 1.29488575e+00 4.49525476e-01
  1.30369272e+01 1.65279555e+00 2.65459269e-01 6.90432787e-01
  1.26193962e+01 7.63670731e+00 1.66043015e+01 0.00000000e+00
  1.49109697e+00 4.45281565e-01 5.18585014e+00 3.14152765e+00
  3.95004988e+00 2.61915588e+00 4.35355377e+00 2.22694445e+00
  2.18258238e+00 8.30360222e+00 2.94335771e+00 1.51239526e+00
  0.00000000e+00 1.11622229e-01 0.00000000e+00 0.00000000e+00
  5.44862843e+00 0.00000000e+00 2.05624819e+00 0.00000000e+00
  2.88903024e-02 2.22897911e+00 3.46529508e+00 8.04178178e-01
  1.07321990e+00 0.00000000e+00 5.47429800e+00 7.11514831e-01
  6.27461672e-01 2.75442028e+00 5.29706240e-01 5.20966291e-01
  7.92232573e-01 7.05941582e+00 5.05629063e-01 2.53793740e+00
  8.07080269e-01 1.09096587e+00 1.46644545e+00 3.23614597e-01
  3.77897471e-01 4.30072832e+00 1.11520596e+01 4.36895996e-01
  2.30323768e+00 0.00000000e+00 1.94762096e-01 5.10300303e+00
  0.00000000e+00 3.07450342e+00 7.33524561e-01 6.42668867e+00
  0.00000000e+00 5.70500755e+00 7.80940390e+00 2.57400274e+00
  3.60802627e+00 4.30489063e-01 9.33691680e-01 7.13527584e+00
  8.89942944e-01 3.46445298e+00 3.21844316e+00 2.51671106e-01
  8.36421967e-01 6.06463671e-01 2.56724143e+00 0.00000000e+00
  0.00000000e+00 2.33732983e-01 2.36223006e+00 0.00000000e+00
  4.65231054e-02 8.31715107e+00 2.30904534e-01 1.15141332e+00
  1.37072611e+00 1.99195929e-02 0.00000000e+00 1.56909978e+00
  6.68396235e+00 2.55978441e+00 5.67360449e+00 1.21126592e+00
  2.88714528e+00 3.07314682e+00 0.00000000e+00 3.98755765e+00
  4.36679935e+00 4.24523681e-01 1.85192418e+00 1.08835511e-01
  3.23017806e-01 5.13118362e+00 6.61063004e+00 2.59223151e+00
  7.88749695e-01 3.05533719e+00 3.51404762e+00 1.64078307e+00
  2.57346559e+00 6.21912384e+00 7.03155994e-01 0.00000000e+00
  2.03650331e+00 5.47490406e+00 8.23889852e-01 7.62404394e+00
  5.02634382e+00 4.14549494e+00 1.49209344e+00 3.41795874e+00
  7.08811402e-01 4.31438255e+00 2.48881602e+00 1.04680993e-01
  8.19491267e-01 3.74758434e+00 3.46884653e-02 7.70630121e+00
  8.93453693e+00 2.87477589e+00 3.41448474e+00 3.21138334e+00
  0.00000000e+00 3.40067267e-01 1.16301966e+00 4.96932554e+00
  1.82112122e+00 0.00000000e+00 7.96078014e+00 0.00000000e+00
  0.00000000e+00 1.91684163e+00 8.36996138e-02 0.00000000e+00
  3.83826755e-02 0.00000000e+00 1.51890779e+00 6.20990181e+00
  2.52641344e+00 4.78599167e+00 1.16995752e+00 3.33474517e+00
  1.03153145e+00 1.35578081e-01 3.11947203e+00 3.35457134e+00
  6.80530930e+00 4.93047571e+00 1.32185328e+00 3.44034386e+00
  4.11157906e-01 6.36360741e+00 1.58154964e-02 3.35603416e-01
  0.00000000e+00 1.19973850e+00 2.82317344e-02 1.12318933e+00
  1.75566018e+00 5.50219119e-01 7.66473961e+00 1.13902044e+00
  4.46712494e+00 2.31701040e+00 1.92658603e-01 4.76699162e+00
  3.15942359e+00 5.19987726e+00 9.57342088e-01 1.16508156e-01
  2.52935171e+00 2.92457795e+00 6.79245293e-01 9.32487583e+00
  7.16262674e+00 4.68179464e-01 1.75144088e+00 7.52548158e-01
  0.00000000e+00 5.31659305e-01 8.68847370e-01 1.26033318e+00
  4.67907000e+00 5.26200294e+00 1.23339981e-01 1.45552683e+00
  2.76427031e+00 8.50059128e+00 2.69471340e+01 1.92552185e+00
  1.10977113e+00 1.95580542e+00 3.21297407e+00 3.25985432e+00
  0.00000000e+00 6.09478569e+00 2.14788015e-03 2.50828210e-02
  2.52026129e+00 0.00000000e+00 5.78044605e+00 5.02794310e-02
  1.65903986e+00 4.42245692e-01 4.20376205e+00 1.52985740e+00
  2.38457632e+00 4.61960125e+00 4.97882128e+00 2.94976091e+00
  5.06850600e-01 3.49980640e+00 3.82565647e-01 1.30717480e+00
  3.19774246e+00 1.66253924e+00 3.71702731e-01 9.79095757e-01
  3.69851184e+00 1.03367400e+00 7.29246187e+00 1.37694049e+00
  1.25862670e+00 1.21003485e+00 1.46753025e+00 7.39664841e+00]]