[[2.61469412e+00 6.00328827e+00 4.64282465e+00 0.00000000e+00
  7.86301732e-01 1.26076889e+01 2.56798291e+00 1.17554821e-01
  7.11518973e-02 1.85765362e+00 5.45998573e+00 2.84227800e+00
  5.31390762e+00 1.02917290e+01 3.08046746e+00 2.37985253e+00
  2.98102951e+00 0.00000000e+00 1.01491483e-02 3.94814444e+00
  3.91069102e+00 3.46663809e+00 1.70726418e+00 2.94251275e+00
  9.47233796e-01 6.06360435e+00 1.40199319e-01 1.41039133e+00
  8.26192570e+00 2.03781080e+00 0.00000000e+00 8.74678802e+00
  4.13552850e-01 3.61648440e+00 1.02973089e-01 1.65317547e+00
  3.53736877e+00 7.32130527e-01 1.55403042e+00 1.88854122e+00
  2.71191525e+00 4.32648325e+00 3.70531487e+00 5.63603115e+00
  2.15337574e-01 9.01529565e-02 9.08075142e+00 8.77472591e+00
  2.61630368e+00 1.72672224e+00 2.56673127e-01 4.56794500e+00
  1.61587155e+00 9.41056848e-01 5.07334137e+00 4.45018768e+00
  2.99859238e+00 6.18641329e+00 2.77104163e+00 1.65647078e+00
  2.46301502e-01 9.34829190e-02 9.58887768e+00 3.15542078e+00
  1.88877141e+00 5.18986320e+00 5.57733631e+00 1.12530041e+00
  1.08770049e+00 3.68298054e+00 2.69086075e+00 5.96424150e+00
  0.00000000e+00 4.37658453e+00 2.20414400e+00 1.39052773e+00
  5.49148512e+00 1.39232290e+00 1.50546157e+00 1.72400618e+00
  2.43817306e+00 5.86914122e-01 3.37853789e+00 1.68051946e+00
  1.68831110e+00 2.05794215e+00 2.85144001e-01 2.96851540e+00
  6.37098360e+00 4.39554691e-01 2.10812593e+00 3.58498311e+00
  6.49028957e-01 1.97697711e+00 1.09991968e+00 5.47204256e-01
  1.94480729e+00 1.30957961e+00 2.83922219e+00 7.00628996e+00
  3.18654269e-01 4.22309303e+00 1.37380886e+00 2.00210190e+00
  2.93413305e+00 3.91235501e-01 2.05277741e-01 1.82412970e+00
  9.47460365e+00 7.50281334e-01 5.41848612e+00 2.44371152e+00
  8.10429573e-01 4.43070126e+00 2.62062168e+00 7.76732981e-01
  7.26773882e+00 9.59212661e-01 7.11375654e-01 1.85233855e+00
  1.58469141e+00 1.62854004e+00 3.68466437e-01 1.31280918e+01
  1.82682896e+00 4.87369728e+00 7.66609535e-02 5.51420510e-01
  3.76598525e+00 3.86831141e+00 5.97032404e+00 2.89658070e+00
  4.78026056e+00 1.66045642e+00 3.03165698e+00 1.51617801e+00
  2.05100536e+00 1.69167995e+00 3.51168454e-01 7.90417969e-01
  9.85659242e-01 1.77995950e-01 4.00982714e+00 3.72361159e+00
  2.13785946e-01 2.54250783e-02 1.94632459e+00 0.00000000e+00
  0.00000000e+00 6.06125355e-01 6.81033278e+00 6.37357140e+00
  2.80937481e+00 4.65565264e-01 2.25148177e+00 5.41439009e+00
  2.55437851e+00 3.93371511e+00 2.27763605e+00 2.74664927e+00
  2.25184655e+00 2.21372533e+00 4.79993200e+00 4.05210781e+00
  9.91688788e-01 1.65089810e+00 0.00000000e+00 2.60317349e+00
  6.01398373e+00 2.64620256e+00 7.52288342e+00 3.98554468e+00
  2.54608124e-01 1.24802179e+01 2.57605076e-01 4.53722763e+00
  8.09108675e-01 7.63360083e-01 3.18038821e+00 5.58184433e+00
  2.15573907e+00 0.00000000e+00 4.33735323e+00 2.31498197e-01
  7.97524035e-01 7.10230470e-01 4.30512476e+00 0.00000000e+00
  6.24487281e-01 2.70494580e+00 9.35558510e+00 0.00000000e+00
  9.52269733e-01 4.24995375e+00 1.57300889e+00 6.04634809e+00
  1.65817308e+00 8.03238678e+00 4.63405028e-02 1.19361029e+01
  2.68918490e+00 6.56935215e+00 2.42169237e+00 1.55785426e-01
  8.57508945e+00 1.68147683e+00 8.09282243e-01 4.80407000e+00
  1.22085202e+00 0.00000000e+00 8.65559864e+00 6.07317162e+00
  5.65060806e+00 1.00495172e+00 8.61801088e-01 2.24987006e+00
  1.20880771e+00 2.25086904e+00 2.03427210e-01 1.29390240e+00
  2.60583115e+00 3.42802334e+00 1.41101956e-01 5.60916841e-01
  6.94353914e+00 9.75738049e+00 2.59339809e+00 8.56068230e+00
  0.00000000e+00 2.57733560e+00 1.52039528e+00 3.45040917e+00
  1.75641990e+00 4.10349894e+00 9.98441994e-01 3.68356824e+00
  1.97909713e+00 1.71893203e+00 1.85201883e-01 8.88709724e-01
  7.51476049e-01 2.17682147e+00 2.05540633e+00 4.89097023e+00
  8.37247968e-01 4.36464405e+00 3.88769698e+00 2.26657361e-01
  5.01106977e+00 1.02081451e+01 1.35804701e+01 1.77173054e+00
  3.25215459e+00 6.71465492e+00 1.05865806e-01 3.23874784e+00
  9.61861730e-01 2.50356102e+00 4.01371717e+00 3.85401440e+00
  7.23587275e-01 0.00000000e+00 0.00000000e+00 9.85147595e-01
  2.09993672e+00 1.30645975e-01 5.41600800e+00 1.49010432e+00
  1.22045212e+01 0.00000000e+00 3.49836969e+00 0.00000000e+00
  6.63731158e-01 6.41656303e+00 6.04960871e+00 3.17894399e-01
  6.33895922e+00 3.90752220e+00 6.74858332e-01 5.67517042e-01
  5.86847496e+00 8.95524621e-01 6.25017643e-01 2.11657286e+00
  4.13984442e+00 3.60250734e-02 4.23101377e+00 8.64781141e-01
  5.79422379e+00 3.64186883e-01 0.00000000e+00 5.96969128e+00
  9.14779067e-01 1.71376276e+00 6.96151257e-01 3.38166213e+00
  6.95421934e+00 1.58034682e+00 6.88388109e+00 0.00000000e+00
  9.21324825e+00 6.00940895e+00 9.47182655e+00 4.55705345e-01
  3.78251863e+00 3.75692368e+00 4.91344357e+00 4.01115751e+00
  3.72323942e+00 1.16623655e-01 6.61982656e-01 2.17057854e-01
  2.89823318e+00 1.58511066e+00 2.98751712e-01 2.45561075e+00
  2.76781225e+00 1.05582266e+01 5.45362771e-01 2.03703356e+00
  8.16086590e-01 1.23792210e+01 3.58105445e+00 3.28777456e+00
  1.60351503e+00 5.67494965e+00 9.54322755e-01 1.39977098e+00
  2.38239169e+00 6.33310747e+00 1.23824692e+00 3.53453898e+00
  1.23507273e+00 7.34171820e+00 1.18845549e+01 1.84530091e+00
  2.73479271e+00 6.32120085e+00 2.29575515e+00 1.21945989e+00
  4.57377481e+00 4.51024294e-01 3.51058878e-02 6.67498398e+00
  3.70091486e+00 3.61214459e-01 1.36280864e-01 4.30190772e-01
  8.05386424e-01 1.77743092e-01 5.11813354e+00 8.29673827e-01
  0.00000000e+00 3.58879089e-01 1.74062192e+00 6.31518483e-01
  4.79593945e+00 8.96082687e+00 2.74429351e-01 5.63633490e+00
  1.08825661e-01 8.93545449e-02 1.06561127e+01 2.86774802e+00
  2.05983186e+00 4.94304132e+00 1.23477287e+01 9.82344913e+00
  0.00000000e+00 2.51342440e+00 1.47739798e-01 3.25882745e+00
  7.16907597e+00 3.08707148e-01 5.90780640e+00 9.86358643e-01
  4.18436813e+00 1.15785575e+00 5.06310575e-02 1.08824701e+01
  3.87843609e+00 3.32248139e+00 0.00000000e+00 2.02972031e+00
  6.43166876e+00 4.58651245e-01 2.71807241e+00 1.92174405e-01
  4.39500213e-02 4.64038181e+00 3.85856342e+00 2.65901983e-01
  3.09337807e+00 8.94481122e-01 3.29648495e-01 6.74409747e-01
  6.12213802e+00 9.69640791e-01 7.46995163e+00 4.96270716e-01
  4.32966757e+00 5.10892916e+00 4.50059366e+00 4.94600248e+00
  3.36682963e+00 2.19857597e+00 0.00000000e+00 1.66252351e+00
  2.16127253e+00 9.30759251e-01 5.29060507e+00 2.25510463e-01
  0.00000000e+00 1.89656496e-01 5.33754301e+00 4.57887316e+00
  6.25390887e-01 2.98107219e+00 2.98342729e+00 1.47790897e+00
  1.03754187e+01 0.00000000e+00 9.16170478e-01 2.60280967e+00
  1.77677900e-01 8.71460021e-01 8.41036439e-01 2.44068837e+00
  2.96156931e+00 2.06032261e-01 8.09266376e+00 3.26716924e+00
  1.50782137e+01 3.86479348e-01 1.32301629e+00 5.87669325e+00
  6.85098350e-01 2.01779771e+00 1.40660203e+00 6.96245208e-02
  0.00000000e+00 2.11475074e-01 6.26616180e-01 7.85603666e+00
  3.83193398e+00 1.38090515e+00 6.41160345e+00 1.73974252e+00
  2.03036994e-01 8.57502595e-03 7.37360895e-01 1.21294584e+01
  6.66887665e+00 3.60243750e+00 5.04818678e-01 4.68978643e-01
  4.17637634e+00 5.69723129e+00 2.78545833e+00 4.98944235e+00
  8.29348946e+00 4.36732960e+00 2.38656831e+00 1.05868086e-01
  1.81850398e+00 1.40254247e+00 2.22963238e+00 2.19294935e-01
  2.22076750e+00 2.60642529e+00 3.33235335e+00 1.97695410e+00
  6.53436303e-01 6.34166002e+00 2.78496909e+00 1.65335989e+00
  5.62355518e+00 4.40450191e+00 2.46200264e-01 4.89462405e-01
  8.90953913e-02 1.04694188e+00 8.65291774e-01 1.68265176e+00
  4.57915592e+00 1.64932716e+00 1.01483405e+00 3.88154769e+00
  1.64709926e+00 2.17522812e+00 9.50519848e+00 1.38809001e+00
  4.59047508e+00 5.22410965e+00 1.66195881e+00 1.30174851e+00
  7.89821959e+00 7.15044308e+00 3.11800098e+00 4.08490390e-01
  1.02026978e+01 1.36376691e+00 2.09468293e+00 4.00740528e+00
  9.86148643e+00 1.03642511e+00 2.47463870e+00 1.01120162e+00
  4.78743255e-01 9.20394510e-02 4.37361431e+00 2.00226116e+00]]