[[2.29637218e+00 2.51263714e+00 3.80270076e+00 7.02102125e-01
  0.00000000e+00 9.15165484e-01 4.85108042e+00 1.70061052e+00
  6.76522732e-01 5.64327180e-01 5.61056328e+00 1.13294888e+00
  3.88146043e-01 2.35414699e-01 7.79946947e+00 3.80818665e-01
  1.21143937e+00 6.05319068e-02 1.33862805e+00 2.37960887e+00
  3.26112390e+00 6.84782314e+00 3.39146495e+00 2.24495202e-01
  5.34190893e+00 1.01889000e+01 2.46772027e+00 0.00000000e+00
  6.57684278e+00 5.27575827e+00 3.69635224e-01 6.05043471e-01
  6.02038717e+00 2.41948223e+00 0.00000000e+00 4.80747312e-01
  1.96116999e-01 0.00000000e+00 2.06095076e+00 2.40950561e+00
  9.15226460e-01 5.86161852e+00 8.86940384e+00 8.24028873e+00
  1.08566356e+00 2.23243070e+00 1.83535314e+00 3.50077605e+00
  1.87528634e+00 2.26946449e+00 1.46145165e+00 1.63690937e+00
  0.00000000e+00 0.00000000e+00 1.18179283e+01 1.84607387e+00
  4.01382828e+00 2.34511256e+00 1.04368441e-01 4.50536537e+00
  1.35414645e-01 1.24527001e+00 1.08947668e+01 5.68574667e+00
  0.00000000e+00 1.41979384e+00 0.00000000e+00 4.04943615e-01
  3.21471572e-01 7.47302628e+00 1.81883037e+00 1.78622401e+00
  3.50212193e+00 9.78663826e+00 1.12426138e+01 9.54733372e-01
  2.05115986e+00 1.66612864e-01 2.52860524e-02 4.23069373e-02
  2.73153961e-01 3.68571591e+00 3.60128140e+00 1.15631378e+00
  8.38485527e+00 3.57201099e+00 3.99321109e-01 3.92009664e+00
  1.49124706e+00 0.00000000e+00 2.28993154e+00 9.03641224e-01
  0.00000000e+00 2.27074599e+00 2.88428259e+00 2.69667983e-01
  3.32344222e+00 1.55828643e+00 6.07307911e+00 7.72681856e+00
  1.55066359e+00 5.23192692e+00 7.05433607e+00 3.39247656e+00
  1.36497939e+00 2.04082370e+00 2.88030952e-02 1.32694793e+00
  5.46766138e+00 5.28919160e-01 0.00000000e+00 2.53015518e+00
  5.94325900e-01 0.00000000e+00 2.60550976e+00 0.00000000e+00
  5.30081606e+00 1.45485163e+00 3.11404419e+00 2.60936737e+00
  0.00000000e+00 1.84643850e-01 3.90501954e-02 1.12678804e+01
  4.98247623e+00 1.02418315e+00 0.00000000e+00 3.17042053e-01
  9.89492595e-01 3.48900056e+00 3.81639481e+00 1.80314517e+00
  6.64022779e+00 2.55275369e-01 1.73215175e+00 1.52718186e+00
  1.12450361e+00 0.00000000e+00 3.13026810e+00 6.09377801e-01
  2.41631651e+00 1.92741799e+00 1.19719100e+00 1.34243298e+00
  1.63289809e+00 0.00000000e+00 1.55468154e+00 2.61631203e+00
  0.00000000e+00 6.63296044e-01 6.64235502e-02 1.45349824e+00
  3.15843678e+00 3.18682492e-01 5.33895195e-01 8.43755007e-01
  1.79772067e+00 9.93255424e+00 7.49070525e-01 2.89507866e+00
  8.06397319e-01 2.11834383e+00 4.02924955e-01 5.84461272e-01
  2.75444818e+00 2.05123901e+00 0.00000000e+00 8.01354527e-01
  5.06668377e+00 1.66883504e+00 4.48319244e+00 9.90319788e-01
  2.29615855e+00 5.86528063e-01 5.80062270e-01 3.31312871e+00
  2.68294716e+00 1.29298520e+00 8.08273029e+00 2.07601309e+00
  1.53334010e+00 5.35783827e-01 6.07323980e+00 6.56109869e-01
  2.93234754e-02 3.35717499e-01 1.58988631e+00 1.46314585e+00
  3.65305758e+00 4.91365862e+00 4.26670223e-01 2.40402627e+00
  0.00000000e+00 4.56514215e+00 5.41633368e-01 1.87779534e+00
  5.52710581e+00 3.66675854e+00 1.86357152e+00 6.84783697e+00
  4.50461960e+00 6.46731949e+00 2.73969507e+00 4.60910320e+00
  3.81096911e+00 1.69975424e+00 4.19636399e-01 3.09369802e+00
  7.87445486e-01 3.46272898e+00 6.16889668e+00 8.89221478e+00
  4.51625943e-01 1.38645339e+00 7.92570055e-01 1.50867566e-01
  0.00000000e+00 1.10855064e+01 1.47185922e+00 5.93386650e-01
  3.13004231e+00 4.21419001e+00 2.10464287e+00 3.03353071e-01
  6.40774727e+00 1.05679584e+00 2.01581168e+00 5.94225311e+00
  5.29934943e-01 6.74814403e-01 3.18866611e+00 4.65108824e+00
  7.31062591e-01 7.31474832e-02 4.16054577e-01 2.19895214e-01
  2.51898408e-01 2.15614295e+00 2.84183651e-01 1.73701394e+00
  1.24145555e+00 1.19936073e+00 1.06182086e+00 2.79770136e+00
  9.21828270e-01 8.41364288e+00 7.49652672e+00 4.19167876e-02
  2.47764897e+00 5.84154654e+00 5.94688892e+00 1.32793486e+00
  7.24828053e+00 8.14641571e+00 1.41313159e+00 4.85042334e-01
  9.42943513e-01 3.22426271e+00 6.44312096e+00 3.44551277e+00
  0.00000000e+00 0.00000000e+00 4.17807996e-01 1.01096720e-01
  3.78201103e+00 0.00000000e+00 3.21637809e-01 1.48509336e+00
  3.85964251e+00 1.19354814e-01 6.23747969e+00 2.01429218e-01
  3.41621995e-01 5.31341219e+00 5.63858843e+00 2.67109656e+00
  1.16399784e+01 1.11038554e+00 1.51494399e-01 9.41196859e-01
  7.30931568e+00 2.09816313e+00 1.32319361e-01 2.61197305e+00
  2.00948000e+00 0.00000000e+00 1.85906303e+00 3.15507817e+00
  4.30210304e+00 3.58561325e+00 3.59001803e+00 3.69447613e+00
  9.11863708e+00 1.02628098e+01 4.76218891e+00 1.99242294e+00
  1.31873977e+00 2.86661148e+00 2.26606846e+00 1.72710270e-01
  4.10295516e-01 9.61011505e+00 1.00293696e+00 0.00000000e+00
  1.20704842e+00 2.60920048e+00 1.61102057e+00 3.52304429e-01
  3.30219007e+00 7.16103852e-01 1.80227518e+00 2.75328219e-01
  1.14864147e+00 3.25754356e+00 1.57844901e-01 3.90577346e-01
  4.06745625e+00 8.33034801e+00 0.00000000e+00 1.40044898e-01
  1.25705910e+00 7.99804688e+00 6.93915462e+00 4.53134155e+00
  1.71931744e+00 2.16086769e+00 9.17145443e+00 3.41327637e-02
  6.28779554e+00 5.90315723e+00 8.65440667e-02 1.15296352e+00
  4.05517846e-01 3.73972702e+00 1.33174372e+00 6.16624737e+00
  1.36354542e+00 5.01540661e+00 1.84877729e+00 2.29726076e+00
  2.67433500e+00 7.42219806e-01 2.50153422e+00 1.03222103e+01
  4.40293837e+00 6.52869344e-01 1.83518016e+00 0.00000000e+00
  3.65826130e-01 4.14788395e-01 3.58371317e-01 1.30309141e+00
  0.00000000e+00 0.00000000e+00 4.11729574e+00 1.83178365e+00
  6.02315903e-01 7.24673271e+00 3.82982206e+00 1.74562788e+00
  5.88588238e+00 2.82946914e-01 3.36676192e+00 1.38585460e+00
  7.93229914e+00 5.91760397e+00 2.34487176e+00 5.06532967e-01
  1.06621838e+00 2.59143591e+00 1.87829882e-02 4.47219419e+00
  3.16483879e+00 4.49248254e-01 1.81598413e+00 2.44589567e+00
  3.73497701e+00 1.22112118e-01 2.04190397e+00 7.75374413e+00
  2.85663557e+00 4.06500721e+00 1.53542936e+00 9.70189452e-01
  7.76122570e+00 0.00000000e+00 2.20466852e+00 0.00000000e+00
  2.19410014e+00 5.68920755e+00 4.25537682e+00 2.96853042e+00
  9.66077232e+00 5.25839186e+00 0.00000000e+00 4.33312464e+00
  1.98750603e+00 7.58048832e-01 2.02123690e+00 1.15202904e+00
  4.15122509e+00 3.82069588e+00 5.14888382e+00 2.50209594e+00
  1.08829727e+01 4.92647505e+00 3.67299408e-01 3.15766525e+00
  1.52903229e-01 5.33655465e-01 1.09017932e+00 1.58301425e+00
  4.28883076e-01 1.10113271e-01 2.20660782e+00 4.07808352e+00
  1.35834956e+00 8.69999766e-01 8.87395000e+00 7.41447544e+00
  1.42629385e+01 0.00000000e+00 3.69771004e+00 4.01307631e+00
  2.23236775e+00 2.38653138e-01 5.74175239e-01 6.43196642e-01
  3.82608008e+00 3.95926714e-01 2.53045750e+00 4.52953768e+00
  1.93598423e+01 4.17444611e+00 1.20369923e+00 1.86680853e+00
  7.52565026e-01 0.00000000e+00 5.76486960e-02 9.17992473e-01
  0.00000000e+00 3.44059765e-02 0.00000000e+00 3.81411123e+00
  1.98260367e-01 1.73382735e+00 4.58180618e+00 2.99689084e-01
  2.66207266e+00 1.53344429e+00 0.00000000e+00 8.46106434e+00
  8.97847557e+00 1.30701149e+00 2.11940002e+00 1.77509820e+00
  4.50080919e+00 2.06030416e+00 2.36524034e+00 6.38219547e+00
  1.97866476e+00 2.04271722e+00 1.56163013e+00 1.88034630e+00
  3.14688706e+00 1.36945343e+00 1.05307388e+00 4.33423758e+00
  7.38966274e+00 4.71863568e-01 2.82221103e+00 0.00000000e+00
  3.92750716e+00 9.67404747e+00 1.61116850e+00 1.81211448e+00
  3.00541937e-01 5.44563675e+00 1.11128986e+00 5.61998367e+00
  2.13459343e-01 0.00000000e+00 1.78210545e+00 2.37207007e+00
  2.98691535e+00 1.76031995e+00 0.00000000e+00 6.55613005e-01
  6.43263197e+00 4.85787153e-01 1.18017216e+01 9.12565804e+00
  9.63045716e-01 3.49424958e+00 5.13419628e+00 3.92485946e-01
  9.72630024e+00 4.85055685e+00 7.17489815e+00 4.81296635e+00
  1.80779123e+00 1.12766945e+00 6.01111889e-01 0.00000000e+00
  6.39959383e+00 1.87520587e+00 4.56170368e+00 4.57387418e-01
  1.58686471e+00 1.30041420e+00 5.00520563e+00 8.80064607e-01]]