[[3.17181319e-01 1.64933658e+00 2.29029560e+00 0.00000000e+00
  4.70198393e-01 8.29662859e-01 6.59279156e+00 0.00000000e+00
  4.20309573e-01 8.37672591e-01 2.97477603e+00 1.82291532e+00
  8.81759226e-01 2.50849867e+00 0.00000000e+00 1.42984915e+00
  0.00000000e+00 9.72401574e-02 6.72906578e-01 4.78480053e+00
  4.75679666e-01 1.01082468e+01 2.64905225e-02 2.48301759e-01
  8.25551972e-02 1.30639076e+01 2.93783450e+00 9.05456305e-01
  1.10658252e+00 0.00000000e+00 0.00000000e+00 1.61499834e+00
  2.23051572e+00 1.33412433e+00 0.00000000e+00 1.04568529e+00
  4.96442318e+00 8.37495103e-02 4.23609114e+00 7.09611416e+00
  4.26650381e+00 2.14813924e+00 1.23639774e+00 6.52464342e+00
  1.07610071e+00 0.00000000e+00 3.50265592e-01 1.07538896e-02
  4.55776215e+00 3.56914949e+00 1.03125477e+00 1.79666564e-01
  0.00000000e+00 9.34855461e+00 1.12614727e+00 6.96089840e+00
  5.07493019e+00 8.91350937e+00 2.93111444e+00 9.85915512e-02
  0.00000000e+00 1.24889567e-01 3.27005935e+00 9.21664143e+00
  8.10496867e-01 3.62232757e+00 1.36364150e+00 1.66500652e+00
  1.21085012e+00 2.70885539e+00 2.61947966e+00 2.76467776e+00
  2.19072795e+00 7.65543222e+00 1.17175929e-01 0.00000000e+00
  3.26700866e-01 3.07733685e-01 2.48055473e-01 1.04110885e+00
  1.30672932e+00 3.26503706e+00 4.78956127e+00 0.00000000e+00
  3.37195826e+00 1.41037250e+00 0.00000000e+00 6.85901269e-02
  3.16036153e+00 2.88042729e-03 3.39134049e+00 1.41122353e+00
  2.09033117e-01 5.39835405e+00 1.33835280e+00 1.68875468e+00
  8.52106929e-01 5.31386375e+00 2.01751852e+00 6.78189135e+00
  2.47532517e-01 6.22828770e+00 3.33413005e+00 3.96004021e-01
  7.12569714e-01 2.52315283e+00 8.75086188e-01 0.00000000e+00
  1.66148627e+00 3.04623395e-01 5.30592489e+00 7.59544373e-01
  2.05727839e+00 2.46223256e-01 1.13130462e+00 5.54249763e-01
  5.89636183e+00 1.49915969e+00 4.88286877e+00 3.41274953e+00
  1.48299649e-01 4.91085410e-01 3.23107630e-01 9.39686012e+00
  0.00000000e+00 3.15491152e+00 2.77107269e-01 0.00000000e+00
  1.30723208e-01 1.62907639e+01 0.00000000e+00 0.00000000e+00
  2.19490528e+00 5.36436737e-01 1.16102958e+00 1.31291723e+00
  1.12193353e-01 0.00000000e+00 1.49844730e+00 0.00000000e+00
  4.10824686e-01 1.61131954e+00 1.34932667e-01 4.27570391e+00
  4.29694533e-01 3.74876946e-01 1.85894585e+00 2.78821111e+00
  1.00463144e-01 0.00000000e+00 8.23107910e+00 6.39728829e-02
  2.25535464e+00 0.00000000e+00 9.57218409e-01 4.77242422e+00
  3.43172836e+00 4.87603235e+00 1.88058112e-02 5.61860621e-01
  3.72464275e+00 5.11434138e-01 6.35447121e+00 9.89253902e+00
  4.28454828e+00 3.95267338e-01 3.20683455e+00 2.25308323e+00
  9.91694778e-02 2.88644171e+00 7.02707231e-01 3.23531795e+00
  7.76633930e+00 1.03996277e+01 1.50682843e+00 3.62442088e+00
  4.70956266e-02 7.84269452e-01 2.22053413e+01 9.18833733e-01
  2.18368745e+00 0.00000000e+00 3.08633494e+00 2.92634201e+00
  1.79067385e+00 2.44256660e-01 8.11068773e-01 1.42918229e+00
  3.68470478e+00 1.21095133e+00 2.92273611e-01 0.00000000e+00
  5.71058273e+00 2.26470375e+01 1.93968201e+00 3.72418538e-02
  2.25971773e-01 5.80336380e+00 9.46179867e-01 5.61610317e+00
  2.47583628e+00 2.26579309e+00 0.00000000e+00 2.90929437e+00
  7.33039379e+00 1.61573040e+00 3.69596988e-01 5.99361002e-01
  5.03196001e-01 8.49429417e+00 8.48833978e-01 1.03419614e+00
  1.30069464e-01 6.59138107e+00 1.23692885e-01 9.02673602e-01
  5.44783533e-01 1.60672039e-01 1.47493899e+00 1.61363971e+00
  5.14582805e-02 1.69977074e+01 7.27486491e-01 1.73873305e+00
  2.89506412e+00 7.48494864e+00 9.04216021e-02 1.73216212e+00
  8.15663576e-01 1.47032356e+00 4.38371778e-01 5.59049129e+00
  1.92038739e+00 1.86652577e+00 1.39757860e+00 7.87435234e-01
  5.82174242e-01 3.57330823e+00 2.17147782e-01 1.21099305e+00
  5.99570096e-01 7.12257564e-01 2.58791614e+00 1.31679726e+00
  2.90150380e+00 4.37187147e+00 6.20055294e+00 1.95077300e-01
  1.83344233e+00 3.57233191e+00 4.32678938e+00 1.72589028e+00
  0.00000000e+00 2.45795274e+00 3.29517603e+00 9.64058757e-01
  5.40829659e-01 5.97811282e-01 6.11731720e+00 2.05084753e+00
  0.00000000e+00 0.00000000e+00 1.02464795e+00 6.24561250e-01
  3.22095656e+00 5.35766959e-01 2.30010295e+00 2.75474143e+00
  1.51469231e+01 1.79071501e-01 2.78127265e+00 2.77831614e-01
  1.74048734e+00 2.63121510e+00 1.53569877e+00 9.05766547e-01
  2.33711457e+00 6.81235567e-02 2.74587780e-01 3.12127614e+00
  2.78248811e+00 4.54846144e+00 6.67824507e+00 1.99537063e+00
  6.06750965e-01 0.00000000e+00 6.84601164e+00 1.62537724e-01
  6.17235041e+00 7.79040754e-01 8.97640049e-01 2.36911798e+00
  5.69195890e+00 5.66372252e+00 5.23148584e+00 0.00000000e+00
  6.03902006e+00 0.00000000e+00 2.01086357e-01 3.64987999e-02
  2.52436371e+01 5.35456562e+00 2.62730694e+00 1.05671346e+00
  7.74051666e-01 5.53520918e-01 1.23584867e-01 2.43471766e+00
  5.37694120e+00 2.19374561e+00 4.74495745e+00 2.97785473e+00
  1.42163396e+00 7.05114424e-01 4.55534601e+00 1.03956856e-01
  1.03861243e-01 8.97879505e+00 1.23025537e+00 3.95163178e+00
  2.26175308e+00 3.21560454e+00 1.07454157e+01 4.25168052e-02
  1.82348073e+00 1.26840734e+00 6.07056618e+00 5.82962148e-02
  4.13271606e-01 0.00000000e+00 5.41590229e-02 7.69787836e+00
  2.30095029e+00 1.88161421e+00 1.08923244e+01 2.90844470e-01
  1.41453815e+00 1.18845260e+00 4.09148502e+00 9.02701283e+00
  7.12310731e-01 2.60600835e-01 2.05882341e-01 4.11722183e-01
  2.07178140e+00 2.95724273e+00 0.00000000e+00 0.00000000e+00
  1.14599061e+00 1.02473664e+00 6.01064228e-02 0.00000000e+00
  0.00000000e+00 6.49959946e+00 2.26593757e+00 2.22923875e+00
  8.69824708e-01 1.52557535e+01 2.74715781e-01 9.07596350e-01
  8.51029587e+00 1.79728955e-01 1.23403251e+00 7.85021484e-02
  5.38029432e+00 4.14201021e-01 1.95987835e+01 1.40459430e+00
  0.00000000e+00 3.26208401e+00 6.64055109e+00 3.19171238e+00
  3.43840510e-01 1.50258839e+00 1.88030648e+00 7.61429787e-01
  2.48039842e+00 1.35716903e+00 7.47198537e-02 4.14389992e+00
  4.64395809e+00 2.21086264e+00 1.81625828e-01 1.14123273e+00
  2.03296733e+00 1.66240430e+00 1.82369041e+00 1.63024187e+00
  2.22061485e-01 7.19242144e+00 6.73753500e+00 2.36404729e+00
  6.50037432e+00 4.20467520e+00 5.76591194e-01 4.29464388e+00
  2.29252315e+00 5.44737160e-01 2.00658751e+00 1.58676922e+00
  1.64722586e+00 2.05423031e+01 4.81873751e+00 9.64977455e+00
  4.62981319e+00 2.04010034e+00 0.00000000e+00 1.33781934e+00
  0.00000000e+00 4.68926573e+00 8.69431210e+00 2.06288353e-01
  0.00000000e+00 5.03371581e-02 4.41100121e+00 4.71597642e-01
  0.00000000e+00 5.41922264e-02 1.65035212e+00 6.96540833e-01
  1.48966718e+00 4.93538529e-01 6.16628230e-01 1.30654335e+00
  0.00000000e+00 0.00000000e+00 3.93888974e+00 4.91148615e+00
  2.06691313e+00 3.44675970e+00 4.16255569e+00 5.44825256e-01
  1.80862198e+01 9.31714058e-01 0.00000000e+00 8.13526630e+00
  3.58946443e+00 6.04257643e-01 1.49940181e+00 7.14625835e+00
  1.43718839e+00 8.66932869e-02 1.69188634e-01 1.05160046e+01
  1.71727628e-01 1.06924184e-01 5.44910097e+00 1.90037012e+00
  4.39709634e-01 0.00000000e+00 1.34851527e+00 2.14056683e+00
  2.76397300e+00 4.55894136e+00 8.79477978e-01 6.13064289e-01
  3.37516069e+00 1.93294740e+00 2.32398182e-01 3.49526811e+00
  1.49645746e+00 1.06347466e+00 6.24783278e-01 0.00000000e+00
  2.11112809e+00 2.45216697e-01 2.17513561e+00 8.74232769e-01
  2.90186346e-01 5.72485030e-01 1.53918827e+00 5.92889190e-01
  7.55845368e-01 2.97306657e+00 0.00000000e+00 0.00000000e+00
  8.65964234e-01 2.33393121e+00 3.10162520e+00 1.24527693e+00
  0.00000000e+00 3.83681059e-01 5.45884490e-01 5.44965923e-01
  1.64616740e+00 3.55460024e+00 3.54377818e+00 0.00000000e+00
  0.00000000e+00 9.07902777e-01 4.55619574e+00 6.02183914e+00
  0.00000000e+00 2.70141661e-01 6.38136208e-01 1.60316479e+00
  7.96753883e-01 5.30331659e+00 0.00000000e+00 1.61725628e+00
  4.99457073e+00 3.05413795e+00 1.66223300e+00 2.05477569e-02
  3.18263841e+00 2.25745201e+00 1.58362424e+00 1.26864395e+01
  1.93014777e+00 0.00000000e+00 6.74379444e+00 1.33710182e+00]]