[[6.39333308e-01 2.00384021e+00 5.92289984e-01 0.00000000e+00
  1.89879656e-01 5.68045807e+00 6.12069273e+00 6.48700118e-01
  8.79938602e-01 3.97650689e-01 2.31323433e+00 4.46602201e+00
  8.29407156e-01 1.45219505e+00 0.00000000e+00 5.18066978e+00
  8.95994008e-01 3.19063932e-01 6.56695068e-01 7.46147871e+00
  1.16500103e+00 9.81305599e+00 1.89901412e+00 1.13590026e+00
  5.93435240e+00 1.19073639e+01 1.82876873e+00 1.64010155e+00
  6.35581091e-02 4.87156439e+00 6.31483972e-01 9.24464911e-02
  1.37787211e+00 1.05369072e+01 1.67069256e-01 3.63575399e-01
  5.51218796e+00 4.46802638e-02 5.31446600e+00 1.31386101e+00
  1.92788744e+00 0.00000000e+00 1.49504530e+00 5.88957500e+00
  8.57298255e-01 5.67813814e-01 3.10894179e+00 1.53427732e+00
  2.17788291e+00 1.42747748e+00 1.29101646e+00 3.18608713e+00
  6.38776600e-01 2.29334855e+00 1.72637582e+00 2.70452762e+00
  1.74487042e+00 1.37714930e+01 1.08773351e+00 2.58216888e-01
  3.46763086e+00 1.57056427e+00 4.94728184e+00 2.73673201e+00
  7.16223145e+00 6.45023525e-01 6.10445321e-01 3.11953664e+00
  2.92051363e+00 4.93854904e+00 3.89091037e-02 3.03845525e+00
  0.00000000e+00 1.90842092e+00 5.02230358e+00 4.03437805e+00
  6.12047076e-01 1.08430065e-01 1.57121405e-01 1.59915972e+00
  1.84990335e+00 4.16016769e+00 8.40880013e+00 9.39008534e-01
  4.73339891e+00 8.28453350e+00 3.73567730e-01 8.24092329e-01
  4.36534500e+00 0.00000000e+00 5.22921419e+00 3.30901408e+00
  4.64092112e+00 1.07362318e+01 7.15906000e+00 1.56412053e+00
  2.11251521e+00 3.75118804e+00 6.28790712e+00 3.04045129e+00
  1.75289369e+00 1.24980807e+00 7.42238700e-01 4.00726271e+00
  0.00000000e+00 4.80046844e+00 1.36311591e+00 8.83267283e-01
  3.50615412e-01 2.07437873e+00 2.03722763e+00 3.37355828e+00
  0.00000000e+00 3.89860630e+00 4.72298527e+00 8.19830358e-01
  2.64414907e+00 1.94350195e+00 2.29952073e+00 1.43226409e+00
  0.00000000e+00 9.80061114e-01 6.63797855e-01 1.04549761e+01
  2.92051411e+00 7.34653413e-01 2.82529187e+00 0.00000000e+00
  5.65090850e-02 2.44643898e+01 6.00644171e-01 2.77833521e-01
  6.87046099e+00 9.69009161e-01 3.91565949e-01 1.46412694e+00
  1.09021699e+00 3.10264349e+00 4.09620762e+00 3.07425499e+00
  1.12831593e+00 2.82948709e+00 1.85130250e+00 3.23461723e+00
  3.14717388e+00 0.00000000e+00 2.50145626e+00 9.47450936e-01
  6.78146183e-01 0.00000000e+00 1.29916346e+00 2.29354739e+00
  4.35358334e+00 1.46295860e-01 1.05001973e-02 3.59046841e+00
  1.10376275e+00 1.47573638e+00 0.00000000e+00 1.24746442e+00
  2.15890574e+00 5.72542906e+00 1.60189784e+00 3.36082673e+00
  7.93973780e+00 3.68153048e+00 4.34310496e-01 2.24112582e+00
  0.00000000e+00 3.10362577e+00 7.48678029e-01 1.64447796e+00
  3.06502080e+00 1.04464686e+00 1.37700057e+00 4.64808750e+00
  1.96008670e+00 5.12133017e-02 3.47164345e+00 2.10490727e+00
  3.64404507e-02 9.75544099e-03 6.97777319e+00 4.65573892e-02
  3.91400456e+00 2.84933090e+00 2.04930234e+00 2.14530563e+00
  2.69688034e+00 5.43866694e-01 7.97980070e-01 3.57372820e-01
  4.94629288e+00 1.10925303e+01 3.00413203e+00 2.10871077e+00
  5.58575034e-01 4.01900291e+00 1.29186392e+00 2.11799216e+00
  3.75427341e+00 2.41538823e-01 3.74565512e-01 4.68140650e+00
  3.28884697e+00 1.99104428e+00 4.10085821e+00 2.47518444e+00
  2.33437419e+00 8.32925892e+00 9.25603926e-01 2.32222819e+00
  0.00000000e+00 1.49500561e+00 1.16348135e+00 0.00000000e+00
  3.24878782e-01 0.00000000e+00 2.09298515e+00 6.49148703e+00
  1.37552157e-01 6.34957457e+00 1.35022533e+00 1.52460849e+00
  8.39233875e-01 3.58659983e+00 1.85258949e+00 1.20831239e+00
  2.52988791e+00 3.32668638e+00 2.89238882e+00 4.43923807e+00
  1.54458261e+00 4.46246386e-01 4.06887865e+00 1.08462954e+00
  2.07821473e-01 2.43193960e+00 0.00000000e+00 1.14055717e+00
  1.49441779e+00 2.51049906e-01 1.88199803e-01 1.54743540e+00
  1.89504409e+00 2.21371627e+00 9.07176590e+00 5.93802452e-01
  7.09625721e-01 3.34563994e+00 5.60939980e+00 2.94855738e+00
  1.39808981e-02 1.16202712e+00 8.23231220e+00 5.15589380e+00
  7.18777776e-01 3.03119540e+00 7.72349358e-01 2.24720955e+00
  3.25337686e-02 6.99834943e-01 1.74410355e+00 1.97918689e+00
  4.32268810e+00 1.68826044e+00 1.22954273e+00 5.09966898e+00
  1.41505499e+01 3.14006776e-01 8.92780304e+00 0.00000000e+00
  1.37989789e-01 1.14706862e+00 1.92172718e+00 1.82395530e+00
  1.08508101e+01 1.16101652e-02 1.82318687e-01 3.00329757e+00
  7.22685337e+00 9.62627697e+00 1.12762413e+01 4.97470951e+00
  4.51535273e+00 1.57470375e-01 1.44383945e+01 3.04561186e+00
  4.18519258e+00 8.14592019e-02 3.11569691e+00 1.35334003e+00
  8.08876419e+00 1.61274707e+00 3.53868318e+00 6.00123890e-02
  2.81038833e+00 4.22978818e-01 9.23356831e-01 0.00000000e+00
  3.82292330e-01 2.26124954e+00 5.10045815e+00 3.87147039e-01
  0.00000000e+00 4.96894169e+00 1.10259466e-02 1.00703090e-01
  9.20009375e-01 2.80022144e-01 3.20722938e+00 3.44339585e+00
  3.30585217e+00 1.26095310e-01 3.94073081e+00 1.11004353e+00
  1.70265901e+00 6.33413267e+00 3.83095503e+00 1.13339949e+00
  4.98287916e+00 2.02303791e+00 7.78694057e+00 0.00000000e+00
  2.99739647e+00 1.37104595e+00 7.65825033e+00 9.21262205e-02
  0.00000000e+00 1.58175099e+00 9.23007429e-01 8.10394478e+00
  5.16286731e-01 4.66169882e+00 1.11580496e+01 1.64830995e+00
  1.44200337e+00 1.96312356e+00 1.64698334e+01 4.16024828e+00
  6.03770912e-02 3.01755164e-02 0.00000000e+00 6.37138933e-02
  4.55015612e+00 2.90980196e+00 1.09478280e-01 1.37053931e+00
  2.92731309e+00 1.84113729e+00 1.45752821e-02 1.03515089e-01
  3.74368936e-01 6.60908794e+00 2.61633301e+00 1.85348466e-01
  2.61886501e+00 7.58497286e+00 1.91673088e+00 1.40968001e+00
  4.22517014e+00 4.59788144e-01 1.04946125e+00 1.96886814e+00
  3.74326301e+00 4.15545672e-01 7.57244301e+00 1.06555343e+00
  3.62433374e-01 2.51683450e+00 1.60270774e+00 1.49730384e+00
  3.30176187e+00 2.29104972e+00 1.75108814e+00 2.12123132e+00
  3.17990446e+00 3.27158546e+00 1.03905655e-01 1.96742618e+00
  6.96229267e+00 1.82060742e+00 3.24503922e+00 2.02230048e+00
  4.34028673e+00 0.00000000e+00 2.01883626e+00 1.34296107e+00
  2.76608706e-01 1.21212387e+01 8.60378551e+00 6.66546941e-01
  3.38651705e+00 3.82244396e+00 2.11028552e+00 4.72018194e+00
  4.34361935e+00 6.12742519e+00 3.17488074e+00 3.38226247e+00
  3.15328741e+00 7.88753653e+00 5.97515726e+00 1.16628921e+00
  5.33558702e+00 1.03661528e+01 2.93978190e+00 7.43141472e-01
  0.00000000e+00 5.99602652e+00 4.20080280e+00 2.29287481e+00
  1.46112487e-01 1.91348982e+00 4.17739105e+00 3.02401423e+00
  1.11839819e+00 2.66550803e+00 2.64768338e+00 4.09825921e-01
  4.58400436e-02 1.98828018e+00 2.85641909e+00 6.02077913e+00
  1.95709479e+00 2.12379384e+00 2.83079863e+00 1.34208620e+00
  8.32046568e-02 1.75890863e+00 3.66418147e+00 3.63317704e+00
  6.83235312e+00 1.21274769e+00 1.24851316e-01 4.10153538e-01
  5.59765005e+00 7.01220691e-01 7.09314013e+00 8.18377209e+00
  3.12432337e+00 1.84744596e-02 1.80109084e+00 1.39547920e+00
  9.17347670e-01 1.34494156e-01 1.87870419e+00 1.11249423e+00
  6.12101173e+00 1.19150639e-01 1.00486994e+00 1.56470251e+00
  3.60461521e+00 4.35011673e+00 8.29311657e+00 2.54094064e-01
  9.67509300e-02 2.80502915e+00 2.00357628e+00 1.65642297e+00
  1.59761357e+00 2.06846431e-01 0.00000000e+00 1.66170251e+00
  1.31309927e+00 6.58741713e-01 8.66309166e-01 1.51743305e+00
  2.95331717e+00 2.04673862e+00 6.91881895e-01 2.94135898e-01
  5.61934352e-01 9.27813053e+00 2.24944130e-01 6.04532706e-03
  0.00000000e+00 2.70003581e+00 1.66272789e-01 1.54718685e+00
  2.09829196e-01 0.00000000e+00 4.65835238e+00 4.97598934e+00
  7.65124261e-02 7.16554832e+00 2.23540211e+00 6.80535138e-01
  3.26821733e+00 2.46806216e+00 8.32630754e-01 3.82367873e+00
  4.53933924e-01 2.10954845e-01 2.62737083e+00 3.29468369e+00
  1.54301095e+00 2.03429174e+00 0.00000000e+00 7.17078567e-01
  3.21969366e+00 1.18224013e+00 3.64847183e+00 7.58031249e-01
  5.13361979e+00 7.67263710e-01 4.07701445e+00 4.74413067e-01
  1.74836650e-01 2.78328925e-01 2.20718122e+00 2.68786877e-01]]