[[5.15643418e-01 9.51950133e-01 8.45987916e-01 2.49319389e-01
  5.19274712e-01 1.57898605e-01 5.18216133e+00 4.73412704e+00
  0.00000000e+00 5.30930042e-01 3.12537491e-01 9.99707818e-01
  2.10784626e+00 1.37439537e+00 2.98967451e-01 3.03278685e-01
  9.49029088e-01 1.50155723e+00 1.40265450e-02 2.43879771e+00
  7.50396669e-01 2.03386097e+01 3.21609795e-01 5.08133173e-01
  4.40508795e+00 1.02514572e+01 1.50255787e+00 0.00000000e+00
  1.81185037e-01 6.96712077e-01 9.68082905e-01 0.00000000e+00
  5.14733978e-02 9.25804520e+00 4.29839998e-01 0.00000000e+00
  0.00000000e+00 0.00000000e+00 2.95707393e+00 4.10147476e+00
  3.17236781e-01 1.85570478e-01 3.48031449e+00 3.89715552e+00
  2.45092487e+00 1.07492375e+00 2.58673120e+00 5.35868704e-01
  5.62381649e+00 9.92102325e-01 5.26574564e+00 2.31567669e+00
  4.11873460e-01 3.13787961e+00 2.79826260e+00 3.83026361e+00
  1.37639165e+00 4.43715763e+00 3.02616954e+00 3.34169298e-01
  1.41177386e-01 0.00000000e+00 5.32565451e+00 6.71175671e+00
  7.64756870e+00 2.87637496e+00 3.49246788e+00 1.43044603e+00
  1.94264472e-01 4.34849167e+00 2.96907616e+00 1.40989137e+00
  5.99721611e-01 8.09598255e+00 6.57437372e+00 5.53277791e-01
  1.00962150e+00 0.00000000e+00 8.42047110e-02 1.01212466e+00
  9.70440090e-01 1.96282923e+00 2.70571971e+00 1.71845257e-01
  1.73814106e+00 4.98260975e+00 2.73166466e+00 1.77775487e-01
  1.16335368e+00 5.84325194e-01 1.55277753e+00 3.46339345e+00
  2.35372138e+00 4.63124800e+00 2.59676725e-01 1.01334059e+00
  1.89882946e+00 1.02944911e+00 2.30453610e+00 6.34017527e-01
  3.26102710e+00 2.32171106e+00 8.61107922e+00 4.12599039e+00
  0.00000000e+00 1.93193138e+00 5.41796684e-01 1.05888820e+00
  3.13281454e-02 2.16467810e+00 5.79484224e-01 1.10373330e+00
  1.39102951e-01 2.16838646e+00 0.00000000e+00 1.88498127e+00
  8.97429168e-01 9.02907491e-01 6.33887911e+00 5.12535751e-01
  3.69766146e-01 6.13867417e-02 2.94657499e-01 2.66911030e+00
  8.36733162e-01 1.37445784e+00 4.61333804e-02 0.00000000e+00
  0.00000000e+00 1.16316690e+01 1.44350938e-02 8.51387857e-04
  5.12125826e+00 0.00000000e+00 0.00000000e+00 1.48425031e+00
  2.36664005e-02 2.41837755e-01 1.01970654e+01 0.00000000e+00
  4.10995007e-01 5.40218949e-01 1.36207104e+00 7.06468284e-01
  3.01580906e+00 2.28754401e+00 6.83886957e+00 2.17667890e+00
  7.06449687e-01 2.20329836e-01 1.46379793e+00 0.00000000e+00
  3.78627038e+00 2.87634045e-01 5.16045988e-01 7.74523687e+00
  4.97406304e-01 7.52008057e+00 0.00000000e+00 4.61763263e-01
  1.63505793e+00 3.60923743e+00 9.43859816e-01 3.68183327e+00
  2.10019040e+00 5.35349190e-01 1.64939746e-01 2.19843388e+00
  0.00000000e+00 6.31026149e-01 0.00000000e+00 1.34082842e+00
  1.29761477e+01 1.15987182e+00 5.65885425e-01 2.55128098e+00
  4.80607271e-01 1.36196226e-01 7.92996264e+00 5.21033943e-01
  2.66202784e+00 5.42743087e-01 2.90381908e+00 7.51415670e-01
  2.52540350e+00 3.39867115e+00 3.49158621e+00 2.52461958e+00
  8.95145416e+00 3.26958060e-01 1.20951557e+00 2.64297098e-01
  6.81375206e-01 5.16958570e+00 0.00000000e+00 4.71894860e-01
  3.73261869e-01 4.74398565e+00 4.72816706e-01 2.33578610e+00
  4.94606543e+00 8.60799909e-01 0.00000000e+00 0.00000000e+00
  3.45729947e+00 1.11427510e+00 4.25354767e+00 3.48755217e+00
  3.34000158e+00 1.63550549e+01 5.33389044e+00 2.00693393e+00
  0.00000000e+00 1.97058201e+00 1.52831781e+00 0.00000000e+00
  0.00000000e+00 5.47956645e-01 1.22731209e+00 4.11848879e+00
  5.78194237e+00 2.93042231e+00 2.65386891e+00 0.00000000e+00
  2.54880118e+00 2.76650262e+00 4.82019961e-01 3.00520152e-01
  7.57383332e-02 1.05871773e+00 5.56864619e-01 5.09496975e+00
  5.71482718e-01 7.90589809e-01 3.04084706e+00 5.03579676e-01
  3.26007195e-02 7.04523659e+00 2.25378299e+00 4.52720499e+00
  2.85506606e+00 4.71079499e-01 3.24413538e+00 2.03529978e+00
  4.34725970e-01 1.17965736e+01 7.35661173e+00 3.02004600e+00
  2.91400027e+00 1.95527732e+00 4.59576893e+00 2.25773382e+00
  0.00000000e+00 7.40361452e-01 8.62921810e+00 9.18167877e+00
  0.00000000e+00 5.56347609e+00 1.94377983e+00 1.72946870e+00
  0.00000000e+00 4.99879032e-01 3.40874523e-01 2.73170978e-01
  3.41113687e+00 5.18922210e-01 7.03048229e-01 1.44265652e+00
  2.69988799e+00 1.64970839e+00 4.58127451e+00 1.05079845e-01
  1.97870874e+00 4.39990377e+00 3.59316850e+00 2.41989449e-01
  8.53157234e+00 9.79732573e-01 1.94453478e-01 6.24903107e+00
  8.06263542e+00 3.05960178e+00 1.03431911e+01 3.29751015e+00
  4.11313343e+00 4.50900555e-01 9.96978664e+00 7.88701117e-01
  1.47704148e+00 4.44583750e+00 3.98648906e+00 4.96537238e-01
  1.29349527e+01 9.99079609e+00 3.74683309e+00 8.88587534e-03
  6.09692335e+00 1.64177990e+00 0.00000000e+00 0.00000000e+00
  2.69464183e+00 1.96828496e+00 2.12016773e+00 1.95635542e-01
  2.64057577e-01 7.69468486e-01 1.11315036e+00 1.16481948e+00
  4.12268972e+00 1.80715621e+00 2.47944283e+00 1.36190808e+00
  3.04774308e+00 0.00000000e+00 3.82320786e+00 2.17927527e+00
  1.90916383e+00 7.62681675e+00 1.63079226e+00 1.88859749e+00
  1.89519644e-01 2.00624418e+00 1.06600008e+01 0.00000000e+00
  1.68919063e+00 5.29391348e-01 5.01270294e+00 5.60746431e-01
  2.18794203e+00 1.47318184e-01 4.12754059e-01 7.53855944e+00
  2.50141591e-01 2.57509184e+00 4.06778908e+00 2.06051660e+00
  2.29256868e+00 3.42256594e+00 2.08553162e+01 5.59418058e+00
  5.83151817e-01 6.68621540e-01 3.39630991e-01 3.30440402e-01
  9.40448940e-01 1.70147705e+00 1.23238313e+00 5.80121458e-01
  5.30030906e-01 2.06046581e+00 7.80480385e-01 7.77582586e-01
  0.00000000e+00 8.41948032e+00 1.15192223e+00 9.63279977e-02
  3.22217941e-01 5.29895830e+00 1.64853930e-01 9.81096625e-01
  8.14741516e+00 0.00000000e+00 2.19850898e+00 7.94900835e-01
  7.45165873e+00 1.38353169e+00 8.66665649e+00 9.98189747e-01
  5.73596478e-01 1.30141497e+00 5.12358367e-01 1.57990682e+00
  2.73128867e+00 3.25025630e+00 9.60060358e-01 2.68378925e+00
  1.31112218e+00 1.79707479e+00 2.73326516e-01 9.56890047e-01
  1.58086812e+00 4.42109394e+00 1.40843797e+00 9.07848895e-01
  4.22588158e+00 0.00000000e+00 4.23890972e+00 0.00000000e+00
  6.50797069e-01 1.09353704e+01 4.08945465e+00 1.67679429e+00
  6.97341490e+00 2.39191318e+00 6.40880644e-01 1.60088146e+00
  0.00000000e+00 4.01784277e+00 3.43672466e+00 2.47741771e+00
  2.09902239e+00 6.17212057e+00 4.13835669e+00 2.10267711e+00
  4.61054659e+00 8.81648064e+00 8.19421649e-01 2.13107491e+00
  0.00000000e+00 3.27151358e-01 1.25248039e+00 3.17318726e+00
  0.00000000e+00 0.00000000e+00 7.72126818e+00 5.35399973e-01
  2.87287861e-01 2.81066203e+00 1.95326579e+00 0.00000000e+00
  7.48585761e-01 8.85991633e-01 4.27973700e+00 1.57001889e+00
  1.43534066e-02 1.52875856e-01 1.23904812e+00 1.83245742e+00
  3.87408994e-02 3.86142349e+00 1.28369057e+00 9.13884163e+00
  1.19619465e+01 5.04898024e+00 1.25606805e-01 3.31407142e+00
  1.52630210e+00 2.48327112e+00 8.29308605e+00 3.23679161e+00
  5.40153027e-01 3.88326049e-01 1.21483839e+00 8.14805806e-01
  0.00000000e+00 0.00000000e+00 3.62700939e+00 1.65218341e+00
  9.52826977e+00 5.38241744e-01 1.59438527e+00 2.42495704e+00
  5.01141977e+00 4.51471519e+00 2.43830705e+00 4.42748308e-01
  1.89378667e+00 1.91665542e+00 9.42760408e-01 2.58276176e+00
  3.20056963e+00 0.00000000e+00 1.11311173e+00 7.34503791e-02
  5.79869986e+00 5.59216976e-01 1.77743447e+00 7.04107940e-01
  6.21468353e+00 1.54589146e-01 2.86070019e-01 8.54976714e-01
  2.74782538e+00 9.94197083e+00 1.45985818e+00 9.72192347e-01
  1.58269495e-01 2.57077980e+00 2.12866068e-01 1.61044276e+00
  5.24801493e-01 0.00000000e+00 3.75073051e+00 6.48930788e-01
  2.76630521e+00 1.91337037e+00 4.86249161e+00 4.98230636e-01
  1.20394933e+00 1.29033709e+00 1.56586063e+00 6.50341034e+00
  8.26168835e-01 3.44326043e+00 1.82843482e+00 6.81344092e-01
  1.97676957e-01 4.81739950e+00 8.07376027e-01 2.11982203e+00
  4.38953114e+00 3.84202808e-01 2.02726150e+00 2.46005702e+00
  4.78403240e-01 1.22374125e-01 2.49356508e+00 2.02239418e+00
  1.75694799e+00 6.20686769e-01 1.88577938e+00 3.27051425e+00]]