[[1.85327739e-01 7.68616676e-01 2.05419445e+00 0.00000000e+00
  1.54452920e+00 1.65637732e-01 2.85767221e+00 0.00000000e+00
  2.73901343e+00 3.28309387e-01 2.14911819e+00 1.88595998e+00
  1.06174529e+00 7.73298860e-01 0.00000000e+00 2.94764012e-01
  2.20153570e+00 4.45411265e-01 0.00000000e+00 3.73961186e+00
  2.07655001e+00 1.24146595e+01 5.61268032e-01 1.88238668e+00
  4.23337364e+00 5.17853832e+00 1.56215191e+00 2.66421509e+00
  1.09246351e-01 2.75525928e+00 1.48358095e+00 2.51231164e-01
  1.81970835e-01 1.80277765e+00 9.22070026e-01 6.28888547e-01
  2.66212559e+00 5.06394029e-01 5.29957008e+00 1.50059509e+00
  0.00000000e+00 4.27020490e-01 3.52993464e+00 2.27884269e+00
  1.09536991e-01 3.27350140e-01 3.22619867e+00 2.44199967e+00
  7.77975464e+00 2.15102911e+00 5.32200076e-02 2.33293558e-03
  4.66768384e-01 2.30014607e-01 8.87429893e-01 6.36841202e+00
  3.07412148e+00 7.21965313e+00 2.91663241e+00 8.25867295e-01
  4.47160149e+00 2.20848012e+00 4.39490938e+00 1.01557531e+01
  1.00616492e-01 1.45245874e+00 1.26523817e+00 2.02932024e+00
  2.82719040e+00 3.74293733e+00 1.07015777e+00 6.41181421e+00
  0.00000000e+00 5.56665897e+00 3.57329822e+00 7.91270971e-01
  2.16557550e+00 1.61289930e+00 2.01999307e-01 2.33522320e+00
  1.34682715e+00 3.21215224e+00 5.05610418e+00 0.00000000e+00
  1.25635080e+01 2.84414291e+00 0.00000000e+00 3.53869587e-01
  7.22838879e+00 1.80635667e+00 7.37485313e+00 7.31666517e+00
  8.10055256e-01 6.05972290e+00 1.50335944e+00 1.42271444e-01
  2.12239051e+00 2.31109524e+00 5.53717852e+00 5.37975073e+00
  6.80969834e-01 1.51097262e+00 1.85500979e+00 7.37020254e+00
  0.00000000e+00 6.43901157e+00 3.25784795e-02 5.54725826e-01
  1.04221547e+00 3.57471180e+00 6.45390034e+00 2.14162254e+00
  4.45712775e-01 9.21611214e+00 1.98439419e+00 1.95098743e-01
  3.23919511e+00 2.07632017e+00 8.16826299e-02 7.30083525e-01
  6.17784023e-01 2.21033052e-01 4.23791170e-01 1.34093494e+01
  1.40124619e+00 2.08783865e+00 1.85026288e+00 2.26322442e-01
  2.21444464e+00 9.82956123e+00 2.05114150e+00 2.63564959e-02
  1.59966278e+00 1.98119417e-01 8.43443274e-01 2.28787041e+00
  1.45158994e+00 2.65394783e+00 1.01863742e+00 6.40664625e+00
  4.14630145e-01 2.00397635e+00 5.45260668e+00 3.08612967e+00
  1.20477896e+01 0.00000000e+00 3.51842546e+00 4.39735241e-02
  5.46251357e-01 1.10820822e-01 7.97132349e+00 4.40030050e+00
  1.95350659e+00 2.20732594e+00 3.03101987e-01 3.74483466e+00
  8.94347847e-01 0.00000000e+00 0.00000000e+00 8.61898601e-01
  0.00000000e+00 2.02924180e+00 1.97635198e+00 9.94161516e-02
  3.05585599e+00 5.31704235e+00 3.99602801e-01 9.31391180e-01
  2.39749718e+00 2.67719245e+00 7.66480732e+00 1.32655472e-01
  3.73833823e+00 7.77230406e+00 2.23117661e+00 6.76912260e+00
  1.56289315e+00 4.44330752e-01 4.08175421e+00 5.07513666e+00
  4.46374387e-01 5.71272314e-01 2.48452568e+00 2.15941429e+00
  1.03809059e+00 1.43863723e-01 1.10925045e+01 4.60370749e-01
  1.17830133e+00 2.48986166e-02 4.70332623e+00 2.95021713e-01
  4.72394800e+00 5.60662460e+00 7.69416630e-01 3.95804214e+00
  1.44051567e-01 0.00000000e+00 1.26462710e+00 2.46916756e-01
  7.59432733e-01 5.77366471e-01 1.51470840e+00 7.69035482e+00
  9.74126875e-01 2.02642655e+00 6.28251076e+00 7.56727457e-02
  4.04631168e-01 2.49614692e+00 4.72995472e+00 2.20070791e+00
  2.56121844e-01 3.08997512e+00 1.12219408e-01 5.00342064e-03
  2.03654146e+00 2.47119069e+00 1.02321231e+00 1.73820102e+00
  1.48808494e-01 2.04102683e+00 4.81050611e-01 2.41931629e+00
  2.36841977e-01 3.73543799e-01 0.00000000e+00 2.22909212e+00
  5.44069111e-01 2.81298327e+00 2.61956477e+00 3.50340307e-01
  1.78406227e+00 1.42382728e-02 5.06115019e-01 1.68848658e+00
  9.97057319e-01 3.01993322e+00 1.28005290e+00 4.79180396e-01
  1.78611362e+00 4.40531254e+00 4.46622801e+00 8.61669600e-01
  1.35959163e-01 2.46473479e+00 5.65442324e+00 7.81356514e-01
  7.77417958e-01 3.25670862e+00 4.21913719e+00 1.18236220e+00
  4.25084496e+00 8.13097835e-01 3.92469788e+00 6.36009157e-01
  4.86397654e-01 3.81022811e+00 6.06346309e-01 5.48399031e-01
  7.80128658e-01 0.00000000e+00 8.48553717e-01 6.54507589e+00
  2.33644581e+00 6.43251324e+00 1.80990204e-01 4.10103893e+00
  8.63396072e+00 8.02542865e-01 3.25413108e+00 1.23957932e-01
  2.33763433e+00 8.07198143e+00 2.65266585e+00 9.76239562e-01
  9.62013435e+00 5.95196545e-01 8.13769341e-01 1.43190920e+00
  6.27664375e+00 8.99738026e+00 9.04158974e+00 2.49987030e+00
  1.36629450e+00 0.00000000e+00 1.77190590e+00 5.08798790e+00
  3.81760430e+00 8.75772893e-01 1.06615052e-02 2.49503255e+00
  2.06347585e+00 3.31768900e-01 4.52954197e+00 3.10552168e+00
  1.61156428e+00 1.92351830e+00 1.73362947e+00 9.76554692e-01
  1.09874220e+01 7.54514396e-01 6.78534269e+00 1.48208691e-02
  8.36922705e-01 3.22075820e+00 6.05270505e-01 3.82359028e-01
  6.56635046e-01 3.78098965e-01 4.68912601e+00 3.30802679e-01
  1.27392733e+00 3.37956977e+00 1.81961608e+00 1.65187371e+00
  2.18536663e+00 6.44447565e+00 2.34898400e+00 2.70581484e-01
  3.89244944e-01 5.28251076e+00 4.01449502e-01 1.53031099e+00
  9.56244946e-01 3.32992744e+00 9.58119774e+00 1.03419945e-01
  0.00000000e+00 1.56973028e+00 3.56935000e+00 1.41596925e+00
  2.57603121e+00 7.65276480e+00 1.03625622e+01 3.28288138e-01
  1.93184048e-01 3.67829585e+00 8.37002468e+00 4.79537916e+00
  8.47491801e-01 3.30664945e+00 1.23524332e+00 2.35776663e+00
  9.62360799e-01 1.09479773e+00 2.07137775e+00 2.68319583e+00
  1.40404356e+00 4.48011827e+00 1.96372837e-01 6.09714806e-01
  1.57412171e+00 1.19080544e-01 2.98415017e+00 1.77947330e+00
  2.51042747e+00 7.00830030e+00 2.12187886e+00 1.09753454e+00
  1.38237083e+00 6.97489381e-01 5.43027163e+00 2.34204936e+00
  2.11844325e+00 1.80879712e+00 2.79670334e+01 3.38413976e-02
  7.57562995e-01 6.72981405e+00 5.80167055e-01 0.00000000e+00
  7.29963636e+00 2.07389951e+00 9.21242952e-01 1.94254851e+00
  3.80552912e+00 1.09562182e+00 2.34716088e-01 3.16390061e+00
  4.49717569e+00 7.77588701e+00 9.51538682e-01 1.33157957e+00
  1.19205513e+01 2.69317597e-01 9.03145313e-01 4.83070388e-02
  1.52186584e+00 7.91949451e-01 5.01473475e+00 2.35077119e+00
  2.95067787e+00 3.26520860e-01 1.27115083e+00 1.22109520e+00
  1.95533097e+00 3.58939219e+00 3.64132595e+00 1.24987209e+00
  1.44763649e+00 1.19759245e+01 8.40617120e-01 3.92715359e+00
  2.49009275e+00 4.16031837e+00 1.02170062e+00 2.59637117e-01
  1.13513088e+00 4.50139618e+00 4.17682028e+00 1.13552129e+00
  0.00000000e+00 1.24645674e+00 1.05912924e+00 1.64349663e+00
  1.59481370e+00 2.77101016e+00 1.26131189e+00 4.35752630e-01
  0.00000000e+00 2.44356060e+00 4.14583743e-01 2.93941045e+00
  2.39568830e+00 0.00000000e+00 1.27438188e+00 9.90137398e-01
  1.02646554e+00 1.73818600e+00 5.28809881e+00 4.02818680e+00
  1.45639496e+01 1.43157804e+00 1.17617559e+00 1.60545444e+00
  1.38125002e+00 2.90539205e-01 4.48232412e+00 2.61495137e+00
  1.92969656e+00 4.92519468e-01 4.39067721e-01 1.21799302e+00
  2.88490921e-01 2.80688763e+00 1.71163619e+00 1.35987961e+00
  8.64632607e-01 0.00000000e+00 7.62773609e+00 2.43853545e+00
  1.25162363e+00 1.96317840e+00 2.07622170e+00 6.32101744e-02
  5.21764183e+00 6.34725523e+00 0.00000000e+00 1.91387939e+00
  4.65432596e+00 6.62997603e-01 5.40823817e-01 0.00000000e+00
  0.00000000e+00 6.29979253e-01 2.70292699e-01 6.87633753e-01
  6.25613809e-01 4.33273226e-01 1.44178599e-01 1.10783768e+00
  1.05537558e+01 4.24581528e+00 3.34743547e+00 0.00000000e+00
  8.50583434e-01 3.94125372e-01 2.13565111e+00 4.97204828e+00
  5.20945907e-01 0.00000000e+00 9.12421167e-01 4.30771828e+00
  0.00000000e+00 5.45399070e-01 3.99585247e+00 5.85725248e-01
  5.37276626e-01 7.99081981e-01 2.11447358e+00 1.36118209e+00
  2.05577707e+00 1.46142855e+01 1.46381140e+00 3.66357493e+00
  6.13523769e+00 1.55366278e+00 4.14700174e+00 5.53573787e-01
  1.00945129e+01 1.22698031e-01 3.13012671e+00 1.47447705e+00
  5.52680826e+00 2.98852420e+00 7.45179272e+00 1.75442791e+00
  1.60390925e+00 4.91402298e-02 1.27568948e+00 0.00000000e+00]]