[[4.16637945e+00 4.30048180e+00 0.00000000e+00 9.62100551e-02
  0.00000000e+00 6.30164564e-01 1.86456561e+00 2.07172990e+00
  0.00000000e+00 9.31914508e-01 5.93449736e+00 5.82856846e+00
  4.81162012e-01 2.29448910e+01 0.00000000e+00 4.67923212e+00
  2.06676912e+00 1.15593694e-01 2.28241801e+00 6.39652252e+00
  6.52879298e-01 7.92639732e+00 3.49681646e-01 7.76784539e-01
  2.64521986e-01 5.43524837e+00 2.79247254e-01 3.51063758e-01
  3.09877419e+00 0.00000000e+00 4.32055891e-02 2.75587410e-01
  7.90680552e+00 9.33024824e-01 2.14503556e-01 6.80892110e-01
  3.20779181e+00 0.00000000e+00 2.31175518e+00 1.06717491e+00
  4.86912310e-01 1.24381733e+00 1.73858523e+00 3.06505871e+00
  2.55718398e+00 7.74170876e-01 6.39763784e+00 9.58256054e+00
  6.57821894e+00 1.23148632e+00 1.30985662e-01 4.77283859e+00
  8.31091106e-01 7.43334389e+00 5.77389383e+00 2.78314304e+00
  6.47477806e-01 8.91250038e+00 8.40983331e-01 9.02041644e-02
  3.04007912e+00 5.01436651e-01 8.85673141e+00 2.15619946e+00
  1.34003055e+00 5.84617233e+00 4.83297467e-01 2.04734564e+00
  2.72897243e-01 5.98891783e+00 2.39251423e+00 2.35975847e-01
  4.92749512e-01 1.89689064e+01 1.91478872e+00 7.35632002e-01
  1.39326110e-01 1.87721793e-02 9.30501175e+00 1.04367256e+00
  0.00000000e+00 5.73729992e+00 7.96729898e+00 2.83951014e-01
  5.58854437e+00 4.05425167e+00 2.32585812e+00 1.79158139e+00
  1.58101177e+00 2.05082521e-01 1.15338373e+01 0.00000000e+00
  0.00000000e+00 4.23740387e+00 4.84846354e+00 0.00000000e+00
  6.06452584e-01 6.25726080e+00 3.46433544e+00 7.64300966e+00
  3.10636616e+00 4.01363897e+00 2.55918920e-01 2.66719365e+00
  0.00000000e+00 1.11705542e+00 1.95622015e+00 2.01062250e+00
  2.54841387e-01 2.16151404e+00 6.92273498e-01 4.88325024e+00
  0.00000000e+00 2.26388812e+00 1.91215217e+00 3.04727674e-01
  8.60166073e+00 2.80860281e+00 3.59506869e+00 5.79985380e-01
  2.60524416e+00 1.74526072e+00 9.44073439e-01 9.18425369e+00
  2.25963640e+00 5.36534500e+00 3.11344475e-01 0.00000000e+00
  1.51732802e-01 1.36989231e+01 4.66650343e+00 1.08387947e+01
  1.47692804e+01 1.68996942e+00 0.00000000e+00 2.88996506e+00
  2.62547314e-01 2.86943460e+00 7.25825977e+00 4.53778172e+00
  3.69296169e+00 2.20324540e+00 2.18949944e-01 1.24171436e+00
  5.79824626e-01 0.00000000e+00 1.28234744e+00 1.98188066e+00
  2.73775309e-01 4.34158325e-01 2.20967218e-01 4.50461477e-01
  4.22900152e+00 8.99025276e-02 1.64212322e+00 2.12584066e+00
  2.24485350e+00 2.40910006e+00 4.28657007e+00 1.41983783e+00
  1.80281842e+00 9.99201679e+00 3.56411982e+00 1.82077730e+00
  2.90401006e+00 2.17254519e+00 1.05689788e+00 1.34655774e+00
  8.94864500e-02 0.00000000e+00 1.55176118e-01 1.96933019e+00
  5.98191166e+00 1.83205152e+00 1.53009379e+00 1.18916392e-01
  1.58305466e+00 1.50062346e+00 2.55581141e+00 6.03081882e-01
  7.85642719e+00 3.19917417e+00 1.05654085e+00 2.38539457e+00
  1.18795204e+00 1.23630023e+00 7.99421978e+00 2.09178042e+00
  9.19071972e-01 4.69776821e+00 5.12304497e+00 3.67475808e-01
  6.54784620e-01 1.68620813e+00 1.99207693e-01 0.00000000e+00
  3.10899997e+00 3.48662734e+00 0.00000000e+00 4.31692410e+00
  1.27168620e+00 3.23985410e+00 3.58010435e+00 3.02449012e+00
  6.03952074e+00 2.11746883e+00 2.24102402e+00 2.12793207e+00
  9.69360650e-01 3.21696687e+00 2.81963587e+00 2.79896021e+00
  1.05414614e-01 1.64086604e+00 3.03020525e+00 2.36719060e+00
  0.00000000e+00 0.00000000e+00 8.36990297e-01 5.33529401e-01
  3.95565796e+00 1.21873534e+00 5.75784683e+00 6.32744670e-01
  2.82050371e+00 2.71463943e+00 9.64580953e-01 5.01648045e+00
  2.65682411e+00 2.67241311e+00 4.68949556e+00 5.54248381e+00
  5.56345224e+00 2.99238525e-02 6.79292798e-01 9.33052003e-01
  1.92020679e+00 5.48116493e+00 1.18786211e+01 2.97147770e+01
  8.41463470e+00 2.31014758e-01 6.19462919e+00 7.73452330e+00
  6.22142732e-01 1.17784386e+01 7.52601862e+00 1.76174808e+00
  6.53012812e-01 1.35355616e+00 9.72820663e+00 2.29541540e-01
  3.63118267e+00 5.32969999e+00 5.75365067e+00 2.44053006e-01
  4.60871726e-01 1.58924210e+00 3.39684772e+00 6.92498088e-01
  1.94866508e-01 1.14553440e+00 2.06443000e+00 0.00000000e+00
  3.13880730e+00 0.00000000e+00 1.24085736e+00 2.31674790e+00
  1.01719303e+01 1.63679516e+00 1.49800766e+00 0.00000000e+00
  5.11541796e+00 3.79329324e+00 5.85285091e+00 5.33109570e+00
  1.27422247e+01 3.33139926e-01 0.00000000e+00 4.10469198e+00
  1.08994093e+01 2.41493392e+00 1.57278118e+01 3.02837014e+00
  2.34835005e+00 1.29985780e-01 6.50296164e+00 3.82975125e+00
  1.77611232e+00 2.28244036e-01 9.17508006e-01 2.65624809e+00
  3.51353621e+00 1.17602253e+00 2.93431377e+00 7.16706932e-01
  2.36016917e+00 1.02531314e+00 1.04252362e+00 6.12056553e-02
  4.63702343e-02 5.01421070e+00 7.20787191e+00 0.00000000e+00
  2.73018289e+00 1.33797204e+00 1.56028479e-01 9.86459017e-01
  5.35236299e-01 1.15499258e+00 2.36821222e+00 6.70642078e-01
  2.51373219e+00 7.27841973e-01 2.45233798e+00 0.00000000e+00
  2.57755947e+00 1.44522734e+01 6.01727724e-01 6.45560801e-01
  1.36787248e+00 3.81550097e+00 7.63238907e+00 1.27989864e+00
  1.07143807e+00 3.39404762e-01 8.70342827e+00 1.35707960e-01
  8.69124603e+00 3.32693982e+00 1.66102147e+00 8.21093655e+00
  3.97178560e-01 1.61752725e+00 2.17036605e+00 6.75730324e+00
  3.79699945e+00 8.97958183e+00 1.00747719e+01 2.51898313e+00
  1.24954927e+00 3.32189836e-02 9.01504815e-01 3.71000600e+00
  3.66935819e-01 5.76834321e-01 1.44025898e+00 1.55589625e-01
  2.48152241e-01 7.00882375e-01 3.68091464e+00 9.66757163e-02
  0.00000000e+00 4.41982865e-01 5.49155903e+00 4.94242311e-01
  2.51168191e-01 1.01362505e+01 1.09159822e+01 3.24456573e-01
  7.38716602e-01 0.00000000e+00 1.37840390e+00 6.55356497e-02
  5.59105778e+00 1.16213541e+01 3.38514423e+00 1.64901924e+00
  9.58290577e-01 2.87708449e+00 2.18791986e+00 6.77883673e+00
  3.64663005e+00 0.00000000e+00 3.15791154e+00 1.92706203e+00
  1.89047551e+00 3.49058294e+00 0.00000000e+00 2.99271464e+00
  9.12084675e+00 2.60367703e+00 1.42986810e+00 1.91456854e+00
  3.38513851e-01 8.75745595e-01 8.73507500e-01 2.92941742e-02
  7.97634935e+00 1.79840729e-01 2.57267207e-01 2.95786762e+00
  1.34424269e+00 3.42773724e+00 2.82296252e+00 1.07320035e+00
  4.48322868e+00 1.38995796e-01 6.77161598e+00 9.50108111e-01
  3.27391171e+00 1.80903506e+00 4.99859762e+00 6.93701029e+00
  1.42584772e+01 4.20040655e+00 8.08104932e-01 9.97778893e+00
  0.00000000e+00 8.68472278e-01 1.12013543e+00 1.96176410e-01
  5.47421277e-01 1.71667993e-01 8.10647488e+00 1.17098069e+00
  0.00000000e+00 1.66796970e+00 4.32477427e+00 4.47709486e-03
  3.96913743e+00 2.50832343e+00 6.34840679e+00 1.11410723e+01
  1.76232266e+00 2.03294325e+00 2.74851823e+00 3.91668391e+00
  3.18043083e-01 3.07067537e+00 3.49127579e+00 6.75722408e+00
  1.31688433e+01 1.49462986e+00 1.93450987e+00 7.11101723e+00
  7.36252308e-01 4.11462879e+00 1.13992393e+00 1.08888674e+00
  6.06105439e-02 0.00000000e+00 1.27610135e+00 0.00000000e+00
  2.98383713e+00 1.12133227e-01 6.75995445e+00 7.85988152e-01
  8.15967083e+00 5.88724709e+00 5.14369369e-01 5.95662832e+00
  4.87160730e+00 5.12341881e+00 1.48676085e+00 0.00000000e+00
  8.69737816e+00 2.04039335e+00 4.07265455e-01 5.54783058e+00
  1.93727481e+00 2.86315227e+00 6.60844613e-03 4.09072265e-02
  5.54496408e-01 1.12523174e+00 1.73579291e-01 4.98201227e+00
  1.64249363e+01 4.42450732e-01 1.50905979e+00 3.25819373e+00
  3.44931073e-02 1.97718163e+01 7.73950434e+00 3.66707087e-01
  8.52190197e-01 3.28551149e+00 2.25410476e-01 3.38754249e+00
  0.00000000e+00 3.06041908e+01 9.25597623e-02 1.50772047e+00
  2.50334525e+00 0.00000000e+00 1.06596136e+00 1.81876168e-01
  2.94683957e+00 1.66094494e+00 5.56518078e+00 2.93996167e+00
  7.39160836e-01 2.59579754e+00 6.20587921e+00 3.05325007e+00
  1.50519145e+00 7.83023214e+00 9.61072981e-01 7.00937152e-01
  5.35978985e+00 3.50601971e-01 1.63114414e-01 0.00000000e+00
  8.42256069e-01 1.77405226e+00 6.05857611e+00 5.25765046e-02
  3.40113425e+00 8.80719423e-01 5.10052204e+00 4.11062193e+00]]