[[3.38804102e+00 3.88269615e+00 7.55767643e-01 4.55105364e-01
  1.10469377e+00 6.11322498e+00 4.40391445e+00 0.00000000e+00
  0.00000000e+00 0.00000000e+00 9.67127228e+00 2.68820167e+00
  3.67653108e+00 9.41604424e+00 1.67906153e+00 9.35481930e+00
  3.73796314e-01 6.29207313e-01 1.65914237e+00 2.13865495e+00
  1.03163052e+00 6.48778105e+00 1.52450764e+00 2.50804052e-02
  1.53310609e+00 4.81587982e+00 0.00000000e+00 1.20494318e+00
  7.02763033e+00 3.93267758e-02 4.17155296e-01 6.22734666e-01
  5.53077984e+00 4.70156193e+00 4.88575757e-01 1.98354173e+00
  1.63502061e+00 0.00000000e+00 3.39798665e+00 1.41063774e+00
  2.32657838e+00 0.00000000e+00 4.43585753e-01 4.12229443e+00
  0.00000000e+00 6.39940119e+00 3.36754370e+00 4.40288782e+00
  1.69049633e+00 1.03106773e+00 1.27224818e-01 3.25608349e+00
  0.00000000e+00 8.67007828e+00 3.91124678e+00 3.12062001e+00
  1.63313043e+00 8.67303944e+00 1.03208505e-01 3.35658491e-01
  5.53273582e+00 1.06535709e+00 1.16083488e+01 1.86960351e+00
  1.45678973e+00 5.93392563e+00 3.04488516e+00 1.97162938e+00
  2.14311457e+00 4.91336346e+00 6.52850342e+00 3.70707178e+00
  0.00000000e+00 1.91690998e+01 3.17303634e+00 4.88843632e+00
  2.23263931e+00 2.02460051e-01 5.45416355e-01 4.31271982e+00
  3.61828494e+00 1.20591724e+00 8.95721531e+00 3.62255007e-01
  7.96268368e+00 3.56790566e+00 8.84355068e-01 3.02898431e+00
  6.07086234e-02 7.03245178e-02 1.23660984e+01 2.13202596e+00
  6.10946059e-01 2.45052004e+00 5.74438620e+00 2.22691223e-02
  1.27826321e+00 3.15968227e+00 4.69785452e+00 4.36247635e+00
  1.18254960e+00 2.93890619e+00 1.65151834e+00 5.71561432e+00
  1.24323595e+00 4.18056870e+00 1.41006434e+00 2.20783067e+00
  1.68860590e+00 5.04503965e-01 1.40659285e+00 1.32249796e+00
  1.21087909e+00 7.38256598e+00 2.13793874e-01 4.45696294e-01
  8.92889690e+00 4.04173374e+00 5.25288010e+00 1.07196820e+00
  5.38846302e+00 6.26287341e-01 5.95988989e-01 7.95873451e+00
  5.45902634e+00 6.96373558e+00 3.74311864e-01 0.00000000e+00
  2.19070926e-01 2.23260174e+01 3.09642315e+00 3.96554756e+00
  8.64828205e+00 2.99038625e+00 9.87206459e-01 1.19862556e+00
  1.06051373e+00 1.97612619e+00 5.87683773e+00 8.18190193e+00
  1.07229090e+00 2.78579187e+00 8.05296063e-01 4.33919191e+00
  4.41515625e-01 5.36763310e-01 6.92464876e+00 4.66564707e-02
  9.24410284e-01 4.05934393e-01 1.18336189e+00 1.33879769e+00
  5.65435457e+00 6.34639025e-01 7.61709392e-01 3.42773223e+00
  8.32484913e+00 1.25246155e+00 6.69912755e-01 7.28278637e+00
  3.30780447e-01 6.18969154e+00 4.75396347e+00 1.20346713e+00
  9.43056488e+00 2.89733815e+00 2.85586149e-01 2.30253959e+00
  5.39191999e-02 8.28621387e-01 1.11504240e+01 1.75725567e+00
  1.41622472e+00 4.15448761e+00 2.79714537e+00 5.66152096e-01
  4.06649619e-01 1.50400710e+00 5.93665791e+00 5.21020460e+00
  4.26004362e+00 2.07312599e-01 6.54160023e+00 2.87837791e+00
  9.96443927e-01 1.72852576e+00 3.11389971e+00 3.37428355e+00
  5.27656436e-01 3.40475655e+00 5.25316381e+00 7.05008209e-02
  2.51679063e-01 7.94866562e+00 9.20446217e-01 1.04746926e+00
  5.85239697e+00 1.57774949e+00 3.32767916e+00 2.42963314e+00
  5.24415910e-01 2.30785894e+00 1.30270946e+00 3.31860685e+00
  6.09979582e+00 1.37355697e+00 3.31143808e+00 2.87855911e+00
  4.70241249e-01 1.18030720e+01 1.79092646e+00 2.30051351e+00
  8.27101097e-02 1.07302094e+00 1.58890295e+00 7.49751866e-01
  1.64668083e+00 2.02037007e-01 2.32624984e+00 5.31761503e+00
  3.47339082e+00 3.08917546e+00 1.96878731e+00 1.28094566e+00
  3.04536223e+00 2.95594096e+00 2.90436408e-04 9.15119424e-02
  2.05928493e+00 1.60070360e+00 6.97019243e+00 1.53375340e+00
  3.47763848e+00 3.07626694e-01 3.34270120e+00 2.18950891e+00
  2.60851312e+00 8.51854610e+00 8.26745892e+00 7.03973114e-01
  4.70101058e-01 2.41927907e-01 2.86447453e+00 2.27699685e+00
  1.44544935e+00 1.03694601e+01 1.07795134e+01 2.78151274e+00
  1.03556418e+00 1.46178097e-01 1.26714764e+01 5.08231306e+00
  1.62429893e+00 1.29138505e+00 5.68820000e+00 2.15276456e+00
  4.75309849e+00 9.67847466e-01 8.70573807e+00 1.45829558e+00
  1.28551617e-01 8.69770110e-01 0.00000000e+00 5.18179119e-01
  8.96401882e+00 4.91351604e-01 8.03936839e-01 3.08706260e+00
  9.68424511e+00 1.14652717e+00 2.28898025e+00 4.40763265e-01
  1.13173997e+00 1.13621438e+00 3.50358081e+00 3.33307838e+00
  5.30105782e+00 2.77762711e-01 2.97848850e-01 5.99988413e+00
  4.89471102e+00 1.04274249e+00 1.13810349e+01 7.90131903e+00
  1.76636350e+00 0.00000000e+00 2.79419017e+00 2.02694678e+00
  3.40340757e+00 1.35083294e+00 1.35243881e+00 3.56773806e+00
  3.60941410e-01 8.86127770e-01 5.41012001e+00 2.39837623e+00
  6.59858525e-01 6.68188214e-01 1.78611183e+00 0.00000000e+00
  9.47796643e-01 7.27307367e+00 2.37337017e+00 5.88004887e-01
  8.65064919e-01 5.91689014e+00 8.97780776e-01 8.27099085e-01
  8.58958185e-01 0.00000000e+00 2.47742295e+00 1.05679202e+00
  1.56915176e+00 2.96951079e+00 1.00879221e+01 1.81797594e-01
  6.83496141e+00 9.16548252e+00 1.25897312e+00 2.55959654e+00
  3.44863486e+00 2.08573961e+00 7.45151377e+00 2.93471813e+00
  6.59347773e-01 6.79209456e-02 1.06616259e+01 0.00000000e+00
  3.76356435e+00 2.45408916e+00 1.54680654e-01 6.81540585e+00
  1.82434046e+00 3.18457508e+00 2.66875792e+00 5.70398188e+00
  4.50547552e+00 6.00415802e+00 2.18362541e+01 3.12259936e+00
  2.41828847e+00 1.38155282e+00 5.07966518e-01 3.93047619e+00
  3.91775131e+00 2.72180080e+00 1.59681547e+00 9.80948567e-01
  1.90235531e+00 4.23638701e-01 1.31970155e+00 4.52021539e-01
  2.34230733e+00 2.83266926e+00 1.45404661e+00 0.00000000e+00
  2.48510740e-03 1.48662071e+01 2.28147054e+00 1.82203007e+00
  3.55306911e+00 0.00000000e+00 2.85614610e+00 3.23336816e+00
  4.62101650e+00 5.68886089e+00 1.14446793e+01 4.79844809e+00
  7.29487777e-01 6.05007982e+00 5.85729599e+00 1.68657994e+00
  4.98251057e+00 2.00751877e+00 7.09955311e+00 6.82218456e+00
  5.76378465e-01 4.84534788e+00 2.25563073e+00 9.67298698e+00
  6.12564754e+00 5.14984608e+00 2.15928149e+00 5.89388311e-01
  1.13164949e+00 3.17747211e+00 2.01811075e+00 5.32056510e-01
  2.18521333e+00 4.52398443e+00 2.25698280e+00 6.31050587e+00
  7.43681133e-01 1.06071301e+01 2.14133215e+00 1.70762062e+00
  8.15288734e+00 4.33459282e+00 1.84125257e+00 1.08818151e-01
  3.68198442e+00 3.59312820e+00 6.50559044e+00 1.03075590e+01
  3.45989108e+00 5.50478506e+00 2.50854611e+00 6.16060555e-01
  5.45068216e+00 1.30648792e+00 3.22833228e+00 4.04420376e+00
  2.05836162e-01 3.54922962e+00 3.58278060e+00 4.06607389e+00
  6.63397670e-01 1.51171237e-01 2.20218033e-01 1.57591259e+00
  4.13886642e+00 2.74324679e+00 1.36101887e-01 6.57107401e+00
  1.89645600e+00 4.03152609e+00 6.47579718e+00 6.94354248e+00
  2.42301750e+00 4.24750239e-01 2.35892749e+00 4.19142723e+00
  1.24960842e+01 1.94962525e+00 1.20803273e+00 9.06878662e+00
  9.59870160e-01 3.39059949e+00 3.61166573e+00 2.31744811e-01
  0.00000000e+00 3.73615235e-01 5.46815515e-01 2.15700436e+00
  3.58298755e+00 0.00000000e+00 4.05012035e+00 3.75595570e-01
  3.65836787e+00 2.82120442e+00 7.20661402e-01 2.31951880e+00
  5.74553299e+00 3.19605589e+00 3.21257710e+00 1.08700022e-01
  3.33539915e+00 6.12730122e+00 1.02181520e+01 2.67157149e+00
  1.67038774e+00 1.27581549e+00 4.50629890e-01 1.07391989e+00
  6.61259115e-01 1.00099242e+00 2.31923684e-01 3.23846531e+00
  1.03377190e+01 2.46518064e+00 4.91048956e+00 2.18058896e+00
  1.18083763e+00 7.84750938e+00 2.30305171e+00 4.54377794e+00
  2.56570148e+00 1.93163812e+00 3.28617364e-01 4.01267147e+00
  1.81906688e+00 8.19838166e-01 7.84546733e-01 2.03311324e+00
  0.00000000e+00 8.76662493e-01 4.94263601e+00 4.84930694e-01
  1.84323180e+00 5.39733469e-01 7.47685194e+00 1.00208767e-01
  7.50749767e-01 3.44138718e+00 5.03374279e-01 4.83104897e+00
  3.86885858e+00 3.74772549e+00 2.44109583e+00 3.36103988e+00
  4.43197250e+00 1.19220221e+00 7.25005436e+00 1.03700626e+00
  5.24744272e+00 3.13451242e+00 4.45037079e+00 5.50959706e-01
  1.88113973e-01 9.00146782e-01 6.16193771e+00 1.80158901e+00]]