[[1.96337044e+00 3.50744748e+00 0.00000000e+00 1.42696321e-01
  9.11880970e+00 8.82658577e+00 3.04891753e+00 8.12900662e-02
  1.70310163e+00 1.58513749e+00 1.58928120e+00 1.55307519e+00
  2.10450768e+00 4.00057602e+00 0.00000000e+00 1.13697422e+00
  4.84919026e-02 4.05250698e-01 7.34855905e-02 8.98265362e+00
  1.98232305e+00 1.28511724e+01 2.65888596e+00 3.32783461e-01
  6.76841915e-01 1.06600657e+01 7.37705231e-01 1.17878616e+00
  9.44781542e-01 0.00000000e+00 1.97955847e+00 0.00000000e+00
  2.48502016e+00 6.14390087e+00 8.87154460e-01 1.43133736e+00
  6.02181005e+00 2.55086005e-01 2.47014642e+00 2.27461696e+00
  2.43711233e+00 2.32051715e-01 4.24538755e+00 5.12893105e+00
  6.29957765e-02 9.48932707e-01 1.07216549e+00 4.57776546e+00
  4.21530485e+00 3.82082492e-01 1.11607637e+01 2.00851703e+00
  1.68794453e+00 3.09762299e-01 5.01506376e+00 9.31612432e-01
  2.58240652e+00 1.89629054e+00 1.40237033e+00 2.54467630e+00
  5.75344086e+00 3.53819191e-01 7.61921120e+00 5.52804327e+00
  2.90335476e-01 2.52299142e+00 4.34893608e+00 1.12811160e+00
  1.24264467e+00 2.19254875e+00 6.24679899e+00 6.31117702e-01
  1.21173806e-01 5.44718218e+00 1.49643767e+00 4.25106287e+00
  2.72921681e+00 2.51660132e+00 2.16762781e-01 5.59116888e+00
  2.82746243e+00 1.26483738e+00 3.92900491e+00 5.06135784e-02
  1.50345349e+00 4.35955667e+00 3.71846342e+00 1.93743539e+00
  2.33663869e+00 1.45216334e+00 3.74128246e+00 7.78783035e+00
  1.03933597e+00 1.57403600e+00 4.03112936e+00 1.34705558e-01
  1.39934647e+00 6.00434840e-01 1.09922662e-01 3.28748775e+00
  6.64480090e-01 5.38039744e-01 3.15577364e+00 8.10559177e+00
  0.00000000e+00 1.61652291e+00 2.69903261e-02 7.33086705e-01
  2.71776374e-02 3.43857813e+00 6.22536302e-01 2.67224360e+00
  4.94447827e-01 7.61999893e+00 5.87116480e-01 8.87179840e-03
  7.29220104e+00 4.99908715e-01 2.22054529e+00 2.59524727e+00
  8.17590654e-01 0.00000000e+00 4.58300859e-03 4.93126678e+00
  2.15416050e+00 3.41300058e+00 0.00000000e+00 2.27609463e-02
  4.84620285e+00 8.81666946e+00 2.39844251e+00 9.35570359e-01
  5.76003551e+00 0.00000000e+00 2.21091628e+00 1.62988532e+00
  1.05578423e+00 1.62225103e+00 3.35228443e+00 1.51873989e+01
  2.08559737e-01 1.32754505e+00 1.14390504e+00 8.91014278e-01
  3.72206807e+00 1.85668170e+00 3.81449986e+00 5.29380627e-02
  2.80912495e+00 2.82157302e-01 1.87089539e+00 1.68180954e+00
  1.07108223e+00 0.00000000e+00 6.37122095e-01 0.00000000e+00
  1.05088577e-01 3.20172524e+00 3.97062969e+00 9.44889903e-01
  2.35852242e-01 2.52690864e+00 2.67128277e+00 1.00340724e+00
  3.03944087e+00 2.45007658e+00 8.49713683e-02 6.37409306e+00
  0.00000000e+00 1.35903633e+00 4.57195568e+00 9.59131643e-02
  1.40535533e+00 2.23533511e+00 9.92932692e-02 1.01564288e+00
  2.93983126e+00 5.70731144e-03 2.97761416e+00 8.41939259e+00
  1.92734683e+00 2.58285999e+00 5.11046791e+00 5.92106640e-01
  5.92504144e-01 3.37170815e+00 4.54995966e+00 1.15967262e+00
  4.09868383e+00 1.00482380e+00 5.37838411e+00 0.00000000e+00
  3.44865382e-01 9.01397133e+00 8.12386811e-01 1.86899269e+00
  2.32875443e+00 3.92015755e-01 2.17223600e-01 0.00000000e+00
  1.34301281e+00 0.00000000e+00 1.20439994e+00 1.28654540e+00
  8.93262672e+00 2.18805099e+00 2.04528475e+00 3.37189746e+00
  6.35898411e-01 1.83325596e+01 5.88998604e+00 3.88293958e+00
  1.19643939e+00 1.35012448e+00 5.14457166e-01 1.77026844e+00
  1.29159391e+00 1.61749637e+00 3.00836062e+00 3.10841370e+00
  1.83164215e+00 5.43439722e+00 1.51343620e+00 1.18355477e+00
  0.00000000e+00 1.52685130e+00 2.59016371e+00 2.19025660e+00
  5.60558891e+00 2.47827291e+00 2.02061486e+00 1.13751137e+00
  4.79928292e-02 1.43970633e+00 2.14225960e+00 4.03401345e-01
  1.67226553e+00 6.28631830e+00 2.61800289e-01 7.55131054e+00
  7.92321801e-01 5.27165055e-01 2.07913704e-02 6.37369967e+00
  1.54516721e+00 1.31331463e+01 4.63682985e+00 0.00000000e+00
  2.42652369e+00 2.35227060e+00 1.11984625e+01 9.45195580e+00
  3.02323914e+00 4.24760151e+00 7.29836035e+00 4.40742111e+00
  9.93349969e-01 4.53245115e+00 4.41452265e+00 1.21016955e+00
  0.00000000e+00 7.86587059e-01 7.28778467e-02 5.17861700e+00
  8.78724217e-01 5.74250698e+00 1.03817511e+00 1.65842748e+00
  1.99256301e+00 4.81327832e-01 1.03283882e+01 1.39618978e-01
  5.27117586e+00 5.71392441e+00 1.77165949e+00 7.02437162e-02
  9.56786633e+00 1.75418496e-01 2.95651197e-01 2.94998765e+00
  7.32696915e+00 3.09327865e+00 1.04365902e+01 1.80747330e+00
  3.60946870e+00 3.27433646e-01 1.18876994e-01 3.80568504e+00
  1.27948129e+00 4.43077624e-01 1.34148006e-03 3.53285003e+00
  9.00453186e+00 1.07922859e+01 3.09317827e+00 1.44420743e+00
  1.48711812e+00 6.71637535e-01 1.44437283e-01 0.00000000e+00
  7.57372618e-01 6.72759265e-02 6.18550873e+00 5.00806570e-01
  1.21513915e+00 7.83191204e-01 7.87747860e-01 3.70846272e+00
  3.24316430e+00 1.05762638e-01 2.70509624e+00 0.00000000e+00
  3.66774011e+00 3.53279901e+00 3.03592026e-01 3.42898726e-01
  1.83619857e+00 8.31890965e+00 5.79747391e+00 1.57247770e+00
  6.74456835e-01 8.94331157e-01 2.05290556e+00 3.03963125e-01
  7.29810596e-01 6.75360680e+00 8.83564568e+00 1.53806627e+00
  1.00888336e+00 1.93033367e-01 5.85911632e-01 1.73251545e+00
  1.61722153e-01 5.66082811e+00 2.22655821e+00 2.21387863e+00
  2.31923556e+00 9.74473572e+00 6.57590580e+00 7.64400244e-01
  7.78106213e-01 9.54377174e-01 1.02218032e-01 2.68419456e+00
  5.94349909e+00 1.68557394e+00 2.22936153e+00 2.38353580e-01
  5.18186867e-01 1.12723196e+00 9.16086137e-02 1.39354810e-01
  4.98489710e-03 8.68686438e-01 5.24137616e-01 1.99248850e+00
  2.77367026e-01 3.49372053e+00 4.46793175e+00 8.82841289e-01
  0.00000000e+00 0.00000000e+00 8.38489819e+00 1.68928385e+00
  7.47926474e+00 4.62482870e-01 3.82061934e+00 5.72616100e+00
  2.77337265e+00 8.03826079e-02 1.43352306e+00 6.69801772e-01
  8.56973934e+00 8.33553553e-01 2.45602608e+00 1.69071651e+00
  3.46044040e+00 3.56411457e+00 0.00000000e+00 5.31746817e+00
  4.26900053e+00 2.58179545e+00 2.44155502e+00 1.23349512e+00
  1.84057367e+00 5.91268659e-01 1.09309936e+00 0.00000000e+00
  2.20841336e+00 2.70098066e+00 1.82786751e+00 1.87413824e+00
  5.03563499e+00 2.38121200e+00 3.00237751e+00 1.49195385e+00
  8.52726221e-01 3.96542382e+00 2.92473221e+00 1.33997008e-01
  1.80571449e+00 6.00983667e+00 8.30476940e-01 2.09275103e+00
  6.86108065e+00 5.83237743e+00 2.92448139e+00 6.99584126e-01
  0.00000000e+00 2.38399005e+00 2.85081768e+00 5.03816032e+00
  0.00000000e+00 1.79762876e+00 8.92871797e-01 9.96931195e-02
  2.61284888e-01 2.77182913e+00 4.34784144e-02 1.40627050e+00
  1.81351513e-01 3.32731396e-01 7.03197002e+00 5.38826752e+00
  1.04087305e+00 2.93714255e-01 9.71817553e-01 2.20591474e+00
  1.50310779e+00 4.47207600e-01 1.20330286e+00 1.60468149e+00
  2.04350357e+01 5.70811224e+00 1.85928535e+00 7.17125475e-01
  1.55140722e+00 6.84674025e+00 2.41967630e+00 1.53124285e+00
  1.15335882e+00 1.00262916e+00 4.70241308e-01 2.83065796e+00
  4.21208477e+00 1.60521495e+00 1.42294824e+00 2.03378177e+00
  1.31488651e-01 2.43812084e+00 6.12604618e-01 3.76637983e+00
  2.03220534e+00 7.21159649e+00 1.14286828e+00 1.23493455e-01
  1.08003302e+01 2.86267734e+00 7.81459522e+00 5.28872108e+00
  7.56403160e+00 1.38676107e+00 8.38853121e-01 2.33462000e+00
  0.00000000e+00 6.12923920e-01 0.00000000e+00 6.68232203e-01
  5.87215602e-01 1.72162366e+00 3.23358446e-01 2.29865432e+00
  2.10009956e+00 9.10093307e+00 8.00935864e-01 2.64023948e+00
  5.03595209e+00 1.60077274e+00 3.02446820e-02 3.67430592e+00
  7.90924489e-01 9.54140350e-03 1.02391459e-01 1.13896155e+00
  0.00000000e+00 9.82223332e-01 1.40332043e+00 4.40202415e-01
  7.05732965e+00 2.79330939e-01 7.53105462e-01 3.41895193e-01
  6.49429619e-01 5.92184401e+00 4.96883512e-01 6.22365735e-02
  1.96162724e+00 6.47046518e+00 1.97960579e+00 8.65596533e-01
  6.78498316e+00 4.86471921e-01 2.37050265e-01 1.57224253e-01
  6.43493271e+00 1.36709988e+00 6.27669859e+00 9.41078961e-01
  6.89774156e-01 1.16527522e+00 1.11469734e+00 4.25425863e+00]]