[[2.88185239e+00 1.18695748e+00 1.26255000e+00 0.00000000e+00
  0.00000000e+00 1.31298172e+00 4.41797018e-01 0.00000000e+00
  1.55652702e+00 1.43918562e+00 3.12545896e+00 7.68527269e-01
  1.00603573e-01 4.06005478e+00 3.30749130e+00 8.05507755e+00
  1.39029950e-01 3.84898275e-01 1.71458375e+00 7.88431764e-01
  1.35996938e-01 2.17084384e+00 0.00000000e+00 2.12400988e-01
  0.00000000e+00 3.59166431e+00 1.08181560e+00 2.56112552e+00
  2.88741899e+00 1.88449651e-01 7.72982061e-01 3.73594975e+00
  1.13696170e+00 1.35503531e+00 2.89233804e-01 6.32802248e-01
  1.85065007e+00 2.77982354e-01 6.60353184e+00 2.44741201e+00
  2.36011243e+00 2.91632390e+00 9.62855875e-01 2.27647758e+00
  0.00000000e+00 1.69613123e+00 4.04466748e-01 1.38390613e+00
  5.14322639e-01 4.38050508e-01 1.89823258e+00 4.02505994e-01
  3.10746223e-01 2.17543468e-01 2.49897838e+00 1.86480427e+00
  2.83627892e+00 6.32760572e+00 1.02202669e-01 2.89884686e-01
  2.58938998e-01 1.35809267e+00 7.87751675e+00 2.31988001e+00
  0.00000000e+00 3.41376233e+00 2.23705918e-01 3.36905122e-01
  4.84626628e-02 1.67935944e+00 8.10816574e+00 2.13809824e+00
  2.68220758e+00 9.76836014e+00 3.00102401e+00 1.05733097e+00
  8.50999653e-01 3.13426447e+00 1.98260999e+00 8.20508599e-02
  2.49033594e+00 3.87151122e-01 3.64922214e+00 4.01017040e-01
  0.00000000e+00 5.02980375e+00 4.08477671e-02 8.73547018e-01
  1.08603811e+00 0.00000000e+00 9.81021786e+00 6.09082580e-01
  6.52752351e-04 1.53074765e+00 1.31557301e-01 1.05858088e+00
  4.41443980e-01 1.38696899e+01 1.16664648e+00 1.01713228e+01
  2.29267493e-01 0.00000000e+00 8.24901009e+00 9.49237764e-01
  6.72664642e-01 0.00000000e+00 5.32160878e-01 0.00000000e+00
  5.78746986e+00 6.37616515e-01 1.83742332e+00 5.23119926e-01
  1.85238934e+00 1.03004105e-01 4.67207098e+00 2.11745083e-01
  1.03278112e+01 2.18833065e+00 4.14454699e+00 9.82717216e-01
  1.68563649e-01 5.14932334e-01 4.28978014e+00 5.06866503e+00
  2.20317356e-02 1.27392566e+00 4.54199553e-01 0.00000000e+00
  3.47116256e+00 1.07770386e+01 0.00000000e+00 5.90457392e+00
  2.37856531e+00 6.18763149e-01 8.67534876e-01 3.39165664e+00
  7.82251775e-01 2.76706314e+00 2.67426789e-01 0.00000000e+00
  0.00000000e+00 0.00000000e+00 2.51075447e-01 5.76403236e+00
  8.07217419e-01 3.48282993e-01 1.59519035e-02 3.92747857e-02
  3.77534777e-01 1.00737356e-01 0.00000000e+00 2.08714634e-01
  3.21859646e+00 4.72104996e-01 1.57400703e+00 1.01383722e+00
  2.61983252e+00 4.85413760e-01 2.35540080e+00 2.40845156e+00
  6.85332835e-01 4.07449818e+00 4.58227664e-01 2.47569704e+00
  9.90789318e+00 1.72878349e+00 1.42994121e-01 5.08071423e+00
  5.34870434e+00 0.00000000e+00 8.06282234e+00 5.51193953e-01
  8.65807819e+00 3.66160250e+00 4.08869207e-01 1.05447018e+00
  0.00000000e+00 1.82679784e+00 9.94942093e+00 1.92376590e+00
  2.16450500e+00 0.00000000e+00 9.36674595e-01 6.12415150e-02
  5.88000655e-01 5.10104656e-01 3.16185641e+00 1.47410440e+00
  1.23076952e+00 2.26354742e+00 0.00000000e+00 1.60506234e-01
  1.83283538e-02 1.12267227e+01 1.28805065e+00 1.29602686e-01
  2.23877341e-01 6.53605536e-02 5.62550426e-01 5.77187443e+00
  1.45754027e+00 3.84654343e-01 3.17300409e-02 6.24458492e-01
  3.95588183e+00 1.16501534e+00 6.79393589e-01 4.82872397e-01
  2.49637794e+00 3.88574338e+00 1.47283566e+00 9.89513338e-01
  0.00000000e+00 1.12079477e+00 4.31991434e+00 4.76003915e-01
  3.25344777e+00 5.04679394e+00 1.33733964e+00 5.55021644e-01
  1.29165816e+00 1.81008697e+00 1.08963716e+00 1.13461852e+00
  4.09329271e+00 1.62818646e+00 4.05474365e-01 7.54691982e+00
  2.61819148e+00 3.06812263e+00 3.60515893e-01 1.74968982e+00
  1.79932857e+00 3.39451611e-01 1.80924344e+00 1.41282594e+00
  1.76536465e+00 6.90669346e+00 3.77695704e+00 7.71610975e-01
  8.00491631e-01 0.00000000e+00 5.60264015e+00 1.13510191e+00
  1.29676068e+00 7.80605936e+00 1.09615107e+01 1.80833295e-01
  8.30406904e-01 7.31172860e-01 1.82365465e+00 1.24706638e+00
  2.51009911e-01 3.06557202e+00 2.77707100e+00 6.40348345e-02
  6.01948738e-01 2.88259592e-02 6.03199100e+00 2.96304613e-01
  1.03494656e+00 0.00000000e+00 0.00000000e+00 6.78643346e-01
  2.55980158e+00 0.00000000e+00 2.11181894e-01 3.92972946e-01
  1.05268145e+01 1.37834117e-01 7.87705064e-01 0.00000000e+00
  9.66108799e-01 1.82951355e+00 3.93412685e+00 6.15193129e+00
  1.22891273e+01 4.78552520e-01 5.59230328e-01 1.05277777e+00
  5.17166901e+00 2.28852779e-01 7.94786167e+00 7.11520910e-01
  5.80332816e-01 7.85341382e-01 8.43233228e-01 1.26903486e+00
  4.58422184e+00 4.16863632e+00 0.00000000e+00 1.29356945e+00
  4.20678943e-01 1.30288661e+00 2.12794733e+00 1.78381515e+00
  2.99694753e+00 5.88320255e-01 3.08153480e-01 5.35343476e-02
  8.67380905e+00 4.09647274e+00 4.05178785e+00 4.95079935e-01
  3.54745001e-01 3.51681089e+00 9.94710207e-01 5.86759686e-01
  7.73450792e-01 3.01421189e+00 0.00000000e+00 1.94115541e-03
  1.98949838e+00 7.45449439e-02 1.55819285e+00 1.08037198e+00
  2.52156520e+00 1.40429268e+01 2.30694747e+00 2.86183143e+00
  2.03511879e-01 3.60528374e+00 2.61631131e+00 0.00000000e+00
  1.05484843e-01 7.59838820e-01 3.20947075e+00 5.75860560e-01
  1.36619067e+00 5.90885222e-01 0.00000000e+00 8.78252792e+00
  1.60868442e+00 3.69358492e+00 2.16454649e+00 2.36518836e+00
  1.01128018e+00 2.66665983e+00 2.94614983e+00 3.03609204e+00
  7.48103380e-01 3.05920858e-02 3.79454076e-01 2.75863051e-01
  6.00979745e-01 3.79347324e+00 1.32903171e+00 3.05033594e-01
  0.00000000e+00 1.70124400e+00 2.81579882e-01 4.49617743e-01
  2.58621126e-01 2.57003307e+00 9.80947614e-01 1.75841570e-01
  4.26297821e-02 1.37228041e+01 3.67805171e+00 3.28448236e-01
  1.08639069e+01 1.34883478e-01 1.40000153e+00 3.86528105e-01
  5.22591591e+00 1.02053416e+00 1.53600273e+01 0.00000000e+00
  2.47692376e-01 3.35300803e+00 3.64366025e-02 1.73548388e+00
  6.30331337e-01 2.17065185e-01 2.70029783e+00 1.66126326e-01
  2.92959034e-01 2.37082672e+00 5.24349451e-01 5.76714706e+00
  6.42794800e+00 2.04051065e+00 1.08935079e-02 7.22599208e-01
  2.74744779e-01 2.65500039e-01 3.56581718e-01 5.60650170e-01
  0.00000000e+00 4.19815445e+00 2.18650746e+00 3.76531100e+00
  3.01762891e+00 1.03838277e+00 0.00000000e+00 3.24499011e+00
  2.35695362e+00 1.00283533e-01 1.13365901e+00 1.18485880e+00
  1.42503273e+00 6.80969048e+00 1.71505189e+00 1.02529144e+01
  1.66771460e+00 2.60675669e+00 1.50728673e-01 1.73761344e+00
  9.27833736e-01 2.98234969e-01 5.97481489e+00 3.81745957e-02
  0.00000000e+00 2.09160566e-01 2.12074709e+00 5.94224334e-01
  1.40310729e+00 5.31121679e-02 6.22557282e-01 1.83683932e+00
  2.84546781e+00 5.40337145e-01 1.28794324e+00 2.58509445e+00
  1.53479683e+00 0.00000000e+00 2.36123276e+00 6.41248751e+00
  3.85973677e-02 1.60094678e-01 9.36335921e-02 1.89675808e+00
  2.50725436e+00 1.55673611e+00 8.83949578e-01 5.96719551e+00
  3.04932022e+00 1.34640738e-01 2.50179768e-01 1.03898633e+00
  0.00000000e+00 4.96943414e-01 9.17976081e-01 4.47815609e+00
  6.19475245e-01 0.00000000e+00 1.80815220e+00 2.44161057e+00
  0.00000000e+00 6.40327513e-01 3.36699158e-01 4.03842306e+00
  1.70676947e+00 5.67118168e+00 3.11930466e+00 1.61390603e+00
  1.11990035e+00 2.63250923e+00 0.00000000e+00 3.96093321e+00
  2.25753516e-01 3.59859753e+00 6.63279486e+00 2.72623992e+00
  1.29406726e+00 3.23608458e-01 1.92410278e+00 3.27662617e-01
  6.02905512e+00 0.00000000e+00 2.23798656e+00 1.68678071e-02
  0.00000000e+00 9.55249310e+00 2.28416276e+00 2.04161978e+00
  1.57205808e+00 1.48277569e+00 4.38186789e+00 1.37681261e-01
  1.13916174e-01 8.17382336e-01 3.09781104e-01 1.93376803e+00
  4.22626781e+00 4.26371664e-01 2.39922333e+00 2.53251851e-01
  7.89753646e-02 0.00000000e+00 1.22010446e+00 9.04573560e-01
  2.09881639e+00 1.49013865e+00 7.30610415e-02 1.90158558e+00
  2.87929744e-01 5.48254538e+00 2.68050402e-01 4.03085041e+00
  2.00003982e+00 1.00389183e-01 5.95177293e-01 4.17333484e-01
  4.73203564e+00 1.71186030e+00 5.34880972e+00 1.12720549e+00
  5.57100356e-01 4.76056397e-01 4.40189886e+00 1.38592029e+00]]