[[7.69377708e-01 3.78171951e-01 1.93054140e+00 7.46253086e-03
  7.61080384e-01 7.57376075e-01 3.78891683e+00 4.85289764e+00
  7.65042257e+00 2.91363120e-01 1.18735759e-02 7.34163582e-01
  2.25803185e+00 5.56528378e+00 0.00000000e+00 1.25377917e+00
  1.07080793e+00 1.31428975e-03 4.19210958e+00 2.16214156e+00
  8.69017839e-01 6.34671974e+00 2.17563316e-01 6.15800917e-01
  3.04043460e+00 7.92515039e+00 4.61857414e+00 9.75313067e-01
  7.19958484e-01 1.20993102e+00 2.23668075e+00 3.42107415e+00
  4.28580374e-01 1.61802363e+00 0.00000000e+00 0.00000000e+00
  2.82856131e+00 9.66555700e-02 4.08725643e+00 1.20130277e+00
  1.09629822e+00 2.13674116e+00 3.94404984e+00 4.82993507e+00
  1.95316720e+00 1.22724652e+00 2.14310575e+00 4.15003395e+00
  1.81850123e+00 2.47969493e-01 3.49123573e+00 1.80806828e+00
  9.08662736e-01 0.00000000e+00 1.83193982e+00 5.22902846e-01
  3.72015691e+00 5.92005014e+00 4.60435390e+00 2.01953435e+00
  2.13208526e-01 1.20222867e+00 2.27330256e+00 7.75248575e+00
  1.85256970e+00 2.05474854e+00 9.10458326e-01 2.44914579e+00
  1.54258633e+00 5.92712975e+00 1.08057957e+01 5.93293071e-01
  7.48727417e+00 5.80175591e+00 2.57935381e+00 4.68143374e-01
  9.09400940e-01 0.00000000e+00 1.06961381e+00 2.16701820e-01
  5.50264381e-02 1.89721119e+00 9.61051881e-01 7.72543132e-01
  1.92151999e+00 1.18280876e+00 1.05029516e-01 6.17272377e-01
  9.76205444e+00 1.90321159e+00 2.01248860e+00 1.18321550e+00
  2.37642097e+00 3.59354877e+00 0.00000000e+00 1.59817696e-01
  9.09999132e-01 1.76222074e+00 9.05444026e-01 2.62695312e+00
  1.67305851e+00 7.34472179e+00 1.53237319e+00 8.53625107e+00
  0.00000000e+00 2.38382787e-01 9.27198529e-01 1.33408570e+00
  4.30128336e+00 3.75880599e+00 1.77766788e+00 1.16112375e+00
  0.00000000e+00 2.21720052e+00 2.11510539e+00 2.58289754e-01
  3.74156213e+00 9.77846086e-01 3.60242391e+00 1.36179197e+00
  0.00000000e+00 3.04025054e+00 1.30885375e+00 1.40111198e+01
  0.00000000e+00 2.75678217e-01 2.10681486e+00 1.08291268e+00
  1.68898678e+00 6.57261324e+00 9.89284515e-01 1.29461214e-01
  5.25462580e+00 9.80528355e-01 0.00000000e+00 3.65129685e+00
  4.19764698e-01 3.54747623e-01 1.43628085e+00 1.45751476e+00
  1.15206110e+00 4.39777225e-02 1.56361485e+00 4.04818344e+00
  4.22754240e+00 1.98215628e+00 5.10063171e+00 3.48792255e-01
  0.00000000e+00 0.00000000e+00 6.63579512e+00 1.06755018e+00
  8.19394171e-01 2.02495217e-01 1.80252567e-01 2.96840501e+00
  5.69311798e-01 1.76873907e-01 1.35921121e+00 9.47500050e-01
  0.00000000e+00 0.00000000e+00 5.76909542e+00 2.92611122e-01
  3.31811833e+00 1.91077161e+00 4.41251636e-01 6.50180626e+00
  4.66822147e-01 1.70457864e+00 1.43762577e+00 0.00000000e+00
  8.64154434e+00 5.05851078e+00 4.41335648e-01 7.29279399e-01
  4.40707386e-01 1.57927975e-01 3.80726910e+00 7.87541342e+00
  2.73645544e+00 5.91901183e-01 8.58415425e-01 9.80077147e-01
  1.06125283e+00 4.30954695e-01 4.94089937e+00 2.58959794e+00
  8.52877259e-01 2.79063916e+00 3.16796350e+00 0.00000000e+00
  1.61298621e+00 3.34213042e+00 3.37416679e-01 1.64075625e+00
  2.36070156e+00 3.51302624e-01 2.67865598e-01 0.00000000e+00
  2.18611193e+00 2.71518183e+00 5.72738218e+00 1.27754343e+00
  1.49025291e-01 1.23220766e+00 1.95266438e+00 4.03549194e+00
  1.17554927e+00 2.59736729e+00 1.01328945e+00 1.51190841e+00
  0.00000000e+00 2.25120020e+00 3.45128274e+00 2.90003061e+00
  6.66230261e-01 3.60421848e+00 1.49877715e+00 1.53663802e+00
  0.00000000e+00 2.83151150e+00 5.34215307e+00 3.28569722e+00
  3.78601575e+00 6.80486321e-01 5.82071602e-01 2.15289903e+00
  8.27006102e-02 3.42542124e+00 8.45302045e-01 2.20051956e+00
  3.30677581e+00 3.21798533e-01 4.31175858e-01 1.69355080e-01
  5.25858355e+00 2.71389842e+00 8.11763167e-01 1.40449286e+01
  2.28665042e+00 1.32140648e+00 1.13056850e+00 4.06165600e+00
  3.45925093e+00 3.43675017e+00 8.31599331e+00 2.19931793e+00
  2.62040877e+00 4.71048832e+00 1.52785075e+00 3.02574062e+00
  2.10528398e+00 4.13279772e+00 2.86736655e+00 0.00000000e+00
  0.00000000e+00 1.42063558e+00 7.34878302e-01 1.48776746e+00
  3.55949491e-01 5.50653785e-02 2.96176106e-01 6.27118969e+00
  2.54213691e+00 7.97537565e+00 2.25776887e+00 6.32878685e+00
  7.54610205e+00 6.97640896e-01 1.27983642e+00 0.00000000e+00
  5.45324326e+00 9.23039818e+00 1.40050185e+00 2.76649483e-02
  5.31994152e+00 2.53211111e-01 0.00000000e+00 1.71732080e+00
  6.36627960e+00 3.29551530e+00 1.06523638e+01 5.66354609e+00
  4.25907612e+00 8.46085176e-02 5.42423868e+00 4.36676073e+00
  3.41760683e+00 2.11309218e+00 2.20683241e+00 3.17133451e+00
  1.68962097e+00 2.63865185e+00 3.79590154e+00 1.51330423e+00
  1.16514244e+01 4.30358744e+00 7.73466408e-01 7.60748029e-01
  4.62247086e+00 2.44542527e+00 3.13345742e+00 0.00000000e+00
  1.66704905e+00 6.65201759e+00 3.21112633e+00 1.14035475e+00
  2.96417981e-01 3.62518334e+00 4.02088791e-01 1.26521766e+00
  1.74257255e+00 2.68347454e+00 4.04267740e+00 4.57093686e-01
  1.54064882e+00 1.41533117e+01 1.28195131e+00 1.59952199e+00
  1.27650189e+00 3.91661733e-01 1.52058089e+00 3.01813698e+00
  1.85951090e+00 1.43799889e+00 7.05646086e+00 2.65543413e+00
  2.14739040e-01 0.00000000e+00 1.46158004e+00 1.71894383e+00
  6.44323587e+00 2.77320385e+00 5.84443760e+00 1.37871385e-01
  0.00000000e+00 8.52005577e+00 6.09224224e+00 4.18362236e+00
  6.88533634e-02 1.35177091e-01 7.67625511e-01 7.35578060e+00
  1.28528559e+00 1.71838641e+00 1.00119352e+00 1.92864525e+00
  2.46693209e-01 4.65338469e+00 1.60564557e-01 1.10778701e+00
  0.00000000e+00 1.49559367e+00 4.29944706e+00 1.14066117e-01
  1.55619693e+00 6.31771994e+00 7.50697803e+00 7.64704272e-02
  0.00000000e+00 2.61176348e-01 4.26211739e+00 5.67160308e-01
  1.50629592e+00 2.48212552e+00 7.83730507e+00 0.00000000e+00
  0.00000000e+00 4.89996481e+00 1.33948970e+00 1.40468395e+00
  3.62267900e+00 1.68532152e-02 4.68100023e+00 2.89051318e+00
  4.61733162e-01 2.09526348e+00 9.90656757e+00 2.27454448e+00
  2.07100734e-01 3.44409752e+00 6.51792347e-01 2.14064527e+00
  9.42483807e+00 4.31351948e+00 1.14790559e+00 0.00000000e+00
  5.22813380e-01 1.24382412e+00 4.10421276e+00 1.23458922e+00
  2.41821718e+00 1.44434974e-01 1.06204033e-01 3.17372918e+00
  4.99530405e-01 5.85371792e-01 5.04380798e+00 7.48890936e-01
  1.27261972e+00 2.80406713e+00 1.08580142e-01 8.86855316e+00
  1.13272867e+01 6.39091015e-01 0.00000000e+00 1.13037252e+00
  3.18127990e-01 2.97918391e+00 4.25737476e+00 9.21529949e-01
  1.07274152e-01 0.00000000e+00 7.69945443e-01 0.00000000e+00
  5.27914464e-01 3.71938491e+00 1.49516892e+00 2.25687838e+00
  3.66680193e+00 2.96707749e-01 3.50556064e+00 9.77596569e+00
  3.11782527e+00 1.46529093e-01 0.00000000e+00 1.00772345e+00
  2.84827900e+00 4.77483034e-01 6.83278561e+00 1.18274188e+00
  1.83883533e+01 1.01178634e+00 9.92504656e-01 1.89043629e+00
  7.80592620e-01 1.47581387e+00 6.65177464e-01 9.82952058e-01
  1.19720423e+00 0.00000000e+00 1.12646055e+00 5.93838811e-01
  5.33932269e-01 1.11272144e+00 8.54207897e+00 2.20513821e+00
  1.67585433e+00 4.59718592e-02 8.51353645e+00 7.50393105e+00
  1.61733055e+00 1.09346247e+00 8.98387671e-01 1.53775585e+00
  1.12293825e+01 2.99989390e+00 4.95923683e-02 6.42901802e+00
  2.67042875e+00 1.08080029e+00 1.49689093e-01 1.05712444e-01
  0.00000000e+00 4.61174637e-01 8.11500773e-02 1.11033726e+00
  1.52679944e+00 9.16578948e-01 0.00000000e+00 7.69614398e-01
  3.00444317e+00 1.14307404e+01 2.05138969e+01 2.23899260e-01
  1.87631294e-01 3.01048088e+00 2.57071996e+00 3.48116183e+00
  5.42163312e-01 8.02757740e+00 1.87070155e+00 4.39948368e+00
  7.40975747e-03 2.15951145e-01 3.16662788e+00 3.31480026e-01
  1.90938622e-01 0.00000000e+00 1.22304428e+00 3.78450894e+00
  1.19597101e+00 7.66318607e+00 7.34229013e-02 2.07752800e+00
  7.89760530e-01 4.91319084e+00 9.82527614e-01 5.99306583e-01
  8.38801670e+00 7.59620190e-01 6.51252940e-02 3.52419257e+00
  3.54634023e+00 6.05695963e+00 4.28492117e+00 2.63384581e+00
  5.89032650e-01 3.85295004e-01 5.10821772e+00 4.76556309e-02]]