[[1.17846382e+00 2.64967889e-01 2.91047883e+00 4.77512264e+00
  5.02048433e-01 1.89959061e+00 3.83985400e+00 5.20061636e+00
  1.89754319e+00 5.80317259e-01 3.84338450e+00 9.07795966e-01
  3.82110167e+00 8.42021561e+00 7.02823448e+00 1.11078415e+01
  1.38961947e+00 2.68129873e+00 0.00000000e+00 4.36210585e+00
  3.33475924e+00 5.12800872e-01 3.30180693e+00 7.20192730e-01
  0.00000000e+00 5.05945635e+00 2.97777146e-01 0.00000000e+00
  3.56755352e+00 1.91422358e-01 3.69521880e+00 3.76353860e+00
  5.40994835e+00 3.92716265e+00 1.14391908e-01 6.36557564e-02
  4.00932789e+00 9.21265960e-01 1.81114852e+00 0.00000000e+00
  2.75127202e-01 3.77209854e+00 2.26380110e+00 1.32353604e+00
  1.07487112e-01 5.99428833e-01 4.88852835e+00 0.00000000e+00
  5.21175098e+00 3.56149054e+00 1.39518738e+00 3.46840143e-01
  1.53719410e-01 5.05962312e-01 7.61268568e+00 5.01655245e+00
  2.39436150e+00 9.21700764e+00 7.76729107e-01 0.00000000e+00
  3.93828720e-01 6.76902831e-01 6.33345318e+00 4.20778179e+00
  9.75999892e-01 2.65742183e+00 1.59245801e+00 2.36871094e-02
  6.24887288e-01 7.28900099e+00 1.75225830e+00 8.78476679e-01
  3.77090991e-01 1.34191284e+01 2.53818345e+00 3.48276448e+00
  3.22115445e+00 0.00000000e+00 1.65236413e-01 2.57873344e+00
  1.28077972e+00 8.30620956e+00 5.58660126e+00 1.13662758e+01
  1.97285056e+00 6.85882998e+00 0.00000000e+00 5.52409708e-01
  6.63808537e+00 0.00000000e+00 5.26040173e+00 7.13089800e+00
  1.89949882e+00 5.55214262e+00 2.01632047e+00 1.00404017e-01
  5.53982735e+00 5.69953585e+00 5.80388927e+00 7.06782520e-01
  7.13514149e-01 1.27058759e-01 4.08393830e-01 2.34815431e+00
  2.05457473e+00 2.92656255e+00 3.13680135e-02 5.67635655e-01
  2.61571574e+00 7.55464882e-02 1.61769629e+00 3.35090518e+00
  6.66029975e-02 8.27102244e-01 8.65184546e-01 1.92001891e+00
  1.19759452e+00 3.13304377e+00 1.38067436e+00 9.40435290e-01
  3.18162036e+00 6.97414994e-01 3.73102379e+00 1.03646450e+01
  7.33764796e-03 2.91690254e+00 2.94825959e+00 7.24190354e-01
  2.00088596e+00 1.32851162e+01 3.73462534e+00 1.29372034e+01
  1.60183849e+01 1.74872503e-02 3.00470442e-01 2.08608055e+00
  1.28472793e+00 3.21024346e+00 4.75919962e+00 1.79659617e+00
  3.65354490e+00 1.74299479e+00 5.76330996e+00 2.17175269e+00
  1.82601228e-01 8.86856794e-01 2.29529476e+00 1.77090716e+00
  3.33175945e+00 1.62986720e+00 3.00459361e+00 4.54431534e+00
  1.85988379e+00 1.71750128e-01 0.00000000e+00 2.66601443e+00
  5.97932339e-01 2.85317111e+00 2.59170234e-01 5.09780073e+00
  2.38301563e+00 2.30910568e+01 7.98754811e-01 1.45366466e+00
  6.59507847e+00 2.04669523e+00 2.04348668e-01 1.12795508e+00
  1.99216700e+00 1.04624593e+00 1.94031611e-01 2.32590437e+00
  1.61485457e+00 3.56612039e+00 2.28027678e+00 4.76967901e-01
  3.89172835e-03 1.31093705e+00 3.37790251e+00 4.44409907e-01
  5.35334444e+00 0.00000000e+00 3.46065402e+00 1.47581923e+00
  1.73550320e+00 3.88378906e+00 2.26078415e+00 1.49381614e+00
  2.71835297e-01 1.60646927e+00 3.42328048e+00 1.29373506e-01
  3.88594890e+00 2.17426324e+00 5.62072277e+00 2.11159277e+00
  2.57879996e+00 4.14713192e+00 1.29559088e+01 6.21767819e-01
  5.30998087e+00 4.47390258e-01 1.06432657e+01 2.61862087e+00
  3.73125815e+00 2.76880598e+00 7.28112817e-01 4.30875206e+00
  8.01653290e+00 1.87791193e+00 7.15872526e-01 9.78293610e+00
  1.14002347e+00 7.23205233e+00 1.04630792e+00 9.73282814e-01
  2.47149491e+00 8.37893772e+00 1.25421870e+00 3.80133891e+00
  1.52692199e+00 7.53201246e+00 2.31767088e-01 2.55958080e+00
  8.97733784e+00 7.87585735e-01 7.63524532e+00 2.23656487e+00
  6.67687297e-01 3.23389196e+00 5.32065248e+00 7.71952295e+00
  5.74465454e-01 6.97031081e-01 5.79553270e+00 2.33961654e+00
  3.04546547e+00 3.11513042e+00 3.59950066e-02 6.35081434e+00
  4.69875097e+00 1.52464788e-02 4.80275750e-02 1.66008949e+00
  1.91638756e+00 7.78003120e+00 7.33330297e+00 1.31108746e-01
  2.97207618e+00 6.77759981e+00 2.85500312e+00 1.52656341e+00
  5.34271717e+00 5.15466547e+00 3.15834236e+00 4.75365579e-01
  1.41945636e+00 2.59938478e+00 5.40544891e+00 2.04315305e+00
  4.72617567e-01 1.19405675e+00 2.74537176e-01 2.45387292e+00
  7.43785954e+00 0.00000000e+00 0.00000000e+00 6.92046642e-01
  4.99120426e+00 1.18082130e+00 5.63181591e+00 3.39896584e+00
  2.03169322e+00 2.83085465e-01 6.90373135e+00 5.12247324e+00
  1.78544259e+00 1.02923846e+00 0.00000000e+00 3.19381618e+00
  4.27825165e+00 5.50117445e+00 1.03056633e+00 9.39685181e-02
  6.93767452e+00 2.29696131e+00 5.10409164e+00 5.56412315e+00
  6.99981546e+00 2.40106965e-04 0.00000000e+00 2.21853256e+00
  1.37512054e+01 1.28860819e+00 2.27545357e+00 1.81279445e+00
  7.72292614e-01 1.49590349e+00 8.08590603e+00 3.20957571e-01
  1.91518724e+00 1.33003254e+01 5.96449804e+00 4.41685736e-01
  4.60371304e+00 7.08377409e+00 1.83024633e+00 6.14153266e-01
  4.28540587e-01 9.73369062e-01 3.60184407e+00 2.24686694e+00
  5.84577465e+00 4.60335541e+00 6.58328629e+00 5.48040122e-02
  5.74546671e+00 1.08458366e+01 3.37314457e-01 5.14485073e+00
  5.30391836e+00 3.57239580e+00 7.43291044e+00 6.99945033e-01
  1.08936989e+00 2.93181157e+00 8.22902584e+00 2.94471890e-01
  4.29108143e+00 5.04726696e+00 1.75662577e+00 9.63563323e-01
  5.89767265e+00 2.43601274e+00 5.41097593e+00 5.93389702e+00
  0.00000000e+00 5.05037212e+00 1.44366360e+00 3.38803196e+00
  2.66699052e+00 9.22378153e-02 4.10020494e+00 1.88579977e+00
  4.12329674e+00 4.37189388e+00 3.43986422e-01 2.13760421e-01
  3.52827358e+00 6.87223077e-02 3.37430924e-01 2.29425240e+00
  6.83287191e+00 3.39102340e+00 2.16169739e+00 1.63850248e+00
  4.58637625e-01 6.36304474e+00 6.15231276e-01 4.45550308e-02
  4.18694401e+00 0.00000000e+00 1.92073565e-02 2.06017661e+00
  3.06182384e+00 2.34310532e+00 3.57871890e+00 6.72419965e-02
  3.05056834e+00 7.59285212e+00 8.90431046e-01 5.62833905e-01
  1.06600218e+01 5.22377920e+00 8.33793044e-01 9.26146698e+00
  1.55292594e+00 7.39945316e+00 4.47103691e+00 6.97185087e+00
  9.62863636e+00 7.42691469e+00 4.06897402e+00 3.32141280e+00
  2.18456721e+00 9.42044079e-01 5.43305063e+00 4.08913046e-01
  4.02066201e-01 3.98826361e+00 6.62880242e-01 2.58852196e+00
  2.04381037e+00 3.13978243e+00 3.37039208e+00 1.79794669e+00
  7.92484140e+00 3.00076634e-01 8.24277401e+00 4.85883743e-01
  2.57847166e+00 2.89345598e+00 1.07098603e+00 2.66491175e-01
  2.19001980e+01 5.57138026e-01 0.00000000e+00 1.69653690e+00
  9.77080059e+00 7.36719418e+00 1.78545272e+00 1.07930863e+00
  1.44775903e+00 1.49567614e+01 2.84278035e+00 6.21314144e+00
  2.10717893e+00 2.52463865e+00 1.27003098e+00 1.86856425e+00
  3.88179827e+00 3.11847711e+00 6.31765413e+00 1.32643633e+01
  1.27953053e+00 1.93608236e+00 8.00823402e+00 3.54461670e-01
  1.22199404e+00 1.72437990e+00 2.67041445e-01 1.11154137e+01
  2.01787529e+01 5.53113461e+00 8.86826515e-02 5.24365711e+00
  8.27909946e-01 3.74763787e-01 3.70823026e-01 2.21325636e+00
  1.00714594e-01 1.97230971e+00 9.02004063e-01 1.45748603e+00
  0.00000000e+00 0.00000000e+00 2.47752652e-01 1.36501348e+00
  2.11514115e+00 2.25435066e+00 2.26132202e+00 6.54378319e+00
  2.41052985e+00 8.61540985e+00 3.36662889e+00 1.46889961e+00
  5.72654867e+00 7.39585638e+00 1.68249369e+00 7.29411066e-01
  4.40394735e+00 3.51319790e+00 1.51613855e+00 5.80083895e+00
  6.43698597e+00 3.40567827e+00 0.00000000e+00 6.64971411e-01
  1.71930656e+01 1.04040062e+00 8.65646553e+00 2.02961850e+00
  0.00000000e+00 6.38782358e+00 2.01558065e+00 3.39799786e+00
  3.46667528e-01 0.00000000e+00 5.21848011e+00 3.51666594e+00
  6.27548790e+00 1.15314484e+00 2.43687248e+00 3.60954380e+00
  1.18367100e+00 3.86519265e+00 7.93394744e-02 1.69023067e-01
  6.57751918e-01 3.25671577e+00 5.54638243e+00 7.62671518e+00
  4.98053408e+00 2.77792990e-01 6.95742369e+00 3.18645048e+00
  1.12939625e+01 4.70951366e+00 1.89575270e-01 1.32276444e-02
  6.54444933e+00 6.06064685e-02 5.74175978e+00 6.36805415e-01
  3.49988198e+00 2.14247656e+00 2.94995809e+00 4.04460788e-01
  6.74831676e+00 1.27644718e+00 4.72871256e+00 3.16479993e+00]]