[[8.49452198e-01 4.59405947e+00 2.69141555e-01 0.00000000e+00
  5.59026432e+00 6.69134188e+00 1.25680552e+01 1.24793568e+01
  1.15139574e-01 3.74495506e+00 1.49843335e+00 3.44300675e+00
  2.50147343e+00 1.42232656e+00 2.15159491e-01 2.50471592e+00
  0.00000000e+00 1.42106086e-01 1.02201629e+00 6.89761543e+00
  2.85315418e+00 2.19813995e+01 0.00000000e+00 0.00000000e+00
  2.91894364e+00 6.39951181e+00 1.67601332e-01 2.44815016e+00
  4.22374773e+00 1.02566153e-01 9.05797601e-01 3.39065123e+00
  2.31527996e+00 2.48279619e+00 1.12430342e-01 6.14103794e-01
  3.16603601e-01 1.01081282e-02 6.68665981e+00 1.60244203e+00
  1.15122747e+01 1.90521526e+00 4.09803438e+00 3.12436748e+00
  1.32561386e-01 8.26682150e-02 7.09619999e+00 3.67098665e+00
  2.51159644e+00 0.00000000e+00 2.80404234e+00 6.06284857e+00
  2.72837102e-01 5.28367567e+00 8.51976585e+00 1.66253054e+00
  6.08686924e+00 1.91718304e+00 2.09291863e+00 0.00000000e+00
  0.00000000e+00 1.21800816e+00 7.60465288e+00 9.77803612e+00
  4.22209680e-01 4.21816301e+00 1.16511893e+00 1.34498453e+00
  5.50035048e+00 4.66558599e+00 1.43025771e-01 4.81862307e-01
  3.26164752e-01 1.31409044e+01 6.18671775e-01 2.14754963e+00
  2.53326392e+00 1.16156697e-01 3.57291698e-02 8.97436905e+00
  1.80221856e+00 2.98371315e+00 1.10090618e+01 3.51905264e-02
  1.83840561e+01 2.41437483e+00 4.43359524e-01 1.93086541e+00
  1.70397550e-01 3.80949914e-01 2.67978501e+00 1.06995316e+01
  1.06225288e+00 3.91551423e+00 6.67946488e-02 8.08654055e-02
  6.82459712e-01 2.98371649e+00 3.91844749e+00 8.09302330e+00
  1.02399528e+00 1.92854136e-01 2.77124143e+00 5.19749355e+00
  0.00000000e+00 6.23842955e+00 2.61872149e+00 3.32612896e+00
  0.00000000e+00 5.14004715e-02 2.62768507e-01 1.87840080e+00
  1.92010641e-01 5.94870567e+00 3.85980636e-01 0.00000000e+00
  9.53886509e+00 0.00000000e+00 2.32188511e+00 1.84042311e+00
  1.31808519e+00 8.01358521e-01 2.63308417e-02 1.89466190e+00
  5.52001572e+00 6.45829678e+00 2.67113876e+00 0.00000000e+00
  3.91342854e+00 1.36879320e+01 4.39672709e+00 1.46909729e-01
  1.43347950e+01 1.85714519e+00 3.04856348e+00 2.48598146e+00
  3.96161914e-01 1.06932521e+00 6.36393070e+00 7.58891821e-01
  2.22159624e+00 6.83903646e+00 2.94920444e+00 5.29678965e+00
  1.01562893e+00 2.75531340e+00 8.36376369e-01 1.43549335e+00
  1.38462734e+00 9.30345833e-01 6.84266758e+00 1.39658034e+00
  3.17082500e+00 0.00000000e+00 3.07129622e+00 4.52911806e+00
  9.70517039e-01 1.35319118e+01 8.90340984e-01 0.00000000e+00
  1.35452092e-01 7.35877085e+00 2.11036372e+00 2.54220307e-01
  5.19563437e+00 9.29357243e+00 4.59585160e-01 2.46892619e+00
  3.97810650e+00 7.99026906e-01 7.90869474e-01 3.05866814e+00
  2.73793507e+00 2.87775457e-01 3.87179613e-01 8.63459706e-01
  0.00000000e+00 1.96306157e+00 6.98246908e+00 3.70909500e+00
  6.58907223e+00 1.59991956e+00 8.60454273e+00 1.00416255e+00
  1.04918995e+01 1.69801950e+00 7.66598061e-02 8.85245442e-01
  3.86900854e+00 2.92537451e+00 9.70303249e+00 8.78679454e-01
  1.44962788e+00 2.27317047e+01 0.00000000e+00 2.27387119e-02
  2.06359178e-01 7.05156279e+00 2.35082221e+00 1.39142597e+00
  2.50467324e+00 1.78365886e+00 0.00000000e+00 1.56805217e+00
  1.56279783e+01 1.67174518e+00 3.57464468e-03 4.39136982e-01
  0.00000000e+00 2.37101135e+01 4.12999678e+00 4.10094500e+00
  9.80908275e-01 4.43465042e+00 1.03373480e+00 2.90577143e-01
  0.00000000e+00 0.00000000e+00 4.69600558e-01 5.86364090e-01
  5.11785746e+00 3.02809763e+00 4.94563043e-01 3.92713517e-01
  6.56864882e+00 1.84743690e+00 0.00000000e+00 7.31406689e-01
  1.52703714e+00 3.51021338e+00 2.77873755e+00 3.80038548e+00
  9.60928142e-01 6.73489943e-02 4.70044422e+00 2.84879684e+00
  1.50642827e-01 7.46195412e+00 2.95352197e+00 3.19354206e-01
  7.36910164e-01 6.36425400e+00 2.17779234e-01 2.15561152e+00
  1.92098546e+00 1.70215626e+01 1.17155199e+01 4.28965712e+00
  1.18214726e+00 1.47948265e+00 9.77829266e+00 1.46625483e+00
  7.55180883e+00 9.81176317e-01 5.09930801e+00 0.00000000e+00
  1.19057931e-01 3.09357613e-01 1.47954969e+01 9.65227604e+00
  8.88143241e-01 1.03556371e+00 1.17796850e+00 3.66022611e+00
  5.52349186e+00 0.00000000e+00 7.80071542e-02 2.14283681e+00
  4.43028116e+00 1.09253895e+00 4.00778341e+00 7.20048785e-01
  2.87478536e-01 1.46294034e+00 3.01584053e+00 0.00000000e+00
  9.16672611e+00 2.17355803e-01 9.28252861e-02 1.85942173e+00
  6.75685501e+00 7.07942057e+00 1.43056898e+01 6.35075927e-01
  6.71953106e+00 5.21672547e-01 2.32347274e+00 5.98794222e-01
  3.08119082e+00 2.34062791e+00 7.40812361e-01 4.62396193e+00
  5.00892067e+00 9.51384354e+00 4.45884037e+00 5.73713984e-03
  2.80363828e-01 6.97249055e-01 1.63493559e-01 0.00000000e+00
  3.48020196e-01 1.56662285e+00 1.98059762e+00 1.33265769e+00
  2.63853168e+00 2.74481297e-01 2.66700339e+00 4.68740606e+00
  3.32772946e+00 6.73974156e-02 1.61236000e+00 1.62264693e+00
  5.34694767e+00 6.13948368e-02 4.28348446e+00 1.06304455e+00
  3.21781516e+00 7.90793610e+00 6.15401924e-01 1.62998402e+00
  4.96388769e+00 4.28349781e+00 6.21175146e+00 2.09764436e-01
  1.05356157e-01 5.56765985e+00 7.75723457e+00 0.00000000e+00
  3.37635016e+00 2.38987613e+00 1.45966101e+00 8.64602566e+00
  4.45050895e-01 1.88755047e+00 3.58095384e+00 1.55399513e+00
  5.19063473e+00 0.00000000e+00 3.13601494e+00 5.81979799e+00
  4.27205849e+00 3.44961315e-01 6.27156615e-01 6.06789541e+00
  3.97820735e+00 3.84260440e+00 1.37539981e-02 1.91101506e-01
  1.28741777e+00 0.00000000e+00 6.13869242e-02 3.53341269e+00
  4.38528395e+00 4.87386584e-02 1.69803524e+00 3.20142359e-01
  1.94205773e+00 1.01585283e+01 4.27983713e+00 1.02202690e+00
  7.19390488e+00 0.00000000e+00 2.95907927e+00 1.98605359e+00
  4.77112532e+00 1.34380603e+00 1.45878811e+01 1.92894209e-02
  5.94155630e-03 6.00203946e-02 2.68081635e-01 2.00523901e+00
  8.96552658e+00 2.58611727e+00 2.02040106e-01 8.38476467e+00
  7.22104073e-01 6.99711561e-01 4.67790318e+00 6.04812860e+00
  3.20537019e+00 3.69539231e-01 1.02369273e+00 1.93018866e+00
  2.05352092e+00 2.46711150e-01 5.49930668e+00 0.00000000e+00
  1.25170982e+00 1.04566822e+01 1.99667466e+00 6.41214609e+00
  1.45842094e+01 1.23460464e+01 4.49546385e+00 1.06365538e+00
  9.73140419e-01 3.21980715e+00 4.46055222e+00 2.05825105e-01
  2.39855862e+00 2.28716450e+01 6.74353456e+00 8.19431877e+00
  6.93873978e+00 2.36239538e-01 0.00000000e+00 2.18868041e+00
  3.06828469e-01 2.97964287e+00 3.51577783e+00 7.31570482e-01
  0.00000000e+00 6.25095987e+00 2.41638684e+00 6.20738983e+00
  7.01225281e-01 1.51477063e+00 1.42193806e+00 1.10980928e+00
  5.35547972e-01 8.19490731e-01 5.50995290e-01 4.21312284e+00
  3.79524851e+00 9.21993330e-02 5.43249702e+00 1.29763155e+01
  4.14487457e+00 5.07494640e+00 5.14936399e+00 0.00000000e+00
  1.03254910e+01 5.23573256e+00 2.75260544e+00 2.25399062e-01
  9.85231578e-01 1.83180153e+00 0.00000000e+00 9.07180786e-01
  0.00000000e+00 2.87167102e-01 3.15727770e-01 4.86125278e+00
  4.69485617e+00 1.89812994e+00 1.45454812e+00 1.18763316e+00
  1.49941158e+00 1.69141746e+00 9.08701301e-01 3.34419870e+00
  8.85050583e+00 2.88719273e+00 6.04615696e-02 0.00000000e+00
  5.87105989e+00 5.97842360e+00 5.48084736e+00 3.94098330e+00
  5.17283487e+00 4.77317899e-01 1.23215187e+00 9.34716344e-01
  6.22122129e-03 1.72844738e-01 4.38740492e+00 3.40337443e+00
  5.49587011e+00 4.08250141e+00 6.30597115e-01 1.61772060e+00
  1.62371874e+00 4.79655695e+00 0.00000000e+00 2.31767416e+00
  5.64754426e-01 3.91337514e+00 2.04809141e+00 4.08382893e+00
  4.79032934e-01 7.62982726e-01 1.19766200e+00 9.90226924e-01
  8.16016551e-03 4.46269608e+00 1.68182659e+00 5.90159774e-01
  4.54854059e+00 1.38720465e+00 9.41986179e+00 2.17823672e+00
  0.00000000e+00 1.17980433e+00 2.40620479e-01 8.52881670e-01
  1.21503744e+01 9.10580826e+00 1.08153725e+00 1.77560663e+00
  6.05620193e+00 1.07068694e+00 2.10919929e+00 2.45645642e+00
  1.21119833e+01 1.74688888e+00 4.50249577e+00 5.09183836e+00
  2.58595848e+00 2.27932549e+00 9.74680305e-01 1.70897520e+00]]