[[3.8461763e-01 2.8105283e+00 1.1085446e-01 2.4126320e+00 3.3607596e-01
  5.6691198e+00 3.9417171e+00 5.3023534e+00 2.5477688e+00 7.0876747e-02
  5.2815304e+00 8.5176718e-01 1.0024749e+00 7.5772834e+00 3.7020040e+00
  1.1979611e+00 4.6640661e-01 3.7053149e+00 1.7543684e+00 2.0874941e+00
  8.9689922e-01 1.2065454e+00 1.1029087e+00 4.4004220e-01 9.4800845e-02
  4.0636702e+00 0.0000000e+00 0.0000000e+00 1.0454042e+00 2.1149416e+00
  1.3486570e-01 1.8924626e+00 1.0947106e+00 3.6831551e+00 1.4820591e+00
  4.7087748e-02 1.8568190e-02 1.0695492e+00 4.2829967e+00 6.1396414e-01
  2.6438062e+00 1.0658344e+00 2.0227191e+00 2.5715356e+00 3.0478901e-01
  4.0310717e+00 3.9642210e+00 1.1771011e+00 3.1274698e+00 5.5827374e+00
  1.1178313e+00 4.1707480e-01 2.4423771e-01 7.5931823e-01 1.6025884e+00
  1.6813033e+00 3.4340796e+00 5.6544228e+00 0.0000000e+00 4.4850603e-02
  2.8680773e+00 2.8174531e+00 5.8584862e+00 1.2832328e+00 4.7122857e-01
  1.9083706e+00 2.6088619e-01 9.7411239e-01 2.3178609e-01 3.2338502e+00
  7.8943944e-01 6.2491083e-01 3.4011395e+00 6.2966762e+00 6.7168818e+00
  6.1214411e-01 1.3035309e+00 2.0794034e+00 2.9399478e-01 7.9075359e-02
  1.9907523e+00 2.1101136e+00 1.8095725e+00 1.8787878e+00 4.0603724e+00
  7.8628912e+00 1.8620777e+00 1.1964861e+00 7.7211475e-01 4.2931610e-01
  1.4457561e+01 1.3947649e+00 2.8164015e+00 9.9879754e-01 2.6488745e-01
  0.0000000e+00 1.7777317e+00 3.3555248e+00 2.6460664e+00 5.8564792e+00
  1.3663965e+00 2.9509318e+00 1.3889576e+00 4.7182593e+00 4.8465270e-01
  0.0000000e+00 2.4595971e+00 8.8046139e-01 5.3530675e-01 6.5828347e-01
  3.0977479e-01 2.8808088e+00 0.0000000e+00 2.6016006e-01 2.3221257e-01
  7.0444113e-01 3.2644165e+00 3.8001838e+00 6.5507871e-01 7.3636889e-01
  3.4297528e+00 5.6177098e-01 7.1699125e-01 4.8155298e+00 2.3849651e-01
  5.4057509e-01 0.0000000e+00 6.5577634e-02 2.2752963e-01 9.5197544e+00
  4.9984674e+00 2.1694319e+00 7.0288539e+00 1.2112117e+00 1.1086937e+00
  3.3327515e+00 1.0954543e+00 2.7357521e+00 5.0127039e+00 2.9965024e+00
  5.2280712e-01 2.8510151e+00 2.4441918e-03 1.7844540e+00 8.8795805e-01
  3.4979601e+00 1.5604948e-01 1.4932114e+00 0.0000000e+00 4.5786422e-01
  1.0413711e+00 6.8535250e-01 1.6691502e+00 1.6744590e+00 0.0000000e+00
  2.7972445e+00 2.1665678e+00 2.8791821e+00 4.0024605e+00 5.8129346e-01
  4.1699786e+00 5.7163773e+00 6.3621988e+00 1.5214273e+00 6.4918137e+00
  4.3492193e+00 8.1131041e-02 5.5434713e+00 5.6789571e-01 8.9341956e-01
  7.9904832e-02 3.0388958e+00 4.9617229e+00 1.8596852e-01 1.5014800e+00
  2.7320161e+00 2.0037766e-01 1.1049359e+00 2.8195972e+00 3.3060408e+00
  4.2252064e+00 1.5180813e+00 3.0292509e+00 1.6236596e-01 1.0300344e+00
  1.2960730e+00 2.1703550e-01 1.0452983e+00 2.4689701e+00 1.0477926e+01
  5.3548727e+00 0.0000000e+00 3.6408123e-01 2.5768542e+00 2.1772517e-01
  1.7318732e+00 3.3716521e+00 8.6752397e-01 1.0422968e+00 0.0000000e+00
  3.8316865e+00 2.3144662e+00 0.0000000e+00 0.0000000e+00 8.8035397e-02
  2.6457608e+00 1.0406834e+00 2.7975919e+00 3.5077551e-01 2.5681996e-01
  4.8456740e-01 4.2454391e+00 2.4339345e-01 4.8325672e+00 3.1291619e-01
  5.8669515e+00 1.8005276e+00 3.9865439e+00 3.8585081e+00 1.7599497e+00
  2.9451132e+00 1.3026752e+00 1.8682245e+00 6.9425311e+00 1.0285081e+00
  1.7208768e-01 2.4228258e+00 4.4910169e+00 7.7147233e-01 3.5549772e-01
  1.8960775e+00 3.3642721e+00 1.1780400e-01 8.4769927e-02 5.1015382e+00
  2.3308220e+00 1.0702803e+01 3.7971795e+00 6.2340732e+00 1.2153308e+01
  1.1647288e+00 0.0000000e+00 1.2844688e+00 3.6657927e+00 4.0839458e+00
  7.1579471e+00 7.4706936e+00 1.1520789e+00 3.6046908e+00 1.6262242e+00
  2.3694713e+00 5.4227867e+00 3.8056880e-02 3.5287740e+00 5.1859450e+00
  1.3661999e+00 2.0633812e+00 5.6689507e-01 4.9590650e+00 2.2133644e+00
  2.2304130e-01 6.2592983e-01 0.0000000e+00 8.4571447e-04 4.2563300e+00
  3.3835907e+00 2.2211454e+00 3.1314857e+00 5.9267926e+00 3.3782492e+00
  2.9362600e+00 3.9952976e-01 6.3202400e+00 2.6721292e+00 2.3266840e+00
  7.0713434e+00 6.8101149e+00 2.8576154e-01 0.0000000e+00 2.3260710e+00
  4.0596633e+00 7.3560536e-01 1.7078648e+00 5.2129018e-01 3.3853831e+00
  8.2431233e-01 7.4517679e+00 3.0304840e+00 1.3212254e+00 8.4782714e-01
  4.9165332e-01 4.4184971e+00 1.7421833e+00 2.8896852e+00 2.1582487e+00
  1.9196479e-01 9.8685898e-02 2.4291904e+00 4.6625128e-01 9.9206090e-02
  4.5935807e+00 8.9288988e+00 1.5584644e+00 0.0000000e+00 4.1840806e+00
  0.0000000e+00 0.0000000e+00 1.3861449e+00 3.2305603e+00 1.3185616e-01
  3.2441387e+00 4.9344829e-01 4.8747104e-01 2.2085322e-01 4.8856206e+00
  5.3885013e-01 2.4237881e+00 9.9694719e+00 0.0000000e+00 1.5062553e-01
  2.8711720e+00 5.1132864e-01 2.7019663e+00 9.6587591e-02 2.5462329e+00
  9.9419272e-01 1.8401829e+00 1.5107752e+00 2.6890683e+00 2.0477389e-01
  1.0354272e+00 8.2644100e+00 1.9761953e+00 4.5512657e+00 3.8703799e+00
  1.0588163e+00 2.1674306e+00 2.6384652e+00 0.0000000e+00 2.5994043e+00
  8.9312154e-01 1.1337080e+00 6.6928611e+00 5.8788757e+00 2.7652843e+00
  2.0485680e+00 2.1008974e-01 0.0000000e+00 2.4712721e-01 1.2004395e+00
  1.7048633e+00 9.4535673e-01 0.0000000e+00 2.5883548e+00 5.0105710e+00
  4.8265767e-01 8.0001533e-01 4.1749477e+00 1.4961588e+00 4.1841239e-01
  2.2362673e+00 0.0000000e+00 3.0570021e+00 2.0092573e+00 3.9905097e+00
  5.3672562e+00 1.1238182e+01 4.0710044e+00 3.5811312e+00 7.5791883e-01
  4.9178377e-01 3.5893624e+00 7.5062661e+00 1.3471782e+00 7.3206387e+00
  8.5892826e-01 5.3840971e-01 3.9207206e+00 1.6854539e-03 2.8856139e+00
  4.6363530e+00 3.9889259e+00 5.5342770e+00 6.2178391e-01 0.0000000e+00
  1.9656070e+00 1.2647665e-01 3.7356021e+00 1.0768582e+00 7.3318872e+00
  9.7488445e-01 3.6186280e+00 2.3367868e-01 2.8800747e+00 2.6777722e-02
  4.1890001e+00 1.7188157e+00 5.7187676e-01 6.9781142e-01 9.8985678e-01
  7.4529880e-01 4.3679209e+00 0.0000000e+00 3.1170399e+00 1.7203400e+00
  2.3789380e+00 3.1639594e-01 4.1058030e+00 3.1545657e-01 1.0682608e+00
  1.1263375e+00 3.8449321e+00 3.6656174e-01 5.2449226e+00 7.5299639e-01
  3.9492112e-02 0.0000000e+00 3.3878536e+00 1.5051904e+00 2.5812645e+00
  4.1959639e+00 2.0504646e+00 4.4156976e+00 3.9682343e+00 9.6246642e-01
  6.2679763e+00 4.9205384e+00 1.6418843e+00 2.8058180e-01 8.4408450e-01
  1.0153083e+00 5.6633263e+00 1.8554866e+00 2.4465501e+00 1.9495047e+00
  3.0881999e+00 7.2413212e-01 3.4036152e+00 6.1661446e-01 2.6641929e+00
  0.0000000e+00 1.3631138e+00 5.3602636e-02 9.0767753e-01 2.7993765e-01
  5.2503474e-02 3.4046197e+00 8.3404207e-01 8.2597739e-01 2.5918796e+00
  1.2446582e+00 7.3741155e+00 1.9220171e+00 2.0307364e+00 3.6806724e+00
  2.7730350e+00 6.6193781e+00 7.0156649e-02 5.7220759e+00 4.6695008e+00
  1.4811763e+00 2.8201435e+00 4.1148119e+00 2.2996063e+00 6.5378046e-01
  6.2002358e+00 1.8491504e+00 2.4535257e-01 8.7904911e+00 1.7727647e+00
  5.2771026e-01 1.9742198e+00 0.0000000e+00 1.1401767e+01 1.5746211e+00
  1.8477920e+00 9.0041861e-02 2.9677074e+00 2.5283394e+00 1.3012053e+00
  4.4503055e+00 1.8384315e+01 1.0427536e+00 2.2256982e+00 1.3793681e+00
  8.1707686e-01 6.8262988e-01 7.5844753e-01 2.0914621e+00 1.0083884e+00
  4.9183841e+00 3.9662802e+00 3.0122647e-01 4.3533664e+00 3.3260133e+00
  4.1457520e+00 5.1792684e+00 3.4410080e-01 2.5262823e+00 6.3845963e+00
  8.2765045e+00 1.6821508e+00 1.4073660e+00 5.4902725e+00 7.2513962e+00
  3.0270684e+00 4.6727881e-01 1.3622606e-01 4.4018278e+00 8.6286491e-01
  5.5978928e+00 9.9465162e-01]]