[[0.00000000e+00 1.58304942e+00 6.05932832e-01 1.03229642e+00
  3.83794355e+00 4.04295254e+00 2.99738431e+00 2.97498655e+00
  4.69413662e+00 4.78597373e-01 5.06813765e+00 2.43809962e+00
  2.84613013e+00 5.69806671e+00 4.28601313e+00 3.84782839e+00
  5.53451061e-01 2.29692340e+00 0.00000000e+00 3.46785259e+00
  3.48854280e+00 3.09154421e-01 3.67406893e+00 5.76912642e-01
  1.38448322e+00 2.86868405e+00 5.07587910e-01 1.45752823e+00
  2.10307312e+00 6.11055672e-01 1.93622851e+00 3.02954912e-01
  1.38076591e+00 2.53976679e+00 4.64280427e-01 1.27249062e+00
  8.87966692e-01 7.01946437e-01 9.51983356e+00 4.14521933e+00
  1.50522494e+00 3.04947114e+00 2.11785936e+00 2.43968457e-01
  2.81292200e-01 4.35757494e+00 6.70660782e+00 0.00000000e+00
  1.50545514e+00 4.24014616e+00 0.00000000e+00 1.05805624e+00
  2.20884502e-01 2.90582442e+00 3.80197954e+00 2.10247374e+00
  1.94366610e+00 5.88014793e+00 2.45858741e+00 1.18382251e+00
  3.87362671e+00 5.71546257e-01 1.08384476e+01 7.25398064e-01
  3.92405820e+00 7.71983099e+00 5.61939657e-01 1.55871737e+00
  1.25155115e+00 2.63116211e-01 1.64442158e+00 1.19176793e+00
  1.30657148e+00 7.69470453e+00 1.13953912e+00 6.39013648e-01
  6.11433887e+00 9.68977630e-01 5.11013046e-02 7.13160872e-01
  5.73790646e+00 0.00000000e+00 4.89911890e+00 2.76611626e-01
  2.57116616e-01 2.70806384e+00 0.00000000e+00 1.34976840e+00
  2.92833781e+00 0.00000000e+00 2.97098780e+00 7.03381395e+00
  0.00000000e+00 2.12127358e-01 3.69191313e+00 2.59617239e-01
  1.55933893e+00 1.32718301e+00 5.79976988e+00 4.43807268e+00
  1.07603359e+00 7.99092352e-01 9.14467907e+00 4.91719532e+00
  2.60611844e+00 1.59175575e+00 5.29515564e-01 0.00000000e+00
  2.66511947e-01 8.40776414e-03 1.45902956e+00 0.00000000e+00
  3.22525084e-01 9.76100087e-01 2.50365376e+00 2.10318923e-01
  4.14957952e+00 2.00466681e+00 8.04310143e-01 4.28111315e+00
  4.95311880e+00 4.58961099e-01 1.42232046e-01 7.76759434e+00
  1.39952123e+00 1.98258257e+00 4.19829279e-01 0.00000000e+00
  4.33844090e+00 1.04747591e+01 2.33749795e+00 1.33180201e+00
  1.28340065e+00 1.61416256e+00 4.13595819e+00 1.58905029e+00
  1.60281050e+00 7.22600746e+00 5.74210167e+00 2.91120386e+00
  6.00794017e-01 1.28774321e+00 8.37766528e-02 3.93240833e+00
  2.02674484e+00 4.83385593e-01 0.00000000e+00 1.71278968e-01
  1.27251983e+00 1.86893269e-01 0.00000000e+00 1.20453760e-01
  1.79846966e+00 1.45231664e+00 1.48875630e+00 2.63915181e+00
  5.12505293e+00 2.36994457e+00 4.96802902e+00 7.77070820e-01
  3.56277800e+00 1.36046076e+00 3.69179487e+00 7.43180156e-01
  3.94133329e+00 1.89052272e+00 1.05843866e+00 3.33786130e+00
  2.77764320e+00 1.77774608e+00 2.55384612e+00 2.17612886e+00
  3.62522364e+00 4.29193199e-01 3.89525265e-01 7.88620710e-01
  2.56132102e+00 2.40572333e+00 1.02910385e+01 7.27545261e-01
  1.09027138e+01 0.00000000e+00 6.58572626e+00 4.90714721e-02
  1.97424424e+00 2.29716039e+00 1.58238459e+00 6.00472450e-01
  1.90663958e+00 9.64326739e-01 3.39082122e+00 0.00000000e+00
  1.78199041e+00 3.22629714e+00 2.13555717e+00 1.93596137e+00
  2.71718836e+00 1.38403618e+00 4.41325712e+00 4.94710016e+00
  0.00000000e+00 1.44686878e+00 6.25227070e+00 3.06672144e+00
  4.53039503e+00 1.31914890e+00 6.08142316e-01 1.48285711e+00
  1.18892550e+00 8.73210669e-01 1.97404459e-01 3.86243796e+00
  0.00000000e+00 1.96011150e+00 5.78235686e-01 5.18986702e-01
  2.40141511e+00 8.92602265e-01 7.85758138e-01 5.23085165e+00
  1.00025141e+00 2.27410293e+00 1.75791204e+00 4.80547047e+00
  1.00102377e+00 1.68096805e+00 9.23946559e-01 1.55145586e+00
  1.92244470e+00 1.10313118e+00 2.63660884e+00 6.00442111e-01
  5.09760332e+00 3.98475051e+00 2.09056497e+00 3.25529814e+00
  2.98387313e+00 1.30097208e+01 1.08102541e+01 4.68482637e+00
  2.56549263e+00 0.00000000e+00 1.84498501e+00 3.30641150e+00
  1.78111708e+00 9.85751820e+00 8.90400028e+00 1.12553501e+00
  1.85271597e+00 5.73632002e-01 3.85788441e+00 1.25985980e-01
  3.04080582e+00 1.99244738e+00 5.81716681e+00 3.25046219e-02
  1.01870537e+00 5.70687056e+00 2.13888550e+00 1.02476931e+00
  2.04807878e+00 1.70179510e+00 1.66114587e-02 1.10119855e+00
  3.63974476e+00 1.05015910e+00 0.00000000e+00 1.87951338e+00
  3.02074718e+00 0.00000000e+00 1.44285131e+00 1.42629957e+00
  3.40665245e+00 2.00542912e-01 0.00000000e+00 4.93620396e+00
  3.95377374e+00 2.93137832e-03 0.00000000e+00 4.86194268e-02
  9.48499298e+00 4.74672699e+00 3.31029224e+00 9.85590070e-02
  2.14156657e-01 0.00000000e+00 4.29124308e+00 2.39586711e+00
  5.09319925e+00 3.29496074e+00 3.48201603e-01 2.53569770e+00
  1.52466643e+00 3.06135321e+00 1.41047633e+00 7.44783497e+00
  7.10779309e-01 7.41587758e-01 3.73480821e+00 0.00000000e+00
  2.15041637e+00 3.99872327e+00 1.36992800e+00 3.70632219e+00
  3.23468208e+00 2.83139038e+00 2.85270715e+00 1.12883449e+00
  2.23245454e+00 1.59711719e+00 5.02942324e+00 2.29476547e+00
  3.83233607e-01 2.70960164e+00 2.55609870e+00 3.76980364e-01
  4.95895243e+00 1.24786215e+01 1.41342008e+00 1.95725155e+00
  4.74236393e+00 1.19309437e+00 4.67138577e+00 6.27934098e-01
  1.92765307e+00 7.32642555e+00 4.09634495e+00 2.33799741e-01
  2.05717993e+00 1.23794353e+00 0.00000000e+00 4.40833712e+00
  1.20491457e+00 3.80492115e+00 4.52525997e+00 7.27369833e+00
  3.63316727e+00 1.91358373e-01 1.39199209e+00 1.70450199e+00
  2.02477527e+00 1.37530613e+00 1.82171667e+00 1.27486408e+00
  3.76418257e+00 7.03393507e+00 2.79639053e+00 0.00000000e+00
  3.04790378e+00 6.68931901e-01 4.16648209e-01 8.55794311e-01
  3.78741860e-01 2.59576559e+00 1.51667535e+00 3.53193671e-01
  1.39434659e+00 1.04258289e+01 5.14811325e+00 2.40133658e-01
  7.98586226e+00 1.14267612e+00 1.35153246e+00 1.18217468e+00
  4.99652147e+00 4.20167875e+00 5.13359308e+00 3.87181616e+00
  1.68647981e+00 4.57854176e+00 0.00000000e+00 1.28078711e+00
  1.19062364e+00 4.84318829e+00 8.34174693e-01 3.37645292e+00
  2.25759059e-01 3.99839091e+00 7.28800952e-01 8.53222561e+00
  8.94780540e+00 5.73310709e+00 1.53171802e+00 1.03856707e+00
  2.52216578e-01 0.00000000e+00 1.89534926e+00 8.35214704e-02
  3.91333222e-01 2.46737733e-01 2.09822699e-01 7.38240123e-01
  2.16536427e+00 4.03199148e+00 5.24139106e-01 1.67854071e-01
  4.90179491e+00 4.80976629e+00 1.26547348e+00 1.91056144e+00
  2.86274314e+00 2.18868232e+00 5.20718050e+00 1.19768686e+01
  3.16146779e+00 3.60760403e+00 1.11296201e+00 4.68183422e+00
  6.98411524e-01 1.32816839e+00 5.52092266e+00 1.29948974e+00
  6.36983752e-01 8.58244598e-01 4.53593206e+00 3.71064752e-01
  1.06247175e+00 1.38028872e+00 2.13532639e+00 1.41185358e-01
  4.82303429e+00 7.97432899e-01 1.50914982e-01 5.16608429e+00
  1.54171348e+00 3.29087114e+00 6.87919796e-01 5.71931171e+00
  2.76898980e+00 8.79431605e-01 7.43201017e-01 5.42385292e+00
  3.58767462e+00 2.83682132e+00 3.28905344e+00 7.30809402e+00
  8.46840858e-01 1.04195142e+00 2.60234594e+00 2.92737752e-01
  4.95654941e-01 8.65375102e-01 1.40845180e+00 6.54748964e+00
  3.11281502e-01 1.92361638e-01 1.65028536e+00 1.95037377e+00
  2.01840162e-01 4.86753511e+00 5.89420758e-02 3.00356674e+00
  1.70473397e+00 5.95864439e+00 6.90305328e+00 1.73796904e+00
  5.80172491e+00 4.02660990e+00 2.53286409e+00 5.32202625e+00
  1.98865092e+00 1.52261829e+00 6.96068382e+00 2.06697822e+00
  3.53429699e+00 8.93289894e-02 2.39537761e-01 7.34602451e-01
  6.53779364e+00 1.39232647e+00 5.76567793e+00 1.26754904e+00
  0.00000000e+00 1.94011438e+00 1.00786555e+00 9.09622788e-01
  0.00000000e+00 5.76780200e-01 4.63945389e+00 7.30727971e-01
  1.13347936e+00 7.51537466e+00 1.42472899e+00 1.76949322e+00
  2.65171313e+00 3.42074871e+00 1.08752356e+01 0.00000000e+00
  6.84642255e-01 2.89374571e-02 6.04111385e+00 4.14907122e+00
  2.25974274e+00 2.59008002e+00 6.17126048e-01 1.96653223e+00
  7.63054609e-01 5.94769537e-01 1.16098726e+00 0.00000000e+00
  4.69148588e+00 3.68556905e+00 8.14895344e+00 3.70436025e+00
  3.04113054e+00 2.34987664e+00 7.83665943e+00 0.00000000e+00
  3.19415522e+00 0.00000000e+00 4.84509134e+00 1.34887612e+00]]