[[1.97653246e+00 0.00000000e+00 1.42268479e+00 5.39025545e-01
  7.68088698e-02 5.52810049e+00 1.62294984e+00 0.00000000e+00
  4.81441307e+00 7.77893245e-01 2.99906403e-01 4.41000491e-01
  8.20303249e+00 9.51496899e-01 0.00000000e+00 1.60968232e+00
  2.62656510e-01 1.12611569e-01 0.00000000e+00 1.80676985e+00
  2.40265325e-01 7.02122593e+00 1.17384589e+00 6.40979242e+00
  4.03273292e-02 6.78352213e+00 3.74631238e+00 1.35506010e+01
  1.01033425e+00 9.47939008e-02 4.35914844e-01 0.00000000e+00
  0.00000000e+00 1.52390802e+00 2.62764382e+00 2.32267404e+00
  5.93975902e-01 3.67540956e-01 2.59481311e+00 5.20928383e+00
  6.39513922e+00 4.27644074e-01 8.48042548e-01 3.01063871e+00
  4.04443598e+00 5.05683541e-01 1.40007269e+00 0.00000000e+00
  4.92068624e+00 1.45967817e+00 9.73271672e-03 2.82195270e-01
  2.81683743e-01 1.48708546e+00 4.27602232e-01 1.56190598e+00
  1.22622480e+01 3.08686137e+00 1.05831060e+01 0.00000000e+00
  7.24650049e+00 0.00000000e+00 2.31324387e+00 7.82741642e+00
  0.00000000e+00 2.37521267e+00 1.33382094e+00 1.42828619e+00
  6.07449055e-01 3.61334056e-01 1.42573631e+00 1.13826733e+01
  4.42909092e-01 6.34785414e+00 7.23458588e-01 2.37833019e-02
  2.71223354e+00 6.67284012e+00 0.00000000e+00 3.48084211e+00
  3.08993012e-01 1.37033537e-01 3.70833606e-01 0.00000000e+00
  4.01105356e+00 4.81695127e+00 1.61673450e+00 1.84353578e+00
  4.58214664e+00 1.75716949e+00 2.65302205e+00 5.35980701e-01
  5.74852824e-01 8.49028111e-01 4.29044342e+00 6.03556097e-01
  2.17263162e-01 3.62565398e-01 6.10485189e-02 4.47976637e+00
  2.32686329e+00 2.54949307e+00 9.83221149e+00 5.08588934e+00
  2.06721926e+00 5.22201920e+00 1.14414978e+00 6.64642513e-01
  1.55430377e-01 1.24350893e+00 3.29910588e+00 1.73487771e+00
  6.85146675e-02 3.10402393e+00 1.73064813e-01 7.73075819e-01
  4.15163755e+00 1.43723547e+00 1.71186030e+00 3.77406073e+00
  6.74918247e-03 1.87637317e+00 3.42249274e-01 9.42316246e+00
  4.53072079e-02 7.12075710e-01 3.30766867e-04 6.02589667e-01
  5.07338428e+00 1.29778252e+01 2.97664911e-01 0.00000000e+00
  9.47798347e+00 0.00000000e+00 0.00000000e+00 2.63095737e+00
  1.29219055e-01 1.40895641e+00 6.85206592e-01 1.69196472e+01
  2.15527207e-01 1.03677906e-01 3.40027839e-01 1.94377172e+00
  1.18367565e+00 1.31180930e+00 1.46591842e+00 1.99637741e-01
  0.00000000e+00 1.02964008e+00 1.54580450e+01 2.34814215e+00
  2.32904833e-02 1.05602825e+00 5.26618242e-01 9.06778276e-02
  4.55052948e+00 1.34985769e+00 1.49835205e+00 6.41866088e-01
  1.71731937e+00 3.19919848e+00 6.21410131e+00 3.11581373e-01
  1.40333211e+00 4.74148959e-01 0.00000000e+00 1.68920577e+00
  0.00000000e+00 3.58548045e+00 7.34425831e+00 2.39790425e-01
  5.02944374e+00 7.49119329e+00 1.80908060e+00 3.37023735e+00
  3.89963579e+00 0.00000000e+00 9.59304810e+00 1.82940140e+01
  1.84025669e+00 1.44186914e+00 1.99299562e+00 1.82391608e+00
  3.90082389e-01 6.81058705e-01 5.18871784e+00 5.52930593e-01
  4.49886608e+00 6.55975640e-01 1.25472088e+01 0.00000000e+00
  1.33357966e+00 1.03280106e+01 5.02476580e-02 1.80662781e-01
  6.24518633e-01 2.09376640e+01 1.47260189e-01 0.00000000e+00
  3.57916892e-01 3.17478806e-01 0.00000000e+00 1.25125349e+00
  3.23997664e+00 1.56751707e-01 5.17475545e-01 1.01705812e-01
  6.00841008e-02 5.47433233e+00 4.79018927e+00 2.24126801e-01
  4.45672460e-02 2.93838859e-01 1.27216667e-01 1.47713828e+00
  5.03149891e+00 4.70008217e-02 3.71880984e+00 2.37779307e+00
  1.42872059e+00 9.08316040e+00 3.34393907e+00 2.01316237e+00
  1.83975156e-02 1.64550838e+01 0.00000000e+00 2.88496673e-01
  5.84195107e-02 5.65282393e+00 7.90259987e-02 2.05990481e+00
  0.00000000e+00 1.14557838e+00 1.42997396e+00 5.26189744e-01
  1.53859425e+00 5.27983665e+00 4.67117643e+00 1.77908921e+00
  0.00000000e+00 1.23418057e+00 2.13677740e+00 3.29469228e+00
  3.80810571e+00 1.34144411e+01 9.35842609e+00 1.76360083e+00
  3.46487761e+00 1.48712599e+00 3.83332819e-01 5.02154768e-01
  9.15033668e-02 8.66901875e-01 6.71094990e+00 0.00000000e+00
  5.89077711e-01 6.38669610e-01 3.81797910e+00 8.79968286e-01
  0.00000000e+00 0.00000000e+00 0.00000000e+00 6.29537487e+00
  3.08646131e+00 8.60114002e+00 1.30017078e+00 5.52203989e+00
  1.21170483e+01 1.15846729e+00 3.14044833e+00 1.43948710e+00
  3.97546887e+00 1.01832533e+01 5.69075918e+00 3.99420285e+00
  2.81804919e+00 3.87727070e+00 7.73428321e-01 2.71788526e+00
  8.30950642e+00 4.69391966e+00 2.25734196e+01 1.52556038e+00
  2.28774500e+00 6.87811598e-02 1.91441998e-01 5.03561795e-02
  1.17523634e+00 7.90220356e+00 2.06354797e-01 0.00000000e+00
  1.89633310e-01 3.53177285e+00 4.06213808e+00 4.92266476e-01
  1.55364287e+00 9.82747614e-01 7.85056427e-02 0.00000000e+00
  5.62786520e-01 0.00000000e+00 7.80461025e+00 0.00000000e+00
  2.66749978e-01 1.77010643e+00 9.66039300e-01 2.60263753e+00
  0.00000000e+00 0.00000000e+00 4.07507531e-02 0.00000000e+00
  3.42311710e-01 4.56704235e+00 4.59034503e-01 1.06646514e+00
  0.00000000e+00 6.09569454e+00 4.59458065e+00 2.42772627e+00
  3.56807017e+00 1.05713284e+00 4.62117568e-02 5.49750865e-01
  1.44629371e+00 2.64510632e+00 1.90863633e+00 4.26410705e-01
  3.42114270e-01 0.00000000e+00 3.03215671e+00 2.50229311e+00
  9.26777935e+00 1.33087218e+00 4.18080568e+00 1.65210688e+00
  4.05739927e+00 1.45425014e+01 6.34828234e+00 4.63135689e-01
  2.23570690e-01 4.26156521e-02 0.00000000e+00 5.74892616e+00
  1.51399541e+00 1.69512498e+00 2.18562365e-01 4.69771528e+00
  1.28426409e+00 1.04769039e+00 2.24182475e-02 0.00000000e+00
  0.00000000e+00 8.76580358e-01 7.32309818e-01 4.77464676e-01
  3.50426650e+00 2.17547512e+00 4.12035751e+00 1.29368210e+00
  1.39960032e+01 8.50896835e-02 7.53677940e+00 2.52398300e+00
  7.72628927e+00 5.68021715e-01 4.84312534e+00 4.73648310e+00
  4.20504771e-02 2.45151949e+00 5.03273678e+00 4.52969253e-01
  4.04175234e+00 0.00000000e+00 2.33706999e+00 1.27148330e+00
  3.65518260e+00 3.09810662e+00 2.64786100e+00 0.00000000e+00
  8.33446121e+00 9.69826430e-02 3.35804731e-01 2.47557259e+00
  3.09488225e+00 5.31048107e+00 5.99952221e-01 4.39589679e-01
  8.78786385e-01 7.39439368e-01 2.25973383e-01 1.70658720e+00
  1.00327387e+01 8.56260508e-02 0.00000000e+00 1.57367814e+00
  2.71457624e+00 3.02618575e+00 3.37459040e+00 7.35029340e-01
  5.16410954e-02 2.08897042e+00 0.00000000e+00 4.62056494e+00
  2.47458482e+00 5.33518076e+00 1.39769554e+00 5.36976993e-01
  6.70252740e-01 1.91697574e+00 2.20823479e+00 1.79769289e+00
  0.00000000e+00 0.00000000e+00 7.92879820e-01 0.00000000e+00
  6.56419635e-01 1.98394966e+00 2.50534415e-01 1.72121072e+00
  1.78331137e-01 3.88735294e-01 5.25228083e-01 7.14059925e+00
  1.39108911e-01 1.86376989e+00 4.79780048e-01 4.81102991e+00
  6.65564895e-01 1.66911870e-01 3.09788728e+00 5.49516380e-01
  1.28462677e+01 1.26382864e+00 0.00000000e+00 4.77572489e+00
  1.17469206e-01 9.11973763e+00 1.07856917e+00 2.81368673e-01
  1.27500224e+00 1.36685103e-01 3.61662686e-01 3.73497963e+00
  2.49743629e+00 2.68865538e+00 6.10948563e+00 3.02577305e+00
  0.00000000e+00 1.84023276e-01 5.65486526e+00 2.89605796e-01
  1.56643534e+00 0.00000000e+00 3.53980637e+00 3.99847776e-01
  5.48258638e+00 2.55821562e+00 1.07556939e+00 5.65601015e+00
  5.64473343e+00 0.00000000e+00 4.62561637e-01 0.00000000e+00
  0.00000000e+00 1.47176459e-01 0.00000000e+00 2.96069980e+00
  4.68460917e-02 1.16417885e+00 8.31488609e+00 9.89224148e+00
  5.62237120e+00 4.21929693e+00 0.00000000e+00 2.33547837e-02
  7.27867031e+00 2.57372499e-01 4.97873187e-01 3.67169929e+00
  1.78523695e+00 3.73217762e-01 3.79902661e-01 3.70573902e+00
  0.00000000e+00 1.87501431e+00 1.32945204e+01 0.00000000e+00
  4.77187298e-02 1.45153672e-01 4.14023817e-01 0.00000000e+00
  1.71896267e+00 8.24207878e+00 2.22912151e-02 1.20533571e-01
  5.45781708e+00 3.89622068e+00 1.01330757e+00 1.27337083e-01
  5.18029881e+00 2.31436133e+00 1.43266380e+00 4.92578125e+00
  2.64957976e+00 1.73703339e-02 1.37639675e+01 1.73595023e+00
  2.29043573e-01 3.85711156e-02 4.40423250e+00 2.52984095e+00]]