[[1.69128919e+00 2.43886518e+00 1.29312551e+00 8.97257984e-01
  8.10532868e-01 4.62974310e-01 4.82237577e+00 4.78738368e-01
  5.15789568e-01 8.33762348e-01 9.22861516e-01 2.48956180e+00
  9.60305452e-01 6.78774261e+00 0.00000000e+00 7.51638591e-01
  0.00000000e+00 1.50472546e+00 1.96201682e-01 4.41479111e+00
  0.00000000e+00 2.56258726e+00 8.79590690e-01 4.74099159e+00
  2.70944238e-01 4.39451790e+00 1.27547061e+00 1.23987615e+00
  3.04107881e+00 0.00000000e+00 7.45192051e-01 0.00000000e+00
  4.11578226e+00 4.00735044e+00 6.27957880e-01 1.59292948e+00
  2.38597894e+00 7.09967256e-01 5.16985416e+00 1.62406671e+00
  1.32966828e+00 2.15956941e-01 1.36610305e+00 5.02524281e+00
  2.20244199e-01 4.24656343e+00 1.29409647e+00 2.96998620e+00
  4.22911549e+00 1.38604999e+00 2.05576515e+00 1.16594195e+00
  0.00000000e+00 1.26785731e+00 2.59699917e+00 2.18691468e+00
  1.44801950e+00 5.81059122e+00 5.48408222e+00 3.11075687e-01
  2.21461964e+00 3.11609358e-01 8.38766766e+00 4.72315454e+00
  2.58031696e-01 2.78981417e-01 5.03965080e-01 4.57599735e+00
  1.80394471e-01 1.75580275e+00 6.24689054e+00 3.85628343e+00
  1.04802519e-01 5.80510330e+00 2.15848446e+00 3.39553684e-01
  2.46434718e-01 0.00000000e+00 4.48832750e+00 1.89957231e-01
  1.45067424e-01 1.40510788e+01 2.14204597e+00 7.08265364e-01
  2.89184570e+00 6.50695181e+00 2.15269184e+00 1.36689603e+00
  2.99332547e+00 8.07810187e-01 4.34206104e+00 7.52059221e-01
  2.40744042e+00 5.10090685e+00 3.35522842e+00 3.80681098e-01
  7.86648273e-01 1.10730517e+00 1.76360849e-02 2.80679536e+00
  3.80764031e+00 3.43047357e+00 1.38190241e+01 1.54104698e+00
  2.73355953e-02 4.37333792e-01 3.43506503e+00 1.01206064e+00
  1.95730889e+00 1.56474960e+00 2.27952749e-01 1.47285962e+00
  7.36289263e-01 4.67370415e+00 4.38276649e-01 4.63152081e-01
  3.86628032e+00 2.25182009e+00 1.78057039e+00 3.14397192e+00
  1.45324126e-01 2.55975580e+00 7.96561897e-01 9.53431988e+00
  3.05324197e-01 1.43744338e+00 0.00000000e+00 7.38510549e-01
  1.94508538e-01 6.22804117e+00 2.66092229e+00 7.35243702e+00
  1.32060909e+01 2.41776061e+00 4.64967221e-01 6.51503325e-01
  7.34126568e-01 5.90601385e-01 0.00000000e+00 1.78401337e+01
  2.87392879e+00 3.17887855e+00 3.54404539e-01 6.32152617e-01
  2.38857865e-01 7.89905727e-01 3.66080022e+00 2.73139143e+00
  0.00000000e+00 3.29044294e+00 0.00000000e+00 1.95640647e+00
  1.42565095e+00 3.04592520e-01 4.33558166e-01 8.72252166e-01
  2.09433675e+00 2.68807292e+00 8.63517463e-01 1.21135426e+00
  3.27710438e+00 4.57290077e+00 3.23055243e+00 2.23949417e-01
  1.18803549e+00 2.30109048e+00 5.50763421e-02 2.29304481e+00
  1.68808177e-01 9.67786193e-01 7.28357062e-02 1.17436743e+00
  3.02951622e+00 2.15369153e+00 3.54757261e+00 5.33189893e-01
  0.00000000e+00 0.00000000e+00 7.88067436e+00 7.20857525e+00
  1.17780042e+00 5.75332820e-01 3.66100144e+00 1.82038534e+00
  2.35202789e-01 8.12099516e-01 6.84722710e+00 4.40946674e+00
  4.78571320e+00 7.29991293e+00 8.00491428e+00 2.63827145e-02
  2.90111691e-01 1.39112198e+00 0.00000000e+00 0.00000000e+00
  8.80427647e+00 6.69677973e+00 2.17608666e+00 3.24911773e-02
  1.02812843e+01 0.00000000e+00 2.86868691e+00 9.78219569e-01
  5.98656559e+00 3.39091110e+00 1.12721264e+00 1.06380033e+00
  1.37431347e+00 7.55100536e+00 0.00000000e+00 5.13886094e-01
  2.27439618e+00 2.90219688e+00 5.21392584e-01 1.44717216e+00
  2.88403392e-01 2.40073442e+00 1.61746788e+00 2.04204893e+00
  9.55848312e+00 1.23155279e+01 4.85778713e+00 1.13547194e+00
  4.06650352e+00 3.63939786e+00 2.58138442e+00 2.41786313e+00
  1.07187319e+00 1.72538412e+00 3.77390146e+00 6.59606314e+00
  7.17864811e-01 8.04977894e-01 1.69542170e+00 0.00000000e+00
  3.69171739e-01 1.98466945e+00 1.42522752e+00 4.14959764e+00
  1.36620629e+00 1.25070655e+00 1.76398437e-02 4.45688534e+00
  1.04232514e+00 3.80157351e+00 6.10977602e+00 5.99073768e-01
  1.55335760e+00 1.05696154e+00 6.27951717e+00 1.62189031e+00
  1.30691051e+00 2.85923934e+00 3.29447603e+00 6.10277116e-01
  4.54205841e-01 2.79794902e-01 4.02827311e+00 2.46442151e+00
  0.00000000e+00 0.00000000e+00 3.15120161e-01 2.55166948e-01
  0.00000000e+00 1.71470687e-01 7.17595220e-01 3.15725279e+00
  2.53654814e+00 1.83056760e+00 1.11633425e+01 2.25911825e-03
  3.55658561e-01 2.14996219e+00 8.45599079e+00 6.51549697e-01
  2.21505976e+00 1.77641487e+00 8.21723461e-01 1.94792533e+00
  4.63226414e+00 4.28810453e+00 2.67087984e+00 7.15844536e+00
  2.16424775e+00 4.64006543e-01 2.92177391e+00 1.23710918e+00
  9.66507196e-02 6.30353642e+00 2.27226973e-01 4.39073205e-01
  1.76378193e+01 3.77039003e+00 4.61096859e+00 0.00000000e+00
  3.01561236e-01 0.00000000e+00 5.38447738e-01 0.00000000e+00
  4.65211496e-02 3.84976697e+00 1.69907582e+00 3.36430073e-01
  4.76520956e-01 1.87337708e+00 0.00000000e+00 2.87707925e+00
  6.86223805e-01 1.17937875e+00 1.39883173e+00 7.92394519e-01
  1.21880448e+00 0.00000000e+00 6.04838324e+00 1.38262331e+00
  1.28788555e+00 8.94258976e+00 1.80308819e+00 1.81574845e+00
  1.95608854e-01 1.92043692e-01 1.88803518e+00 2.19737315e+00
  1.85135043e+00 1.89506829e+00 4.53635025e+00 0.00000000e+00
  6.42345047e+00 1.19695854e+00 4.34305072e-01 3.83463573e+00
  1.69634461e+00 2.13362843e-01 1.85251260e+00 6.80090141e+00
  4.37118292e+00 6.29469156e+00 3.77561116e+00 1.59816658e+00
  1.31083882e+00 3.57260138e-01 1.23103499e+00 4.54105663e+00
  2.62807727e+00 6.13354325e-01 1.11646140e+00 1.80598855e-01
  9.50498402e-01 9.92215395e-01 0.00000000e+00 7.24656224e-01
  6.08612061e-01 2.07132995e-01 1.68346143e+00 1.13335335e+00
  7.90576100e-01 6.78190851e+00 2.82676363e+00 7.73712456e-01
  9.94085217e+00 4.17222157e-02 7.70659328e-01 7.19245374e-01
  6.65062094e+00 6.94065809e+00 2.43490314e+00 1.37543178e+00
  2.59095144e+00 1.72759724e+00 1.88632119e+00 0.00000000e+00
  2.87351513e+00 6.48400187e-01 7.86121655e+00 2.91457206e-01
  1.49637926e+00 4.76593399e+00 3.06657743e+00 7.67808735e-01
  8.70058954e-01 3.42782378e+00 6.47925568e+00 2.72274494e+00
  4.45684791e-01 5.78256845e+00 1.15805686e+00 1.51726282e+00
  3.04181910e+00 3.38732672e+00 2.71337581e+00 2.93940306e+00
  5.25747001e-01 2.29516053e+00 4.65433216e+00 2.41279888e+00
  2.20967579e+00 3.07814896e-01 6.12766886e+00 5.21324575e-01
  4.24585390e+00 3.40646148e+00 3.43327427e+00 2.95344925e+00
  1.12268772e+01 1.79758465e+00 2.61824250e+00 1.21817100e+00
  1.11849636e-01 4.11549121e-01 2.37239623e+00 4.11503124e+00
  5.01145124e-01 1.04132581e+00 3.02737951e-02 1.25089300e+00
  4.86264914e-01 3.41155076e+00 2.24236801e-01 1.62597442e+00
  4.36093122e-01 1.84969854e+00 5.69129562e+00 7.78289366e+00
  5.34332097e-01 8.00297201e-01 3.47574759e+00 4.60892975e-01
  1.48858440e+00 6.22297883e-01 1.82453573e+00 3.14102602e+00
  1.97233753e+01 8.81784439e+00 6.26132607e-01 1.29641902e+00
  1.13892663e+00 4.29430676e+00 1.11998355e+00 2.16039205e+00
  3.61608505e-01 6.50677919e-01 1.10775459e+00 0.00000000e+00
  1.29212832e+00 2.03615832e+00 3.18074727e+00 1.42028868e+00
  3.14701962e+00 3.52093673e+00 0.00000000e+00 6.67180252e+00
  1.38967752e+00 5.19957542e+00 6.87231636e+00 1.39590442e+00
  3.58751822e+00 2.67033219e-01 5.68626738e+00 3.37328100e+00
  7.36596680e+00 1.74538016e+00 2.16016501e-01 0.00000000e+00
  9.26749595e-03 2.07274008e+00 5.77256560e-01 3.71559525e+00
  9.61158180e+00 2.37590790e+00 1.18147182e+00 2.58701158e+00
  1.00946689e+00 4.91930914e+00 9.10745144e-01 2.60935873e-01
  4.18832988e-01 4.25438499e+00 0.00000000e+00 3.75096750e+00
  1.53487873e+00 3.90582442e-01 0.00000000e+00 7.66903341e-01
  0.00000000e+00 0.00000000e+00 6.91529810e-01 2.33337569e+00
  3.64264321e+00 4.03090382e+00 3.37396526e+00 2.92372561e+00
  2.23697305e+00 3.46240282e-01 5.71635485e+00 6.88140020e-02
  1.95220232e+00 7.19311953e-01 1.09298265e+00 2.32603502e+00
  2.52698183e+00 3.48788953e+00 1.03538357e-01 0.00000000e+00
  5.73778987e-01 0.00000000e+00 8.10219860e+00 3.78053546e-01
  4.60316324e+00 1.16513300e+00 3.83261013e+00 3.17136765e+00]]