[[3.99915427e-01 4.83151007e+00 3.88520002e-01 2.19928116e-01
  1.16158225e-01 4.57420063e+00 2.86020827e+00 2.89741397e-01
  2.04888439e+00 1.39736757e-01 8.80045533e-01 1.34444043e-01
  7.63399154e-02 1.93329513e+00 0.00000000e+00 6.49913788e+00
  1.00693770e-01 3.08633208e-01 1.01768494e-01 4.46103144e+00
  0.00000000e+00 4.78629971e+00 1.91145360e+00 0.00000000e+00
  1.63778201e-01 2.79847145e+00 1.43361747e-01 7.18353510e-01
  1.89498353e+00 5.75177312e-01 6.22407615e-01 4.15885782e+00
  6.38182640e-01 1.64839292e+00 5.50698757e-01 1.80816576e-01
  1.32661136e-02 1.19240798e-01 2.91141868e+00 2.00255960e-01
  3.66630793e-01 5.79744041e-01 1.84450805e-01 9.98912513e-01
  3.44593823e-01 3.42947632e-01 5.77339649e+00 3.13236165e+00
  1.14864945e+00 2.66272402e+00 0.00000000e+00 1.14274704e+00
  0.00000000e+00 3.36894780e-01 3.18088531e-01 1.07524610e+00
  3.54384232e+00 1.04319830e+01 2.06450891e+00 3.05730015e-01
  2.71795893e+00 4.39299643e-01 4.86399364e+00 1.85827386e+00
  1.19343758e+00 5.47836924e+00 3.16601783e-01 4.26515549e-01
  3.07990462e-01 2.23774815e+00 2.56989932e+00 1.36387646e+00
  3.46582443e-01 1.00302238e+01 3.43794465e-01 0.00000000e+00
  5.90886593e-01 0.00000000e+00 3.42726064e+00 2.19284058e+00
  0.00000000e+00 6.02723002e-01 5.48624039e+00 6.58504441e-02
  0.00000000e+00 2.46498227e-01 5.31237908e-02 1.84159088e+00
  4.94155884e+00 0.00000000e+00 1.30450506e+01 1.01130915e+00
  7.28912875e-02 8.78017604e-01 0.00000000e+00 1.40981272e-01
  3.61997560e-02 7.19189596e+00 1.49511349e+00 8.61845112e+00
  1.22353788e-02 6.75197780e-01 2.61729002e+00 2.03690931e-01
  4.17894155e-01 5.08853972e-01 1.03024244e+00 1.90004725e-02
  2.02197266e+00 3.26033056e-01 1.15257561e+00 3.83451253e-01
  0.00000000e+00 3.62554860e+00 1.35626864e+00 0.00000000e+00
  5.52260590e+00 2.22701788e+00 1.69280380e-01 1.18961072e+00
  2.94781536e-01 1.16886127e+00 1.35878468e+00 6.06395340e+00
  1.25209463e+00 1.32070720e+00 6.48442268e-01 0.00000000e+00
  5.00886023e-01 1.51798935e+01 8.42628181e-01 1.63447928e+00
  8.77757740e+00 3.05483294e+00 5.19693995e+00 1.50616512e-01
  1.32475746e+00 1.09508228e+00 2.36319676e-02 3.13284135e+00
  0.00000000e+00 7.05972195e-01 3.49482179e-01 1.08277512e+00
  1.80341792e+00 9.43805754e-01 0.00000000e+00 0.00000000e+00
  2.02777177e-01 0.00000000e+00 1.04141366e+00 4.51790869e-01
  2.59255171e+00 0.00000000e+00 4.80172820e-02 9.13934588e-01
  4.46192598e+00 2.60523736e-01 7.58251607e-01 3.30541104e-01
  1.63703501e+00 2.85878801e+00 4.16668367e+00 1.40976608e-01
  3.77007937e+00 7.55037740e-02 4.68276829e-01 4.36487579e+00
  1.30511558e+00 6.91702485e-01 5.74127340e+00 9.77112651e-01
  7.26400280e+00 7.02538204e+00 5.52301228e-01 2.12677813e+00
  0.00000000e+00 0.00000000e+00 7.70378637e+00 6.11894369e+00
  1.07976091e+00 0.00000000e+00 7.33678770e+00 6.74340487e-01
  0.00000000e+00 7.42691100e-01 3.53374934e+00 3.71898115e-01
  1.02975392e+00 1.08223212e+00 8.67707133e-01 0.00000000e+00
  4.96054500e-01 2.00318480e+00 1.20182492e-01 1.30525088e+00
  0.00000000e+00 1.39890301e+00 0.00000000e+00 0.00000000e+00
  0.00000000e+00 0.00000000e+00 0.00000000e+00 0.00000000e+00
  3.82732582e+00 4.82567996e-01 7.24889576e-01 9.22093272e-01
  1.22436869e+00 1.37748814e+00 1.29151797e+00 3.15767646e+00
  3.45068760e-02 6.45742342e-02 0.00000000e+00 7.90710688e-01
  1.92486989e+00 5.77018321e-01 1.49921477e-01 3.42139888e+00
  2.33925551e-01 1.89714241e+00 3.61631364e-01 4.88855839e+00
  9.59879220e-01 2.17269015e+00 9.38511610e-01 5.57564795e-01
  0.00000000e+00 5.04483700e-01 1.25088024e+00 1.30928361e+00
  3.79898882e+00 1.79233336e+00 3.28385305e+00 7.56120324e-01
  2.94306064e+00 8.89956379e+00 2.39112210e+00 1.49296331e+00
  2.42874193e+00 0.00000000e+00 9.25263023e+00 2.51212192e+00
  1.57845771e+00 4.53337669e+00 1.33991003e+01 2.91965556e+00
  1.96140528e+00 7.47390079e+00 5.05678356e-01 0.00000000e+00
  8.36208344e-01 1.24343860e+00 3.19316953e-01 0.00000000e+00
  3.87209594e-01 4.36911154e+00 3.88728321e-01 1.84561622e+00
  2.28537369e+00 0.00000000e+00 0.00000000e+00 1.07012546e+00
  1.70261753e+00 2.33255606e-02 4.64659154e-01 4.15976572e+00
  7.25285721e+00 0.00000000e+00 3.86258543e-01 0.00000000e+00
  2.05383492e+00 1.22906637e+00 2.28335118e+00 4.21532059e+00
  6.46194267e+00 0.00000000e+00 0.00000000e+00 0.00000000e+00
  2.84035635e+00 1.93838701e-01 2.72730279e+00 3.97642374e-01
  2.86830616e+00 0.00000000e+00 1.23202217e+00 1.76624298e+00
  4.97562170e+00 1.32823646e-01 2.13517323e-02 1.52120447e+00
  2.95161223e-03 2.37541899e-01 1.74122810e+00 6.47217214e-01
  6.86460209e+00 4.65880871e-01 1.56243086e+00 0.00000000e+00
  7.86867714e+00 0.00000000e+00 5.18467464e-02 7.66559780e-01
  2.33120966e+00 2.02390528e+00 1.89282060e-01 4.53039885e-01
  3.85879326e+00 0.00000000e+00 8.19705129e-02 2.17442110e-01
  2.70147226e-03 0.00000000e+00 3.95962501e+00 0.00000000e+00
  2.96527100e+00 1.09785223e+01 3.05854946e-01 4.97128516e-01
  3.79555047e-01 1.91289318e+00 4.51507419e-01 1.41700119e-01
  4.52161402e-01 3.41089725e-01 4.38936424e+00 2.55199671e-02
  5.72583318e-01 1.53322971e+00 1.08868152e-01 5.46946621e+00
  1.78466833e+00 0.00000000e+00 4.43751287e+00 9.97950017e-01
  8.14955831e-01 3.13864422e+00 0.00000000e+00 3.37389302e+00
  6.46749020e-01 0.00000000e+00 1.39046764e+00 2.17269421e+00
  1.45863497e+00 1.32741630e+00 1.33063868e-01 0.00000000e+00
  6.35385931e-01 2.97612958e-02 9.74716097e-02 0.00000000e+00
  0.00000000e+00 1.69411391e-01 2.18948317e+00 1.02958485e-01
  5.60245991e-01 1.17188139e+01 6.15016842e+00 7.25595653e-02
  6.31347179e-01 2.52617419e-01 5.18575859e+00 3.33254910e+00
  2.01841784e+00 2.57221889e+00 2.56483078e+01 0.00000000e+00
  0.00000000e+00 1.10396922e+00 0.00000000e+00 6.91557407e-01
  7.70462871e-01 0.00000000e+00 1.84262228e+00 5.77777922e-01
  1.68921575e-01 3.73301983e+00 2.28198242e+00 3.01402259e+00
  5.83010721e+00 7.42210984e-01 2.08788276e+00 2.07580954e-01
  2.12755218e-01 6.30438328e-01 0.00000000e+00 1.34848189e+00
  5.42122722e-01 1.28335154e+00 4.63491350e-01 2.94886136e+00
  1.06062531e+00 2.58616865e-01 1.39131978e-01 1.88338071e-01
  4.67139435e+00 7.95312762e-01 1.28773081e+00 1.62090349e+00
  2.77441072e+00 5.41934347e+00 2.62855458e+00 5.55982876e+00
  1.82937890e-01 8.48495960e-01 0.00000000e+00 3.95715714e+00
  2.36799955e+00 4.97622967e-01 7.36722422e+00 0.00000000e+00
  3.15622360e-01 6.39157414e-01 1.02774537e+00 2.99602449e-01
  1.09115744e+00 1.23605740e+00 5.54665983e-01 2.96783137e+00
  3.84658933e+00 1.20248067e+00 1.95908189e+00 2.36652756e+00
  1.24021900e+00 0.00000000e+00 3.30450630e+00 2.11720586e+00
  0.00000000e+00 0.00000000e+00 3.91980982e+00 7.70282364e+00
  1.24143612e+00 0.00000000e+00 2.53622264e-01 9.25736427e+00
  1.14621878e+00 9.47742760e-01 4.55399036e-01 3.48168343e-01
  0.00000000e+00 1.44018197e+00 2.52944261e-01 2.43608069e+00
  2.06919890e-02 2.82555133e-01 4.24203157e+00 1.26907945e-01
  0.00000000e+00 3.41353250e+00 9.65880275e-01 1.13304319e+01
  6.29876554e-02 4.00762129e+00 8.74812126e-01 2.83890069e-01
  8.65171528e+00 3.57748079e+00 1.52965218e-01 3.45643425e+00
  3.48328447e+00 1.75690877e+00 1.71466386e+00 1.11807358e+00
  4.39801477e-02 0.00000000e+00 4.18263793e-01 1.22246897e+00
  7.22116899e+00 1.17318308e+00 3.91930318e+00 0.00000000e+00
  0.00000000e+00 6.68124199e+00 4.43892908e+00 4.92804535e-02
  0.00000000e+00 1.88022566e+00 0.00000000e+00 2.94171482e-01
  3.02057505e-01 5.86699188e-01 2.85895705e+00 1.44363856e+00
  0.00000000e+00 0.00000000e+00 4.76762438e+00 1.66051364e+00
  4.38408661e+00 1.01915620e-01 2.07547069e+00 5.80797195e-02
  7.68757296e+00 4.46654767e-01 2.50497013e-01 1.88226581e+00
  7.51235008e-01 1.91242123e+00 0.00000000e+00 9.92058337e-01
  1.19397793e+01 2.53017008e-01 8.67463768e-01 5.00079691e-01
  5.53001070e+00 6.13502860e-01 7.74064875e+00 5.17115295e-01
  1.41162321e-01 0.00000000e+00 3.62717295e+00 0.00000000e+00]]