[[2.72585750e+00 5.75815916e-01 0.00000000e+00 4.53367114e-01
  7.27872670e-01 2.11813545e+00 2.30990124e+00 2.53527141e+00
  7.11680949e-01 2.64731431e+00 2.36630774e+00 2.56036568e+00
  5.43604183e+00 5.27943075e-01 0.00000000e+00 3.42608833e+00
  5.88278770e-01 9.79695842e-03 9.74635482e-01 3.00782895e+00
  0.00000000e+00 3.73627996e+00 7.73098588e-01 1.43316257e+00
  1.60714626e+00 6.02692270e+00 2.72519803e+00 6.00120068e+00
  1.19462752e+00 5.74902821e+00 3.05576026e-01 7.49806762e-02
  2.47374153e+00 2.59392309e+00 8.14223707e-01 5.03574535e-02
  4.46177292e+00 1.00524426e+00 8.93061447e+00 4.54081535e+00
  1.16226149e+01 0.00000000e+00 2.56847405e+00 3.47861362e+00
  6.34297803e-02 8.60170555e+00 8.74099910e-01 7.13454533e+00
  6.40148544e+00 3.20614316e-02 2.00431323e+00 3.21933722e+00
  1.21445507e-01 1.10858250e+01 6.10128117e+00 1.36913967e+00
  3.49168372e+00 1.60901964e+00 0.00000000e+00 2.69654870e-01
  1.27008915e+00 1.50995338e+00 5.81530094e+00 8.61771774e+00
  4.94704992e-01 7.80784667e-01 2.65456438e-01 2.26346302e+00
  1.10890341e+00 7.18142843e+00 4.84237814e+00 1.45961595e+00
  0.00000000e+00 9.28505516e+00 2.93715382e+00 4.44338512e+00
  3.23583698e+00 0.00000000e+00 8.79363060e-01 9.41945136e-01
  2.43725514e+00 1.61042845e+00 3.52390575e+00 9.34552431e-01
  1.18926525e+01 4.51098251e+00 4.70491379e-01 3.60173988e+00
  8.03115427e-01 2.33283401e+00 2.02057123e+00 4.10296954e-02
  3.30155820e-01 1.15829432e+00 5.04313803e+00 8.86094213e-01
  1.32497597e+00 6.77496254e-01 2.71169758e+00 5.44169235e+00
  3.47335607e-01 4.18100119e+00 2.61656713e+00 4.39881277e+00
  0.00000000e+00 0.00000000e+00 7.70573616e-01 3.02012062e+00
  1.65394795e+00 4.80029249e+00 1.93144190e+00 1.34307086e+00
  4.90588933e-01 5.47665453e+00 3.04303110e-01 2.60782719e-01
  5.24148703e+00 0.00000000e+00 2.55867386e+00 1.89514506e+00
  9.90851104e-01 2.62758398e+00 0.00000000e+00 1.17731552e+01
  9.97309029e-01 1.91463470e+00 3.40409607e-01 7.00259328e-01
  8.66177306e-02 9.75269508e+00 5.54344034e+00 8.12315583e-01
  7.58062744e+00 1.04337001e+00 2.71203423e+00 3.03687429e+00
  6.54144362e-02 1.46337897e-01 6.11768436e+00 2.16495037e+01
  5.38941026e-01 1.29826939e+00 3.10707378e+00 2.90115666e+00
  7.04783380e-01 5.35734475e-01 4.45312405e+00 4.23071384e-02
  0.00000000e+00 7.77600527e-01 2.35511065e-01 6.99313954e-02
  3.20352268e+00 0.00000000e+00 1.37386274e+00 2.51508522e+00
  0.00000000e+00 2.78251362e+00 1.49212658e+00 1.22518528e+00
  1.11159241e+00 1.91617441e+00 6.76387882e+00 0.00000000e+00
  2.70288777e+00 4.29269266e+00 2.19009042e-01 8.45208704e-01
  1.96302846e-01 1.33375835e+00 3.77880669e+00 0.00000000e+00
  1.98705971e+00 3.82511330e+00 1.07376647e+00 1.19085989e+01
  9.30521071e-01 1.85672557e+00 7.60919666e+00 1.14128590e+01
  9.44624007e-01 8.42917323e-01 6.29614878e+00 4.75854963e-01
  2.13702941e+00 1.46662736e+00 1.79499006e+00 7.58123875e-01
  4.03468370e+00 2.57050252e+00 3.66909409e+00 0.00000000e+00
  1.93833843e-01 1.64189835e+01 0.00000000e+00 1.23570323e-01
  2.75024438e+00 3.21619272e+00 8.04062963e-01 0.00000000e+00
  7.19251060e+00 4.40614605e+00 4.22394180e+00 7.02768755e+00
  5.78189278e+00 9.25989628e-01 2.15635681e+00 1.92003024e+00
  0.00000000e+00 1.97748547e+01 1.01485503e+00 8.74466240e-01
  0.00000000e+00 2.24441767e+00 1.12523687e+00 2.06235006e-01
  2.18304084e-03 0.00000000e+00 1.53592438e-01 4.43810558e+00
  3.00257087e+00 1.43586702e+01 1.77020299e+00 0.00000000e+00
  6.90675080e-01 5.22480667e-01 1.38570547e+00 1.42946339e+00
  1.45961082e+00 3.63365799e-01 2.13964653e+00 3.27813840e+00
  1.61068428e+00 6.05813682e-01 9.34866294e-02 0.00000000e+00
  0.00000000e+00 4.27896976e+00 0.00000000e+00 3.57979655e+00
  0.00000000e+00 3.75666237e+00 9.07225013e-01 7.15466118e+00
  1.91216874e+00 4.90581608e+00 6.98611259e+00 3.15666699e+00
  3.26287937e+00 1.30869281e+00 5.01794195e+00 5.35946655e+00
  3.82995582e+00 5.32727432e+00 2.82955432e+00 3.50387144e+00
  1.44528913e+00 1.06943354e-01 7.60958815e+00 1.93477583e+00
  1.36942804e-01 6.12017393e-01 0.00000000e+00 2.43708825e+00
  2.38035607e+00 0.00000000e+00 4.25388385e-03 3.53814769e+00
  1.51784527e+00 2.53025699e+00 5.81862545e+00 5.49876630e-01
  4.44799423e-01 7.11881876e+00 8.00413609e-01 1.73358336e-01
  3.67381263e+00 0.00000000e+00 1.59345358e-03 2.01497531e+00
  6.65702915e+00 5.58343935e+00 2.43480754e+00 9.24713612e-01
  2.24612999e+00 7.36879557e-02 6.67747164e+00 6.40097237e+00
  2.60040665e+00 1.47613180e+00 1.77911067e+00 1.63206375e+00
  1.21007442e+01 5.42647696e+00 9.00558567e+00 4.88301575e-01
  1.44806057e-01 1.46821916e+00 0.00000000e+00 0.00000000e+00
  8.86792064e-01 2.65470862e-01 4.64853239e+00 0.00000000e+00
  0.00000000e+00 2.51418471e+00 1.21662664e+00 8.92569065e-01
  3.31470609e+00 3.67968768e-01 4.14918756e+00 6.76062047e-01
  3.34329295e+00 1.82250535e+00 2.06812263e+00 6.96483135e-01
  3.56438684e+00 1.06564608e+01 8.62919271e-01 4.22636241e-01
  5.07089086e-02 3.45940065e+00 2.36882186e+00 1.28673434e+00
  3.09492397e+00 2.54146147e+00 1.09659224e+01 6.88395917e-01
  1.88668358e+00 3.30968642e+00 5.79476714e-01 5.79999447e+00
  2.03991175e-01 9.55431843e+00 3.83599377e+00 3.99513841e+00
  1.54174459e+00 9.17452335e+00 1.70613728e+01 1.63965297e+00
  8.11305121e-02 7.72638142e-01 0.00000000e+00 9.48841476e+00
  3.51001072e+00 1.80847093e-01 4.46473932e+00 3.03996056e-01
  4.44611645e+00 0.00000000e+00 0.00000000e+00 0.00000000e+00
  2.61471510e-01 0.00000000e+00 2.07312226e+00 1.08639896e+00
  1.50046694e+00 6.10030890e+00 1.21483803e-01 4.51133817e-01
  9.11819637e-01 0.00000000e+00 6.88903761e+00 1.58097553e+00
  9.30111408e+00 8.26248646e-01 6.96575785e+00 4.51204002e-01
  5.65129161e-01 3.41843939e+00 6.72711968e-01 7.98054457e-01
  4.49785566e+00 2.88282752e+00 3.82761812e+00 5.53917265e+00
  3.41319036e+00 3.52585745e+00 2.94502163e+00 1.64845109e+00
  5.16411141e-02 4.10877657e+00 4.28626633e+00 2.55322337e+00
  5.24685717e+00 1.09208894e+00 2.97778964e+00 0.00000000e+00
  2.09855843e+00 5.77846098e+00 2.91252971e+00 2.63391685e+00
  1.02483282e+01 1.43662107e+00 4.06571627e+00 3.12945175e+00
  1.78300977e+00 2.60415888e+00 3.65386772e+00 2.20516980e-01
  4.92508602e+00 1.29927168e+01 2.98789144e+00 8.01116943e+00
  4.00082636e+00 5.40142632e+00 4.30378151e+00 1.13552821e+00
  0.00000000e+00 1.34967744e-01 2.90408611e-01 3.09725356e+00
  0.00000000e+00 0.00000000e+00 1.55773833e-01 2.37768292e+00
  1.45537245e+00 2.93448150e-01 2.81443596e+00 3.65994644e+00
  2.26406097e+00 3.58573049e-01 6.34616041e+00 2.03775477e+00
  9.59441587e-02 0.00000000e+00 4.02803570e-01 1.05871487e+00
  2.53923965e+00 1.35810947e+00 3.64350986e+00 2.48742294e+00
  2.74017353e+01 8.85538006e+00 5.55832088e-01 9.52433825e-01
  7.44480193e-01 4.71316528e+00 4.56311703e+00 3.01073217e+00
  2.63461560e-01 6.62875414e-01 6.33408308e-01 4.37809086e+00
  3.08642332e-02 4.22450751e-02 2.50432658e+00 3.09930205e+00
  5.11659193e+00 7.97819078e-01 1.51378229e-01 4.24118805e+00
  3.65438867e+00 2.41407943e+00 8.30726326e-01 8.03032666e-02
  3.44217443e+00 5.17134607e-01 1.38261204e+01 2.54598498e+00
  2.29087996e+00 8.32802296e-01 0.00000000e+00 1.08418345e+00
  0.00000000e+00 1.66770589e+00 0.00000000e+00 5.67410231e-01
  1.73786271e+00 1.86167693e+00 2.87627864e+00 6.59432232e-01
  2.23159957e+00 6.41541100e+00 1.72204649e+00 3.96690011e-01
  1.21329153e+00 3.37641358e-01 2.15484452e+00 5.49679232e+00
  0.00000000e+00 1.58610630e+00 0.00000000e+00 3.57411361e+00
  0.00000000e+00 0.00000000e+00 1.05219436e+00 3.54390550e+00
  2.72619557e+00 2.20899105e+00 1.11283560e+01 1.13833606e+00
  7.72388995e-01 6.76925898e+00 3.50898671e+00 2.95072556e+00
  1.84947097e+00 5.86935568e+00 3.95429683e+00 4.27833176e+00
  7.85810173e-01 1.00293171e+00 0.00000000e+00 1.59407508e+00
  4.91028786e+00 2.30154347e+00 1.31494176e+00 2.31254721e+00
  2.12405634e+00 1.70097470e-01 2.23851895e+00 1.55548656e+00]]