[[9.98422038e-03 1.37894762e+00 7.71955371e-01 0.00000000e+00
  2.38064265e+00 7.06683826e+00 2.38491392e+00 2.11850047e-01
  4.30592155e+00 0.00000000e+00 4.28604174e+00 1.41886890e+00
  2.52035403e+00 5.35147142e+00 3.73285294e+00 1.78599393e+00
  2.30716729e+00 2.68813157e+00 5.80560386e-01 7.66544819e+00
  2.07186177e-01 6.98335505e+00 6.03852332e-01 5.58720732e+00
  4.69822019e-01 3.78953904e-01 2.52728671e-01 2.41479611e+00
  9.97266591e-01 5.04848361e-01 1.55953133e+00 1.25705171e+00
  1.86689526e-01 4.48081636e+00 3.69892383e+00 6.44483566e+00
  7.05351472e-01 1.19263276e-01 9.08834934e+00 3.15535283e+00
  7.62349188e-01 1.96780205e+00 1.44801724e+00 2.87552309e+00
  9.21697617e-02 0.00000000e+00 4.52393007e+00 7.40047395e-01
  3.19771314e+00 1.50573254e+00 1.58528280e+00 1.27042150e+00
  3.00594759e+00 5.47732234e-01 7.19702840e-01 3.30416036e+00
  2.40312576e+00 6.15014172e+00 3.15859914e+00 1.21674359e+00
  5.64382601e+00 4.02403980e-01 5.14565802e+00 4.36292410e+00
  2.91790652e+00 2.57198155e-01 1.70564556e+00 1.00631750e+00
  2.26311612e+00 1.40589392e+00 7.98834801e-01 7.20508099e-01
  0.00000000e+00 1.92806351e+00 9.52968121e-01 4.45951223e-01
  1.05904651e+00 0.00000000e+00 9.00340080e-01 2.31189704e+00
  2.37642542e-01 4.77719069e+00 1.69382238e+00 1.21699786e+00
  5.67599297e+00 4.48816776e+00 5.82982302e-01 2.25398242e-01
  1.99683881e+00 3.52234840e+00 2.16018295e+00 2.68283077e-02
  2.07417464e+00 1.09155035e+01 1.75179636e+00 1.79286289e+00
  2.90189314e+00 1.49180281e+00 5.31817055e+00 3.27804327e+00
  8.47849309e-01 1.96504915e+00 1.37444866e+00 2.38855910e+00
  5.64029789e+00 9.72685754e-01 1.45699632e+00 1.87578118e+00
  3.57911959e-02 4.94500589e+00 1.58615005e+00 1.82290956e-01
  1.06807363e+00 4.34796476e+00 1.18243432e+00 4.34089974e-02
  3.13778496e+00 5.96534014e+00 1.43909484e-01 8.26699495e-01
  2.51528144e+00 8.63945603e-01 3.41914988e+00 1.02061081e+01
  3.55057061e-01 1.40100765e+00 7.54457891e-01 8.16442847e-01
  8.82680297e-01 2.18438168e+01 1.82188356e+00 1.12468168e-01
  6.78844643e+00 4.72191274e-01 0.00000000e+00 5.13752222e+00
  2.06625938e+00 9.53987062e-01 1.24523962e+00 6.57575083e+00
  1.72348335e-01 3.22838140e+00 4.29734439e-01 1.82549882e+00
  2.52588916e+00 1.02137780e+00 4.45061970e+00 2.09946632e+00
  1.46223140e+00 2.27237391e+00 1.10051918e+00 3.61178207e+00
  8.48052919e-01 7.70190287e+00 2.76151395e+00 2.27620554e+00
  2.72030973e+00 1.76173079e+00 3.78369927e-01 2.89787459e+00
  3.45869160e+00 5.47167301e-01 2.25328493e+00 5.66536188e+00
  1.36590576e+00 6.98417127e-01 1.03670275e+00 4.15101051e+00
  2.15043974e+00 2.94684589e-01 2.20121336e+00 1.33986211e+00
  1.49179697e+00 9.35648322e-01 5.25890231e-01 2.43688130e+00
  1.38820851e+00 1.84422898e+00 8.29172552e-01 1.50372362e+00
  5.09797335e-01 9.13936436e-01 6.41375351e+00 5.97212672e-01
  0.00000000e+00 3.76806831e+00 4.61710644e+00 9.38927472e-01
  4.66308498e+00 3.20561260e-01 1.21285999e+00 2.63516068e+00
  0.00000000e+00 4.96451235e+00 6.43319309e-01 1.89356728e+01
  6.23592317e-01 3.23990798e+00 5.81966686e+00 5.92979527e+00
  4.96067953e+00 1.09304559e+00 9.56209373e+00 9.12718952e-01
  4.15250397e+00 2.77770829e+00 2.54704213e+00 3.30548429e+00
  5.58089542e+00 8.22451496e+00 1.85029387e-01 9.90506768e-01
  6.23798892e-02 3.69088173e+00 8.73592317e-01 7.39593685e-01
  8.42875862e+00 2.94169307e+00 1.20413482e-01 1.22389436e+00
  4.50928640e+00 3.60783482e+00 2.47264385e+00 3.84696746e+00
  8.37387681e-01 3.87761545e+00 4.51653302e-01 2.01555181e+00
  1.99680388e+00 9.21250463e-01 4.22068119e+00 3.94624329e+00
  2.23470163e+00 8.11034977e-01 2.70628452e+00 5.54508114e+00
  3.47646046e+00 1.31301928e+01 2.18959498e+00 1.99386561e+00
  4.60153866e+00 1.82267642e+00 1.16870701e+00 3.22922754e+00
  5.92643917e-01 8.74662757e-01 3.27575159e+00 0.00000000e+00
  1.77521014e+00 8.05148983e+00 5.74331808e+00 1.56556487e-01
  2.61717963e+00 1.80588531e+00 4.79996204e+00 7.39557385e-01
  3.58956432e+00 6.17902660e+00 5.37997961e-01 2.53606766e-01
  3.40265465e+00 0.00000000e+00 1.33768046e+00 9.00435925e-01
  1.81364763e+00 4.43697929e+00 1.09514022e+00 2.36217380e+00
  8.57442760e+00 3.12961292e+00 4.24442673e+00 2.21535349e+00
  1.58639729e+00 4.16746378e+00 5.41377366e-01 4.03368092e+00
  3.57545805e+00 1.41932106e+00 0.00000000e+00 5.01546097e+00
  5.42833471e+00 2.45566756e-01 2.54837608e+00 1.17907774e+00
  5.60774565e+00 1.45536542e+00 4.18883324e+00 1.99835348e+00
  1.07008612e+00 5.99096641e-02 1.30703843e+00 8.52518201e-01
  1.95097136e+00 1.32984304e+00 2.47129297e+00 5.58163071e+00
  3.47347021e-01 4.36112833e+00 1.81091762e+00 1.17274374e-01
  6.31260729e+00 6.81849527e+00 2.82943821e+00 3.12415451e-01
  3.63589549e+00 1.54156399e+00 2.12855601e+00 1.19618690e-02
  3.88204980e+00 6.06235921e-01 1.98503423e+00 7.20250988e+00
  4.20559734e-01 1.04837322e+01 8.67218018e+00 1.99537492e+00
  6.10476112e+00 6.57555008e+00 1.84384465e+00 7.24517107e-01
  6.28238058e+00 9.75411224e+00 5.62885582e-01 7.95550680e+00
  3.50751734e+00 2.97744131e+00 6.47557735e+00 4.01140308e+00
  1.74120319e+00 1.06655228e+00 3.78756166e-01 1.35919917e+00
  4.96456563e-01 9.53149140e-01 8.18076229e+00 7.64979839e+00
  2.26170588e+00 4.38524604e-01 4.05574322e+00 1.40958452e+00
  6.63131416e-01 3.33686209e+00 1.25265988e-02 1.27130878e+00
  1.01843607e+00 2.26147842e+00 3.59111261e+00 0.00000000e+00
  1.99823558e+00 5.62432003e+00 6.84138834e-01 7.77802393e-02
  5.63219599e-02 2.06150365e+00 8.99127349e-02 2.83518100e+00
  1.49955595e+00 7.23212147e+00 3.77693796e+00 4.06625891e+00
  6.43314075e+00 4.57833385e+00 2.32848549e+00 1.08903532e+01
  1.97689152e+00 1.19102728e+00 7.67600298e+00 3.57424307e+00
  2.60951281e+00 1.03868456e+01 3.45532268e-01 5.09022713e-01
  1.50359154e+00 9.44378853e+00 5.70014048e+00 1.69000971e+00
  4.28912014e-01 3.23573065e+00 8.16720366e-01 3.99339819e+00
  3.42464089e+00 1.17247200e+00 7.05588913e+00 1.45650804e+00
  1.10421157e+00 3.22865820e+00 7.55293190e-01 9.79177535e-01
  3.05453032e-01 2.24405646e+00 7.58440197e-01 3.47960377e+00
  1.71032572e+00 2.34400105e+00 5.24875700e-01 1.72272098e+00
  2.81887007e+00 2.47318244e+00 3.63926911e+00 6.90714836e-01
  2.52601171e+00 7.82793617e+00 2.47979736e+00 9.36600447e-01
  3.42169070e+00 6.55216157e-01 0.00000000e+00 4.83697683e-01
  3.89725614e+00 4.47186899e+00 7.76515961e+00 6.27767980e-01
  2.22503424e-01 3.04896021e+00 2.00653553e+00 9.74995941e-02
  6.80468261e-01 4.62590408e+00 3.20700914e-01 0.00000000e+00
  2.18945765e+00 6.89632118e-01 3.58145893e-01 8.18725872e+00
  1.03270781e+00 3.71761966e+00 5.89056349e+00 4.80440617e+00
  5.18068612e-01 4.55456686e+00 2.05719733e+00 6.49239349e+00
  4.76386756e-01 3.89935923e+00 2.47706580e+00 4.69895172e+00
  5.44464159e+00 3.12132192e+00 7.16126740e-01 5.18169308e+00
  1.13759446e+00 7.15928078e-01 8.56188118e-01 7.10906982e-01
  3.64982128e+00 1.04276156e+00 5.05677414e+00 3.16022664e-01
  2.85664022e-01 1.05176198e+00 8.47481966e-01 6.85806465e+00
  3.31225777e+00 4.42143011e+00 7.56499004e+00 2.54170227e+00
  5.40497243e-01 1.99565220e+00 2.00291768e-01 6.19428062e+00
  1.15892589e+00 1.09558535e+00 0.00000000e+00 2.21080348e-01
  7.32958794e+00 1.05386543e+00 8.66580188e-01 2.99809039e-01
  2.38637662e+00 8.19844246e-01 0.00000000e+00 6.07870007e+00
  1.26754093e+00 9.92288530e-01 5.37106276e-01 2.50724101e+00
  6.50361836e-01 0.00000000e+00 1.67646933e+00 0.00000000e+00
  4.39236313e-02 3.30956668e-01 1.18614674e+00 1.33754516e+00
  1.73529506e+00 8.54710639e-02 5.16250134e+00 2.52090931e+00
  9.04347062e-01 3.58870721e+00 1.34878588e+00 1.04421759e+01
  4.54801416e+00 4.74435329e+00 4.68287897e+00 1.49383140e+00
  1.87610888e+00 1.47619769e-01 5.64801633e-01 2.10244134e-01
  4.06175041e+00 1.85346782e+00 1.24965990e+00 5.59412050e+00
  9.49607253e-01 2.03680396e+00 5.10848856e+00 6.43807530e-01
  2.35706210e+00 1.23822808e+00 3.00277638e+00 4.68268365e-01]]