[[0.00000000e+00 1.34258151e+00 2.16344857e+00 0.00000000e+00
  3.35233271e-01 1.59214222e+00 7.31437349e+00 4.25652832e-01
  2.49003083e-01 1.12142754e+00 1.44874835e+00 8.16121876e-01
  0.00000000e+00 3.95596075e+00 1.63347140e-01 3.44093347e+00
  9.74295139e-01 5.77641606e-01 0.00000000e+00 5.11335421e+00
  1.27430975e+00 5.48411465e+00 6.65817595e+00 6.13090873e-01
  3.44087791e+00 8.67016888e+00 1.52246153e+00 5.32763116e-02
  0.00000000e+00 1.68820366e-01 9.42731678e-01 1.85637802e-01
  1.23811960e+00 2.74774384e+00 2.87743449e-01 5.50499439e+00
  5.73946142e+00 1.84500754e-01 4.96530342e+00 2.25088525e+00
  0.00000000e+00 2.76549244e+00 1.45883775e+00 1.86914587e+00
  1.20586300e+00 7.98651204e-02 3.67732310e+00 3.17659521e+00
  4.58908129e+00 8.30337346e-01 1.03431797e+00 1.48757529e+00
  1.66875553e+00 3.93670559e-01 1.25173342e+00 2.05006886e+00
  5.71305394e-01 4.66825628e+00 1.49219561e+00 2.38906741e-01
  4.84428823e-01 1.13977337e+00 6.58538961e+00 5.57747459e+00
  4.08625412e+00 1.27653170e+00 0.00000000e+00 2.36184692e+00
  3.05258721e-01 7.77919829e-01 1.98587596e+00 1.03514159e+00
  1.31576014e+00 4.09561825e+00 2.43265796e+00 2.68932670e-01
  6.21451065e-02 1.69922963e-01 5.88448405e-01 3.31921279e-01
  0.00000000e+00 3.27613711e+00 5.31657648e+00 3.77869576e-01
  3.14017117e-01 3.60114026e+00 0.00000000e+00 8.60548437e-01
  2.49902487e+00 0.00000000e+00 5.53767300e+00 2.65437625e-02
  1.27365100e+00 3.11471152e+00 1.69694734e+00 9.62837115e-02
  2.19658232e+00 2.80051970e+00 4.28635168e+00 3.42816472e+00
  9.54641402e-01 8.66517961e-01 9.33241940e+00 1.41415191e+00
  0.00000000e+00 8.70424584e-02 1.18257356e+00 2.27638125e-01
  1.75632611e-01 8.44147742e-01 1.57764280e+00 4.10607636e-01
  1.16438083e-02 1.45908250e-02 2.34130335e+00 9.50986922e-01
  5.19635153e+00 6.92597198e+00 2.12679529e+00 3.53272414e+00
  9.76221785e-02 4.51435041e+00 3.71394008e-01 9.72031307e+00
  7.46173525e+00 0.00000000e+00 2.09148645e+00 0.00000000e+00
  2.33291939e-01 1.11806927e+01 1.10859716e+00 6.31147325e-01
  6.43419933e+00 6.80845559e-01 0.00000000e+00 6.50401950e-01
  1.51218605e+00 2.24909687e+00 2.41381794e-01 4.04966545e+00
  2.11269587e-01 2.49748096e-01 2.54215449e-02 6.35542393e+00
  1.37613475e+00 7.74363637e-01 1.76431429e+00 1.46539247e+00
  5.36149144e-01 0.00000000e+00 3.51150322e+00 2.13857865e+00
  3.33579731e+00 3.88240665e-01 1.34385630e-01 5.00881439e-03
  1.64442301e+00 9.38173473e-01 2.69603431e-01 3.08079123e+00
  1.14682004e-01 1.95760262e+00 3.84394741e+00 6.83757007e-01
  2.35956335e+00 1.75093138e+00 3.47616106e-01 1.04029126e-01
  2.07995343e+00 1.31947410e+00 6.38868380e-03 2.06272766e-01
  9.36464500e+00 4.34085894e+00 9.33349073e-01 4.29329157e+00
  4.39995289e-01 1.89989477e-01 1.86173038e+01 2.08581066e+00
  6.40224993e-01 4.63802457e-01 2.25075412e+00 0.00000000e+00
  1.23710155e+00 2.87483305e-01 2.96722507e+00 3.20746958e-01
  9.84015703e-01 8.20229590e-01 5.18629001e-03 4.43915606e-01
  0.00000000e+00 1.00845547e+01 4.79034901e+00 5.75958061e+00
  8.01491737e-01 5.00179529e-01 3.71334243e+00 4.71240133e-01
  1.03238416e+00 2.62028003e+00 2.58168960e+00 2.72626376e+00
  5.23854542e+00 8.56395662e-01 2.10690188e+00 2.08656406e+00
  1.19243181e+00 4.21416044e+00 1.98980734e-01 1.65247643e+00
  3.81376684e-01 3.78457451e+00 1.32681620e+00 1.78796732e+00
  5.38805202e-02 2.62755656e+00 1.06102788e+00 3.46667957e+00
  1.54253983e+00 9.40545738e-01 1.26672983e+00 5.02046607e-02
  1.17753839e+00 7.41632059e-02 3.97069037e-01 4.85419369e+00
  1.73198032e+00 2.49619007e+00 1.37651968e+00 4.25517416e+00
  2.68706083e+00 6.27265513e-01 7.53720820e-01 1.78658175e+00
  2.85808754e+00 2.94739676e+00 3.58955050e+00 6.97392523e-01
  1.15221095e+00 0.00000000e+00 3.45930815e+00 1.55976188e+00
  1.26131403e+00 8.11801910e+00 5.53532076e+00 1.63571462e-01
  1.80700564e+00 5.63691998e+00 9.37546349e+00 1.88252121e-01
  4.82840091e-01 2.79367805e+00 6.95718575e+00 1.67388916e-02
  6.86185241e-01 3.13963473e-01 2.57341933e+00 1.72569737e-01
  0.00000000e+00 8.41615319e-01 2.03065872e-02 2.94154912e-01
  8.43414485e-01 0.00000000e+00 1.29386687e+00 1.02276218e+00
  4.60084534e+00 3.68823081e-01 2.17701650e+00 3.59905779e-01
  2.11896628e-01 1.48320317e+00 1.57079470e+00 4.11650944e+00
  5.63099384e+00 3.64178330e-01 0.00000000e+00 1.46294093e+00
  8.14522552e+00 5.48596954e+00 8.49766350e+00 9.71974254e-01
  4.56192160e+00 3.57241392e-01 4.65701866e+00 8.40198338e-01
  6.55338907e+00 3.96185470e+00 2.09208384e-01 2.27225751e-01
  3.62181401e+00 2.36605287e+00 2.17330241e+00 1.27811182e+00
  6.46964264e+00 9.79251623e-01 0.00000000e+00 2.71617889e-01
  8.95750427e+00 6.48744881e-01 7.98533726e+00 1.34978116e+00
  5.38801908e-01 1.37662661e+00 3.17750633e-01 5.68256199e-01
  3.10140920e+00 5.53831458e-01 1.70706296e+00 4.01331520e+00
  1.42072332e+00 5.88928349e-02 3.87424111e+00 0.00000000e+00
  1.25623441e+00 1.08536081e+01 4.91938531e-01 2.19011933e-01
  1.40425459e-01 1.68513894e+00 4.78035545e+00 5.61072350e-01
  1.13967216e+00 1.08902085e+00 6.88155937e+00 4.47767347e-01
  2.03554094e-01 3.24412012e+00 6.53760850e-01 4.26157522e+00
  7.82087505e-01 5.25402427e-02 5.42581129e+00 2.02619863e+00
  2.86491728e+00 2.67221808e+00 2.71434331e+00 1.39627075e+00
  1.13057517e-01 2.18348205e-01 2.84867740e+00 5.87374985e-01
  6.99627936e-01 3.72636247e+00 1.36273456e+00 1.74950957e-01
  9.21758235e-01 1.83785036e-01 0.00000000e+00 1.42446026e-01
  8.76713991e-01 3.24152851e+00 5.64212036e+00 7.29540586e-02
  7.56458193e-02 1.08139658e+01 6.22019395e-02 2.70161837e-01
  9.17856979e+00 6.15508892e-02 7.34938800e-01 1.19808197e+00
  8.62798977e+00 7.44568631e-02 2.07490520e+01 5.30637521e-03
  0.00000000e+00 1.87675864e-01 9.96669590e-01 3.13921523e+00
  1.94505107e+00 4.40102148e+00 3.16996884e+00 4.67874408e-01
  3.39842010e+00 4.87515593e+00 0.00000000e+00 2.58593583e+00
  4.28823471e+00 1.44695371e-01 1.19692123e+00 3.80798578e+00
  7.27794051e-01 4.02941883e-01 1.31953526e+00 2.37669498e-01
  3.84480447e-01 5.47496700e+00 3.17046213e+00 3.02028608e+00
  1.34337306e+00 1.78456533e+00 1.89511979e+00 2.41615772e+00
  2.28050995e+00 1.89365029e+00 5.33485079e+00 1.72823703e+00
  1.98708797e+00 8.10064793e+00 5.05571461e+00 5.35656977e+00
  8.57495213e+00 4.52241611e+00 1.34450436e+00 3.03704262e-01
  0.00000000e+00 3.24539399e+00 2.90149522e+00 4.77516316e-02
  2.23572686e-01 3.76623273e-01 4.49361038e+00 1.01384366e+00
  0.00000000e+00 2.03505850e+00 1.97304499e+00 1.76017916e+00
  2.00291467e+00 9.25033987e-01 1.64853358e+00 5.97351122e+00
  5.27457237e-01 5.17811954e-01 3.74297261e+00 2.52714610e+00
  1.00997709e-01 9.36212659e-01 3.89156485e+00 4.68527794e+00
  1.50854492e+01 3.15862536e+00 2.36822319e+00 1.38852143e+00
  1.70217907e+00 2.15387389e-01 1.21868956e+00 3.81279683e+00
  1.41868949e+00 4.42077108e-02 8.81871283e-01 2.39421225e+00
  4.84407581e-02 4.08016086e-01 4.35845822e-01 6.13430083e-01
  1.24045289e+00 7.60736167e-02 1.46193218e+00 6.86225224e+00
  9.06503975e-01 4.67574120e+00 5.96020842e+00 1.02256029e-03
  3.34042692e+00 1.26881063e+00 1.86576843e+00 6.08062685e-01
  1.48974013e+00 2.08058029e-01 0.00000000e+00 7.19422877e-01
  5.31938267e+00 7.92608336e-02 1.54583728e+00 7.37081707e-01
  5.79024601e+00 4.58503306e-01 4.46356249e+00 1.04542100e+00
  9.80415717e-02 9.09229183e+00 3.27245474e+00 1.02787101e+00
  6.58769021e-03 2.51546693e+00 1.49132326e-01 4.20501269e-03
  0.00000000e+00 4.84280959e-02 5.87653637e+00 1.73756921e+00
  2.29454279e+00 0.00000000e+00 2.17360759e+00 1.93962097e+00
  1.48074657e-01 8.27836037e-01 1.00457001e+00 1.07788744e+01
  1.11856496e+00 2.01694995e-01 5.97919524e-01 1.45890403e+00
  2.01332405e-01 7.35627890e+00 5.11596859e-01 1.12694502e+00
  6.62220049e+00 5.75307421e-02 0.00000000e+00 9.94996965e-01
  2.84442067e+00 3.72970164e-01 1.96511161e+00 3.46388316e+00
  1.29943216e+00 8.38579893e-01 2.46494937e+00 5.57530344e-01]]