[[4.16914612e-01 1.02777004e+00 5.22742939e+00 1.17562401e+00
  1.31627333e+00 4.17920411e-01 3.97797823e-01 2.22326592e-02
  7.78814971e-01 3.80084109e+00 4.90241957e+00 3.02384639e+00
  2.49582720e+00 1.74829054e+00 6.55628800e-01 9.75146711e-01
  8.35832179e-01 1.13989496e+00 7.42931962e-01 1.48304248e+00
  2.48204410e-01 2.29833484e+00 1.33574569e+00 3.03969145e-01
  2.73842764e+00 3.52512026e+00 3.69801712e+00 2.82487333e-01
  3.31510282e+00 9.07570362e-01 5.85744739e-01 1.07876444e+00
  3.42906237e-01 2.61015153e+00 1.01716781e+00 3.06269121e+00
  1.48489630e+00 3.88352796e-02 1.48667669e+00 3.10123825e+00
  1.45852203e+01 0.00000000e+00 2.01668119e+00 7.46755123e-01
  1.38681874e-01 2.60279417e-01 2.80079246e+00 2.53301598e-02
  2.12181568e+00 1.94819808e+00 4.56602716e+00 1.69070089e+00
  1.17173862e+00 4.00879192e+00 1.01695454e+00 2.00311601e-01
  1.01791830e+01 0.00000000e+00 1.56844616e+00 2.97757298e-01
  3.00328231e+00 1.13660383e+00 4.98411560e+00 1.35058308e+00
  2.52455533e-01 5.30849600e+00 3.95443630e+00 1.39395094e+00
  2.38912296e+00 5.79758465e-01 5.21596432e+00 6.94171572e+00
  1.94342923e+00 2.09403062e+00 4.33666897e+00 1.18544626e+00
  6.50902569e-01 3.44988823e+00 9.25111651e-01 9.61748064e-01
  5.09436250e-01 5.87102079e+00 5.33458614e+00 5.95273161e+00
  8.05243015e+00 6.24768734e+00 1.99632883e-01 3.84871292e+00
  2.27393293e+00 1.88600436e-01 1.98956895e+00 6.08192348e+00
  4.29360420e-01 1.54618692e+00 1.78262746e+00 2.05189490e+00
  1.14527214e+00 8.14271867e-01 2.55798250e-01 3.42278123e+00
  1.43307698e+00 3.59389842e-01 6.78254414e+00 8.65261555e-01
  3.13769013e-01 3.05750799e+00 2.64486122e+00 8.46003771e-01
  1.93459964e+00 2.99735332e+00 1.84021568e+00 0.00000000e+00
  1.09561472e+01 9.22114998e-02 1.82542026e+00 1.28297961e+00
  7.40728521e+00 8.52126300e-01 0.00000000e+00 1.69182932e+00
  2.02736735e+00 1.76690564e-01 1.57638788e+00 3.58535767e-01
  1.77820706e+00 2.98093462e+00 2.96130848e+00 5.43160737e-01
  1.47420740e+00 7.12025976e+00 2.27567267e+00 1.72020006e+00
  1.05459738e+00 4.48057365e+00 3.60693765e+00 3.38709188e+00
  1.15822709e+00 7.16191959e+00 3.97357792e-01 5.56351542e-01
  1.60928965e+00 1.75689149e+00 3.32186639e-01 5.84281445e+00
  1.46993828e+00 2.07369733e+00 2.89996243e+00 0.00000000e+00
  1.64618111e+00 1.05615311e+01 5.98758638e-01 1.08054972e+01
  5.99447072e-01 1.98826611e+00 5.33916664e+00 4.89874870e-01
  4.01060867e+00 3.21294832e+00 2.14730263e+00 2.80297732e+00
  2.40207839e+00 2.00409293e+00 3.64688396e+00 1.70765972e+00
  1.23406637e+00 3.05111575e+00 2.09095430e+00 1.76978111e+00
  7.04035521e-01 1.74507797e+00 8.46548367e+00 7.66156960e+00
  6.37835217e+00 4.64076471e+00 1.96885717e+00 7.02659460e-03
  7.57803261e-01 1.02863096e-01 7.55883741e+00 2.04575419e+00
  2.96553075e-01 3.83840412e-01 5.22355986e+00 1.21639527e-01
  1.10015130e+00 1.04995787e+00 2.83179855e+00 8.43071163e-01
  1.09257197e+00 4.82678413e+00 5.48409462e+00 4.51237631e+00
  2.18935418e+00 2.38639998e+00 6.63763809e+00 3.44481707e-01
  8.05055559e-01 3.79858589e+00 3.50721025e+00 2.22174954e+00
  3.97321606e+00 4.56663728e-01 1.95816946e+00 7.10451698e+00
  5.04469538e+00 1.62472880e+00 1.91138065e+00 4.30667210e+00
  1.42043466e-02 1.10303533e+00 3.47817087e+00 1.29713643e+00
  8.89848650e-01 4.39411074e-01 1.46186292e-01 3.85051203e+00
  6.73320484e+00 5.81888247e+00 1.66274500e+00 1.48022676e+00
  4.27854156e+00 9.18336570e-01 7.87530041e+00 1.03298426e+00
  4.08147907e+00 1.01208973e+01 8.37948680e-01 7.54714203e+00
  3.31638622e+00 2.69891953e+00 1.11601341e+00 3.20161104e+00
  0.00000000e+00 1.60145867e+00 2.64368296e-01 3.10728693e+00
  1.00895052e+01 6.78151608e+00 1.13637905e+01 3.72339964e+00
  1.96187139e+00 6.04148924e-01 1.12805855e+00 9.78811073e+00
  5.94177395e-02 5.59331608e+00 1.99545145e+00 5.39933980e-01
  4.73160893e-01 2.08544075e-01 2.29278207e+00 2.33764976e-01
  3.56387138e+00 3.05109644e+00 1.61713696e+00 0.00000000e+00
  1.19140422e+00 9.78925884e-01 4.43971539e+00 1.94884551e+00
  4.32663232e-01 7.79630184e-01 2.94361043e+00 4.72529840e+00
  1.04553068e+00 1.77830923e+00 6.85081720e-01 1.70464921e+00
  1.03571939e+00 3.01584983e+00 1.28133523e+00 4.64416929e-02
  4.43546724e+00 2.87358618e+00 1.42194080e+00 1.65916729e+00
  3.54006028e+00 1.01645756e+01 4.15360737e+00 5.41245341e-01
  7.05111742e+00 4.81086159e+00 9.09457684e+00 4.74568844e+00
  1.81880343e+00 1.46437824e+00 2.41375995e+00 3.91779256e+00
  3.79302192e+00 7.68449545e+00 7.43367529e+00 5.73347583e-02
  8.89893532e-01 2.31362081e+00 2.18173647e+00 1.99217749e+00
  0.00000000e+00 0.00000000e+00 5.86853087e-01 1.68185920e-01
  8.68143260e-01 6.43422842e+00 6.58750200e+00 5.89058995e-01
  2.93023062e+00 4.74117708e+00 8.35255051e+00 3.52873945e+00
  7.07241893e-02 2.52010584e-01 2.63390422e+00 3.29327559e+00
  3.90434742e+00 5.94200420e+00 8.93903077e-01 4.02398348e+00
  2.59121871e+00 3.97605658e+00 2.07575232e-01 1.59226930e+00
  9.68342209e+00 1.74564910e+00 6.59562349e+00 3.66223359e+00
  4.93115091e+00 9.53120708e-01 1.93382108e+00 6.90168202e-01
  3.25567746e+00 4.10331219e-01 2.75944853e+00 2.53182960e+00
  1.94850683e+00 9.09012437e-01 1.35790718e+00 8.87292194e+00
  8.01866531e+00 3.70773792e+00 6.84060335e+00 2.69424009e+00
  6.41749191e+00 7.24310040e-01 1.46096897e+00 0.00000000e+00
  2.78473091e+00 1.25583947e+00 1.70574939e+00 3.64396334e+00
  1.03280056e+00 3.80485129e+00 1.79996103e-01 0.00000000e+00
  6.85881793e-01 1.64691687e+00 2.29206038e+00 1.94114760e-01
  2.17911020e-01 2.15224433e+00 1.80007055e-01 2.52940464e+00
  7.51808500e+00 2.48068666e+00 4.64157879e-01 7.84673691e+00
  4.50883436e+00 2.67892623e+00 1.77493644e+00 7.26108253e-02
  1.04489689e+01 4.63720655e+00 4.75026798e+00 7.97339797e-01
  4.74854803e+00 1.64273727e+00 2.95246387e+00 2.17520642e+00
  3.67679209e-01 2.45134664e+00 3.84752774e+00 4.97138739e+00
  2.48067713e+00 7.07125425e+00 4.42441130e+00 2.55250216e+00
  1.34634209e+00 9.93042588e-01 3.45440674e+00 1.14965789e-01
  9.15484801e-02 9.86182308e+00 1.53791761e+00 7.90011525e-01
  4.18878508e+00 6.78630233e-01 4.43304586e+00 1.20115802e-02
  1.83068538e+00 6.13111544e+00 9.83986092e+00 0.00000000e+00
  2.34123492e+00 3.56083655e+00 3.71915197e+00 3.26168251e+00
  7.15589523e+00 2.03859732e-01 1.73770988e+00 4.08052683e+00
  5.69222271e-01 3.93062890e-01 4.12595987e+00 4.26883602e+00
  0.00000000e+00 1.20953396e-01 1.46978843e+00 1.94452703e+00
  4.76378232e-01 2.71503901e+00 7.25130200e-01 1.57633805e+00
  2.68660450e+00 7.69664228e-01 3.53499383e-01 5.74039364e+00
  2.44087124e+00 1.63418984e+00 1.07625794e+00 2.05776620e+00
  9.27227437e-01 2.43237615e+00 1.96042269e-01 7.63438988e+00
  0.00000000e+00 4.13549328e+00 9.90807593e-01 1.03494024e+00
  1.28511548e+00 0.00000000e+00 4.41129565e-01 3.76991034e-01
  7.50397325e-01 9.83853436e+00 2.40696400e-01 5.96270752e+00
  4.85915899e+00 1.57966363e+00 2.26990223e+00 7.28952587e-01
  0.00000000e+00 3.57058954e+00 1.29689491e+00 3.99186420e+00
  2.92270994e+00 5.24274683e+00 3.55445766e+00 7.11359441e-01
  2.47771692e+00 1.54297125e+00 2.02262378e+00 1.01902256e+01
  9.05887261e-02 5.07167578e+00 1.86651754e+00 3.10261440e+00
  2.99175471e-01 4.07259893e+00 6.42700195e+00 2.70974350e+00
  2.10782194e+00 3.25691557e+00 1.04526615e+00 2.99412966e+00
  2.04791093e+00 5.77261782e+00 0.00000000e+00 7.63355732e-01
  2.22403669e+00 6.31379461e+00 3.18967676e+00 2.49185920e+00
  3.78399277e+00 5.19453669e+00 8.17188740e-01 1.89503324e+00
  4.68480587e+00 1.03179188e+01 1.35321820e+00 0.00000000e+00
  9.02304292e-01 2.75728941e+00 1.21706998e+00 2.72802925e+00
  2.96683550e+00 1.25397837e+00 4.57308388e+00 2.04799724e+00
  1.12030961e-01 9.31001186e-01 5.07239008e+00 8.41752052e-01
  6.17936611e+00 5.09376466e-01 5.23181915e+00 2.62651622e-01
  3.40619922e-01 1.29082894e+00 2.95912743e+00 2.15039238e-01
  2.47380352e+00 1.28142910e+01 4.99450111e+00 2.32358980e+00]]