[[3.71590877e+00 2.17593759e-01 4.36410475e+00 4.22947836e+00
  3.26203346e+00 3.65661621e+00 5.17588663e+00 4.04602146e+00
  3.77374482e+00 1.31101680e+00 3.41788530e-01 1.17899740e+00
  6.62936020e+00 1.55454302e+00 0.00000000e+00 6.99425340e-01
  1.09380352e+00 2.60151744e+00 3.69670033e+00 1.23249445e+01
  0.00000000e+00 1.93843346e+01 1.64200950e+00 9.45184529e-01
  3.91025662e-01 1.88195658e+00 3.35195231e+00 1.00216007e+01
  3.26126122e+00 1.23667669e+00 3.95487046e+00 9.40400437e-02
  2.48598024e-01 4.26077414e+00 1.34810591e+01 4.92508858e-01
  0.00000000e+00 2.90320396e+00 7.10672855e+00 1.89891443e-01
  9.79043782e-01 2.34174043e-01 6.57657623e-01 8.73302364e+00
  0.00000000e+00 2.31193751e-02 3.42448306e+00 3.52460647e+00
  5.78736019e+00 1.55414373e-01 7.13906288e+00 3.09376121e+00
  2.96134043e+00 6.79943919e-01 2.25247431e+00 8.63953972e+00
  1.00908852e+01 5.23435736e+00 3.66202092e+00 8.57579613e+00
  1.04982376e+00 8.05838287e-01 9.78334546e-02 1.37607307e+01
  2.06614360e-01 5.42231846e+00 5.78659010e+00 1.28456324e-01
  1.23083568e+00 1.22866005e-01 3.31029272e+00 7.72437632e-01
  0.00000000e+00 3.84101343e+00 5.53966331e+00 3.39820474e-01
  4.15199190e-01 3.13399553e-01 5.48443258e-01 1.50057518e+00
  2.08571985e-01 2.14669633e+00 8.59327888e+00 5.57663393e+00
  1.52332664e+00 1.22288549e+00 1.09256577e+00 2.44465068e-01
  7.48605537e+00 1.07163322e+00 1.94080114e+00 6.23639166e-01
  7.61716425e-01 3.52254009e+00 2.99673748e+00 3.84136319e-01
  5.48823786e+00 5.80941319e-01 1.11923981e+00 2.59066844e+00
  7.26084948e-01 3.21169317e-01 1.37687540e+00 6.05765724e+00
  0.00000000e+00 0.00000000e+00 1.26716137e+00 9.47813225e+00
  4.36014271e+00 1.07815151e+01 1.40171647e+00 4.30853033e+00
  0.00000000e+00 8.17863178e+00 3.32185507e-01 3.75559831e+00
  9.02790606e-01 0.00000000e+00 5.07383251e+00 1.52538812e+00
  1.11141108e-01 2.57829428e+00 2.99503493e+00 1.22041893e+00
  0.00000000e+00 4.22259998e+00 1.23873508e+00 1.06964910e+00
  3.05772829e+00 8.46940422e+00 6.34163666e+00 4.75746298e+00
  8.38957405e+00 5.38453877e-01 1.54639626e+00 3.86613798e+00
  6.69124126e-01 1.17901051e-02 2.64972663e+00 4.63066906e-01
  4.91446525e-01 3.04152155e+00 3.50046897e+00 1.11714268e+00
  1.17564642e+00 3.63732505e+00 7.11440229e+00 0.00000000e+00
  2.63874203e-01 1.47479749e+00 1.79081511e+00 4.86739111e+00
  3.02420330e+00 0.00000000e+00 1.73608875e+00 1.07472694e+00
  6.53757572e-01 2.00502777e+00 5.81056690e+00 3.60711193e+00
  2.25294769e-01 2.46883583e+00 6.24917746e+00 1.55088753e-01
  1.70188749e+00 8.54098320e-01 5.52724361e-01 7.39553571e-01
  6.91908717e-01 4.29537803e-01 6.15077877e+00 0.00000000e+00
  9.35205460e+00 7.95468760e+00 2.45276356e+00 2.86091447e+00
  0.00000000e+00 2.77905524e-01 1.79261172e+00 1.11637764e+01
  4.66096735e+00 2.41507709e-01 2.39497304e-01 3.45788985e-01
  1.25091434e-01 2.99911308e+00 2.23483413e-01 0.00000000e+00
  9.89354515e+00 1.89871323e+00 3.43009663e+00 6.89003468e-01
  3.52008581e-01 3.82388806e+00 1.02747455e-02 1.66587219e+01
  7.12684059e+00 4.88922864e-01 1.13208048e-01 0.00000000e+00
  3.71660686e+00 1.63075006e+00 6.78021622e+00 8.31609368e-02
  3.90068030e+00 7.74784565e-01 2.13186169e+00 8.89632344e-01
  5.47107220e-01 2.25355244e+01 2.87453604e+00 3.10269809e+00
  1.09213077e-01 2.08909273e+00 4.75983590e-01 1.22611713e+00
  0.00000000e+00 9.94415700e-01 1.34710938e-01 3.75733542e+00
  3.80333757e+00 1.36169267e+00 3.24052405e+00 1.94921628e-01
  8.01849270e+00 2.78290391e+00 4.32482100e+00 2.72430038e+00
  4.41770887e+00 1.36102235e+00 1.50119543e+00 1.40165627e+00
  4.37980318e+00 1.07486570e+00 1.60122669e+00 1.97561932e+00
  2.69940710e+00 4.02567768e+00 5.22799635e+00 9.28250694e+00
  6.65426874e+00 8.73510987e-02 4.43805885e+00 6.21595860e+00
  4.29705477e+00 7.22287989e+00 3.37559295e+00 2.81314182e+00
  2.89895296e-01 1.09509411e+01 1.14186144e+00 2.14226317e+00
  3.57449508e+00 8.73581707e-01 7.98493207e-01 3.29348993e+00
  2.69951105e+00 1.30447805e+00 6.09411180e-01 1.36713190e+01
  0.00000000e+00 0.00000000e+00 0.00000000e+00 5.27341747e+00
  2.51681614e+00 2.61902785e+00 5.21368074e+00 1.44482660e+00
  2.39610267e+00 5.67454457e-01 5.65963447e-01 9.79192352e+00
  1.45673835e+00 1.35928941e+00 4.34910965e+00 0.00000000e+00
  4.02308416e+00 8.61596394e+00 1.09787071e+00 8.46797347e-01
  5.78562546e+00 2.60274839e+00 2.30341339e+00 4.32885504e+00
  2.07774624e-01 1.04217634e-01 3.10333908e-01 1.56587255e+00
  3.74044800e+00 3.57181931e+00 1.28624451e+00 4.43711340e-01
  1.01240623e+00 4.86000824e+00 4.32718188e-01 1.07560110e+00
  0.00000000e+00 4.29404914e-01 0.00000000e+00 2.74063438e-01
  1.36583204e+01 0.00000000e+00 6.96229506e+00 1.88810647e+00
  8.18780601e-01 8.04246235e+00 8.16880035e+00 7.05852449e-01
  1.54015243e+00 8.17498744e-01 2.22986534e-01 1.06387334e-02
  2.69279051e+00 7.25988567e-01 6.98793471e-01 6.68077850e+00
  2.11273479e+00 4.60340881e+00 0.00000000e+00 1.84993553e+00
  0.00000000e+00 1.02226138e+00 3.25651377e-01 1.90446067e+00
  3.64250302e+00 6.80863023e-01 1.63411450e+00 5.72609425e-01
  3.29679751e+00 9.44929957e-01 0.00000000e+00 2.53310204e+00
  3.71098042e+00 1.29468799e+00 4.54518497e-01 1.72678545e-01
  2.14687854e-01 2.03980994e+00 4.57999611e+00 4.04796219e+00
  6.98571980e-01 5.11503518e-01 0.00000000e+00 8.65324402e+00
  7.76087224e-01 1.27916849e+00 1.26722503e+00 2.27412128e+00
  1.09670198e+00 2.88396835e+00 1.25045168e+00 1.74776900e+00
  6.73636007e+00 0.00000000e+00 8.42391789e-01 1.06339686e-01
  0.00000000e+00 2.46086144e+00 3.38662595e-01 4.49064350e+00
  4.01239347e+00 8.98626208e-01 3.58553743e+00 1.69711912e+00
  6.29684508e-01 3.00180984e+00 7.38884926e+00 0.00000000e+00
  0.00000000e+00 3.46304226e+00 6.40773475e-02 9.35604811e-01
  7.19548559e+00 5.87986922e-03 1.65538073e+00 0.00000000e+00
  1.23164356e+00 1.93949938e+00 1.21165609e+01 3.06139898e+00
  2.03014374e-01 9.21608162e+00 3.74694133e+00 1.35593116e+00
  1.46774900e+00 6.91264915e+00 9.00930524e-01 0.00000000e+00
  2.30510068e+00 3.14737272e+00 5.11524487e+00 3.03420782e+00
  9.63308692e-01 3.46676111e-01 4.64754772e+00 1.21257818e+00
  2.97367513e-01 1.74441651e-01 7.21700370e-01 4.56645578e-01
  2.70913458e+00 1.37590103e+01 1.03908885e+00 5.58857584e+00
  8.58284533e-02 3.42277694e+00 7.73972869e-02 1.29988232e+01
  0.00000000e+00 1.55644417e+00 3.11898232e+00 3.17062402e+00
  0.00000000e+00 2.38268927e-01 1.42500162e+00 0.00000000e+00
  2.72772312e+00 6.98785973e+00 0.00000000e+00 0.00000000e+00
  2.70496100e-01 0.00000000e+00 1.35958509e+01 2.31473178e-01
  2.56037378e+00 0.00000000e+00 0.00000000e+00 1.83801606e-01
  3.23705375e-01 5.85785151e+00 4.62167740e+00 1.12947726e+00
  2.37569594e+00 7.86563444e+00 2.02015325e-01 1.21991575e+00
  4.36339855e-01 1.43579829e+00 3.72428656e+00 1.42483437e+00
  1.30870894e-01 1.47671551e-01 3.03391552e+00 3.79149139e-01
  2.12961960e+00 2.74578834e+00 4.97566700e-01 2.61126709e+00
  1.75524011e-01 7.31292129e-01 5.66069412e+00 8.24628353e+00
  3.33022547e+00 1.16502702e+00 2.06234291e-01 0.00000000e+00
  2.72546482e+00 4.72463816e-01 1.91914487e+00 1.93690205e+00
  2.43796182e+00 1.35433543e+00 0.00000000e+00 0.00000000e+00
  0.00000000e+00 4.71818566e-01 0.00000000e+00 3.49809647e-01
  5.43472506e-02 3.33048761e-01 1.30585343e-01 1.10151405e+01
  8.73519063e-01 3.26532412e+00 3.71879997e+01 5.24161577e-01
  0.00000000e+00 7.93298006e-01 2.63275480e+00 0.00000000e+00
  1.64086854e+00 7.75045216e-01 4.06337833e+00 6.21881342e+00
  3.13412994e-01 0.00000000e+00 4.48676968e+00 2.06746340e+00
  2.59245491e+00 9.04783905e-01 5.14665604e+00 0.00000000e+00
  4.76578295e-01 2.90100527e+00 1.38098133e+00 2.52653122e+00
  1.93259990e+00 8.51558399e+00 6.00985527e+00 1.22372830e+00
  2.01438117e+00 0.00000000e+00 6.45692301e+00 6.79862213e+00
  4.54460889e-01 2.11078000e+00 4.77718735e+00 7.62777376e+00
  2.65168369e-01 1.41029656e-01 3.00553584e+00 5.04325517e-02]]