[[2.21205980e-01 9.09832716e-01 1.18980942e+01 1.44911635e+00
  2.72021323e-01 2.14144802e+00 2.08326578e+00 1.42658949e+01
  1.31058919e+00 5.75111055e+00 8.56966913e-01 3.45573664e-01
  9.93526268e+00 5.25303411e+00 4.12535131e-01 2.31485486e+00
  0.00000000e+00 8.12732995e-01 1.06703624e-01 1.55653644e+00
  1.43306875e+00 6.67501497e+00 1.95915341e-01 5.75747633e+00
  1.26739717e+00 8.64390182e+00 5.58975887e+00 1.67043197e+00
  3.22143865e+00 6.44158840e-01 0.00000000e+00 2.27944350e+00
  7.81673372e-01 3.49328327e+00 4.22962999e+00 2.43878424e-01
  3.84378362e+00 1.41902566e+00 1.04384317e+01 7.19143212e-01
  5.89897037e-01 5.88699698e-01 1.27474856e+00 5.44293165e+00
  2.31542444e+00 7.62638509e-01 3.33246350e+00 1.52975550e+01
  9.76062679e+00 2.96053201e-01 1.71302986e+00 0.00000000e+00
  1.32767439e-01 7.92197466e-01 8.12278271e-01 3.94066155e-01
  2.69278455e+00 1.24732552e+01 7.39529371e+00 0.00000000e+00
  0.00000000e+00 1.11477673e+00 1.72333837e+00 7.45546818e+00
  4.29639399e-01 2.75029373e+00 0.00000000e+00 1.20181477e+00
  5.49878597e-01 7.46350586e-01 1.13324375e+01 2.56006646e+00
  5.50163651e+00 1.34069910e+01 9.78849792e+00 6.74905837e-01
  5.80645704e+00 1.09038460e+00 1.91163309e-02 1.23095775e+00
  3.01838470e+00 7.50649571e-01 3.03641272e+00 1.02932632e+00
  0.00000000e+00 6.64557266e+00 7.57726371e-01 5.21694124e-01
  6.24350214e+00 5.93008958e-02 2.06711912e+00 5.36309814e+00
  5.64375830e+00 4.87239552e+00 6.72084987e-01 6.17130578e-01
  9.66169059e-01 9.68697071e-01 2.33008075e+00 3.35503721e+00
  0.00000000e+00 1.11038790e+01 3.97174454e+00 5.17336607e+00
  1.46325648e+00 0.00000000e+00 0.00000000e+00 3.48755658e-01
  5.08123827e+00 1.80881798e+00 4.19467783e+00 4.30590010e+00
  1.54010698e-01 0.00000000e+00 8.76569524e-02 1.25076973e+00
  2.66902876e+00 4.15908277e-01 7.93696213e+00 5.52935934e+00
  6.68849647e-01 3.04636985e-01 0.00000000e+00 1.89849110e+01
  4.51780260e-02 2.15740466e+00 0.00000000e+00 6.77576847e-03
  1.33507586e+00 4.42383623e+00 1.05982637e+00 7.26005077e-01
  7.56697559e+00 0.00000000e+00 4.94465888e-01 2.25703859e+00
  3.50116849e-01 0.00000000e+00 3.50809813e+00 1.43454838e+01
  1.91358340e+00 2.73044594e-02 2.00807786e+00 7.66691732e+00
  1.28532422e+00 1.59994471e+00 6.00483942e+00 1.23877430e+00
  0.00000000e+00 1.54095173e+00 1.92710857e+01 1.10981607e+00
  2.80317378e+00 0.00000000e+00 1.59279025e+00 1.46184406e+01
  8.05620074e-01 1.32963908e+00 1.63035199e-01 2.96552324e+00
  4.93923482e-03 2.59584427e+00 5.43685675e+00 8.39499474e-01
  2.86805010e+00 4.05862713e+00 2.08883863e-02 3.82253027e+00
  4.56499755e-02 2.28821015e+00 0.00000000e+00 4.71789390e-01
  2.02700958e+01 2.44272614e+01 1.23554313e+00 4.73857307e+00
  1.01008981e-01 2.53013921e+00 1.64601078e+01 1.63819218e+01
  3.54457688e+00 6.56245172e-01 8.79825413e-01 1.23288870e+00
  2.18507070e-02 2.41883934e-01 5.26957464e+00 1.43246263e-01
  3.05291104e+00 7.50009489e+00 1.18007927e+01 0.00000000e+00
  3.43285751e+00 1.08854160e+01 4.20450866e-01 1.42178345e+00
  2.44181490e+00 8.36770535e-01 1.00078464e+00 1.73634684e+00
  4.79267454e+00 5.56679106e+00 1.64261031e+00 0.00000000e+00
  8.21370035e-02 1.20565677e+00 2.76701260e+00 5.11126852e+00
  8.59504938e-01 1.03148146e+01 4.51889944e+00 7.02886486e+00
  6.13382280e-01 3.40551186e+00 5.21372676e-01 0.00000000e+00
  1.59515882e+00 7.14618921e+00 2.23139572e+00 3.66819644e+00
  4.96642590e-01 2.59405994e+00 5.02439439e-01 6.58708525e+00
  7.64518142e-01 2.50563383e+00 4.97881949e-01 6.58536971e-01
  0.00000000e+00 4.87638903e+00 3.76280367e-01 0.00000000e+00
  2.01065350e+01 3.58249497e+00 1.32929385e+00 1.49948883e+00
  3.21711731e+00 1.86690331e+00 1.48507118e+00 1.17773521e+00
  8.90646577e-02 0.00000000e+00 1.00083523e+01 4.41670418e+00
  4.30175972e+00 3.02720737e+00 3.99896479e+00 3.45507431e+00
  4.96619320e+00 3.25852394e+00 1.90908659e+00 3.60185206e-01
  0.00000000e+00 4.62828302e+00 1.65394652e+00 1.47905409e+00
  2.59024549e+00 2.93791562e-01 4.15461969e+00 1.85461804e-01
  0.00000000e+00 1.46410823e-01 0.00000000e+00 1.70698690e+00
  1.89087427e+00 8.67108703e-01 3.96726179e+00 3.35233301e-01
  5.12087822e+00 1.41218567e+00 7.00376654e+00 1.46805450e-01
  3.15937459e-01 6.37199354e+00 3.49645591e+00 1.75129390e+00
  1.90202045e+01 1.01008928e+00 6.74946904e-02 7.28400707e+00
  4.37271404e+00 1.40529096e-01 1.37715507e+00 2.49084085e-01
  1.12525880e+00 0.00000000e+00 9.26603031e+00 0.00000000e+00
  2.24554375e-01 2.39404392e+00 9.52710450e-01 2.18102622e+00
  4.74562824e-01 4.56908941e-01 5.25814867e+00 6.69943154e-01
  2.79894185e+00 3.16057026e-01 4.63948107e+00 0.00000000e+00
  3.05147705e+01 4.36330414e+00 1.07800817e+01 1.31049109e+00
  0.00000000e+00 9.09174860e-01 8.20737648e+00 1.86240995e+00
  3.93588471e+00 4.38515663e+00 4.17057514e+00 4.45976675e-01
  2.03933454e+00 3.11562681e+00 8.35151196e+00 0.00000000e+00
  9.99189019e-01 1.16866293e+01 1.39465117e+00 9.97362041e+00
  0.00000000e+00 5.15050936e+00 2.35160995e+00 2.08309650e+00
  4.87937355e+00 1.38040316e+00 1.31842861e+01 3.89032722e+00
  3.22823906e+00 1.53320682e+00 1.01527536e+00 1.02987659e+00
  1.09717579e+01 6.61724234e+00 8.96082115e+00 6.69554353e-01
  5.07410288e+00 1.26791048e+01 5.42092705e+00 2.77183819e+00
  1.64072052e-01 0.00000000e+00 6.30239487e-01 9.87880707e+00
  2.06036866e-01 0.00000000e+00 1.24522531e+00 6.46035147e+00
  2.39213109e-01 0.00000000e+00 1.25002593e-01 0.00000000e+00
  1.48637509e+00 1.58848453e+00 2.61626720e+00 3.43913883e-01
  4.68325377e-01 6.36033344e+00 1.94193280e+00 0.00000000e+00
  5.56543589e+00 0.00000000e+00 9.23880672e+00 1.58614826e+00
  2.49214697e+00 1.78002357e+00 2.36605244e+01 4.69250822e+00
  0.00000000e+00 9.99393082e+00 2.71190107e-01 0.00000000e+00
  1.05327666e+00 0.00000000e+00 2.26871872e+00 6.94784105e-01
  2.31205988e+00 3.59173834e-01 1.69713058e+01 1.17639148e+00
  1.80670410e-01 7.97365189e+00 6.20549805e-02 5.60079098e-01
  5.14549732e+00 3.62379384e+00 2.81887794e+00 2.19577074e-01
  2.20681988e-02 2.52599597e+00 9.41511810e-01 1.80144107e+00
  2.79557586e-01 1.62257969e-01 0.00000000e+00 6.08440924e+00
  1.65629661e+00 8.66418481e-01 4.38809681e+00 1.40730071e+00
  2.08505177e+00 1.99791527e+01 0.00000000e+00 7.12432051e+00
  4.80388403e+00 1.78408039e+00 0.00000000e+00 1.09501198e-01
  0.00000000e+00 5.25977135e-01 1.25188971e+01 5.44597912e+00
  1.35211372e+00 0.00000000e+00 2.56585240e-01 0.00000000e+00
  8.14548588e+00 1.81197453e+00 1.03541124e+00 1.17965288e+01
  4.54491186e+00 0.00000000e+00 1.83970526e-01 1.59880221e+00
  0.00000000e+00 1.43316403e-01 2.48727053e-01 2.03649926e+00
  9.84216595e+00 2.94841576e+00 5.98897886e+00 0.00000000e+00
  2.66356831e+01 2.27429628e+00 1.91091269e-01 1.39606893e+00
  0.00000000e+00 7.20187378e+00 1.68223023e+00 1.55490470e+00
  1.32604554e-01 0.00000000e+00 8.09863865e-01 1.67893434e+00
  0.00000000e+00 8.04665208e-01 1.07838130e+00 1.45311642e+00
  2.94539976e+00 0.00000000e+00 2.57670140e+00 1.43415880e+00
  4.05200577e+00 2.54165125e+00 5.43235302e-01 8.15278590e-02
  7.61043119e+00 6.28423929e+00 3.97774518e-01 6.23704815e+00
  2.71845841e+00 2.93633533e+00 3.46203303e+00 0.00000000e+00
  0.00000000e+00 4.21348238e+00 1.70172822e+00 2.51941872e+00
  2.56231499e+00 2.51872635e+00 8.91466808e+00 6.90010977e+00
  3.08454967e+00 8.12260628e+00 2.22388077e+00 1.61505485e+00
  0.00000000e+00 1.66238591e-01 9.93327904e+00 8.33094788e+00
  2.99357629e+00 0.00000000e+00 0.00000000e+00 1.09151363e+00
  0.00000000e+00 0.00000000e+00 4.51030827e+00 1.69836227e-02
  4.58693832e-01 1.97076336e-01 9.23636532e+00 4.93860197e+00
  2.47363043e+00 8.13509178e+00 6.87189460e-01 1.18713677e+00
  1.08787460e+01 1.12900429e+01 1.23209739e+00 1.22615516e+00
  6.74249887e+00 2.45638061e+00 0.00000000e+00 2.14449291e+01
  8.09110641e+00 3.84303665e+00 1.44374549e+00 7.56760216e+00
  2.63020515e+00 9.70660865e-01 1.80086625e+00 1.04120865e+01]]