[[2.1669369e+00 2.0301092e-01 4.1701770e+00 5.2812433e-01 1.1664751e+00
  4.0525999e+00 3.1222463e+00 5.7875299e+00 6.4533973e+00 2.4764473e+00
  9.8023736e-01 1.5711150e+00 4.9544530e+00 5.9947166e+00 0.0000000e+00
  2.7412109e+00 1.1091907e+00 4.4850910e-01 7.8700438e-02 5.9165087e+00
  1.4286896e+00 7.2461805e+00 5.0213349e-01 4.0944543e+00 5.3600824e-01
  7.8714147e+00 1.7638941e+00 4.1123695e+00 4.8230645e-01 1.5150382e-01
  2.1895681e-01 1.4662319e-01 6.7913133e-01 5.7067451e+00 2.2260203e+00
  2.9669476e-03 2.8195109e+00 3.1182339e+00 1.3250098e+00 4.5246789e-01
  9.1722518e-01 0.0000000e+00 2.0524845e+00 6.5219669e+00 2.4310744e+00
  5.3940934e-01 2.9027133e+00 7.3827167e+00 5.2115798e+00 0.0000000e+00
  1.0682145e+01 3.2868266e-01 1.3101498e+00 1.0132860e-01 3.3070772e+00
  1.3742138e+00 2.4923196e+00 8.5919733e+00 6.0459232e+00 1.5266209e-02
  1.3308346e+00 9.2206913e-01 2.4558411e+00 4.0249624e+00 3.6634207e-02
  2.0298572e-01 1.2542835e+00 5.2807188e-01 2.0180593e+00 1.1024821e+00
  4.8266654e+00 4.0055647e+00 2.2294374e+00 2.6718919e+00 6.8449244e+00
  2.8682736e-01 6.7612743e-01 7.3130780e-01 2.2206881e+00 8.3760973e-03
  5.1531901e+00 2.6716459e+00 2.2407835e+00 1.6136464e+00 0.0000000e+00
  3.5372722e+00 1.3733455e+00 6.7315930e-01 7.7606511e+00 8.5000634e-01
  1.8873689e+00 3.3227460e+00 9.8073918e-01 3.1876850e+00 3.1990070e+00
  5.0323039e-01 1.3782109e+00 4.6808201e-01 3.7673695e+00 3.1499834e+00
  7.3284477e-01 6.8288493e+00 2.2327161e+00 2.8464780e+00 0.0000000e+00
  0.0000000e+00 3.2561523e-01 1.3060208e-01 4.9843454e+00 6.1907773e+00
  4.2165389e+00 2.9793906e+00 1.9503891e-01 9.2192155e-01 3.9114380e-01
  4.0574849e-01 3.1457675e+00 4.2060736e-01 5.7768755e+00 2.7115633e+00
  2.8191673e-02 5.5442089e-01 0.0000000e+00 1.2295542e+01 3.1436682e-03
  1.8420073e+00 0.0000000e+00 2.6413345e-01 2.1025672e+00 4.0217252e+00
  7.3357338e-01 3.8085121e-01 6.7154007e+00 2.6278436e-01 1.1465359e+00
  6.1943990e-01 1.7131953e-01 0.0000000e+00 1.6744908e+00 1.2788451e+01
  1.5140755e-01 1.5280262e-01 6.4065343e-01 1.8403698e+00 2.9177350e-01
  2.3371811e+00 6.1697187e+00 2.7728549e-01 1.9738637e-01 1.6506078e+00
  1.0559363e+01 1.6664766e+00 3.0135012e-01 0.0000000e+00 1.3629181e+00
  4.7597718e+00 2.7906147e-01 6.3594860e-01 2.0739644e+00 9.7606206e-01
  0.0000000e+00 1.5069561e+00 5.2809286e+00 6.9832847e-02 2.9291422e+00
  3.2488983e+00 0.0000000e+00 7.9389529e+00 1.2356673e+00 2.8720405e+00
  3.4580892e-01 8.0772060e-01 8.9303617e+00 1.2352817e+00 4.7026864e-01
  4.7221603e+00 0.0000000e+00 1.2125826e+00 4.1137404e+00 9.8162155e+00
  7.4112749e-01 4.7663961e-02 3.2442186e+00 2.2418256e+00 2.1780942e-01
  4.2143035e-01 5.6270471e+00 5.4521423e-02 1.6971732e+00 5.9581256e-01
  7.9051895e+00 0.0000000e+00 1.3085853e-01 1.3916016e+01 1.5463287e-01
  1.1792767e+00 1.3858288e-02 7.5699639e-01 4.4760156e+00 2.1523559e-01
  7.9106941e+00 3.5275292e+00 1.0927606e+00 4.8760131e-01 0.0000000e+00
  1.3088784e+00 3.7445905e+00 2.0975187e+00 1.0094649e+00 1.3817114e+01
  8.2516879e-01 1.6056342e-01 4.7684595e-01 2.7993042e+00 6.0353440e-01
  1.3271208e+00 1.1509151e+00 5.5626402e+00 1.3361038e+00 4.5879035e+00
  6.9827038e-01 4.7724171e+00 1.1062098e+00 3.7538381e+00 2.5460205e+00
  2.6567862e+00 2.2285013e+00 2.8672976e+00 3.6321450e-02 4.9356666e+00
  6.7562354e-01 5.6051087e+00 4.7963543e+00 8.1759129e+00 2.1333849e+00
  2.2350757e-01 2.2344651e+00 5.9778098e-02 1.2125553e-01 5.0303860e+00
  1.2999344e+00 0.0000000e+00 9.7453646e-02 2.6920743e+00 2.2806277e+00
  5.5824232e+00 3.6977050e+00 6.0925114e-01 3.8653851e+00 3.8075249e+00
  3.3078718e+00 4.0715261e+00 1.2971476e+00 6.2448978e+00 3.7205961e+00
  1.9049206e+00 1.0169583e-01 3.0000710e-01 2.1520383e+00 1.4635830e+00
  0.0000000e+00 0.0000000e+00 5.0886238e-01 4.5079422e+00 1.0512561e+00
  2.3966587e-01 7.6019973e-01 2.7264011e+00 2.6605513e+00 8.3494163e-01
  1.1851213e+01 0.0000000e+00 1.5160227e+00 9.0504831e-01 5.3691854e+00
  1.5382872e+00 8.1229296e+00 4.9439684e-01 1.2719995e+00 2.3436761e+00
  6.9701905e+00 4.8040166e+00 3.1553445e+00 7.5076342e-01 1.7048954e+00
  2.9815641e-01 5.6050253e+00 3.6049792e-01 0.0000000e+00 1.6489303e+00
  1.4461843e+00 1.7693539e+00 9.2409573e+00 1.0858895e+01 9.1842759e-01
  9.4724014e-02 2.8758609e+00 1.5044680e+00 6.9696063e-01 2.0017953e+00
  4.2055988e+00 2.8685069e-01 4.7181654e+00 1.6203798e+00 6.3862103e-01
  1.3506415e+00 4.4193845e+00 2.6007953e+00 1.9832298e+00 6.8205482e-01
  1.9083294e+00 6.6457897e-01 1.9212875e+00 3.1262255e-01 1.3053237e+00
  6.1951542e-01 4.0508410e-01 8.9340296e+00 2.3273022e+00 1.0769446e+01
  0.0000000e+00 4.6241512e+00 2.9555777e-01 1.7686789e+00 6.1883445e+00
  1.8546498e+00 5.9455810e+00 3.3995109e+00 8.5054392e-01 7.5052667e+00
  6.0012269e-01 3.0899930e+00 7.8023715e+00 2.8345811e+00 7.3714685e+00
  8.0697179e-01 3.1686655e-01 6.4068341e+00 9.7214031e+00 3.3452481e-01
  1.2560816e-01 2.6353976e-01 0.0000000e+00 3.9986539e+00 3.9456644e+00
  1.0597997e+00 4.9204230e-01 4.6915579e+00 1.8856961e+00 1.2397985e+00
  4.7891505e-02 1.9388092e+00 1.0992975e+00 2.3016186e+00 1.6707937e+00
  1.3700886e+00 1.9408422e+00 1.9542109e+00 6.2697077e-01 3.9469821e+00
  1.0106491e-02 1.1040545e+00 5.0412359e+00 2.6112466e+00 6.6365557e+00
  6.9320941e-01 5.0604491e+00 8.9362592e-01 0.0000000e+00 7.8587298e+00
  0.0000000e+00 0.0000000e+00 1.6936448e+00 6.8806261e-01 3.0753458e+00
  0.0000000e+00 3.3313906e+00 2.1334920e+00 8.8430023e+00 3.0417855e+00
  1.0199398e+00 4.7767758e+00 3.7118965e-01 2.9927487e+00 5.5344362e+00
  3.5958111e+00 2.5902393e+00 2.6548770e-01 6.7061788e-01 3.0879943e+00
  2.2052965e+00 1.7551138e+00 3.3505561e+00 4.4336382e-01 0.0000000e+00
  5.7326617e+00 4.1469061e-01 1.9458262e+00 3.9814472e+00 1.0004399e+00
  2.2014828e+00 7.3148270e+00 1.3410020e+00 2.5151980e+00 5.0740795e+00
  5.1052647e+00 6.9253689e-01 7.0670402e-01 0.0000000e+00 1.4804193e+00
  3.4931934e+00 4.3464479e+00 4.1037688e-01 0.0000000e+00 2.1668218e-01
  8.5682712e-02 1.9191669e+00 5.6698623e+00 1.2509004e+00 8.5013275e+00
  1.7948641e+00 5.0727117e-01 5.6031857e+00 3.9972079e+00 0.0000000e+00
  9.0188749e-02 1.1437362e-01 2.8518316e-01 6.9807882e+00 4.2129481e-01
  4.9148269e+00 9.8162699e-01 2.0278835e+01 3.0430939e+00 2.8131163e-01
  2.5947508e-01 2.3373263e-02 3.9467263e+00 4.3451209e+00 3.3613570e+00
  4.4827285e+00 1.4934783e-01 9.7889489e-01 2.4236035e+00 4.8788488e-02
  2.1982700e-01 2.7949004e+00 1.1174638e+00 8.7532783e-01 4.7697105e-02
  4.3036532e+00 7.4259119e+00 5.0115597e-01 1.5413691e+00 0.0000000e+00
  1.5828365e+00 8.3618488e+00 4.5987105e+00 1.7920991e+00 3.6255782e+00
  4.9931145e+00 2.7654948e+00 7.6985365e-01 2.8197231e-02 0.0000000e+00
  1.5937384e+00 7.8678203e-01 8.1338882e-01 3.9143723e-01 4.4147425e+00
  2.3761191e+00 2.4092317e+00 2.0201778e+00 1.0374950e+01 1.6021928e+00
  0.0000000e+00 1.2359521e-01 1.6746939e+00 7.4099698e+00 2.3654056e+00
  3.0974772e+00 1.4761755e-01 2.0378122e+00 1.7417319e-02 1.1651686e+00
  0.0000000e+00 1.8946694e+00 3.4099009e+00 4.5880480e+00 1.4304881e-01
  4.6689401e+00 3.9784951e+00 2.8842297e+00 4.1084528e+00 4.8500991e+00
  1.3161702e-01 1.8583344e+00 4.1035743e+00 0.0000000e+00 2.2402706e+00
  4.0871582e+00 2.6594033e+00 1.9722446e+00 1.0384676e+01 3.3897483e+00
  1.9574497e+00 1.6295460e+00 2.2778139e+00 4.6052003e-01 3.3300731e-01
  1.0064501e+00 3.9787676e+00]]