[[2.38929129e+00 1.61225751e-01 2.10065746e+00 2.89244577e-02
  7.29763880e-02 4.48129463e+00 2.04258800e+00 1.56697502e+01
  5.24507403e-01 7.82090282e+00 1.83483046e-02 9.90660608e-01
  6.36951065e+00 8.07120228e+00 0.00000000e+00 1.62767279e+00
  4.10316706e-01 8.82888198e-01 1.26154944e-01 3.00291753e+00
  3.12165666e+00 4.66752291e+00 7.25137353e-01 4.44337368e+00
  9.80086267e-01 8.20295143e+00 1.57047081e+00 4.47977257e+00
  3.02835417e+00 6.28289342e-01 5.19406855e-01 2.34720731e+00
  1.54704437e-01 4.23985386e+00 1.42922938e+00 2.65074998e-01
  5.95254993e+00 2.05502033e+00 5.06913090e+00 3.11320210e+00
  6.76034975e+00 2.13840932e-01 2.59688902e+00 2.91734838e+00
  1.60186172e+00 9.77056563e-01 2.33805513e+00 1.41439981e+01
  5.79138851e+00 0.00000000e+00 2.51826239e+00 9.07724723e-02
  2.53754854e-01 2.62858963e+00 6.25147343e+00 0.00000000e+00
  3.06511354e+00 1.04008350e+01 3.52764273e+00 5.98045051e-01
  0.00000000e+00 2.67339993e+00 2.97300887e+00 6.46420908e+00
  6.05331481e-01 6.95062828e+00 0.00000000e+00 4.04927611e-01
  1.16953492e+00 6.46445202e-03 1.22977018e+01 0.00000000e+00
  8.27681732e+00 4.05455637e+00 2.84395432e+00 2.35430315e-01
  2.38937497e-01 1.92636526e+00 1.68560827e+00 8.22528601e-01
  1.65126756e-01 2.00363779e+00 4.39709330e+00 1.98877692e-01
  0.00000000e+00 6.66181374e+00 6.38497949e-01 1.43902075e+00
  5.88767672e+00 1.59645379e-02 1.35224903e+00 3.16541314e+00
  5.38993311e+00 3.96574527e-01 1.46211803e-01 6.57998249e-02
  7.62765288e-01 1.30055213e+00 6.45185089e+00 3.34983945e+00
  4.40201610e-01 8.30534649e+00 8.74886990e+00 7.84492588e+00
  0.00000000e+00 0.00000000e+00 1.16977751e-01 4.11615342e-01
  5.30131149e+00 3.34967566e+00 2.84825444e+00 8.18754196e+00
  0.00000000e+00 0.00000000e+00 0.00000000e+00 3.81226450e-01
  3.12951446e+00 1.18068889e-01 8.51875305e+00 4.07643890e+00
  9.18657184e-02 1.24995792e+00 1.74186051e-01 1.22502575e+01
  0.00000000e+00 2.73825812e+00 0.00000000e+00 0.00000000e+00
  4.06384379e-01 1.03515902e+01 0.00000000e+00 2.21191227e-01
  1.10715380e+01 1.75234520e+00 0.00000000e+00 1.36608005e+00
  4.83349487e-02 1.39592573e-01 3.31342053e+00 8.76797485e+00
  1.35459554e+00 0.00000000e+00 3.80415130e+00 3.36824155e+00
  1.45635056e+00 6.07136965e-01 4.37647152e+00 2.88981748e+00
  0.00000000e+00 2.73551774e+00 9.71422195e+00 1.04838610e+00
  1.93756294e+00 0.00000000e+00 1.43854752e-01 1.11316271e+01
  1.29389811e+00 1.52072310e+00 2.89737552e-01 3.41207236e-02
  6.05851591e-01 3.27010870e-01 3.09146214e+00 2.39106238e-01
  1.06201673e+00 5.43900299e+00 3.83418620e-01 9.62955475e+00
  2.20515108e+00 7.72546864e+00 0.00000000e+00 0.00000000e+00
  1.57546911e+01 7.68178177e+00 2.43153000e+00 3.75016713e+00
  0.00000000e+00 4.44462210e-01 1.44219742e+01 7.11477613e+00
  3.51723742e+00 3.47236007e-01 1.03500962e+00 2.55428791e-01
  1.05511355e+00 2.46889734e+00 5.92296600e+00 5.37204206e-01
  1.64240432e+00 4.02256870e+00 9.24019527e+00 0.00000000e+00
  2.75835800e+00 1.03179455e+01 2.76916534e-01 1.67650056e+00
  9.35470834e-02 6.15482521e+00 4.63289404e+00 8.18203151e-01
  4.29465580e+00 4.42669201e+00 3.42778802e+00 0.00000000e+00
  2.48945808e+00 1.12279639e-01 7.47298121e-01 1.74295962e+00
  7.47665584e-01 1.49876471e+01 4.69102859e+00 1.82751870e+00
  2.60434240e-01 3.64203691e+00 2.15350330e-01 1.63410768e-01
  9.96538550e-02 2.82332635e+00 3.71791482e+00 4.01928139e+00
  1.46328342e+00 5.29810810e+00 1.15690231e-02 4.30372763e+00
  4.09013510e+00 2.72560191e+00 0.00000000e+00 1.00582218e+00
  0.00000000e+00 1.00114250e+00 8.80113170e-02 2.07203865e+00
  1.42313042e+01 5.17410088e+00 3.09256101e+00 1.18323433e+00
  2.09113836e+00 1.83606017e+00 1.51093960e+00 7.77622163e-01
  2.62208402e-01 0.00000000e+00 1.47691739e+00 2.81019258e+00
  3.32176018e+00 7.26747465e+00 5.26508188e+00 4.27259922e+00
  6.35122108e+00 3.56132603e+00 1.36652565e+00 1.63672948e+00
  0.00000000e+00 2.87760830e+00 3.09890151e+00 7.94485807e-01
  0.00000000e+00 0.00000000e+00 4.11358213e+00 4.26184207e-01
  3.97803366e-01 8.92798528e-02 2.18995720e-01 5.45738506e+00
  6.66228831e-01 4.34674114e-01 2.91841960e+00 2.57110095e+00
  1.11836600e+00 3.88022333e-01 7.52049017e+00 7.85237104e-02
  4.35376316e-01 7.48814493e-02 2.95387506e+00 1.24197459e+00
  1.13431110e+01 1.09700739e+00 0.00000000e+00 5.60222340e+00
  5.99898672e+00 5.09762812e+00 3.89689565e+00 3.11782025e-02
  3.15579796e+00 0.00000000e+00 8.28391647e+00 1.18851793e+00
  1.57688749e+00 4.53577995e+00 1.20589852e+00 4.69768524e+00
  3.22855830e+00 9.17212486e+00 5.23159552e+00 0.00000000e+00
  5.37270784e+00 9.37331840e-02 8.62540662e-01 0.00000000e+00
  2.95881677e+00 1.27748087e-01 5.09633684e+00 1.25225079e+00
  0.00000000e+00 1.38295126e+00 7.20932055e+00 2.04607010e+00
  3.27863789e+00 4.80663061e+00 1.74280787e+00 8.93187940e-01
  7.78638721e-01 0.00000000e+00 7.60603905e+00 0.00000000e+00
  1.55491579e+00 1.14456959e+01 2.18426609e+00 1.70147145e+00
  0.00000000e+00 5.16992235e+00 8.59934211e-01 2.49332714e+00
  5.67770243e+00 1.13642716e+00 1.06265135e+01 5.19099760e+00
  1.77429390e+00 4.75591660e+00 1.53062478e-01 2.24320650e+00
  6.38877583e+00 4.43836498e+00 5.63015795e+00 4.00431424e-01
  1.98663890e-01 1.38862371e+01 9.66100407e+00 2.47529268e+00
  0.00000000e+00 0.00000000e+00 0.00000000e+00 6.77363729e+00
  1.33616000e-01 1.00957882e+00 2.02409029e+00 2.41798759e+00
  4.92882073e-01 0.00000000e+00 5.84650874e-01 0.00000000e+00
  1.71848666e-02 2.74780703e+00 9.74632740e-01 2.23655701e-01
  6.59694970e-01 5.92187500e+00 5.44611883e+00 0.00000000e+00
  1.01667824e+01 0.00000000e+00 4.04731512e+00 3.69833082e-01
  8.72303200e+00 7.72808135e-01 5.44619083e+00 3.47896785e-01
  0.00000000e+00 1.30901587e+00 1.77503216e+00 1.57957852e-01
  0.00000000e+00 1.58201214e-02 3.73797011e+00 3.11873031e+00
  8.92152607e-01 8.92950371e-02 1.04297190e+01 9.47600380e-02
  2.21634462e-01 5.28273106e+00 0.00000000e+00 1.71128380e+00
  6.36764336e+00 4.89702076e-01 3.97421026e+00 0.00000000e+00
  0.00000000e+00 7.50962687e+00 3.19537020e+00 1.01163173e+00
  4.55122348e-03 4.50630844e-01 1.22818068e-01 5.72632599e+00
  2.54654050e-01 7.74858594e-01 1.72013772e+00 1.29751611e+00
  1.06391907e+00 7.48373795e+00 3.42434311e+00 8.59986687e+00
  6.88875055e+00 2.37547088e+00 0.00000000e+00 2.40536869e-01
  1.57372430e-01 1.15958202e+00 4.97879505e+00 3.21210718e+00
  2.35328293e+00 0.00000000e+00 3.39803606e-01 3.67708325e-01
  6.78323746e+00 1.08680201e+00 3.80356121e+00 1.38593998e+01
  1.34532940e+00 0.00000000e+00 1.52933165e-01 3.54127812e+00
  0.00000000e+00 0.00000000e+00 1.02180827e+00 3.54575157e+00
  1.22159843e+01 4.77328598e-02 3.82406783e+00 3.52278054e-01
  1.49113455e+01 2.46912503e+00 2.86238223e-01 5.23563385e+00
  0.00000000e+00 3.49014974e+00 2.23507929e+00 2.12203455e+00
  4.47166085e-01 0.00000000e+00 3.12862039e+00 1.98331252e-01
  0.00000000e+00 1.50730491e-01 1.42849851e+00 3.22798252e+00
  1.32129812e+00 0.00000000e+00 5.48859310e+00 2.97116280e+00
  3.97612333e+00 2.95111704e+00 4.31483126e+00 6.54232264e-01
  2.42728695e-01 0.00000000e+00 1.45366120e+00 7.22792196e+00
  1.50594926e+00 1.61777914e+00 1.04027581e+00 2.63948023e-01
  0.00000000e+00 4.25923318e-01 8.56889844e-01 1.99680135e-01
  2.20449090e+00 3.73688579e+00 2.19986749e+00 3.07069492e+00
  4.24519682e+00 1.01710272e+01 4.45322037e+00 0.00000000e+00
  0.00000000e+00 1.88878691e+00 5.49930239e+00 4.99587965e+00
  2.08223730e-01 2.32401863e-01 1.25557446e+00 2.77753973e+00
  0.00000000e+00 0.00000000e+00 5.39935446e+00 2.49214172e-02
  8.50684702e-01 3.85452181e-01 5.10801649e+00 9.29843044e+00
  4.02233744e+00 3.70610881e+00 6.18173122e-01 1.59142923e+00
  6.66797686e+00 3.59386802e+00 1.59875202e+00 9.43836451e-01
  3.48535752e+00 1.15395905e-02 0.00000000e+00 1.42099638e+01
  3.83845544e+00 1.19257593e+00 1.44550824e+00 6.79472685e+00
  6.91618383e-01 1.61612272e-01 3.28771734e+00 9.83885574e+00]]