[[3.88355279e+00 1.12667412e-01 2.88470554e+00 4.49492782e-01
  0.00000000e+00 2.81301886e-01 1.16286492e+00 6.41562319e+00
  1.48382187e-01 1.62735021e+00 1.51069045e+00 3.83447909e+00
  4.73256016e+00 5.07135773e+00 5.25703490e-01 2.64888644e+00
  1.13916349e+00 7.30403185e-01 2.89356208e+00 3.85481429e+00
  1.98550272e+00 7.30436659e+00 1.22646861e-01 2.17545152e+00
  1.13054192e+00 9.70021725e+00 4.54443789e+00 1.09287119e+00
  3.39906192e+00 1.36352026e+00 1.74316037e-02 1.64507687e+00
  1.07577753e+00 3.47102118e+00 3.93529117e-01 1.27156937e+00
  2.83030391e+00 1.31540345e-02 3.57244039e+00 4.12363243e+00
  1.07739143e+01 2.89937925e+00 6.58481693e+00 7.18607712e+00
  5.30539989e+00 9.03124452e-01 2.08068776e+00 7.50115299e+00
  2.86090183e+00 2.99871355e-01 4.39118004e+00 6.45185411e-02
  6.24165177e-01 4.04161644e+00 3.58350325e+00 1.18044031e+00
  2.90934181e+00 1.12172089e+01 8.86419773e-01 1.49988663e+00
  3.39096673e-02 2.66374439e-01 6.14865732e+00 6.51439571e+00
  7.49075592e-01 1.75679302e+00 0.00000000e+00 1.05841696e+00
  2.25860387e-01 4.68784839e-01 1.63914168e+00 3.58985519e+00
  5.73969507e+00 8.45724201e+00 1.86329651e+00 3.64837289e-01
  4.71164025e-02 4.00010347e+00 2.81261325e+00 2.51710415e+00
  1.50686711e-01 7.42751658e-01 2.72947407e+00 6.72102928e-01
  9.93509963e-02 3.43717933e+00 1.95538890e+00 1.49437344e+00
  5.69876289e+00 3.22985768e-01 2.87323189e+00 2.87166548e+00
  1.55166793e+00 7.41775692e-01 1.87192190e+00 6.07431650e-01
  7.40946531e-01 4.69875336e+00 5.12344694e+00 1.42045202e+01
  1.86663032e-01 9.69583035e+00 9.48391151e+00 7.08316088e+00
  5.65504014e-01 1.71672571e-02 5.60821712e-01 1.17046379e-01
  4.97201872e+00 9.10242140e-01 3.42233300e+00 5.27905893e+00
  1.33979046e+00 1.21431124e+00 6.57941997e-01 2.36839414e-01
  1.15977287e+01 2.62046158e-01 5.97462988e+00 1.98045874e+00
  0.00000000e+00 2.48395905e-01 2.22814298e+00 1.74135399e+01
  3.52193534e-01 5.74090910e+00 4.90673222e-02 1.03768915e-01
  4.26736057e-01 1.05600548e+01 3.82677287e-01 4.37175632e-01
  7.18228626e+00 1.45050704e+00 6.38923645e-02 1.00797939e+00
  6.14650607e-01 5.53189814e-01 6.85259962e+00 1.08245964e+01
  5.81862807e-01 2.18888569e+00 1.59688687e+00 3.49559736e+00
  2.54099393e+00 1.24512434e+00 3.66359568e+00 2.10032272e+00
  0.00000000e+00 3.79511386e-01 1.07145948e+01 3.43686312e-01
  4.19433022e+00 0.00000000e+00 7.27610528e-01 1.19346991e+01
  7.41230249e+00 4.33926964e+00 4.56108952e+00 5.31271875e-01
  1.57462704e+00 3.52158785e+00 4.59782839e+00 3.54557610e+00
  3.69279814e+00 3.45775795e+00 9.76473570e-01 3.43029451e+00
  0.00000000e+00 2.41961145e+00 2.32014105e-01 4.53705847e-01
  8.66235065e+00 1.10771942e+00 3.63666683e-01 6.10085917e+00
  0.00000000e+00 3.29451418e+00 1.53096304e+01 6.33669710e+00
  1.11017239e+00 1.20484531e+00 1.88550878e+00 3.91256630e-01
  7.38648891e-01 0.00000000e+00 5.48851871e+00 1.45270121e+00
  3.62676764e+00 3.77036166e+00 2.08454466e+00 0.00000000e+00
  4.40742397e+00 1.27491770e+01 8.31107795e-01 0.00000000e+00
  0.00000000e+00 3.53633118e+00 8.78972650e-01 6.54003239e+00
  5.31323242e+00 3.74528909e+00 2.11994910e+00 1.02570556e-01
  4.81663895e+00 1.23651421e+00 9.55587864e-01 3.21153939e-01
  3.00112277e-01 1.25661144e+01 3.03237844e+00 1.07636809e+00
  3.95972244e-02 2.15490150e+00 1.16496778e+00 7.52774835e-01
  1.68368137e+00 3.33049917e+00 1.86705935e+00 1.92969525e+00
  8.26008320e+00 4.98555565e+00 1.40590811e+00 4.09331083e-01
  6.36998129e+00 3.67508245e+00 7.58262932e-01 2.49221110e+00
  4.80967820e-01 7.01043892e+00 5.32187402e-01 7.35634375e+00
  9.67552662e+00 1.83534086e+00 2.37390208e+00 1.93485880e+00
  2.26361179e+00 3.05198336e+00 2.49493170e+00 2.76313990e-01
  5.12280583e-01 3.43058854e-02 5.27345240e-01 3.74983406e+00
  3.75962496e+00 1.29504433e+01 4.81432104e+00 8.05070782e+00
  1.20813835e+00 2.87347889e+00 2.33824921e+00 2.03350820e-02
  2.24883020e-01 3.17270279e+00 4.21114111e+00 8.38267267e-01
  1.04558516e+00 0.00000000e+00 7.78955412e+00 2.41173878e-01
  2.61499882e-01 0.00000000e+00 2.22964529e-02 7.20192373e-01
  9.10008788e-01 4.30088234e+00 2.63619781e+00 5.00438070e+00
  4.71705484e+00 3.29151320e+00 9.44519806e+00 0.00000000e+00
  4.07706052e-01 4.66871023e+00 2.79617882e+00 4.25392628e+00
  1.27815380e+01 1.45806700e-01 1.15719758e-01 3.74095869e+00
  7.45477867e+00 4.67793322e+00 6.07237387e+00 1.72553003e+00
  1.45686686e-01 3.12202480e-02 8.49186802e+00 1.23759496e+00
  1.96016753e+00 6.69369936e+00 6.65894628e-01 3.15428758e+00
  4.59431696e+00 1.15611324e+01 6.76900101e+00 3.02085519e-01
  1.30535021e+01 2.27492285e+00 1.54523873e+00 0.00000000e+00
  9.08403695e-01 3.77025986e+00 3.83680439e+00 9.18903053e-01
  1.08085752e-01 2.34216928e+00 6.69372797e+00 2.55698228e+00
  1.17164052e+00 5.05347538e+00 2.05535150e+00 3.85846782e+00
  2.34045339e+00 0.00000000e+00 6.70295143e+00 0.00000000e+00
  1.58283556e+00 1.10882044e+01 3.37422282e-01 2.14528227e+00
  0.00000000e+00 5.26552582e+00 9.48183155e+00 0.00000000e+00
  3.86177993e+00 3.11182737e-01 9.98559284e+00 2.66317344e+00
  1.87211454e+00 1.42450199e-01 4.08137739e-01 3.34201431e+00
  1.64272428e+00 7.66166210e+00 6.18268156e+00 1.30226874e+00
  3.57228899e+00 1.18406210e+01 8.58694553e+00 3.60866880e+00
  3.02941501e-01 0.00000000e+00 0.00000000e+00 7.14096117e+00
  3.01934338e+00 2.33308887e+00 1.16682398e+00 2.57770610e+00
  1.91350117e-01 0.00000000e+00 5.43582439e-01 0.00000000e+00
  6.94431543e-01 3.99412942e+00 1.65637243e+00 1.31160700e+00
  2.05648214e-01 8.86439323e+00 3.35077953e+00 6.79607987e-01
  1.39663849e+01 1.03215933e+00 4.65309429e+00 8.01594853e-01
  1.09261827e+01 1.48091209e+00 2.36706257e+00 6.19192457e+00
  0.00000000e+00 6.49038506e+00 7.39142120e-01 7.15233266e-01
  0.00000000e+00 5.72506368e-01 1.03828418e+00 3.50447702e+00
  1.48692369e+00 1.08017313e+00 6.41520596e+00 1.40521431e+00
  3.31653506e-01 4.61090994e+00 0.00000000e+00 2.08223581e+00
  4.07389355e+00 0.00000000e+00 2.12283134e+00 1.28193930e-01
  7.43505836e-01 4.63718796e+00 6.18373632e+00 7.10038245e-01
  4.61319828e+00 3.80357385e+00 1.89051647e-02 3.77075505e+00
  4.43168879e-01 2.55343866e+00 6.17943525e+00 1.34751546e+00
  2.03998590e+00 7.87648296e+00 2.73548269e+00 9.91116142e+00
  1.32287502e+01 3.50912595e+00 1.95301965e-01 7.11046278e-01
  6.09468937e-01 1.72694492e+00 3.15099096e+00 1.58232260e+00
  2.17816997e+00 1.12227726e+00 9.95858908e-02 1.47243828e-01
  7.93582726e+00 1.23179793e+00 5.47202396e+00 8.82066154e+00
  4.37249184e+00 4.76221740e-01 8.41507733e-01 2.99298620e+00
  1.54352558e+00 0.00000000e+00 3.12680572e-01 4.18630838e+00
  8.29747868e+00 5.54226078e-02 1.94125068e+00 8.91577825e-03
  2.05970612e+01 4.60467577e+00 3.21565032e-01 1.20609140e+00
  2.20559406e+00 3.90756965e+00 9.48916674e-01 2.12779617e+00
  3.72525811e-01 6.01153314e-01 1.44886732e+00 1.24454107e+01
  8.78510118e-01 1.25292706e+00 1.61119330e+00 3.26875305e+00
  3.08218765e+00 9.97342646e-01 5.08471155e+00 2.16492844e+00
  5.00066328e+00 6.01585722e+00 5.29853249e+00 2.63402730e-01
  5.55301762e+00 8.41847181e-01 1.76704079e-01 7.27410269e+00
  1.54338729e+00 1.33762157e+00 2.59501696e+00 7.36487389e-01
  0.00000000e+00 9.05840918e-02 2.68965054e+00 7.40649939e-01
  3.53512383e+00 9.01376843e-01 3.14382100e+00 2.41266656e+00
  1.97282350e+00 1.65576801e+01 6.64516985e-01 0.00000000e+00
  5.54476678e-01 2.80934143e+00 6.48425150e+00 7.10666943e+00
  2.15829954e-01 1.90157793e-03 6.00932479e-01 1.61511385e+00
  7.27230012e-01 7.88454413e-01 4.89866734e+00 2.01007977e-01
  1.49250174e+00 0.00000000e+00 6.63255644e+00 3.30364919e+00
  0.00000000e+00 4.77188253e+00 1.73545063e+00 3.55842781e+00
  7.10279465e+00 3.83920217e+00 2.31413364e+00 1.56905878e+00
  3.96009493e+00 6.02836348e-02 0.00000000e+00 1.22234793e+01
  4.31071615e+00 7.08661556e-01 3.24254870e+00 6.75538111e+00
  0.00000000e+00 1.24125518e-01 5.26603937e+00 3.10168958e+00]]