[[5.23260951e-01 1.68915975e+00 6.14936256e+00 3.15481156e-01
  2.56783776e-02 2.68496919e+00 1.75778353e+00 1.33823557e+01
  6.34358072e+00 5.96645451e+00 8.56515169e-01 2.88376141e+00
  7.40995646e+00 2.59138203e+00 0.00000000e+00 1.80688739e+00
  2.48549294e+00 3.30739975e-01 0.00000000e+00 5.97471094e+00
  4.89012957e+00 5.98616886e+00 5.84748209e-01 7.03386831e+00
  3.32744211e-01 5.38909054e+00 3.34026933e+00 1.51159787e+00
  1.52756906e+00 1.36269832e+00 2.36244246e-01 5.22749233e+00
  0.00000000e+00 4.59006119e+00 5.29522276e+00 0.00000000e+00
  1.49399984e+00 2.22802448e+00 3.40036201e+00 1.94092643e+00
  2.24025464e+00 2.12114714e-02 7.93517590e-01 3.56284070e+00
  3.77961302e+00 3.90565336e-01 3.33151555e+00 1.64366360e+01
  4.45861483e+00 1.44213367e+00 7.70629883e-01 2.07644597e-01
  2.90825143e-02 2.63610148e+00 5.88336408e-01 5.55553579e+00
  6.08824253e-01 8.79036331e+00 6.93036890e+00 0.00000000e+00
  1.04805875e+00 1.17394507e+00 2.11895514e+00 6.55705214e+00
  4.33012605e-01 3.61655450e+00 1.30839598e+00 1.17283762e+00
  2.73628592e-01 4.58726406e-01 1.98988020e+00 3.18214226e+00
  8.79024220e+00 8.08156204e+00 4.17670250e+00 1.80857450e-01
  5.11993074e+00 1.13984561e+00 2.28174210e-01 1.94199944e+00
  0.00000000e+00 8.96915340e+00 5.66070223e+00 1.59420133e-01
  0.00000000e+00 1.18043756e+01 2.65312076e+00 3.15805268e+00
  6.33407116e+00 2.24572644e-02 4.01052624e-01 1.63391840e+00
  3.93336177e+00 5.19009161e+00 1.03953457e+00 0.00000000e+00
  1.28909099e+00 2.12300897e+00 7.70061111e+00 1.10086131e+00
  7.41574317e-02 7.27339458e+00 8.69869232e+00 4.84224510e+00
  2.13658118e+00 0.00000000e+00 4.50283766e-01 8.54140162e-01
  2.72588062e+00 9.21609223e-01 7.72012568e+00 3.05317450e+00
  2.06849647e+00 0.00000000e+00 8.26137006e-01 3.63519788e-02
  9.45050144e+00 1.00600111e+00 4.42515707e+00 3.66627026e+00
  9.09764022e-02 1.01275873e+00 1.56236470e-01 1.24847975e+01
  5.40808022e-01 1.66842449e+00 1.10625036e-01 0.00000000e+00
  6.41178906e-01 7.97037983e+00 8.14073384e-02 1.51001382e+00
  6.97316360e+00 5.84374368e-02 1.90855694e+00 5.10957098e+00
  4.36640412e-01 4.33341950e-01 1.47425592e+00 6.87059975e+00
  2.37898159e+00 7.33685851e-01 6.13719940e-01 3.93366075e+00
  3.36802030e+00 5.09531307e+00 1.20809984e+01 3.21081042e+00
  1.28769487e-01 3.14832044e+00 1.12323198e+01 4.85203791e+00
  1.55855846e+00 1.80652833e+00 2.36293048e-01 1.08430882e+01
  4.61521769e+00 1.86004519e+00 1.46965146e-01 1.80782032e+00
  1.21929228e+00 3.01155806e+00 5.09457254e+00 5.63724525e-02
  2.00979519e+00 1.37871873e+00 3.91471386e-01 3.56811047e+00
  4.18868256e+00 2.81427002e+00 0.00000000e+00 5.99406548e-02
  1.24141808e+01 1.60860920e+00 1.78738236e-01 2.32561326e+00
  0.00000000e+00 1.09353292e+00 1.19694815e+01 9.02049637e+00
  4.30582428e+00 3.47196937e-01 3.75239551e-01 2.42737830e-01
  1.09873354e+00 1.11951578e+00 4.75579357e+00 2.05328941e+00
  9.64542329e-01 1.16940556e+01 1.20564222e+01 0.00000000e+00
  9.95297670e-01 9.23457146e+00 1.93845592e-02 2.78534508e+00
  4.49011230e+00 2.85579395e+00 2.27896547e+00 2.34736372e-02
  1.86713159e+00 6.31819677e+00 0.00000000e+00 0.00000000e+00
  3.08424878e+00 1.72277236e+00 1.93000174e+00 2.79141212e+00
  5.13465926e-02 7.15274000e+00 2.27347821e-01 1.27564383e+00
  1.45288122e+00 5.69830370e+00 3.83858740e-01 8.37609768e-01
  3.92250562e+00 4.46680927e+00 3.01043677e+00 2.97697735e+00
  2.66300988e+00 7.50291348e+00 0.00000000e+00 7.02367020e+00
  8.24533030e-02 7.67296135e-01 3.12442273e-01 7.03180611e-01
  3.64935666e-01 4.05820894e+00 0.00000000e+00 1.60841012e+00
  1.14797659e+01 6.47876978e+00 3.84523439e+00 1.87685132e+00
  8.72580719e+00 3.49964976e+00 1.46448970e+00 1.36310232e+00
  5.73357403e-01 0.00000000e+00 1.60100150e+00 1.86931372e+00
  2.74313140e+00 5.42534781e+00 5.18122673e+00 3.48215842e+00
  2.08920097e+00 2.10257411e+00 7.36940682e-01 1.03310037e+00
  1.90118417e-01 2.82781363e+00 1.75279284e+00 2.19892883e+00
  5.00939512e+00 2.82345533e-01 3.88523388e+00 2.34346464e-01
  7.99842000e-01 1.50451466e-01 0.00000000e+00 2.52018404e+00
  1.50538850e+00 1.04623199e+00 7.33472884e-01 3.30360293e-01
  4.22179508e+00 8.07001710e-01 1.18782253e+01 2.29886457e-01
  8.66415501e-01 2.39618349e+00 8.47669899e-01 1.15522552e+00
  9.86884022e+00 4.50374413e+00 1.47275686e+00 1.02631292e+01
  6.33679533e+00 4.82063204e-01 1.33309114e+00 9.90796149e-01
  1.19415748e+00 0.00000000e+00 7.58812046e+00 1.05537534e+00
  9.93192475e-03 3.63316369e+00 2.17150426e+00 3.14853001e+00
  8.39033008e-01 1.14820099e+00 5.70883322e+00 7.84052968e-01
  2.57002425e+00 6.69081330e-01 2.12286949e+00 2.83038378e-01
  3.18226552e+00 2.64159727e+00 9.37393951e+00 1.76964009e+00
  0.00000000e+00 2.14566159e+00 2.59693885e+00 3.85241866e+00
  3.54255295e+00 3.65804315e+00 2.40209842e+00 5.46518207e-01
  1.17807738e-01 6.01073027e-01 8.41008472e+00 2.15745926e+00
  2.29044819e+00 1.48430624e+01 2.18778253e+00 6.00243092e+00
  0.00000000e+00 1.90306175e+00 6.64457202e-01 4.77362442e+00
  3.59185195e+00 1.27745950e+00 1.25532846e+01 1.80202734e+00
  3.80672908e+00 2.91852891e-01 7.88363993e-01 4.15745211e+00
  1.06787519e+01 3.30227065e+00 1.02344513e+01 9.23210144e+00
  3.91636276e+00 5.45760489e+00 4.50905848e+00 6.47502124e-01
  1.40710756e-01 0.00000000e+00 2.45431408e-01 8.45069790e+00
  1.74232578e+00 1.13733001e-01 1.94370653e-02 2.31454968e+00
  2.31925201e+00 2.10611731e-01 0.00000000e+00 0.00000000e+00
  1.78065097e+00 8.91200483e-01 2.26881266e+00 6.66867793e-01
  9.20991600e-01 4.50470018e+00 3.09780645e+00 2.12903357e+00
  4.86837912e+00 1.95147172e-02 5.54296255e+00 6.03335321e-01
  3.91965866e+00 1.25798631e+00 2.26293774e+01 6.68631256e-01
  1.92164099e+00 5.70472240e+00 0.00000000e+00 3.75908613e-01
  9.98736620e-01 5.60543954e-01 6.93375921e+00 2.88356137e+00
  6.63706124e-01 2.86469102e-01 1.26699219e+01 7.75050968e-02
  0.00000000e+00 5.37175703e+00 1.14835441e-01 2.89532995e+00
  2.24488807e+00 7.21006751e-01 3.61042714e+00 2.86254478e+00
  1.57064032e-02 2.50709939e+00 7.14311823e-02 2.92452902e-01
  4.44019347e-01 2.57332182e+00 6.99785650e-02 1.55552435e+00
  3.03047800e+00 1.41358781e+00 6.33244610e+00 3.32902002e+00
  2.22169733e+00 6.01080990e+00 9.33396399e-01 1.92454588e+00
  1.71294296e+00 1.46153617e+00 0.00000000e+00 2.72220254e-01
  1.43562213e-01 3.19989038e+00 2.75182366e+00 6.73267078e+00
  0.00000000e+00 0.00000000e+00 1.62115470e-01 0.00000000e+00
  2.98747945e+00 2.04673186e-01 4.78216141e-01 1.10897255e+01
  1.50528836e+00 1.10686898e+00 0.00000000e+00 2.27387118e+00
  1.59871876e+00 7.33224809e-01 1.12507324e+01 5.88966465e+00
  1.01801338e+01 1.05938601e+00 2.19047618e+00 4.81142616e+00
  1.49839773e+01 3.21113682e+00 3.59838575e-01 5.59272242e+00
  3.26719016e-01 2.88148832e+00 2.11276484e+00 6.78823948e-01
  4.87131745e-01 2.72203469e+00 7.90754378e-01 3.19669390e+00
  1.62772641e-01 2.38252789e-01 1.03690434e+00 3.53532195e+00
  7.05655217e-01 1.36952329e+00 1.35607851e+00 8.69969845e-01
  5.60586119e+00 3.52336717e+00 2.80369639e+00 6.98893666e-01
  2.04735136e+00 4.02349520e+00 1.08076763e+00 4.27190733e+00
  5.84829211e-01 1.86733508e+00 4.17020291e-01 0.00000000e+00
  4.58550639e-02 4.71974659e+00 1.25790107e+00 1.30529392e+00
  3.53069830e+00 2.18920183e+00 7.19748878e+00 5.08814430e+00
  2.09585190e+00 6.53782606e-01 2.03299120e-01 7.57617176e-01
  2.69447058e-01 2.50376046e-01 9.10952663e+00 3.89848709e+00
  1.00124073e+00 5.32937199e-02 4.48834330e-01 2.20580146e-01
  0.00000000e+00 0.00000000e+00 3.88788414e+00 1.67814493e-01
  2.06196260e+00 4.37476009e-01 8.97369576e+00 6.35358286e+00
  1.47120380e+00 4.77369070e+00 3.51575232e+00 7.27427900e-01
  8.27986717e+00 2.07067537e+00 3.84560227e+00 5.70239305e-01
  2.07870150e+00 4.29333895e-01 8.21504816e-02 1.65736027e+01
  2.24225855e+00 3.12674689e+00 1.88875079e+00 5.45031404e+00
  1.34480178e+00 3.94796753e+00 1.01166344e+00 9.63591003e+00]]