[[8.50057125e-01 9.63313207e-02 3.40737915e+00 1.06353521e+00
  3.82649630e-01 1.12325490e+00 3.86467481e+00 2.69621301e+00
  3.09366035e+00 5.90150166e+00 2.71996450e+00 2.68622112e+00
  2.45587945e+00 3.78361607e+00 7.74903456e-03 1.89899027e+00
  5.46333647e+00 1.18408442e+00 0.00000000e+00 3.69310403e+00
  6.02756310e+00 2.89417338e+00 1.24896133e+00 5.24500799e+00
  6.72199786e-01 1.00846548e+01 1.37435067e+00 3.18700218e+00
  5.16438341e+00 8.03550911e+00 9.46595728e-01 0.00000000e+00
  1.55743313e+00 6.70976353e+00 1.99414992e+00 3.14783901e-02
  4.57394457e+00 4.66497326e+00 7.80235672e+00 2.28946376e+00
  1.07548351e+01 4.07139921e+00 1.60597646e+00 7.32533979e+00
  4.70671749e+00 9.64957893e-01 1.01051605e+00 4.55542135e+00
  4.44437408e+00 9.50135291e-02 7.78630018e-01 1.83750913e-01
  9.52727675e-01 5.96356034e-01 4.49464273e+00 2.05545735e+00
  3.94477749e+00 1.04632940e+01 4.51315075e-01 1.31922197e+00
  1.09079713e-02 1.00746512e+00 2.77819085e+00 6.35404205e+00
  0.00000000e+00 1.90365040e+00 7.69178420e-02 8.99710178e-01
  5.41988432e-01 4.91718340e+00 5.23871088e+00 5.94622374e+00
  9.76228523e+00 1.69354260e+00 4.30018711e+00 5.18565416e-01
  1.99835265e+00 4.20803189e-01 2.78317094e+00 0.00000000e+00
  2.37809563e+00 1.14240179e+01 1.20287108e+00 2.45105430e-01
  0.00000000e+00 5.00543261e+00 2.19341040e-01 1.96089995e+00
  9.33803844e+00 0.00000000e+00 1.19013643e+00 3.70027013e-02
  4.26415354e-01 4.29275370e+00 5.10674810e+00 6.62891388e-01
  3.22563577e+00 3.49363685e+00 8.35621357e+00 5.68700743e+00
  9.89146352e-01 1.31426773e+01 1.35946255e+01 6.48389053e+00
  2.62628698e+00 0.00000000e+00 1.20648667e-01 7.24480927e-01
  1.34549065e+01 6.31161880e+00 5.45572472e+00 5.94382143e+00
  1.72875464e+00 0.00000000e+00 2.07599115e+00 9.36133265e-01
  1.30247107e+01 5.93382180e-01 7.30285835e+00 9.00419295e-01
  3.92650142e-02 9.20825541e-01 1.09223902e-01 1.60792522e+01
  0.00000000e+00 6.65352166e-01 0.00000000e+00 2.61017025e-01
  0.00000000e+00 4.60569048e+00 0.00000000e+00 1.08560228e+00
  8.09738255e+00 4.17267513e+00 5.05238056e+00 1.38753855e+00
  2.04983568e+00 0.00000000e+00 9.27857220e-01 8.09470654e+00
  1.07078540e+00 1.23093322e-01 2.26197481e+00 4.24256945e+00
  1.77198482e+00 4.71034288e-01 3.89351296e+00 5.32470703e-01
  0.00000000e+00 1.18506277e+00 7.30708170e+00 8.36620390e-01
  3.93747067e+00 0.00000000e+00 1.95469975e+00 4.76452827e+00
  1.26150477e+00 2.53493047e+00 5.73779821e-01 1.77512872e+00
  3.48417664e+00 1.00133729e+00 6.48284292e+00 1.82525074e+00
  2.63053656e+00 2.79920793e+00 0.00000000e+00 3.55694675e+00
  1.79818690e+00 2.17263341e+00 3.22307253e+00 2.61683822e+00
  1.12353487e+01 2.31185532e+00 5.21241903e+00 1.46326077e+00
  1.98520161e-02 4.30635023e+00 1.40855055e+01 9.85799694e+00
  7.66904116e-01 0.00000000e+00 1.22299480e+00 4.26885813e-01
  0.00000000e+00 7.27331862e-02 3.70813727e+00 6.59612060e-01
  3.95734930e+00 7.07894325e+00 2.09221411e+00 0.00000000e+00
  1.62574381e-01 1.22214546e+01 0.00000000e+00 1.14803188e-01
  0.00000000e+00 4.99568462e-01 8.69088054e-01 1.49102032e+00
  1.09822512e+01 5.84459400e+00 6.76939964e-01 8.63276422e-01
  3.54691982e+00 1.73467302e+00 2.00563097e+00 3.15672469e+00
  1.86185873e+00 1.75417004e+01 1.43946624e+00 2.67200732e+00
  4.73143250e-01 1.75306141e+00 0.00000000e+00 4.79669541e-01
  1.15556479e+00 8.58429909e+00 3.08232045e+00 2.93669200e+00
  9.97802639e+00 1.85174332e+01 5.69088280e-01 7.98086739e+00
  4.07947206e+00 3.17040515e+00 7.65331984e-01 2.25571418e+00
  2.68385530e-01 1.86904550e+00 3.61001194e-01 7.59726715e+00
  4.87894535e+00 3.48420143e+00 2.12352824e+00 3.71014118e+00
  1.43015143e-02 4.24919009e-01 3.52458179e-01 9.57951918e-02
  2.61884272e-01 0.00000000e+00 5.42110264e-01 2.99305511e+00
  2.27428198e+00 8.58102703e+00 2.01735759e+00 4.75655019e-01
  2.39589953e+00 1.66114140e+00 5.74020147e-01 1.40643561e+00
  0.00000000e+00 4.67137480e+00 6.80985272e-01 1.34366000e+00
  1.64379323e+00 2.23740792e+00 7.30363750e+00 9.24862325e-01
  5.11970460e-01 0.00000000e+00 7.33513117e-01 1.85924125e+00
  1.74237758e-01 1.10689080e+00 1.57127059e+00 5.34845924e+00
  6.18196344e+00 2.49808240e+00 8.09330082e+00 0.00000000e+00
  4.96812284e-01 1.85721886e+00 2.65382981e+00 1.57062483e+00
  1.07064867e+01 3.65059048e-01 9.27583277e-01 2.34981203e+00
  2.73219395e+00 1.76836514e+00 2.10082993e-01 5.38117528e-01
  3.60962182e-01 4.68576133e-01 9.56824207e+00 1.03325868e+00
  2.66401672e+00 7.54471016e+00 4.71085757e-01 2.86073780e+00
  1.47211866e+01 5.86673546e+00 4.70123863e+00 6.48806953e+00
  5.48711729e+00 4.12446469e-01 1.65946543e+00 1.30462718e+00
  1.42018139e+00 1.25313449e+00 4.86222315e+00 7.18209147e-01
  0.00000000e+00 2.31332064e+00 7.21527433e+00 3.45201993e+00
  1.59487319e+00 2.91381359e+00 2.59152031e+00 0.00000000e+00
  6.52952611e-01 0.00000000e+00 4.44711447e+00 2.33925991e-02
  2.46121907e+00 9.42827892e+00 2.33866692e+00 6.86676407e+00
  0.00000000e+00 4.85388422e+00 5.37915826e-01 1.06261480e+00
  7.12257290e+00 3.13922429e+00 6.68514442e+00 3.18744469e+00
  2.17567658e+00 5.08943415e+00 1.95050448e-01 2.13699126e+00
  3.68459988e+00 1.01270952e+01 4.79161167e+00 3.80655694e+00
  0.00000000e+00 8.13587666e+00 9.03026390e+00 3.65516949e+00
  0.00000000e+00 1.34220451e-01 5.78670681e-01 6.82036972e+00
  1.48422790e+00 2.73374200e+00 1.66736436e+00 2.79317498e+00
  1.55304146e+00 4.82432395e-01 3.97848040e-02 2.25431800e-01
  2.20008746e-01 3.52855873e+00 2.20349598e+00 3.01930952e+00
  7.12772906e-01 2.35257769e+00 4.05535364e+00 1.61595309e+00
  2.03103619e+01 3.48128462e+00 7.02939177e+00 5.59671819e-01
  1.14753418e+01 2.14901495e+00 7.00491095e+00 1.95364463e+00
  2.46954840e-02 1.30623751e+01 1.05966651e+00 2.50626588e-03
  3.12126309e-01 1.80037051e-01 4.90829849e+00 2.82586478e-02
  3.25451255e+00 1.25740397e+00 8.52612400e+00 6.71356618e-01
  1.18550561e-01 5.50000429e+00 0.00000000e+00 2.43526220e+00
  8.20494080e+00 6.21620834e-01 1.86409950e+00 1.92364886e-01
  0.00000000e+00 2.14838171e+00 5.65515614e+00 2.54093975e-01
  2.99154133e-01 1.24449515e+00 2.64019752e+00 4.78007126e+00
  2.17755958e-01 1.96501637e+00 7.31587946e-01 2.26288652e+00
  3.93089199e+00 5.12610340e+00 4.83717251e+00 5.48209476e+00
  2.30295992e+00 6.25944281e+00 2.57231474e+00 3.20268601e-01
  0.00000000e+00 4.91116142e+00 3.16671348e+00 5.05348778e+00
  1.12964499e+00 2.86060065e-01 3.61108482e-01 1.71024829e-01
  5.93494463e+00 1.58667338e+00 5.73920107e+00 1.38128672e+01
  7.53731680e+00 1.43335938e-01 2.71550119e-01 4.08469677e+00
  4.53416437e-01 1.50655419e-01 4.40628678e-01 2.90558100e+00
  9.17057323e+00 4.73295331e-01 3.99707556e+00 0.00000000e+00
  1.90099373e+01 7.95039606e+00 6.88945055e-01 1.07715166e+00
  0.00000000e+00 5.36855221e+00 3.93786550e+00 1.40230465e+00
  1.05431139e+00 1.49197698e+00 1.68215859e+00 1.06199102e+01
  2.61007696e-01 0.00000000e+00 4.96369600e+00 1.94569385e+00
  1.52169478e+00 2.36636460e-01 4.66269112e+00 4.74281359e+00
  2.33998227e+00 2.16145301e+00 9.71510029e+00 3.53423762e+00
  1.21281397e+00 1.13116050e+00 1.09361160e+00 6.55599499e+00
  3.50238872e+00 3.07189912e-01 1.54090822e+00 5.08695543e-01
  0.00000000e+00 1.18839407e+00 3.17407560e+00 3.20764685e+00
  1.19081640e+00 4.62137175e+00 1.64778864e+00 1.08504735e-01
  1.67513752e+00 6.75600243e+00 1.26147056e+00 4.56764609e-01
  8.99006948e-02 2.68498015e+00 1.09742031e+01 4.93621016e+00
  8.13397980e+00 0.00000000e+00 2.82636595e+00 5.53198278e-01
  1.85501993e-01 0.00000000e+00 5.23049307e+00 1.32856441e+00
  2.75260592e+00 1.52100468e+00 5.95149469e+00 8.33491898e+00
  2.25716591e+00 4.12773222e-01 2.52260160e+00 2.38898635e+00
  7.01427603e+00 1.25888455e+00 2.11631984e-01 1.30147111e+00
  5.04247367e-01 3.77703238e+00 0.00000000e+00 1.13481569e+01
  4.78757524e+00 1.70434690e+00 4.00892109e-01 2.55367541e+00
  6.97310090e-01 1.33330595e+00 4.15346766e+00 4.29217863e+00]]