[[7.18207717e-01 1.53924656e+00 4.24178934e+00 0.00000000e+00
  1.81549445e-01 2.34084749e+00 9.17254388e-01 4.54160690e+00
  4.74134970e+00 3.72894764e+00 9.72100258e-01 2.38458896e+00
  6.21072388e+00 6.94927120e+00 8.49745050e-02 8.81051362e-01
  0.00000000e+00 4.26457494e-01 8.91189158e-01 6.07191849e+00
  1.03894854e+00 8.60848331e+00 3.20142597e-01 3.61673325e-01
  5.83989441e-01 7.10225821e+00 3.16217971e+00 2.23433161e+00
  3.06217980e+00 3.59496593e-01 1.16255499e-01 2.28342462e+00
  4.71907973e-01 7.40193272e+00 1.37453091e+00 2.51288861e-01
  3.34503150e+00 1.37855721e+00 1.95651972e+00 7.47696217e-03
  1.25484819e+01 2.76762462e+00 5.89313078e+00 1.25189142e+01
  2.29268575e+00 0.00000000e+00 3.29754710e+00 1.42161989e+01
  3.73957634e+00 3.48420799e-01 5.45987308e-01 5.88040233e-01
  1.95173457e-01 2.19646597e+00 2.55904841e+00 3.53377604e+00
  2.33363819e+00 8.74840355e+00 3.08178473e+00 1.05232902e-01
  2.42933735e-01 5.47165453e-01 1.52324593e+00 5.64737797e+00
  1.36296237e+00 2.27726078e+00 3.47761571e-01 7.98653141e-02
  6.24083221e-01 2.32981992e+00 4.83476669e-01 2.41095448e+00
  9.82725716e+00 4.31263256e+00 2.78184628e+00 2.23090112e-01
  1.77662158e+00 2.65684414e+00 5.79230964e-01 9.74927962e-01
  3.09264719e-01 2.13077235e+00 5.51860094e+00 0.00000000e+00
  3.04014117e-01 1.26341748e+00 1.39947510e+00 2.87296939e+00
  3.57227302e+00 6.72849417e-02 3.15011811e+00 1.77173412e+00
  1.39436495e+00 6.46277332e+00 6.04438961e-01 0.00000000e+00
  2.66383171e+00 8.43989134e-01 1.26552367e+00 1.00125809e+01
  1.03906429e+00 9.85818863e+00 1.84411323e+00 3.88372803e+00
  0.00000000e+00 0.00000000e+00 1.10102630e+00 1.17956364e+00
  7.59765577e+00 4.27150679e+00 2.42681956e+00 5.47465372e+00
  0.00000000e+00 0.00000000e+00 1.69671595e+00 0.00000000e+00
  7.30569696e+00 3.88062626e-01 2.77543116e+00 3.85891318e+00
  2.16130629e-01 2.95389026e-01 3.67243425e-03 1.49713516e+01
  4.61607486e-01 1.30200171e+00 9.07447264e-02 0.00000000e+00
  8.51382673e-01 1.40490513e+01 2.42556557e-01 0.00000000e+00
  1.20709028e+01 6.93199933e-01 1.34644020e+00 9.85770643e-01
  5.38820386e-01 7.63404012e-01 2.71711636e+00 8.54982471e+00
  9.20081809e-02 5.96779704e-01 5.44903755e-01 8.75681758e-01
  7.61067915e+00 8.76496196e-01 5.73943663e+00 1.78966475e+00
  0.00000000e+00 1.78607360e-01 1.07587919e+01 0.00000000e+00
  3.01055336e+00 3.08105890e-02 1.25157535e+00 9.88249302e+00
  1.31934214e+00 2.78167105e+00 2.21919322e+00 4.13801163e-01
  1.16452599e+00 8.53604376e-01 8.57652760e+00 1.28525519e+00
  2.11861658e+00 3.04697251e+00 7.00688958e-02 5.87439537e+00
  1.60583866e+00 3.55988884e+00 2.03412652e+00 4.62415040e-01
  1.04793816e+01 3.80600214e-01 0.00000000e+00 2.22655490e-01
  6.44306779e-01 1.36657906e+00 2.57146049e+00 1.34556103e+01
  2.81837082e+00 1.42851245e+00 5.07854557e+00 1.09697127e+00
  5.31062245e-01 3.19473386e-01 7.49113417e+00 1.73379982e+00
  5.50823033e-01 4.70606756e+00 8.12807465e+00 0.00000000e+00
  2.78972745e-01 1.28830166e+01 7.12865412e-01 1.57517815e+00
  6.37692213e-02 5.42019987e+00 6.15242600e-01 1.81743026e+00
  3.13565087e+00 4.46132708e+00 1.40318823e+00 4.69630539e-01
  4.06732845e+00 1.35230041e+00 1.11123550e+00 8.61681104e-01
  1.97277218e-01 1.18057299e+01 1.93611491e+00 4.32467431e-01
  6.23158038e-01 2.26205111e+00 0.00000000e+00 5.92470229e-01
  5.71507812e-01 5.83412695e+00 4.12225580e+00 2.68337822e+00
  1.44413841e+00 1.40829983e+01 1.53275490e-01 4.05476046e+00
  2.31046844e+00 2.51216865e+00 1.76547676e-01 2.08019114e+00
  1.07887173e+00 4.47166204e+00 1.98290590e-02 2.44154119e+00
  1.06352062e+01 4.41782522e+00 3.57199740e+00 3.66669089e-01
  1.80821240e+00 4.00327826e+00 7.89194822e-01 1.03370500e+00
  3.95518899e-01 0.00000000e+00 1.68664217e-01 3.73328662e+00
  3.71458960e+00 6.88749015e-01 7.65044832e+00 3.81244540e+00
  2.81509233e+00 3.69716716e+00 2.16783857e+00 5.83151162e-01
  0.00000000e+00 1.94957006e+00 9.60889876e-01 5.07810533e-01
  3.11603807e-02 4.86430526e-01 1.23001623e+00 1.53418887e+00
  0.00000000e+00 0.00000000e+00 1.68602206e-02 1.33464348e+00
  7.06636250e-01 9.38175440e-01 2.42934465e+00 1.63435066e+00
  7.11086369e+00 6.25634551e-01 1.19428072e+01 0.00000000e+00
  1.67871863e-01 2.95145845e+00 2.70494390e+00 5.51471090e+00
  1.00621290e+01 0.00000000e+00 4.86632764e-01 3.01899433e+00
  1.96529794e+00 1.24808967e+00 3.96777987e+00 2.48814896e-01
  1.21644473e+00 2.77225673e-01 1.15362895e+00 2.01318383e-01
  9.85735595e-01 1.97539318e+00 8.96844923e-01 2.34851289e+00
  6.48057079e+00 5.48691607e+00 4.36115122e+00 1.66999288e-02
  3.33789301e+00 4.52977002e-01 1.16330779e+00 1.20543778e-01
  1.50354457e+00 0.00000000e+00 3.49061179e+00 2.13673860e-01
  9.18306291e-01 1.56609249e+00 2.54763937e+00 5.95305729e+00
  1.82505906e+00 1.60730171e+00 2.81940508e+00 1.29250991e+00
  9.82741773e-01 2.41044745e-01 6.95800591e+00 5.35248280e-01
  2.76095963e+00 1.17561121e+01 8.63368750e-01 5.94976568e+00
  0.00000000e+00 3.77461338e+00 2.52380180e+00 3.33889909e-02
  3.07569051e+00 7.76079118e-01 1.06499157e+01 4.41866815e-01
  1.67624140e+00 6.81400836e-01 3.97954196e-01 5.82094908e+00
  5.00159788e+00 3.45821714e+00 6.30037832e+00 5.29830515e-01
  3.28068018e+00 9.10520172e+00 5.41976309e+00 1.17134464e+00
  6.00727618e-01 1.08030602e-01 1.29352343e+00 5.42426968e+00
  1.94866538e+00 7.93435693e-01 6.49462223e-01 2.61218548e+00
  7.47380137e-01 2.77158674e-02 1.37197986e-01 0.00000000e+00
  3.82565297e-02 2.23315048e+00 3.20321059e+00 2.22422075e+00
  1.45809412e+00 5.89819002e+00 7.63980055e+00 1.70683372e+00
  0.00000000e+00 4.90698874e-01 5.23669243e+00 8.59097838e-02
  4.82263517e+00 6.57259345e-01 5.81964779e+00 7.57055700e-01
  0.00000000e+00 9.72393799e+00 9.42810118e-01 4.75271642e-01
  2.24734044e+00 4.75560240e-02 7.51709175e+00 1.00493145e+00
  2.77403998e+00 1.17592685e-01 1.25472651e+01 2.16956949e+00
  9.17350590e-01 2.75704074e+00 1.93024725e-02 4.90698010e-01
  3.86783075e+00 1.50709009e+00 2.39562035e+00 9.52391863e-01
  1.95296794e-01 2.33012199e+00 1.84329057e+00 1.06223083e+00
  1.31858206e+00 5.41424894e+00 9.48148608e-01 3.07456446e+00
  4.82867479e-01 2.25615573e+00 4.08675480e+00 8.48040044e-01
  9.01149511e-01 7.31260777e+00 2.57263374e+00 4.34549952e+00
  4.95730448e+00 3.31598616e+00 4.43160594e-01 1.88818061e+00
  1.22370817e-01 1.88648379e+00 1.78435802e+00 1.13878214e+00
  0.00000000e+00 0.00000000e+00 5.12849391e-01 0.00000000e+00
  2.40461421e+00 7.52341390e-01 1.29021215e+00 1.22824373e+01
  3.27489090e+00 6.62843049e-01 0.00000000e+00 1.98664796e+00
  8.97050947e-02 2.17351604e+00 1.71794367e+00 4.19308090e+00
  6.59869528e+00 1.48181051e-01 6.43120337e+00 0.00000000e+00
  2.25901833e+01 7.47443974e-01 1.45082605e+00 2.25996614e+00
  0.00000000e+00 1.83343959e+00 3.14569443e-01 2.99287224e+00
  0.00000000e+00 0.00000000e+00 6.21172249e-01 8.14989948e+00
  1.17466295e+00 1.09743273e+00 2.47810078e+00 1.43680096e+00
  4.07460779e-01 1.89380431e+00 5.39884388e-01 6.35127354e+00
  4.60294485e+00 5.78710318e+00 2.69695115e+00 2.27469635e+00
  6.56311989e-01 1.53460181e+00 2.96622455e-01 4.14632511e+00
  1.02256477e+00 4.27682304e+00 1.06651139e+00 7.59447753e-01
  0.00000000e+00 0.00000000e+00 5.42738914e-01 1.89842582e+00
  1.10728097e+00 2.50345159e+00 5.71459961e+00 3.02911448e+00
  1.02167785e+00 4.70688295e+00 5.48894024e+00 0.00000000e+00
  1.18425655e+00 9.56963062e-01 8.44702816e+00 4.65675688e+00
  0.00000000e+00 0.00000000e+00 0.00000000e+00 1.98575640e+00
  7.21952140e-01 0.00000000e+00 2.99962068e+00 5.73853254e-01
  4.91657615e-01 6.46115541e-01 4.90390873e+00 3.57573819e+00
  1.37257957e+00 2.31654072e+00 8.46956432e-01 1.32503092e+00
  5.30860519e+00 5.27752304e+00 1.07720983e+00 1.36097980e+00
  4.04921913e+00 1.61194825e+00 2.76270986e-01 1.25851822e+01
  3.06174111e+00 9.86069739e-01 3.51690245e+00 5.26900816e+00
  5.34266949e-01 1.15625896e-01 2.47623086e-01 6.48441696e+00]]