[[5.34326546e-02 8.95694196e-01 3.25470448e+00 0.00000000e+00
  5.56238703e-02 1.93599641e+00 5.06577492e+00 1.17407713e+01
  3.74812222e+00 9.22109962e-01 9.78161871e-01 3.53483796e+00
  7.33273077e+00 3.59399414e+00 2.25481808e-01 9.45279717e-01
  3.67185324e-01 9.40472722e-01 0.00000000e+00 4.52450228e+00
  5.81200540e-01 7.97734916e-01 4.92318213e-01 4.88724709e+00
  6.02235496e-01 8.84553432e+00 2.18347287e+00 3.40771294e+00
  2.08884668e+00 1.42862129e+00 4.54249352e-01 2.26436868e-01
  8.90618041e-02 4.54885054e+00 4.00107384e+00 2.38468915e-01
  7.48969793e-01 4.19858646e+00 1.21445408e+01 1.85233545e+00
  6.49088502e-01 1.63701892e+00 2.88855940e-01 5.29717159e+00
  6.90735102e-01 1.41605854e-01 4.40726471e+00 8.79135895e+00
  9.53997231e+00 3.98008251e+00 2.97427773e-01 0.00000000e+00
  0.00000000e+00 2.86971664e+00 6.68544590e-01 5.98071527e+00
  1.08180261e+00 1.22229261e+01 6.57722807e+00 8.34875926e-03
  1.94566771e-01 2.57480979e+00 1.15734053e+00 6.14486313e+00
  3.89600545e-01 3.07047534e+00 2.59415627e+00 2.39359760e+00
  1.69303608e+00 3.66491050e-01 3.56244898e+00 1.40564430e+00
  3.08560181e+00 1.24912882e+00 2.54881048e+00 3.44275713e-01
  5.35826921e-01 0.00000000e+00 7.87601709e-01 1.54977351e-01
  2.54535437e+00 4.85703373e+00 3.77292895e+00 1.17491312e-01
  0.00000000e+00 4.41826916e+00 1.95469752e-01 2.16415286e+00
  7.95253706e+00 1.94284394e-01 6.03937626e+00 2.32603693e+00
  0.00000000e+00 7.53580761e+00 8.83291841e-01 3.31069797e-01
  2.36967444e+00 2.92031527e+00 8.97938824e+00 4.61775988e-01
  1.98165011e+00 5.43880749e+00 1.00701876e+01 4.38803720e+00
  3.50965023e-01 0.00000000e+00 5.67054227e-02 1.08216293e-01
  4.77790070e+00 2.56580019e+00 4.58927059e+00 3.82778430e+00
  1.39545596e+00 2.67076343e-01 1.32867262e-01 0.00000000e+00
  3.37554359e+00 3.20143282e-01 3.55113816e+00 4.41823912e+00
  1.64205849e-01 3.23246241e+00 1.53684139e-01 1.27076035e+01
  0.00000000e+00 2.98110485e+00 0.00000000e+00 0.00000000e+00
  4.32603180e-01 3.27794647e+01 0.00000000e+00 0.00000000e+00
  2.68158650e+00 7.13965297e-01 5.56622267e-01 2.57485008e+00
  1.48070484e-01 3.27835470e-01 1.36709392e+00 7.23416996e+00
  5.66834152e-01 0.00000000e+00 2.37089610e+00 3.40258789e+00
  2.15266657e+00 3.94031072e+00 3.55273318e+00 1.63492107e+00
  0.00000000e+00 2.49719620e-01 7.97104740e+00 2.30382252e+00
  3.45027375e+00 1.30409682e+00 7.86997139e-01 7.62871838e+00
  1.91766822e+00 1.50996074e-01 1.58880115e-01 1.36432409e+00
  6.49740219e-01 1.24522913e+00 7.42583561e+00 1.22885413e-01
  8.21231174e+00 3.01321197e+00 1.17801166e+00 9.75765228e+00
  1.80139077e+00 3.73373795e+00 0.00000000e+00 0.00000000e+00
  2.42526264e+01 5.00267267e+00 7.32423067e-01 6.60883808e+00
  2.27207255e+00 4.66565847e-01 1.47274542e+01 5.78709650e+00
  4.26382589e+00 3.71355593e-01 1.64289820e+00 1.94048449e-01
  8.08680654e-01 4.55214173e-01 4.23901320e+00 1.29948688e+00
  2.73116541e+00 9.32417011e+00 8.11252594e+00 0.00000000e+00
  3.48406744e+00 1.23345299e+01 6.12326413e-02 2.06711203e-01
  2.31502783e-02 3.19732237e+00 3.35067916e+00 6.22018240e-03
  4.93499637e-01 1.61254716e+00 1.92616329e-01 4.34139848e-01
  5.86570561e-01 1.07897937e+00 1.28959334e+00 1.47550642e-01
  4.15914249e+00 7.58390856e+00 1.93785346e+00 1.43433642e+00
  3.93213391e-01 6.87010956e+00 0.00000000e+00 0.00000000e+00
  3.12225819e-01 2.51099420e+00 1.87737262e+00 1.91328335e+00
  2.74256468e+00 5.97764921e+00 1.39747775e+00 4.52006865e+00
  2.61679387e+00 2.31273222e+00 0.00000000e+00 5.68182886e-01
  0.00000000e+00 1.35408068e+00 4.90033865e-01 6.35818720e-01
  6.42606020e+00 1.02211208e+01 3.93310833e+00 2.32010770e+00
  7.10757136e-01 1.07574301e+01 2.46021557e+00 9.14426893e-02
  2.63142633e+00 0.00000000e+00 3.34720159e+00 2.27111292e+00
  2.48053670e+00 9.60219955e+00 7.91894341e+00 2.60653734e+00
  1.70743084e+00 1.37084961e+00 6.19352698e-01 9.35471892e-01
  1.06976800e-01 1.77036953e+00 1.94090056e+00 2.29811978e+00
  1.50788057e+00 1.00138652e+00 1.78155708e+00 5.42607307e-01
  1.00279129e+00 1.03549585e-01 1.10602630e-02 3.19128132e+00
  4.17928934e-01 1.92469120e+00 0.00000000e+00 1.91800642e+00
  1.42472572e+01 1.00927722e+00 5.99319029e+00 1.19642936e-01
  6.77919686e-01 2.20820332e+00 2.49663568e+00 3.22829485e+00
  4.87453461e+00 8.98413658e-01 1.31181741e+00 3.37067270e+00
  1.90252674e+00 1.26239896e+00 1.47718418e+00 7.84205079e-01
  3.27394986e+00 0.00000000e+00 8.42775536e+00 7.54204631e-01
  1.42642784e+00 5.16135263e+00 2.13201523e+00 0.00000000e+00
  5.79816246e+00 2.82065725e+00 2.40951514e+00 1.01683773e-01
  4.41036129e+00 6.13057792e-01 1.76085603e+00 0.00000000e+00
  5.05318832e+00 1.11842632e+00 3.31290412e+00 2.22058102e-01
  0.00000000e+00 1.19718559e-01 3.85073876e+00 2.73124170e+00
  2.55124402e+00 8.75023651e+00 4.33319235e+00 9.87722456e-01
  1.18779920e-01 9.95360553e-01 9.96694469e+00 2.52667010e-01
  2.95492387e+00 1.50242243e+01 2.47279733e-01 4.18886280e+00
  8.80811084e-03 2.92340970e+00 1.44373441e+00 1.61396801e+00
  4.09461212e+00 2.81425571e+00 9.04728889e+00 2.03014445e+00
  1.75909662e+00 3.70236874e-01 1.95794928e+00 5.17701101e+00
  6.18166876e+00 4.39618540e+00 1.09841642e+01 9.09842134e-01
  1.22007024e+00 6.86746693e+00 4.07390165e+00 1.56773376e+00
  1.24669707e+00 0.00000000e+00 6.31095409e-01 7.93343639e+00
  9.25666869e-01 1.50752473e+00 2.96411458e-02 2.30093718e+00
  2.66942215e+00 0.00000000e+00 0.00000000e+00 0.00000000e+00
  5.30209064e-01 3.41767371e-01 2.81803560e+00 4.59975600e-01
  2.25023285e-01 8.57879353e+00 2.68305039e+00 5.36489487e-02
  1.65877533e+01 5.12205541e-01 2.78860378e+00 2.59598434e-01
  3.90651345e+00 0.00000000e+00 2.17321453e+01 0.00000000e+00
  1.72115266e-01 5.09266615e+00 2.63810139e-02 1.35427350e-02
  2.19120479e+00 2.97498083e+00 5.44094992e+00 9.44302142e-01
  1.20600069e+00 1.10134923e+00 9.65366650e+00 1.76729083e-01
  2.38639712e+00 5.57906628e+00 7.22813085e-02 6.53271675e-01
  4.04981899e+00 3.19690895e+00 2.38018107e+00 1.62589043e-01
  0.00000000e+00 2.31006336e+00 6.71311677e-01 1.27554381e+00
  4.58884835e-01 2.49339025e-02 0.00000000e+00 3.96541619e+00
  4.69481468e+00 1.24550831e+00 1.96980044e-01 6.04047775e+00
  1.62424672e+00 1.14583340e+01 3.46947104e-01 7.57753563e+00
  3.71207976e+00 6.63029194e+00 1.85725486e+00 8.87036920e-01
  0.00000000e+00 3.19395566e+00 6.29039478e+00 1.29067373e+00
  4.00306238e-03 0.00000000e+00 4.51519787e-01 0.00000000e+00
  2.68186355e+00 3.57857734e-01 6.15360737e-01 3.59103727e+00
  1.30852747e+00 3.95140886e-01 8.36795270e-02 5.51447487e+00
  7.74349153e-01 1.02901869e-01 7.65249300e+00 3.70797229e+00
  3.96523738e+00 2.23529711e-01 5.05570948e-01 1.07622810e-01
  1.58772449e+01 1.14341688e+00 3.97703797e-02 1.32197165e+00
  6.91301942e-01 1.71396291e+00 1.89920723e+00 4.13559341e+00
  1.11240685e+00 3.58633310e-01 7.02974200e-01 2.86659658e-01
  1.65003479e-01 2.46509150e-01 1.36602259e+00 3.23606467e+00
  1.88368881e+00 0.00000000e+00 2.30107617e+00 2.59633207e+00
  2.28573275e+00 6.66262627e+00 7.18237305e+00 0.00000000e+00
  5.05001128e-01 1.84638917e+00 5.29123796e-03 2.53438544e+00
  3.58258557e+00 1.10763252e-01 2.24068975e+00 0.00000000e+00
  0.00000000e+00 0.00000000e+00 1.93269968e-01 2.84734756e-01
  2.11053848e+00 3.90154862e+00 3.07136029e-01 7.21179390e+00
  0.00000000e+00 2.09917521e+00 3.19848967e+00 1.21466219e+00
  0.00000000e+00 0.00000000e+00 7.21678066e+00 3.79361963e+00
  1.00979142e-01 1.74594164e-01 4.86268854e+00 5.77652454e+00
  1.29287124e-01 0.00000000e+00 9.54653168e+00 8.07333350e-01
  1.54296052e+00 2.71313777e-03 6.97459316e+00 8.17998791e+00
  3.70690131e+00 9.96784592e+00 1.41969752e+00 1.69246995e+00
  3.52338839e+00 5.40523589e-01 2.13433290e-04 7.38212585e-01
  4.04664755e+00 8.00008595e-01 6.72671854e-01 1.03828545e+01
  2.40592217e+00 1.29049337e+00 4.64839554e+00 4.02800894e+00
  3.09564090e+00 9.23837960e-01 2.74551082e+00 4.06831360e+00]]