[[9.27421749e-01 1.92037845e+00 2.84888649e+00 5.53355932e-01
  4.91390377e-01 1.45868158e+00 4.76977682e+00 5.99997950e+00
  2.05941367e+00 6.72662020e-01 1.18270361e+00 3.33603144e+00
  8.84454060e+00 3.48478723e+00 1.61306715e+00 1.21190727e+00
  0.00000000e+00 1.34073436e+00 2.98779309e-01 5.56502628e+00
  3.67577910e+00 3.15526032e+00 5.04587054e-01 1.28420126e+00
  3.70227426e-01 4.81599998e+00 4.52536643e-01 1.19216949e-01
  8.75302434e-01 0.00000000e+00 1.20425522e-01 2.86274505e+00
  0.00000000e+00 4.36537313e+00 3.34118772e+00 3.99904996e-01
  3.84879112e+00 2.66157961e+00 3.78742814e+00 1.76070046e+00
  9.76568580e-01 2.36774993e+00 2.30915523e+00 3.61838722e+00
  1.98107600e+00 0.00000000e+00 8.14192474e-01 9.90740585e+00
  9.20862007e+00 1.95651305e+00 1.91706407e+00 0.00000000e+00
  1.28815904e-01 8.08346346e-02 1.29989684e+00 4.81605005e+00
  3.34410518e-01 7.72315645e+00 3.59720588e+00 0.00000000e+00
  0.00000000e+00 1.36392200e+00 4.08899403e+00 5.40576363e+00
  2.97064632e-01 7.57768202e+00 1.86565295e-01 2.95135903e+00
  1.30944347e+00 8.90486956e-01 2.84188241e-01 1.29673767e+00
  6.17988920e+00 8.45304108e+00 6.81384325e+00 1.19443290e-01
  4.94095385e-01 5.50306439e-01 4.86510992e-01 9.54357564e-01
  3.71705651e+00 1.96844792e+00 3.78914571e+00 4.58041221e-01
  0.00000000e+00 3.39536405e+00 6.04642928e-01 1.11340892e+00
  1.19743805e+01 5.41229546e-01 1.58965039e+00 3.32719183e+00
  3.75511599e+00 2.35574579e+00 4.72738534e-01 6.61098063e-01
  1.34580195e+00 2.26200581e+00 3.72085869e-01 2.31522664e-01
  3.26999116e+00 9.16843414e+00 3.71998167e+00 6.20069218e+00
  2.97137052e-01 0.00000000e+00 6.60732806e-01 3.66232228e+00
  7.85146046e+00 3.55567932e+00 2.34103727e+00 5.81131601e+00
  3.33080292e-01 3.95983597e-03 1.46687412e+00 1.17697847e+00
  2.67092276e+00 1.56879997e+00 5.68299961e+00 1.65244079e+00
  0.00000000e+00 4.58910346e-01 3.68182480e-01 1.64679489e+01
  0.00000000e+00 3.16443086e+00 0.00000000e+00 1.21662870e-01
  6.90892875e-01 8.25183010e+00 2.94597793e+00 2.40932062e-01
  8.77583694e+00 2.75272459e-01 3.53722572e-02 9.67409849e-01
  4.07739043e-01 2.68072319e+00 3.96494180e-01 1.26236887e+01
  8.11680794e-01 5.24916768e-01 1.91177833e+00 6.63537979e+00
  3.38407612e+00 8.12925637e-01 8.13485241e+00 9.91397679e-01
  0.00000000e+00 2.40277696e+00 5.62034655e+00 4.96174067e-01
  3.09419990e+00 6.52540743e-01 4.80891645e-01 7.89769077e+00
  1.05016637e+00 8.37862134e-01 4.42099392e-01 4.41911399e-01
  3.10087860e-01 3.04850042e-01 3.49849892e+00 2.81194329e-01
  3.72606587e+00 6.25534010e+00 1.33389840e-03 8.23552418e+00
  2.18910158e-01 9.34993839e+00 0.00000000e+00 1.35210633e-01
  1.40574465e+01 2.77248502e+00 1.70717025e+00 6.05233192e+00
  4.29813676e-02 4.60679024e-01 9.74218273e+00 8.08228874e+00
  6.09572232e-01 2.11591676e-01 3.75480533e+00 1.31758440e+00
  3.35471332e-01 6.16133548e-02 9.06439781e+00 1.41592002e+00
  1.25720155e+00 6.59387779e+00 9.94858932e+00 0.00000000e+00
  3.38542056e+00 1.03166389e+01 6.78736120e-02 2.07146907e+00
  1.29780695e-02 3.53554487e-01 5.78402519e+00 9.00834680e-01
  1.91788650e+00 3.91779613e+00 1.76361299e+00 6.40551031e-01
  9.93469775e-01 1.91954255e+00 2.67721081e+00 2.45885849e+00
  2.61899185e+00 1.38872778e+00 6.32204390e+00 5.93766022e+00
  2.79468775e-01 3.00128365e+00 6.11567646e-02 1.98462188e-01
  3.31812054e-01 1.26548700e+01 1.82837439e+00 8.45514119e-01
  1.52522966e-01 3.19967937e+00 1.86635399e+00 4.34561205e+00
  2.73482537e+00 7.64071584e-01 6.59406602e-01 8.10444593e-01
  6.01928681e-02 1.86055613e+00 3.07779241e+00 3.17700529e+00
  1.37359390e+01 4.62603712e+00 6.57732308e-01 2.46733332e+00
  7.89353192e-01 2.71118188e+00 6.74565196e-01 5.00524521e+00
  2.01891541e+00 0.00000000e+00 2.50431585e+00 5.53631186e-01
  3.95061779e+00 1.80067682e+00 1.15250235e+01 1.83816516e+00
  1.04767823e+00 3.69217348e+00 1.45504665e+00 4.22174549e+00
  0.00000000e+00 1.23357201e+00 5.90763569e-01 0.00000000e+00
  1.74511284e-01 1.17083395e+00 2.08247590e+00 7.19687389e-03
  9.54105318e-01 0.00000000e+00 0.00000000e+00 5.85324955e+00
  1.36074471e+00 1.56843412e+00 0.00000000e+00 3.44472480e+00
  6.11439133e+00 1.22418714e+00 5.89781761e+00 0.00000000e+00
  3.70328689e+00 8.93466711e-01 7.90536165e+00 1.00535142e+00
  1.41669378e+01 1.92921877e-01 0.00000000e+00 5.07961130e+00
  5.36087799e+00 1.48248041e+00 1.97291160e+00 2.04059863e+00
  2.83682704e-01 6.94123143e-03 4.37192488e+00 2.11736774e+00
  1.77656269e+00 2.62268591e+00 2.41936326e-01 2.00368309e+00
  2.21767950e+00 1.69012338e-01 2.75012803e+00 5.93593121e-01
  9.73635960e+00 0.00000000e+00 9.32016492e-01 2.12223530e+00
  1.27068682e+01 6.18047833e-01 8.15871143e+00 6.36634588e+00
  6.31601691e-01 3.47725201e+00 1.74108362e+00 1.00025570e+00
  8.35852528e+00 7.87411070e+00 3.05389500e+00 1.93288660e+00
  2.27151155e+00 0.00000000e+00 7.82615137e+00 2.74358839e-01
  5.49081385e-01 8.14510727e+00 1.30812109e+00 6.06370878e+00
  8.75169039e-02 5.17233992e+00 8.24153662e-01 2.85820484e+00
  4.68980789e+00 1.11960483e+00 1.24429817e+01 2.02402663e+00
  1.30359900e+00 3.97074509e+00 2.89321452e-01 5.69824600e+00
  5.91129112e+00 3.34633875e+00 4.46374035e+00 2.52029133e+00
  3.00091076e+00 6.52273560e+00 2.96107793e+00 1.83432376e+00
  1.08439945e-01 1.20935631e+00 5.10648675e-02 3.27310395e+00
  3.72343779e-01 1.46304834e+00 1.36759984e+00 6.66786337e+00
  1.89015055e+00 4.65428650e-01 0.00000000e+00 9.07149673e-01
  2.38444018e+00 5.41728783e+00 2.65335608e+00 9.06847656e-01
  1.73990870e+00 7.38700914e+00 5.03365183e+00 7.40834892e-01
  3.05167818e+00 2.12186113e-01 6.79829979e+00 6.02681518e-01
  5.05558443e+00 1.69389486e+00 2.25011539e+01 6.31104231e-01
  0.00000000e+00 1.07465744e+01 3.90128344e-01 0.00000000e+00
  6.22592643e-02 1.17422807e+00 2.77916288e+00 1.72847795e+00
  6.85992956e-01 4.50416207e-01 1.23489151e+01 1.49009740e+00
  1.07641482e+00 4.10547972e+00 7.00784862e-01 2.65468860e+00
  5.75632048e+00 1.94636416e+00 2.75288796e+00 1.34923775e-02
  2.63661951e-01 3.34158564e+00 3.75286770e+00 1.19034576e+00
  1.73244536e+00 0.00000000e+00 0.00000000e+00 9.77330744e-01
  1.94285870e+00 9.88549292e-01 4.89635801e+00 2.80603707e-01
  2.72832417e+00 9.95165730e+00 7.22607732e-01 3.33204937e+00
  3.04938459e+00 1.23669970e+00 2.60170326e-02 3.83544612e+00
  2.40744993e-01 1.60101306e+00 1.02480631e+01 1.30784547e+00
  1.74426508e+00 1.36653984e+00 9.27676857e-02 3.54880571e-01
  4.83146095e+00 4.80411386e+00 7.53779054e-01 6.42598486e+00
  6.81600094e+00 6.11739814e-01 1.82662594e+00 8.47082424e+00
  2.54081011e-01 0.00000000e+00 4.69413090e+00 3.53704429e+00
  1.02255917e+01 1.87285304e+00 5.52698755e+00 5.45532763e-01
  2.01219330e+01 6.53465331e-01 3.50399542e+00 1.08321323e+01
  5.55480003e-01 5.01953888e+00 9.38847780e-01 2.17080832e+00
  1.15666080e+00 4.71428372e-02 1.24433374e+00 7.14161992e-01
  3.68260741e-01 1.64619899e+00 2.65193701e-01 1.61337268e+00
  3.89519763e+00 0.00000000e+00 6.17333841e+00 6.24550629e+00
  1.22944820e+00 1.90743673e+00 1.69500816e+00 1.43108881e+00
  5.50904608e+00 6.05690718e-01 6.00919187e-01 2.07360148e+00
  1.94635320e+00 1.99583697e+00 2.93198138e-01 0.00000000e+00
  0.00000000e+00 2.02520549e-01 9.17750359e-01 6.02499302e-03
  2.36430836e+00 3.04603910e+00 4.78328113e-03 2.92631745e+00
  8.23726273e+00 6.17033291e+00 4.60734129e+00 0.00000000e+00
  4.60520685e-01 5.48222113e+00 8.68551826e+00 7.85726452e+00
  1.45636392e+00 4.18524683e-01 1.75405115e-01 8.26618433e-01
  7.06880912e-03 0.00000000e+00 4.81748581e+00 1.03595257e+00
  5.83631635e-01 6.45778835e-01 4.76761198e+00 7.87389088e+00
  4.11004448e+00 1.37483931e+01 3.33973861e+00 1.41681349e+00
  4.08954716e+00 2.61068487e+00 4.76751745e-01 2.51683283e+00
  4.99328375e+00 2.19524652e-01 6.01503277e+00 1.12148733e+01
  7.54185009e+00 3.85083890e+00 1.60027552e+00 4.20813465e+00
  5.33198833e-01 7.63785064e-01 3.01199174e+00 2.12095618e+00]]