[[6.36909783e-01 8.57802868e-01 2.32589006e+00 1.30600303e-01
  0.00000000e+00 8.08568239e-01 4.93635941e+00 4.90022945e+00
  5.21404028e+00 3.26940954e-01 1.34436476e+00 2.80629754e+00
  6.02386093e+00 5.29365873e+00 3.45796824e-01 4.09927845e+00
  2.19014049e+00 6.49256706e-01 0.00000000e+00 1.49956000e+00
  3.38043141e+00 4.99003172e+00 5.80455124e-01 4.90435410e+00
  9.42438722e-01 6.80970621e+00 2.89707708e+00 2.51968294e-01
  2.27795839e+00 0.00000000e+00 2.01085195e-01 4.22913170e+00
  9.30971503e-02 3.29120922e+00 6.05384350e-01 2.19173455e+00
  3.69092989e+00 4.54231977e-01 2.66902685e+00 2.98593521e+00
  6.77808344e-01 1.16406262e+00 4.16991234e+00 7.09707642e+00
  2.77146721e+00 4.35689509e-01 2.03043962e+00 8.76492786e+00
  1.44438517e+00 1.57589269e+00 2.73696208e+00 2.14020740e-02
  1.57487512e-01 2.50945333e-02 9.67981160e-01 3.78658652e+00
  1.40416002e+00 1.25050592e+01 3.08537006e+00 1.69854617e+00
  4.26270589e-02 9.05673444e-01 3.18567061e+00 5.64024830e+00
  1.33930051e+00 1.20886719e+00 0.00000000e+00 6.78741634e-01
  5.47383785e-01 4.17769104e-01 2.11660480e+00 5.30419302e+00
  3.74342108e+00 9.10117245e+00 5.05463123e+00 1.25209615e-01
  0.00000000e+00 9.71018434e-01 2.15311360e+00 1.65177631e+00
  9.96926785e-01 2.49351096e+00 2.27788663e+00 6.71161115e-01
  0.00000000e+00 6.90837860e-01 5.61009627e-03 1.42571402e+00
  9.08992100e+00 2.20674127e-01 1.79178476e+00 3.14784360e+00
  1.26117599e+00 2.67183876e+00 9.56803799e-01 0.00000000e+00
  5.42989016e-01 3.93689132e+00 1.83119798e+00 9.76202965e+00
  2.03737164e+00 6.07125044e+00 9.61641121e+00 1.73610294e+00
  1.72313571e-01 9.52782705e-02 3.40280890e-01 5.93616188e-01
  4.49309540e+00 4.32513285e+00 4.60862494e+00 1.73554754e+00
  7.81915784e-01 8.42962682e-01 2.41293144e+00 6.54045284e-01
  5.28143787e+00 1.41847241e+00 4.40092611e+00 2.18501401e+00
  1.66890800e-01 6.62687600e-01 5.20755172e-01 1.72927933e+01
  0.00000000e+00 2.26002145e+00 4.54196930e-01 4.87149395e-02
  0.00000000e+00 9.09805965e+00 0.00000000e+00 6.43914521e-01
  9.65229225e+00 1.00397789e+00 3.63604844e-01 1.32926130e+00
  9.44711745e-01 4.72007483e-01 8.82779598e-01 8.66352844e+00
  2.00887024e-01 1.66081756e-01 4.50644284e-01 4.51838303e+00
  1.04426928e+01 4.78327215e-01 5.98465967e+00 1.81352746e+00
  0.00000000e+00 0.00000000e+00 1.31255178e+01 6.38987660e-01
  1.77165973e+00 1.05821930e-01 1.97505593e+00 5.94416094e+00
  6.81442404e+00 4.20373619e-01 1.00593710e+00 3.75000715e-01
  1.04591048e+00 1.38766694e+00 7.73603153e+00 4.04968053e-01
  4.53241396e+00 1.16542459e+00 4.87345494e-02 2.34917426e+00
  1.66358793e+00 4.03823328e+00 2.18741357e-01 2.00029707e+00
  1.53516979e+01 8.08523476e-01 8.70708227e-01 9.32654953e+00
  0.00000000e+00 1.93989801e+00 1.58895264e+01 6.78764248e+00
  5.15871108e-01 0.00000000e+00 5.39833009e-01 5.60811996e-01
  5.93768299e-01 8.11149999e-02 1.18539476e+01 1.01205897e+00
  8.63478065e-01 7.39780617e+00 8.22800446e+00 0.00000000e+00
  2.85043240e-01 5.77201748e+00 4.50777352e-01 9.40233111e-01
  0.00000000e+00 8.51375341e-01 1.72348666e+00 2.35881305e+00
  4.42456961e+00 3.81507182e+00 2.78080225e+00 4.91980493e-01
  7.22352788e-02 2.31557775e+00 1.19210756e+00 5.12681425e-01
  8.90164971e-01 5.68743515e+00 2.13718796e+00 4.31300223e-01
  1.65534288e-01 3.60211110e+00 9.15247500e-02 3.03445101e+00
  1.18127668e+00 7.62192440e+00 2.16458821e+00 4.98332882e+00
  6.35362530e+00 5.22018862e+00 2.56465435e-01 1.63115454e+00
  5.69830084e+00 2.09245229e+00 2.49975055e-01 3.41819859e+00
  2.03142786e+00 7.99236012e+00 5.87814927e-01 9.24218273e+00
  7.20729828e+00 6.63829565e+00 5.05539477e-01 7.80990124e-01
  6.96372271e+00 1.18117273e+00 5.89701116e-01 8.93615425e-01
  1.00416684e+00 0.00000000e+00 1.29870033e+00 1.39357948e+00
  2.81069827e+00 3.81767559e+00 5.18770695e+00 1.33434176e+00
  2.64670134e-01 5.04718542e+00 4.36392832e+00 9.16867614e-01
  1.30316925e+00 1.39455676e+00 3.41397738e+00 8.16789806e-01
  1.76817834e-01 7.16924191e-01 3.41864514e+00 0.00000000e+00
  3.49449329e-02 5.47541641e-02 0.00000000e+00 2.60799527e+00
  2.08082104e+00 3.52132368e+00 2.19761801e+00 3.47847223e+00
  1.17798367e+01 0.00000000e+00 6.37459326e+00 0.00000000e+00
  1.28938437e+00 3.54273653e+00 9.79180431e+00 1.63068426e+00
  1.02948465e+01 4.68100488e-01 1.09666914e-01 1.84724903e+00
  4.31803942e+00 4.21264219e+00 3.87670326e+00 7.35692680e-01
  2.58623576e+00 3.97822307e-03 6.97197056e+00 2.48034143e+00
  1.48428655e+00 5.85495138e+00 2.78315759e+00 7.21146345e-01
  4.89685106e+00 6.05369854e+00 3.74974775e+00 1.48666823e+00
  1.29186487e+01 1.48458645e-01 2.16106820e+00 6.85534254e-02
  4.86452961e+00 4.09979630e+00 6.44168234e+00 2.31147933e+00
  6.04379810e-02 2.75940537e+00 5.59258032e+00 5.92812598e-01
  7.85027504e-01 5.76075649e+00 6.51241481e-01 1.56511629e+00
  5.66164732e+00 8.02039921e-01 2.92626715e+00 5.58324099e-01
  1.48447359e+00 1.18078356e+01 7.06911981e-01 4.69514418e+00
  1.62572920e-01 3.16274524e+00 4.08169556e+00 8.75714064e-01
  4.00895834e+00 1.07853305e+00 7.31629992e+00 3.45405847e-01
  1.40671551e+00 4.56755608e-01 6.49679661e-01 4.61362171e+00
  8.81976223e+00 4.99748182e+00 8.55049706e+00 5.05283237e-01
  5.57041550e+00 7.84542990e+00 1.19823942e+01 1.41185915e+00
  3.74562666e-02 1.23293829e+00 9.43779647e-02 3.97563362e+00
  2.78614849e-01 2.40228343e+00 1.50372231e+00 5.26711273e+00
  3.48766223e-02 1.09979558e+00 0.00000000e+00 2.95953363e-01
  5.35865402e+00 4.20756149e+00 1.60274053e+00 1.08243144e+00
  2.79848504e+00 1.05132580e+01 5.43584204e+00 5.88794470e-01
  8.31421757e+00 9.82838690e-01 4.78236532e+00 7.85394967e-01
  3.91110826e+00 7.73899913e-01 6.92296410e+00 3.03801394e+00
  0.00000000e+00 1.21525040e+01 1.22498322e+00 1.22596256e-01
  2.41866851e+00 6.11010611e-01 4.15137053e+00 4.14756393e+00
  5.93743145e-01 6.79124117e-01 8.97207069e+00 9.11352515e-01
  1.10649037e+00 6.51568794e+00 0.00000000e+00 1.51324785e+00
  4.45707035e+00 1.03601360e+00 1.60542846e+00 2.05628544e-01
  2.64469981e-01 1.91050124e+00 5.34038019e+00 1.31334448e+00
  3.86578768e-01 6.21838689e-01 0.00000000e+00 1.33481884e+00
  2.98219991e+00 1.71438909e+00 3.53640270e+00 1.87743270e+00
  2.72621006e-01 6.20128393e+00 4.68918771e-01 8.68004799e+00
  9.74088001e+00 2.15480614e+00 1.03090096e+00 1.20773785e-01
  1.78859279e-01 7.31679249e+00 6.72412872e+00 3.69102550e+00
  7.98156440e-01 0.00000000e+00 0.00000000e+00 4.75031942e-01
  3.33749461e+00 6.41324329e+00 6.59762919e-01 5.09602356e+00
  6.41611338e+00 6.37321413e-01 3.40225458e+00 8.25833893e+00
  8.15615728e-02 1.84823181e-02 2.30955219e+00 1.67884957e-02
  3.09659147e+00 2.88859685e-03 2.77947187e+00 2.77615696e-01
  2.06770859e+01 1.92041886e+00 0.00000000e+00 3.05586624e+00
  1.96466520e-01 2.33312511e+00 1.61573422e+00 3.66413593e+00
  9.16681230e-01 2.66253710e-01 1.40511668e+00 7.60721493e+00
  7.96292186e-01 8.47319722e-01 4.18706417e-01 1.95012319e+00
  2.50570989e+00 2.73596030e-02 4.73473358e+00 9.39108372e+00
  1.63195705e+00 1.18539286e+00 2.99601245e+00 1.29425716e+00
  2.17673945e+00 2.51201367e+00 1.05956353e-01 6.41554499e+00
  3.92233562e+00 3.84456158e+00 3.51714683e+00 1.29453647e+00
  6.39774976e-03 4.06250924e-01 1.45904827e+00 1.87612808e+00
  2.24566364e+00 1.43878722e+00 3.10126972e+00 5.55714130e+00
  6.04484415e+00 5.92421532e+00 6.43022135e-02 2.06524462e-01
  8.64080369e-01 3.10397673e+00 6.95371914e+00 3.41727519e+00
  2.78002620e+00 3.55284079e-03 1.97811708e-01 2.86722755e+00
  4.41821277e-01 0.00000000e+00 6.03364515e+00 5.36543846e-01
  4.76808280e-01 0.00000000e+00 4.19330072e+00 5.57980728e+00
  6.47781968e-01 1.07024775e+01 9.73605812e-01 1.58088934e+00
  4.74281263e+00 3.59937263e+00 3.64288986e-01 7.62969553e-01
  3.97242928e+00 9.70457792e-02 1.15454447e+00 1.07126141e+01
  1.59485471e+00 3.98960233e+00 8.93476307e-01 2.92337227e+00
  5.27194560e-01 9.04233828e-02 5.07514668e+00 4.67366695e+00]]