[[1.4195338e+00 5.3514069e-01 4.6285973e+00 2.9063559e-01 1.4596816e+00
  3.2505589e+00 5.5173130e+00 1.3711730e+01 3.5593450e-01 6.6830091e+00
  4.4915315e-02 1.7089520e+00 5.3091083e+00 4.8154616e+00 1.4888182e-02
  6.4952087e-01 1.0007399e+01 1.0582191e+00 0.0000000e+00 3.6864109e+00
  1.7735480e+00 1.5905842e+00 4.7342367e-02 5.1559515e+00 2.4338136e+00
  6.2087951e+00 3.9069350e+00 7.2764540e+00 5.4553013e+00 8.3501110e+00
  4.0245256e-01 1.0380757e+00 9.7132893e-03 5.9959254e+00 5.2323751e+00
  4.7404103e-02 2.4861178e+00 7.3122473e+00 5.1197782e+00 1.4965336e-01
  0.0000000e+00 2.3142154e+00 6.7570931e-01 7.8844948e+00 2.5701306e+00
  8.1178330e-02 3.5220766e+00 8.0190830e+00 5.2805910e+00 2.7178843e+00
  2.3331966e-01 7.0928641e-02 1.2860203e-01 1.5696181e-02 2.1192615e+00
  3.4485989e+00 3.8435452e+00 3.0165558e+01 6.3721910e+00 4.0936828e+00
  1.2367938e-01 1.1645613e+00 2.1685870e+00 4.9789720e+00 9.0370232e-01
  2.9065888e+00 0.0000000e+00 1.7729234e+00 2.9358885e-01 3.5795215e-01
  1.6037065e+00 1.4863300e+00 2.5951622e+00 2.3978126e+00 8.0420141e+00
  6.3520747e-01 8.3386099e-01 4.4161844e-01 3.6040161e+00 0.0000000e+00
  0.0000000e+00 8.4479656e+00 3.1577625e+00 7.1254855e-01 0.0000000e+00
  4.4782434e+00 9.3889333e-02 1.7525939e+00 1.8077318e+01 0.0000000e+00
  2.2606945e+00 3.1856129e+00 2.7191203e+00 2.9742200e+00 1.4669868e+00
  0.0000000e+00 3.6988442e+00 4.8872089e+00 9.9549332e+00 7.5704737e+00
  0.0000000e+00 1.0223338e+01 5.5945888e+00 6.2020035e+00 7.7365065e-01
  2.9125619e-01 8.3176203e-02 2.2940923e-01 1.3175156e+01 8.6549196e+00
  7.5690985e+00 3.5168507e+00 1.1321397e+00 1.8752506e-02 6.5090656e-01
  2.0529278e-01 2.1747293e+00 6.6201627e-01 6.0286832e+00 2.0664549e+00
  3.0345845e-01 5.7850504e-01 1.2598124e-01 2.3335375e+01 0.0000000e+00
  3.8118081e+00 0.0000000e+00 7.6434815e-01 2.4335997e-01 7.4513922e+00
  0.0000000e+00 1.1843419e+00 3.9654834e+00 3.6531880e+00 9.2238599e-01
  1.2755870e+00 1.0577979e+00 6.2660211e-01 8.8975745e-01 1.2279851e+01
  5.3332871e-01 2.6505563e-01 3.2183998e+00 7.6328454e+00 8.9780760e+00
  6.3703156e-01 8.4113636e+00 2.3989751e+00 0.0000000e+00 3.0725105e-02
  1.2167230e+01 2.1135552e+00 3.1590762e+00 2.3886273e+00 3.9288271e-02
  1.3163347e+01 4.8362422e+00 1.4964939e+00 1.0115391e-01 2.9911094e+00
  1.3683168e+00 5.2229328e+00 6.7879982e+00 4.6322364e-01 4.9391279e+00
  2.2903800e+00 2.0832621e-02 6.8736606e+00 1.3651369e+00 1.1084920e+01
  0.0000000e+00 3.3801887e-02 1.4670167e+01 2.7076457e+00 1.1759130e+00
  6.2146745e+00 2.2480173e+00 1.8836336e+00 1.2913334e+01 1.5250542e+01
  2.8829906e+00 3.1312117e-01 2.5709891e+00 3.7415292e-02 1.1140384e-01
  6.3858104e-01 6.5641360e+00 4.1274500e-01 1.5350300e+00 1.3361385e+01
  7.4907312e+00 0.0000000e+00 3.4541650e+00 1.0151676e+01 0.0000000e+00
  2.4209623e+00 0.0000000e+00 1.2205037e+00 2.5953434e+00 8.3104020e-01
  7.2412982e+00 5.1136551e+00 2.6244769e+00 2.9159150e-01 3.5275402e+00
  1.7502714e+00 2.8486025e-01 2.0968416e+00 3.8316171e+00 1.0225321e+00
  4.6266537e+00 3.6306987e+00 2.0465798e+00 6.5721245e+00 0.0000000e+00
  2.7427334e-01 1.3093284e-02 2.4301383e+00 4.3560624e+00 3.5463731e+00
  1.2871600e+00 5.1980782e+00 4.9975552e-03 5.3711400e+00 7.5977435e+00
  3.6693847e+00 8.7183200e-02 1.0605757e+00 1.0456708e-01 4.3878140e+00
  9.3262380e-01 3.4446144e+00 1.2769798e+01 9.1588793e+00 1.1075603e+00
  1.6984739e+00 1.0864642e+00 1.2807679e+00 1.7812272e+00 6.2771869e-01
  1.2881823e+00 0.0000000e+00 2.1035867e+00 8.7248135e-01 2.4080265e+00
  1.8935665e+00 7.5822840e+00 5.2406125e+00 1.2414972e+00 1.0405299e+01
  2.2096162e+00 1.4398493e-01 0.0000000e+00 4.3686261e+00 1.1377150e+00
  1.3987371e+00 3.2542267e+00 7.5566435e-01 9.2778504e-01 3.4239188e-01
  2.4642460e+00 6.2006098e-01 1.1556423e-01 6.7984939e+00 1.1470866e+00
  4.1549168e+00 4.8771782e+00 2.1696765e+00 8.8898735e+00 6.8329263e-01
  1.0607405e+01 0.0000000e+00 6.0495478e-01 0.0000000e+00 3.8625102e+00
  5.5582863e-01 1.6394482e+01 1.3140568e+00 5.1447946e-01 5.0955386e+00
  2.3304136e+00 2.0263116e+00 3.3978757e-01 0.0000000e+00 1.6597930e+00
  0.0000000e+00 1.4084226e+01 5.4416734e-01 1.7136732e+00 2.5465090e+00
  1.0811726e+00 1.8774776e+00 7.5371208e+00 9.9282449e-01 3.6160231e+00
  4.5323358e+00 1.2753190e+01 5.0286812e-01 4.0191898e+00 3.0083961e+00
  7.5728331e+00 7.5323129e-01 7.5445027e+00 2.4515002e+00 0.0000000e+00
  1.1091398e+00 1.2030341e+01 2.4438500e+00 5.2174263e+00 4.6657948e+00
  3.6973398e+00 1.2127820e-01 3.0807883e-01 0.0000000e+00 8.3230162e+00
  0.0000000e+00 5.3906388e+00 1.4987514e+01 5.9352964e-01 9.4575605e+00
  5.4539811e-02 5.8751793e+00 1.0393156e+00 3.5004625e-01 8.6258774e+00
  2.1466122e+00 1.4751881e+01 7.2179689e+00 1.8187047e+00 1.5261763e+00
  1.2787465e+00 5.7219249e-01 5.1123815e+00 1.1391389e+01 1.0982616e+01
  6.9913554e-01 5.4998595e-01 1.2079741e+01 7.6674595e+00 2.1833243e+00
  4.2776430e-01 0.0000000e+00 0.0000000e+00 9.4104452e+00 0.0000000e+00
  7.6923981e-02 9.1665171e-02 7.6494651e+00 3.6770866e+00 8.2657665e-01
  5.2084357e-02 0.0000000e+00 1.0838541e+00 1.3057318e+00 7.1581900e-01
  1.2402190e+00 6.9496584e-01 8.4596453e+00 2.1187458e+00 1.5752488e+00
  5.2788234e+00 1.0304126e+00 9.8403864e+00 0.0000000e+00 3.6833117e+00
  1.9632433e-01 3.2217510e+01 6.5123720e+00 0.0000000e+00 7.5255885e+00
  9.8052900e-03 0.0000000e+00 1.5808163e+00 5.0086617e-01 3.1678703e+00
  1.8017904e+00 3.0198774e+00 0.0000000e+00 1.1886913e+01 5.0890207e-01
  2.6606078e+00 7.6958489e+00 9.2642762e-02 3.1740420e+00 6.2713566e+00
  2.3034887e+00 8.1302685e-01 0.0000000e+00 3.8746145e-02 1.6521531e+00
  4.0533948e+00 3.5010862e-01 1.4746816e+00 6.7435525e-02 1.6734960e-02
  2.3758605e+00 5.9420414e+00 2.2548006e+00 7.2502522e+00 1.0075405e+00
  1.4829162e+00 9.2517328e+00 3.4828770e-03 3.4969673e+00 3.5258043e+00
  6.2575078e+00 1.4548674e+00 2.5291988e-01 1.0233984e+00 3.0862489e+00
  1.0305558e+01 4.8200750e+00 5.1485057e+00 9.1447026e-01 1.2992058e+00
  0.0000000e+00 1.5905095e+01 3.9504731e+00 3.8660114e+00 1.7172842e+01
  3.7711782e+00 5.5577155e-02 6.9909608e-01 3.5759795e+00 2.1961815e+00
  0.0000000e+00 7.8235011e+00 1.0113686e+00 1.0805559e+01 4.7287825e-02
  4.1316915e+00 0.0000000e+00 2.3714102e+01 6.7197466e-01 1.1554974e+00
  5.5877876e+00 1.4628282e-01 6.2409120e+00 3.3778872e+00 1.3986349e+00
  8.8416564e-01 1.5740871e-01 5.2181393e-01 6.2412062e+00 0.0000000e+00
  7.3943728e-01 7.0638913e-01 1.9699956e+00 2.7221048e+00 0.0000000e+00
  5.9032516e+00 2.2601128e+00 1.8440627e+00 4.1681585e+00 3.5004890e+00
  5.4331846e+00 1.8920414e+00 5.0079894e+00 3.2074213e-01 1.7468431e+00
  6.7139683e+00 1.4942378e+00 1.8967824e+00 0.0000000e+00 0.0000000e+00
  1.0754104e+00 3.6575533e-02 1.0839082e+00 6.2779689e-01 2.1389601e+00
  1.1366905e+00 8.6152143e+00 4.5951014e+00 7.0395565e+00 2.0585103e+00
  2.6635294e+00 0.0000000e+00 0.0000000e+00 1.0161595e+01 4.8441391e+00
  5.4966397e+00 0.0000000e+00 4.1344604e-01 4.9499679e+00 0.0000000e+00
  1.2662959e-01 9.3263364e-01 1.3172699e+00 1.6091247e+00 0.0000000e+00
  9.7800102e+00 9.1509552e+00 2.2464750e+00 6.8001461e+00 3.9289885e+00
  2.2629595e+00 9.0435228e+00 5.7504206e+00 1.5589538e-01 7.0651844e-02
  3.0944529e+00 1.7687772e-01 1.0124183e+00 2.8359150e+01 3.2321165e+00
  5.8521587e-01 1.4034356e+00 5.3689699e+00 8.1952953e-01 1.6770529e+00
  5.6764708e+00 5.7531033e+00]]