[[1.19802928e+00 1.06083763e+00 4.48844767e+00 1.75102741e-01
  0.00000000e+00 1.77287638e+00 3.96813774e+00 1.06148233e+01
  9.16220856e+00 1.49008584e+00 6.22646034e-01 1.49871325e+00
  7.35761452e+00 1.50725603e+00 0.00000000e+00 8.26531947e-01
  4.49097961e-01 3.65711689e-01 2.33571196e+00 6.16372299e+00
  4.23431508e-02 2.39931917e+00 1.05399871e+00 6.96391582e+00
  7.27297902e-01 4.38267374e+00 6.48978710e+00 6.16916323e+00
  1.21212482e+00 4.54236794e+00 1.58391619e+00 4.53926468e+00
  6.56899586e-02 4.24332714e+00 4.93027878e+00 0.00000000e+00
  2.82776690e+00 4.22940540e+00 4.18399191e+00 2.04922390e+00
  2.27594566e+00 1.89911747e+00 1.52276349e+00 2.63868427e+00
  1.35747874e+00 8.00474584e-01 1.30626774e+00 9.70442581e+00
  6.93048477e+00 6.93222761e-01 1.39909267e+00 4.72335577e-01
  4.44875136e-02 4.75440311e+00 9.02809441e-01 2.55822897e+00
  5.95523059e-01 1.02405996e+01 4.92530107e+00 0.00000000e+00
  1.34510708e+00 1.34039986e+00 4.11121082e+00 3.10206366e+00
  1.42150795e+00 4.29191113e+00 1.34368217e+00 1.57252562e+00
  2.68168664e+00 2.81179339e-01 6.59895468e+00 8.98321033e-01
  3.33946538e+00 6.09750795e+00 7.53904223e-01 0.00000000e+00
  7.04469383e-01 0.00000000e+00 1.33642912e-01 2.15399361e+00
  6.51077747e-01 4.89887667e+00 4.39496946e+00 8.00561681e-02
  1.42982829e+00 1.44795732e+01 3.27979892e-01 2.09497571e+00
  7.40520811e+00 0.00000000e+00 5.61753809e-01 9.77643877e-02
  0.00000000e+00 3.69571638e+00 1.65545762e-01 0.00000000e+00
  1.11223567e+00 2.49251771e+00 9.76441574e+00 1.00280952e+00
  4.12651837e-01 6.14995670e+00 1.04897785e+01 8.11328697e+00
  2.32559371e+00 1.15294047e-01 3.56603831e-01 7.21922338e-01
  5.67268324e+00 7.29851782e-01 4.62642288e+00 2.69400144e+00
  4.49903458e-01 2.32638538e-01 3.73167127e-01 3.09248835e-01
  6.93816328e+00 2.03233886e+00 3.15055442e+00 4.80546093e+00
  1.09360301e+00 6.52972984e+00 7.82251239e-01 1.09117641e+01
  8.79030824e-01 1.46640253e+00 2.35020578e-01 0.00000000e+00
  0.00000000e+00 6.76197052e+00 0.00000000e+00 0.00000000e+00
  4.96824884e+00 2.05440021e+00 8.40451777e-01 5.35729408e+00
  3.33972812e-01 1.04131894e-02 1.20743084e+00 7.50837469e+00
  1.23205876e+00 5.08428514e-01 4.84472704e+00 3.63173342e+00
  1.93280125e+00 4.14952374e+00 1.11039963e+01 3.63056350e+00
  0.00000000e+00 1.48191476e+00 1.06144524e+01 3.95024228e+00
  1.14047803e-01 2.39857852e-01 0.00000000e+00 7.55864000e+00
  2.04305387e+00 7.29758799e-01 7.69662380e-01 7.13871241e-01
  1.43078804e+00 2.55403209e+00 4.88072920e+00 1.35947466e-01
  7.12020683e+00 5.10184288e+00 3.16184908e-01 8.58321846e-01
  1.83814180e+00 1.61789024e+00 0.00000000e+00 3.39084342e-02
  4.12827682e+00 4.94600487e+00 7.95198798e-01 3.16463113e-01
  0.00000000e+00 6.18970394e-01 1.46938019e+01 1.05653496e+01
  8.57639217e+00 1.38678551e+00 4.97289777e-01 5.82086444e-01
  1.31936181e+00 2.04430866e+00 5.16883039e+00 1.28689313e+00
  6.70847058e-01 1.26981354e+01 5.29445028e+00 1.27910785e-02
  1.49671721e+00 1.15987005e+01 0.00000000e+00 8.61872017e-01
  1.90473944e-01 4.15028715e+00 8.09791386e-01 0.00000000e+00
  2.87695026e+00 3.41788435e+00 0.00000000e+00 0.00000000e+00
  4.46531105e+00 1.42287993e+00 2.32445821e-01 1.79434061e+00
  1.41468561e+00 6.39514112e+00 0.00000000e+00 1.38569176e+00
  6.15447402e-01 3.79335928e+00 1.06009924e+00 0.00000000e+00
  2.24779177e+00 3.17584783e-01 2.87992644e+00 1.76807904e+00
  1.74042344e+00 4.37335014e+00 3.42784345e-01 1.37172329e+00
  2.38323236e+00 5.58599234e-01 1.59922391e-01 4.17419016e-01
  1.69651899e-02 3.25151968e+00 9.84041333e-01 1.56700397e+00
  8.51644516e+00 5.21834850e-01 1.49718285e+00 1.92429006e+00
  4.75836325e+00 3.78188801e+00 4.85674322e-01 3.36998177e+00
  9.38872039e-01 0.00000000e+00 2.66772628e+00 2.41593957e+00
  2.98226309e+00 5.13677597e+00 7.25906372e+00 5.30520010e+00
  2.51032686e+00 8.63736749e-01 1.65793872e+00 2.46247983e+00
  4.83786941e-01 2.43803692e+00 4.82545733e-01 3.22492778e-01
  1.59963584e+00 1.82215899e-01 1.90697777e+00 5.61998188e-01
  1.25638461e+00 4.02408242e-01 0.00000000e+00 3.02622342e+00
  5.47998786e-01 1.22953761e+00 7.10350513e-01 8.66282463e-01
  6.21149921e+00 1.25516570e+00 1.11626711e+01 1.18514979e+00
  1.58471644e+00 2.52569866e+00 4.74322625e-02 7.17689216e-01
  1.26750126e+01 1.18700242e+00 6.74488783e-01 7.33955097e+00
  3.34051847e+00 1.20400906e+00 1.84689808e+00 1.09597504e-01
  3.91907930e+00 0.00000000e+00 7.75499201e+00 1.24087915e-01
  5.94064474e-01 4.92095995e+00 1.52250016e+00 1.12205160e+00
  2.48863244e+00 2.32464957e+00 5.32093525e+00 6.85744226e-01
  6.10764694e+00 2.62905657e-01 1.14337146e+00 5.95536411e-01
  2.14370346e+00 2.19524336e+00 8.24625397e+00 2.85594344e-01
  6.34444296e-01 3.32377625e+00 4.98094559e+00 1.78581905e+00
  4.78660440e+00 5.69054508e+00 2.75079536e+00 2.86805487e+00
  5.09450614e-01 0.00000000e+00 9.89023113e+00 1.00195980e+00
  2.86401296e+00 1.23777142e+01 2.27195501e+00 1.22491980e+00
  5.99987984e-01 7.42697835e-01 9.90906596e-01 1.64105523e+00
  2.42351866e+00 1.63657725e+00 1.10391312e+01 3.20529729e-01
  1.73714769e+00 0.00000000e+00 1.95919609e+00 6.73581696e+00
  5.81730556e+00 2.28433299e+00 1.16005259e+01 2.18709803e+00
  3.26560807e+00 3.88057566e+00 9.08307433e-01 9.16898370e-01
  1.54607028e-01 7.13216960e-01 1.77351487e+00 8.03903675e+00
  9.66039777e-01 1.50253606e+00 2.31060195e+00 9.40687120e-01
  3.61673594e+00 0.00000000e+00 0.00000000e+00 0.00000000e+00
  1.46383882e+00 4.65264991e-02 2.91740632e+00 8.07868183e-01
  2.49679714e-01 5.98728895e+00 3.03418803e+00 9.23359543e-02
  8.58567429e+00 3.26245338e-01 8.78139019e-01 5.28564215e-01
  6.14898205e+00 1.65884837e-03 1.87135315e+01 0.00000000e+00
  6.19861424e-01 5.01070118e+00 7.26680517e-01 9.35090542e-01
  7.83798158e-01 1.51150870e+00 7.12186718e+00 5.02142286e+00
  8.20612848e-01 7.51855895e-02 1.14052649e+01 1.00591378e-02
  3.39550734e-01 1.10725856e+00 0.00000000e+00 3.98381543e+00
  1.25263691e+00 1.63425231e+00 2.97818637e+00 1.41741645e+00
  1.86507300e-01 3.50751042e+00 3.63575250e-01 2.05611515e+00
  7.43000805e-02 1.93787789e+00 1.26943851e+00 1.59538567e+00
  4.73033619e+00 2.28788996e+00 7.00024986e+00 3.92914295e+00
  1.56902862e+00 6.13625145e+00 1.46323536e-02 4.94187593e+00
  7.56319225e-01 8.55479479e-01 6.09121323e-02 6.02150142e-01
  6.08823359e-01 6.83351469e+00 5.87242460e+00 2.37336731e+00
  0.00000000e+00 0.00000000e+00 8.16560686e-01 0.00000000e+00
  8.80055189e-01 1.68293625e-01 6.52940571e-02 6.77481222e+00
  3.01604152e-01 5.60660660e-01 0.00000000e+00 1.67325902e+00
  1.32179546e+00 1.40902340e+00 9.55536652e+00 8.95976830e+00
  6.74456310e+00 1.30403900e+00 1.65878737e+00 4.18837130e-01
  8.12797928e+00 3.61430335e+00 3.07375729e-01 5.31263161e+00
  6.46927282e-02 1.03268278e+00 3.38170886e-01 7.04250813e-01
  2.21111812e-03 5.11557221e-01 1.18707240e+00 3.32133079e+00
  1.63858265e-01 0.00000000e+00 6.43579066e-01 2.20030046e+00
  4.29558372e+00 2.30733410e-01 4.80084562e+00 3.25061202e-01
  2.06276107e+00 4.93306303e+00 6.93040180e+00 1.50944084e-01
  9.57207680e-01 4.07166719e+00 6.47286400e-02 2.86004829e+00
  2.93744560e-02 2.41372800e+00 4.98750776e-01 7.62674958e-02
  1.97431996e-01 6.80630028e-01 7.59680748e-01 1.07480145e+00
  2.26832151e+00 2.40866971e+00 2.37452126e+00 8.77586937e+00
  8.76216710e-01 4.90002918e+00 3.13941312e+00 1.31869459e+00
  1.09538488e-01 1.85513926e+00 4.91858721e+00 2.98368025e+00
  1.66551983e+00 1.08225398e-01 2.77155113e+00 1.55448616e+00
  0.00000000e+00 0.00000000e+00 6.30257607e+00 1.89510489e+00
  2.00345612e+00 3.10416520e-02 1.11992025e+01 7.02626085e+00
  1.75104988e+00 1.82652736e+00 3.33186984e+00 2.88453674e+00
  5.99541187e+00 3.15862298e+00 4.87131290e-02 7.39971876e-01
  4.22553539e+00 7.19357610e-01 8.83135438e-01 1.22657604e+01
  2.43911362e+00 5.30129492e-01 2.14759707e+00 1.05491436e+00
  1.38803566e+00 8.75064850e-01 1.54238439e+00 6.69499683e+00]]