[[6.49977744e-01 1.50953770e-01 1.46311629e+00 3.37068260e-01
  1.58568561e+00 5.94388151e+00 3.53842998e+00 1.22233648e+01
  1.66925937e-02 1.10225315e+01 9.42250133e-01 4.47855186e+00
  6.09140587e+00 1.34687710e+00 2.20779441e-02 2.66447163e+00
  1.35543573e+00 3.79338288e+00 1.94245815e+00 2.95644641e+00
  2.30099276e-01 1.18917923e+01 1.52445614e-01 7.56364727e+00
  1.09222555e+00 8.77419662e+00 3.25795579e+00 4.98122025e+00
  4.26796722e+00 2.52098823e+00 0.00000000e+00 3.02212119e+00
  0.00000000e+00 1.63454545e+00 1.09571087e+00 0.00000000e+00
  3.05613708e+00 3.95350754e-01 1.23611460e+01 2.31500959e+00
  4.17502975e+00 4.27583903e-01 4.76270199e+00 4.47047377e+00
  2.31921226e-02 4.31695700e-01 1.55171812e+00 1.99365730e+01
  1.29903734e+00 0.00000000e+00 1.31236327e+00 1.55031240e+00
  0.00000000e+00 1.08687174e+00 2.78250694e+00 1.75943315e+00
  4.04600382e+00 1.02387686e+01 7.13956690e+00 0.00000000e+00
  0.00000000e+00 1.74129808e+00 4.29946756e+00 9.63622665e+00
  9.87931311e-01 5.71092784e-01 0.00000000e+00 6.90331459e-01
  1.69225872e+00 1.16153114e-01 8.07730389e+00 4.15884733e+00
  0.00000000e+00 5.51601410e+00 3.12091947e+00 2.29836130e+00
  0.00000000e+00 0.00000000e+00 2.06277013e+00 8.38422596e-01
  0.00000000e+00 2.80177879e+00 4.20691395e+00 6.74145520e-01
  3.15704383e-02 7.36767435e+00 1.31787956e+00 3.86512369e-01
  1.96373546e+00 1.46335900e+00 2.27750635e+00 3.99079180e+00
  1.09686387e+00 4.04106092e+00 9.07826889e-03 2.47694820e-01
  2.67460287e-01 2.58395314e+00 3.64482403e+00 2.96480989e+00
  7.07379282e-02 9.71749115e+00 1.43307266e+01 2.17797947e+00
  3.79824966e-01 0.00000000e+00 4.28568095e-01 3.98227930e-01
  3.51066279e+00 1.58264971e+00 1.70670211e+00 7.57179260e-01
  3.92348826e-01 5.53354073e+00 0.00000000e+00 2.41800427e-01
  1.48525381e+00 2.15632506e-02 7.48348808e+00 1.22102118e+00
  4.64627713e-01 0.00000000e+00 6.30076528e-01 1.19680853e+01
  3.73468757e-01 3.84891582e+00 0.00000000e+00 4.78684008e-01
  5.02207160e-01 1.05325031e+01 0.00000000e+00 1.58530080e+00
  1.17750196e+01 2.40397429e+00 1.15136076e-02 1.38103390e+00
  1.56875938e-01 6.84376776e-01 5.20462465e+00 5.54670763e+00
  8.30266058e-01 4.94857907e-01 1.41508746e+00 7.08813667e+00
  1.77263200e+00 1.71736312e+00 3.50137854e+00 1.81977248e+00
  0.00000000e+00 2.59323692e+00 4.76145840e+00 8.54301751e-01
  2.15490985e+00 1.60451327e-02 4.01430559e+00 7.26172066e+00
  8.00523639e-01 3.29969168e+00 1.19430947e+00 0.00000000e+00
  1.52273118e+00 5.19563377e-01 3.58690214e+00 5.32965139e-02
  1.79436147e+00 1.09299631e+01 6.91067278e-02 4.31130856e-01
  5.67494345e+00 3.17691267e-01 0.00000000e+00 1.14458561e-01
  7.33758497e+00 4.10229015e+00 1.59042645e+00 1.12786639e+00
  3.48769315e-02 5.20627642e+00 1.36212883e+01 8.18451595e+00
  2.63951850e+00 1.23554790e+00 2.52751398e+00 3.04909527e-01
  5.07159233e+00 5.68255067e-01 9.47937775e+00 8.30887854e-02
  2.75990009e+00 6.88064098e+00 1.12531252e+01 1.91976782e-02
  0.00000000e+00 1.56769171e+01 4.52003479e-02 1.02273390e-01
  0.00000000e+00 0.00000000e+00 3.56639862e-01 7.00876617e+00
  4.33655882e+00 5.99558067e+00 2.65880036e+00 6.73297703e-01
  7.68793726e+00 8.94703984e-01 9.37142432e-01 9.74477351e-01
  1.25532699e+00 4.44271755e+00 7.86591148e+00 1.51907945e+00
  7.20177472e-01 2.50927114e+00 3.68575716e+00 4.23269033e+00
  2.37020567e-01 3.33218038e-01 7.80905426e-01 3.94721484e+00
  3.63603044e+00 3.92931008e+00 1.76536232e-01 9.60422099e-01
  4.87450504e+00 6.12536669e-01 7.50022113e-01 2.30018544e+00
  0.00000000e+00 4.35883045e+00 0.00000000e+00 1.64481187e+00
  1.07626390e+01 1.82943106e+00 1.55780792e+00 2.98891401e+00
  6.09762001e+00 6.59216070e+00 1.48867941e+00 2.59135151e+00
  2.20238113e+00 9.80709672e-01 3.02801609e+00 2.03894567e+00
  5.10294247e+00 8.93210697e+00 7.31039095e+00 3.86179781e+00
  5.66157293e+00 1.68400133e+00 2.65372014e+00 1.50266099e+00
  1.17305601e+00 2.27488279e+00 4.50654650e+00 2.27225208e+00
  5.40588737e-01 6.83808446e-01 4.70898533e+00 1.81501305e+00
  0.00000000e+00 3.25064510e-01 0.00000000e+00 4.15279293e+00
  3.46506275e-02 1.32052422e-01 1.88789248e-01 6.48477256e-01
  5.73400307e+00 2.55523348e+00 2.46948743e+00 0.00000000e+00
  0.00000000e+00 7.20414400e+00 1.20018244e+00 8.22401226e-01
  9.53840637e+00 1.18935537e+00 1.78717434e-01 2.67599893e+00
  3.94672513e+00 3.83209157e+00 5.24496508e+00 2.14217827e-01
  4.41291285e+00 0.00000000e+00 1.18725653e+01 1.77034450e+00
  3.95357788e-01 5.23040199e+00 1.56969917e+00 2.68140268e+00
  5.28587246e+00 7.65485001e+00 2.52698278e+00 0.00000000e+00
  8.12119961e+00 2.10458755e+00 1.24354911e+00 9.33732331e-01
  1.60172391e+00 2.02749181e+00 3.42714357e+00 5.35509229e-01
  1.19697101e-01 1.60167098e+00 3.79973340e+00 2.62812114e+00
  1.36035621e+00 6.16538620e+00 2.84809184e+00 7.06810594e-01
  9.99248683e-01 0.00000000e+00 2.07378006e+00 7.25545688e-03
  9.47607219e-01 7.34430933e+00 1.18329716e+00 1.39618289e+00
  6.81070626e-01 2.31961775e+00 1.59979248e+00 7.11083040e-02
  6.33830070e-01 2.18968320e+00 9.71352863e+00 3.78017712e+00
  1.60353959e+00 4.25472856e-01 9.71907258e-01 6.13417578e+00
  5.01718342e-01 9.95114994e+00 5.94406176e+00 1.62803388e+00
  5.30373478e+00 3.63182092e+00 1.14764328e+01 3.31985569e+00
  2.86718339e-01 4.46172446e-01 0.00000000e+00 7.64743185e+00
  5.37458241e-01 6.17648244e-01 1.49254715e+00 3.43181992e+00
  2.97758698e-01 3.17419916e-01 1.67530447e-01 0.00000000e+00
  6.36317790e-01 0.00000000e+00 2.88620734e+00 1.67290062e-01
  4.10474949e-02 1.07475376e+01 9.46156311e+00 2.02324700e+00
  1.93711853e+01 0.00000000e+00 5.84446764e+00 2.58901739e+00
  7.43082619e+00 4.29774046e-01 1.30002975e+01 5.09266186e+00
  1.62627935e-01 6.33808970e-02 3.99361789e-01 2.58890063e-01
  2.82127261e+00 5.60901880e-01 3.62804961e+00 1.04714429e+00
  8.96400928e-01 5.34876168e-01 9.89706993e+00 1.24098217e+00
  3.09448391e-02 9.63943386e+00 1.16438293e+00 9.46276903e-01
  6.23137808e+00 3.39123821e+00 1.61230028e+00 1.15754440e-01
  1.48280382e+00 1.09267654e+01 2.19265866e+00 3.21437550e+00
  4.95246142e-01 1.20874703e+00 5.18256545e-01 5.15524530e+00
  1.54181153e-01 1.80802095e+00 5.57529926e+00 9.70046401e-01
  2.59364694e-02 8.28105068e+00 1.81872559e+00 1.26281700e+01
  5.55527592e+00 2.50242853e+00 3.06937695e-01 4.80659783e-01
  0.00000000e+00 1.37323153e+00 8.54036427e+00 3.53852868e+00
  5.01477122e-01 0.00000000e+00 1.40500760e+00 0.00000000e+00
  8.95495510e+00 2.36517906e+00 4.24955416e+00 5.06458616e+00
  6.21849775e+00 3.18114221e-01 7.26389959e-02 1.75788939e+00
  5.98562121e-01 2.88193785e-02 2.31045093e-02 3.07594132e+00
  2.31957412e+00 2.90358377e+00 5.78386688e+00 1.16932166e+00
  1.99354172e+01 3.57127762e+00 3.65118198e-02 1.42421162e+00
  0.00000000e+00 1.67262709e+00 2.30390334e+00 1.29607415e+00
  3.82704198e-01 1.66618359e+00 1.07475173e+00 7.58194983e-01
  2.88923860e+00 1.51632905e+00 4.30982637e+00 2.17676663e+00
  5.89035416e+00 7.09860265e-01 1.80380821e+00 6.52894258e+00
  3.35065198e+00 4.64552546e+00 6.08481455e+00 0.00000000e+00
  2.20896155e-01 2.25632191e+00 2.06709576e+00 7.84287691e+00
  1.72286844e+00 1.89161277e+00 1.85846138e+00 1.23641396e+00
  0.00000000e+00 7.41996586e-01 3.55876350e+00 1.07127976e+00
  3.02924514e+00 1.96082950e+00 2.82860678e-02 4.80027199e+00
  1.17640126e+00 6.62882471e+00 6.76986742e+00 3.10854173e+00
  0.00000000e+00 1.35339069e+00 4.51497221e+00 2.63408929e-01
  1.44604430e-01 0.00000000e+00 1.82608843e+00 3.19433618e+00
  0.00000000e+00 0.00000000e+00 4.14282656e+00 1.76938307e+00
  1.47613156e+00 1.05620414e-01 1.41745920e+01 6.37553275e-01
  1.66544229e-01 3.31735921e+00 1.24003820e-01 8.04147422e-01
  7.26709604e+00 4.38598013e+00 1.12856936e+00 9.73719537e-01
  1.85090470e+00 6.08129084e-01 2.52932534e-02 1.14023161e+01
  7.47003794e+00 3.16174507e+00 1.73371017e+00 2.89481807e+00
  5.89216828e-01 2.59366775e+00 1.26497686e+00 2.34429693e+00]]