[[1.50253689e+00 1.14470627e-02 5.96094942e+00 9.24493194e-01
  3.23451924e+00 2.35291815e+00 1.89401102e+00 6.60811234e+00
  3.60433149e+00 5.04443312e+00 1.62617970e+00 3.67481661e+00
  1.03359280e+01 1.60206139e+00 0.00000000e+00 9.40949976e-01
  1.22913456e+00 8.89339209e-01 0.00000000e+00 6.71460962e+00
  6.26931715e+00 1.57704887e+01 1.35836136e+00 1.71519554e+00
  1.10098362e+00 8.08378983e+00 1.07071018e+00 7.08639383e+00
  4.19813156e-01 4.93796438e-01 0.00000000e+00 1.07827857e-01
  1.62640393e+00 2.64695454e+00 2.17646360e+00 6.23974860e-01
  3.77326894e+00 8.29860449e-01 3.64539099e+00 1.70323443e+00
  1.38450775e+01 0.00000000e+00 1.56702185e+00 8.97552490e+00
  4.84678507e+00 7.25554824e-02 3.48717475e+00 1.24434566e+01
  4.96174049e+00 0.00000000e+00 2.05569887e+00 6.20283484e-01
  1.24250221e+00 0.00000000e+00 6.38144732e+00 2.98700261e+00
  6.99809313e+00 8.54377651e+00 4.63468266e+00 0.00000000e+00
  1.24767554e+00 9.13672149e-02 3.18001419e-01 4.87760067e+00
  0.00000000e+00 1.20957601e+00 0.00000000e+00 3.30256313e-01
  0.00000000e+00 1.42343283e-01 1.39660525e+00 4.41886854e+00
  4.71013641e+00 2.02307630e+00 2.06399751e+00 1.46573812e-01
  4.41276312e+00 4.13149452e+00 8.40405703e-01 2.01158094e+00
  3.84862709e+00 5.34822226e+00 4.62365246e+00 1.55504495e-01
  0.00000000e+00 5.06386471e+00 1.17548990e+00 1.33345997e+00
  1.08172245e+01 0.00000000e+00 4.02110010e-01 5.29283714e+00
  2.27893186e+00 7.42925072e+00 1.37973070e+00 9.51191723e-01
  1.05116773e+00 1.22556007e-02 2.90576130e-01 8.90370560e+00
  5.97459853e-01 9.79725456e+00 9.06610203e+00 6.83959913e+00
  0.00000000e+00 0.00000000e+00 0.00000000e+00 0.00000000e+00
  3.78997779e+00 7.63698912e+00 4.95029831e+00 4.67551231e+00
  0.00000000e+00 7.12103307e-01 1.03669070e-01 2.66758382e-01
  4.85207415e+00 0.00000000e+00 8.38559055e+00 3.16789031e+00
  5.02753146e-02 4.28531140e-01 0.00000000e+00 1.28723888e+01
  0.00000000e+00 3.02148199e+00 0.00000000e+00 9.08937871e-01
  1.83474731e+00 6.59654617e+00 4.33645397e-01 0.00000000e+00
  9.86399078e+00 1.79015860e-01 4.16993237e+00 1.60420612e-01
  1.28293955e+00 0.00000000e+00 1.30690658e+00 1.71451187e+01
  0.00000000e+00 0.00000000e+00 1.01748239e-02 1.70261467e+00
  5.87868094e-01 6.17941380e-01 6.40397787e+00 0.00000000e+00
  0.00000000e+00 3.58466297e-01 1.46286268e+01 1.30765632e-01
  2.19006523e-01 0.00000000e+00 2.50529671e+00 7.94411182e+00
  8.81830156e-02 2.32403994e+00 0.00000000e+00 1.80052817e-01
  1.98112321e+00 8.66953731e-01 5.87803078e+00 5.24830699e-01
  1.07082450e+00 3.77049994e+00 1.31907025e-02 3.75587702e+00
  3.44017059e-01 5.59880733e+00 1.38140330e-02 5.02362370e-01
  1.61067200e+01 4.66747910e-01 1.39112914e+00 6.60175133e+00
  3.10993493e-01 6.63438737e-01 1.05412531e+01 1.49491196e+01
  1.44026351e+00 1.59887094e-02 1.89242566e+00 2.14223981e+00
  4.45794404e-01 1.30066469e-01 1.41884422e+00 8.72442603e-01
  7.39524794e+00 9.78070870e-02 1.09588957e+01 0.00000000e+00
  1.54960477e+00 1.64924603e+01 7.83878043e-02 2.40854239e+00
  7.63870729e-03 5.37630415e+00 4.13500428e-01 0.00000000e+00
  8.29575348e+00 6.83702230e+00 3.33340144e+00 8.84127542e-02
  3.79333705e-01 5.83171189e-01 4.98877335e+00 2.36336067e-01
  0.00000000e+00 2.46169834e+01 2.81388330e+00 5.69214582e-01
  0.00000000e+00 1.11059189e-01 7.23850951e-02 8.44251215e-01
  4.88637447e-01 5.82468843e+00 1.52979684e+00 4.59904909e+00
  3.51486802e+00 2.24171219e+01 7.89696932e-01 5.53101206e+00
  9.25682247e-01 3.54284668e+00 2.34921336e+00 2.86060810e+00
  0.00000000e+00 6.05374002e+00 1.44245923e+00 2.45295858e+00
  1.14718170e+01 4.94579697e+00 2.75245261e+00 3.44465947e+00
  0.00000000e+00 2.34405303e+00 1.09323815e-01 1.96458042e-01
  8.85531783e-01 0.00000000e+00 2.36462697e-01 2.03897715e+00
  5.53490782e+00 7.84842157e+00 2.06829715e+00 1.38044953e+00
  1.95040226e+00 4.65473557e+00 1.89627421e+00 3.27194631e-01
  2.81798273e-01 4.02963018e+00 9.27200890e+00 5.12150884e-01
  5.82083941e-01 5.27183831e-01 7.17494726e+00 3.38028145e+00
  2.92525113e-01 0.00000000e+00 1.84467316e-01 4.93452835e+00
  3.14863056e-01 0.00000000e+00 3.72572923e+00 4.90889835e+00
  1.03682995e+00 1.10900044e-01 9.64476204e+00 0.00000000e+00
  6.93596065e-01 3.12818289e+00 3.69462991e+00 2.50355196e+00
  8.30777073e+00 3.14364672e-01 8.08309734e-01 5.66862535e+00
  1.23329277e+01 7.98200703e+00 2.82422757e+00 0.00000000e+00
  0.00000000e+00 4.26223874e-01 7.21970654e+00 1.11317120e-01
  8.31211925e-01 7.22603750e+00 1.50364831e-01 6.02802706e+00
  1.37386570e+01 6.18332577e+00 2.78862476e+00 0.00000000e+00
  3.74512529e+00 5.33139110e-02 2.25264812e+00 2.35636339e-01
  4.14445114e+00 1.23142995e-01 2.05646038e+00 4.97912741e+00
  2.59975493e-01 1.01422942e+00 7.64290380e+00 1.69266677e+00
  1.77559566e+00 1.94302380e+00 1.04429686e+00 1.87413022e-01
  2.33802080e+00 3.69189113e-01 4.72464979e-01 3.04744929e-01
  1.14228559e+00 7.83905792e+00 2.05060720e+00 6.21308804e+00
  0.00000000e+00 2.22470260e+00 3.25617224e-01 2.30839744e-01
  7.19208145e+00 2.12159729e+00 8.42500114e+00 4.16502714e-01
  1.56836140e+00 7.59206104e+00 2.58784318e+00 7.89208984e+00
  8.50891590e+00 5.83081818e+00 5.06401825e+00 1.06123483e+00
  0.00000000e+00 7.74184608e+00 7.21376944e+00 2.86499214e+00
  1.87389329e-01 1.69677079e-01 1.01886392e-02 6.29135752e+00
  3.20473686e-02 4.21846533e+00 9.70512629e-01 6.55824375e+00
  2.15794182e+00 2.98754066e-01 0.00000000e+00 0.00000000e+00
  6.67915583e-01 1.51884341e+00 1.24577689e+00 3.92016506e+00
  4.36436415e+00 2.95360279e+00 9.95425165e-01 5.73904753e-01
  9.56034184e+00 0.00000000e+00 8.14839554e+00 4.29079205e-01
  1.03118000e+01 1.24421382e+00 4.59692335e+00 6.36362505e+00
  1.93021819e-01 3.37822700e+00 3.10697585e-01 0.00000000e+00
  0.00000000e+00 9.78851691e-02 3.89189661e-01 0.00000000e+00
  2.08369732e+00 7.44118452e-01 8.16017914e+00 6.82290614e-01
  2.23687148e+00 7.83125162e+00 2.43540742e-02 3.45759249e+00
  7.95461655e+00 1.00759119e-01 2.23468590e+00 9.18568969e-02
  2.01691747e-01 2.87516028e-01 3.38389874e+00 3.26280802e-01
  8.11716557e+00 3.50468016e+00 0.00000000e+00 3.12336111e+00
  3.97168368e-01 1.73732090e+00 1.78760898e+00 3.05811018e-01
  3.79179406e+00 1.11743069e+01 2.03600287e+00 8.17935467e+00
  7.11347818e+00 6.35070419e+00 5.15433922e-02 3.99740696e-01
  0.00000000e+00 2.75203991e+00 3.59173179e+00 2.55903435e+00
  1.58598348e-01 0.00000000e+00 1.02666843e+00 3.16639304e-01
  4.16374493e+00 5.49195814e+00 7.51148641e-01 1.22831230e+01
  7.60472357e-01 2.01378226e-01 4.86376077e-01 3.10529661e+00
  5.08269470e-04 7.61423588e-01 4.56286013e-01 6.06107652e-01
  1.74929466e+01 1.23946285e+00 9.05524635e+00 1.59476411e+00
  1.84891624e+01 3.32971931e+00 4.95226532e-02 0.00000000e+00
  0.00000000e+00 9.44816113e+00 2.94059181e+00 6.73748302e+00
  2.76040745e+00 3.63224030e-01 5.12479067e-01 2.02607841e+01
  1.50649345e+00 6.22112989e-01 2.34343201e-01 2.71446300e+00
  0.00000000e+00 0.00000000e+00 5.47273159e+00 2.49607229e+00
  1.68728161e+00 0.00000000e+00 2.54208064e+00 2.60308564e-01
  1.24065840e+00 1.60723579e+00 3.14852834e+00 7.56433964e+00
  1.90155935e+00 1.02817729e-01 4.26068068e+00 7.72106349e-01
  0.00000000e+00 1.49621952e+00 9.27452564e-01 1.06617951e+00
  0.00000000e+00 4.80249882e+00 5.23479080e+00 1.56844580e+00
  4.62499571e+00 4.49514914e+00 1.12569141e+00 0.00000000e+00
  2.47364745e-01 1.62292469e+00 7.45903301e+00 6.19940615e+00
  6.21183634e-01 0.00000000e+00 0.00000000e+00 1.64143229e+00
  0.00000000e+00 9.38482285e-02 7.29328251e+00 9.82314348e-01
  4.80492830e+00 1.32204199e+00 5.51842451e+00 1.77531338e+00
  1.15486157e+00 6.14101553e+00 2.73246956e+00 0.00000000e+00
  9.39747047e+00 1.15868318e+00 7.96908662e-02 2.74651557e-01
  2.81617832e+00 2.69445395e+00 2.43480280e-01 1.30541859e+01
  2.21554637e+00 3.81281352e+00 1.04832065e+00 6.84317636e+00
  0.00000000e+00 6.68452447e-03 3.69156075e+00 2.89380264e+00]]