[[3.84498358e-01 0.00000000e+00 9.71557319e-01 2.76744771e+00
  5.82139671e-01 1.94338369e+00 3.83962107e+00 1.26288729e+01
  1.74936354e+00 4.34775972e+00 2.15762585e-01 1.26069248e-01
  1.44678545e+01 2.53450441e+00 0.00000000e+00 7.09674025e+00
  4.75522131e-01 0.00000000e+00 6.45319792e-03 1.79886687e+00
  2.11511517e+00 3.38450336e+00 1.78493366e-01 8.91480732e+00
  1.31178808e+00 8.89279461e+00 7.41141796e+00 3.50167966e+00
  2.88731068e-01 8.28716218e-01 1.16356298e-01 5.68099642e+00
  4.89219688e-02 5.16247451e-01 2.50258732e+00 4.84663397e-01
  2.35690618e+00 2.45812368e+00 2.93760967e+00 1.11322440e-01
  5.39160132e-01 1.52454579e+00 8.54473782e+00 7.85948944e+00
  3.46275210e+00 2.99304008e+00 5.27024078e+00 1.80673809e+01
  3.22723055e+00 4.55471706e+00 3.31548476e+00 1.19147070e-01
  9.23472121e-02 4.82664347e+00 1.02804536e-02 1.17394829e+00
  5.89956582e-01 1.31264210e+01 7.34259415e+00 9.28612351e-01
  1.62162229e-01 1.34364128e-01 2.91164422e+00 1.04504223e+01
  1.35540605e+00 1.07520523e+01 7.95536518e-01 1.06230822e+01
  4.20787901e-01 9.41059887e-01 2.45642614e+00 5.96991348e+00
  1.04783487e+01 1.01708727e+01 6.46689510e+00 9.85723078e-01
  7.47585535e-01 8.65870178e-01 3.53606844e+00 1.49574685e+00
  9.60833967e-01 2.60203266e+00 1.39173472e+00 0.00000000e+00
  0.00000000e+00 1.41245639e+00 5.24849176e+00 3.17609596e+00
  4.56679201e+00 4.16074365e-01 1.29510069e+00 5.36867666e+00
  9.12740976e-02 5.70094585e-01 8.40430260e-02 2.37705521e-02
  9.92452323e-01 5.90140200e+00 1.08974874e+00 3.89570713e+00
  2.66664815e+00 1.19663486e+01 2.21538281e+00 2.66506958e+00
  0.00000000e+00 0.00000000e+00 6.46568060e-01 0.00000000e+00
  5.18521118e+00 9.09110755e-02 4.28358603e+00 1.78276587e+00
  8.01821649e-01 6.30781770e-01 8.29183161e-01 0.00000000e+00
  1.77168286e+00 8.10654461e-01 1.04658127e+01 2.81564927e+00
  7.92655408e-01 4.02919918e-01 2.71036446e-01 1.94020824e+01
  3.61678153e-01 2.26130509e+00 4.08400774e-01 1.56981722e-01
  1.88248050e+00 5.87891388e+00 7.87299499e-02 7.27574944e-01
  9.60593128e+00 1.58870089e+00 0.00000000e+00 7.72195995e-01
  1.12836492e+00 3.07350904e-01 8.10493374e+00 1.00517721e+01
  8.56986582e-01 6.92501009e-01 6.67145491e-01 2.17755842e+00
  3.07117915e+00 3.12681484e+00 1.13986807e+01 3.52841258e+00
  0.00000000e+00 4.85754430e-01 4.66874313e+00 1.16623676e+00
  4.74114132e+00 0.00000000e+00 0.00000000e+00 7.75842047e+00
  4.65683031e+00 3.10011923e-01 6.36519670e-01 0.00000000e+00
  0.00000000e+00 1.16508389e+00 2.51415062e+00 4.12652940e-01
  6.64567423e+00 4.85104084e+00 1.15773797e+00 5.19949150e+00
  2.34526336e-01 2.72968531e+00 5.81561327e-01 1.35372555e+00
  1.67891140e+01 6.54102421e+00 1.02299821e+00 4.39634418e+00
  9.74969804e-01 7.52664983e-01 6.49225712e+00 8.05224228e+00
  6.32208204e+00 2.85732806e-01 2.42074919e+00 1.71796724e-01
  5.96760750e-01 1.54265296e+00 2.34205589e+01 7.45491934e+00
  9.03352261e-01 9.26810169e+00 9.90616989e+00 0.00000000e+00
  4.45359659e+00 6.08496606e-01 1.05585635e+00 3.44900727e-01
  6.97568536e-01 0.00000000e+00 3.75891590e+00 0.00000000e+00
  1.33269751e+00 5.13105536e+00 7.90114355e+00 2.88743877e+00
  1.75129330e+00 3.01676869e+00 1.96392357e+00 3.93217397e+00
  4.68900156e+00 1.64339101e+00 3.46820641e+00 6.22814357e-01
  0.00000000e+00 2.46687913e+00 1.39500678e+00 0.00000000e+00
  1.43080425e+00 4.89680386e+00 5.46195936e+00 3.84573650e+00
  0.00000000e+00 3.76294851e+00 4.62237328e-01 6.62825704e-01
  6.71507978e+00 4.43484783e-01 4.46709335e-01 9.27201748e-01
  1.06871473e-02 6.07121348e-01 3.46259260e+00 7.22770309e+00
  1.64720974e+01 6.05746412e+00 3.06081295e-01 1.18226171e+00
  7.06955290e+00 1.32897139e+01 0.00000000e+00 1.22188675e+00
  3.21379280e+00 0.00000000e+00 3.12246275e+00 1.25788105e+00
  7.38091850e+00 5.77389145e+00 1.24543695e+01 1.42009192e+01
  2.23414898e+00 5.83583975e+00 3.08466077e+00 6.08349264e-01
  1.32328236e+00 4.11110353e+00 5.87654531e-01 1.82200837e+00
  3.27434778e-01 1.79043376e+00 2.26809192e+00 0.00000000e+00
  1.13156974e-01 3.08252163e-02 0.00000000e+00 6.12601089e+00
  3.22455257e-01 3.30794379e-02 7.68765748e-01 2.71445584e+00
  1.14828911e+01 3.40285110e+00 6.75763416e+00 0.00000000e+00
  1.68122649e+00 2.99912906e+00 8.88052082e+00 1.70542455e+00
  1.25270920e+01 2.97803545e+00 3.08950335e-01 1.20085239e+01
  4.52307415e+00 2.47829258e-01 8.00800705e+00 1.15703440e+00
  4.80681610e+00 2.92675439e-02 8.05601311e+00 4.18669319e+00
  9.37697053e-01 3.04106545e+00 1.38739204e+00 1.41558754e+00
  9.65226829e-01 0.00000000e+00 2.88785291e+00 3.98437834e+00
  1.82507133e+01 9.88021269e-02 4.93482500e-01 2.00025821e+00
  9.49209499e+00 6.82784319e-01 3.36063361e+00 6.01291227e+00
  1.68883577e-01 3.68967086e-01 2.54449040e-01 8.71553779e-01
  1.96825492e+00 1.08284473e+01 2.03951836e+00 3.06357002e+00
  2.06554627e+00 1.15785575e+00 3.75330806e+00 4.47019964e-01
  1.27829373e+00 1.73994942e+01 6.34977818e-01 6.47962570e+00
  0.00000000e+00 6.66746902e+00 2.46291494e+00 5.31437457e-01
  1.38201249e+00 4.38118887e+00 1.59197826e+01 1.36097968e+00
  1.10351276e+00 3.81261182e+00 1.22846329e+00 1.73920798e+00
  7.18765211e+00 6.99462557e+00 7.49596977e+00 8.93821239e-01
  4.28994989e+00 1.32711658e+01 8.67438316e+00 2.72257042e+00
  3.20869416e-01 3.98562431e+00 6.89843416e-01 2.72914147e+00
  1.51335761e-01 1.37403253e-02 5.11798441e-01 5.56690502e+00
  6.38967156e-01 0.00000000e+00 0.00000000e+00 1.53473914e-01
  6.59630585e+00 2.53858018e+00 2.36860466e+00 7.29033947e-01
  1.53712857e+00 1.14093914e+01 1.23603220e+01 0.00000000e+00
  1.53211042e-01 0.00000000e+00 8.34423447e+00 1.75322378e+00
  1.94181013e+00 3.65970469e+00 2.25521984e+01 2.71465331e-01
  1.50753409e-01 0.00000000e+00 2.89991170e-01 0.00000000e+00
  0.00000000e+00 6.49050832e-01 3.59842443e+00 3.84545517e+00
  1.29065144e+00 4.74235952e-01 1.66256371e+01 1.18418467e+00
  2.60532928e+00 4.54450178e+00 1.41587710e+00 3.77878499e+00
  3.77605462e+00 2.46937180e+00 5.44919062e+00 1.47369102e-01
  7.06309378e-02 3.32448864e+00 5.31255901e-01 1.35533988e+00
  0.00000000e+00 6.02118932e-02 0.00000000e+00 2.65806079e+00
  3.62274742e+00 2.63320804e+00 9.73143387e+00 5.52917957e+00
  1.63542593e+00 1.85017335e+00 0.00000000e+00 4.84401274e+00
  8.59229660e+00 9.25546467e-01 2.20245406e-01 9.21611190e-02
  0.00000000e+00 6.96088850e-01 1.42451739e+00 4.20266485e+00
  2.35651657e-01 3.93911973e-02 0.00000000e+00 4.75212067e-01
  4.95597315e+00 2.01883626e+00 1.46437848e+00 1.21889782e+01
  5.30219173e+00 2.71801734e+00 1.35619879e-01 6.52116156e+00
  3.94846082e+00 3.16670299e-01 1.55921900e+00 8.47161102e+00
  1.03534718e+01 5.81055701e-01 1.99051559e+00 2.62177086e+00
  2.26153870e+01 7.95187280e-02 2.98443031e+00 7.70184755e+00
  4.40541625e-01 1.02239456e+01 1.36340046e+00 1.21775937e+00
  1.08186245e+00 2.97923756e+00 8.71202528e-01 1.46206713e+00
  5.43523133e-02 2.48112011e+00 1.15436304e+00 2.09150887e+00
  6.63729668e+00 4.32947189e-01 3.12113476e+00 1.32905436e+00
  4.64836693e+00 1.36913037e+00 9.80961263e-01 0.00000000e+00
  5.12357616e+00 3.93850589e+00 8.89183134e-02 2.60644317e+00
  5.45508957e+00 6.49659276e-01 8.70297253e-01 0.00000000e+00
  1.82883054e-01 6.20956719e-01 0.00000000e+00 3.27322197e+00
  6.66118097e+00 4.75156116e+00 1.27111912e+00 8.18139362e+00
  9.33556366e+00 1.91493568e+01 5.23098707e+00 1.60829937e+00
  1.94679773e+00 1.71685231e+00 1.24575520e+01 1.63695488e+01
  4.61366922e-02 5.04171789e-01 6.29476190e-01 1.29188657e+00
  0.00000000e+00 0.00000000e+00 8.55027008e+00 1.31333864e+00
  0.00000000e+00 0.00000000e+00 9.24670506e+00 3.05624080e+00
  1.17633832e+00 1.98808403e+01 4.46856767e-02 9.79349256e-01
  7.76654482e+00 4.66653299e+00 5.97564101e-01 3.19627213e+00
  4.70208788e+00 1.11565459e+00 1.95061290e+00 8.76239300e+00
  3.35897350e+00 6.81011343e+00 1.04082394e+01 1.77006948e+00
  1.80696559e+00 6.33746505e-01 8.51463020e-01 7.51159811e+00]]