[[1.1817100e+00 4.9591213e-01 1.5173807e+00 3.0267563e-01 9.0290666e-02
  3.4791787e+00 1.2425549e+00 1.0273705e+01 2.3092203e+00 3.5533905e+00
  6.3876450e-01 2.6795630e+00 3.5396254e+00 4.6174908e+00 0.0000000e+00
  2.7236094e+00 3.5471337e+00 9.2496055e-01 0.0000000e+00 7.6889472e+00
  5.9829116e+00 1.0663732e+01 4.5300341e-01 3.2148740e+00 1.3580214e+00
  9.9118176e+00 1.7095140e+00 1.2230475e+00 2.0673535e+00 0.0000000e+00
  4.7835666e-01 4.8050947e+00 1.0877653e+00 1.5306492e+00 0.0000000e+00
  5.5837583e-02 3.7803504e+00 1.5855676e+00 4.5537615e+00 2.4397581e+00
  2.5379601e+00 5.8709377e-01 1.8797531e+00 5.4258366e+00 2.0892227e+00
  2.4231575e+00 3.3525982e+00 1.2051384e+01 1.4475989e+00 5.4624641e-01
  3.6788731e+00 6.8807530e-01 2.6545382e-01 1.1685306e+00 3.3484640e+00
  2.4679730e+00 1.0991528e+00 1.1670785e+01 3.1750619e+00 4.3018193e+00
  4.3093711e-01 1.1936179e+00 4.0270128e+00 6.1549969e+00 0.0000000e+00
  4.6461639e+00 7.4377602e-01 4.1488001e-01 7.3307192e-01 2.1608660e+00
  2.6490040e+00 3.2410483e+00 6.2500076e+00 8.3166876e+00 1.8623397e+00
  0.0000000e+00 1.6131876e-01 2.7039452e+00 5.2838731e+00 1.6357045e+00
  1.1105022e+00 2.9440682e+00 2.4829912e+00 4.8700780e-01 3.5165039e-01
  8.6280364e-01 2.0587621e+00 2.6590068e+00 6.5025201e+00 1.3401510e-01
  5.7904553e-01 4.3230238e+00 1.6980070e-01 2.1557064e+00 5.9667069e-01
  8.1871623e-01 9.5808434e-01 3.4433084e+00 1.9605162e+00 4.4319954e+00
  2.3690574e+00 6.0902061e+00 1.0332293e+01 4.7379971e+00 3.6130202e-01
  3.5651237e-01 1.7291324e-02 3.9274395e-01 2.8465135e+00 2.4518070e+00
  3.2169802e+00 3.4765391e+00 0.0000000e+00 1.8769388e+00 7.6168942e-01
  1.4872143e+00 7.6486654e+00 4.7676349e-01 3.0288565e+00 2.5131092e+00
  6.2900633e-02 1.1809916e+00 1.0458552e-01 1.2097690e+01 0.0000000e+00
  5.2423425e+00 5.2285010e-01 3.3571661e-02 1.4431916e+00 1.1737478e+01
  0.0000000e+00 2.2319283e+00 1.1420053e+01 2.3686717e+00 2.6679379e-01
  2.3921390e-01 2.3061469e-02 7.5622416e-01 3.5594797e+00 7.5668349e+00
  2.1658750e+00 1.7330477e-01 3.2649562e-01 1.5605063e+00 5.2916265e+00
  3.2171750e-01 5.6615543e+00 1.4463820e+00 0.0000000e+00 2.5821605e-01
  6.7306113e+00 7.4490994e-01 1.8019652e+00 0.0000000e+00 1.0384003e+00
  4.9036150e+00 2.3161080e+00 1.3659790e+00 7.3324633e-01 0.0000000e+00
  1.1753469e+00 2.4728019e+00 2.1202266e+00 0.0000000e+00 2.1748819e+00
  1.9086951e+00 1.0196245e+00 2.7084496e+00 3.1831441e+00 3.3960421e+00
  0.0000000e+00 1.0543764e+00 1.6622551e+01 3.6923179e-01 1.6335664e+00
  6.3565797e-01 9.3973853e-02 7.3600519e-01 1.2162249e+01 9.1135979e+00
  3.8170271e+00 0.0000000e+00 4.3141623e+00 8.1944168e-01 2.2807510e+00
  1.3578633e+00 1.5347763e+01 3.7018374e-01 3.0161572e+00 4.1857824e+00
  4.1963425e+00 0.0000000e+00 1.0775880e-01 5.6044555e+00 1.9979231e-02
  3.2491632e+00 2.8771856e-01 0.0000000e+00 3.4310126e+00 1.7615403e+00
  2.6941395e+00 1.7995290e+00 2.2899327e+00 8.4279460e-01 5.9001184e+00
  3.0114099e-01 3.4182674e-01 1.0617560e+00 4.4080939e+00 9.7998238e+00
  5.7105598e+00 1.7813050e+00 1.6915555e-01 1.7316698e+00 1.3736851e+00
  1.5597126e+00 2.0245168e+00 5.6207414e+00 3.2924175e+00 1.9895173e+00
  8.4048929e+00 4.2973595e+00 2.2187049e+00 5.4793696e+00 4.5645580e+00
  8.4505618e-01 5.8812034e-01 1.7122574e+00 4.1441628e-01 1.7015944e+00
  1.9155961e-01 9.7298479e+00 8.2397900e+00 4.3525772e+00 1.7855427e+00
  1.4159478e+00 3.9981136e+00 2.3220780e+00 1.3298779e+00 1.7920268e+00
  3.4930096e+00 0.0000000e+00 1.8985243e+00 6.8040794e-01 3.7645938e+00
  8.3271980e+00 7.9447265e+00 2.1489270e+00 7.4799806e-01 8.9066925e+00
  7.4243063e-01 4.8602152e-01 2.4159660e+00 6.7956513e-01 2.8295124e+00
  1.6088659e+00 5.7976764e-01 2.6763040e-01 5.2366600e+00 3.5435838e-01
  1.1428101e+00 3.9959449e-01 4.7951537e-01 3.3463805e+00 8.7478173e-01
  2.1826749e+00 0.0000000e+00 2.1376951e+00 2.1321716e+00 8.3925217e-01
  9.6014585e+00 0.0000000e+00 6.5458620e-01 1.3444772e+00 8.7042713e+00
  2.4558113e+00 1.2197457e+01 7.4977463e-01 0.0000000e+00 2.6411009e+00
  6.2162371e+00 1.5550330e+00 4.0994921e+00 6.0987723e-01 1.9099635e+00
  3.0591366e-01 5.0264492e+00 9.4801158e-01 9.5061719e-01 6.1636615e+00
  2.0571230e-01 2.9855258e+00 5.7335405e+00 6.7707400e+00 2.6360595e+00
  6.5599543e-01 1.6280256e+01 5.9059806e-02 5.1878178e-01 0.0000000e+00
  1.3890305e+00 2.9702277e+00 1.3978306e+00 3.8051565e+00 1.0130821e+00
  8.7973756e-01 2.5438213e+00 1.6209449e+00 1.3431528e+00 4.9212408e+00
  1.4523320e-01 2.4803437e-01 1.8898400e+00 8.3998665e-03 1.5014268e+00
  6.8638629e-01 2.4329624e+00 1.3433266e+01 5.6887525e-01 5.3386512e+00
  2.2749870e-01 2.1602764e+00 2.7217567e+00 1.5190769e+00 2.2519095e+00
  2.1024868e+00 1.0352066e+01 2.0538197e+00 1.6924382e+00 1.6917444e+00
  3.0405265e-01 3.9175184e+00 6.7652502e+00 4.3988633e+00 5.4806180e+00
  1.3465511e+00 4.0327954e-01 1.0795237e+01 8.6279182e+00 2.8329709e+00
  3.6097357e-01 2.0671622e-01 3.7818287e-02 5.5538855e+00 4.1325340e-01
  3.5093266e-01 3.7234628e+00 2.3475089e+00 1.0033754e+00 1.3574958e-01
  1.6768876e+00 6.5931118e-01 1.2514665e+00 1.0599123e+00 1.0620350e+00
  9.9314928e-01 1.9774414e+00 8.7907219e+00 4.6543512e+00 2.7883178e-01
  1.3253905e+01 1.5594645e+00 7.8659286e+00 1.3707131e+00 3.5684493e+00
  2.6975396e+00 8.7435513e+00 1.8811146e+00 0.0000000e+00 0.0000000e+00
  1.1325496e+00 8.2540292e-01 2.7238017e-01 0.0000000e+00 1.6091685e+00
  3.4951141e+00 9.2642617e-01 2.9539866e+00 7.6295905e+00 8.0231333e-01
  2.2985628e+00 8.5727921e+00 1.4031878e+00 3.1041536e+00 3.9574382e+00
  1.9457600e+00 1.6765512e+00 1.1784411e-01 1.1420056e+00 3.1816275e+00
  4.0075760e+00 1.9337052e+00 1.6047636e+00 2.2747788e+00 1.0215167e-01
  1.2872561e+00 4.4437345e-02 3.4208205e-01 2.6754394e+00 1.2197717e+00
  1.1971654e+00 3.3144202e+00 2.9720550e+00 4.3038783e+00 1.2614680e+01
  4.7902960e-01 0.0000000e+00 1.6867716e+00 9.8472160e-01 2.1224129e+00
  6.0282893e+00 2.0371182e+00 3.7060332e-01 2.3769215e-01 1.9592960e-01
  1.0700247e+00 6.5824795e+00 5.7299981e+00 7.7773288e-02 5.4131169e+00
  4.9629025e+00 1.0082928e-01 2.6770799e+00 6.4734073e+00 1.9076864e+00
  4.0019161e-01 8.2818907e-01 3.0670586e+00 7.0360222e+00 8.1400555e-01
  3.7919655e+00 1.5448877e+00 1.4501610e+01 3.4584887e+00 2.9096246e+00
  4.0979738e+00 9.2323750e-02 5.0752945e+00 8.6320239e-01 1.9627415e+00
  2.8707546e-01 1.3738441e-01 2.7771404e+00 8.6498904e-01 1.0658530e+00
  0.0000000e+00 1.3839691e+00 2.4411330e+00 2.7567711e-01 1.0977324e+00
  7.5394430e+00 5.7905421e+00 1.7245439e+00 4.2067132e+00 5.6272373e+00
  1.4225252e+00 8.2605129e-01 9.3403339e-01 1.8768030e-01 6.8010063e+00
  5.3109555e+00 2.1527081e+00 9.5529121e-01 1.1265618e+00 2.3934271e-02
  6.5303266e-02 1.9049864e+00 1.6102060e+00 5.9060931e+00 1.1522729e+00
  6.9057107e-01 2.1190534e+00 1.8998504e+00 5.7506952e+00 3.3667402e+00
  1.5453479e-01 4.9366972e-01 5.0764298e+00 6.7820191e+00 4.7164536e+00
  3.3254158e-02 1.1202571e-01 0.0000000e+00 3.0499523e+00 0.0000000e+00
  6.4685929e-01 2.8722725e+00 2.7061986e-02 2.6080670e+00 5.6617868e-01
  5.4879642e+00 1.7545904e+00 1.0744412e+00 4.4008589e+00 3.1005561e-01
  1.7266237e+00 5.1876497e+00 3.4158802e+00 0.0000000e+00 1.2185569e+00
  4.3130302e+00 1.4032163e-01 0.0000000e+00 5.8890629e+00 3.8620360e+00
  2.2831931e+00 3.5969820e+00 2.8444426e+00 1.7608242e-01 0.0000000e+00
  3.0831723e+00 6.2526197e+00]]