[[5.26142788e+00 3.12222171e+00 2.84843117e-01 6.95118368e-01
  7.64734745e-01 1.87839813e+01 1.98249257e+00 1.44129768e-01
  1.07844563e+01 6.95396125e-01 8.36795866e-01 2.01653886e+00
  3.01909399e+00 2.66273594e+00 0.00000000e+00 5.64886272e-01
  4.87882266e-04 1.01006083e-01 0.00000000e+00 5.58439541e+00
  3.96156240e+00 1.25314808e+01 0.00000000e+00 5.52606964e+00
  6.59427404e-01 7.65975761e+00 0.00000000e+00 1.00912437e+01
  7.41882384e-01 4.42084134e-01 1.01134288e+00 2.82277083e+00
  1.79684371e-01 0.00000000e+00 5.61631083e-01 4.47912216e+00
  2.68281436e+00 1.09248114e+00 2.40997124e+00 8.86326599e+00
  3.84233117e+00 1.13462043e+00 6.57113457e+00 8.93182099e-01
  5.08532906e+00 2.02061892e+00 5.09104443e+00 4.71770996e-03
  3.08828616e+00 2.74652600e-01 6.33126688e+00 3.24377680e+00
  1.70723522e+00 2.20035076e+00 2.43336701e+00 1.60943747e+00
  6.64052391e+00 3.32214189e+00 5.49120712e+00 0.00000000e+00
  4.05689716e-01 1.47790873e+00 7.81851625e+00 4.66493177e+00
  3.37267786e-01 5.60498190e+00 7.53514194e+00 3.10621738e+00
  3.86603093e+00 0.00000000e+00 1.13459892e+01 5.57966089e+00
  8.60581207e+00 8.75899506e+00 9.94929299e-02 0.00000000e+00
  9.77426946e-01 3.05721712e+00 4.48617160e-01 4.40745020e+00
  0.00000000e+00 9.76555884e-01 6.30670413e-02 2.38092065e-01
  0.00000000e+00 1.45771325e+00 9.31064796e+00 2.68402338e+00
  6.03495121e-01 3.98751676e-01 1.28195715e+00 0.00000000e+00
  0.00000000e+00 1.02564022e-01 2.72699952e-01 1.53195560e+00
  0.00000000e+00 2.30543688e-01 4.41325158e-01 1.33264554e+00
  6.28416157e+00 1.25149095e+00 8.95957088e+00 2.22104478e+00
  1.50277758e+00 2.64504123e+00 9.82387543e-01 4.13966328e-02
  4.15931076e-01 1.33449209e+00 0.00000000e+00 3.22906923e+00
  1.45694196e-01 3.00242734e+00 2.71233339e-02 5.27063191e-01
  1.70302641e+00 2.93741798e+00 1.20625091e+00 4.50946283e+00
  6.32091343e-01 2.05427974e-01 4.38242406e-02 3.10378313e+00
  1.60299623e+00 9.55299437e-02 0.00000000e+00 0.00000000e+00
  9.48348045e+00 9.64619827e+00 1.61758029e+00 3.72590385e-02
  2.03915715e+00 1.97544849e+00 3.77458721e-01 3.19207644e+00
  5.58753073e-01 1.23737693e+00 6.69885015e+00 0.00000000e+00
  0.00000000e+00 6.25857413e-01 1.48904324e+00 2.21438718e+00
  1.54224408e+00 2.41265464e+00 2.32683325e+00 1.35536790e-01
  0.00000000e+00 3.87370646e-01 2.52964745e+01 0.00000000e+00
  5.15708804e-01 0.00000000e+00 1.08526617e-01 6.38159394e-01
  3.31825972e-01 2.86513853e+00 2.66627026e+00 4.21304941e-01
  4.18590832e+00 8.01905274e-01 5.99397612e+00 8.64352465e-01
  1.04576063e+00 3.02407527e+00 0.00000000e+00 6.03922749e+00
  1.36156368e+00 6.16307306e+00 2.50997591e+00 5.21899319e+00
  9.31912899e+00 7.53678560e+00 5.43596649e+00 3.92849135e+00
  0.00000000e+00 2.67213273e+00 6.56845522e+00 9.07689476e+00
  7.73854208e+00 8.52646351e-01 2.37346125e+00 4.06928986e-01
  8.22236896e-01 5.31554699e-01 1.31007700e+01 1.70153260e+00
  4.10408545e+00 7.11230934e-01 2.78983593e+00 9.24187675e-02
  0.00000000e+00 7.68225241e+00 0.00000000e+00 2.92777538e-01
  0.00000000e+00 1.22851210e+01 4.59154844e-01 0.00000000e+00
  1.19506371e+00 7.01156378e+00 8.23308676e-02 2.97082996e+00
  3.06923151e+00 1.01884711e+00 1.78367034e-01 7.92749450e-02
  7.46120214e-02 1.21369386e+00 1.55839324e+00 1.14002621e+00
  6.88951612e-01 7.56790459e-01 0.00000000e+00 1.34970486e+00
  1.46373892e+00 3.30870092e-01 1.99777865e+00 9.12471056e-01
  1.90043271e-01 1.82646179e+00 8.89699173e+00 2.54352736e+00
  1.61682272e+00 1.14201221e+01 1.38873637e+00 2.79345989e+00
  2.01180786e-01 4.07288980e+00 7.20759571e-01 3.04562306e+00
  3.79644603e-01 6.48255634e+00 4.72169971e+00 2.74663806e+00
  2.25458002e+00 6.03323698e+00 6.93275034e-01 1.83355236e+01
  3.65436912e-01 0.00000000e+00 7.95031548e-01 2.87715673e-01
  3.14127016e+00 1.25636597e+01 2.79915953e+00 1.32248271e+00
  6.64868402e+00 2.21745777e+00 8.59229183e+00 1.53379202e+00
  7.33381212e-01 3.14183998e+00 2.37120271e+00 1.46393180e+00
  5.77977538e-01 9.76077095e-02 5.66363049e+00 3.95388007e-01
  6.35747969e-01 1.17994094e+00 2.03232020e-01 6.17598104e+00
  6.56612778e+00 4.99824142e+00 0.00000000e+00 2.41829824e+00
  7.73548031e+00 4.85982037e+00 3.18398142e+00 0.00000000e+00
  5.44598341e+00 1.55610037e+00 5.41333771e+00 3.88041806e+00
  2.57072520e+00 0.00000000e+00 0.00000000e+00 6.44832802e+00
  5.82069969e+00 2.82939219e+00 1.54667940e+01 4.20085609e-01
  2.58591199e+00 1.10348389e-01 1.11184144e+00 5.29329240e-01
  3.07626367e+00 1.06254950e+01 1.18981981e+00 6.88607597e+00
  2.81945801e+00 4.49608278e+00 3.15863323e+00 1.25394940e+00
  7.13793325e+00 1.83520436e-01 1.16773582e+00 0.00000000e+00
  4.89779139e+00 2.09730983e-01 5.32830667e+00 2.36552787e+00
  3.97693467e+00 9.19718221e-02 3.08852762e-01 3.83651662e+00
  7.24378490e+00 9.53592587e+00 1.81680703e+00 0.00000000e+00
  5.95044978e-02 2.31224489e+00 4.26470470e+00 4.09105158e+00
  4.05861497e-01 8.91375065e+00 5.76766109e+00 7.06538105e+00
  5.73308468e+00 9.17530119e-01 2.46163011e-01 0.00000000e+00
  1.10357322e-01 1.14480581e+01 2.45410538e+00 2.36091399e+00
  7.34900892e-01 0.00000000e+00 4.70377833e-01 6.83487320e+00
  3.21521115e+00 4.03494692e+00 4.04459381e+00 2.71909904e+00
  0.00000000e+00 1.36122835e+00 6.22715616e+00 4.80437517e-01
  6.84388399e-01 7.95322835e-01 1.95999324e-01 4.55409813e+00
  2.46055484e+00 6.50169086e+00 1.20327139e+00 0.00000000e+00
  2.26293325e+00 3.82754135e+00 3.71905982e-01 3.93225026e+00
  0.00000000e+00 1.26873267e+00 1.55949187e+00 8.72270688e-02
  2.00643110e+00 1.89941418e+00 1.21588669e+01 1.79374903e-01
  1.21376381e+01 0.00000000e+00 7.61038828e+00 1.89271235e+00
  1.15517740e+01 3.99422503e+00 1.13522395e-01 3.82390928e+00
  6.27872944e-02 0.00000000e+00 1.89275853e-02 5.88996029e+00
  0.00000000e+00 6.31304741e-01 6.54899979e+00 1.79488695e+00
  1.64067423e+00 0.00000000e+00 6.68055415e-01 2.70923901e+00
  4.12158537e+00 3.98678374e+00 1.42571402e+00 9.20111465e+00
  3.29904056e+00 2.14078331e+00 9.45920646e-01 5.68656288e-02
  0.00000000e+00 8.70696926e+00 1.37064266e+00 1.46780086e+00
  5.66864252e+00 1.98232436e+00 0.00000000e+00 1.05938840e+00
  1.87587750e+00 3.24059224e+00 4.46182013e+00 1.25214696e-01
  4.57427168e+00 1.96616530e+00 0.00000000e+00 3.49335623e+00
  6.98492646e-01 3.36731529e+00 0.00000000e+00 4.10446882e+00
  1.04555464e+00 3.37834239e+00 3.97871280e+00 9.21034455e-01
  0.00000000e+00 0.00000000e+00 5.34836113e-01 0.00000000e+00
  0.00000000e+00 8.72793257e-01 2.13059711e+00 2.91660786e+00
  9.49773073e-01 2.37951231e+00 5.46219110e+00 8.24874210e+00
  1.44180906e+00 5.08058929e+00 3.60536623e+00 1.21875772e+01
  9.95964622e+00 0.00000000e+00 2.11171961e+00 2.51677370e+00
  8.58299255e+00 2.64987612e+00 2.19463539e+00 5.46105385e+00
  3.88041437e-01 6.49690628e+00 2.82824469e+00 1.40311658e-01
  2.48646951e+00 1.94591910e-01 5.92393517e-01 5.94045830e+00
  2.09640741e+00 2.54185677e+00 9.79655445e-01 1.26150048e+00
  0.00000000e+00 2.05117679e+00 1.32741318e+01 2.04792619e+00
  3.28971553e+00 4.69172925e-01 4.31057358e+00 5.90093517e+00
  1.26311836e+01 1.35584617e+00 2.34587955e+00 1.94805968e+00
  1.04303598e+00 1.38178372e+00 2.01102066e+00 0.00000000e+00
  1.24754205e-01 2.96012670e-01 2.04164624e-01 7.78374970e-01
  1.27971217e-01 9.54466999e-01 8.96435261e+00 4.43331051e+00
  1.21777177e+00 1.16248398e+01 0.00000000e+00 0.00000000e+00
  6.97969341e+00 3.14059234e+00 4.97598267e+00 9.16384637e-01
  1.59887731e+00 1.14909229e+01 1.54273510e+00 2.16059542e+00
  1.56116939e+00 3.05626297e+00 1.20939465e+01 0.00000000e+00
  1.95169795e+00 1.75370291e-01 4.78464031e+00 1.89445937e+00
  0.00000000e+00 6.93140888e+00 9.19089615e-02 1.19464301e-01
  3.03326392e+00 2.18418503e+00 0.00000000e+00 1.59766841e+00
  1.25139523e+01 3.53084445e+00 7.98999405e+00 1.71649110e+00
  7.05023813e+00 4.76249605e-01 7.82546568e+00 1.55265570e-01
  1.76923788e+00 1.52117860e+00 3.64574289e+00 2.37799048e-01]]