[[1.27250791e-01 6.81386650e-01 1.57780397e+00 2.57487535e-01
  6.32174015e-01 1.65538669e+00 8.43727589e+00 5.96695662e-01
  2.15412378e+00 1.29673195e+00 2.86417723e+00 6.40513897e-01
  1.86340022e+00 9.05949116e+00 0.00000000e+00 5.57307720e+00
  1.42580616e+00 0.00000000e+00 3.67602944e+00 4.45138216e+00
  4.07561868e-01 3.56107879e+00 1.50504366e-01 4.38230944e+00
  1.40103027e-02 4.97123671e+00 3.89981103e+00 1.13929398e-01
  3.52044034e+00 6.34721071e-02 1.07181573e+00 3.56456017e+00
  4.31973100e-01 1.92563224e+00 7.42691040e-01 1.66419409e-02
  9.05127525e-01 3.46054196e-01 1.73854840e+00 4.74249220e+00
  2.54004645e+00 2.65408540e+00 9.93169069e-01 1.74842548e+00
  1.41608953e+00 3.04077530e+00 6.63665962e+00 8.52164030e-01
  1.78466499e+00 2.95677567e+00 9.00033638e-02 1.63990843e+00
  5.08869648e-01 2.00572538e+00 5.50036430e-01 9.64243507e+00
  7.86830664e-01 8.21360016e+00 2.34088206e+00 3.09875894e+00
  1.39349377e+00 7.65037715e-01 5.08893204e+00 2.85148644e+00
  5.00452518e-01 6.35404921e+00 1.99157369e+00 2.85330009e+00
  2.97397375e+00 2.84044504e+00 3.64758062e+00 5.63725457e-02
  2.65274167e+00 5.91495419e+00 5.71948826e-01 1.28542125e-01
  2.32337594e+00 0.00000000e+00 6.23600483e-01 5.37615597e-01
  3.40026051e-01 2.86301780e+00 7.60217667e+00 1.35178065e+00
  1.26535594e+00 1.81398678e+00 9.99301374e-01 2.24790007e-01
  3.54414296e+00 7.76098715e-03 2.55850643e-01 1.40161261e-01
  0.00000000e+00 1.28810918e+00 3.31462717e+00 9.70276177e-01
  1.53238678e+00 6.97413087e-01 8.56922790e-02 3.16990566e+00
  2.73564551e-02 2.70301747e+00 1.46027005e+00 2.16282988e+00
  8.06165123e+00 2.82430291e+00 3.91167432e-01 6.02378547e-01
  1.08988249e+00 7.80017912e-01 3.14175510e+00 5.38279891e-01
  9.91564393e-02 1.69568837e+00 3.37457252e+00 1.11648166e+00
  1.10392170e+01 1.98450124e+00 0.00000000e+00 1.09251559e+00
  9.92183387e-01 4.04570341e-01 5.47319576e-02 4.09943390e+00
  0.00000000e+00 1.29972398e+00 0.00000000e+00 0.00000000e+00
  1.56047314e-01 1.03273392e+01 4.19104993e-01 3.17843109e-01
  3.83480713e-02 3.12157249e+00 1.28478754e+00 4.27909708e+00
  4.48287755e-01 5.79156971e+00 1.88115299e+00 2.36015365e-01
  1.61051774e+00 3.01396298e+00 3.16301489e+00 2.98765087e+00
  1.17253494e+00 7.56371140e-01 4.18035090e-01 8.37556183e-01
  2.88494587e+00 1.49745092e-01 7.65051413e+00 2.24601173e+00
  1.52030385e+00 1.37270272e+00 2.39127898e+00 8.17120743e+00
  5.60561657e-01 9.50951004e+00 2.40761399e+00 2.82916021e+00
  1.54555821e+00 3.30618799e-01 2.77334166e+00 2.89359307e+00
  4.84155846e+00 1.35266173e+00 1.20298207e+00 4.10540199e+00
  2.02559963e-01 1.64339662e-01 9.63414788e-01 1.45102537e+00
  1.59094644e+00 3.18308711e-01 5.03958583e-01 2.15674925e+00
  1.82827771e-01 3.06984735e+00 5.63511896e+00 2.22970915e+00
  4.93500614e+00 2.20682338e-01 7.01545763e+00 7.03398407e-01
  1.19229719e-01 5.85283041e+00 2.45851755e+00 8.75681579e-01
  2.69276470e-01 1.66930628e+00 0.00000000e+00 2.50198394e-01
  3.59051752e+00 9.34027576e+00 0.00000000e+00 5.44062710e+00
  6.60809159e-01 5.23711300e+00 7.86405742e-01 2.30092931e+00
  1.41116476e+00 1.47059083e-01 2.82535076e+00 1.31275892e+00
  7.94561768e+00 7.74949968e-01 2.86447716e+00 3.41629052e+00
  3.01914954e+00 3.27059746e+00 1.39836967e+00 4.19944346e-01
  7.17951715e-01 2.52923203e+00 2.86119175e+00 0.00000000e+00
  2.21612310e+00 0.00000000e+00 1.40257224e-01 1.56798387e+00
  0.00000000e+00 3.52404189e+00 2.41847467e+00 5.89891958e+00
  2.73895645e+00 2.61612034e+00 3.49231511e-01 9.65705439e-02
  1.13143995e-01 5.10393620e-01 2.46191573e+00 2.16471553e+00
  3.13376474e+00 4.19024372e+00 1.10354245e+00 2.92108560e+00
  2.17004752e+00 9.48607254e+00 2.92503285e+00 4.79497528e+00
  1.85374081e+00 0.00000000e+00 4.72211748e-01 8.05652332e+00
  3.71045977e-01 1.68470824e+00 5.74615097e+00 5.61313438e+00
  6.78673387e-02 8.92572975e+00 1.13302672e+00 0.00000000e+00
  1.76642433e-01 1.86328721e+00 2.00078583e+00 9.99981984e-02
  4.10932302e+00 3.85681354e-02 3.03318453e+00 3.14732522e-01
  1.54787564e+00 2.78737903e-01 1.65371549e+00 3.57116550e-01
  5.42412710e+00 1.03195691e+00 1.76950693e+00 3.67389083e+00
  3.57200432e+00 6.34529173e-01 3.07615328e+00 5.85142262e-02
  4.99196339e+00 3.15292168e+00 2.99395353e-01 1.22883928e+00
  5.54532909e+00 1.46848440e+00 0.00000000e+00 1.70602298e+00
  3.89172745e+00 1.56380117e+00 6.44236803e-01 1.18731546e+00
  4.30801439e+00 0.00000000e+00 3.73271346e+00 1.41762480e-01
  2.73386645e+00 8.48523378e-01 2.30399823e+00 1.19207346e+00
  1.44030654e+00 3.30118895e-01 2.02863121e+00 4.53728008e+00
  1.07395184e+00 0.00000000e+00 9.24139214e+00 0.00000000e+00
  1.80694830e+00 3.76374102e+00 6.29566610e-01 5.70740223e-01
  3.61571383e+00 1.76534939e+00 2.39493489e+00 2.19330192e-01
  3.87467086e-01 3.44032693e+00 1.07062364e+00 1.81977296e+00
  2.64198542e-01 3.52215022e-01 5.10814381e+00 9.95416343e-02
  1.02374516e+01 9.03331470e+00 1.51603985e+00 3.41438079e+00
  3.25232363e+00 1.77786720e+00 5.01398706e+00 1.57091761e+00
  8.48025799e-01 8.19452584e-01 8.24810886e+00 0.00000000e+00
  4.16705894e+00 0.00000000e+00 1.08622730e+00 3.99124551e+00
  2.19129063e-02 1.29884732e+00 7.61941528e+00 5.99092436e+00
  2.18415356e+00 3.81133258e-01 4.79963112e+00 6.05350590e+00
  3.32701993e+00 9.16138411e-01 2.75890738e-01 2.18863443e-01
  1.61587107e+00 1.72446322e+00 8.26564878e-02 5.35197854e-01
  7.85523891e-01 5.28532445e-01 2.35085773e+00 6.48366094e-01
  2.00568497e-01 3.67103100e+00 1.34354496e+00 8.56515765e-01
  8.70074391e-01 1.04996338e+01 3.94726753e+00 3.54604268e+00
  2.74455166e+00 3.26920915e+00 4.47171569e-01 5.10960722e+00
  3.25479150e+00 4.73406410e+00 1.23135014e+01 2.49399424e+00
  4.05489385e-01 7.74206066e+00 1.35169625e+00 1.60725749e+00
  3.25196356e-01 1.37175179e+00 2.82404065e+00 5.54252529e+00
  5.37654459e-01 3.73658824e+00 6.78843117e+00 2.29197049e+00
  7.31090832e+00 4.20337486e+00 5.01054704e-01 1.18425632e+00
  1.61102664e+00 7.84713626e-02 3.08624959e+00 0.00000000e+00
  2.71814847e+00 1.74517202e+00 7.80176342e-01 6.32887721e-01
  9.30290127e+00 1.71896923e+00 1.98194087e+00 0.00000000e+00
  1.01884727e+01 3.50722969e-01 6.40393686e+00 0.00000000e+00
  3.92599916e+00 8.24296570e+00 7.70035124e+00 4.87825632e+00
  1.75039256e+00 3.81119519e-01 0.00000000e+00 1.64802146e+00
  3.55851150e+00 3.67711282e+00 2.41697049e+00 7.73790181e-01
  9.74851847e-02 3.00723374e-01 3.22930741e+00 3.79490480e-02
  4.96147305e-01 2.94652200e+00 4.84859794e-02 0.00000000e+00
  2.62056541e+00 1.22440025e-01 3.88261005e-02 5.25409126e+00
  2.27758169e+00 1.88432300e+00 2.32998586e+00 6.31587267e+00
  4.86406898e+00 4.44728804e+00 1.52451074e+00 4.57032013e+00
  2.92562437e+00 2.04248476e+00 4.15645570e-01 8.79629707e+00
  6.50717640e+00 5.63635921e+00 3.18608433e-01 5.17895818e-01
  2.69132137e-01 1.74601650e+00 1.23100579e+00 1.06596117e+01
  2.15669560e+00 1.13153374e+00 2.60741043e+00 1.19522631e+00
  8.18979073e+00 1.14087820e+00 3.43202114e+00 3.11960864e+00
  3.80085444e+00 1.12841253e+01 1.30999148e+00 3.72292697e-01
  3.01755476e+00 4.18777084e+00 0.00000000e+00 6.20108223e+00
  4.21883047e-01 5.46473265e-01 5.64423370e+00 2.02680182e+00
  8.41674805e-02 3.86089444e-01 1.10520434e+00 2.06929660e+00
  4.29145956e+00 5.18399537e-01 5.58409023e+00 4.96072955e-02
  0.00000000e+00 2.24603629e+00 0.00000000e+00 1.50033915e+00
  9.29842830e-01 1.02286905e-01 4.08499336e+00 5.64616060e+00
  7.31132412e+00 5.70659518e-01 1.38660436e-02 4.27990961e+00
  1.92816353e+00 3.25605202e+00 6.90900469e+00 1.38369769e-01
  1.58893263e+00 1.15774775e+00 1.99720848e+00 1.41675282e+00
  2.54273582e+00 3.48172903e-01 2.60525274e+00 8.87886584e-01
  2.04382563e+00 7.28442430e-01 1.66474009e+00 8.03017199e-01
  7.80301237e+00 6.20348096e-01 2.24125600e+00 2.41026783e+00
  1.33209312e+00 0.00000000e+00 2.25770950e+00 5.72073174e+00
  3.08294207e-01 1.76577318e+00 1.30998194e+00 9.38780975e+00]]