[[1.8177851e+00 5.7017469e-01 9.9151456e-01 3.8739946e-01 1.5313026e+00
  5.1782274e+00 2.6716745e+00 5.9352593e+00 2.3986342e+00 1.0902129e+00
  4.5594841e-01 2.3977618e+00 1.9229015e+00 5.5076820e-01 0.0000000e+00
  3.0976839e+00 3.8566881e-01 1.0636095e+00 1.2382311e+00 6.0650764e+00
  1.3774068e+00 2.0186886e+01 0.0000000e+00 7.0988812e+00 2.5259047e+00
  1.0895191e+00 4.8493428e+00 6.0306654e+00 4.1253548e+00 3.8977449e+00
  1.8769222e+00 9.8345417e-01 0.0000000e+00 3.9894335e+00 1.0591010e+00
  2.4955274e-01 1.1711562e+00 0.0000000e+00 9.7978210e+00 3.4096246e+00
  4.7106037e+00 4.1204220e-01 1.9126347e+00 7.7084947e+00 0.0000000e+00
  4.8973699e+00 2.6098661e+00 2.6446474e-01 5.3338976e+00 3.5641071e-01
  2.1140683e-01 1.1341113e+01 2.7001125e-01 5.7300553e+00 2.5814619e+00
  2.5368533e+00 6.6222537e-01 4.8178368e+00 0.0000000e+00 1.0218114e+00
  3.3813713e+00 1.6219054e+00 6.5625715e+00 8.1328592e+00 5.9595245e-01
  1.5461865e-01 1.3074971e+00 2.9000986e-01 6.1958456e+00 8.0407372e+00
  7.2045052e-01 7.6820195e-01 1.4321564e+00 1.2211519e+01 3.7993846e+00
  2.4818377e+00 4.1849422e+00 1.0490846e-02 0.0000000e+00 1.3451161e+00
  8.6457574e-01 1.8999826e+00 3.1744819e+00 4.4778943e+00 8.1872835e+00
  7.5447545e+00 2.2291980e+00 2.0684960e+00 1.1836547e+00 0.0000000e+00
  4.2932181e+00 5.0663514e+00 4.9983948e-01 9.7631111e+00 3.5949180e+00
  1.4279089e+00 3.9498216e-01 1.5592459e+00 2.5014195e+00 4.0337901e+00
  2.0358891e+00 2.2875111e+00 8.9035219e-01 6.9523053e+00 0.0000000e+00
  1.5848265e+00 1.1151450e+00 5.8034396e-01 8.9734548e-01 3.2854064e+00
  8.8302487e-01 1.2354938e+00 0.0000000e+00 9.4241543e+00 8.4650116e+00
  0.0000000e+00 4.4954686e+00 1.2686296e+00 1.3321577e-01 3.6618814e+00
  2.1253140e+00 1.4868181e+00 0.0000000e+00 3.2427361e+00 4.3513677e-01
  3.0685444e+00 2.2345166e+00 0.0000000e+00 1.4539165e+00 2.1811989e+01
  0.0000000e+00 3.9203838e-01 2.0884817e+00 9.0058142e-01 2.7090304e+00
  4.7309351e+00 3.5978848e-01 0.0000000e+00 6.6720467e+00 1.2228817e+00
  3.0748925e+00 8.2603383e-01 3.3550415e+00 6.9283042e+00 1.4266322e+01
  3.3445699e+00 5.2089758e+00 0.0000000e+00 1.2640146e+00 1.2391053e+00
  0.0000000e+00 3.8297749e+00 8.4440190e-01 2.8208117e+00 3.8047187e+00
  7.7938666e+00 1.5144061e-01 1.1444398e+00 6.3129759e-01 8.8024139e-01
  8.0726773e-01 2.7857411e+00 4.3449225e+00 2.8422019e-01 3.7999601e+00
  7.6272097e+00 0.0000000e+00 1.6240916e+00 1.1889553e+00 2.6575646e+00
  3.5387554e+00 2.0977426e-01 7.2061090e+00 1.5519779e+00 1.1559269e+00
  2.8557590e-01 2.6643553e+00 3.9978266e-01 6.0508003e+00 9.7760906e+00
  3.7996626e+00 5.3342712e-01 9.1923904e+00 2.5236890e-01 2.6042461e+00
  4.3426867e+00 6.8052177e+00 1.0763948e+00 2.8549285e+00 3.1054649e+00
  4.8185670e-01 0.0000000e+00 1.5516691e+00 1.7141096e+01 0.0000000e+00
  1.6358097e-01 2.1602142e+00 0.0000000e+00 1.5821542e+00 9.1255701e-01
  3.1799388e+00 2.4868021e+00 5.5235338e+00 3.8908136e-01 8.6728315e+00
  2.4740772e+00 1.0453035e+00 6.9154310e+00 1.5160725e+00 2.6675011e+01
  1.7883939e-01 3.9118557e+00 5.7206541e-02 4.2599878e+00 1.0775878e+01
  3.6241019e-01 2.0410171e-01 0.0000000e+00 5.3002083e-01 7.5642186e-01
  5.7258854e+00 5.8681517e+00 1.1997690e+01 2.0286454e-02 1.2430822e+00
  6.6908097e+00 2.7134721e+00 2.5313423e+00 2.2456071e+00 1.8414779e+00
  2.1997089e+00 1.0812687e+00 6.3057909e+00 1.0900283e+00 5.8544540e+00
  1.8208964e+00 2.2288113e+00 8.5730190e+00 3.5367571e-02 1.2174876e+00
  2.2389723e-01 1.6343088e+00 1.2617766e+01 6.4038205e+00 4.5875688e+00
  2.7996361e+00 1.3593456e+01 1.0728068e+01 7.1675545e-01 3.7025661e+00
  3.6315501e-01 3.6474630e-01 3.3023658e+00 6.6867185e-01 1.3662543e+00
  1.4147239e+00 2.5789587e+00 2.9401438e+00 6.8425417e-01 8.8828170e-01
  0.0000000e+00 2.4433003e-01 3.6142921e+00 6.9560113e+00 8.8973274e+00
  2.6537130e+00 9.9134290e-01 1.4862838e+00 1.1102302e+01 4.0500889e+00
  1.1919756e+00 2.0382170e-01 3.7180207e+00 1.2427130e+00 4.8612580e-01
  7.6647002e-01 7.3553748e+00 1.9422944e+00 2.1146314e+00 5.4377441e+00
  7.7261680e-01 1.9969987e+00 6.8176780e+00 0.0000000e+00 7.1075797e-01
  1.4058237e+00 5.3599796e+00 1.2791345e+00 2.9346442e+00 3.2683790e+00
  4.6061215e+00 8.4887159e-01 1.6393404e+00 1.0662940e+00 3.1697042e+00
  2.2823718e+00 0.0000000e+00 2.5283079e+00 0.0000000e+00 0.0000000e+00
  7.4466553e+00 4.8816705e+00 1.2122477e+00 7.4493480e-01 7.0100060e+00
  1.9238720e+00 4.0007124e+00 3.5303950e-01 4.2438722e+00 1.3236706e+00
  7.4305577e+00 3.7393415e-01 4.4523209e-01 4.4015026e+00 1.2064307e+01
  5.5241041e+00 5.1436615e+00 9.8943682e+00 3.0556080e+00 1.2950757e+00
  4.8675809e+00 4.8784690e+00 1.7787907e+00 3.3886070e+00 1.2769390e+00
  1.8982568e+00 8.1157646e+00 8.0260617e-01 2.7110243e+00 1.4614028e-01
  2.8180945e-01 0.0000000e+00 4.8253431e+00 7.2753553e+00 3.1992290e+00
  5.5762944e+00 4.5231950e-01 3.4903240e+00 3.7367837e+00 2.3457576e-01
  3.9890194e+00 1.2973896e+00 7.4809700e-01 1.3022140e+00 1.0041982e+00
  1.4363989e+00 1.0764185e+01 2.0681183e+00 4.3557420e+00 5.8598599e+00
  1.4263558e-01 2.8555403e+00 2.7741659e+00 1.5085998e+00 1.7805825e+00
  5.0198776e-01 1.6634244e-01 8.2394714e+00 2.0330813e+00 3.8394616e+00
  4.4145308e+00 8.7562484e-01 5.5853519e+00 4.3783755e+00 1.0789082e+00
  1.5491900e-01 4.1076191e+01 2.0148196e+00 2.7855916e+00 7.0594835e-01
  8.6111948e-02 4.6866482e-01 2.1719820e+00 3.2251310e-01 2.9694881e+00
  2.2123070e+00 2.9920576e+00 2.1554506e+00 9.8761368e+00 2.0765688e+00
  3.6291862e+00 3.9485018e+00 2.4795136e+00 4.8132992e+00 4.0011387e+00
  1.5200878e+00 1.9853640e+00 1.9001338e+00 4.8002380e-01 6.2837238e+00
  2.6108418e+00 6.9005165e+00 3.0300386e+00 2.0990031e+00 6.6094427e+00
  1.6526816e+00 3.5432370e+00 6.8337727e+00 1.9146169e+00 3.3590221e+00
  1.6054487e+00 2.4224781e+01 3.1198831e+00 1.9861805e+00 4.6620584e+00
  6.1247176e-01 2.5861400e-01 1.5296093e+00 2.1891637e-01 2.2929909e+00
  1.4609058e+01 1.9345045e+00 6.0629612e-01 2.8342390e+00 1.6267018e+00
  2.8790355e-01 1.1118393e+00 8.6932755e-01 3.3862307e+00 0.0000000e+00
  2.3075778e+00 7.3046499e-01 0.0000000e+00 2.3528459e+00 2.7666161e+00
  2.3049986e+00 8.3130779e+00 6.9648275e+00 1.1917105e+00 7.8685513e+00
  9.5743113e+00 2.5511451e+00 2.1469736e+00 1.5345637e+00 1.6626204e+00
  7.8785145e-01 2.0278277e+00 3.8244100e+00 0.0000000e+00 2.8096843e+00
  8.0833822e-02 1.9945957e-01 2.0407638e-01 1.1880311e+00 5.6697564e+00
  1.2764759e+00 3.8600211e+00 3.4171572e+00 2.4999557e+00 4.7387895e-01
  0.0000000e+00 4.3908420e+00 2.2102256e+00 5.9898596e+00 6.7777624e+00
  2.6887066e+00 2.2643623e-01 2.3648844e+00 2.0494518e+00 4.6128488e+00
  2.5447157e-01 3.1783575e-01 4.9212357e-01 5.9963500e-01 0.0000000e+00
  1.2396410e+00 1.6046223e-01 3.2243395e+00 6.0684972e+00 7.1558124e-01
  1.5696825e+00 2.9525259e+00 1.0111940e+00 1.5828468e+00 5.5599322e+00
  3.5607970e+00 1.0200063e+00 1.4090534e+00 6.6935296e+00 2.2115068e+00
  1.3882043e-03 2.3017135e+00 2.1223563e-01 8.0438203e-01 2.1185590e-01
  5.4788613e-01 2.8490441e+00 3.8650482e+00 3.1036916e+00 1.9719788e+00
  7.8103724e+00 0.0000000e+00 9.4529170e-01 3.6019938e+00 3.0167081e+00
  5.6586881e+00 1.1848662e+00 5.2632847e+00 1.1178778e+00 6.2990409e-01
  3.9724307e+00 1.1113108e+00 5.0235572e+00 5.0410714e+00 8.4119539e+00
  2.4118171e+00 5.0590982e+00 4.7192364e+00 1.2075242e+00 6.0314059e-01
  4.9895868e+00 4.1873593e+00]]