[[2.45431997e-02 8.30898225e-01 9.89955664e-02 8.44180107e-01
  7.03528070e+00 1.95908511e+00 2.72340918e+00 5.27238250e-01
  1.29082751e+00 5.81758976e+00 4.84739035e-01 8.85702550e-01
  4.87511349e+00 2.27566600e+00 3.77898254e-02 7.26006746e-01
  5.44010758e-01 1.11001514e-01 5.88301182e-01 7.89695644e+00
  0.00000000e+00 9.10748196e+00 2.60665417e+00 2.53888226e+00
  1.44683588e+00 1.11801529e+01 2.34237123e+00 9.70424557e+00
  3.21861148e-01 1.03041244e+00 4.21616137e-01 1.14710629e-01
  2.33317447e+00 1.82212389e+00 6.98968232e-01 6.88277364e-01
  3.61145353e+00 2.98150808e-01 3.15022087e+00 2.23534441e+00
  4.75067520e+00 6.60690725e-01 1.60922861e+00 7.07655478e+00
  5.23279130e-01 2.59172893e+00 1.86402333e+00 4.56825590e+00
  4.64073038e+00 2.53352642e-01 9.19215918e-01 3.08859134e+00
  7.85886943e-01 2.94953942e+00 1.12910616e+00 8.48839045e-01
  3.24406314e+00 3.86427188e+00 5.27767611e+00 8.77118170e-01
  2.37688732e+00 2.09797168e+00 1.17133069e+00 3.04653549e+00
  2.81714022e-01 4.03811097e-01 2.26894045e+00 2.89117193e+00
  5.70454645e+00 5.21094203e-01 1.00631742e+01 1.40574837e+00
  0.00000000e+00 5.15625429e+00 2.58570933e+00 1.17817154e+01
  2.68895173e+00 3.68902779e+00 0.00000000e+00 4.85344839e+00
  5.26022482e+00 4.47289705e+00 5.82382536e+00 3.36569929e+00
  5.93993998e+00 9.98870754e+00 2.84864330e+00 2.48021692e-01
  4.66805553e+00 9.53154922e-01 1.94574833e+00 4.80699396e+00
  0.00000000e+00 3.10808110e+00 7.19172335e+00 1.27516544e+00
  2.86240244e+00 1.99025488e+00 2.86625504e-01 2.57923198e+00
  2.45276630e-01 7.18955159e-01 9.06890297e+00 6.33762741e+00
  0.00000000e+00 2.22065523e-01 4.10099125e+00 9.14329588e-01
  3.81386787e-01 4.97523022e+00 3.59767628e+00 4.06988621e+00
  6.95813179e+00 1.65879345e+00 3.16352583e-02 2.51059771e-01
  4.82781315e+00 2.10153654e-01 2.44571304e+00 3.50378847e+00
  0.00000000e+00 1.69081938e+00 8.57060730e-01 6.57561588e+00
  6.17016792e+00 4.57646942e+00 2.82736778e+00 0.00000000e+00
  5.52387857e+00 9.76103783e+00 3.93884706e+00 1.14376533e+00
  5.44703579e+00 1.75528005e-01 1.97020841e+00 2.98599052e+00
  1.90150452e+00 5.45104742e-01 1.90222174e-01 4.04798388e-01
  1.92178175e-01 3.51854992e+00 0.00000000e+00 4.09724045e+00
  3.09186912e+00 1.12061393e+00 8.34821796e+00 1.26680240e-01
  5.61947465e-01 3.57911873e+00 0.00000000e+00 4.11329556e+00
  4.63385963e+00 2.86498308e-01 9.42436993e-01 2.06080958e-01
  6.38629496e-01 7.17753506e+00 3.55601162e-01 4.03059816e+00
  4.65755105e-01 5.32078505e+00 4.43032074e+00 4.72072333e-01
  1.83425915e+00 9.11664605e-01 2.97223836e-01 2.32481885e+00
  0.00000000e+00 3.95744741e-01 4.75093126e+00 2.64645129e-01
  4.45438242e+00 1.47311201e+01 2.52309656e+00 5.87135077e-01
  1.01006150e+00 0.00000000e+00 1.40062008e+01 5.29591227e+00
  2.96250510e+00 1.57884717e+00 2.83526444e+00 4.17998672e-01
  7.64168739e+00 1.18715322e+00 1.27969372e+00 2.92247653e+00
  4.61261606e+00 4.60308194e-01 7.83153439e+00 0.00000000e+00
  3.65778160e+00 1.41183386e+01 3.00750136e-01 2.80832648e+00
  3.65226239e-01 7.78030586e+00 1.12023962e+00 0.00000000e+00
  4.23626995e+00 2.46464297e-01 1.76794994e+00 4.63366652e+00
  7.15860367e+00 1.50470257e+00 3.88910818e+00 4.29985666e+00
  1.94084108e+00 9.03767109e+00 3.32703924e+00 1.51684630e+00
  0.00000000e+00 2.63811970e+00 8.21737170e-01 3.21066284e+00
  1.37456775e+00 2.15737128e+00 3.22293371e-01 3.92623067e+00
  1.26224673e+00 6.36217213e+00 8.15374106e-02 1.50479221e+00
  1.10350454e+00 3.15450811e+00 5.29965067e+00 3.13600397e+00
  1.51183534e+00 5.28784180e+00 2.59908628e+00 1.49027956e+00
  5.90903014e-02 7.48248458e-01 1.58529544e+00 1.29254997e+00
  2.08910584e-01 6.25040102e+00 6.85660839e-01 1.46838233e-01
  2.77636826e-01 1.73524928e+00 1.76497102e+00 5.57102299e+00
  1.09579897e+00 5.65580845e+00 3.68005586e+00 3.93335032e+00
  6.71680355e+00 3.15751433e+00 6.62479782e+00 7.90450716e+00
  6.32659137e-01 1.92666113e+00 7.05497360e+00 1.26648724e+00
  5.33808291e-01 4.28317934e-01 8.91237259e+00 3.64782429e+00
  1.03534222e-01 8.54684353e-01 8.15284550e-01 1.16534290e+01
  2.35808206e+00 6.76823330e+00 1.08589208e+00 1.92574620e+00
  5.19276476e+00 1.78486991e+00 4.74924612e+00 0.00000000e+00
  1.65049577e+00 6.27381611e+00 1.01816058e+00 1.14785351e-01
  2.55341458e+00 2.12872100e+00 2.29611963e-01 5.22544384e+00
  6.46499252e+00 7.18281460e+00 6.02470779e+00 4.48853159e+00
  1.60411870e+00 1.15219746e-02 2.63373399e+00 8.31237018e-01
  2.63219023e+00 7.33948421e+00 1.85224247e+00 1.28005159e+00
  1.58842480e+00 3.88744211e+00 2.45229030e+00 1.39219725e+00
  1.05969357e+00 2.09048128e+00 7.15204179e-01 9.87775549e-02
  3.16744256e+00 2.13621467e-01 5.19396687e+00 4.19418216e-01
  1.25662863e+00 4.60246325e+00 1.90059334e-01 5.18667030e+00
  8.54506910e-01 1.61379918e-01 3.13671136e+00 5.25698841e-01
  4.33496761e+00 4.18539381e+00 2.74303865e+00 5.44823289e-01
  2.05881417e-01 6.39173508e+00 3.43130922e+00 2.57319403e+00
  1.13417542e+00 3.92449528e-01 3.91394472e+00 3.00633764e+00
  4.27567053e+00 2.96788239e+00 5.84048700e+00 7.44077265e-01
  3.47569793e-01 4.84360993e-01 1.54693246e+00 8.33528936e-01
  6.80478573e-01 5.28825903e+00 4.08625841e+00 1.52666306e+00
  4.10250187e+00 8.23984432e+00 8.37147331e+00 6.24084520e+00
  3.45596284e-01 0.00000000e+00 1.15639791e-01 1.75645971e+00
  2.91610384e+00 2.77840710e+00 1.14232838e+00 1.82667089e+00
  1.63990176e+00 7.61983037e-01 2.00041413e-01 1.17530966e+00
  8.59418154e-01 5.03231621e+00 9.65811193e-01 4.97202426e-01
  2.75304341e+00 8.49832630e+00 1.10730672e+00 4.45623779e+00
  1.62285004e+01 0.00000000e+00 6.11225510e+00 6.93039954e-01
  1.04569836e+01 1.34514168e-01 1.16585932e+01 1.43206462e-01
  4.54575181e-01 6.08056597e-02 3.46988106e+00 2.99661136e+00
  1.04084454e+01 3.62149894e-01 1.89073396e+00 2.95845461e+00
  7.99206781e+00 8.06787205e+00 2.39122018e-01 3.77964950e+00
  5.68589306e+00 3.55811667e+00 2.87415671e+00 1.88046360e+00
  2.24885434e-01 1.50958359e+00 1.83048713e+00 0.00000000e+00
  2.09854078e+00 6.01843643e+00 5.66200733e+00 4.29977036e+00
  2.77320170e+00 2.35870290e+00 3.82195306e+00 1.55475712e+00
  1.47382200e+00 4.49904680e+00 9.51607513e+00 2.85920233e-01
  2.84801185e-01 5.77835751e+00 2.19804376e-01 3.48113680e+00
  3.15490389e+00 5.06085348e+00 0.00000000e+00 1.19297421e+00
  0.00000000e+00 1.92478585e+00 3.94573069e+00 1.89626765e+00
  0.00000000e+00 6.69774652e-01 2.15104032e+00 8.22100282e-01
  8.10742259e-01 3.13618708e+00 1.84290037e-01 2.39600360e-01
  0.00000000e+00 2.27441573e+00 4.66133505e-01 2.59278989e+00
  9.29159284e-01 0.00000000e+00 1.05973244e+00 4.88101053e+00
  1.29711211e+00 5.07769394e+00 8.46234381e-01 3.23814011e+00
  2.06154671e+01 4.73886442e+00 8.40323716e-02 0.00000000e+00
  3.13263726e+00 1.70938528e+00 3.69074297e+00 5.39886093e+00
  5.77293730e+00 2.36514378e+00 6.36629224e-01 7.44543886e+00
  5.37415600e+00 1.81597447e+00 1.91653562e+00 2.52942324e+00
  0.00000000e+00 3.34282517e-01 7.26700306e-01 3.78462934e+00
  2.32801580e+00 8.90246964e+00 2.40873480e+00 0.00000000e+00
  1.02542984e+00 1.90865326e+00 1.07700853e+01 1.19992399e+00
  4.07304430e+00 1.25598311e-01 0.00000000e+00 1.25822812e-01
  0.00000000e+00 2.29368210e+00 1.62740380e-01 3.50037646e+00
  1.59362686e+00 3.69591784e+00 6.03685379e-01 8.36543274e+00
  5.87125659e-01 7.66939259e+00 1.91045320e+00 6.35633290e-01
  1.64454508e+00 4.36102152e-01 2.37949634e+00 2.63772774e+00
  7.78361082e-01 1.50863147e+00 8.25458318e-02 5.01240909e-01
  0.00000000e+00 2.93808675e+00 4.13746014e-02 2.90796887e-02
  2.01616549e+00 6.26513124e-01 7.54494011e-01 7.90740736e-03
  8.84538829e-01 1.01588404e+00 8.30922604e-01 1.09141374e+00
  3.14699697e+00 5.31911850e+00 3.71756732e-01 3.32059503e-01
  4.41328478e+00 2.15694571e+00 0.00000000e+00 7.89204955e-01
  4.04900265e+00 4.93231267e-02 2.91228747e+00 7.79320431e+00
  1.16581297e+00 1.33691359e+00 1.71483421e+00 2.61923218e+00]]