[[1.70790446e+00 2.00749889e-01 5.00340939e-01 5.51934898e-01
  2.19418454e+00 2.41285539e+00 3.14165425e+00 5.65722990e+00
  1.34745312e+00 1.90272331e+00 3.85942668e-01 1.48989975e+00
  7.89049339e+00 9.87265110e-01 4.23893817e-02 7.89537549e-01
  7.17090011e-01 6.74582720e-02 1.17188632e+00 3.05398726e+00
  6.81826532e-01 2.03838310e+01 0.00000000e+00 3.03179097e+00
  1.62449241e+00 6.06988907e+00 3.74610877e+00 2.31584382e+00
  2.08621984e-03 3.51431280e-01 1.39817661e-02 2.22047162e+00
  1.10874534e+00 5.83362865e+00 3.28460842e-01 9.55637395e-01
  1.81961429e+00 3.14648718e-01 2.76957512e+00 0.00000000e+00
  5.92742109e+00 1.52596101e-01 8.52708876e-01 2.86960483e+00
  1.53123200e-01 3.15125012e+00 1.77024901e+00 6.20676088e+00
  5.33087492e+00 3.33595395e+00 9.69808638e-01 1.37145281e+00
  9.80215296e-02 2.73391509e+00 1.01893330e+00 3.41888309e+00
  2.10094690e+00 1.94570553e+00 9.92218316e-01 1.99429011e+00
  3.76097512e+00 4.40056562e-01 2.89194441e+00 4.93240452e+00
  0.00000000e+00 5.18389320e+00 6.39034653e+00 4.44225848e-01
  3.30776572e+00 3.92802209e-01 2.18969679e+00 2.68119246e-01
  2.50931573e+00 2.22741580e+00 6.51744652e+00 7.18659401e-01
  2.28402372e-02 5.96586514e+00 1.24088787e-01 3.94485950e+00
  6.78723395e-01 2.89409065e+00 6.42883635e+00 1.38961732e-01
  9.48019505e+00 4.42854834e+00 6.91318607e+00 4.31122971e+00
  4.61699247e+00 8.55282068e-01 3.41613126e+00 1.80136549e+00
  1.80950379e+00 2.27234602e+00 9.61209357e-01 1.54305637e-01
  3.89909834e-01 7.28434205e-01 1.62566453e-02 3.19133377e+00
  2.30682611e+00 6.04589033e+00 3.12323833e+00 1.05679884e+01
  0.00000000e+00 0.00000000e+00 1.85148978e+00 1.46773136e+00
  2.06332892e-01 4.01326329e-01 4.08419418e+00 5.46958399e+00
  8.34830165e-01 5.89032829e-01 1.08605838e+00 9.49355662e-02
  7.31177187e+00 1.84837866e+00 2.74754858e+00 1.58057702e+00
  5.02637446e-01 2.61114985e-01 9.48255420e-01 7.71737432e+00
  2.20156026e+00 5.32693052e+00 2.15213150e-02 0.00000000e+00
  1.88535810e+00 1.04898491e+01 3.59527802e+00 4.41109371e+00
  8.32373428e+00 1.20850906e-01 2.12068871e-01 6.06233788e+00
  1.83383480e-01 2.79864669e+00 2.12762785e+00 3.46113414e-01
  9.85663116e-01 2.68852258e+00 1.17401910e+00 4.13432980e+00
  2.56613040e+00 1.10866487e+00 1.07133656e+01 3.33119065e-01
  0.00000000e+00 2.40973949e+00 1.31834042e+00 4.76209545e+00
  3.14787769e+00 1.01895235e-01 1.49797469e-01 4.31943083e+00
  7.08573699e-01 2.17315698e+00 9.03603375e-01 3.25364256e+00
  0.00000000e+00 4.03293896e+00 5.44646740e+00 2.52933860e-01
  2.98862314e+00 3.97388101e+00 2.42318675e-01 9.17557627e-02
  0.00000000e+00 3.68427849e+00 2.22110927e-01 1.49366528e-01
  4.86578655e+00 5.67044830e+00 1.46009409e+00 7.16289818e-01
  5.37725627e-01 2.83708721e-01 1.26932752e+00 9.79752254e+00
  2.10691047e+00 3.20088124e+00 3.36247087e+00 4.23269796e+00
  2.03510737e+00 4.64200401e+00 7.23304462e+00 3.50228786e+00
  1.94851398e+00 2.97869593e-01 9.34208584e+00 0.00000000e+00
  2.64240623e-01 7.12838078e+00 0.00000000e+00 1.84117079e+00
  4.06889725e+00 7.05866957e+00 9.09795642e-01 0.00000000e+00
  2.37640905e+00 7.38529146e-01 2.50065476e-01 0.00000000e+00
  3.41755438e+00 9.72410023e-01 1.11277018e+01 2.33182287e+00
  5.68979308e-02 1.06957340e+00 3.86145902e+00 2.04475317e-02
  2.70176232e-01 2.26001406e+00 9.64552820e-01 2.07279134e+00
  6.57022417e-01 4.34949064e+00 2.47957897e+00 3.54434228e+00
  5.36785889e+00 2.20642018e+00 1.49693131e+00 5.61031699e-01
  0.00000000e+00 1.07948877e-01 1.69106945e-01 7.13693440e-01
  1.54383004e+00 4.12835741e+00 1.87335920e+00 1.46772194e+00
  1.53624356e+00 1.22474504e+00 1.17801547e+00 1.29719102e+00
  2.58123815e-01 5.75050020e+00 2.26957464e+00 4.16652143e-01
  2.03872609e+00 2.01735711e+00 2.05590650e-01 6.05784988e+00
  6.00948954e+00 5.80654144e+00 7.51702547e+00 1.66391850e+00
  1.32676101e+00 1.25511563e+00 3.58211446e+00 3.40133548e+00
  2.00703812e+00 5.96898222e+00 3.15431809e+00 7.68082047e+00
  2.20421767e+00 0.00000000e+00 4.52555084e+00 2.44323635e+00
  0.00000000e+00 1.38533771e+00 0.00000000e+00 4.43777180e+00
  3.36918569e+00 2.12192822e+00 8.34258258e-01 5.60717726e+00
  9.69587517e+00 2.81318665e+00 5.75553226e+00 2.22317433e+00
  3.43082500e+00 1.29599977e+00 5.16581297e-01 1.76767790e+00
  6.40695572e+00 2.17126799e+00 4.56870317e-01 1.62334499e+01
  2.65944004e+00 2.25227594e+00 8.58556843e+00 5.99601364e+00
  6.53408575e+00 0.00000000e+00 6.82293177e-01 1.04698551e+00
  5.08252271e-02 3.77381897e+00 1.11095750e+00 5.88701069e-01
  4.06024069e-01 2.11444306e+00 2.61745596e+00 2.12990299e-01
  0.00000000e+00 2.24137902e+00 0.00000000e+00 0.00000000e+00
  1.40622139e+00 2.30276442e+00 1.00534763e+01 3.34921300e-01
  0.00000000e+00 4.70239401e-01 1.11828543e-01 3.30156589e+00
  2.86857814e-01 0.00000000e+00 2.94670701e+00 8.52580816e-02
  4.75256622e-01 5.04513204e-01 4.78891999e-01 8.46045911e-01
  3.65916228e+00 5.55712938e+00 2.33473039e+00 1.57948148e+00
  1.14932990e+00 8.05488110e-01 7.74742413e+00 6.59476817e-01
  2.89281940e+00 1.25426733e+00 1.34879837e+01 1.91550687e-01
  2.89315486e+00 1.64903569e+00 7.86902547e-01 1.78400028e+00
  1.11538863e+00 3.26163721e+00 2.74765658e+00 2.96446419e+00
  6.20835829e+00 6.15320206e+00 1.90276108e+01 1.34031737e+00
  1.32304244e-02 2.67921472e+00 1.08137560e+00 7.10114670e+00
  2.34106684e+00 1.72988725e+00 0.00000000e+00 3.61537790e+00
  9.03685093e-01 3.48376840e-01 2.38250661e+00 1.44618082e+00
  3.11695886e+00 2.34651375e+00 9.06611383e-01 5.88277757e-01
  5.01230907e+00 3.99859047e+00 1.08215010e+00 3.73830289e-01
  1.06605494e+00 6.82823360e-01 1.64675274e+01 1.30858934e+00
  6.76905346e+00 4.26504564e+00 1.12184439e+01 9.90810394e-02
  1.74482119e+00 0.00000000e+00 1.03773570e+00 2.28535199e+00
  6.77315331e+00 3.54430676e-01 4.11521387e+00 2.45882535e+00
  2.69119883e+00 1.10415781e+00 2.75440478e+00 6.76160753e-01
  7.39062357e+00 3.99747610e+00 3.81023765e+00 2.56468630e+00
  2.97349006e-01 7.52427161e-01 5.39119005e+00 2.42269665e-01
  2.71958381e-01 5.25850010e+00 3.22637200e+00 3.03889537e+00
  2.28186429e-01 1.37845850e+00 1.84061599e+00 1.67112637e+00
  2.39113545e+00 1.80903256e+00 1.05966063e+01 2.58413911e-01
  2.45921230e+00 1.42803478e+00 3.50303948e-01 4.98420572e+00
  1.00363302e+00 7.05851793e+00 0.00000000e+00 5.55268824e-01
  0.00000000e+00 4.01932764e+00 1.23167634e+00 3.76796556e+00
  0.00000000e+00 5.31300259e+00 3.38429153e-01 1.02556512e-01
  2.01484370e+00 2.22439900e-01 7.46689662e-02 2.80728889e+00
  3.92349362e-01 4.24482679e+00 3.36740106e-01 3.37626028e+00
  3.48277044e+00 1.63748169e+00 7.46561241e+00 8.33700240e-01
  4.74223661e+00 2.50825834e+00 1.02392483e+00 1.11843700e+01
  4.68892241e+00 7.33093500e-01 7.61368561e+00 9.60695076e+00
  2.10405402e-02 4.83335209e+00 7.18970776e+00 1.69940189e-01
  3.92534763e-01 3.52045059e-01 1.12786710e+00 4.85653305e+00
  1.33357227e+00 0.00000000e+00 1.61181700e+00 1.51123559e+00
  2.31752539e+00 0.00000000e+00 5.44837427e+00 2.84022045e+00
  4.53066587e+00 2.78371572e+00 4.96566916e+00 9.50756907e-01
  4.06706285e+00 2.82437515e+00 3.50433683e+00 4.65542078e-01
  4.67880487e+00 9.98278260e-02 0.00000000e+00 5.33760488e-02
  2.64396131e-01 6.90614104e-01 7.83948541e-01 1.42599237e+00
  2.51129270e+00 2.94642067e+00 8.60926151e-01 8.08870983e+00
  7.43888140e+00 1.10472126e+01 5.90040028e-01 1.17075825e+00
  5.96411896e+00 1.25790310e+00 6.90856218e-01 7.20098829e+00
  1.28655419e-01 3.99593592e-01 7.40582108e-01 5.52800083e+00
  0.00000000e+00 8.25229049e-01 6.30045116e-01 9.45722640e-01
  9.48036194e-01 3.40235800e-01 5.53052330e+00 4.08945441e-01
  2.12169796e-01 3.62409997e+00 1.42393947e+00 9.92867768e-01
  1.37738981e+01 8.96802711e+00 5.36093760e+00 2.47388625e+00
  2.41868138e+00 1.87528026e+00 7.02644661e-02 1.68427289e+00
  2.20237851e+00 1.25522983e+00 3.65026116e+00 3.00067115e+00
  2.56005883e-01 4.12824839e-01 1.74260008e+00 2.87084174e+00]]