[[7.30274677e-01 1.40392631e-01 2.15956330e+00 0.00000000e+00
  6.48463786e-01 2.88788652e+00 6.17537832e+00 6.00708055e+00
  2.78747249e+00 6.79383755e-01 6.74988985e+00 1.16148949e+00
  3.47415686e+00 3.80221796e+00 6.77634144e+00 4.77610207e+00
  0.00000000e+00 3.71787524e+00 1.29326689e+00 6.30725682e-01
  1.63989878e+00 2.56855536e+00 7.36779594e+00 1.43976641e+00
  9.70167100e-01 4.50212860e+00 1.05968878e-01 0.00000000e+00
  1.27163196e+00 1.95962417e+00 1.91632524e-01 2.19663453e+00
  3.94883490e+00 6.04665184e+00 8.31161022e-01 1.18374348e+00
  5.12296081e-01 8.45436528e-02 6.03362894e+00 1.95098400e+00
  1.48462772e+00 1.84496045e+00 1.33685362e+00 4.70232391e+00
  8.38959217e-01 4.38310432e+00 6.26107931e+00 3.80536842e+00
  7.75427818e-01 3.25158048e+00 1.40381002e+00 0.00000000e+00
  5.35072029e-01 7.24372342e-02 2.44109106e+00 3.06986749e-01
  2.80554700e+00 9.54828322e-01 0.00000000e+00 1.25203395e+00
  3.55389500e+00 3.32039118e+00 1.17935009e+01 6.86877775e+00
  4.94789124e+00 3.88918900e+00 6.79067224e-02 2.27740073e+00
  4.60840493e-01 2.76043510e+00 3.28100896e+00 0.00000000e+00
  0.00000000e+00 9.87422562e+00 9.68598366e-01 1.27948070e+00
  2.03675461e+00 7.66719803e-02 5.61563969e+00 0.00000000e+00
  3.24452710e+00 3.42253983e-01 8.36218739e+00 4.64241624e-01
  1.43898241e-02 1.95337236e+00 4.11412455e-02 1.93435562e+00
  1.13708282e+00 0.00000000e+00 1.12848892e+01 1.28303564e+00
  0.00000000e+00 2.72784829e+00 4.26390886e+00 1.89117923e-01
  3.81356740e+00 1.24217749e+00 6.46251869e+00 5.01032448e+00
  3.47087479e+00 1.64758825e+00 1.10251427e+01 5.45152235e+00
  2.59430677e-01 0.00000000e+00 8.71410191e-01 3.78439039e-01
  3.10059524e+00 2.07989621e+00 1.40265927e-01 1.18821573e+00
  3.67416352e-01 1.18568884e-02 6.16321675e-02 0.00000000e+00
  6.24355435e-01 5.76862955e+00 1.17355369e-01 1.84325862e+00
  3.41550633e-02 1.79164898e+00 1.83757138e+00 1.17096591e+00
  1.19740162e+01 5.91570735e-01 3.15775901e-01 0.00000000e+00
  3.98175299e-01 7.70805740e+00 1.71816397e+00 1.62730980e+00
  3.68957210e+00 2.09316278e+00 8.34380835e-02 1.13102150e+00
  1.05603769e-01 6.88872814e-01 5.20310593e+00 3.96171761e+00
  4.87079906e+00 1.76031736e-03 0.00000000e+00 1.36254597e+00
  3.49849153e+00 1.20082235e+00 4.07920688e-01 2.71276623e-01
  1.50131166e+00 8.79928693e-02 2.63970375e+00 9.26273242e-02
  4.83799314e+00 1.48324072e+00 0.00000000e+00 8.34397972e-01
  3.69829416e+00 1.10711837e+00 1.57999635e+00 6.46094227e+00
  4.26933676e-01 2.93766856e+00 1.38682950e+00 0.00000000e+00
  3.90852976e+00 1.86336863e+00 8.14796388e-02 8.87607002e+00
  1.36919725e+00 1.78042662e+00 1.30614686e+00 8.41996551e-01
  7.87760258e+00 5.02074623e+00 8.44739318e-01 7.46704161e-01
  2.50444961e+00 5.65709412e-01 1.25644808e+01 1.78054714e+00
  1.84189844e+00 3.50654811e-01 1.91238821e+00 6.28941581e-02
  5.95010328e+00 1.28349590e+00 8.92294228e-01 5.88267326e-01
  1.66760266e+00 3.63720679e+00 1.29868075e-01 1.26760781e+00
  0.00000000e+00 1.05697000e+00 6.10106182e+00 6.05452013e+00
  1.66733193e+00 1.03508592e+00 7.37615108e+00 0.00000000e+00
  1.56578791e+00 1.62943006e+00 0.00000000e+00 3.93076718e-01
  2.62015820e+00 7.24167824e-01 1.11647034e+00 2.67432541e-01
  5.09909058e+00 1.35261655e+00 2.93426919e+00 3.40246701e+00
  1.08477399e-01 7.61551380e+00 0.00000000e+00 5.96730769e-01
  5.67652130e+00 7.21253157e-01 1.14947605e+00 2.23308587e+00
  3.64658308e+00 4.35345030e+00 4.88665485e+00 5.91721058e-01
  1.91521585e-01 6.98150933e-01 2.96551943e+00 4.12752914e+00
  2.17750502e+00 1.78596303e-01 7.03466356e-01 2.21030784e+00
  1.32359815e+00 2.40580320e+00 3.22228575e+00 0.00000000e+00
  1.81861126e+00 4.68353748e+00 7.95490801e-01 2.42766743e+01
  1.37200177e+00 0.00000000e+00 5.06093311e+00 2.27473211e+00
  7.18582451e-01 1.94295864e+01 1.22797756e+01 4.88045603e-01
  2.66963172e+00 1.93599625e+01 4.53050971e-01 2.04139042e+00
  1.91630960e+00 2.36257863e+00 3.88757968e+00 0.00000000e+00
  9.70238805e-01 8.43503475e+00 3.14936900e+00 4.09564304e+00
  3.57038188e+00 3.31010461e+00 0.00000000e+00 1.31912315e+00
  7.85572910e+00 0.00000000e+00 2.53416777e-01 5.81169188e-01
  5.89923486e-02 2.40121508e+00 1.31506789e+00 0.00000000e+00
  6.72846603e+00 9.43832815e-01 2.48522520e+00 3.42536855e+00
  8.78067398e+00 1.67995080e-01 0.00000000e+00 5.42969286e-01
  6.33766699e+00 1.24318087e+00 5.03392792e+00 0.00000000e+00
  2.71522927e+00 1.88192654e+00 7.23515701e+00 3.96878386e+00
  3.95931172e+00 5.08203459e+00 0.00000000e+00 0.00000000e+00
  3.31715882e-01 6.56522465e+00 1.19964659e+00 7.99077940e+00
  2.82104015e+00 1.51825571e+00 9.81225133e-01 0.00000000e+00
  1.68521678e+00 3.15229869e+00 1.19185317e+00 0.00000000e+00
  8.27589393e-01 6.03562021e+00 3.14589357e+00 1.83680677e+00
  3.12421250e+00 9.44693983e-02 5.59735966e+00 4.24897766e+00
  2.49898419e-01 4.33796310e+00 2.95527172e+00 7.53217757e-01
  7.23745227e-01 1.06590004e+01 0.00000000e+00 9.03833508e-02
  6.85227156e-01 5.39148283e+00 2.50925231e+00 1.56032348e+00
  1.87335253e-01 3.56220984e+00 5.72421265e+00 5.68828166e-01
  5.02574325e-01 2.55770445e+00 1.14770725e-01 2.80369759e+00
  7.20289275e-02 7.41638660e-01 4.96528673e+00 1.03553247e+00
  8.40591133e-01 6.08475065e+00 0.00000000e+00 1.64870155e+00
  3.70186543e+00 2.46257633e-02 5.25103521e+00 1.72905549e-01
  1.62871659e+00 2.50560427e+00 1.61537206e+00 0.00000000e+00
  4.90679562e-01 1.89278230e-01 1.73955355e-02 0.00000000e+00
  3.11715722e-01 5.19586992e+00 1.86249340e+00 1.50583506e-01
  0.00000000e+00 5.32673264e+00 3.04581428e+00 9.84758064e-02
  1.08526239e+01 2.74319863e+00 6.57086730e-01 2.29355097e+00
  8.40424347e+00 1.43036735e+00 5.67137814e+00 0.00000000e+00
  0.00000000e+00 0.00000000e+00 0.00000000e+00 1.57275271e+00
  6.58532858e+00 4.58280039e+00 0.00000000e+00 6.09642088e-01
  1.93358731e+00 9.03935432e+00 0.00000000e+00 1.07102537e+01
  7.61260319e+00 1.10761201e+00 6.50807524e+00 1.56733394e+00
  2.97256804e+00 0.00000000e+00 1.71523035e+00 8.82679045e-01
  3.37281138e-01 4.19208097e+00 3.25603336e-01 7.45477724e+00
  2.22801995e+00 1.16101289e+00 0.00000000e+00 1.75485396e+00
  3.49710608e+00 3.08514309e+00 1.04705572e+00 5.09538984e+00
  2.71223450e+00 4.79600382e+00 1.04751086e+00 4.78403044e+00
  2.97460437e+00 5.24924088e+00 1.81892395e-01 5.58054018e+00
  3.11725005e-03 1.52285910e+00 4.97260380e+00 4.48788226e-01
  4.15207505e-01 2.29038939e-01 0.00000000e+00 1.04462123e+00
  2.78409541e-01 3.87899190e-01 2.33267808e+00 1.63615572e+00
  5.16177595e-01 6.38668120e-01 1.08973465e+01 7.99348354e+00
  1.12842238e+00 1.77764082e+00 1.94638050e+00 3.03292871e+00
  0.00000000e+00 0.00000000e+00 4.22806561e-01 9.94774938e-01
  9.75436974e+00 2.70264983e+00 2.54083085e+00 3.90139985e+00
  1.40345061e+00 4.39202249e-01 2.72742897e-01 1.36252534e+00
  6.11517429e-01 0.00000000e+00 7.99644887e-02 1.92603052e+00
  0.00000000e+00 1.95279121e-01 1.58453977e+00 2.84382796e+00
  3.82753181e+00 5.34488916e-01 0.00000000e+00 3.25352168e+00
  1.87022853e+00 8.71217537e+00 6.33639193e+00 1.03857028e+00
  1.05785599e+01 2.02833995e-01 1.02996063e+00 8.45750904e+00
  3.64605300e-02 4.16860819e+00 4.51067066e+00 1.98201203e+00
  4.74625301e+00 2.54007483e+00 3.28271359e-01 1.56536680e-02
  1.18127918e+01 1.30263257e+00 1.51883852e+00 1.82342529e+00
  5.78094900e-01 4.83898592e+00 1.53273416e+00 3.64716935e+00
  0.00000000e+00 5.21663666e+00 1.95895636e+00 7.27069676e-01
  0.00000000e+00 7.04375219e+00 9.66639519e+00 4.35651350e+00
  5.64526439e-01 1.33715165e+00 5.86365318e+00 1.61373699e+00
  5.25216870e-02 3.03305805e-01 3.79491591e+00 3.32498097e+00
  3.56031871e+00 4.49753189e+00 3.08809543e+00 4.11161423e+00
  4.05127317e-01 9.09387112e+00 3.82831931e+00 6.79283905e+00
  1.13118010e+01 8.72025788e-01 5.38541126e+00 2.23091555e+00
  1.89743125e+00 1.80103695e+00 1.75315075e+01 8.47451508e-01
  4.93435097e+00 4.96749461e-01 2.28375816e+00 1.95891571e+00]]