[[1.26341057e+00 3.54203415e+00 4.79143095e+00 2.42451906e+00
  1.78966832e+00 3.39175105e+00 1.72566307e+00 8.10875416e+00
  2.66580915e+00 3.56817317e+00 1.54502106e+00 1.92579091e+00
  6.39280844e+00 1.75695443e+00 1.63393211e+00 2.50838351e+00
  6.64761901e-01 2.21548033e+00 6.13570631e-01 2.98664737e+00
  4.11775172e-01 1.21473475e+01 1.09936452e+00 4.99987841e+00
  4.44192141e-01 1.83278418e+00 3.68660665e+00 1.02848215e+01
  3.77477735e-01 1.08291113e+00 2.81736469e+00 8.06791425e-01
  1.24309945e+00 2.57430792e+00 1.44188719e+01 7.24527538e-01
  1.30591178e+00 0.00000000e+00 5.46760893e+00 6.76636076e+00
  2.37067342e+00 4.70016479e-01 5.11706686e+00 4.28476286e+00
  0.00000000e+00 3.55718881e-02 1.90790802e-01 4.78362513e+00
  9.09300506e-01 0.00000000e+00 5.87325573e+00 2.74769068e+00
  1.33639002e+00 1.88977495e-01 2.03250694e+00 3.65367621e-01
  8.87517071e+00 0.00000000e+00 2.93276072e+00 0.00000000e+00
  3.42380911e-01 3.14958405e+00 1.37394094e+00 4.77966452e+00
  3.56693417e-01 3.89075613e+00 0.00000000e+00 3.33213098e-02
  2.74880481e+00 9.92805511e-02 6.31720543e+00 7.98913598e-01
  2.47567153e+00 3.04865503e+00 3.23715091e+00 3.32303548e+00
  2.62728333e-01 3.22869539e+00 2.29800010e+00 4.94836092e+00
  0.00000000e+00 3.81394124e+00 2.57090122e-01 5.06877279e+00
  6.87310171e+00 1.25277719e+01 4.05806971e+00 1.86705172e+00
  2.11113620e+00 4.83750057e+00 2.85220683e-01 2.37473917e+00
  3.88194156e+00 1.05601387e+01 5.10580778e+00 2.88323236e+00
  2.39354110e+00 2.79787213e-01 4.16469425e-01 4.10905212e-01
  3.35966200e-01 8.59582245e-01 1.33460331e+01 5.08935499e+00
  1.91942871e-01 0.00000000e+00 1.43351948e+00 3.83776736e+00
  1.02464008e+00 4.64936972e+00 5.80154300e-01 7.63855755e-01
  4.30123329e+00 8.64059687e-01 5.47216129e+00 3.03417897e+00
  5.95162964e+00 4.05370057e-01 0.00000000e+00 2.29651260e+00
  8.27112794e-01 2.79519343e+00 0.00000000e+00 2.90371680e+00
  1.88203824e+00 2.94608450e+00 3.64428186e+00 9.56938386e-01
  7.38760054e-01 6.42244864e+00 6.21844101e+00 3.30697417e+00
  1.35718501e+00 4.95038700e+00 1.57474732e+00 2.41293955e+00
  1.90700793e+00 3.47907364e-01 2.74728835e-01 4.79208517e+00
  1.32244217e+00 1.20058167e+00 2.53304720e+00 4.07417822e+00
  4.07819176e+00 1.91183126e+00 4.83891582e+00 6.36750996e-01
  1.23999216e-01 1.84065418e+01 0.00000000e+00 1.14363842e+01
  2.71872450e-02 3.45139122e+00 4.33774519e+00 7.29126549e+00
  0.00000000e+00 3.92193604e+00 2.02465200e+00 2.25218320e+00
  3.69637060e+00 0.00000000e+00 4.42413807e+00 6.12359762e-01
  0.00000000e+00 4.86427927e+00 1.94753146e+00 5.70893168e-01
  3.20747584e-01 8.11789870e-01 4.83455956e-01 8.32994580e-01
  6.43602753e+00 1.13524990e+01 3.14423394e+00 1.67028546e+00
  0.00000000e+00 0.00000000e+00 8.46828651e+00 6.06800938e+00
  4.12856013e-01 1.46190965e+00 5.53933859e+00 2.95233178e+00
  4.61418581e+00 9.55642998e-01 3.02651405e+00 8.96159112e-01
  7.63596582e+00 1.76742768e+00 1.98495734e+00 2.95055103e+00
  4.15608025e+00 3.34663916e+00 4.49155283e+00 2.24198914e+00
  3.57301712e+00 0.00000000e+00 5.91648960e+00 0.00000000e+00
  9.11229801e+00 4.41724730e+00 7.68294513e-01 3.11342150e-01
  1.88382006e+00 0.00000000e+00 5.30272627e+00 8.04090118e+00
  2.93591648e-01 1.28378935e+01 4.40699673e+00 9.99195222e-03
  6.72950149e-01 1.02866960e+00 1.31879463e+01 2.36068532e-01
  2.34577417e+00 3.30380499e-01 4.47189301e-01 1.03584862e+00
  1.18631182e+01 2.63605547e+00 3.42692780e+00 1.51870513e+00
  1.36632788e+00 1.65949857e+00 2.70391607e+00 2.96346641e+00
  8.17344069e-01 3.00600147e+00 2.04656303e-01 1.16527951e+00
  1.10051966e+01 0.00000000e+00 2.65762389e-01 3.54804468e+00
  4.36392164e+00 2.25284362e+00 0.00000000e+00 3.36770043e-02
  5.48666382e+00 5.86607885e+00 7.32525587e+00 3.85665822e+00
  1.48604119e+00 7.88868618e+00 5.79392970e-01 1.00020504e+00
  4.52305555e-01 0.00000000e+00 1.16816354e+00 2.23971462e+00
  0.00000000e+00 1.88529038e+00 7.18408346e+00 1.68451095e+00
  3.21565658e-01 1.83217242e-01 7.67068028e-01 3.24932843e-01
  2.22225055e-01 4.27791297e-01 3.52630043e+00 6.08908224e+00
  9.48304385e-02 6.71419859e-01 5.56441784e+00 5.19370985e+00
  1.75023508e+00 4.27019405e+00 1.95648968e+00 1.36423242e+00
  1.33786052e-01 2.06193566e-01 5.58512449e-01 0.00000000e+00
  3.70675540e+00 1.07005930e+01 1.07651782e+00 8.30591381e-01
  8.24133015e+00 1.11066532e+01 2.09167719e+00 7.25802040e+00
  2.53885686e-01 9.89932641e-02 7.54072714e+00 5.51542711e+00
  2.29811311e+00 7.12018061e+00 2.70663571e+00 3.03240156e+00
  6.80657291e+00 4.30150223e+00 3.55633569e+00 3.74028802e+00
  0.00000000e+00 3.22130656e+00 0.00000000e+00 4.65047359e+00
  1.77626348e+00 4.09302330e+00 9.14122295e+00 8.10337830e+00
  3.52537942e+00 5.59904718e+00 7.84988642e+00 4.13169622e+00
  2.15091300e+00 1.64684010e+00 1.00121653e+00 5.16272020e+00
  2.48275232e+00 2.26608562e+00 1.50752473e+00 1.79135847e+00
  0.00000000e+00 1.77791882e+00 4.85046339e+00 2.35540557e+00
  3.57453562e-02 6.04161918e-01 1.32610285e+00 6.97742367e+00
  7.70094585e+00 2.43372589e-01 4.57917309e+00 6.13183260e+00
  2.50974011e+00 1.56063092e+00 3.79815459e+00 3.69310737e+00
  6.98248208e-01 3.23328733e+00 3.38653851e+00 3.54909992e+00
  0.00000000e+00 3.53778064e-01 5.53479767e+00 4.50672674e+00
  1.77402079e+00 7.19957054e-01 1.86038113e+00 2.38713336e+00
  1.31856692e+00 1.46564627e+00 5.56808901e+00 1.69986522e+00
  2.33294320e+00 2.92723203e+00 1.18299618e-01 0.00000000e+00
  2.43560925e-01 9.21047509e-01 1.38928998e+00 1.34136343e+00
  7.29753351e+00 1.32964596e-01 1.24627531e+00 2.76478744e+00
  1.74165459e+01 8.18433404e-01 1.13521159e+00 2.81954622e+00
  3.13012624e+00 0.00000000e+00 5.79432917e+00 1.54362097e-01
  4.36455345e+00 1.37289989e+00 8.97642076e-01 7.22286463e-01
  0.00000000e+00 1.43143725e+00 9.24761295e-01 5.59925854e-01
  1.88077545e+00 0.00000000e+00 6.11347866e+00 1.16926789e+00
  4.91080731e-01 7.72621250e+00 7.45848417e+00 1.67920113e+00
  5.47471333e+00 5.35615587e+00 2.07605362e+00 1.25609744e+00
  1.02679276e+00 5.69126654e+00 5.52855492e+00 2.46470976e+00
  1.07331572e+01 2.12711409e-01 2.00475073e+00 1.11721635e+00
  6.10268377e-02 1.03541410e+00 6.62398100e+00 4.57295370e+00
  1.56075180e+00 8.64039421e+00 2.81817412e+00 7.73585558e-01
  4.87077761e+00 3.47911805e-01 1.89004362e+00 1.91772497e+00
  0.00000000e+00 2.45457247e-01 1.01789923e+01 3.48712182e+00
  5.58004320e-01 0.00000000e+00 4.10599947e-01 0.00000000e+00
  1.47259104e+00 3.53770041e+00 3.53850603e+00 1.19618917e+00
  0.00000000e+00 1.25388193e+00 1.97124743e+00 1.79606724e+00
  1.88234761e-01 1.34806061e+00 0.00000000e+00 1.33237135e+00
  9.69071960e+00 5.81613970e+00 1.15929432e+01 4.69014120e+00
  6.66606188e-01 1.05511799e+01 6.51777411e+00 0.00000000e+00
  2.35971522e+00 3.72658879e-01 4.26730537e+00 9.59305286e-01
  3.62520123e+00 1.88373432e+01 1.59033507e-01 9.58076537e-01
  2.57385039e+00 6.94243431e+00 1.15891361e+00 2.21510625e+00
  2.99351603e-01 9.42738652e-02 9.35853124e-01 1.87230790e+00
  3.21566606e+00 1.75271499e+00 7.15016556e+00 6.92363501e-01
  5.83628893e-01 4.70107421e-02 4.01056480e+00 5.06812239e+00
  0.00000000e+00 3.45823145e+00 0.00000000e+00 1.95172822e+00
  1.04357854e-01 8.31579304e+00 2.31800413e+00 3.38839483e+00
  7.47100830e-01 1.76705611e+00 1.02516912e-01 2.16109657e+00
  6.67854071e+00 3.67986131e+00 5.06939316e+00 6.75892472e-01
  9.86038521e-02 1.93196726e+00 1.70989287e+00 2.11540389e+00
  2.37522975e-01 8.99830580e-01 7.34719276e+00 0.00000000e+00
  0.00000000e+00 0.00000000e+00 1.60931945e-01 1.51706502e-01
  1.60201406e+00 9.43260789e-01 3.51914263e+00 3.70927191e+00
  5.16975224e-01 3.82537603e+00 8.47866344e+00 8.50496948e-01
  4.83225584e-01 0.00000000e+00 7.78638983e+00 1.27118492e+00
  7.61338234e-01 9.67408061e-01 3.97565030e-02 9.65521216e-01
  2.46260262e+00 4.46495485e+00 3.10323501e+00 4.29529142e+00
  3.33909720e-01 7.55309820e+00 1.41183877e+00 0.00000000e+00]]