[[3.48485440e-01 1.73502314e+00 4.66170406e+00 0.00000000e+00
  5.19281864e-01 2.53509545e+00 8.47593784e-01 3.20590091e+00
  7.65504956e-01 2.55224071e-02 4.65983963e+00 5.64256907e-01
  3.99367288e-02 1.92475140e+00 2.95587093e-01 8.59268093e+00
  1.51437521e+00 2.29118794e-01 4.98304510e+00 2.77195334e+00
  6.72437096e+00 1.54717579e+01 2.38290224e-02 3.14634234e-01
  2.79187727e+00 1.15785770e+01 5.26622355e-01 6.32529020e+00
  0.00000000e+00 1.21088195e+00 1.11067438e+00 3.71562386e+00
  7.51183081e+00 8.73620033e+00 3.69241834e-01 4.15144825e+00
  1.10690820e+00 9.40758828e-03 5.81317377e+00 8.60563934e-01
  4.01258993e+00 9.51628685e-01 2.11907879e-01 2.95044422e+00
  2.41236258e+00 2.23980379e+00 1.72565913e+00 0.00000000e+00
  1.02987814e+01 1.24380708e+00 1.36370814e+00 1.80364084e+00
  5.46693444e-01 1.90886652e+00 2.71450782e+00 2.24949980e+00
  3.03376961e+00 3.65579343e+00 4.25915861e+00 0.00000000e+00
  3.04299861e-01 1.55451164e-01 7.14060450e+00 1.45517874e+00
  2.27006149e+00 1.01050413e+00 0.00000000e+00 2.71461058e+00
  1.55859184e+00 1.94015980e+00 6.34884882e+00 5.05591273e-01
  1.99342954e+00 9.86623764e+00 2.95794368e+00 3.89015943e-01
  3.81592304e-01 2.13302207e+00 6.75058842e-01 2.65555930e+00
  3.06846708e-01 3.33205605e+00 6.20969820e+00 4.09351254e+00
  4.23798990e+00 7.28699303e+00 7.61447763e+00 3.82688224e-01
  2.97113633e+00 0.00000000e+00 6.25502396e+00 1.21476889e+00
  3.78741175e-01 3.51466870e+00 1.26211751e+00 5.91706932e-01
  6.18557453e-01 4.84160709e+00 1.02024984e+01 1.04972494e+00
  0.00000000e+00 1.01688981e+00 7.34388161e+00 4.20440102e+00
  2.42195681e-01 5.03841162e+00 1.19906819e+00 2.76755476e+00
  6.82857335e-01 2.54113579e+00 2.70903802e+00 2.35947862e-01
  2.29680061e-01 1.29111075e+00 2.85831380e+00 2.44647160e-01
  3.60069084e+00 2.22925639e+00 3.64230371e+00 5.16649961e+00
  3.65382957e+00 1.74034357e+00 0.00000000e+00 1.44029894e+01
  0.00000000e+00 8.81560135e+00 6.63367939e+00 1.37124038e+00
  4.18465996e+00 1.27871122e+01 2.65402937e+00 2.28679466e+00
  4.47367573e+00 1.69988859e+00 0.00000000e+00 2.40159345e+00
  3.37779671e-02 8.18170235e-02 2.24407935e+00 1.46268916e+00
  1.45136154e+00 4.05516291e+00 5.15283155e+00 7.01517963e+00
  2.01381636e+00 8.31630468e-01 1.40453136e+00 5.55872142e-01
  2.63605452e+00 1.43391716e+00 2.24649286e+00 1.51306927e+00
  4.24764824e+00 1.94260269e-01 3.77037197e-01 4.22221899e+00
  1.47699833e+00 5.37371969e+00 9.34505388e-02 3.09548354e+00
  1.42708111e+00 5.09865856e+00 5.79776001e+00 8.89046478e+00
  7.17354774e+00 4.28484726e+00 8.28370675e-02 1.90333867e+00
  2.30789638e+00 2.47383285e+00 0.00000000e+00 1.83805788e+00
  4.06083107e+00 3.52341008e+00 2.89960027e+00 4.98692465e+00
  0.00000000e+00 1.24922729e+00 8.53014565e+00 3.21279979e+00
  1.31276560e+00 1.20244157e+00 1.72580731e+00 2.99740720e+00
  7.92634130e-01 7.31745899e-01 9.12975729e-01 4.55708027e+00
  2.08120751e+00 2.15177727e+00 5.35296559e-01 1.95237112e+00
  7.75014114e+00 1.52503529e+01 5.13404548e-01 1.11462510e+00
  2.01999933e-01 1.54250085e+00 1.49758673e+00 0.00000000e+00
  5.90715122e+00 0.00000000e+00 0.00000000e+00 1.90181971e-01
  2.77410984e+00 3.30090523e+00 6.46551514e+00 0.00000000e+00
  1.34591889e+00 5.27693319e+00 1.70012820e+00 2.25446150e-01
  6.58734202e-01 4.21153498e+00 1.66241169e+00 0.00000000e+00
  1.34184158e+00 2.42190528e+00 1.68430090e-01 3.41376376e+00
  4.52908993e+00 7.33173895e+00 3.15699744e+00 5.47350109e-01
  3.27657700e+00 3.24982882e-01 2.29963183e+00 1.55570281e+00
  5.09946156e+00 6.90788317e+00 2.04215765e+00 4.37021017e+00
  3.43798310e-01 2.89408378e-02 4.46816921e+00 6.22071266e-01
  7.07903433e+00 2.40007567e+00 1.80354118e-02 5.85932374e-01
  1.90862131e+00 1.25910357e-01 1.21078119e-01 2.87343788e+00
  1.01772559e+00 5.50312090e+00 8.43121147e+00 3.53244632e-01
  6.96468771e-01 4.22128534e+00 4.77863312e+00 4.34933901e+00
  4.52936649e-01 5.16465282e+00 5.88147736e+00 1.13453465e+01
  5.30541062e-01 4.93817806e-01 3.90910125e+00 2.55275369e+00
  3.96963745e-01 1.49258459e+00 9.76660326e-02 7.63366222e-01
  2.78581357e+00 3.42469287e+00 3.90732217e+00 3.00921941e+00
  7.25390196e+00 2.28703880e+00 3.00477314e+00 4.01725388e+00
  3.88293982e-01 8.14322591e-01 6.61301136e-01 1.18313119e-01
  1.23576174e+01 6.02523983e-01 7.46095181e-02 1.09176636e+01
  5.34566116e+00 5.25638771e+00 7.00187016e+00 8.23713875e+00
  5.14972687e+00 0.00000000e+00 9.14497089e+00 6.50556922e-01
  9.64289129e-01 3.16184592e+00 3.47912580e-01 4.50941175e-01
  6.14046192e+00 3.72437096e+00 3.11127615e+00 8.21210384e-01
  3.94804978e+00 1.20146461e-01 1.18962660e-01 0.00000000e+00
  2.91782570e+00 7.78680086e+00 4.86811686e+00 4.55686063e-01
  5.84971547e-01 5.36426008e-01 3.77323687e-01 1.21273863e+00
  5.20577669e-01 4.86623526e+00 5.28584051e+00 2.87879968e+00
  2.53375173e+00 1.14116061e+00 1.19219656e+01 1.04338241e+00
  1.28017783e+00 1.35826082e+01 1.56410694e+00 8.16350520e-01
  1.10813770e+01 4.38404608e+00 3.07784724e+00 1.12096524e+00
  4.84987164e+00 1.17004943e+00 5.71861219e+00 2.13585213e-01
  3.25186539e+00 3.28998089e-01 6.72426522e-01 9.71903706e+00
  6.21779442e-01 9.69458222e-01 5.20259237e+00 2.01728725e+00
  6.71530664e-01 2.62649608e+00 1.00825071e+01 4.08007956e+00
  1.30913222e+00 1.13207781e+00 2.26030350e+00 2.45581913e+00
  3.42915034e+00 4.48968172e+00 2.27257705e+00 2.13267851e+00
  2.22287822e+00 2.65736985e+00 0.00000000e+00 3.04800630e+00
  1.00039196e+01 2.78500032e+00 5.35342598e+00 7.16929555e-01
  2.55358005e+00 7.37933159e+00 1.53234768e+00 3.27861398e-01
  8.80854225e+00 0.00000000e+00 6.78186342e-02 2.08156323e+00
  1.00966825e+01 1.96733162e-01 1.56959991e+01 1.15614802e-01
  1.89480651e-02 5.83475351e+00 4.62111503e-01 1.18752897e+00
  4.00809860e+00 1.84621775e+00 6.10748434e+00 6.81829596e+00
  5.99814415e+00 4.16436911e+00 2.04710774e-02 3.57574773e+00
  1.40342188e+00 1.13075285e+01 1.53677166e+00 1.29615569e+00
  6.52229607e-01 1.11548269e+00 5.34696388e+00 9.38550651e-01
  3.70672733e-01 6.57695484e+00 1.21883879e+01 3.27368760e+00
  7.22386897e-01 2.11121154e+00 3.44101548e-01 4.70254183e+00
  2.24534488e+00 5.61888337e-01 4.03579998e+00 2.63199997e+00
  6.40861893e+00 1.36235104e+01 3.54737282e+00 3.39332104e+00
  3.38521218e+00 4.76694107e+00 0.00000000e+00 6.87938392e-01
  1.88250244e-01 4.57982600e-01 9.93396282e+00 4.04090738e+00
  1.46317458e+00 3.11313248e+01 3.37743139e+00 3.30729961e+00
  1.52413428e+00 7.02290297e+00 1.62336981e+00 1.94897830e-01
  2.34204039e-01 8.93215179e+00 3.03003764e+00 7.69072342e+00
  5.56846905e+00 7.03867960e+00 7.21106625e+00 1.40869606e+00
  4.13449335e+00 1.78450608e+00 3.54650259e+00 8.67349815e+00
  2.04343166e+01 1.63832951e+00 2.98407167e-01 2.04094219e+00
  6.16017723e+00 1.66591331e-01 4.70323658e+00 3.96996021e+00
  3.23646212e+00 4.83847037e-02 7.96121001e-01 1.26664677e+01
  1.71447799e-01 4.73826416e-02 2.12780476e+00 1.70825970e+00
  0.00000000e+00 1.44735014e+00 3.65660310e+00 2.97010064e-01
  5.66623735e+00 2.71646690e+00 1.12562819e+01 1.16849452e-01
  4.30835390e+00 4.64562750e+00 3.37614465e+00 1.16774395e-01
  2.07666516e+00 0.00000000e+00 1.02323997e+00 2.69212747e+00
  1.32939386e+00 5.13172150e-02 1.16409874e+00 3.32715416e+00
  4.06063032e+00 3.18003178e-01 0.00000000e+00 9.11344215e-02
  2.79796076e+00 1.10848475e+01 1.38675642e+00 2.60164291e-01
  4.05891991e+00 5.80919647e+00 4.16112137e+00 2.16323352e+00
  0.00000000e+00 2.41522640e-02 2.46507478e+00 2.55902946e-01
  1.35510862e-01 9.44674683e+00 2.80746818e-01 1.21258318e+00
  2.15784550e+00 1.83787704e+00 2.38869214e+00 1.46483431e+01
  2.36464009e-01 0.00000000e+00 9.32336509e-01 2.84256887e+00
  4.29768229e+00 1.01456184e+01 3.19619274e+00 2.95582891e+00
  9.18765813e-02 1.67405695e-01 4.33623505e+00 5.69309664e+00
  7.44626331e+00 1.85205564e-01 3.97113729e+00 3.54138660e+00
  1.40150142e+00 6.11812413e-01 7.51237392e+00 0.00000000e+00]]