[[0.00000000e+00 7.36814785e+00 1.68465936e+00 2.37558866e+00
  2.11102581e+00 7.46114159e+00 1.21454964e+01 3.14066458e+00
  9.43319225e+00 9.46423531e-01 3.59049273e+00 4.52145815e-01
  1.28074750e-01 6.35273981e+00 0.00000000e+00 7.86962938e+00
  2.78268433e+00 7.10046217e-02 2.39509702e+00 5.37376976e+00
  5.92497730e+00 4.76994991e+00 2.43535542e+00 3.82274278e-02
  2.65269446e+00 1.35873337e+01 2.87776917e-01 3.07001519e+00
  8.62213969e-01 2.93743342e-01 2.07530904e+00 3.77170354e-01
  1.87306118e+00 1.44592371e+01 1.98244059e+00 1.57967281e+00
  1.03891766e+00 7.13484064e-02 3.32291555e+00 3.58170927e-01
  2.31477404e+00 3.83731508e+00 7.36999273e-01 5.58541822e+00
  1.83320272e+00 7.62404978e-01 7.85387754e-01 1.71723723e+00
  2.83692098e+00 1.58805537e+00 2.63462842e-01 2.36640716e+00
  5.61070204e-01 2.55856848e+00 4.01860142e+00 2.88558245e+00
  3.20065522e+00 1.06387281e+01 2.19985199e+00 8.07489753e-02
  3.13951582e-01 9.98400390e-01 5.29296827e+00 8.79421329e+00
  2.59092301e-02 2.71166301e+00 5.31241179e-01 1.92758923e+01
  1.99977267e+00 2.09776878e+00 1.13677025e+00 2.83043408e+00
  1.65246165e+00 3.14608741e+00 1.42869163e+00 2.80263448e+00
  1.67194754e-01 4.10223365e-01 3.92671943e-01 7.13760328e+00
  2.68218255e+00 1.13329303e+00 9.21405697e+00 8.82120728e-02
  5.58348751e+00 7.12912321e+00 6.06608856e-03 2.65656173e-01
  9.39715481e+00 0.00000000e+00 1.00438452e+01 8.71310139e+00
  1.63195586e+00 4.70307922e+00 4.50147390e+00 2.00881124e+00
  3.04615140e+00 6.43732071e+00 8.68533325e+00 1.87769580e+00
  0.00000000e+00 2.67526269e+00 4.22678185e+00 3.64653754e+00
  4.22309780e+00 5.04560709e+00 6.32820070e-01 9.71820772e-01
  4.76642179e+00 1.20084977e+00 6.66812992e+00 1.44837403e+00
  7.31322050e-01 2.56898737e+00 3.60654473e+00 1.18776608e+00
  1.01825466e+01 4.15795898e+00 5.12812185e+00 4.10115290e+00
  1.35553348e+00 1.24833143e+00 8.54175150e-01 1.28509264e+01
  1.42666519e-01 2.47870588e+00 7.78132343e+00 0.00000000e+00
  9.43618965e+00 2.92405338e+01 4.17860079e+00 1.32437277e+00
  1.45738363e+01 1.95651543e+00 6.72007024e-01 1.08882213e+00
  1.81607449e+00 4.97757673e-01 2.03000140e+00 5.20959997e+00
  8.91704142e-01 1.78448141e+00 3.74538350e+00 8.18187809e+00
  0.00000000e+00 1.71495175e+00 2.73444176e+00 1.12149858e+00
  2.86271667e+00 8.44663143e-01 1.64517298e-01 8.32018852e+00
  6.74261045e+00 1.13878489e+00 2.82225907e-01 7.30412340e+00
  1.21835816e+00 3.07976365e+00 9.23471868e-01 2.13419557e+00
  1.10423066e-01 3.23035240e+00 7.46919632e+00 4.14895391e+00
  1.52350874e+01 4.18009806e+00 3.44013840e-01 1.71915174e+00
  1.44568741e+00 1.93453896e+00 2.27367496e+00 4.75437164e+00
  2.45639229e+00 8.18411160e+00 1.98803771e+00 5.92830992e+00
  2.45936108e+00 2.14154458e+00 2.07935753e+01 3.43223977e+00
  2.29966712e+00 1.83535367e-01 1.17013588e+01 3.50000429e+00
  1.15394458e-01 1.36320496e+00 6.94980085e-01 3.34565806e+00
  4.86221552e+00 1.50183880e+00 1.70917463e+00 3.26185748e-02
  9.37241364e+00 1.36006184e+01 4.48862648e+00 1.48717478e-01
  4.28734332e-01 2.90504551e+00 7.39863110e+00 7.60832578e-02
  6.30194485e-01 9.25841808e-01 2.84170938e+00 1.96463919e+00
  5.91999340e+00 2.50358462e+00 3.49099851e+00 4.86702633e+00
  1.34656203e+00 7.05559826e+00 1.39409959e+00 7.76479244e+00
  2.12443686e+00 5.51289225e+00 3.46296400e-01 3.01931530e-01
  7.72811592e-01 1.38359714e+00 9.34514403e-02 2.22967362e+00
  2.30091020e-01 3.75838447e+00 1.56204188e+00 4.91138315e+00
  0.00000000e+00 3.54792070e+00 2.53150320e+00 3.41185033e-01
  6.44871998e+00 1.01953125e+00 3.26259160e+00 4.09020472e+00
  2.52925801e+00 4.07143354e+00 5.15204144e+00 2.37674928e+00
  3.34396064e-01 1.22252550e+01 4.17347145e+00 9.00118053e-01
  2.09896296e-01 1.17756844e+00 1.29085374e+00 2.34237051e+00
  3.07528353e+00 9.16492176e+00 6.64750576e+00 1.19210148e+00
  2.10750628e+00 5.18535089e+00 1.23277831e+00 2.20085120e+00
  1.62362731e+00 5.24231815e+00 1.91208029e+00 0.00000000e+00
  4.15363312e+00 5.36457539e+00 1.31240809e+00 2.22199440e+00
  2.01277757e+00 4.31045008e+00 0.00000000e+00 4.20520353e+00
  1.78350937e+00 7.56948769e-01 5.13228512e+00 6.63377142e+00
  9.24084568e+00 9.61280525e-01 4.70404673e+00 4.94921245e-02
  1.34440327e+00 6.77735090e-01 3.33952165e+00 2.12388396e+00
  1.13807869e+01 2.95195889e+00 2.36019328e-01 7.27459335e+00
  4.09524393e+00 8.11053848e+00 1.00059214e+01 9.00112748e-01
  3.73143166e-01 1.76350147e-01 1.40514164e+01 2.63124609e+00
  4.24747753e+00 2.19652578e-01 3.82395148e-01 2.98728824e+00
  1.24148417e+00 3.38969660e+00 3.52031231e+00 4.14374828e+00
  1.69431818e+00 7.80399084e-01 1.41950703e+00 7.50309408e-01
  9.64391613e+00 3.44142985e+00 6.83767748e+00 1.38789964e+00
  1.90739644e+00 2.41412115e+00 4.32114935e+00 1.71060705e+00
  2.07009506e+00 8.99800181e-01 5.22079515e+00 1.72902918e+00
  7.68875599e-01 1.16312969e+00 9.63941097e+00 1.94323921e+00
  6.34870243e+00 1.28599110e+01 2.83777094e+00 3.50981927e+00
  9.05079651e+00 2.02666354e+00 3.12833929e+00 4.87129784e+00
  6.97020006e+00 1.05734801e+00 9.82332325e+00 0.00000000e+00
  1.18596174e-01 6.37032509e+00 5.53578138e-01 9.24610806e+00
  3.84609985e+00 1.96246386e+00 1.34685316e+01 9.66308057e-01
  1.12547600e+00 3.62183118e+00 2.16484356e+00 5.75784636e+00
  3.59966278e-01 3.35461915e-01 1.43727005e+00 1.57508850e+00
  2.24676585e+00 5.64912796e+00 1.45412296e-01 0.00000000e+00
  6.31079721e+00 1.07313728e+00 0.00000000e+00 3.41201496e+00
  2.90356565e+00 2.22297335e+00 3.80033255e+00 9.12745655e-01
  3.07216096e+00 1.03733530e+01 0.00000000e+00 1.14233661e+00
  1.05749025e+01 1.61695409e+00 5.49832296e+00 2.49653316e+00
  1.22868931e+00 8.52971613e-01 1.86666565e+01 0.00000000e+00
  6.39032960e-01 7.15863037e+00 8.55811000e-01 0.00000000e+00
  4.12833261e+00 5.26784611e+00 2.62667322e+00 2.54508591e+00
  2.57024097e+00 3.69494390e+00 3.39441156e+00 1.03874550e+01
  2.29741645e+00 5.56537819e+00 2.27438045e+00 1.08287716e+00
  2.36868930e+00 2.86202574e+00 2.29419613e+00 4.72395927e-01
  3.98803860e-01 3.68039322e+00 2.61246300e+00 5.14076996e+00
  9.11431694e+00 4.69931412e+00 1.88960910e+00 1.59494925e+00
  7.55602789e+00 1.34324944e+00 6.08267641e+00 2.33222032e+00
  4.43741083e+00 1.19091663e+01 2.33653164e+00 7.14495707e+00
  4.66977739e+00 2.62996507e+00 4.30577040e-01 2.60268235e+00
  1.32067835e+00 4.81923294e+00 8.20326233e+00 3.56930941e-01
  4.50951672e+00 2.13345356e+01 2.67917275e+00 2.42263532e+00
  6.35361552e-01 1.46474218e+00 3.53485417e+00 1.77726400e+00
  1.81227350e+00 8.98796141e-01 2.62442440e-01 3.64829445e+00
  4.68027592e+00 3.68206191e+00 6.00194073e+00 2.93849754e+00
  4.98887157e+00 5.04723120e+00 2.91575146e+00 5.21387160e-01
  6.70630550e+00 1.41001642e+00 2.89220500e+00 5.50198793e+00
  5.31884336e+00 2.39998460e+00 1.31034636e+00 9.31766415e+00
  1.72391188e+00 1.61282718e+00 1.46297050e+00 1.80832326e+00
  8.30314338e-01 8.39183629e-01 4.40411758e+00 3.68900508e-01
  7.18912840e-01 2.68902123e-01 2.00176716e+00 3.96626306e+00
  7.25044727e+00 7.35563612e+00 8.85284519e+00 1.70500124e+00
  1.98973298e+00 4.74271917e+00 0.00000000e+00 3.20600796e+00
  5.25344086e+00 2.85247087e+00 1.67352414e+00 4.81307685e-01
  8.02448809e-01 1.23450065e+00 5.41649151e+00 2.54942369e+00
  5.09941578e+00 1.62328863e+00 2.37572289e+00 8.57059062e-01
  1.04821905e-01 4.28087425e+00 8.57969379e+00 8.95288348e-01
  0.00000000e+00 3.32737207e+00 1.12178545e+01 1.13519537e+00
  3.24749994e+00 0.00000000e+00 6.28710890e+00 9.90776062e-01
  0.00000000e+00 3.27222562e+00 1.03281260e+00 7.26782560e-01
  4.38665915e+00 2.96716380e+00 1.82603312e+00 6.77533293e+00
  5.75571251e+00 2.90233231e+00 5.91766357e+00 2.94506621e+00
  2.32812572e+00 7.32399273e+00 1.66088685e-01 1.11509371e+00
  1.03766451e+01 1.21975398e+00 7.72447491e+00 8.37855721e+00
  2.08437467e+00 1.63111472e+00 1.06340623e+00 2.39137030e+00
  1.39360917e+00 1.97574630e-01 1.01786871e+01 6.19579136e-01]]