[[1.72518909e+00 6.00482166e-01 7.00277519e+00 1.46131241e+00
  1.16825838e+01 1.30275607e+00 4.41718006e+00 4.45304662e-01
  1.63616848e+00 3.77960515e+00 2.37862682e+00 3.32172561e+00
  6.52929068e+00 4.13576174e+00 0.00000000e+00 2.51581740e+00
  5.71537197e-01 2.11512327e-01 2.11979175e+00 5.46758842e+00
  4.94141787e-01 1.52356982e+00 4.22405452e-01 1.38552017e+01
  1.05058599e+00 4.19346571e+00 1.48083334e+01 1.45235891e+01
  3.39248061e+00 2.73809242e+00 8.33935165e+00 8.09712484e-02
  1.87219024e+00 5.14257145e+00 5.23798180e+00 2.09165621e+00
  1.85115552e+00 7.50741303e-01 6.70231676e+00 3.21766043e+00
  4.00068712e+00 3.80658340e+00 6.53794855e-02 2.74459815e+00
  9.58530247e-01 1.37601938e+01 1.09776688e+00 4.35963392e+00
  9.25374889e+00 5.73020995e-01 2.06703901e-01 7.76121616e+00
  4.06495273e-01 9.15568638e+00 2.07946539e+00 8.78064919e+00
  5.52043819e+00 1.02087660e+01 9.67998505e+00 8.68086040e-01
  1.24201136e+01 4.12847805e+00 2.87178540e+00 8.23717213e+00
  5.07773198e-02 4.21059084e+00 3.43928516e-01 9.71271324e+00
  3.61103082e+00 1.77748787e+00 3.08777666e+00 3.68327761e+00
  3.68683696e+00 2.47985959e+00 1.05135846e+00 7.67517090e+00
  2.25705643e+01 9.04898345e-02 0.00000000e+00 2.24251986e+00
  2.33078337e+00 1.74354410e+00 9.89210606e+00 4.99092245e+00
  1.92551982e+00 9.34834576e+00 0.00000000e+00 2.73476243e+00
  1.23664916e+00 1.64158434e-01 7.42330122e+00 2.59171367e+00
  9.49799538e+00 6.18399906e+00 7.82121611e+00 1.02392220e+00
  6.28006172e+00 1.02075362e+00 3.99914312e+00 6.00969839e+00
  1.77340031e+00 1.30068195e+00 5.11586142e+00 1.15046215e+01
  1.24136412e+00 4.86728430e+00 6.25244951e+00 4.16517735e+00
  1.81440735e+00 1.98324430e+00 6.85554647e+00 2.19885373e+00
  7.27178514e-01 1.57196569e+01 1.50349236e+00 9.18997288e-01
  7.73848629e+00 7.00685382e-01 4.13075745e-01 4.31700468e+00
  9.60571110e-01 2.59542465e+00 3.03055000e+00 1.02774258e+01
  1.92927241e+00 6.13519907e+00 4.01457024e+00 3.14156383e-01
  2.32711697e+00 3.57843437e+01 8.58425915e-01 6.04657221e+00
  1.49130297e+01 7.80020833e-01 2.25232673e+00 2.99264026e+00
  1.85118365e+00 5.54098463e+00 1.29101741e+00 7.99664855e-01
  2.01186323e+00 6.53708839e+00 4.00297582e-01 2.34554553e+00
  2.54931927e+00 3.19667399e-01 6.94086838e+00 2.74252027e-01
  0.00000000e+00 1.33691156e+00 5.13128757e-01 6.17825079e+00
  1.84724331e+00 1.58954420e+01 3.93065810e-01 6.54712772e+00
  3.06721997e+00 2.62904954e+00 4.22794759e-01 4.70608425e+00
  1.27708912e+00 1.90178111e-01 5.21568775e+00 3.58959198e-01
  4.46053267e+00 4.03145313e+00 1.87740338e+00 2.01118723e-01
  5.40084696e+00 1.01246738e+00 2.04153728e+01 2.75487363e-01
  5.41440964e+00 1.15409784e+01 2.13276696e+00 2.44899705e-01
  7.37026167e+00 5.83529234e-01 2.60393214e+00 1.76553917e+01
  2.10811329e+00 0.00000000e+00 7.98769283e+00 4.55638552e+00
  2.86730751e-02 4.32159960e-01 4.51615381e+00 2.30162644e+00
  3.42475486e+00 1.14500022e+00 8.87701416e+00 3.41673565e+00
  3.44134593e+00 2.35442591e+00 3.68963194e+00 2.86216974e+00
  4.56837225e+00 8.56692410e+00 4.94545810e-02 3.81975269e+00
  5.34445524e+00 8.24741268e+00 9.05720139e+00 2.55814284e-01
  1.16766758e+01 3.11149836e+00 3.40147567e+00 2.81932974e+00
  2.82879639e+00 4.95207453e+00 4.08115149e-01 2.35061407e-01
  0.00000000e+00 1.30785513e+00 2.46254959e+01 5.41297388e+00
  1.43207321e+01 0.00000000e+00 2.98842502e+00 5.05759668e+00
  5.08686185e-01 1.10718136e+01 1.16155310e+01 3.37253284e+00
  2.49725223e+00 6.28305531e+00 6.86909342e+00 1.70131671e+00
  2.39900034e-02 3.79232192e+00 3.80415750e+00 1.93268287e+00
  1.47930040e+01 8.29602897e-01 2.67735314e+00 9.75549638e-01
  1.92994881e+00 1.20288439e+01 1.56362057e+00 2.57444429e+00
  1.11093140e+00 4.19119984e-01 5.47790194e+00 7.20274830e+00
  3.01064110e+00 1.21029758e+00 1.00153923e+01 5.82507324e+00
  6.71621132e+00 7.66424358e-01 2.59573007e+00 3.89258313e+00
  3.02480340e-01 4.59307289e+00 3.54179049e+00 5.04711568e-01
  2.72320676e+00 5.26730776e-01 1.46966267e+00 2.28407121e+00
  8.41950989e+00 1.04110755e-01 4.82977295e+00 1.54530163e+01
  8.87337446e-01 3.31903195e+00 1.85801105e+01 4.85880566e+00
  1.50661993e+01 1.35182106e+00 1.45610082e+00 0.00000000e+00
  2.05464149e+00 2.22046566e+00 8.35357368e-01 2.37904596e+00
  1.00212221e+01 5.22228062e-01 1.19122839e+00 6.60423231e+00
  5.19886065e+00 9.56550181e-01 1.15184212e+01 1.31011810e+01
  2.37189722e+00 1.68140292e-01 6.21571207e+00 1.58106766e+01
  3.74496531e+00 3.64278197e-01 1.87266135e+00 2.72820663e+00
  4.06060457e+00 0.00000000e+00 5.31758595e+00 1.14074783e+01
  4.50418442e-01 3.64740920e+00 1.70405078e+00 3.87654044e-02
  2.17293501e+00 6.43638468e+00 4.72114563e+00 1.45064557e+00
  4.29266071e+00 2.35705166e+01 6.52595186e+00 1.97956765e+00
  7.29921088e-02 2.42457986e+00 1.40247431e+01 5.10418177e-01
  2.84436727e+00 6.28634262e+00 9.97145176e+00 7.40874469e-01
  3.95425391e+00 1.01772308e+01 4.21935225e+00 6.05720377e+00
  2.96853471e+00 6.20863438e+00 1.91927683e+00 7.44802094e+00
  2.42976904e+00 3.71441126e-01 1.95358505e+01 6.16202593e+00
  1.77136695e+00 2.35685802e+00 2.63489217e-01 5.01206779e+00
  5.38780880e+00 2.00136375e+00 3.82539153e+00 6.63252163e+00
  2.51426864e+00 8.81494331e+00 6.03755522e+00 5.23531866e+00
  1.29865322e+01 8.88992488e-01 1.38901818e+00 2.60118008e+00
  2.75639677e+00 9.54139113e-01 1.64963424e+00 0.00000000e+00
  7.34108448e+00 1.14312916e+01 2.02747083e+00 3.79959583e+00
  3.12392449e+00 4.83688593e+00 1.01212001e+00 6.58653855e-01
  4.45495033e+00 5.87101603e+00 1.80143297e+00 1.75921416e+00
  1.33521376e+01 4.44596529e+00 1.49621038e+01 1.73009186e+01
  5.34265995e+00 0.00000000e+00 1.06874132e+01 3.79255462e+00
  1.70685184e+00 6.70077991e+00 5.49913597e+00 2.51961160e+00
  4.07259035e+00 3.80169809e-01 2.95622379e-01 1.82700300e+00
  5.54727650e+00 7.49550581e+00 1.53276329e+01 2.31255174e+00
  5.42272377e+00 4.44722843e+00 6.90451002e+00 3.31778741e+00
  5.07679701e+00 1.05159104e+00 6.30484045e-01 7.49162555e-01
  4.89135981e-01 3.75762248e+00 3.26222062e+00 9.03034592e+00
  2.65025306e+00 1.41676414e+00 5.20135927e+00 1.33642101e+00
  5.03837490e+00 5.43191314e-01 1.38572589e-01 2.96559167e+00
  5.83060622e-01 1.07028866e+00 4.89159679e+00 2.85725570e+00
  6.11283207e+00 3.55512404e+00 1.66731328e-01 7.99804628e-01
  2.14122605e+00 6.91159129e-01 1.71140635e+00 3.76731873e-01
  2.60337293e-01 2.60361409e+00 6.38508892e+00 7.83483922e-01
  1.17120428e+01 2.28318238e+00 6.15926790e+00 5.62102604e+00
  5.57954121e+00 2.22635531e+00 1.10248351e+00 6.70003700e+00
  1.35400271e+00 2.62232232e+00 1.11155806e+01 4.40861368e+00
  3.89899802e+00 8.65299988e+00 5.84226751e+00 3.14316702e+00
  6.38261652e+00 3.33730340e+00 1.33455783e-01 2.19015837e+00
  2.37369967e+00 4.18235183e-01 2.76643753e+00 1.47797298e+00
  1.02332222e+00 2.13637853e+00 8.51506114e-01 0.00000000e+00
  1.94092922e+01 3.43400335e+00 8.30516052e+00 8.86399865e-01
  3.33263278e+00 6.50392294e-01 0.00000000e+00 4.33479309e+00
  4.98972797e+00 1.28713493e+01 8.64479065e+00 0.00000000e+00
  1.35719502e+00 2.06529903e+00 4.13558912e+00 6.46564388e+00
  1.80002141e+00 8.66546440e+00 3.12089968e+00 1.70592284e+00
  0.00000000e+00 2.87975121e+00 0.00000000e+00 6.79023075e+00
  7.19512177e+00 7.75720835e+00 2.15793991e+00 6.41997957e+00
  1.17937350e+00 6.07761288e+00 1.22834635e+00 8.39842033e+00
  1.73748821e-01 6.61296844e-01 1.21754420e+00 2.14802936e-01
  4.52208567e+00 3.05880499e+00 2.57189965e+00 5.09798336e+00
  0.00000000e+00 0.00000000e+00 9.41119671e+00 4.85192919e+00
  1.19643295e+00 2.38634491e+00 3.84884739e+00 1.11473274e+00
  1.82523084e+00 1.42322436e-01 7.86029053e+00 2.85219407e+00
  1.02659178e+01 5.21635771e+00 2.30167627e+00 2.64441633e+00
  3.58288503e+00 4.07745028e+00 2.73382217e-01 3.04762274e-01
  5.80400467e+00 6.54135585e-01 1.09767904e+01 2.16195226e+00
  2.74858165e+00 2.50110841e+00 6.83077192e+00 1.09966459e+01]]