[[2.26122618e+00 1.30609190e+00 2.58004212e+00 1.77690029e+00
  1.29493988e+00 1.63002932e+00 1.87595606e+00 0.00000000e+00
  1.02665424e+00 2.10189891e+00 6.45441532e-01 3.61512095e-01
  3.10813427e+00 4.49741888e+00 0.00000000e+00 6.37770462e+00
  5.10201275e-01 1.58754885e+00 6.49092674e-01 3.19079208e+00
  5.09832859e-01 1.02505312e+01 5.56674264e-02 7.68814468e+00
  6.12561762e-01 1.99262071e+00 3.97180748e+00 1.03865290e+01
  2.30335164e+00 5.01043312e-02 2.08701062e+00 0.00000000e+00
  4.99901438e+00 3.70012498e+00 2.71563959e+00 1.34139621e+00
  0.00000000e+00 0.00000000e+00 4.59224558e+00 2.12431526e+00
  4.20154810e+00 1.54860771e+00 4.35471821e+00 1.03464365e+01
  9.15026903e-01 1.74101865e+00 3.18045765e-01 0.00000000e+00
  2.39570212e+00 0.00000000e+00 1.76435292e+00 6.76309967e+00
  0.00000000e+00 2.36290669e+00 2.19822669e+00 3.15318048e-01
  4.85976267e+00 2.20829517e-01 1.07052255e+00 1.41251579e-01
  7.58934593e+00 7.83344078e+00 1.01656570e+01 7.44411659e+00
  2.30385706e-01 3.62799144e+00 5.01096211e-02 9.61434484e-01
  3.91493249e+00 1.11344683e+00 3.92178011e+00 1.99290705e+00
  4.72863150e+00 7.10525656e+00 1.38764644e+00 2.98193049e+00
  2.25017118e+00 1.68389750e+00 6.60388660e+00 3.84966254e+00
  0.00000000e+00 2.85299492e+00 5.41646099e+00 1.15708137e+00
  7.45086432e+00 1.31976690e+01 2.62913704e+00 4.45978761e-01
  0.00000000e+00 6.80338264e-01 5.79057074e+00 8.57394338e-01
  2.60409760e+00 4.05112886e+00 8.44692993e+00 4.65010548e+00
  1.75568104e+00 0.00000000e+00 0.00000000e+00 8.46775627e+00
  2.47695899e+00 2.13836503e+00 7.04454374e+00 1.64236641e+00
  1.67938626e+00 4.89892244e+00 4.64839649e+00 8.34108293e-01
  4.24190521e+00 2.75036049e+00 3.37616205e-01 0.00000000e+00
  0.00000000e+00 8.16862285e-01 5.99020660e-01 1.49296105e+00
  6.76950693e+00 0.00000000e+00 1.17299452e-01 1.57328153e+00
  3.50934826e-02 8.25812042e-01 4.48061198e-01 1.86217332e+00
  0.00000000e+00 3.10402393e+00 1.69881418e-01 0.00000000e+00
  3.06549366e-03 1.66279316e+01 3.32357287e-01 2.79970884e+00
  1.00697231e+01 5.20023489e+00 3.19939107e-02 3.54530120e+00
  4.73454773e-01 8.70440155e-02 1.19955444e+00 4.29977998e-02
  7.16355848e+00 4.42401981e+00 0.00000000e+00 4.36240864e+00
  3.19420815e+00 2.12291217e+00 3.68828917e+00 0.00000000e+00
  0.00000000e+00 4.85658598e+00 0.00000000e+00 5.87102032e+00
  2.31020308e+00 4.31664753e+00 2.28104019e+00 4.08201361e+00
  7.47270763e-01 2.86534309e+00 3.41893101e+00 2.56167746e+00
  3.71616101e+00 1.49663046e-01 4.39920998e+00 0.00000000e+00
  2.17612535e-01 2.47362065e+00 8.15669477e-01 1.68410301e+00
  4.92335647e-01 0.00000000e+00 1.20509262e+01 4.07261610e+00
  4.34702158e+00 3.29848671e+00 4.94946778e-01 1.69503999e+00
  6.53081512e+00 4.68295952e-03 5.48946333e+00 1.01455402e+01
  1.24319804e+00 1.20397520e+00 5.18855190e+00 4.73909140e+00
  2.99459547e-01 8.53786767e-01 2.39476514e+00 1.93769789e+00
  5.80801153e+00 3.48200965e+00 6.86317730e+00 2.89817452e-01
  9.91973877e-01 8.10727596e+00 9.47969556e-02 2.14260876e-01
  8.02696991e+00 8.64564323e+00 1.20463157e+00 6.32640183e-01
  1.08973999e+01 4.48213434e+00 2.08514023e+00 7.11469352e-01
  9.18870640e+00 4.51432276e+00 1.90508389e+00 4.51687314e-02
  1.90918052e+00 2.30556374e+01 0.00000000e+00 3.68325949e-01
  6.54171050e-01 7.13192821e-01 4.14665651e+00 2.26362896e+00
  2.67913389e+00 3.27182770e-01 3.60932922e+00 2.56541705e+00
  2.85224032e+00 6.59598589e+00 8.78493118e+00 0.00000000e+00
  0.00000000e+00 7.97935772e+00 2.80944014e+00 2.60723710e+00
  6.01919442e-02 1.36661375e+00 2.95247018e-01 2.09685135e+00
  3.10160708e+00 2.48685643e-01 3.84279251e-01 1.91185749e+00
  6.27528667e-01 7.40309620e+00 8.63220632e-01 5.05082464e+00
  1.22171871e-01 1.01499891e+00 3.93075490e+00 8.42300892e+00
  3.06773782e+00 6.88439369e+00 1.32816572e+01 7.38050699e+00
  1.99625182e+00 0.00000000e+00 0.00000000e+00 5.34824908e-01
  4.50778574e-01 1.68023026e+00 5.49038029e+00 3.17946643e-01
  8.57339573e+00 5.75239599e-01 2.01999640e+00 2.59245872e+00
  5.72360814e-01 0.00000000e+00 3.15901089e+00 6.33072233e+00
  4.16113615e+00 3.00258565e+00 3.67334867e+00 2.05301833e+00
  1.66667902e+00 4.68201780e+00 5.62364674e+00 0.00000000e+00
  3.22822046e+00 3.25325227e+00 5.57936001e+00 1.22410990e-01
  2.89407659e+00 6.09342515e-01 1.32308149e+00 1.59806979e+00
  6.75864029e+00 1.21408117e+00 9.02978134e+00 8.23901653e+00
  0.00000000e+00 0.00000000e+00 9.17049170e-01 3.66421890e+00
  2.15960205e-01 3.57621169e+00 2.22332191e+00 1.66151121e-01
  3.29779363e+00 5.87097168e+00 5.16075802e+00 9.03399944e+00
  0.00000000e+00 3.75071311e+00 0.00000000e+00 4.79334116e-01
  0.00000000e+00 1.30480754e+00 3.78843713e+00 0.00000000e+00
  2.97974944e+00 5.52799606e+00 1.24329948e+00 3.44493330e-01
  8.55954766e-01 2.18729019e-01 5.53952980e+00 0.00000000e+00
  2.50350189e+00 5.44241142e+00 9.86940575e+00 1.20300841e+00
  2.53840566e+00 4.51103687e+00 2.08447263e-01 2.57096052e+00
  1.24756956e+01 4.62071991e+00 1.63955247e+00 7.89183331e+00
  3.37502313e+00 2.80283958e-01 3.51837158e+00 2.37896204e+00
  3.84558940e+00 0.00000000e+00 1.42112121e-01 8.10554087e-01
  1.67864215e+00 3.23190153e-01 1.67880058e+00 9.56577873e+00
  1.03543329e+01 9.88406122e-01 5.50203276e+00 7.72790551e-01
  7.30536842e+00 6.68585479e-01 1.35527122e+00 1.36121917e+00
  9.69064057e-01 2.23485184e+00 2.38427043e+00 2.90157056e+00
  1.62810314e+00 3.19018316e+00 0.00000000e+00 2.30130482e+00
  2.96057773e+00 5.04954958e+00 1.92647970e+00 9.47053917e-03
  0.00000000e+00 2.03583670e+00 2.06425953e+00 8.68262947e-01
  1.94403725e+01 0.00000000e+00 2.37374568e+00 5.72020340e+00
  8.86839104e+00 1.04558909e+00 3.36347985e+00 6.10446990e-01
  3.16439080e+00 1.29002399e+01 4.37310123e+00 1.41425979e+00
  3.47343421e+00 1.95210322e-03 4.46193552e+00 1.16869056e+00
  5.63396454e+00 1.28151667e+00 1.12537565e+01 1.01034927e+00
  5.30714095e-01 2.78370887e-01 4.55022287e+00 2.00201488e+00
  3.75647545e-02 1.19027555e+00 6.13700688e-01 8.14720929e-01
  3.76475286e+00 0.00000000e+00 3.12943506e+00 6.01234531e+00
  4.35004759e+00 3.28941274e+00 1.25463319e+00 4.14988518e+00
  2.66250443e+00 2.11874080e+00 5.32811522e-01 3.04364890e-01
  2.43533158e+00 4.74462128e+00 3.94992456e-02 6.06109667e+00
  6.10436153e+00 4.03567266e+00 5.51296997e+00 3.69985580e+00
  2.42605090e-01 0.00000000e+00 4.74805307e+00 3.31695056e+00
  0.00000000e+00 1.13475621e-01 5.49327433e-01 1.27990472e+00
  5.69584846e-01 6.30122542e-01 1.71742809e+00 0.00000000e+00
  6.12090731e+00 1.41713428e+00 1.52552128e+00 5.18300104e+00
  1.52210379e+00 1.49073672e+00 1.49085450e+00 5.54168320e+00
  0.00000000e+00 9.68575764e+00 5.15119076e-01 0.00000000e+00
  8.06451893e+00 7.28597689e+00 0.00000000e+00 4.54261065e-01
  9.89694893e-01 1.57041311e+00 1.43739104e+00 2.62933820e-01
  7.24239767e-01 1.33602250e+00 0.00000000e+00 1.22552490e+00
  8.10808945e+00 5.22033930e+00 3.32400012e+00 8.99414778e-01
  1.45093250e+00 4.85243350e-01 0.00000000e+00 2.87208128e+00
  6.45429468e+00 2.74638057e+00 5.08598328e+00 1.49860969e-02
  6.36779308e-01 2.58279085e-01 1.71013129e+00 6.87471771e+00
  0.00000000e+00 9.55159724e-01 2.68665910e+00 3.01634725e-02
  0.00000000e+00 3.42441440e+00 0.00000000e+00 3.23385859e+00
  9.37275028e+00 4.23402876e-01 3.19825634e-02 7.40645790e+00
  5.36857510e+00 5.96479940e+00 7.07614839e-01 1.19967532e+00
  6.12932682e+00 3.51311612e+00 2.29294205e+00 3.30165195e+00
  0.00000000e+00 3.13219070e+00 7.77329877e-02 0.00000000e+00
  0.00000000e+00 2.63243032e+00 4.89128447e+00 2.75505222e-02
  3.42992759e+00 3.32236242e+00 1.42454159e+00 8.30362260e-01
  1.70902801e+00 1.81991890e-01 5.59134960e+00 1.54378343e+00
  8.42471302e-01 9.45594072e-01 2.11814642e+00 4.51002884e+00
  4.36481047e+00 1.99858356e+00 1.65999961e+00 1.63266873e+00
  3.21962380e+00 5.82256615e-02 8.94628429e+00 1.06571697e-01
  3.04225254e+00 3.03285336e+00 1.40607862e+01 5.17338085e+00]]