[[2.05188918e+00 1.30988812e+00 1.48512483e-01 7.85644293e-01
  1.76619148e+00 3.29637456e+00 3.02076969e+01 1.61302269e-01
  6.42057657e+00 2.64593267e+00 3.97015899e-01 3.26322842e+00
  4.02183771e+00 2.11293554e+00 2.56494107e-03 2.52491021e+00
  1.11659133e+00 1.22913349e+00 4.25275087e+00 1.34087825e+00
  4.06430930e-01 6.08417177e+00 1.77336419e+00 1.51822352e+00
  1.19724464e+00 6.84591436e+00 4.13095236e+00 6.50910282e+00
  1.98895717e+00 1.36344230e+00 6.12845421e-02 1.39909649e+00
  9.95175004e-01 2.21899009e+00 1.58804512e+00 7.27838159e-01
  6.16861761e-01 1.04867041e+00 9.73299885e+00 2.53236485e+00
  4.50628090e+00 8.62321481e-02 2.47522250e-01 1.84197354e+00
  1.18115747e+00 0.00000000e+00 1.30201912e+00 8.57405949e+00
  1.82730985e+00 4.63486671e+00 5.60313702e-01 4.01676989e+00
  0.00000000e+00 1.96153116e+00 1.25643122e+00 2.04016995e+00
  1.79941463e+00 3.54259324e+00 2.76359940e+00 1.15794688e-01
  7.16120154e-02 1.17128372e-01 3.10368967e+00 5.00866556e+00
  1.49102360e-01 9.72097516e-01 2.65447378e+00 1.19105549e+01
  7.78047219e-02 1.89606762e+00 3.45911574e+00 1.15516281e+00
  0.00000000e+00 4.20389223e+00 1.50741112e+00 9.51224506e-01
  5.58812022e-01 2.35121399e-01 3.78075361e-01 2.61288977e+00
  1.19205415e+00 1.20055664e+00 5.74346876e+00 4.88196939e-01
  4.94358969e+00 4.26640654e+00 1.21853828e+00 2.08983868e-02
  2.16952014e+00 3.56373191e-01 1.54541528e+00 2.53949666e+00
  0.00000000e+00 3.39875269e+00 3.54755253e-01 7.52002746e-02
  1.06058300e+00 4.20632392e-01 5.28130054e-01 4.08241653e+00
  1.48424814e-02 1.85563052e+00 9.06267643e+00 5.99220133e+00
  3.15436506e+00 1.57814533e-01 8.64005983e-01 2.14005804e+00
  1.31426251e+00 9.38538790e-01 2.90278864e+00 2.63508201e+00
  1.57803667e+00 7.53004360e+00 1.45694590e+00 5.80034684e-03
  8.06665230e+00 1.55897349e-01 2.77664876e+00 3.71208596e+00
  6.93925679e-01 3.61519575e+00 1.54289818e+00 7.10932636e+00
  7.51396716e-01 2.70960307e+00 1.07183063e+00 0.00000000e+00
  2.93666148e+00 1.25911331e+01 8.84410083e-01 4.68723893e-01
  6.68329430e+00 1.07521161e-01 5.37602127e-01 1.68944991e+00
  4.49646997e+00 3.19941425e+00 2.30234012e-01 2.32259045e+01
  7.16266692e-01 1.56280946e-03 1.65435445e+00 4.61051559e+00
  3.73552585e+00 2.32940102e+00 3.13990474e+00 2.06011072e-01
  0.00000000e+00 2.03845069e-01 2.73074436e+00 9.41096067e-01
  1.67155612e+00 3.39101493e-01 1.72498077e-01 2.12098193e+00
  1.58901262e+00 5.77053577e-02 1.47198248e+00 3.00349021e+00
  5.85183525e+00 4.29288745e-01 4.78280830e+00 1.04801148e-01
  2.04802060e+00 5.16189194e+00 0.00000000e+00 1.49711919e+00
  6.40930116e-01 3.61760521e+00 3.61587930e+00 5.05271912e-01
  2.18862486e+00 4.80257332e-01 5.08871913e-01 4.64615011e+00
  1.25746834e+00 1.42937505e+00 2.45981312e+01 1.20428791e+01
  3.09976268e+00 1.07560337e+00 6.84149122e+00 2.34121990e+00
  5.79072163e-03 1.28776610e+00 1.01827562e+00 3.47455335e+00
  0.00000000e+00 1.33018577e+00 7.88087225e+00 7.59641677e-02
  2.73944926e+00 1.84417133e+01 0.00000000e+00 2.22423148e+00
  7.45935500e-01 9.28379118e-01 1.55747786e-01 3.23297888e-01
  2.56512403e+00 1.96917629e+00 0.00000000e+00 1.75845540e+00
  7.56550837e+00 8.00660372e-01 5.60054891e-02 1.06677902e+00
  9.75881875e-01 5.22545719e+00 3.18835020e+00 3.33894134e+00
  5.45786810e+00 4.54816675e+00 9.22672749e-01 8.27660799e-01
  2.76840949e+00 1.01939297e+00 8.94381225e-01 1.42092660e-01
  1.70470133e-01 2.12780142e+00 4.11471397e-01 1.47750747e+00
  6.83788002e-01 2.79473603e-01 1.53980160e+00 5.27438700e-01
  7.80787706e-01 3.85629296e+00 2.04815984e-01 2.16142106e+00
  3.73892426e+00 1.14489305e+00 3.32744718e-01 1.48522246e+00
  9.52032685e-01 8.14044189e+00 5.10801458e+00 1.31966606e-01
  3.11109114e+00 2.29937053e+00 1.52849004e-01 9.34266448e-01
  4.28152609e+00 6.01763344e+00 9.38331604e+00 7.21977949e-01
  2.85053283e-01 3.02182817e+00 3.04599500e+00 1.75947452e+00
  2.77854577e-02 7.14948940e+00 2.87864351e+00 3.14072102e-01
  6.46575630e-01 9.66603577e-01 5.62479258e+00 2.43066072e+00
  1.15878963e+00 2.03516427e-02 0.00000000e+00 2.74072766e+00
  2.29286146e+00 1.75048614e+00 2.07414412e+00 2.60843420e+00
  3.15965176e+00 0.00000000e+00 1.37907064e+00 1.15951657e+00
  1.36264288e+00 4.32302094e+00 0.00000000e+00 1.55687606e+00
  8.33881378e+00 2.87059093e+00 6.09435856e-01 1.02199590e+00
  2.90997195e+00 1.00099778e+00 4.86143827e+00 1.39865315e+00
  4.01260757e+00 0.00000000e+00 3.22344446e+00 2.04931512e-01
  3.78597170e-01 7.17022538e-01 4.66534376e-01 9.03335750e-01
  1.05419123e+00 8.23400593e+00 2.33473325e+00 0.00000000e+00
  3.07018232e+00 1.16658795e+00 5.43846600e-02 0.00000000e+00
  1.58814926e+01 8.82997036e-01 2.59331298e+00 4.52579081e-01
  1.39384151e-01 4.69732553e-01 2.63488293e-01 1.47684848e+00
  1.70539570e+00 0.00000000e+00 4.46618088e-02 1.00376499e+00
  3.02345365e-01 5.70261836e-01 2.99687719e+00 0.00000000e+00
  1.41989422e+00 5.16355562e+00 5.07088280e+00 6.87723875e-01
  9.81151819e-01 4.05521601e-01 1.30485678e+00 1.33102536e+00
  6.11891150e-01 1.32308757e+00 7.07725286e+00 0.00000000e+00
  8.11994612e-01 0.00000000e+00 9.41466987e-01 6.87828159e+00
  1.87272024e+00 2.48962402e+00 2.81540918e+00 7.95341194e-01
  3.09694815e+00 1.66859376e+00 3.75785136e+00 2.66119099e+00
  1.16626060e+00 0.00000000e+00 5.41758955e-01 1.99771154e+00
  2.21943712e+00 2.38875484e+00 4.79074478e+00 5.85200824e-03
  2.06031609e+00 2.78148770e+00 0.00000000e+00 2.77707070e-01
  4.43877786e-01 2.06215307e-01 1.55318487e+00 9.52333570e-01
  1.11577451e+00 1.06603403e+01 2.14639950e+00 3.17814291e-01
  1.06990921e+00 1.33545578e-01 4.62373495e+00 3.34497476e+00
  6.46232271e+00 2.20928788e-01 1.61372318e+01 7.96836555e-01
  7.79204130e-01 2.06994438e+00 1.09217060e+00 4.48429018e-01
  6.40837240e+00 1.91563916e+00 4.62264872e+00 8.88710245e-02
  2.68036902e-01 1.38491964e+00 3.62617612e+00 4.73613530e-01
  1.03233409e+00 2.09901190e+00 4.09228414e-01 1.99305415e+00
  2.68944526e+00 1.66566503e+00 6.08859733e-02 7.93092668e-01
  3.28487349e+00 6.28219414e+00 1.06862046e-01 2.01809359e+00
  7.66233444e+00 2.08510351e+00 4.21072674e+00 5.35627902e-01
  1.36872745e+00 3.94242644e+00 3.11277032e+00 0.00000000e+00
  1.13836360e+00 1.18974123e+01 2.72611007e-02 1.24560461e+01
  0.00000000e+00 3.06638926e-01 0.00000000e+00 0.00000000e+00
  3.22009064e-02 3.99712563e+00 1.90556979e+00 6.04059279e-01
  3.48251224e-01 1.26059458e-01 3.95676009e-02 2.33544290e-01
  2.57336402e+00 1.31470191e+00 0.00000000e+00 8.84242594e-01
  1.20793439e-01 1.20063138e+00 3.15447748e-01 2.79932141e+00
  1.85164690e+00 1.76124382e+00 2.70653892e+00 3.07511306e+00
  1.60377359e+00 1.15815020e+00 2.14202046e+00 1.06538975e+00
  3.06009126e+00 1.97524405e+00 2.60294795e+00 5.75170708e+00
  0.00000000e+00 1.13477838e+00 1.00396895e+00 2.49820542e+00
  7.68803358e-01 1.56920746e-01 3.41690451e-01 9.58761406e+00
  2.47322917e+00 4.62223679e-01 3.47788835e+00 3.93482119e-01
  1.42791963e+00 9.86518443e-01 2.33311152e+00 2.34637475e+00
  1.25303710e+00 3.70861745e+00 5.85292101e+00 0.00000000e+00
  4.50237185e-01 1.38808584e+00 4.26560566e-02 1.91035402e+00
  4.71938992e+00 3.97817820e-01 6.34114206e-01 2.88698240e-03
  1.11003435e+00 1.26389277e+00 1.48989201e+00 1.22671556e+00
  9.28316057e-01 1.45975137e+00 3.86361778e-02 4.28503561e+00
  0.00000000e+00 3.53607917e+00 7.64061880e+00 3.76359969e-01
  2.00225830e+00 3.14674187e+00 2.81485856e-01 1.98122239e+00
  3.53983700e-01 0.00000000e+00 6.71337724e-01 3.97037148e+00
  0.00000000e+00 7.80634105e-01 3.34470838e-01 0.00000000e+00
  1.62667656e+00 1.07145119e+00 1.17400992e+00 7.05064058e-01
  1.38786182e-01 3.71127939e+00 1.37093430e-02 1.69243824e+00
  5.17236662e+00 5.27329206e-01 5.29962718e-01 5.17834783e-01
  2.91436982e+00 0.00000000e+00 1.51319608e-01 2.86800337e+00
  6.86842060e+00 3.02067947e+00 1.34393466e+00 6.08289421e-01
  3.73488235e+00 0.00000000e+00 2.05625677e+00 8.35123718e-01]]