[[2.15128255e+00 1.15417767e+00 1.05063593e+00 4.67031822e-03
  2.01398993e+00 6.30184364e+00 4.43216610e+00 1.14642777e-01
  4.78450584e+00 2.38245654e+00 1.30999640e-01 2.26563978e+00
  1.52625692e+00 1.70375299e+00 0.00000000e+00 0.00000000e+00
  0.00000000e+00 3.62406522e-01 0.00000000e+00 3.37185764e+00
  2.19000340e+00 8.45252419e+00 2.09756231e+00 2.74327487e-01
  5.72482467e-01 5.63629007e+00 1.08506095e+00 1.33727961e+01
  3.59109187e+00 2.23561358e+00 2.14721233e-01 1.53775156e-01
  4.36606221e-02 1.26836658e+00 1.67350090e+00 3.09006786e+00
  1.33318472e+00 3.29049897e+00 8.10856819e+00 1.47552145e+00
  6.05632305e+00 0.00000000e+00 8.59361231e-01 2.33599830e+00
  2.82145977e+00 1.34627783e+00 1.04561090e+00 7.61025572e+00
  5.66555977e+00 8.18057775e-01 1.20024550e+00 1.41487730e+00
  2.93209732e-01 4.53379965e+00 2.38046265e+00 5.22105694e+00
  5.19200373e+00 3.17828560e+00 2.97680068e+00 0.00000000e+00
  2.84438276e+00 2.22883806e-01 4.44235134e+00 5.25840378e+00
  5.76248407e-01 1.04489493e+00 1.58040094e+00 2.25400257e+00
  5.76080143e-01 5.88128424e+00 1.14913464e+01 3.85463142e+00
  2.11427256e-01 2.02572751e+00 2.94743562e+00 3.48937474e-02
  3.33090949e+00 3.04715663e-01 3.28081518e-01 0.00000000e+00
  2.16590926e-01 1.05149209e+00 4.20400524e+00 0.00000000e+00
  4.50264740e+00 6.74055243e+00 7.05554581e+00 1.86102450e+00
  1.47278118e+00 3.12259316e-01 1.29206812e+00 1.82555187e+00
  0.00000000e+00 2.56977272e+00 2.44847226e+00 2.95281440e-01
  7.12139070e-01 4.69878793e-01 2.57218271e-01 2.74208641e+00
  0.00000000e+00 2.68073416e+00 7.13329220e+00 3.29465532e+00
  1.31070757e+00 7.25420192e-02 4.12222433e+00 4.69963998e-01
  2.89314762e-02 1.67557240e+00 1.01182044e-01 1.70067358e+00
  4.01109648e+00 2.38333321e+00 6.39287591e-01 0.00000000e+00
  5.79401064e+00 1.12759590e+00 1.73111513e-01 4.68950272e+00
  8.58809724e-02 5.56918800e-01 2.80084401e-01 1.30226679e+01
  7.27649927e-01 0.00000000e+00 0.00000000e+00 1.50066465e-01
  6.67091683e-02 1.02661657e+01 5.33865738e+00 0.00000000e+00
  0.00000000e+00 1.85872507e+00 2.18151164e+00 2.31682968e+00
  6.06607080e-01 6.81244358e-02 4.40109342e-01 1.97779465e+01
  2.73121685e-01 2.32390597e-01 2.50980234e+00 6.08755255e+00
  1.42590690e+00 2.84275746e+00 1.71439219e+00 3.03645909e-01
  0.00000000e+00 4.38793421e+00 2.26885152e+00 4.48356724e+00
  4.70957905e-01 2.19577098e+00 5.93084633e-01 1.90988255e+00
  6.57706037e-02 2.64890647e+00 1.26193452e+00 2.47273874e+00
  6.19544536e-02 9.25867200e-01 5.60341740e+00 3.06522191e-01
  3.52302253e-01 7.52099180e+00 0.00000000e+00 4.03514099e+00
  1.28125620e+00 1.97063506e+00 8.34417999e-01 8.54188576e-02
  6.98465288e-01 1.70584564e+01 1.92797494e+00 1.44933969e-01
  2.41038680e-01 7.03789532e-01 8.69461727e+00 1.61041756e+01
  7.58396685e-01 1.33666039e-01 1.00479155e+01 3.61835599e-01
  2.24393606e-01 3.61678338e+00 4.52924728e+00 4.46482086e+00
  1.58328307e+00 1.35748973e-02 5.08323526e+00 7.29620010e-02
  0.00000000e+00 1.43889046e+01 6.22151434e-01 0.00000000e+00
  2.29258108e+00 5.86567521e-01 1.65803552e-01 3.13354284e-01
  5.67981911e+00 5.44553089e+00 1.21324825e+00 1.49946070e+00
  2.50982809e+00 8.56890857e-01 1.99939236e-01 1.99196684e+00
  1.90688729e-01 5.14565372e+00 1.84120786e+00 2.23952866e+00
  1.15595388e+00 4.41928864e+00 1.79843158e-01 1.34112760e-01
  3.80260420e+00 0.00000000e+00 3.63433599e-01 1.93048859e+00
  5.15300369e+00 3.63650417e+00 2.69888133e-01 2.05343938e+00
  4.51529510e-02 3.55029392e+00 1.28468740e+00 2.36008525e+00
  0.00000000e+00 5.78524399e+00 4.12542492e-01 9.84286547e-01
  8.51485014e-01 1.38182819e+00 1.85856390e+00 4.49183750e+00
  1.05837293e-01 6.73694420e+00 4.55914021e-01 5.45883894e-01
  4.14225310e-02 2.06076097e+00 5.94881512e-02 4.01388073e+00
  1.26940095e+00 2.97292781e+00 1.03335772e+01 8.83295000e-01
  1.61406720e+00 1.23496568e+00 5.22727108e+00 1.63061643e+00
  3.50325286e-01 5.38783741e+00 2.35775065e+00 2.68272901e+00
  5.04734516e-01 1.04285371e+00 5.24410391e+00 1.04063094e+00
  0.00000000e+00 9.06101167e-02 1.42303422e-01 2.44387746e+00
  1.69947457e+00 7.30501413e-02 7.40657970e-02 5.90425670e-01
  8.81905651e+00 1.04995644e+00 3.54033732e+00 1.21321154e+00
  9.42882359e-01 5.04663324e+00 3.70390564e-01 1.51283413e-01
  6.18859196e+00 2.36513448e+00 0.00000000e+00 3.35722661e+00
  2.26716375e+00 3.20856619e+00 6.28067350e+00 5.29030263e-01
  5.74078369e+00 0.00000000e+00 8.50501180e-01 1.76058674e+00
  2.66758669e-02 3.63125712e-01 0.00000000e+00 2.86197639e+00
  4.54568577e+00 1.86814463e+00 2.87285447e+00 3.02470297e-01
  9.41892207e-01 1.72704220e+00 0.00000000e+00 0.00000000e+00
  3.86292815e+00 1.35214043e+00 1.09242010e+01 0.00000000e+00
  2.53480339e+00 2.19138908e+00 7.38718450e-01 2.91814137e+00
  3.14242339e+00 7.79708445e-01 1.73550045e+00 2.13266313e-01
  8.19877625e-01 4.46108103e+00 2.63638020e+00 0.00000000e+00
  7.41198719e-01 5.25614214e+00 3.83266735e+00 6.67441905e-01
  2.21082047e-02 1.35978246e+00 1.77012312e+00 6.80691838e-01
  2.12484881e-01 9.03269196e+00 8.59505749e+00 4.48104471e-01
  0.00000000e+00 8.47989440e-01 1.24176705e+00 3.34572935e+00
  1.30934429e+00 3.63084340e+00 4.33850384e+00 3.15472603e+00
  4.07950449e+00 3.28596330e+00 5.25542879e+00 9.20868874e-01
  1.47739494e+00 8.48651052e-01 0.00000000e+00 6.60954189e+00
  2.47064853e+00 1.55551267e+00 7.78600097e-01 0.00000000e+00
  1.32498190e-01 3.46520257e+00 0.00000000e+00 2.05045436e-02
  0.00000000e+00 0.00000000e+00 2.70768523e-01 1.99220732e-01
  1.05134435e-01 5.62523746e+00 2.27427673e+00 3.21080661e+00
  3.71858329e-01 0.00000000e+00 6.48546600e+00 4.98427248e+00
  4.98998594e+00 1.55347919e+00 1.70785084e+01 2.07738519e+00
  2.03099918e+00 1.40002131e+00 0.00000000e+00 0.00000000e+00
  5.78295469e+00 2.12600186e-01 5.73824930e+00 2.09513283e+00
  2.11931634e+00 4.00757492e-02 1.45674098e+00 1.59931540e+00
  1.18483090e+00 8.19148421e-01 2.13528299e+00 3.42502546e+00
  3.53634930e+00 7.46695995e-01 2.71178460e+00 1.20778471e-01
  2.08157539e+00 6.35512352e+00 4.90246564e-01 2.15549302e+00
  8.60566902e+00 2.12566495e+00 2.83759952e+00 2.57508731e+00
  2.08066177e+00 5.73496628e+00 5.75181627e+00 1.11906755e+00
  2.99185705e+00 9.37035465e+00 3.94828272e+00 5.92010736e+00
  1.74430907e+00 1.64769936e+00 1.62456703e+00 6.18733168e-01
  3.61968458e-01 4.61645555e+00 2.94617081e+00 1.17274761e+00
  0.00000000e+00 0.00000000e+00 9.29325237e-04 6.75953984e-01
  5.56093715e-02 7.43440807e-01 6.11066401e-01 3.51677728e+00
  1.44125372e-02 8.88960779e-01 2.67314255e-01 5.85847425e+00
  4.48727697e-01 4.51103687e-01 2.23753834e+00 1.10176539e+00
  1.17178142e+00 3.86298656e-01 2.83135056e+00 1.73511744e+00
  1.71720638e+01 2.64710760e+00 4.08380985e+00 6.25050068e-02
  2.82801315e-02 1.52977026e+00 2.49174380e+00 3.67840052e-01
  4.28662091e-01 1.79791546e+00 5.67168593e-02 5.49705124e+00
  6.58819914e-01 2.32046223e+00 4.95633173e+00 2.13043809e+00
  0.00000000e+00 2.05822635e+00 2.41100103e-01 4.69434023e+00
  3.29876637e+00 3.16898942e+00 1.59138453e+00 0.00000000e+00
  3.55778670e+00 5.32417119e-01 2.39089394e+00 2.43538409e-01
  5.07324648e+00 3.93633366e-01 2.27940369e+00 6.21971905e-01
  0.00000000e+00 3.30343628e+00 2.76230049e+00 4.26535416e+00
  6.11573994e-01 8.09608400e-01 6.12238836e+00 2.21525371e-01
  1.71112621e+00 5.70814371e+00 2.20835935e-02 7.85649657e-01
  5.62826538e+00 1.91755444e-01 3.00538033e-01 6.23786867e-01
  0.00000000e+00 0.00000000e+00 1.53214782e-01 1.18244779e+00
  0.00000000e+00 2.59231776e-01 2.55288601e+00 3.49629331e+00
  1.68177456e-01 3.09219211e-01 4.76473045e+00 1.33151159e-01
  0.00000000e+00 4.11449146e+00 8.43353033e-01 5.99458404e-02
  6.86310482e+00 5.78815842e+00 2.13524032e+00 2.38193721e-01
  1.07909381e+00 6.23802245e-01 1.20391202e+00 3.57567430e+00
  7.48638248e+00 5.17265797e-01 7.08179712e+00 2.06830955e+00
  3.03239846e+00 3.89855170e+00 5.53563178e-01 8.00521851e-01]]