[[4.4026613e+00 8.7227833e-01 2.1506739e+00 1.4681176e+00 5.0859575e+00
  3.3567517e+00 1.3525201e+00 1.1408421e+00 1.8257375e+00 2.4619651e+00
  3.7053198e-01 2.1011398e+00 3.5899403e+00 3.0233908e+00 0.0000000e+00
  2.7958279e+00 3.2995710e-01 9.7691721e-01 2.3222505e-01 5.4075828e+00
  1.6802553e+00 1.2053505e+01 1.0480249e+00 5.2171431e+00 1.0224219e-01
  5.9528694e+00 4.2589979e+00 5.5683770e+00 8.5450917e-01 2.7601866e-03
  1.6805152e+00 7.8685373e-01 0.0000000e+00 1.9973018e+00 7.2624224e-01
  9.7650582e-01 1.2248400e-02 0.0000000e+00 5.9796562e+00 2.9306414e+00
  6.1659527e+00 2.7593952e-01 1.2148651e+00 1.3421865e+00 4.0271199e-01
  1.0630470e-01 6.5497613e+00 1.2010688e+00 2.0284278e+00 2.1508014e-01
  3.9288430e+00 6.7039843e+00 4.0973396e+00 3.3493680e-01 2.5660033e+00
  2.7495027e+00 9.2898071e-01 4.5531025e+00 1.0119425e+00 6.4876282e-01
  2.6094847e+00 1.5149677e-01 3.1293383e+00 3.2619526e+00 2.0560830e+00
  2.6026146e+00 1.6248986e-01 3.7616751e+00 6.8697506e-01 2.1876779e+00
  1.0859010e+01 4.2422956e-01 9.9183375e-01 6.0314431e+00 3.2756236e-01
  8.0973631e-01 1.2690902e+00 1.5528269e+00 5.0043881e-01 2.9151642e+00
  2.0033249e-01 3.1144598e-01 3.5974164e+00 1.6344432e+00 1.2673774e-01
  6.5734215e+00 1.9242896e+00 1.0677928e+00 2.6760221e+00 9.1528185e-03
  3.9657056e+00 5.3915133e+00 0.0000000e+00 2.8864174e+00 0.0000000e+00
  1.7402261e+00 1.0409909e+00 1.8963983e+00 3.0149231e+00 4.1649408e+00
  2.1215038e+00 0.0000000e+00 5.9051518e+00 5.7316003e+00 4.4263940e+00
  2.1946990e+00 1.3006531e+00 8.0291408e-01 4.5806523e-02 1.4649810e+00
  3.9564552e+00 9.3195313e-01 1.2379553e+00 7.8288980e+00 5.1613584e+00
  2.1658947e+00 3.8027234e+00 4.4988433e-01 0.0000000e+00 4.1935477e+00
  4.2687508e-01 2.9885042e+00 1.2165105e+00 5.0392470e+00 0.0000000e+00
  1.9832622e+00 6.4050841e+00 2.2491343e-02 6.7295899e+00 9.5409622e+00
  1.4881912e-01 7.9245114e-01 1.9313737e+00 5.0498992e-01 2.5447218e+00
  1.6018066e+00 1.4262282e+00 5.4619365e+00 5.4591417e+00 0.0000000e+00
  6.5915900e-01 1.2349290e+00 4.4141474e+00 3.4360747e+00 5.8126407e+00
  2.5772929e+00 3.2919717e+00 0.0000000e+00 1.9190160e+00 4.5781131e+00
  2.0482838e+00 4.5852265e+00 1.0056638e+00 3.3082032e+00 4.9473596e-01
  1.5320882e+00 1.1772944e+00 2.1680735e-01 4.8471862e-01 5.4204106e-01
  1.5523797e+00 3.5314187e-01 3.0462949e+00 2.0557253e+00 4.1586523e+00
  5.5420047e-01 2.1410359e-01 6.8089199e+00 2.1630815e-01 3.2539990e+00
  2.0077760e+00 1.0044526e+00 3.8761339e+00 1.1070460e+01 2.3905134e+00
  2.6785452e+00 1.5622768e-01 1.1310065e+00 3.2200105e+00 6.4390135e+00
  3.2160573e+00 2.4569651e-01 8.0889893e+00 9.7417504e-01 3.3634913e-01
  1.4669842e+00 6.1911993e+00 7.1999538e-01 2.5967822e+00 3.7840822e-01
  1.0959253e+00 1.4423347e-01 4.1495285e+00 8.5385256e+00 1.8901137e-01
  8.0079165e+00 1.6506511e-01 7.2229290e-01 1.8139456e-01 0.0000000e+00
  4.1798987e+00 1.2377989e-01 5.3790469e+00 2.3989689e+00 1.1497374e+00
  1.2431285e-01 1.0729380e+00 3.1053612e+00 2.6605171e-01 6.6304770e+00
  7.4873132e-01 2.2808092e+00 5.6485236e-01 2.2137630e+00 9.0349776e-01
  0.0000000e+00 4.1461983e+00 0.0000000e+00 1.7872783e+00 4.5046085e-01
  2.7903658e-01 1.9417955e+00 8.4564619e+00 6.8018723e-01 0.0000000e+00
  3.4929533e-02 8.3687568e-01 3.4458055e+00 1.5548278e+00 3.1484342e+00
  5.7494146e-01 1.7857769e+00 5.6747575e+00 8.1494951e-01 7.4127054e-01
  3.9396818e+00 4.5886946e-01 4.2953801e+00 4.3712562e-01 6.5125089e+00
  3.5048275e+00 1.5704660e+00 5.1381011e+00 4.4091115e+00 5.7887810e-01
  9.1971964e-01 5.8548951e+00 2.4712098e+00 1.6222870e+00 4.6260004e+00
  2.7833149e+00 0.0000000e+00 1.1560292e+00 3.8880215e+00 4.0897722e+00
  2.4949253e+00 2.2362144e+00 2.5703912e+00 2.0239861e-01 3.7371856e-01
  3.0619173e+00 2.0944848e+00 1.5366352e+00 5.5923953e+00 2.0992067e+00
  2.8966194e-01 1.8363788e+00 2.4913929e+00 4.3529863e+00 2.0375216e+00
  3.5104134e+00 3.9066705e-01 3.4266181e+00 1.8795159e-02 5.2246177e-01
  2.8410158e-01 8.7806672e-01 3.0073869e-01 1.8624541e-01 1.3097153e+00
  5.4510250e+00 3.2135589e+00 2.3827467e+00 1.3135970e+00 3.1227610e+00
  1.9217938e-01 3.5841601e+00 1.1009474e+00 3.2885232e+00 3.0047126e+00
  5.2733159e-01 3.6509976e-01 1.3654530e+00 3.4957963e-01 1.5038763e+00
  2.4883466e+00 7.3175019e-01 1.6758164e+00 1.1957188e+00 6.6373223e-01
  2.3067319e+00 5.0909634e+00 4.7617683e+00 2.0530822e+00 2.3162224e+00
  2.7556190e+00 2.9480624e+00 1.6108792e+00 4.7687832e-01 5.2030271e-01
  3.2143342e+00 1.1377393e+00 7.5294219e-02 2.7948773e+00 1.8300363e-01
  4.7857094e-01 1.6948295e+00 8.8107595e+00 2.7819920e+00 5.6861191e+00
  2.9665348e-01 3.7740293e+00 5.6147784e-01 2.8458078e+00 3.0642109e+00
  3.2879190e+00 4.8875380e+00 3.1093761e-01 3.4751979e-01 1.2373679e+00
  3.5717171e-01 1.3422754e+00 8.6612272e-01 1.0632716e+00 7.6408854e+00
  3.4920406e+00 1.4187945e-01 1.4141383e+00 3.0917234e+00 1.1456096e+00
  2.3856509e+00 9.3690151e-01 1.8306683e-01 0.0000000e+00 2.1869381e-01
  2.1038978e+00 1.5385092e+00 2.3306176e-02 3.9059050e+00 1.1575273e+00
  2.8533310e-01 1.3739644e+00 1.5462118e+00 1.1094377e+00 6.2970525e-01
  6.9316858e-03 1.1416879e+00 7.7364545e+00 4.5940375e+00 4.1226587e+00
  4.8920646e+00 1.3313410e-01 4.3703375e+00 7.9005146e+00 3.6570811e+00
  7.3594099e-01 8.9620619e+00 0.0000000e+00 8.2176459e-01 1.2171062e-01
  7.2879744e-01 0.0000000e+00 6.0442460e-01 2.7600939e+00 2.3364174e+00
  0.0000000e+00 8.4327012e-01 3.1724608e+00 1.9821329e+00 3.1226683e-01
  2.0213664e+00 2.7592275e+00 1.3327656e+00 3.0512540e+00 5.0472074e+00
  1.3410716e-01 1.4869131e+00 1.6200866e+00 2.1718393e-01 4.9224648e+00
  4.9283829e+00 1.9582372e+00 1.2805215e+00 2.8592975e+00 0.0000000e+00
  5.5082124e-01 2.1051700e+00 2.0369115e+00 2.9398489e+00 3.3127382e+00
  4.5773849e+00 8.4680614e+00 1.4735595e+00 1.6498408e+00 3.0465794e+00
  7.7045798e-01 1.7448674e-01 1.2725899e+00 2.9105501e+00 2.3471611e+00
  7.0725565e+00 7.5410593e-01 5.7340038e-01 1.7725992e+00 7.1459689e+00
  3.4763552e-02 7.9909825e-01 1.0438193e+00 1.4292601e+00 2.0233936e+00
  0.0000000e+00 2.8924763e+00 1.5855006e+00 2.9156830e+00 1.4370660e+00
  1.1728381e+00 1.6635245e+00 4.7414880e+00 2.7836292e+00 3.6093020e-01
  2.3934543e+00 2.5133226e+00 1.5752997e+00 3.4172566e+00 4.6080966e+00
  3.9829888e+00 4.3248343e+00 4.2193298e+00 3.3140445e+00 1.6717854e+00
  7.3181969e-01 9.0942532e-01 9.6855056e-01 7.9182754e+00 1.2053601e+00
  2.6327963e+00 2.9990345e-01 1.7914746e+00 0.0000000e+00 5.0060612e-01
  9.1479547e-02 3.5129042e+00 3.0162621e+00 4.4894657e+00 1.2173926e+00
  1.4174941e+00 5.0933397e-01 1.1845706e+00 1.9358286e+00 5.9867735e+00
  9.6405900e-01 5.8824557e-01 6.2932944e-01 5.2768588e-01 0.0000000e+00
  6.6187143e-01 2.2084768e-01 3.0117877e+00 1.0829995e+00 2.2640276e+00
  1.3952022e+00 1.5989964e+00 1.4901952e+00 6.3742337e+00 1.0392129e+00
  5.1955360e-01 3.8470405e-01 4.8975021e-01 1.6775036e+00 1.2139604e+00
  0.0000000e+00 7.0924401e-01 3.4843016e-01 2.6713753e+00 7.0246592e-02
  1.3881302e-01 2.7912787e-01 1.4444041e+00 6.4629728e-01 2.5173903e+00
  1.7678638e-01 6.1139450e+00 7.8541595e-01 5.9347658e+00 2.3215253e+00
  3.5606840e+00 1.5491965e+00 1.0714443e-01 0.0000000e+00 9.1168803e-01
  4.8544135e+00 1.2696979e+00 3.3275595e+00 3.3108442e+00 6.4984016e+00
  2.7614164e+00 5.8553820e+00 2.7512016e+00 6.0048297e-02 1.8343892e+00
  6.7827471e-02 3.2252920e+00]]