[[5.31238727e-02 4.83410120e-01 8.17465425e-01 8.69635224e-01
  1.88053036e+00 1.10282564e+01 8.18570137e+00 4.79420349e-02
  2.06561327e+00 1.85695541e+00 6.82611406e-01 2.60638982e-01
  3.86556655e-01 1.24025799e-01 0.00000000e+00 1.21524751e+00
  7.95242727e-01 1.15286283e-01 2.85881847e-01 4.43787289e+00
  2.19582534e+00 5.28398418e+00 5.06445467e-01 0.00000000e+00
  4.34528887e-01 5.47516870e+00 4.53112221e+00 4.52199030e+00
  5.42148972e+00 1.22034359e+00 3.11733365e-01 3.21268630e+00
  8.28825295e-01 2.43580532e+00 3.23702067e-01 4.19405729e-01
  8.74926209e-01 4.66378003e-01 3.02723885e+00 2.11011457e+00
  1.67089903e+00 3.25871992e+00 2.58464813e-01 9.74523365e-01
  7.60275543e-01 0.00000000e+00 5.63138151e+00 5.29088497e+00
  4.95573282e+00 3.35940933e+00 8.62179399e-02 9.03566420e-01
  1.08272040e+00 2.31878206e-01 6.12793744e-01 5.48757553e+00
  3.53645301e+00 8.19848442e+00 2.00825047e+00 1.88739979e+00
  1.27478445e+00 7.79173613e-01 6.50508165e-01 4.25276232e+00
  6.46921456e-01 5.49285316e+00 3.54601741e+00 5.05965042e+00
  2.77484822e+00 2.30492377e+00 9.20212567e-01 1.07921243e+00
  1.37274310e-01 4.57446480e+00 2.39659399e-02 1.80118307e-01
  4.31248963e-01 1.17401969e+00 1.37687314e+00 1.98024070e+00
  1.04413486e+00 2.48601198e+00 6.30784559e+00 1.18252568e-01
  1.98757744e+00 1.68870077e-01 0.00000000e+00 1.55856466e+00
  5.34606743e+00 0.00000000e+00 3.03272295e+00 4.59322071e+00
  2.70350158e-01 6.57287300e-01 8.39645684e-01 2.91467130e-01
  1.92906153e+00 3.99609876e+00 1.15488422e+00 3.09205627e+00
  1.40151411e-01 9.98254597e-01 1.71121156e+00 5.18516159e+00
  1.37685418e-01 5.56137502e-01 1.52783751e+00 4.79569525e-01
  1.86053622e+00 1.14976919e+00 2.71537185e+00 1.18824828e+00
  0.00000000e+00 8.47600746e+00 1.82944083e+00 6.17732257e-02
  4.35273457e+00 6.56564593e-01 1.14490487e-01 1.33702302e+00
  1.36206225e-02 2.90459251e+00 2.21993566e-01 4.47360563e+00
  1.82829177e+00 8.11116576e-01 2.83149433e+00 0.00000000e+00
  6.29293585e+00 1.17163935e+01 4.07737207e+00 3.27090710e-01
  1.18010449e+00 6.92980528e-01 3.72516918e+00 1.74534500e-01
  9.14268553e-01 1.55850875e+00 1.50911951e+00 1.13832708e-02
  4.45340067e-01 2.16653675e-01 3.11799002e+00 2.00476789e+00
  6.04638052e+00 1.71223509e+00 8.24895144e-01 1.79392681e-01
  3.27709270e+00 1.17017433e-01 1.93420327e+00 1.20771694e+00
  3.15122199e+00 0.00000000e+00 2.51778185e-01 1.09358859e+00
  2.83513761e+00 2.04529428e+00 1.32073069e+00 1.05699062e+00
  8.48841608e-01 1.43190670e+00 5.02592039e+00 2.15828598e-01
  1.13793647e+00 4.89864016e+00 2.33717598e-02 3.64747381e+00
  1.79245603e+00 4.00852156e+00 9.09104729e+00 1.33377939e-01
  2.41015697e+00 3.70186758e+00 1.47144735e+00 4.87129062e-01
  3.25671983e+00 0.00000000e+00 3.27988887e+00 1.09305048e+01
  2.75829339e+00 1.73189882e-02 7.24394941e+00 3.18033904e-01
  4.69485335e-02 1.37678170e+00 6.01061535e+00 1.21937799e+00
  4.55904985e-03 1.48768115e+00 1.36591303e+00 0.00000000e+00
  1.29911125e+00 7.96254826e+00 0.00000000e+00 2.97749925e+00
  1.81836486e-01 4.26624954e-01 3.26391220e-01 0.00000000e+00
  1.04947209e+00 9.66367245e-01 1.27270889e+00 1.31871149e-01
  6.30479288e+00 2.74603796e+00 2.87562251e-01 1.10438728e+00
  1.24515057e+00 0.00000000e+00 1.05027068e+00 7.02748823e+00
  2.65957022e+00 2.48461628e+00 2.68063694e-01 2.68656224e-01
  3.22142243e-02 6.42796397e-01 1.11368060e+00 1.86330676e+00
  2.35006083e-02 1.75676215e+00 4.27406311e+00 3.38401270e+00
  8.76979256e+00 1.21051311e+00 9.28461134e-01 1.45732307e+00
  2.70093489e+00 2.52931982e-01 3.12971330e+00 3.01645112e+00
  8.01954091e-01 3.45009875e+00 1.42512918e+00 1.53427649e+00
  5.46728075e-01 6.23792553e+00 0.00000000e+00 4.74973392e+00
  2.74402022e+00 3.84146392e-01 1.10916603e+00 4.10872030e+00
  4.76330328e+00 4.04936790e+00 8.35216618e+00 2.27151856e-01
  1.44040155e+00 3.63718152e+00 1.19260824e+00 1.66243327e+00
  2.88673878e+00 3.23027444e+00 1.52818310e+00 0.00000000e+00
  9.43815589e-01 1.91288090e+00 1.33399153e+00 1.89959669e+00
  2.54350811e-01 4.83527005e-01 0.00000000e+00 6.56003046e+00
  2.25777197e+00 4.89913368e+00 1.68963182e+00 1.51037276e+00
  1.21590538e+01 7.61339009e-01 4.84361124e+00 1.56719935e+00
  1.55712247e+00 2.47387552e+00 0.00000000e+00 4.68239486e-01
  1.49919271e+00 2.91876107e-01 9.99416560e-02 4.53459787e+00
  1.10172665e+00 3.33498502e+00 3.25945854e+00 1.21558654e+00
  5.36608124e+00 3.18672687e-01 2.51249456e+00 1.19695115e+00
  3.11543989e+00 5.19804657e-01 0.00000000e+00 3.43125606e+00
  2.13227987e+00 3.56318569e+00 1.36480832e+00 5.66472590e-01
  6.87876129e+00 6.27875030e-01 5.79967594e+00 0.00000000e+00
  2.08882022e+00 8.96069825e-01 3.65932584e+00 5.26001310e+00
  5.46202183e+00 1.35608959e+00 2.34410691e+00 2.44261360e+00
  6.55011177e-01 3.18709445e+00 1.36298656e+00 1.42278180e-01
  2.64700699e+00 3.52669895e-01 2.04808980e-01 0.00000000e+00
  7.36540604e+00 8.31447697e+00 3.80801678e+00 5.28939664e-01
  1.82860956e-01 3.66618371e+00 6.06664360e-01 1.37901381e-01
  4.37622219e-01 4.09607172e+00 9.25985050e+00 0.00000000e+00
  0.00000000e+00 1.34226274e+00 3.05329245e-02 1.74145353e+00
  2.95661616e+00 2.42588401e+00 7.73486471e+00 7.26330578e-01
  4.01846600e+00 3.15822363e+00 4.36623156e-01 4.69280815e+00
  1.17533529e+00 9.55728143e-02 2.67871165e+00 9.63480413e-01
  9.81076121e-01 2.56609488e+00 4.77385700e-01 5.09786189e-01
  6.51592314e-01 6.93265855e-01 4.68400717e-01 1.49500442e+00
  1.90574753e+00 7.79570043e-02 3.62199688e+00 4.52234983e-01
  1.73345125e+00 6.40559292e+00 2.72132587e+00 1.07470405e+00
  1.60205543e+00 7.02407122e-01 1.19966908e+01 5.35339773e-01
  2.58177567e+00 2.29814386e+00 1.63855915e+01 7.25253105e-01
  1.53151423e-01 3.08123324e-02 0.00000000e+00 4.56803381e-01
  4.08945084e+00 3.39666791e-02 4.59171724e+00 1.66317844e+00
  3.63048697e+00 6.14714098e+00 2.39416528e+00 3.60635304e+00
  1.49783525e+01 4.09979200e+00 1.85029283e-01 2.47151875e+00
  8.06866527e-01 1.56579149e+00 1.40480399e+00 1.81700259e-01
  1.64561224e+00 9.69431639e-01 2.43316102e+00 9.03127372e-01
  1.57400393e+00 1.84042978e+00 2.56599569e+00 2.25633726e-01
  6.84123611e+00 1.30756116e+00 2.73711944e+00 3.65815341e-01
  1.00867450e+00 3.82976103e+00 3.55550528e+00 4.89752769e+00
  1.15949623e-01 1.36788678e+00 0.00000000e+00 2.08103466e+00
  2.65892863e+00 5.65077782e+00 3.03658366e+00 1.73605192e+00
  5.88596761e-01 9.27859664e-01 1.21603489e+00 0.00000000e+00
  1.25089180e+00 1.72648299e+00 0.00000000e+00 1.22924519e+00
  9.05712545e-01 8.29780340e-01 3.20788455e+00 8.27171898e+00
  2.10136414e+00 1.92033505e+00 1.69282687e+00 4.28393698e+00
  1.80302989e+00 3.77216309e-01 3.13275361e+00 2.88577056e+00
  5.70669317e+00 7.84556568e-02 3.69926524e+00 5.81957150e+00
  1.29170573e+00 5.40670633e+00 5.55720210e-01 4.67460155e-01
  0.00000000e+00 1.88751027e-01 3.53334427e-01 1.07776999e+00
  3.97654486e+00 1.60882366e+00 1.12395465e+00 5.61634362e-01
  1.08344797e-02 2.99267888e-01 1.27662337e+00 2.57410717e+00
  2.81572610e-01 3.88688898e+00 4.71234894e+00 3.25239897e-01
  7.33403301e+00 5.87970591e+00 0.00000000e+00 5.35025060e-01
  4.46614408e+00 8.05145442e-01 1.83916967e-02 1.89866698e+00
  0.00000000e+00 4.59432602e-02 1.28546488e+00 4.84473467e-01
  4.14019555e-01 2.80167627e+00 1.55137086e+00 9.35658693e-01
  7.06860363e-01 6.58220482e+00 2.47682929e+00 4.17122468e-02
  3.87055683e+00 5.65873742e-01 3.96150611e-02 0.00000000e+00
  7.74871483e-02 5.53013945e+00 1.08800784e-01 4.74941349e+00
  0.00000000e+00 4.39137793e+00 7.91736221e+00 2.74043739e-01
  9.77857172e-01 5.84638007e-02 8.04234743e-01 2.39891425e-01
  1.38080657e+00 1.97182977e+00 3.27573895e-01 1.04328501e+00
  3.30013847e+00 6.74995661e+00 2.78413177e-01 8.71480107e-02
  1.15509615e+01 3.61375153e-01 4.93103892e-01 1.86942482e+00
  4.26308060e+00 1.60517693e+00 5.16937447e+00 2.31620908e+00
  1.29175663e+00 5.17720394e-02 1.37033999e+00 0.00000000e+00]]