[[4.48295450e+00 8.36336434e-01 0.00000000e+00 0.00000000e+00
  1.70729077e+00 5.88937402e-01 1.81537414e+00 5.01986265e-01
  0.00000000e+00 1.51311386e+00 1.14723015e+00 3.27662021e-01
  5.72690058e+00 5.10228157e-01 0.00000000e+00 3.63129544e+00
  8.79311860e-01 0.00000000e+00 1.03713036e+00 4.93693924e+00
  2.33860660e+00 9.40641403e+00 2.47708511e+00 5.51755488e-01
  4.29293305e-01 9.41923714e+00 6.21854210e+00 6.16010380e+00
  2.56131625e+00 1.79649568e+00 3.44679570e+00 5.15106153e+00
  9.08608496e-01 3.13427806e+00 2.46317267e-01 1.80498332e-01
  4.33150589e-01 9.39782441e-01 1.09845471e+00 1.50984609e+00
  9.09165764e+00 3.13558078e+00 9.50865090e-01 4.49383068e+00
  4.49600840e+00 5.45812368e+00 3.03218269e+00 4.79817581e+00
  4.60683823e+00 2.34791493e+00 6.03352368e-01 3.58518744e+00
  1.67122817e+00 6.86323261e+00 4.70487863e-01 2.61849761e+00
  6.58106756e+00 3.09257531e+00 8.32894325e-01 8.54907691e-01
  1.79005897e+00 1.74819851e+00 2.96553540e+00 7.71142769e+00
  0.00000000e+00 1.37165463e+00 5.07787168e-01 8.82345080e-01
  6.85562181e+00 5.78607512e+00 1.59644377e+00 1.74063611e+00
  2.34273863e+00 7.16392040e+00 3.61956072e+00 8.52017975e+00
  6.53598785e+00 4.47329968e-01 5.48804283e-01 3.22855383e-01
  5.42350912e+00 7.74885833e-01 5.58268356e+00 2.37860584e+00
  2.93167758e+00 2.69567466e+00 6.85441613e-01 3.63055849e+00
  3.76385860e-02 6.44781113e-01 6.03917885e+00 4.34422064e+00
  0.00000000e+00 3.22630835e+00 3.48776150e+00 9.53279138e-01
  9.01188731e-01 3.44791919e-01 1.11135769e+00 3.99479079e+00
  1.54880810e+00 1.44956684e+00 2.05183402e-01 5.08593512e+00
  9.92804184e-04 2.74915552e+00 6.56197548e+00 1.39476895e+00
  7.04916954e+00 1.05545402e+00 2.58565044e+00 4.22883606e+00
  1.50653434e+00 3.87323171e-01 3.11679196e+00 8.52551386e-02
  6.57747555e+00 6.44904912e-01 2.08376694e+00 1.32731998e+00
  2.74424642e-01 8.65538955e-01 0.00000000e+00 4.06274557e+00
  0.00000000e+00 3.88069677e+00 4.01232338e+00 1.15063995e-01
  2.51992393e+00 1.63385525e+01 7.78143978e+00 1.86890101e+00
  4.40922308e+00 5.04365206e-01 1.90581810e+00 3.11679959e+00
  8.40561628e-01 5.14358854e+00 2.10317537e-01 0.00000000e+00
  2.39483014e-01 1.76000333e+00 1.24162078e+00 1.21260774e+00
  1.95549786e+00 8.37969720e-01 2.92266626e-02 3.37714732e-01
  0.00000000e+00 1.70361161e+00 2.49086428e+00 5.13193846e-01
  4.71874905e+00 2.30419445e+00 2.06025898e-01 3.32325912e+00
  1.76143682e+00 4.04031706e+00 4.34156561e+00 1.59806657e+00
  4.82986212e+00 8.32287073e-01 3.25409150e+00 2.73964357e+00
  4.14063501e+00 8.88276994e-01 5.75246327e-02 1.59945059e+00
  4.95130569e-01 1.56608486e+00 1.12291679e+01 1.72932732e+00
  2.55621481e+00 3.21367002e+00 1.40634626e-01 2.46355295e+00
  6.22944880e+00 0.00000000e+00 1.05384350e+00 3.23388457e+00
  1.82196057e+00 5.66326082e-01 4.51489115e+00 4.07482672e+00
  5.16634285e-02 1.86680198e+00 1.78226757e+00 1.61680079e+00
  4.18587971e+00 1.73698080e+00 1.47088218e+00 7.54423514e-02
  2.12908363e+00 1.23776665e+01 1.28297091e+00 7.23794174e+00
  9.42150950e-01 6.30801630e+00 7.45516717e-02 4.71983290e+00
  1.69224262e+00 2.32182074e+00 0.00000000e+00 6.65981865e+00
  6.40940762e+00 3.11023068e+00 2.56809503e-01 2.96631432e+00
  1.55623531e+00 8.01027679e+00 1.12790263e+00 1.22568798e+00
  6.73644006e-01 2.07594469e-01 6.23739362e-01 4.66371737e-02
  2.28575611e+00 8.78710985e-01 1.79384518e+00 2.34291720e+00
  0.00000000e+00 7.63126659e+00 8.67286682e+00 1.35108292e+00
  3.06189561e+00 3.03431606e+00 4.65744781e+00 3.38676953e+00
  1.11022210e+00 1.90156186e+00 1.52067363e+00 6.62547636e+00
  5.24757445e-01 1.03658271e+00 4.99507159e-01 4.42131698e-01
  1.09118390e+00 6.10899591e+00 1.27493966e+00 3.47605729e+00
  2.73671716e-01 0.00000000e+00 2.21626639e+00 9.34424305e+00
  1.32041371e+00 8.53182316e+00 1.37086105e+01 6.57221460e+00
  1.83273935e+00 8.65066051e+00 1.45035267e+00 6.88082695e+00
  1.23349392e+00 2.76542854e+00 3.69867969e+00 1.04897571e+00
  1.87614834e+00 1.70802152e+00 2.49924898e+00 3.50702620e+00
  0.00000000e+00 0.00000000e+00 1.22944021e+00 8.10275459e+00
  3.60028887e+00 0.00000000e+00 6.84424210e+00 7.38264501e-01
  6.90298462e+00 1.07025349e+00 5.21795607e+00 2.09005058e-01
  3.32188940e+00 6.06179619e+00 2.05164218e+00 2.35336259e-01
  3.62458205e+00 2.06784701e+00 9.91188645e-01 4.00581598e+00
  8.23263741e+00 2.26744676e+00 1.31241913e+01 5.45421600e+00
  8.03622365e-01 0.00000000e+00 4.84638596e+00 2.48172259e+00
  4.49922752e+00 2.29087278e-01 3.77909374e+00 1.16987240e+00
  5.64707518e-01 2.16151500e+00 3.18990278e+00 2.00251985e+00
  0.00000000e+00 1.86207783e+00 8.31607878e-01 8.87416601e-01
  1.70862365e+00 1.72981381e+00 4.33930588e+00 1.70698240e-01
  8.58109295e-01 6.75060701e+00 1.39759171e+00 1.64405346e+00
  4.98776793e-01 7.46727765e-01 2.03679228e+00 4.94000241e-02
  2.07974672e+00 8.72324276e+00 1.03721714e+00 1.44514680e+00
  1.46217942e+00 1.18894682e+01 2.02051044e-01 2.35062146e+00
  6.39374316e-01 1.17900076e+01 4.22078371e+00 5.40891230e-01
  3.58059669e+00 9.33307111e-01 5.91609144e+00 1.39453244e+00
  4.51002121e+00 4.37388039e+00 0.00000000e+00 4.25349522e+00
  1.38206244e+00 2.35276055e+00 4.82255888e+00 3.14289880e+00
  2.45411944e+00 1.08881197e+01 5.76757002e+00 5.03239202e+00
  5.19393730e+00 0.00000000e+00 1.26297712e-01 2.59680897e-01
  7.95910025e+00 9.35063004e-01 3.76822650e-01 2.31750560e+00
  2.01315165e-01 1.73495531e-01 2.28233844e-01 1.65192425e-01
  3.37443161e+00 3.55854964e+00 2.87946671e-01 1.07102859e+00
  3.47787666e+00 2.65918469e+00 2.68252790e-01 5.39289808e+00
  3.90788436e-01 1.01772213e+00 3.94544101e+00 1.05378461e+00
  6.05988026e+00 3.08575720e-01 1.01857624e+01 6.29472733e-01
  1.21520489e-01 1.23229332e+01 5.33434868e+00 1.68690737e-02
  4.78223705e+00 1.08145043e-01 5.01831388e+00 1.62602091e+00
  8.22288990e+00 6.11182880e+00 2.97287679e+00 3.13720179e+00
  9.82910824e+00 8.36073875e-01 9.67898488e-01 2.29627633e+00
  9.10551071e+00 0.00000000e+00 5.85141039e+00 7.20815718e-01
  1.21479881e+00 3.84110737e+00 6.14334774e+00 2.28522372e+00
  3.77560949e+00 3.57847762e+00 7.95117915e-01 1.96048880e+00
  3.93919778e+00 1.87228048e+00 4.31714535e-01 4.90087271e-01
  5.74097443e+00 5.26371479e+00 6.98326254e+00 5.04583693e+00
  7.40764904e+00 9.25322950e-01 5.72966456e-01 4.63723373e+00
  0.00000000e+00 5.25047350e+00 1.94789493e+00 1.71347558e+00
  3.07919830e-01 3.34960163e-01 6.27165508e+00 7.32210636e+00
  4.73187655e-01 1.97528467e-01 5.81464481e+00 2.33346596e-03
  3.59014201e+00 2.41820002e+00 2.80906963e+00 1.02763052e+01
  3.27991104e+00 8.85091066e-01 1.44142616e+00 6.39047813e+00
  1.07963443e+00 1.51338184e+00 1.20795941e+00 9.43891928e-02
  7.20368385e+00 5.24182200e-01 4.83459741e-01 1.42235804e+00
  3.82716084e+00 3.90404552e-01 1.79311931e+00 4.51931524e+00
  2.20071125e+00 3.77300650e-01 0.00000000e+00 4.61525440e+00
  4.12790251e+00 3.00673938e+00 1.67660892e+00 1.34761703e+00
  1.81798184e+00 7.46137202e-01 1.28232229e+00 4.14216995e+00
  8.49666023e+00 6.76621294e+00 1.03271246e+00 0.00000000e+00
  9.25899601e+00 5.15077972e+00 1.17888155e+01 3.51697922e+00
  9.69948292e-01 2.35976696e+00 2.66337395e-03 1.33162701e+00
  0.00000000e+00 4.25045633e+00 6.65823042e-01 5.27818060e+00
  1.63700867e+00 7.47208834e-01 1.15432799e+00 3.76811445e-01
  4.29586560e-01 7.63601923e+00 0.00000000e+00 3.37075901e+00
  5.24439669e+00 1.72531295e+00 6.93534327e+00 5.62943268e+00
  0.00000000e+00 2.75066519e+00 1.08339734e-01 3.29487801e+00
  0.00000000e+00 6.65353632e+00 1.08671103e+01 1.45434666e+00
  1.84818363e+00 2.64479470e+00 0.00000000e+00 3.63703585e+00
  9.01992798e-01 1.01536679e+00 1.84315991e+00 4.15607214e-01
  4.81760025e+00 6.20910835e+00 1.17275476e+00 1.39307249e+00
  7.28269720e+00 2.22581124e+00 9.76665020e-01 1.37847221e+00
  6.00172138e+00 4.43353415e-01 2.17065277e+01 3.56997848e+00
  3.51498246e+00 2.83086061e-01 1.39537859e+00 2.92495415e-02]]