[[7.21305704e+00 4.75103617e+00 2.79488015e+00 1.51402473e+00
  0.00000000e+00 5.82541041e-02 2.31274080e+00 5.35485649e+00
  7.69720125e+00 1.11300552e+00 8.65735292e-01 7.76302159e-01
  1.10947335e+00 5.10713398e-01 0.00000000e+00 5.79755545e-01
  2.84933710e+00 2.46358722e-01 5.21814871e+00 2.33582997e+00
  2.60914475e-01 4.04790163e+00 1.82672155e+00 1.04188848e+00
  2.56464410e+00 8.63831615e+00 0.00000000e+00 1.66005149e-01
  2.76140475e+00 5.28528057e-02 1.09228611e+00 2.05668509e-01
  7.28427052e-01 7.74420917e-01 1.05613418e-01 0.00000000e+00
  2.49424267e+00 7.03133404e-01 1.05698955e+00 2.04780602e+00
  8.61063671e+00 3.58572102e+00 4.63444185e+00 5.04120636e+00
  3.39091867e-01 9.81878579e-01 3.91834378e+00 1.76639199e+00
  3.70610881e+00 5.40338643e-02 5.74912739e+00 6.30139112e-01
  1.44708782e-01 2.30759192e+00 3.15775561e+00 5.43929636e-01
  7.95211601e+00 2.25204206e+00 2.72841930e-01 3.72875357e+00
  0.00000000e+00 1.31055129e+00 3.48704362e+00 9.76213455e+00
  0.00000000e+00 1.83950865e+00 4.87338006e-01 3.01018858e+00
  5.60357928e-01 3.24112725e+00 1.20623617e+01 1.88281870e+00
  4.07220793e+00 5.90697575e+00 3.05223608e+00 5.51813245e-01
  8.72830600e-02 2.40424132e+00 4.51928437e-01 7.11650610e+00
  1.85359433e-01 3.76941085e-01 1.76457131e+00 4.41620260e-01
  1.01022768e+01 1.77626848e+00 4.94817138e-01 1.98205376e+00
  5.03642511e+00 3.98133659e+00 4.33757162e+00 2.79566789e+00
  0.00000000e+00 5.21643579e-01 1.32342422e+00 1.10476923e+00
  2.06496447e-01 2.18571520e+00 1.09093714e+00 3.41394377e+00
  4.69823599e-01 1.84190869e-01 8.72929668e+00 3.73433805e+00
  5.58785081e-01 1.24408491e-01 1.11512804e+00 4.65500772e-01
  2.92345762e+00 1.83891511e+00 5.98034203e-01 5.53605318e+00
  3.89587194e-01 0.00000000e+00 2.70450622e-01 7.90322065e-01
  2.00328588e+00 4.70886707e-01 2.75215721e+00 2.14877200e+00
  0.00000000e+00 5.15581799e+00 1.28070569e+00 6.75879240e+00
  6.15823317e+00 1.51381600e+00 1.14648449e+00 2.45772555e-01
  3.08372903e+00 9.97992516e+00 2.12487793e+00 0.00000000e+00
  1.46199417e+01 2.37855816e+00 4.09044623e-01 1.36259878e+00
  3.44336569e-01 0.00000000e+00 6.74399424e+00 2.24233413e+00
  0.00000000e+00 2.00881171e+00 3.19404197e+00 1.24408972e+00
  2.15244126e+00 2.84309697e+00 1.97056031e+00 2.73691446e-01
  2.67975426e+00 1.92093694e+00 6.09178066e+00 1.05489865e-02
  4.48130035e+00 0.00000000e+00 4.19555157e-01 0.00000000e+00
  9.31697071e-01 3.71636078e-02 1.84206545e+00 3.17606479e-01
  5.52157938e-01 4.98297167e+00 3.71408153e+00 0.00000000e+00
  2.14788675e+00 3.98642093e-01 2.06906390e+00 5.26929259e-01
  6.33299425e-02 4.74544503e-02 2.57565689e+00 5.87905705e-01
  3.87441921e+00 1.52673435e+01 2.30193043e+00 1.64596772e+00
  0.00000000e+00 2.76369500e+00 1.12943077e+01 3.60047746e+00
  2.30232310e+00 1.55556369e+00 7.82234371e-01 5.73531389e-01
  2.95998645e+00 8.55493248e-01 2.62595487e+00 1.61388564e+00
  4.11665869e+00 2.24001527e+00 9.22228718e+00 5.39805222e+00
  1.16770518e+00 7.00827599e+00 2.10963130e+00 1.92946747e-01
  0.00000000e+00 1.15874398e+00 7.71258974e+00 8.85302648e-02
  1.82834518e+00 0.00000000e+00 3.72750735e+00 5.98741293e+00
  2.28326988e+00 2.25367141e+00 1.44933736e+00 1.35365999e+00
  1.07850969e+00 1.29793587e+01 7.37945557e+00 3.03224802e+00
  0.00000000e+00 1.09128630e+00 8.59334052e-01 1.73554063e+00
  3.37067533e+00 4.41228485e+00 5.83397865e-01 7.87114263e-01
  6.21243000e-01 6.57970953e+00 7.19483972e-01 8.10119867e-01
  4.97031116e+00 2.92911601e+00 0.00000000e+00 4.34135485e+00
  3.19790030e+00 6.98137879e-01 1.76587150e-01 3.90751433e+00
  9.24261689e-01 0.00000000e+00 1.53647602e+00 1.16682959e+00
  6.51160097e+00 8.13691711e+00 4.61149120e+00 2.72272062e+00
  8.56238127e-01 1.76710093e+00 2.71838260e+00 6.25525856e+00
  2.58741879e+00 1.75668831e+01 6.19334698e+00 1.37421882e+00
  3.10994697e+00 2.04150128e+00 3.91245782e-01 5.79259098e-01
  7.38107347e+00 5.56074429e+00 6.38898563e+00 0.00000000e+00
  7.89790571e-01 1.20577119e-01 3.59665823e+00 2.64359426e+00
  0.00000000e+00 1.46394253e+00 6.30800307e-01 6.52289295e+00
  2.64666867e+00 5.40549994e+00 0.00000000e+00 1.65158200e+00
  3.85335112e+00 1.27326322e+00 1.01326513e+00 4.65482086e-01
  2.71064192e-01 1.20507288e+01 4.21544695e+00 0.00000000e+00
  9.19308662e+00 3.05005550e-01 1.14282385e-01 1.52723417e-01
  1.36128130e+01 1.57934070e+00 5.30640316e+00 2.06402159e+00
  2.57040453e+00 3.27405810e-01 1.84178972e+00 3.80304575e+00
  3.78575540e+00 1.08222952e+01 3.05116558e+00 5.62765741e+00
  4.72031236e-01 7.04528809e+00 5.42694235e+00 2.50355482e+00
  6.31521273e+00 5.43803990e-01 1.49690366e+00 0.00000000e+00
  7.23811090e-01 4.07092333e+00 3.85330319e+00 9.73645449e-02
  1.56552994e+00 8.78798771e+00 4.16626072e+00 2.13070226e+00
  2.75372595e-01 2.93288350e+00 6.04058862e-01 4.86527920e-01
  2.82451773e+00 1.31312728e+00 2.41826105e+00 3.88793063e+00
  2.23542356e+00 9.35450649e+00 1.99168578e-01 4.34686136e+00
  3.57314849e+00 7.62094617e-01 6.09860563e+00 3.11388612e-01
  8.77459645e-01 8.32454622e-01 5.01400328e+00 9.29899633e-01
  1.61836839e+00 0.00000000e+00 1.05937295e-01 2.54118276e+00
  3.51131630e+00 1.07838130e+00 6.46675253e+00 1.37148750e+00
  1.94253683e+00 6.40546799e+00 4.36461020e+00 3.43984294e+00
  7.85056055e-01 2.39797328e-02 2.52860951e+00 1.04757805e+01
  2.13913107e+00 6.67343378e-01 2.30263472e+00 1.16385400e+00
  1.40328419e+00 9.90056932e-01 0.00000000e+00 3.85866672e-01
  1.03615737e-03 0.00000000e+00 5.29716015e+00 1.36186540e-01
  0.00000000e+00 7.55471468e+00 2.72787714e+00 1.38340878e+00
  1.05432777e+01 1.18691802e+00 5.80193400e-01 2.28166676e+00
  9.69770050e+00 9.38236058e-01 5.18776274e+00 1.05047321e+00
  0.00000000e+00 3.27621996e-01 2.48710704e+00 5.01755333e+00
  1.16732101e+01 4.41933334e-01 4.74126786e-02 7.18870592e+00
  1.38800561e-01 1.45271862e+00 9.50663185e+00 1.96133363e+00
  2.41795325e+00 4.84889698e+00 4.93045926e-01 2.83692503e+00
  6.87449872e-01 3.13948059e+00 1.71889353e+00 0.00000000e+00
  8.67774367e-01 7.47958851e+00 4.82499033e-01 3.76607537e+00
  1.65341485e+00 3.39983702e+00 1.82262051e+00 8.88779700e-01
  0.00000000e+00 3.55537629e+00 1.34005678e+00 1.26185641e-02
  3.71328974e+00 2.33887100e+00 3.12810302e-01 7.05787563e+00
  8.29247761e+00 1.51065791e+00 2.81747207e-02 5.69199562e+00
  1.08181798e+00 2.53816748e+00 3.60086060e+00 1.32801160e-01
  1.57893157e+00 1.64432025e+00 0.00000000e+00 2.66231857e-02
  0.00000000e+00 1.39844573e+00 0.00000000e+00 1.26951799e-01
  1.02361119e+00 0.00000000e+00 8.54635143e+00 5.86537933e+00
  1.43855226e+00 0.00000000e+00 4.23848987e-01 1.99860799e+00
  2.91364431e-01 1.91354990e+00 2.57733107e+00 4.06658262e-01
  1.56528797e+01 1.47840178e+00 0.00000000e+00 3.19872403e+00
  6.23482205e-02 0.00000000e+00 1.07667397e-03 4.58911747e-01
  0.00000000e+00 3.35660093e-02 1.14044380e+00 9.51178932e+00
  1.29000151e+00 1.26961023e-01 2.26449823e+00 1.69714308e+00
  1.63516939e+00 1.05104840e+00 2.06476974e+00 4.02405262e+00
  5.42823648e+00 3.68658972e+00 1.62111819e+00 6.90850019e-02
  6.52445889e+00 7.63239622e-01 3.61421853e-02 1.07798548e+01
  4.65349770e+00 2.60974097e+00 1.70760894e+00 1.25654387e+00
  0.00000000e+00 1.12339413e+00 9.63938311e-02 2.68685579e+00
  6.73256218e-01 3.80193472e-01 1.11612213e+00 7.33271074e+00
  1.09591770e+00 1.86319084e+01 1.59995193e+01 1.15293905e-01
  0.00000000e+00 1.46967030e+00 3.22748828e+00 5.35648394e+00
  1.22160912e+00 7.52171278e-01 1.72978628e+00 3.53757811e+00
  3.17895842e+00 3.17712694e-01 7.76241302e+00 7.09863473e-03
  9.24037635e-01 1.91135108e+00 3.52937341e+00 7.42885411e-01
  1.12213051e+00 6.01923180e+00 2.06599307e+00 4.24969959e+00
  3.86321855e+00 6.66544867e+00 7.68540144e-01 2.86654115e-01
  8.65053558e+00 1.03219831e+00 5.20304263e-01 8.93174708e-01
  1.30587244e+00 3.93427563e+00 3.83463097e+00 1.28683257e+00
  1.22563148e+00 2.35413343e-01 8.22510529e+00 3.56786311e-01]]