[[3.42964673e+00 2.55752039e+00 1.48999274e+00 1.00719064e-01
  2.07838559e+00 5.74131870e+00 1.62911677e+00 0.00000000e+00
  1.39274538e+00 3.07141805e+00 1.54358673e+00 5.20278633e-01
  2.44231844e+00 2.67088890e+00 0.00000000e+00 3.99753046e+00
  2.19411731e+00 1.46710545e-01 5.31281121e-02 2.61860585e+00
  1.05740094e+00 4.38188505e+00 3.71842170e+00 3.91369724e+00
  6.85460642e-02 1.76625860e+00 2.58736110e+00 1.17976007e+01
  1.10690947e+01 3.25447321e+00 5.67493021e-01 2.58678269e+00
  1.75239909e+00 3.59192419e+00 1.84803927e+00 1.86906075e+00
  1.14896655e+00 1.38304043e+00 3.19885230e+00 2.78001022e+00
  1.65766537e+00 1.63414037e+00 5.25640965e-01 6.65565348e+00
  8.73823583e-01 2.20835495e+00 2.48180449e-01 2.14830184e+00
  1.00767612e+00 1.70858055e-01 5.06379724e-01 8.06393051e+00
  3.34297466e+00 4.08452225e+00 3.94054699e+00 2.33486605e+00
  5.40819502e+00 5.47769248e-01 6.12705089e-02 6.90369964e-01
  3.42083621e+00 4.72044516e+00 5.89288712e+00 1.30180192e+00
  1.03377923e-02 3.62813926e+00 1.79667377e+00 1.03548431e+00
  9.05923557e+00 1.40267789e+00 9.11175919e+00 8.71181071e-01
  0.00000000e+00 5.99668598e+00 1.62317514e+00 3.46531105e+00
  3.08974952e-01 8.38996708e-01 3.50097418e+00 1.33236349e+00
  0.00000000e+00 1.49849021e+00 5.93057299e+00 4.14534271e-01
  7.13380671e+00 4.02421188e+00 5.47027111e-01 4.37893295e+00
  4.14982367e+00 0.00000000e+00 5.91822052e+00 1.12544494e-02
  0.00000000e+00 2.95040917e+00 3.64198089e+00 3.37112927e+00
  3.12077427e+00 2.97394365e-01 2.30653867e-01 7.25540638e+00
  1.21276639e-01 3.06627117e-02 2.52851701e+00 5.33298969e+00
  0.00000000e+00 2.22032852e-02 3.50600171e+00 4.92203653e-01
  8.64653873e+00 2.45944238e+00 4.48089790e+00 1.13671660e+00
  1.99809253e+00 5.48271751e+00 1.71263945e+00 1.57417500e+00
  8.24159908e+00 1.80816758e+00 5.71177721e-01 3.83061767e-01
  4.43180114e-01 1.35995910e-01 1.07213962e+00 8.73395252e+00
  4.52660620e-01 2.86374736e+00 7.08211780e-01 1.64532018e+00
  9.32120025e-01 1.18860960e+01 4.98036909e+00 6.63117290e-01
  4.52766389e-01 1.70077765e+00 0.00000000e+00 3.48402476e+00
  4.42643356e+00 6.10712409e-01 6.10210836e-01 1.87256671e-02
  5.21387959e+00 2.28328538e+00 5.55064535e+00 7.24096918e+00
  3.29935980e+00 1.84882557e+00 5.77908373e+00 3.14806342e-01
  6.79641724e-01 3.22270989e+00 3.57409805e-01 2.36655617e+00
  9.44611192e-01 5.79351330e+00 1.87477684e+00 2.78289723e+00
  2.82945275e+00 2.42941976e+00 2.25737715e+00 9.91798019e+00
  1.96183586e+00 8.69471550e+00 3.99344206e+00 2.02690506e+00
  3.90275419e-01 1.40209639e+00 0.00000000e+00 2.20972681e+00
  2.77785563e+00 1.40841234e+00 9.76605320e+00 3.05097723e+00
  3.62679362e+00 1.54464569e+01 1.35530341e+00 1.08699989e+00
  1.05742598e+01 3.69105451e-02 5.48104858e+00 9.51700115e+00
  0.00000000e+00 0.00000000e+00 5.33774185e+00 1.12813139e+00
  1.33775249e-01 1.80052698e+00 4.24735069e+00 7.02590332e-04
  1.10211706e+00 1.12735949e+01 1.06631231e+00 3.30461919e-01
  0.00000000e+00 3.92582679e+00 8.49269867e-01 1.60795736e+00
  6.96731520e+00 2.89806652e+00 7.90936828e-01 2.81703758e+00
  1.28068197e+00 1.23552287e+00 0.00000000e+00 1.17958975e+00
  5.39761782e+00 2.56456661e+00 3.71187449e+00 8.43610382e+00
  3.28841996e+00 5.12485504e+00 6.38513148e-01 9.43794027e-02
  2.21087170e+00 3.54558855e-01 9.91644502e-01 0.00000000e+00
  7.19927967e-01 0.00000000e+00 1.33025444e+00 3.35555506e+00
  1.37938094e+00 3.18049121e+00 6.61999130e+00 4.39571917e-01
  2.55941844e+00 1.22831249e+01 3.02049088e+00 8.13149452e+00
  6.02773714e+00 2.02490616e+00 2.27081013e+00 1.17247295e+00
  2.63902617e+00 2.67371726e+00 1.66744187e-01 7.47023569e-03
  1.15646160e+00 1.99338245e+00 3.16544366e+00 2.53570604e+00
  0.00000000e+00 1.02635694e+00 3.98918056e+00 1.28311996e+01
  1.97318828e+00 3.97539377e+00 7.72862291e+00 4.65911102e+00
  2.86507964e+00 5.30871820e+00 4.00652647e+00 6.59990370e-01
  1.23114419e+00 6.98141050e+00 1.42193526e-01 1.28556025e+00
  8.84854221e+00 3.35009241e+00 2.11718011e+00 7.23194122e-01
  0.00000000e+00 0.00000000e+00 8.00327206e+00 6.30555344e+00
  2.70787358e+00 9.96099532e-01 5.74299145e+00 8.63456547e-01
  8.93651581e+00 3.30615973e+00 3.06399560e+00 1.34709785e-02
  2.20621681e+00 1.69846439e+00 7.86903679e-01 3.45049292e-01
  3.00644708e+00 2.56727672e+00 4.16022509e-01 1.40519524e+00
  2.17961144e+00 1.73317507e-01 5.26526499e+00 1.25386834e+00
  3.46651936e+00 2.67221928e-01 2.98390436e+00 3.95524311e+00
  2.70263052e+00 2.34894133e+00 3.37774730e+00 1.38226008e+00
  2.86561775e+00 1.64769018e+00 6.50509179e-01 5.65012813e-01
  9.61226463e-01 2.32460737e+00 5.13898075e-01 2.82200933e+00
  3.84924603e+00 1.86637759e+00 5.77110577e+00 3.19600654e+00
  1.31832218e+00 1.28970221e-01 3.79688954e+00 4.35235500e+00
  7.74723366e-02 3.97104192e+00 5.59484100e+00 2.66460449e-01
  1.10468984e+00 4.29403448e+00 2.86808878e-01 4.56701612e+00
  2.78199053e+00 6.11113358e+00 2.04966259e+00 1.61062872e+00
  3.82189322e+00 3.74863815e+00 1.39741635e+00 3.54111457e+00
  6.99296534e-01 2.53706074e+00 1.83929229e+00 2.18200755e+00
  1.85120070e+00 4.36118424e-01 9.63658214e-01 8.31819057e-01
  0.00000000e+00 4.08492279e+00 1.58516347e+00 1.97468877e+00
  2.79018688e+00 7.22869635e+00 2.58509851e+00 1.28921115e+00
  8.87009621e+00 5.00487864e-01 1.25577247e+00 9.24551189e-01
  1.79892576e+00 2.94920594e-01 4.23088074e+00 2.64709401e+00
  1.34706891e+00 2.09795761e+00 1.58010292e+00 2.19596505e+00
  1.52540267e+00 1.08474743e+00 2.68178761e-01 1.68134451e-01
  3.69764423e+00 2.42366147e+00 3.08884692e+00 4.69946289e+00
  8.54205251e-01 1.77094531e+00 6.42405033e+00 4.39783096e+00
  3.00457430e+00 1.38908577e+00 7.82523441e+00 3.57359791e+00
  6.18208170e-01 3.35187483e+00 1.04674792e+00 2.65920615e+00
  4.24666548e+00 1.00081697e-01 7.82223988e+00 9.07452643e-01
  5.69970131e+00 1.54834282e+00 1.57773292e+00 2.70868850e+00
  3.04255390e+00 4.84411001e-01 1.47184658e+00 4.02997303e+00
  1.84723973e+00 4.77426797e-01 3.13079405e+00 1.27941370e+00
  9.23222661e-01 7.13398600e+00 2.69707370e+00 2.01684403e+00
  6.48500633e+00 1.63341200e+00 4.09542513e+00 1.39225399e+00
  8.57243919e+00 2.32376218e+00 2.59593415e+00 1.34567630e+00
  6.88515043e+00 1.74900782e+00 2.50207400e+00 1.83189237e+00
  1.17193913e+00 2.37704968e+00 2.85324717e+00 8.21738720e-01
  1.04653493e-01 1.49890864e+00 4.69026279e+00 5.58565319e-01
  5.03724694e-01 0.00000000e+00 1.32548165e+00 1.03466415e+00
  5.89078441e-02 8.50256026e-01 1.83069396e+00 1.02532613e+00
  2.78634715e+00 1.15421675e-01 3.10759044e+00 3.57698345e+00
  2.68538308e+00 1.01165521e+00 2.03888059e+00 3.00701201e-01
  1.44037676e+00 3.12230110e+00 5.68028033e-01 1.93900064e-01
  4.91639805e+00 1.47289336e+00 2.61475039e+00 1.57509398e+00
  7.31164932e+00 1.65832233e+00 4.40771073e-01 1.10631645e+00
  0.00000000e+00 1.86066318e+00 1.02676332e-01 6.77839375e+00
  1.17417231e+01 8.94034624e-01 6.28242433e-01 4.95668411e-01
  0.00000000e+00 6.12022340e-01 1.69928689e-02 8.87416935e+00
  2.98796821e+00 8.63449860e+00 3.82465887e+00 2.09360528e+00
  4.30791903e+00 9.72597599e-01 1.71054184e+00 1.89228427e+00
  3.66460657e+00 3.51080728e+00 1.97720838e+00 1.09433077e-01
  0.00000000e+00 7.47650957e+00 1.73519492e+00 6.46408701e+00
  6.20231295e+00 7.35359526e+00 1.57797253e+00 2.60845828e+00
  2.62095475e+00 4.99107790e+00 1.11617422e+00 7.11421585e+00
  8.00681877e+00 5.30967236e-01 1.26775587e+00 5.49978316e-01
  5.62651813e-01 4.20747399e-01 2.12126899e+00 2.89213991e+00
  5.91737688e-01 2.85158372e+00 3.10424638e+00 7.51345015e+00
  2.11752698e-01 3.97918630e+00 3.94477057e+00 1.45961702e-01
  4.15569115e+00 2.34552479e+00 4.02279168e-01 3.37482154e-01
  2.31250122e-01 1.54488392e+01 2.87328219e+00 9.32147920e-01
  2.96017933e+00 1.19252169e+00 2.60212541e+00 2.06248379e+00
  2.78890038e+00 2.26013660e+00 9.04370689e+00 1.89157045e+00
  3.91417742e+00 6.81267548e+00 1.74411273e+00 2.25656256e-02]]