[[1.56769109e+00 1.68157923e+00 7.01791883e-01 1.45463812e+00
  1.40348673e+00 1.06405849e+01 2.85993338e+00 3.64800215e+00
  5.93599021e-01 7.02592516e+00 9.72504735e-01 6.84767628e+00
  5.92294979e+00 6.71790409e+00 1.17005564e-01 1.90892804e+00
  6.23123884e-01 7.17956722e-01 4.96801710e+00 4.16516447e+00
  2.17167997e+00 2.46166611e+00 5.13611698e+00 2.93100071e+00
  1.98698926e+00 2.90109062e+00 1.08229868e-01 6.11912203e+00
  3.67807794e+00 2.92886925e+00 3.63143772e-01 1.96557879e+00
  2.99200654e+00 3.99661493e+00 3.35169888e+00 1.52994955e+00
  1.33418584e+00 6.31561220e-01 3.76841092e+00 9.97999096e+00
  5.61493969e+00 9.04770184e+00 2.32016277e+00 2.44296217e+00
  1.65011108e-01 1.81665742e+00 2.02175260e+00 1.60307121e+00
  4.10960531e+00 1.58335352e+00 1.50395703e+00 3.52966607e-01
  2.18313503e+00 1.07263553e+00 1.58009446e+00 2.23401427e+00
  5.52310324e+00 2.56900716e+00 0.00000000e+00 1.24680316e+00
  1.14491212e+00 6.70474482e+00 3.16899347e+00 4.43074942e+00
  2.05229926e+00 4.82708883e+00 0.00000000e+00 1.52255309e+00
  4.44249344e+00 1.24108064e+00 1.00526180e+01 3.23270702e+00
  1.87944517e-01 1.95760107e+00 2.04638630e-01 8.32847416e-01
  1.64131832e+00 4.84722662e+00 1.60922444e+00 4.18038607e+00
  0.00000000e+00 3.31978369e+00 2.85724473e+00 3.13535237e+00
  1.31281447e+00 7.90940571e+00 5.31255913e+00 9.74099517e-01
  6.91541004e+00 1.48715329e+00 2.14164019e+00 2.56146932e+00
  0.00000000e+00 1.98610890e+00 5.97989273e+00 5.37872362e+00
  5.87296391e+00 7.25085926e+00 3.05974156e-01 1.69581258e+00
  8.88640523e-01 1.96276009e+00 2.19521856e+00 5.67607641e+00
  1.41695449e-02 0.00000000e+00 5.67814754e-03 2.73260975e+00
  1.09902477e+00 2.23681664e+00 3.03924131e+00 8.59146786e+00
  2.89324164e+00 1.98405063e+00 3.64682853e-01 2.09309191e-01
  8.69173431e+00 2.37333488e+00 3.41656595e-01 1.13193500e+00
  2.88350654e+00 0.00000000e+00 0.00000000e+00 2.28215599e+00
  1.25122797e+00 5.14263391e-01 0.00000000e+00 1.11480319e+00
  5.37310660e-01 7.42491531e+00 8.79023731e-01 9.84694242e-01
  5.50204849e+00 3.35612512e+00 3.67554575e-01 5.10857010e+00
  2.23971725e+00 6.41505575e+00 2.89797664e+00 5.90658808e+00
  7.48842418e-01 7.31298208e+00 1.68676805e+00 2.72993475e-01
  4.86568832e+00 6.14299536e-01 1.47396803e+00 2.35465002e+00
  1.81181812e+00 1.09038448e+01 1.08502340e+00 2.42550545e+01
  7.07585335e-01 5.79933119e+00 5.23788214e-01 5.93798685e+00
  3.09261829e-01 9.68020725e+00 1.28743815e+00 2.19773626e+00
  3.77723718e+00 3.07441878e+00 4.18068218e+00 1.81972444e+00
  1.52005410e+00 2.60318756e+00 3.61362435e-02 7.47310114e+00
  6.81099951e-01 7.76915014e-01 2.33879924e+00 2.29760528e+00
  3.22020531e+00 1.93747578e+01 4.73009491e+00 5.27569151e+00
  1.70982563e+00 3.63713241e+00 1.74062228e+00 9.44285035e-01
  5.56164205e-01 2.78580284e+00 3.72908854e+00 0.00000000e+00
  2.74574113e+00 9.82911885e-01 1.94717050e+00 9.50697251e-03
  3.17053866e+00 4.66792679e+00 7.30818450e-01 5.99295460e-02
  3.38988245e-01 2.03172779e+00 8.74127924e-01 1.56559563e+00
  1.37825668e+00 5.41314030e+00 1.06135321e+00 3.66865367e-01
  3.08916330e+00 3.37229550e-01 9.80291176e+00 2.24463850e-01
  3.27793813e+00 1.45165753e+00 2.61027193e+00 5.75394964e+00
  1.52024448e+00 2.05750728e+00 3.52463078e+00 1.08825076e+00
  2.55562425e+00 1.14846158e+00 1.43823946e+00 2.87053823e+00
  2.27477551e+00 6.27020180e-01 1.57482266e+00 3.99585247e+00
  6.77846622e+00 2.07065654e+00 2.06618714e+00 3.16250610e+00
  3.35799873e-01 9.28019810e+00 1.54467010e+00 4.83590603e+00
  7.36350179e-01 2.32495070e+00 1.40287471e+00 4.72529888e+00
  1.25614810e+00 2.56227881e-01 2.73500979e-01 4.20134354e+00
  2.70665622e+00 3.43575001e+00 1.56625664e+00 5.43452358e+00
  1.46647215e-01 1.82447660e+00 1.58092082e+00 7.57919455e+00
  2.51758784e-01 6.85617566e-01 2.64167547e+00 2.06352162e+00
  0.00000000e+00 2.97632456e+00 3.22806430e+00 2.97727346e-01
  4.55293512e+00 3.09274983e+00 1.65973651e+00 4.59969819e-01
  2.62280750e+00 1.50254726e+00 2.93030977e+00 0.00000000e+00
  2.44201255e+00 1.95403612e+00 9.41753387e+00 6.64739013e-01
  7.83535719e-01 6.68040705e+00 3.24269223e+00 2.61917710e+00
  3.65885735e+00 2.77038646e+00 6.10200548e+00 1.71314031e-01
  7.36398578e-01 5.32070971e+00 1.59807670e+00 1.21922016e+00
  6.34065580e+00 1.40030346e+01 3.86026740e+00 1.82324016e+00
  4.01589155e+00 5.41810703e+00 2.71720862e+00 1.72533453e+00
  5.14252377e+00 6.22792065e-01 4.43707085e+00 9.87902927e+00
  3.95922470e+00 1.57811332e+00 6.27993524e-01 3.72899890e+00
  5.27225542e+00 3.38500977e-01 7.05663824e+00 1.78524055e+01
  4.90211201e+00 1.58882296e+00 2.73150039e+00 2.99966002e+00
  1.52638209e+00 8.95330131e-01 2.62693787e+01 1.77256203e+00
  1.09891233e+01 0.00000000e+00 1.36202316e+01 4.17166138e+00
  1.82306516e+00 1.19277596e+00 1.69521213e+00 1.43138373e+00
  2.29760528e+00 1.07152090e+01 3.99256408e-01 2.90107560e+00
  1.36319613e+00 2.14321303e+00 2.46069050e+00 4.05811977e+00
  5.30111122e+00 3.56812644e+00 2.74530649e+00 1.57723379e+00
  3.87796855e+00 3.74819350e+00 7.37118530e+00 0.00000000e+00
  1.54244292e+00 0.00000000e+00 6.07685518e+00 4.44778293e-01
  3.31675500e-01 6.08302832e+00 2.32267284e+00 8.97247887e+00
  1.58876598e+00 3.58591008e+00 1.97050226e+00 2.92513013e+00
  4.88327980e+00 3.35529377e-03 8.09594536e+00 3.01727629e+00
  2.16459966e+00 2.09525681e+00 2.41942000e+00 1.60726929e+00
  1.61547410e+00 1.84448481e+00 1.02317810e-01 0.00000000e+00
  7.21240282e-01 5.71475267e-01 3.78162551e+00 5.84259093e-01
  1.89484215e+00 6.38026381e+00 1.56618750e+00 2.93742586e-02
  9.78564382e-01 1.43416798e+00 9.78861690e-01 5.75880146e+00
  2.04935408e+00 1.99688375e+00 2.87583613e+00 7.23119378e-01
  2.96965122e+00 4.91900742e-02 2.16081500e+00 3.69906276e-01
  1.24648857e+00 1.53924868e-01 3.65226912e+00 9.50964391e-01
  3.44227767e+00 1.20989871e+00 4.13122289e-02 2.48414445e+00
  2.75451159e+00 7.58977699e+00 1.26962862e+01 3.65946841e+00
  1.37117255e+00 6.88119054e-01 4.20889759e+00 0.00000000e+00
  1.64270833e-01 1.19892895e+00 4.02244043e+00 1.34066176e+00
  7.89493799e+00 5.50658226e+00 7.85484374e-01 1.76100469e+00
  3.42855525e+00 2.33553433e+00 1.62025738e+01 2.78026557e+00
  4.74762738e-01 1.38027453e+00 1.47851217e+00 1.04098535e+00
  6.83001947e+00 1.81076896e+00 1.52949411e-02 2.82839680e+00
  5.47241831e+00 8.64199400e-01 1.68058312e+00 1.06228101e+00
  6.54175580e-02 5.34469545e-01 7.91171968e-01 1.38166845e+00
  1.79945791e+00 1.24783385e+00 1.73061419e+00 1.61439908e+00
  8.50193214e+00 2.32992217e-01 1.19174564e+00 4.78485680e+00
  4.11295509e+00 8.98251534e+00 4.90176868e+00 1.18029702e+00
  1.20944095e+00 1.78136098e+00 5.40907860e-01 3.60800099e+00
  2.46894813e+00 3.10020471e+00 5.22726849e-02 9.21589136e-01
  7.16994667e+00 4.02912235e+00 3.96182165e-02 1.13274419e+00
  3.72038782e-02 1.26302691e+01 1.60328913e+00 1.34005940e+00
  5.17399263e+00 9.17598188e-01 9.73575592e-01 1.91205347e+00
  1.37362003e+00 2.74164867e+00 2.70999018e-02 1.17084670e+00
  2.76060152e+00 1.18403778e+01 2.62890244e+00 1.70285070e+00
  2.28412867e+00 1.75633764e+00 4.62483615e-01 8.71123850e-01
  5.36180019e-01 2.37492204e+00 1.75154531e+00 3.23727608e+00
  1.53834909e-01 5.43188047e+00 4.07639122e+00 2.42028928e+00
  6.31500244e+00 4.75993919e+00 2.49530053e+00 2.07797265e+00
  4.84916449e+00 4.17301273e+00 4.68114346e-01 4.11595392e+00
  2.73417258e+00 3.86300540e+00 0.00000000e+00 2.59039879e+00
  2.49882627e+00 3.43333220e+00 1.04885471e+00 2.22287726e+00
  5.90460822e-02 4.46404028e+00 5.82248449e-01 3.64903033e-01
  2.96722710e-01 5.12670517e+00 9.27701664e+00 1.62345541e+00
  1.84607327e+00 1.94377792e+00 9.55029869e+00 4.68851447e-01
  2.44544458e+00 3.43341875e+00 5.62003803e+00 5.46332240e-01
  3.80469680e+00 1.72512615e+00 1.81917632e+00 4.01615810e+00
  4.55575734e-01 1.98356378e+00 1.27989664e+01 4.27661276e+00
  1.30799878e+00 7.04847860e+00 3.50730181e+00 2.42633796e+00]]