[[6.15903497e-01 7.87099600e-02 8.93573999e-01 0.00000000e+00
  3.70959312e-01 5.43758965e+00 4.70968390e+00 2.46908450e+00
  5.60495675e-01 1.40667379e+00 7.22950697e-01 2.51814318e+00
  1.69735730e+00 3.83042693e-02 9.31944013e-01 1.54639828e+00
  1.36032724e+00 4.06179547e-01 7.39665553e-02 2.87761807e+00
  0.00000000e+00 5.08488607e+00 2.64561439e+00 2.43742776e+00
  2.57071644e-01 3.32999897e+00 2.31160903e+00 2.30691838e+00
  4.35699701e+00 7.75424719e-01 1.17891073e+00 1.35398790e-01
  5.37429214e-01 4.03548336e+00 1.93505988e-01 4.33109015e-01
  5.27668297e-01 6.75385714e-01 9.15875721e+00 2.39453006e+00
  4.89956474e+00 1.48759353e+00 1.22827542e+00 5.69870472e-01
  7.04957604e-01 4.50277954e-01 3.45736074e+00 4.68227243e+00
  2.03636527e+00 2.31964231e+00 7.72450268e-01 3.33284593e+00
  8.30587864e-01 5.66848278e-01 2.84242678e+00 4.39360714e+00
  0.00000000e+00 3.87550068e+00 4.12709618e+00 2.84013891e+00
  1.16527438e+00 2.06807613e+00 1.90163720e+00 4.24229240e+00
  9.61579010e-02 1.32471353e-01 1.85603082e+00 3.51055074e+00
  6.01176739e-01 1.77916861e+00 3.99846375e-01 4.83116180e-01
  4.56715435e-01 3.03693581e+00 5.70110977e-01 3.74106854e-01
  2.11442590e+00 1.42916608e+00 3.08867812e+00 0.00000000e+00
  1.67409635e+00 2.50088644e+00 6.37494659e+00 2.66711295e-01
  1.95026481e+00 1.66482699e+00 7.82914385e-02 8.45674336e-01
  2.44424725e+00 0.00000000e+00 2.07873344e+00 4.47175980e+00
  1.50834128e-01 6.10234547e+00 1.01452208e+00 1.71413615e-01
  2.45339751e+00 3.48773479e+00 2.92918777e+00 4.40934992e+00
  1.05788279e+00 6.26679897e-01 5.10105801e+00 1.80393624e+00
  2.51516843e+00 1.41412151e+00 2.03862929e+00 1.07510471e+00
  2.71177602e+00 1.05710566e+00 3.23896766e+00 1.86039996e+00
  1.02560294e+00 1.62109995e+00 3.65182590e+00 5.12202859e-01
  6.81942511e+00 1.18064493e-01 0.00000000e+00 2.63773113e-01
  4.27962542e-01 2.56858540e+00 1.55795753e+00 2.69685531e+00
  3.82623887e+00 3.40860271e+00 3.42197990e+00 0.00000000e+00
  3.66129470e+00 1.52836342e+01 2.32648659e+00 4.85165566e-01
  8.64483356e+00 1.11054313e+00 2.82495713e+00 1.96096742e+00
  2.99859738e+00 7.30540395e-01 1.04145694e+00 1.96380436e-01
  1.33203733e+00 0.00000000e+00 6.02464020e-01 3.42643166e+00
  4.70499659e+00 4.15566489e-02 4.12118387e+00 0.00000000e+00
  3.99356604e-01 0.00000000e+00 2.47081375e+00 8.50670278e-01
  6.63112462e-01 2.06627035e+00 5.85727751e-01 2.52983905e-02
  2.68917012e+00 2.11852622e+00 1.33696222e+00 1.31148326e+00
  2.58648545e-02 1.42017376e+00 2.03168559e+00 6.16305228e-03
  2.21501637e+00 5.01590681e+00 0.00000000e+00 2.00208163e+00
  1.29088998e+00 2.01769590e+00 6.01493168e+00 9.57808569e-02
  6.13050270e+00 2.01206565e-01 2.17428446e-01 7.70771742e-01
  5.68820477e-01 2.58015728e+00 1.58468676e+00 3.70747161e+00
  1.83472610e+00 0.00000000e+00 1.08415976e+01 0.00000000e+00
  4.35555553e+00 1.71691489e+00 1.04250598e+00 8.28559399e-01
  1.20990634e+00 1.03497815e+00 3.76261115e+00 6.30385041e-01
  5.10944664e-01 1.48379631e+01 4.23124313e-01 1.77058768e+00
  5.11267960e-01 3.81471848e+00 7.58868337e-01 7.13271618e-01
  2.44133353e-01 0.00000000e+00 2.66121656e-01 1.58649698e-01
  4.48684883e+00 2.27400804e+00 5.81171215e-01 1.34247172e+00
  1.06812143e+00 7.11444426e+00 5.53431034e-01 1.85083401e+00
  1.15358934e-01 2.00483537e+00 2.04066873e+00 1.74279881e+00
  1.05567527e+00 1.54118347e+00 1.07596982e+00 3.00100636e+00
  9.22686338e-01 5.46263456e+00 2.35661373e-01 2.54375529e+00
  1.11735594e+00 5.05878508e-01 7.31659949e-01 3.02392662e-01
  0.00000000e+00 2.00884676e+00 1.87975502e+00 3.69691038e+00
  1.77376759e+00 1.08705485e+00 2.43354321e+00 3.98114771e-01
  4.05843705e-01 2.57404518e+00 2.67901826e+00 1.24018824e+00
  5.26327372e+00 2.31656456e+00 2.19972706e+00 1.32576334e+00
  3.69430327e+00 4.06142616e+00 1.20056105e+01 1.48426974e+00
  1.36472893e+00 6.15788603e+00 3.60193923e-02 2.27548909e+00
  1.74986780e+00 1.39512444e+00 8.14195514e-01 0.00000000e+00
  2.11109447e+00 1.46182966e+00 2.89592457e+00 1.49437320e+00
  2.21213269e+00 1.09908295e+00 2.54626364e-01 4.00275326e+00
  1.88905382e+00 0.00000000e+00 1.92233312e+00 1.02980101e+00
  1.04188185e+01 0.00000000e+00 1.00384986e+00 1.87460768e+00
  8.96038234e-01 7.90955007e-01 1.10354114e+00 2.54863119e+00
  1.86651349e+00 1.45488584e+00 3.37439120e-01 7.43850023e-02
  2.01340199e+00 1.00429845e+00 1.59811878e+00 6.81368232e-01
  4.14515448e+00 1.13877684e-01 4.37204742e+00 3.11652243e-01
  3.20961642e+00 2.69877821e-01 5.48734069e-02 2.84283534e-02
  2.23122573e+00 2.13429475e+00 9.93098974e-01 4.60783386e+00
  4.51356268e+00 0.00000000e+00 1.41845644e+00 0.00000000e+00
  2.40750745e-01 1.37979374e-03 4.31563330e+00 2.60889649e-01
  4.40282851e-01 3.16250920e+00 1.98451853e+00 0.00000000e+00
  2.58990824e-01 1.69620454e-01 4.81337965e-01 4.16779160e-01
  8.09268504e-02 6.39407694e-01 1.83416271e+00 4.40243304e-01
  3.42004013e+00 6.62231398e+00 1.28015101e+00 2.07017273e-01
  2.46634364e-01 7.37998426e-01 2.21249819e+00 3.85617495e+00
  2.04188514e+00 2.42633772e+00 1.05670862e+01 6.75479099e-02
  2.15829945e+00 1.09277785e+00 1.04836619e+00 8.05247009e-01
  1.78895473e+00 1.13151443e+00 3.79270434e+00 5.84482241e+00
  2.36872220e+00 2.87787342e+00 5.37442207e-01 1.80152440e+00
  2.43526292e+00 8.81932378e-01 3.38032627e+00 7.20650330e-02
  1.99716091e+00 4.95449257e+00 2.67620611e+00 3.19883227e-02
  9.93880987e-01 5.54448605e-01 1.58836156e-01 7.69014180e-01
  5.95660865e-01 1.45372629e+00 1.40912664e+00 8.63181651e-01
  1.63434163e-01 5.04299927e+00 7.33676851e-01 3.65796536e-01
  1.80562878e+00 9.93917346e-01 2.35766935e+00 3.23697686e+00
  3.02694273e+00 3.31614995e+00 1.08346262e+01 1.93344802e-01
  1.97455156e+00 1.72753185e-02 4.30773571e-02 1.29413092e+00
  2.08404660e+00 3.01263213e-01 2.55633831e+00 6.85823143e-01
  1.32805184e-01 5.92906952e+00 5.67147076e-01 5.09669971e+00
  7.27184391e+00 1.12492740e+00 1.82516980e+00 1.13983452e+00
  4.10958350e-01 1.89406741e+00 2.15448809e+00 8.78755748e-01
  1.47255850e+00 3.17628264e+00 4.09432560e-01 3.97469926e+00
  9.74940491e+00 1.49503088e+00 1.72807002e+00 5.54631889e-01
  1.05594540e+00 1.69756877e+00 1.67488503e+00 3.82199907e+00
  8.59674752e-01 1.00282974e+01 3.84716201e+00 5.75625372e+00
  9.84373033e-01 8.96767378e-01 0.00000000e+00 4.14260387e-01
  1.64721978e+00 1.18789041e+00 3.24468040e+00 5.83021156e-02
  0.00000000e+00 3.51023960e+00 1.40788877e+00 1.45789051e+00
  2.96463943e+00 3.07605714e-01 2.08340198e-01 2.08042049e+00
  9.86445129e-01 6.31659746e-01 0.00000000e+00 4.44491816e+00
  7.37491190e-01 1.63151002e+00 3.57512903e+00 1.78826499e+00
  4.17958558e-01 1.97343123e+00 2.03362870e+00 9.67077374e-01
  5.53959703e+00 2.27874255e+00 3.55333351e-02 1.90031648e+00
  1.09358752e+00 4.95745867e-01 3.75910461e-01 1.70261693e+00
  8.51567805e-01 3.67457956e-01 1.08200717e+00 2.53679132e+00
  8.26841652e-01 3.18072587e-02 2.21571112e+00 1.52422595e+00
  2.49626622e-01 5.87769449e-02 1.05033612e+00 9.69176173e-01
  0.00000000e+00 1.58243668e+00 5.30015087e+00 2.57367998e-01
  1.23472786e+00 1.07652950e+00 2.79968798e-01 1.03334212e+00
  1.88989770e+00 1.59420833e-01 1.41152644e+00 3.98690134e-01
  4.09920961e-02 2.79408514e-01 0.00000000e+00 5.64391494e-01
  2.63739824e+00 7.05666542e-01 7.36464381e-01 3.15803909e+00
  8.69772851e-01 2.20649123e+00 7.97563434e-01 1.02218997e+00
  0.00000000e+00 1.40988529e-01 2.88564324e+00 1.60073146e-01
  7.74530828e-01 1.14122963e+00 2.98837590e+00 7.96058941e+00
  0.00000000e+00 1.68785989e-01 2.03176403e+00 1.47947586e+00
  8.48600864e-01 5.01301587e-01 1.27499008e+00 1.50114322e+00
  9.01445031e-01 1.05434179e+00 8.19188356e-01 3.24180770e+00
  2.94543529e+00 1.68873560e+00 4.89142895e-01 2.97008485e-01
  2.21888280e+00 4.04931039e-01 9.33806777e-01 3.17012072e-01
  2.23148012e+00 1.41615883e-01 6.86319447e+00 3.50681639e+00
  2.32143641e+00 1.87957919e+00 5.79885900e-01 1.07848012e+00]]