[[1.34590000e-01 7.63519434e-03 2.42839694e+00 1.27761706e-03
  2.90928650e+00 3.47032881e+00 3.45746088e+00 4.28365231e+00
  1.45424634e-01 5.86889327e-01 2.72979349e-01 3.76820469e+00
  4.00244379e+00 1.86730659e+00 3.02078217e-01 1.59858954e+00
  7.67817402e+00 6.43811762e-01 1.03055680e+00 4.05581331e+00
  0.00000000e+00 6.39783049e+00 4.05674982e+00 2.93385088e-02
  3.64390165e-01 9.61552048e+00 1.11094561e+01 4.53207779e+00
  9.32591498e-01 1.33003693e+01 2.10394812e+00 5.43536782e-01
  0.00000000e+00 5.42113781e+00 1.60999489e+00 2.02118182e+00
  2.66707253e+00 3.59426498e-01 7.64232731e+00 1.83242071e+00
  1.11535323e+00 6.33050299e+00 1.38407373e+00 6.00724888e+00
  6.42230213e-01 1.05153978e+00 4.17213154e+00 6.02089310e+00
  1.79273665e+00 3.14962268e+00 1.57950610e-01 6.03104949e-01
  4.79479343e-01 3.66764218e-01 2.25134611e-01 4.70735645e+00
  1.33689797e+00 8.56370735e+00 3.01271534e+00 9.01083565e+00
  4.11896086e+00 2.04146910e+00 4.66935778e+00 4.65483046e+00
  4.14820701e-01 1.74000454e+00 0.00000000e+00 3.19052243e+00
  9.02913332e-01 4.40734768e+00 2.79051709e+00 9.96986926e-01
  5.56972265e+00 8.89398515e-01 3.16030598e+00 1.25216782e+00
  1.82563567e+00 0.00000000e+00 1.05260527e+00 0.00000000e+00
  8.34385633e-01 1.32572615e+00 4.24565458e+00 0.00000000e+00
  5.03197193e+00 2.75051594e+00 1.98120937e-01 2.64774489e+00
  1.30861397e+01 2.58781338e+00 3.18978071e+00 9.79427934e-01
  4.30075216e+00 8.46118546e+00 1.05588424e+00 6.50934577e-01
  5.70450163e+00 4.99422359e+00 8.16506195e+00 6.39205456e+00
  6.87211871e-01 7.40215063e+00 8.24931908e+00 8.04103470e+00
  1.09388089e+00 1.64906964e-01 1.58033943e+00 3.18725777e+00
  5.13442135e+00 2.77165318e+00 1.25793529e+00 1.79019010e+00
  1.20828390e+00 3.40047687e-01 4.92995310e+00 1.21818566e+00
  6.08705091e+00 3.17301226e+00 2.35138744e-01 3.13283205e+00
  3.83270308e-02 8.89065075e+00 2.52377963e+00 1.24799919e+01
  8.39158249e+00 4.65010834e+00 8.38725758e+00 1.85409379e+00
  6.33829975e+00 1.10824986e+01 4.71037817e+00 2.75991172e-01
  4.87526703e+00 9.76666689e-01 1.96826828e+00 2.78859901e+00
  2.60577774e+00 1.35133398e+00 1.27409667e-01 0.00000000e+00
  1.68274641e+00 2.04455638e+00 0.00000000e+00 1.73408806e+00
  5.63608170e+00 2.44542256e-01 5.67674780e+00 7.39238799e-01
  7.59473220e-02 1.20453024e+00 5.96759617e-01 3.52579236e+00
  1.11269665e+00 0.00000000e+00 5.33989310e-01 1.27937031e+00
  1.66472173e+00 1.47199011e+00 2.26252723e+00 2.64181554e-01
  1.08959568e+00 1.28545761e+00 7.32479429e+00 3.37754264e-02
  6.73248053e+00 2.29598179e-01 1.09870136e+00 8.59951317e-01
  3.30263042e+00 1.84121823e+00 4.29712963e+00 0.00000000e+00
  1.92041051e+00 8.54615021e+00 1.27750909e+00 2.75535917e+00
  7.79319429e+00 9.11066383e-02 8.74860573e+00 8.43686581e+00
  9.39517140e-01 0.00000000e+00 1.86322057e+00 1.22846866e+00
  2.58597493e+00 5.92348039e-01 1.08397520e+00 1.21173784e-01
  1.70660281e+00 1.75414944e+00 2.29341820e-01 3.55612063e+00
  2.89802146e+00 1.23668327e+01 4.51816368e+00 9.27927494e+00
  3.08608675e+00 1.07320023e+00 1.58607388e+00 6.96642339e-01
  8.67064655e-01 1.94386303e-01 1.39162230e+00 3.33615184e+00
  5.18121433e+00 8.77310991e-01 1.08533478e+00 1.63138640e+00
  1.39205527e+00 4.46179247e+00 2.17356825e+00 4.20185614e+00
  5.41649878e-01 3.23349535e-01 1.49980128e+00 2.31721115e+00
  1.28581357e+00 8.97301102e+00 1.92372644e+00 1.75612164e+00
  1.52697161e-01 5.48883677e+00 3.63168049e+00 1.36227107e+00
  2.27122116e+00 4.37474698e-01 2.43517876e+00 4.89542818e+00
  4.59704101e-01 3.69569570e-01 3.23512363e+00 2.79253960e+00
  3.36717606e+00 1.75950959e-01 8.69131148e-01 2.24541688e+00
  8.04436579e-02 1.64175296e+00 6.36032879e-01 5.36371827e-01
  3.96905994e+00 3.28729486e+00 3.08208489e+00 3.61160755e+00
  8.95650268e-01 3.68867469e+00 7.11209059e+00 4.95351739e-02
  3.54480088e-01 1.20903807e+01 3.06612849e+00 3.01026320e+00
  6.63778663e-01 4.29658604e+00 2.34857869e+00 0.00000000e+00
  3.28848809e-01 2.49722648e+00 6.68880761e-01 6.77573109e+00
  4.48363590e+00 2.90606357e-02 3.22659761e-02 8.35122490e+00
  4.87572461e-01 8.60589266e-01 4.00418949e+00 4.30858755e+00
  1.22837696e+01 5.33251286e-01 4.06645107e+00 0.00000000e+00
  2.45228148e+00 6.38368845e-01 2.49071300e-01 1.78296939e-01
  3.10928726e+00 2.50021029e+00 0.00000000e+00 5.93885124e-01
  5.00817823e+00 1.03034723e+00 5.33278656e+00 8.43879795e+00
  1.57707465e+00 1.24512352e-01 2.01057649e+00 1.52005601e+00
  6.16294146e+00 2.48858690e+00 0.00000000e+00 2.04931736e+00
  2.03107119e+00 5.54219961e-01 4.06840515e+00 7.67243671e+00
  4.67740250e+00 4.61642838e+00 2.30491996e+00 5.53555369e-01
  3.27443504e+00 9.13005918e-02 4.55943060e+00 1.54013705e+00
  4.07492399e+00 1.14201469e+01 2.33138108e+00 2.11256528e+00
  8.55472311e-02 2.02473426e+00 3.88878882e-01 3.68389159e-01
  1.43664038e+00 5.52756405e+00 4.23074389e+00 8.48518014e-02
  5.85823345e+00 8.49515438e+00 1.81442201e+00 3.01320165e-01
  1.59926033e+00 3.52930427e+00 4.17240238e+00 5.93183374e+00
  4.06749344e+00 0.00000000e+00 9.36065292e+00 7.31224442e+00
  3.76985002e+00 1.62258470e+00 7.03551173e-01 1.06458163e+00
  1.65050197e+00 0.00000000e+00 9.26947880e+00 1.22366631e+00
  3.10120225e+00 4.78819847e+00 8.68179619e-01 6.06168652e+00
  1.22926819e+00 2.42790043e-01 4.55108309e+00 2.42290688e+00
  5.87575150e+00 1.55413020e+00 1.54974711e+00 2.35205197e+00
  4.86397177e-01 4.65438217e-02 2.33311281e-02 1.21420038e+00
  8.17071557e-01 7.05302972e-03 4.60164404e+00 8.20340067e-02
  6.28798580e+00 8.91070080e+00 5.65913773e+00 6.48122966e-01
  8.70505810e+00 9.78709459e-02 4.40523434e+00 1.16120613e+00
  9.81318092e+00 1.30518043e+00 1.24442539e+01 5.79053462e-01
  0.00000000e+00 7.72338435e-02 2.18189046e-01 3.18206620e+00
  1.21502407e-01 1.05694998e-02 1.20317316e+00 4.01018500e-01
  9.42333317e+00 7.66987658e+00 8.11202228e-01 3.56248569e+00
  1.42418118e+01 4.81830865e-01 1.41044044e+00 1.80495298e+00
  3.98556733e+00 1.57654572e+00 1.63965893e+00 0.00000000e+00
  6.69607592e+00 3.93904686e+00 5.61813974e+00 7.58556962e-01
  2.33250928e+00 5.74046373e-01 2.34011769e+00 8.15129638e-01
  2.60314703e+00 5.10685265e-01 1.95096195e+00 6.96685493e-01
  5.13458300e+00 6.00898075e+00 6.50273037e+00 5.70435715e+00
  4.43233109e+00 8.65620708e+00 2.18989179e-01 4.41463327e+00
  5.41254938e-01 2.02502823e+00 2.10065675e+00 8.03484380e-01
  9.72782433e-01 2.01085448e+00 6.75964952e-01 2.79929399e+00
  1.08530302e+01 3.19770002e+00 1.46170449e+00 1.11147718e+01
  2.70837975e+00 2.34894246e-01 4.22849625e-01 9.28577042e+00
  2.63708067e+00 4.40592617e-01 1.42707074e+00 1.05424976e+00
  5.25782490e+00 3.47740078e+00 8.55403900e+00 1.51022685e+00
  1.22258835e+01 2.45952129e+00 2.66612840e+00 5.41948318e+00
  8.63795185e+00 1.54355243e-01 4.04943824e-01 2.79080892e+00
  8.93278694e+00 6.09159946e-01 3.76030505e-01 3.63173437e+00
  2.46788359e+00 3.15548277e+00 1.15196121e+00 1.83623302e+00
  8.10116231e-02 3.35951984e-01 5.78923082e+00 4.74856758e+00
  4.36848998e-02 2.31958532e+00 5.63324451e+00 3.17035198e-01
  7.68483686e+00 4.05499792e+00 1.73990476e+00 1.16698933e+00
  5.11996627e-01 1.16038013e+00 0.00000000e+00 1.33904171e+00
  0.00000000e+00 5.24579942e-01 1.04613043e-01 3.47373581e+00
  7.18617797e-01 2.72362685e+00 1.78504229e-01 1.77814309e-02
  2.84175134e+00 6.96246195e+00 2.94989014e+00 6.61684155e-01
  1.33168802e-01 2.16018748e+00 4.30945492e+00 1.12363422e+00
  0.00000000e+00 1.03622913e+00 1.01365337e+01 8.65627003e+00
  0.00000000e+00 0.00000000e+00 4.05306280e-01 2.80640388e+00
  8.09105873e-01 8.40874791e-01 3.01633447e-01 8.20412922e+00
  3.08782935e+00 0.00000000e+00 6.24862969e-01 3.20081520e+00
  1.08672547e+00 2.54919434e+00 2.78724766e+00 6.74207389e-01
  7.41438150e+00 8.22704375e-01 0.00000000e+00 7.96289504e-01
  8.40191078e+00 8.78052711e-02 8.77777195e+00 5.78764725e+00
  2.19455734e-01 5.88523328e-01 6.05974770e+00 6.00258298e-02]]