[[1.29165962e-01 0.00000000e+00 3.08558559e+00 0.00000000e+00
  2.70079374e+00 2.00241852e+00 4.07379198e+00 5.02078390e+00
  1.12010288e+00 2.24860311e+00 2.83809304e-01 2.78378415e+00
  5.04664135e+00 2.92513657e+00 5.48939168e-01 1.16304196e-01
  6.10387373e+00 2.01473641e+00 0.00000000e+00 5.92657268e-01
  0.00000000e+00 2.86828399e+00 6.75076294e+00 2.57045269e+00
  8.15675795e-01 4.62085342e+00 9.09080696e+00 3.33985901e+00
  3.23901081e+00 7.72602367e+00 4.65580285e-01 0.00000000e+00
  5.55300474e-01 4.47914171e+00 3.09885526e+00 1.22493386e+00
  1.41888392e+00 9.09365416e-02 1.25787392e+01 2.18108010e+00
  4.02512836e+00 4.58610201e+00 2.00180459e+00 2.62213302e+00
  0.00000000e+00 0.00000000e+00 5.38727283e+00 3.40419722e+00
  4.86449182e-01 0.00000000e+00 9.40276861e-01 2.62019455e-01
  0.00000000e+00 1.15158362e-03 1.69556129e+00 3.88978004e+00
  8.39975953e-01 1.73259771e+00 1.21562777e+01 1.22587986e+01
  9.50597465e-01 4.09890318e+00 3.35841560e+00 3.45020628e+00
  9.35859740e-01 6.74558043e-01 2.65315235e-01 3.68379802e-01
  7.42309272e-01 1.79494709e-01 5.01853898e-02 0.00000000e+00
  1.31927741e+00 4.02534389e+00 3.20946860e+00 2.93846369e+00
  2.06531310e+00 4.77446198e-01 5.03116727e-01 0.00000000e+00
  3.46482545e-02 2.47719407e+00 4.86642599e+00 3.54876816e-01
  6.01511598e-01 3.18976909e-01 1.66968361e-01 4.50762399e-02
  5.96971703e+00 1.92783728e-01 5.94846368e-01 3.55298012e-01
  0.00000000e+00 6.49557543e+00 2.75345778e+00 5.26769519e-01
  7.33617544e+00 2.03647614e+00 8.34620571e+00 5.51942396e+00
  1.90421331e+00 3.64538956e+00 9.00103474e+00 2.71593857e+00
  1.62761140e+00 7.89057076e-01 6.97177112e-01 2.69991589e+00
  3.03650904e+00 3.41752911e+00 3.79663594e-02 2.22532535e+00
  4.34699386e-01 1.62528396e+00 1.77583992e-02 2.65979826e-01
  5.24490356e+00 0.00000000e+00 5.47865443e-02 7.53750682e-01
  0.00000000e+00 5.18946362e+00 4.51154858e-01 5.16818666e+00
  4.46965885e+00 3.46246529e+00 3.44030666e+00 1.44494072e-01
  3.93636405e-01 7.78600025e+00 1.68111777e+00 4.80446160e-01
  4.47226048e+00 2.21460891e+00 2.70382571e+00 2.37021521e-02
  1.96636355e+00 4.91417408e-01 3.92205656e-01 5.12447596e-01
  2.08007240e+00 4.24844474e-01 1.54411839e-02 1.41541588e+00
  2.00146532e+00 0.00000000e+00 1.58831847e+00 0.00000000e+00
  0.00000000e+00 5.48688360e-02 0.00000000e+00 2.96548754e-01
  1.64887160e-01 0.00000000e+00 1.52428639e+00 3.04463878e-02
  0.00000000e+00 5.49859619e+00 3.16752225e-01 5.56270815e-02
  1.37986946e+00 8.43178272e-01 4.51134539e+00 8.51697996e-02
  1.93662202e+00 6.18316078e+00 3.70979160e-02 2.09621620e+00
  5.56151509e-01 3.22365189e+00 2.21683431e+00 1.40293312e+00
  6.48179960e+00 2.47662410e-01 2.35878900e-01 1.46010065e+00
  2.15090418e+00 3.22562981e+00 4.91616821e+00 6.41431236e+00
  1.33948934e+00 1.96421489e-01 4.55945158e+00 1.03103364e+00
  2.09187698e+00 1.07236767e+00 2.70973593e-01 1.16485500e+00
  1.72734469e-01 2.28468037e+00 3.49313283e+00 3.59210134e+00
  1.93981290e+00 1.90548992e+01 1.16122591e+00 3.46800709e+00
  4.54156065e+00 6.56609678e+00 2.30336690e+00 0.00000000e+00
  3.21925581e-01 2.25128680e-01 1.26753092e+00 2.18736768e+00
  6.66357851e+00 2.50465298e+00 1.04165006e+00 6.33520305e-01
  6.13193333e-01 1.04922113e+01 1.72548234e+00 2.06302786e+00
  1.00914967e+00 8.46122146e-01 2.88620472e-01 0.00000000e+00
  3.37504476e-01 2.16318178e+00 8.38152617e-02 6.65577769e-01
  1.78673518e+00 5.62179947e+00 3.30465460e+00 3.04623413e+00
  3.00830698e+00 6.62035346e-01 1.95850170e+00 1.15949750e+00
  0.00000000e+00 2.39852834e+00 2.08733225e+00 1.77117443e+00
  3.84365726e+00 1.56439018e+00 1.37064576e-01 7.26786852e-02
  1.00767680e-01 2.24599504e+00 1.15723319e-01 9.59503770e-01
  1.83143055e+00 5.33445787e+00 9.35284436e-01 2.32417679e+00
  2.18317509e+00 6.04489803e-01 9.06709957e+00 6.09225258e-02
  1.44148850e+00 8.27987766e+00 5.65082788e-01 1.47557056e+00
  7.33228028e-02 4.09597301e+00 2.32033968e+00 0.00000000e+00
  1.14341009e+00 4.36095715e+00 3.51184821e+00 8.44108582e+00
  3.84369731e+00 1.55315161e-01 0.00000000e+00 3.25384307e+00
  4.87598568e-01 3.87282157e-03 9.96279180e-01 8.86246204e-01
  3.70023108e+00 1.82220638e-01 9.13762689e-01 9.71782148e-01
  8.18487525e-01 6.19324706e-02 1.37431741e+00 2.33897567e-01
  3.33723640e+00 5.09588718e-01 5.05940877e-02 1.02665335e-01
  3.71216464e+00 4.48456192e+00 1.07815814e+00 1.74165356e+00
  0.00000000e+00 0.00000000e+00 4.93409395e+00 1.25919497e+00
  4.58866405e+00 3.33278704e+00 2.03980267e-01 0.00000000e+00
  2.07343888e+00 1.29325628e+00 7.48223424e-01 9.30639076e+00
  5.70289135e+00 1.51501369e+00 2.34467673e+00 9.46037471e-01
  1.14077973e+00 5.77190936e-01 1.08992910e+00 3.47977072e-01
  2.02798939e+00 3.77451968e+00 3.57600379e+00 1.12991080e-01
  5.77476397e-02 1.44462180e+00 8.45831394e-01 1.15783191e+00
  1.07902718e+00 2.65381765e+00 4.86909121e-01 7.54060566e-01
  6.91446400e+00 5.82494068e+00 1.12915075e+00 2.35936594e+00
  1.41463028e-02 8.57879296e-02 1.01105666e+00 7.73653221e+00
  4.04302216e+00 7.71287739e-01 4.52910662e+00 4.42482948e+00
  6.42689133e+00 6.02001190e+00 7.50278458e-02 2.55052656e-01
  4.02148783e-01 2.02323988e-01 3.96378922e+00 1.93985832e+00
  3.89606953e+00 2.78855145e-01 2.63707727e-01 2.15784883e+00
  1.81971347e+00 9.77316558e-01 5.40364838e+00 1.23243916e+00
  3.15417075e+00 2.37748694e+00 4.49853563e+00 3.90857220e-01
  4.01567668e-01 1.09671223e+00 0.00000000e+00 1.31248558e+00
  0.00000000e+00 0.00000000e+00 2.67230129e+00 8.61537084e-02
  6.21125102e-01 5.09315538e+00 2.15065813e+00 2.23705292e+00
  3.45176053e+00 1.15222108e+00 4.95178968e-01 1.37651706e+00
  3.92647004e+00 3.60150027e+00 1.83159351e+00 7.71291852e-01
  0.00000000e+00 9.83559340e-03 0.00000000e+00 1.60651958e+00
  0.00000000e+00 0.00000000e+00 1.64408982e+00 1.61259711e-01
  4.40733314e-01 4.51670599e+00 0.00000000e+00 2.95559382e+00
  7.17714262e+00 1.69551027e+00 3.59800220e+00 9.33376312e-01
  1.51299691e+00 2.79936147e+00 8.19188476e-01 0.00000000e+00
  1.47004485e+00 2.11766422e-01 9.70641136e-01 2.56874609e+00
  5.50468922e+00 1.08796072e+00 8.19934785e-01 1.21183622e+00
  2.27227855e+00 2.05192375e+00 3.52540046e-01 2.24129343e+00
  2.52162266e+00 1.10509510e+01 4.48690844e+00 1.15096664e+01
  6.16131592e+00 2.73729324e+00 8.37828338e-01 4.97003347e-01
  1.78684282e+00 9.88897204e-01 4.02239370e+00 1.24492235e-01
  0.00000000e+00 0.00000000e+00 7.62160271e-02 4.53242749e-01
  4.60839605e+00 2.47498441e+00 8.02248597e-01 3.93954873e+00
  3.39800537e-01 1.66188747e-01 8.44875515e-01 5.33023643e+00
  3.72140312e+00 5.52692592e-01 7.06913590e-01 3.33007157e-01
  5.23171949e+00 2.04514265e+00 5.08097982e+00 1.22990942e+00
  9.78419590e+00 2.17525816e+00 0.00000000e+00 2.98395127e-01
  1.95459533e+00 0.00000000e+00 6.07712530e-02 1.16923463e+00
  4.81326580e+00 3.82981241e-01 1.27310276e+00 5.27445650e+00
  1.20504603e-01 5.31588256e-01 1.76834667e+00 2.44781089e+00
  0.00000000e+00 7.11716115e-02 3.09801251e-01 1.42532003e+00
  6.59502670e-02 2.67028809e+00 6.62225485e+00 1.68483168e-01
  5.78473568e-01 1.96053481e+00 1.31289005e+00 7.98952997e-01
  1.07911289e+00 3.17330182e-01 1.01692629e+00 5.90175927e-01
  3.55135128e-02 7.12014318e-01 1.01880813e+00 5.82020402e-01
  2.28746724e+00 2.30359578e+00 2.46456534e-01 2.43394470e+00
  2.15574577e-01 6.93104088e-01 0.00000000e+00 1.23083353e+00
  0.00000000e+00 8.85363579e-01 4.36483622e+00 7.44990289e-01
  3.60091662e+00 2.14867201e-02 5.36962938e+00 4.00123978e+00
  0.00000000e+00 0.00000000e+00 2.31437278e+00 9.61692214e-01
  2.22876287e+00 3.35260183e-01 5.69818839e-02 7.22407007e+00
  4.72676635e-01 3.39825660e-01 2.56147051e+00 1.90532252e-01
  4.44044256e+00 1.69942641e+00 2.16974854e+00 5.71380258e-02
  2.51719618e+00 8.60671699e-01 2.80972216e-02 7.80621357e-03
  6.17839718e+00 1.21064305e-01 2.24026561e+00 2.69679689e+00
  1.88110209e+00 1.05776834e+00 3.65339327e+00 1.05432224e+00]]