[[8.41610372e-01 9.06019866e-01 3.76460862e+00 1.65342450e-01
  6.69049501e+00 3.83729696e-01 3.52542233e+00 8.85925770e+00
  1.41873729e+00 2.95834541e+00 2.94760615e-01 1.44059110e+00
  7.54736567e+00 5.40331411e+00 7.64138997e-01 3.32943678e-01
  3.02891541e+00 9.23848987e-01 0.00000000e+00 2.95376825e+00
  0.00000000e+00 3.71754527e+00 8.68953800e+00 1.58361089e+00
  9.03337821e-02 6.11664486e+00 1.10591755e+01 5.58522367e+00
  2.47798634e+00 7.91523266e+00 1.58302951e+00 0.00000000e+00
  5.10045767e-01 5.87363338e+00 7.73933554e+00 2.07149434e+00
  1.82252598e+00 5.02115309e-01 3.15743136e+00 1.61855519e-01
  6.88806343e+00 5.54207563e+00 4.53630030e-01 8.47856426e+00
  1.55651018e-01 7.10912764e-01 1.15800686e+01 6.25867987e+00
  2.68824482e+00 3.93077970e+00 8.07060301e-02 0.00000000e+00
  3.87907386e-01 2.27330565e-01 7.16029704e-01 5.57146358e+00
  4.03042585e-01 4.56989384e+00 8.91592693e+00 4.24003124e+00
  3.95743179e+00 8.28742599e+00 2.82610297e+00 3.25634933e+00
  2.05821037e+00 1.68434429e+00 7.78199881e-02 7.03184175e+00
  6.07311010e-01 2.33650103e-01 2.52112913e+00 5.55739939e-01
  4.38968658e+00 6.23700202e-01 4.31949997e+00 1.58422863e+00
  2.39928317e+00 1.83050060e+00 2.83980083e+00 3.23938355e-02
  1.77203631e+00 1.50049508e+00 5.60190773e+00 3.84565115e-01
  1.99661565e+00 3.31436944e+00 2.97467783e-02 9.94190872e-02
  5.11564589e+00 1.73428714e+00 4.12737703e+00 5.03002524e-01
  8.92163813e-01 9.41245556e+00 5.63467836e+00 3.51607590e-03
  4.89078426e+00 2.65975356e+00 1.12612991e+01 9.13263893e+00
  1.40994859e+00 6.26764345e+00 3.57056403e+00 4.12959242e+00
  4.61157501e-01 2.79856890e-01 7.64404893e-01 5.82873201e+00
  3.77704787e+00 2.99988079e+00 7.73065507e-01 4.15266657e+00
  2.62284756e-01 5.47784865e-01 2.08337262e-01 1.97736037e+00
  7.23292160e+00 9.47873652e-01 1.56027579e+00 1.63047636e+00
  6.74611926e-01 1.37037830e+01 1.57562053e+00 7.14771652e+00
  4.59264565e+00 3.08037424e+00 7.75288916e+00 1.52405286e+00
  3.96493554e+00 3.73758125e+00 2.31243610e+00 1.84272480e+00
  2.92692757e+00 2.08033517e-01 7.31562948e+00 7.22899958e-02
  2.95793319e+00 8.16881943e+00 2.81973100e+00 1.60963285e+00
  6.10509403e-02 2.88347751e-01 8.50625783e-02 1.64642072e+00
  8.73293817e-01 2.61464655e-01 7.70923710e+00 1.08266979e-01
  2.71127909e-01 1.41260231e+00 3.76484776e+00 2.71235943e+00
  7.80973077e-01 3.63950342e-01 1.00738740e+00 9.16583017e-02
  1.73862922e+00 3.40673757e+00 3.50486350e+00 9.96464550e-01
  2.66395569e+00 4.68902254e+00 5.24214935e+00 0.00000000e+00
  5.82457924e+00 1.11393332e+00 1.03805378e-01 3.43111563e+00
  2.86111069e+00 2.73017454e+00 1.33511901e+00 4.45643634e-01
  9.91385460e-01 4.07999945e+00 9.22224760e-01 8.51110578e-01
  6.59094620e+00 0.00000000e+00 1.26630700e+00 1.12655077e+01
  1.15266609e+00 1.63915265e+00 3.04182005e+00 1.23868501e+00
  1.27506161e+00 8.67229640e-01 1.40537977e+00 2.07492113e+00
  1.83619785e+00 1.06103909e+00 9.26166952e-01 5.05450058e+00
  4.69046545e+00 6.80960655e+00 2.31445193e+00 6.68181801e+00
  1.66534221e+00 4.36310673e+00 8.33120346e+00 1.97250303e-02
  1.20670617e+00 3.47121134e-02 6.75323427e-01 2.28616405e+00
  5.64588785e+00 2.68185520e+00 1.20175922e+00 1.29156148e+00
  7.71488607e-01 6.15350544e-01 1.16845444e-01 1.94556892e+00
  2.84416288e-01 2.22465611e+00 1.42576277e+00 6.64410651e-01
  7.13039398e-01 7.92999125e+00 1.01277328e+00 2.00119114e+00
  4.08412188e-01 2.56315970e+00 1.46632075e+00 7.37866044e-01
  9.39908683e-01 7.67012909e-02 1.16091120e+00 1.16209698e+00
  4.97800231e-01 2.31571889e+00 1.72510588e+00 1.42227745e+00
  2.29769588e+00 6.51425719e-01 1.39033115e+00 3.46374011e+00
  6.23918399e-02 2.01383993e-01 0.00000000e+00 6.95455170e+00
  4.95568371e+00 1.73996770e+00 4.26670127e-02 3.27363873e+00
  1.16099656e+00 2.68886232e+00 5.42303133e+00 2.00878710e-01
  4.49843407e+00 9.13574505e+00 1.76126707e+00 3.48401523e+00
  5.74649715e+00 7.55238008e+00 4.16548586e+00 0.00000000e+00
  1.79245389e+00 1.49723065e+00 4.22845840e+00 7.66889668e+00
  2.70146155e+00 9.61350918e-01 0.00000000e+00 4.51022530e+00
  2.16174461e-02 0.00000000e+00 2.56654263e-01 4.67130780e-01
  1.08703279e+01 1.20835352e+00 6.02678156e+00 2.38969040e+00
  1.10465908e+00 2.42275074e-02 1.42872977e+00 7.53736317e-01
  5.05433178e+00 3.08212209e+00 3.53518128e-01 1.96231937e+00
  1.51474929e+00 8.10153782e-01 1.11740863e+00 2.32015061e+00
  4.41682816e+00 0.00000000e+00 1.78248942e+00 1.18370295e+00
  1.67850244e+00 7.99726129e-01 0.00000000e+00 1.62931427e-01
  5.09492683e+00 4.89607525e+00 2.76488256e+00 8.24346638e+00
  1.66250086e+00 1.83363950e+00 5.63877535e+00 7.12793827e-01
  5.97575068e-01 1.00161672e+00 8.94870090e+00 0.00000000e+00
  9.04509723e-01 7.92674637e+00 2.84833455e+00 1.64827228e+00
  3.13533247e-01 3.03818226e+00 1.30171132e+00 1.53355193e+00
  2.90062690e+00 2.56929207e+00 2.83464360e+00 1.45016059e-01
  3.60337043e+00 5.71844912e+00 7.29905188e-01 2.69070745e+00
  9.10501108e-02 5.25267303e-01 1.21874559e+00 6.57464123e+00
  4.15685654e+00 7.20077753e-01 9.95514679e+00 5.29439545e+00
  5.48284054e+00 3.20133281e+00 1.65386724e+00 9.73357439e-01
  2.43521214e+00 1.68762341e-01 7.01450443e+00 2.61859941e+00
  6.30700922e+00 5.61103964e+00 5.67287862e-01 1.20355010e+00
  7.62312055e-01 3.60037231e+00 3.34757090e+00 3.91518974e+00
  5.74235249e+00 1.00689459e+00 1.88846469e+00 2.23330855e+00
  2.91128659e+00 2.52433538e-01 6.08640313e-02 3.01967359e+00
  6.44670963e+00 0.00000000e+00 4.58229542e+00 8.00126851e-01
  5.12141371e+00 2.92339969e+00 2.95787573e+00 1.69352365e+00
  2.26993418e+00 0.00000000e+00 1.46067417e+00 1.41687417e+00
  8.63956642e+00 1.09883237e+00 2.96168685e+00 4.45065759e-02
  3.97558175e-02 2.12223828e-01 9.35593426e-01 1.92089963e+00
  1.04656912e-01 8.98328498e-02 2.50212765e+00 9.55745637e-01
  5.05922079e+00 7.05330610e+00 1.54438531e+00 5.86399317e-01
  1.10241470e+01 1.96148217e+00 1.04188943e+00 1.84532869e+00
  1.16110349e+00 3.00710011e+00 2.01508188e+00 7.35276937e-02
  5.24441767e+00 5.96034564e-02 1.42315781e+00 2.17660189e+00
  4.64115906e+00 1.27246630e+00 3.26165152e+00 4.87207383e-01
  1.39040220e+00 8.45869333e-02 4.69613647e+00 6.82929993e-01
  3.60828161e+00 7.70803642e+00 1.81362152e+00 2.45073247e+00
  4.82434511e+00 5.82954359e+00 1.14706850e+00 3.27837229e+00
  7.44230673e-02 4.48194885e+00 7.54590034e-01 4.69244480e-01
  1.00237736e-02 2.31799936e+00 2.13221371e-01 1.13631713e+00
  6.54336309e+00 1.74662185e+00 0.00000000e+00 7.62101030e+00
  0.00000000e+00 1.38683200e+00 2.24589634e+00 5.23909044e+00
  1.08629003e-01 2.34728193e+00 2.63647556e+00 2.35725307e+00
  8.46173000e+00 2.71651888e+00 8.01171970e+00 1.15471029e+00
  1.59347773e+01 7.40364850e-01 6.09502792e-01 3.36883116e+00
  1.31458855e+00 3.05628866e-01 5.18077075e-01 2.95810509e+00
  6.79185820e+00 0.00000000e+00 1.12355101e+00 5.68476200e+00
  4.62012529e-01 1.50471652e+00 0.00000000e+00 1.74442804e+00
  0.00000000e+00 7.80076161e-02 1.06159580e+00 6.16540492e-01
  0.00000000e+00 2.40061641e+00 2.41873288e+00 1.29759669e-01
  2.23465776e+00 8.17802906e+00 1.85761309e+00 1.48673248e+00
  6.68555915e-01 6.81754887e-01 3.13226247e+00 1.03967154e+00
  0.00000000e+00 0.00000000e+00 4.29972215e-03 1.13596046e+00
  1.48459792e+00 4.00626183e+00 8.98241162e-01 1.80175483e+00
  2.08364892e+00 4.75378132e+00 9.81730446e-02 1.35800719e+00
  0.00000000e+00 1.38740170e+00 4.26407528e+00 1.68547022e+00
  1.71340120e+00 3.07285047e+00 4.53258944e+00 9.62376976e+00
  0.00000000e+00 3.47697109e-01 1.97931027e+00 1.76076138e+00
  4.16827822e+00 5.43339252e+00 6.12499654e-01 9.16175652e+00
  2.52623439e+00 2.94356138e-01 4.23877907e+00 4.29751873e-01
  7.20934248e+00 7.07042694e-01 4.59322119e+00 2.88904643e+00
  4.83898783e+00 1.43162990e+00 5.51341958e-02 6.01944387e-01
  6.46323109e+00 5.80574060e-03 5.59729338e+00 1.37678111e+00
  1.53578031e+00 1.60115910e+00 2.57667780e+00 7.55173147e-01]]