[[1.1350781e+00 4.4555736e-01 1.8266916e+00 9.1175146e-02 2.0972161e+00
  8.1375986e-01 3.2333863e+00 7.1501236e+00 2.5306022e+00 9.9858117e-01
  1.3204296e-01 5.6998887e+00 8.4485006e+00 1.9074212e+00 1.6571226e+00
  3.2926928e-02 7.7600822e+00 6.3372010e-01 1.2428424e-01 7.1095724e+00
  0.0000000e+00 1.4612214e+01 8.9617233e+00 2.1426313e+00 2.2775936e+00
  9.5226736e+00 1.2723137e+01 5.0262923e+00 7.2122049e-01 1.0241162e+01
  4.6950561e-01 9.4683897e-01 2.5209546e+00 1.0374600e+01 4.5134397e+00
  2.1232839e+00 2.4599836e+00 3.0148852e-01 8.5027981e+00 1.4880868e+00
  1.7794541e+00 9.6194906e+00 9.9070537e-01 5.6560693e+00 5.3001332e-01
  1.1996762e-01 7.3013239e+00 4.6787815e+00 2.7728493e+00 3.7130040e-01
  3.0090243e-01 2.4338049e-01 1.3659949e-03 0.0000000e+00 3.0913362e-01
  6.4221296e+00 8.0785149e-01 5.2783241e+00 1.5154924e+01 1.4003552e+01
  3.4533973e+00 4.5963955e+00 2.0582309e+00 2.8906019e+00 4.3807390e-01
  0.0000000e+00 6.8805134e-01 1.3054507e+00 3.6116099e-01 4.2671797e-01
  4.7290081e-04 2.9902130e-01 5.4035621e+00 3.3501737e+00 3.1380501e+00
  2.9461398e+00 2.6731668e+00 5.6907600e-01 5.8530884e+00 0.0000000e+00
  0.0000000e+00 7.3218546e+00 6.1672220e+00 2.5562875e-02 9.5861995e-01
  3.6340253e+00 2.4687970e-01 1.3480886e+00 5.1498399e+00 1.1932089e+00
  3.1190711e-01 0.0000000e+00 3.4926707e-01 7.0865884e+00 7.4366541e+00
  0.0000000e+00 9.0982246e+00 2.3181491e+00 7.8136306e+00 1.6940752e+01
  5.5896890e-01 6.5762334e+00 1.4403570e+00 5.1292419e+00 1.3958373e+00
  7.5734079e-01 1.2825661e+00 4.0744100e+00 4.5022011e+00 2.6482151e+00
  1.7767821e-01 3.5233228e+00 1.6727121e-01 0.0000000e+00 2.4553984e-01
  5.0650209e-01 8.3849440e+00 1.6860114e+00 2.1329429e+00 2.0141733e-01
  2.4034493e-01 1.1695179e+01 4.3192682e-01 1.1839871e+01 5.3941770e+00
  4.0447664e+00 5.5487666e+00 6.2711442e-01 1.0341638e-01 5.0378280e+00
  2.6976504e+00 1.6126860e+00 6.4852128e+00 2.0784686e+00 3.2878752e+00
  6.6988099e-01 4.8572950e+00 1.2738814e+00 1.0380284e+00 8.3193175e-02
  7.0473285e+00 9.1548890e-01 0.0000000e+00 3.1148523e-01 1.7070291e+00
  0.0000000e+00 3.3790252e+00 7.6646012e-01 1.2114608e-01 5.4687247e-02
  6.3084178e-02 1.1402187e-01 2.0736885e-01 1.8095972e-01 1.8487868e+00
  0.0000000e+00 1.5253690e-01 5.6629510e+00 5.7574350e-01 8.4948045e-01
  3.3572447e+00 1.5022846e+00 6.7163730e+00 1.8583919e-01 1.8336099e+00
  2.7253997e+00 8.1802599e-02 4.1268816e+00 1.5813410e-01 5.5479550e+00
  1.7124048e-01 4.1981456e-01 2.9932091e-01 7.7603579e-01 1.9433584e+00
  1.4642755e+00 6.5807438e+00 2.1661749e+00 2.2938030e+00 1.1025031e+01
  7.0431781e-01 8.3079827e-01 1.2413925e+01 9.8964885e-02 1.8628851e+00
  5.6524074e-01 2.1251621e+00 8.2224303e-01 3.1857410e-01 7.1800941e-01
  3.2176619e+00 2.5327706e+00 3.4161527e+00 1.3962918e+01 1.4817444e+00
  7.8378577e+00 5.7703609e+00 7.9008265e+00 3.5843971e+00 0.0000000e+00
  5.0892758e+00 9.0526813e-01 1.9254218e+00 1.8505111e+00 3.8683045e+00
  1.9174434e+00 1.2371866e+00 2.6548979e+00 1.7364466e+00 5.0685253e+00
  2.0752199e-01 3.1066833e+00 1.0028950e+00 4.0827087e-01 2.3535024e-01
  0.0000000e+00 7.0702600e-01 4.4265528e+00 7.2735322e-01 1.3367356e+00
  6.8683952e-02 1.0301761e+01 7.6800710e-01 2.0907416e+00 4.9217196e+00
  4.2020980e-01 6.5316362e+00 3.1828403e+00 2.4371777e-01 3.3036427e+00
  4.3974209e+00 5.3010235e+00 3.3892798e+00 2.9353445e+00 1.3502176e+00
  5.4017490e-01 1.3786694e-01 1.7934855e+00 3.2181755e-01 1.6115760e+00
  5.8149638e+00 3.1434014e+00 1.5817901e-01 6.7044764e+00 1.9156988e+00
  9.3615669e-01 6.7658453e+00 1.3118815e-02 2.2892852e+00 1.5501610e+01
  1.3119013e+00 7.9226679e-01 0.0000000e+00 8.6908216e+00 3.4196937e+00
  8.2474342e-03 1.0496840e+00 1.8594717e+00 2.8949308e+00 1.2733376e+01
  6.1149135e+00 7.6706970e-01 1.5462235e-01 2.5882907e+00 1.2105995e-01
  0.0000000e+00 4.8754582e+00 1.3263376e+00 7.9807291e+00 7.9683810e-01
  1.2295368e+01 1.0334114e+00 1.4090532e+00 2.1455294e-01 1.8270206e+00
  1.1124787e+00 2.5844824e+00 1.9957266e+00 3.1750847e-03 1.2030965e+00
  5.5020041e+00 1.2166561e+00 1.3240290e+00 2.2468152e+00 1.5653217e+00
  0.0000000e+00 4.8480301e+00 9.1484344e-01 3.7674599e+00 6.3342154e-01
  0.0000000e+00 6.8783945e-01 1.1213309e+01 9.3177977e+00 3.2689610e+00
  5.6048236e+00 8.8764963e+00 3.8652129e+00 1.3695159e+00 3.0059125e+00
  2.2401860e+00 2.5144011e-01 2.3526368e+00 4.1491586e-01 2.7469089e+00
  5.5143013e+00 3.7800479e-01 7.8268695e-01 0.0000000e+00 2.3970952e+00
  1.8942879e+00 1.1854421e+00 3.8884377e+00 2.5363991e+00 9.2049158e-01
  6.0433932e-02 7.4105959e+00 7.8425822e+00 9.5698017e-01 1.4567275e+00
  0.0000000e+00 7.5597043e+00 2.1163487e+00 9.8455544e+00 4.5936408e+00
  8.6984068e-01 6.7879252e+00 6.7721558e+00 9.1319246e+00 8.3487053e+00
  8.8406497e-01 8.1310272e-01 0.0000000e+00 6.0027521e-02 4.6432233e+00
  2.1798241e+00 4.8513494e+00 7.4159098e-01 2.4434876e+00 3.5848763e+00
  1.0715714e-01 2.2501061e+00 4.7204509e+00 1.5158336e+00 5.1410713e+00
  2.9892495e+00 2.4283960e+00 6.4298175e-02 2.1682733e-01 5.9838915e-01
  1.9837742e-01 2.7059093e+00 0.0000000e+00 0.0000000e+00 3.9742312e+00
  2.8633089e+00 4.3307114e+00 7.1058254e+00 1.4587444e+00 3.9986002e+00
  3.8528950e+00 1.2516611e+00 4.0534391e+00 5.5349469e-01 6.2141352e+00
  7.4969239e+00 1.5891387e+00 1.5048431e+00 0.0000000e+00 0.0000000e+00
  1.0662452e+00 3.5301654e+00 2.0556712e-01 1.7932613e-01 2.2688136e+00
  6.3082772e-01 8.7181730e+00 8.3718271e+00 0.0000000e+00 2.4509771e+00
  1.2951212e+01 2.7855461e+00 3.9623706e+00 2.3874307e+00 8.2663882e-01
  5.4551740e+00 7.6375610e-01 3.6448950e-01 4.5839605e+00 6.3149804e-01
  2.6754365e+00 3.0766573e+00 9.0282278e+00 2.5111890e+00 1.8369009e-01
  2.4749711e+00 4.3590193e+00 2.6584129e+00 2.5806541e+00 1.7682587e+00
  4.7138462e+00 7.4199324e+00 3.8121970e+00 4.1994829e+00 9.1206341e+00
  6.8646502e+00 4.0589273e-02 2.4425058e+00 1.4247859e+00 2.5776796e+00
  2.6827965e+00 5.7794690e-01 0.0000000e+00 2.4509087e+00 4.6012659e-02
  0.0000000e+00 5.4882383e+00 3.2029562e+00 6.1273879e-01 8.9309568e+00
  2.7532765e-01 5.5999899e-01 1.1671554e+00 8.7173395e+00 5.9408789e+00
  4.0981638e-01 4.0355816e+00 5.5825543e-01 7.4193544e+00 1.6380045e+00
  1.1400582e+01 1.3747694e+00 1.3397973e+01 1.2448452e+00 1.3197875e-01
  1.7070012e+00 2.6724699e+00 5.7018256e-01 2.6827872e-01 4.4567671e+00
  8.3755980e+00 4.8352253e-02 8.2362247e-01 1.0015161e+01 6.7739481e-01
  0.0000000e+00 2.3017747e+00 3.3218794e+00 3.8739365e-01 1.3668157e+00
  4.7191948e-01 3.5969911e+00 0.0000000e+00 1.9156089e+00 3.3280509e+00
  1.2626865e+00 2.2330208e+00 3.0224962e+00 3.1389244e+00 1.8936715e+00
  1.9225770e+00 5.3131235e-01 7.1264744e-01 2.2964437e+00 0.0000000e+00
  8.3483177e-01 9.4541496e-01 2.7082226e+00 1.5093750e+00 1.3318975e+00
  2.4054722e-01 2.9387515e+00 1.6968927e+00 1.7179047e+00 0.0000000e+00
  1.9272864e+00 7.8574292e-02 1.0793418e+00 2.3362043e+00 1.1700662e+00
  2.8340355e-01 4.2354103e-02 5.2649531e+00 6.0035820e+00 0.0000000e+00
  4.9704334e-01 2.7178895e-01 2.3372743e+00 3.8892429e+00 6.5461856e-01
  6.9215697e-01 9.1659622e+00 2.8155704e+00 1.9731177e-01 4.1144500e+00
  1.0719970e+00 6.4406509e+00 3.2590241e+00 1.8837838e+00 4.2036262e-01
  4.3409967e+00 2.4210026e+00 3.1954867e-01 0.0000000e+00 5.4575558e+00
  1.5829174e-01 6.0724158e+00 5.2017732e+00 2.1566429e+00 5.9263414e-01
  1.1729248e+00 9.2140001e-01]]