[[3.6513811e-01 0.0000000e+00 8.9610791e-01 1.1435382e+00 3.5560377e+00
  9.0886647e-01 3.4444780e+00 8.5877819e+00 2.3429399e+00 6.1152349e+00
  2.2674410e+00 8.1980014e-01 1.6136169e+00 4.3246179e+00 4.3822813e+00
  2.8290448e+00 1.4219046e+00 1.8140758e+00 2.1653880e-01 2.2239871e+00
  8.8469177e-02 6.7639198e+00 3.6067209e+00 3.9437845e+00 2.3879121e-01
  4.4903889e+00 9.7593575e+00 2.6769102e+00 3.9886131e+00 3.4428020e+00
  1.6404359e+00 0.0000000e+00 5.2294725e-01 3.7733214e+00 3.4028394e+00
  5.9295684e-01 1.2829616e+00 1.2857494e+00 6.0203781e+00 1.8073510e-02
  3.8485441e+00 5.0350637e+00 2.2615447e+00 2.7518566e+00 0.0000000e+00
  2.7688053e+00 2.5295460e+00 8.3271770e+00 3.2204390e+00 2.7752514e+00
  6.3789272e+00 1.4151583e+00 0.0000000e+00 5.2344795e-02 2.2720478e+00
  1.3109366e+00 5.6181419e-01 2.6095512e+00 6.0102906e+00 6.2989740e+00
  1.5356228e+00 7.4994564e+00 1.7064031e+00 1.7492392e+00 2.4909241e-01
  4.4424663e+00 1.7689515e+00 9.0734430e-02 0.0000000e+00 6.3842177e+00
  1.0792687e+01 2.9734867e+00 4.6971560e+00 6.2573547e+00 2.3832695e+00
  4.2077260e+00 3.2969835e+00 3.7238634e+00 2.1074619e+00 0.0000000e+00
  2.1017864e+00 1.5464001e+01 7.0181394e+00 2.6160653e+00 8.6461090e-02
  3.4585893e+00 1.7236903e+00 3.8118575e-02 1.0664681e+00 2.8978845e-01
  1.0001427e+00 1.4471978e+00 9.5612250e-02 4.9014268e+00 3.6312795e+00
  2.2458676e-01 2.9714246e+00 1.0348752e+00 5.6518173e+00 1.8828726e+00
  2.3677738e+00 5.4078412e+00 0.0000000e+00 2.3549123e+00 2.9476565e-01
  0.0000000e+00 1.3376116e+00 2.1453066e+00 3.5451713e+00 1.2209792e+00
  2.2961185e+00 6.5953660e+00 9.8647380e-01 0.0000000e+00 2.6181428e+00
  5.6483442e-01 4.8233008e+00 4.3292499e-01 3.0660450e-01 1.6378852e+00
  2.1908119e-01 7.6368170e+00 5.9099352e-01 2.7718296e+00 2.2548296e+00
  4.6864648e+00 3.4199502e+00 6.0376310e-01 1.1582197e+00 7.3951869e+00
  1.6659963e-01 8.4547508e-01 5.3516803e+00 1.0743374e+00 3.0685558e+00
  9.9728346e-01 4.1297011e+00 3.4527061e+00 1.7992495e-01 3.4076400e-02
  1.2609564e+00 3.6059976e-01 0.0000000e+00 1.0653710e+00 2.3380520e+00
  1.1578627e+00 3.5064514e+00 8.7519370e-02 0.0000000e+00 1.4399451e+00
  0.0000000e+00 9.4118090e+00 6.8268490e-01 5.2856565e-01 2.0547323e+00
  2.2801921e-01 1.0326351e+00 1.3604929e+00 1.0166780e+00 3.3091042e+00
  2.2538302e+00 3.7903166e+00 4.3211761e+00 0.0000000e+00 1.2659057e+00
  3.1999795e+00 1.1835387e+00 4.1637335e+00 5.2654308e-01 2.7701789e-01
  8.6439359e-01 1.0242468e+00 4.8330798e+00 6.0217443e+00 2.5872936e+00
  2.0577080e+00 3.9131727e+00 2.7385948e+00 9.3700314e-01 6.4416542e+00
  1.9941443e+00 1.4834641e+00 1.3315765e+00 0.0000000e+00 2.9983215e+00
  8.0896540e+00 1.9695576e+00 1.0937908e+00 5.6423402e+00 2.2163119e+00
  2.7505738e-01 1.4781015e+00 2.7130728e+00 4.6056209e+00 1.8040689e+00
  6.5440041e-01 4.8577318e+00 3.8994951e+00 8.9220266e+00 3.1324852e-02
  4.6253605e+00 1.4987110e+00 1.3037692e+00 4.0288198e-01 2.4001677e+00
  7.2332315e+00 2.2373296e-01 1.4339581e+00 1.0706536e+00 1.5701724e+01
  5.1619452e-01 7.2845501e-01 4.3537918e-01 2.3434370e+00 1.3725194e+00
  2.2584877e+00 3.2751772e-01 5.3220134e+00 9.2988288e-01 1.6367616e-01
  7.2843094e+00 4.1828313e+00 2.9832714e+00 5.0708842e-01 6.3217711e+00
  1.5113342e+00 2.2010939e+00 1.0776137e+00 1.1700367e-01 3.2518199e-01
  1.7380576e+00 4.9508314e+00 8.3770466e-01 4.2399883e+00 1.6832180e+00
  3.0613678e+00 7.9697466e-01 1.0742307e+00 1.4086533e+00 2.2191641e+00
  1.0872936e+00 7.1252890e-02 5.7450479e-01 2.6302712e+00 1.1591058e+00
  2.5650768e-03 5.5014787e+00 1.9889201e-01 7.3143923e-01 3.0672383e+00
  8.1118703e-01 1.4640273e+00 0.0000000e+00 4.5460849e+00 6.5836138e-01
  2.7598920e-01 4.8292251e+00 6.9747210e-01 4.7650824e+00 2.6316710e+00
  4.1917019e+00 4.0458632e+00 0.0000000e+00 2.8690083e+00 5.7374048e+00
  0.0000000e+00 3.3954349e-01 1.7537318e+00 8.2432661e+00 0.0000000e+00
  6.7116380e+00 1.3718233e+00 5.8092600e-01 4.0234652e+00 1.9971105e+00
  1.3235221e+00 3.1773070e-01 6.6439161e+00 1.4613323e-01 7.7412076e-02
  2.2715080e+00 2.3796542e+00 8.8329953e-01 2.7745862e+00 2.2167604e+00
  9.5375068e-02 1.5816559e+00 3.6607800e+00 1.8431950e+00 1.3892875e+00
  3.9606553e-01 0.0000000e+00 1.2502209e+01 1.5349187e+00 1.0105973e+00
  3.0445800e+00 6.9431734e-01 4.1849125e-02 1.1025692e+00 1.0274177e+00
  0.0000000e+00 1.5526143e+00 7.9545631e+00 1.8222040e-01 4.6175094e+00
  4.0060501e+00 2.1543164e+00 2.7462952e+00 8.5234679e-02 2.5961719e+00
  2.0914919e+00 3.2275584e+00 2.6887108e-03 7.1228057e-01 1.4793574e+00
  2.9684660e+00 3.0395389e+00 6.8571577e+00 2.0160668e+00 9.7326508e+00
  0.0000000e+00 5.8719711e+00 6.5388596e-01 4.1908755e+00 4.5052834e+00
  2.2546904e+00 8.4839010e+00 5.3692303e+00 6.7108698e+00 6.1636906e+00
  3.1743672e+00 1.1440300e-01 1.9574136e+00 0.0000000e+00 1.6363165e+00
  4.4707036e+00 5.2666869e+00 2.4475489e+00 5.0232130e-01 4.9601984e+00
  2.2414804e+00 2.3686281e-01 2.1897194e+00 0.0000000e+00 3.0859475e+00
  2.2698128e+00 7.7005726e-01 7.6189721e-01 1.8311683e+00 4.0602798e+00
  7.3425137e-02 1.7647870e+00 1.3587264e+00 2.6775615e+00 8.2786667e-01
  4.7158152e-01 1.0824927e+00 3.7907803e+00 6.1066470e+00 3.3083985e+00
  8.7753779e-01 2.3412018e-01 6.0890609e-01 1.1786473e+00 4.8261806e-01
  4.6867518e+00 2.6729784e+00 6.6217083e-01 1.5215113e+00 0.0000000e+00
  4.2955894e-02 2.4804049e+00 2.7440163e-01 8.2052797e-01 2.8164625e+00
  1.7768960e+00 1.3529912e+00 9.3162565e+00 1.0165256e+00 3.5242150e+00
  4.2338486e+00 2.2245734e+00 8.6626358e+00 6.9245124e-01 1.2424011e+00
  4.3613548e+00 1.6875454e+00 2.2483730e-01 2.3513925e+00 7.2597936e-02
  1.6401101e+00 1.0666857e+00 1.9514261e+00 2.3430152e+00 4.1496539e-01
  3.0089924e-01 8.2443800e+00 4.0694124e-01 8.4403324e+00 2.0002425e+00
  2.0657616e+00 3.7902732e+00 7.3936076e+00 2.0842073e+00 4.8787451e+00
  2.2971466e+00 5.4898512e-01 7.3836136e-01 2.2676911e+00 6.5308040e-01
  1.4690787e+00 2.2369647e+00 6.1544184e-02 3.9201853e-01 0.0000000e+00
  1.2517897e+00 3.3682024e+00 1.8461022e+00 0.0000000e+00 9.1174746e+00
  0.0000000e+00 1.2112082e+00 4.9236283e-01 7.7662115e+00 5.6440830e-01
  2.1678014e-01 9.9933583e-01 1.4172313e+00 6.5531783e+00 2.1655812e+00
  3.8158531e+00 1.4160533e+00 4.3506894e+00 8.9420338e+00 3.3080864e-01
  4.1123196e-01 1.1531072e+00 1.2957754e+00 1.2554251e+00 1.9550629e+00
  5.0245180e+00 2.4690440e+00 3.3964351e-01 1.1229744e+00 2.5186390e-01
  1.9431598e-01 4.2045684e+00 1.0384319e+00 0.0000000e+00 1.2649817e+00
  2.2916093e-01 5.9301305e-01 0.0000000e+00 6.6533813e+00 4.0830672e-01
  0.0000000e+00 1.4206495e+00 3.0371087e+00 5.1980462e+00 1.4226302e+00
  8.1953639e-01 3.1767120e+00 3.3768973e-01 4.9443073e+00 0.0000000e+00
  1.4810424e+00 5.2062964e-01 5.6684842e+00 1.7244838e+00 6.2024250e+00
  2.4412038e+00 0.0000000e+00 1.3415883e+00 3.4984708e+00 0.0000000e+00
  2.5882242e+00 5.7847757e-02 1.4164313e+00 8.1249723e+00 1.9975672e+00
  1.6761662e+00 1.4194289e+00 2.3945425e+00 7.4280677e+00 0.0000000e+00
  3.2878342e-01 5.5190194e-01 3.6385329e+00 2.4020114e+00 6.2446723e+00
  9.1078466e-01 5.8741217e+00 6.5235186e-01 0.0000000e+00 3.6373992e+00
  9.6840864e-01 4.5728455e+00 2.2528806e+00 4.0974431e+00 1.6573175e+00
  1.3563178e+00 4.6090598e+00 0.0000000e+00 7.7639207e-02 2.3523960e+00
  5.1244372e-01 8.0152006e+00 1.3032042e+00 2.2275326e+00 3.2891164e+00
  2.3401606e-01 5.1658883e+00]]