[[4.11413342e-01 4.39594120e-01 3.16221428e+00 1.04755849e-01
  1.67644215e+00 1.52158642e+00 4.23005152e+00 6.71353149e+00
  1.68014216e+00 1.81318200e+00 4.26566541e-01 1.99463367e+00
  5.57676744e+00 2.73269224e+00 6.64333045e-01 5.29958121e-02
  3.60785818e+00 4.22304273e-01 4.02068466e-01 3.84615469e+00
  0.00000000e+00 9.04643250e+00 7.66077709e+00 2.98499227e+00
  7.39080071e-01 7.61343575e+00 1.12396173e+01 4.78044748e+00
  2.28679585e+00 8.09235764e+00 5.11238575e-01 1.41637372e-02
  3.30557168e-01 4.57172585e+00 2.52511358e+00 2.53384876e+00
  4.11304772e-01 0.00000000e+00 7.01272535e+00 5.29568148e+00
  1.23516381e+00 8.77393246e+00 6.88611627e-01 4.71735907e+00
  2.25277215e-01 0.00000000e+00 4.91023970e+00 4.55184603e+00
  1.57225966e+00 5.80442727e-01 3.86886559e-02 3.06661665e-01
  1.82093635e-01 3.91245931e-01 2.69701266e+00 2.17746544e+00
  3.72052014e-01 4.46894121e+00 1.13140450e+01 1.06956348e+01
  2.73356748e+00 6.32447863e+00 2.68388271e+00 2.42038321e+00
  0.00000000e+00 8.64291191e-01 7.65580654e-01 5.12747645e-01
  4.08352107e-01 3.47761035e-01 1.17950141e+00 0.00000000e+00
  4.51428413e+00 3.60737085e+00 6.89305210e+00 5.07776213e+00
  1.56384683e+00 1.89340961e+00 7.88390815e-01 0.00000000e+00
  3.09929490e-01 3.42240191e+00 5.34798384e+00 0.00000000e+00
  1.58122206e+00 6.81860209e+00 0.00000000e+00 1.15723956e+00
  4.96165419e+00 8.17427337e-01 1.62773862e-01 4.64770973e-01
  3.53021652e-01 7.41147232e+00 4.72255898e+00 8.68883636e-03
  6.63204622e+00 3.18537831e+00 7.90374613e+00 5.88427877e+00
  1.25207663e+00 4.27438307e+00 4.43458605e+00 3.40617394e+00
  4.36189747e+00 0.00000000e+00 1.47406733e+00 2.26826239e+00
  4.02074051e+00 2.98086643e+00 1.18318357e-01 1.29641259e+00
  5.07286370e-01 1.08628154e+00 9.81771667e-03 0.00000000e+00
  4.48414373e+00 5.09997070e-01 3.16908598e-01 2.08381033e+00
  2.08443388e-01 7.69777822e+00 2.28713498e-01 7.82910204e+00
  6.48332500e+00 3.33084607e+00 5.49404573e+00 0.00000000e+00
  1.42237639e+00 5.89078522e+00 1.08880532e+00 1.76145005e+00
  3.84247112e+00 5.43244481e-01 2.97814822e+00 2.04229712e+00
  4.98037624e+00 1.13568354e+00 7.96289146e-01 7.90747330e-02
  1.25177300e+00 1.07661724e+00 3.23516130e-01 1.90067375e+00
  1.69470787e-01 3.18592340e-01 4.71000910e+00 9.13800776e-01
  0.00000000e+00 2.98633337e-01 3.30604941e-01 3.67470813e+00
  1.96158469e-01 1.88281858e+00 2.23507833e+00 0.00000000e+00
  8.50174248e-01 4.26195002e+00 8.98123145e-01 1.52103794e+00
  6.01565778e-01 2.65571928e+00 6.01383495e+00 8.82736519e-02
  2.76219296e+00 6.90500200e-01 4.53534424e-02 1.53973472e+00
  2.41566643e-01 2.72270107e+00 4.24291849e+00 2.03261971e-01
  5.84154654e+00 1.24986672e+00 2.45955586e-01 5.56585968e-01
  6.45598125e+00 4.12699461e+00 1.09331799e+01 7.93729401e+00
  8.00245762e-01 8.14934850e-01 2.15092278e+00 4.85361993e-01
  3.03757906e+00 2.49233460e+00 1.67547214e+00 4.28498805e-01
  2.74225736e+00 2.10382009e+00 8.75263214e-01 4.10853958e+00
  2.67346430e+00 1.05324936e+01 2.39222002e+00 1.35718143e+00
  6.06396723e+00 7.54731417e+00 3.32503057e+00 0.00000000e+00
  3.32408214e+00 9.82148647e-01 2.25066257e+00 2.03084135e+00
  5.93657255e+00 1.76148701e+00 1.65405989e+00 2.32487726e+00
  1.41909480e+00 8.58416271e+00 1.88208029e-01 2.89469481e+00
  5.50090909e-01 6.52310252e-01 0.00000000e+00 0.00000000e+00
  2.54682446e+00 2.53607798e+00 1.83042300e+00 2.69995546e+00
  1.54089665e+00 5.90111971e+00 0.00000000e+00 3.72008467e+00
  3.41361427e+00 6.55260026e-01 2.29169416e+00 1.03522265e+00
  0.00000000e+00 1.82918358e+00 8.76332045e-01 1.90720356e+00
  3.58847952e+00 1.26962566e+00 6.57084167e-01 2.00550318e+00
  2.87960798e-01 1.16114724e+00 2.28104877e+00 5.54176664e+00
  1.35109746e+00 4.50267267e+00 1.80155265e+00 3.37101650e+00
  1.22476387e+00 4.84934998e+00 1.01693935e+01 6.03217296e-02
  2.31727219e+00 4.26815748e+00 5.59602201e-01 7.75307119e-01
  0.00000000e+00 8.12801170e+00 5.28388596e+00 1.05382867e-01
  6.01315641e+00 1.83840013e+00 1.46884096e+00 7.08446026e+00
  3.92040706e+00 8.32481205e-01 6.85116202e-02 5.45180130e+00
  3.79887044e-01 0.00000000e+00 2.23787522e+00 1.26896119e+00
  3.82711673e+00 8.54255676e-01 2.07885098e+00 1.57171440e+00
  2.66038209e-01 1.68179238e+00 1.41238999e+00 4.10249919e-01
  6.10443306e+00 6.79926634e-01 3.04056033e-02 1.47602081e+00
  3.90124702e+00 2.44829965e+00 5.71744347e+00 4.87592840e+00
  9.98078823e-01 0.00000000e+00 4.92768097e+00 1.56130433e+00
  5.14727926e+00 3.15727115e+00 6.50967717e-01 9.01092440e-02
  4.03632641e+00 3.92501330e+00 1.07060492e+00 7.14846420e+00
  2.93701077e+00 3.10315132e+00 2.19497013e+00 9.79181945e-01
  1.76916039e+00 1.01221967e+00 4.15036529e-01 5.03619194e-01
  4.80772305e+00 4.77559662e+00 1.10865605e+00 1.92805338e+00
  1.52366650e+00 4.79855394e+00 1.70732510e+00 7.41056323e-01
  1.03363112e-01 3.07657576e+00 8.89160752e-01 5.67910016e-01
  8.82035828e+00 6.77168608e+00 1.03950024e+00 1.45856571e+00
  1.39391020e-01 3.06908059e+00 5.91359019e-01 8.92342663e+00
  5.22459459e+00 2.11297542e-01 1.14353189e+01 5.76284361e+00
  8.34528732e+00 6.14725971e+00 1.21817505e+00 6.37387156e-01
  5.61352968e-01 1.40630424e-01 7.42963886e+00 3.71064925e+00
  3.59530258e+00 1.73760319e+00 4.72468901e+00 3.53223538e+00
  1.56098568e+00 6.14778519e-01 5.02517128e+00 6.00422442e-01
  3.68096232e+00 1.29888391e+00 1.59509933e+00 3.02534878e-01
  8.41638982e-01 1.90356299e-02 0.00000000e+00 2.57065105e+00
  0.00000000e+00 3.38327102e-02 4.48821211e+00 3.71445477e-01
  8.79044771e-01 6.80664873e+00 2.58752465e+00 1.55155039e+00
  7.40392017e+00 1.60556829e+00 3.92015481e+00 7.09946513e-01
  7.01986313e+00 3.19230056e+00 7.71793270e+00 3.33330519e-02
  7.22665668e-01 1.53402686e-01 0.00000000e+00 3.94554138e+00
  0.00000000e+00 0.00000000e+00 2.94989133e+00 1.30272174e+00
  4.27472162e+00 4.94862413e+00 0.00000000e+00 2.11391330e+00
  7.97955704e+00 6.92041874e-01 2.04744816e+00 3.51564199e-01
  1.86634326e+00 2.71490693e+00 7.20899403e-01 0.00000000e+00
  4.22625256e+00 2.07025123e+00 2.60847449e+00 3.21033454e+00
  4.83728600e+00 6.00970626e-01 9.83923078e-01 1.75491083e+00
  2.97177935e+00 4.80277866e-01 4.27427340e+00 1.87278092e+00
  3.74378228e+00 1.01074467e+01 5.23795366e+00 4.27042723e+00
  4.38698673e+00 5.30668402e+00 3.66630554e-01 1.21895969e+00
  2.50169349e+00 2.57998490e+00 5.66206026e+00 0.00000000e+00
  0.00000000e+00 5.46531141e-01 6.85254186e-02 6.66202724e-01
  4.97946501e+00 1.73435163e+00 0.00000000e+00 7.17816973e+00
  0.00000000e+00 6.36991978e-01 7.53212571e-01 5.55776596e+00
  2.82826757e+00 1.74975187e-01 1.65751743e+00 8.22424769e-01
  1.16161585e+01 4.83255482e+00 9.72009373e+00 3.43108130e+00
  8.00164127e+00 4.25139713e+00 2.46054567e-02 1.43074548e+00
  2.15265274e+00 0.00000000e+00 0.00000000e+00 3.04259157e+00
  6.26056480e+00 6.01697803e-01 1.00555408e+00 6.43560839e+00
  2.84481049e-01 3.25756103e-01 1.91738880e+00 2.50360751e+00
  0.00000000e+00 4.60241467e-01 2.47147426e-01 1.65522397e+00
  0.00000000e+00 3.16865134e+00 2.21833205e+00 1.24480307e+00
  1.02310789e+00 3.84154034e+00 1.87926328e+00 2.53943253e+00
  5.32086849e-01 8.66479993e-01 2.12114096e+00 5.11805964e+00
  0.00000000e+00 6.74145460e-01 1.27273679e+00 0.00000000e+00
  2.39619684e+00 1.58904004e+00 4.82437611e-02 9.62117553e-01
  9.33939576e-01 5.34278345e+00 0.00000000e+00 5.70011139e-01
  0.00000000e+00 2.16247156e-01 3.83012414e+00 1.26755106e+00
  1.88868153e+00 2.94238657e-01 5.02876186e+00 2.59611320e+00
  0.00000000e+00 0.00000000e+00 4.83423519e+00 7.66525269e-01
  2.94440985e+00 1.86828649e+00 1.35928810e+00 7.60139608e+00
  1.36493635e+00 1.94358379e-01 4.64418554e+00 6.05541825e-01
  5.36956024e+00 1.92269218e+00 1.31650281e+00 7.07710445e-01
  3.05917358e+00 7.59249449e-01 0.00000000e+00 3.27573270e-01
  3.92907643e+00 3.17205131e-01 6.90600586e+00 4.68760967e+00
  2.02151275e+00 2.85866117e+00 5.56766891e+00 1.15314949e+00]]