[[2.85343170e-01 1.21894367e-01 4.23670483e+00 0.00000000e+00
  9.47678566e+00 2.20372248e+00 3.68507147e+00 5.15737438e+00
  4.29343395e-02 5.55355787e-01 1.41682315e+00 2.29210210e+00
  7.85789442e+00 1.06237495e+00 2.67504096e+00 4.13704187e-01
  4.73380089e+00 2.42272782e+00 2.92453647e-01 2.78073907e+00
  0.00000000e+00 1.34880054e+00 5.62890291e+00 5.43190837e-01
  1.20821381e+00 5.38861084e+00 9.20915508e+00 4.98110533e+00
  2.21588421e+00 1.03517408e+01 2.94176435e+00 4.03115958e-01
  8.30375254e-02 5.73215961e+00 3.43967700e+00 2.31358576e+00
  2.77752185e+00 4.59415048e-01 5.61326933e+00 8.57777894e-01
  4.86806059e+00 9.34709930e+00 1.38764250e+00 3.87865090e+00
  1.24055102e-01 5.32724857e-01 7.59489393e+00 6.56900835e+00
  3.51997948e+00 2.63162756e+00 9.38785306e-05 0.00000000e+00
  7.32534975e-02 2.66173422e-01 3.00874412e-01 3.84561133e+00
  1.16227698e+00 1.05766029e+01 6.50178623e+00 3.64341497e+00
  2.57728004e+00 4.20035744e+00 1.64974105e+00 3.11327529e+00
  3.17353964e-01 3.04745317e+00 0.00000000e+00 5.36422729e+00
  7.32524097e-01 1.00490904e+00 4.82143497e+00 3.23704928e-02
  6.21771049e+00 2.11821771e+00 2.99893284e+00 1.31058705e+00
  3.29797602e+00 1.89106762e+00 1.22196150e+00 0.00000000e+00
  5.40559471e-01 1.36632884e+00 3.89784718e+00 3.45755816e-01
  4.52729750e+00 1.98632932e+00 2.97740083e-02 2.54831529e+00
  1.38292933e+01 3.79573154e+00 1.96690810e+00 1.17429554e+00
  2.99600530e+00 3.52423167e+00 2.26551127e+00 6.67113438e-02
  5.59297514e+00 3.67685986e+00 8.93986702e+00 1.05662079e+01
  9.88544047e-01 1.06421680e+01 1.00874031e+00 5.85615873e+00
  2.57072163e+00 2.05847606e-01 8.65882814e-01 1.86677706e+00
  6.05664921e+00 2.34874392e+00 2.61773396e+00 7.51551723e+00
  6.32471442e-01 0.00000000e+00 5.53800404e-01 3.61255646e-01
  3.44272089e+00 2.18956518e+00 1.55807221e-02 1.05174720e+00
  0.00000000e+00 9.04207897e+00 2.59900546e+00 1.45272589e+01
  4.93929482e+00 4.38756704e+00 4.65975237e+00 0.00000000e+00
  3.74478221e+00 5.53271008e+00 3.27861738e+00 3.03536952e-01
  6.13188076e+00 1.46888614e+00 4.51128006e+00 1.60379040e+00
  1.23251820e+00 4.69841671e+00 3.06906909e-01 0.00000000e+00
  0.00000000e+00 1.99742723e+00 0.00000000e+00 3.31444907e+00
  3.01441622e+00 2.24165514e-01 6.55235243e+00 5.52671254e-01
  0.00000000e+00 6.04438037e-03 1.88591599e+00 3.44050932e+00
  5.85976541e-01 1.77819192e-01 3.54580939e-01 3.71022582e-01
  2.86735725e+00 1.62216628e+00 1.60193682e+00 5.74005723e-01
  1.15288772e-01 1.59902501e+00 7.95607853e+00 0.00000000e+00
  5.85358334e+00 3.86367202e-01 2.83303529e-01 5.42135656e-01
  2.84706855e+00 1.24883771e+00 2.03207588e+00 3.51974145e-02
  5.18391252e-01 4.45093536e+00 9.10589159e-01 1.01883280e+00
  3.68177462e+00 9.91578221e-01 2.79971695e+00 7.67804813e+00
  7.61755288e-01 1.80570161e+00 9.97813761e-01 0.00000000e+00
  1.55372810e+00 4.52511454e+00 1.10228086e+00 4.99818802e-01
  2.68929744e+00 7.62800395e-01 1.45090377e+00 2.29219127e+00
  8.05145800e-01 2.75796676e+00 2.17922020e+00 7.85586977e+00
  1.26923442e+00 4.16022205e+00 4.51533461e+00 2.54333347e-01
  9.86928999e-01 2.84660006e+00 2.40639853e+00 4.44331855e-01
  4.19024897e+00 1.24575794e+00 1.14981927e-01 2.00676703e+00
  1.03603411e+00 4.87674236e-01 0.00000000e+00 2.27293992e+00
  2.01213464e-01 2.39202857e+00 3.66994888e-01 4.19782591e+00
  0.00000000e+00 9.16170311e+00 2.70893979e+00 1.57724524e+00
  0.00000000e+00 3.40205598e+00 1.26155406e-01 4.28605223e+00
  1.77728462e+00 1.02906704e+00 1.17234004e+00 3.94024444e+00
  4.75084335e-02 4.80212879e+00 7.50971222e+00 2.71819687e+00
  3.55449533e+00 7.90970266e-01 1.81265712e-01 4.94132948e+00
  6.41310155e-01 2.57766747e+00 4.18336248e+00 1.86285824e-01
  3.36617947e+00 2.03725791e+00 4.14667279e-01 4.41810465e+00
  1.50664723e+00 2.11746049e+00 5.44757509e+00 1.08368945e+00
  1.27115488e+00 4.61799240e+00 8.76393139e-01 2.71217752e+00
  1.92554202e-02 6.61487627e+00 1.14363337e+00 0.00000000e+00
  5.88730395e-01 1.35060215e+00 4.68358135e+00 7.12724066e+00
  8.64916134e+00 0.00000000e+00 1.47363413e-02 3.81593895e+00
  1.47872069e-03 1.05404988e-01 4.60775518e+00 1.67680919e+00
  1.47341175e+01 2.69868374e-02 4.80035639e+00 1.29571164e+00
  8.79699364e-02 2.24242067e+00 1.53049755e+00 3.25124502e+00
  4.71650982e+00 5.60247040e+00 1.30168468e-01 1.23386991e+00
  1.56354105e+00 3.17938119e-01 1.13644552e+00 3.26526451e+00
  4.72984886e+00 0.00000000e+00 1.28828740e+00 1.91423729e-01
  4.89820623e+00 1.48837233e+00 0.00000000e+00 9.35328901e-01
  2.36059165e+00 1.36985993e+00 2.35745668e+00 8.99528027e+00
  3.08652449e+00 7.45304203e+00 6.60791016e+00 9.05689001e-01
  2.14849615e+00 0.00000000e+00 1.43272915e+01 0.00000000e+00
  2.35735822e+00 5.30597162e+00 6.56290531e+00 7.21187532e-01
  3.06118727e-01 2.22764659e+00 1.73906672e+00 6.81069434e-01
  1.13958979e+00 1.78418088e+00 1.08788311e+00 9.64818895e-03
  7.58182764e+00 1.06810465e+01 2.63013482e+00 8.05883765e-01
  1.42324463e-01 2.75251293e+00 8.43037069e-01 7.15557718e+00
  5.81578350e+00 4.39110965e-01 1.14638720e+01 8.46031094e+00
  2.53538465e+00 1.23771572e+00 1.30193293e+00 4.52553600e-01
  3.91688287e-01 0.00000000e+00 9.10222054e+00 3.58178425e+00
  5.72768354e+00 8.15246964e+00 1.26619875e+00 2.07672429e+00
  1.34582233e+00 8.70065570e-01 3.41011667e+00 2.42837143e+00
  7.38637447e+00 3.42624247e-01 9.01663005e-01 5.08483708e-01
  4.68229800e-01 1.21788347e+00 3.59776653e-02 3.10591221e+00
  2.42960477e+00 6.33171260e-01 2.60846782e+00 8.77023488e-02
  2.81810641e+00 5.10823107e+00 4.28977823e+00 8.89575958e-01
  2.06187057e+00 3.42373282e-01 3.85742068e+00 3.97401118e+00
  6.17396212e+00 4.13610840e+00 7.03017235e+00 2.18210623e-01
  3.30246061e-01 0.00000000e+00 6.70243874e-02 3.03896260e+00
  2.12171197e+00 1.16317123e-01 3.43472505e+00 2.48108101e+00
  4.91530085e+00 5.23866415e+00 0.00000000e+00 2.20892787e+00
  8.92586803e+00 7.91466296e-01 0.00000000e+00 1.96088707e+00
  2.17297101e+00 1.77520990e+00 1.50117755e+00 7.99872503e-02
  5.51226139e+00 5.40089965e-01 5.70924878e-01 2.33912492e+00
  7.94061065e-01 2.25807834e+00 4.40553617e+00 7.98424631e-02
  1.98237371e+00 6.21784270e-01 6.37812424e+00 2.18788624e+00
  1.25041556e+00 1.51457763e+00 1.04826558e+00 5.61520958e+00
  2.30055261e+00 2.57047153e+00 0.00000000e+00 8.15495610e-01
  3.56616688e+00 7.00371742e+00 3.93292354e-03 0.00000000e+00
  9.38462242e-02 7.76793718e-01 3.31815809e-01 1.89700437e+00
  1.09064560e+01 9.40523028e-01 4.85841990e-01 1.59228201e+01
  3.33219357e-02 1.73900172e-01 1.12445855e+00 5.98364592e+00
  6.31158873e-02 4.25471544e-01 1.45661485e+00 1.87148547e+00
  3.62907720e+00 1.70956111e+00 9.20742321e+00 9.69639838e-01
  1.49541378e+01 1.26847811e-03 1.66411078e+00 4.14047575e+00
  1.35875142e+00 0.00000000e+00 6.19257033e-01 4.99009550e-01
  8.14662361e+00 2.98420995e-01 1.91712177e+00 1.40980225e+01
  2.62146711e-01 1.99484217e+00 9.66080189e-01 1.65549433e+00
  0.00000000e+00 0.00000000e+00 3.57594800e+00 2.80730581e+00
  7.65492693e-02 1.79754341e+00 3.00757957e+00 1.62180856e-01
  1.06321669e+01 6.87585020e+00 3.46322395e-02 1.35144651e+00
  4.83267426e-01 1.29187548e+00 3.09009743e+00 4.31419182e+00
  4.91271168e-02 2.50731319e-01 0.00000000e+00 1.51925457e+00
  3.04065824e+00 1.80983937e+00 7.04828620e-01 2.88780785e+00
  3.07842326e+00 7.03721285e+00 1.65143818e-01 2.82098460e+00
  0.00000000e+00 8.21299970e-01 2.66394234e+00 3.07179950e-02
  1.84444678e+00 6.34969711e-01 1.13729210e+01 4.66305494e+00
  0.00000000e+00 0.00000000e+00 2.73551297e+00 2.10229826e+00
  1.78216863e+00 1.88344491e+00 1.05364466e+00 1.00844173e+01
  3.92651391e+00 8.79729986e-02 8.42787445e-01 1.62417686e+00
  9.40584564e+00 3.06538415e+00 1.07683957e-01 5.20418644e-01
  9.53466320e+00 2.24942520e-01 0.00000000e+00 1.61706018e+00
  8.44811344e+00 1.16565895e+00 8.91603088e+00 2.90119553e+00
  7.55250633e-01 9.92703974e-01 6.41002369e+00 6.45591319e-02]]