[[2.63202190e-01 2.24343166e-01 2.28412652e+00 2.85801142e-01
  7.57749891e+00 1.94432724e+00 3.96391535e+00 3.62249136e+00
  1.56712377e+00 2.07452703e+00 7.04485416e-01 3.26003504e+00
  9.97977555e-02 6.06151283e-01 3.40281081e+00 7.53286183e-01
  5.43105412e+00 1.17752218e+00 8.27444553e-01 2.65530801e+00
  9.57312703e-01 3.52929068e+00 1.12193441e+01 0.00000000e+00
  4.97471243e-01 8.88678837e+00 1.14900465e+01 2.27110648e+00
  8.31410027e+00 1.18971243e+01 1.82052112e+00 7.07406476e-02
  7.77021885e-01 4.83883333e+00 3.19348884e+00 1.24387360e+00
  1.27057564e+00 8.10878694e-01 6.58580112e+00 6.79526031e-01
  2.02297106e-01 5.49816751e+00 2.05944800e+00 3.03641343e+00
  1.96171284e+00 0.00000000e+00 8.94186020e+00 6.05197811e+00
  4.24597931e+00 1.05293245e+01 0.00000000e+00 2.58410037e-01
  5.22732854e-01 3.66484284e-01 1.66639820e-01 3.59209800e+00
  3.80831003e+00 1.03307095e+01 9.27398586e+00 4.94522572e+00
  1.90066814e+00 5.85797071e+00 3.02325940e+00 2.88962173e+00
  1.96252868e-01 3.11369753e+00 0.00000000e+00 2.64837050e+00
  1.48486221e+00 5.60341740e+00 0.00000000e+00 1.38678551e+00
  3.82373357e+00 8.00349617e+00 4.93419790e+00 3.44006848e+00
  6.92952812e-01 0.00000000e+00 1.89548194e+00 5.74513637e-02
  8.20060432e-01 6.54234588e-01 9.07453537e+00 7.81970546e-02
  1.16313493e+00 1.93100786e+00 0.00000000e+00 1.18245101e+00
  7.66597319e+00 0.00000000e+00 3.35500932e+00 6.44773722e+00
  1.40128843e-02 9.33183789e-01 2.95227838e+00 7.50223756e-01
  7.53112555e+00 3.38159299e+00 1.25971165e+01 8.46631813e+00
  3.35100740e-02 5.97488546e+00 1.12736130e+00 8.89879346e-01
  8.25836957e-01 3.40053844e+00 5.64204633e-01 2.82822895e+00
  6.48849154e+00 9.42627132e-01 3.19709492e+00 2.55327439e+00
  5.41387606e+00 5.34503102e-01 7.37795162e+00 2.36236066e-01
  9.39676571e+00 1.49452579e+00 4.10019732e+00 9.16165709e-01
  9.41176891e-01 1.01718273e+01 2.41218781e+00 9.25755787e+00
  4.61496019e+00 3.67676830e+00 6.77224684e+00 5.86752057e-01
  4.06211758e+00 5.77569628e+00 1.76857674e+00 3.17568719e-01
  7.13686371e+00 2.15226698e+00 4.79615736e+00 4.07232332e+00
  3.26030970e+00 5.95271015e+00 1.13809288e+00 3.37375432e-01
  5.98887563e-01 9.81445551e-01 1.43960929e+00 3.54085827e+00
  4.89287043e+00 6.00678027e-02 3.56305623e+00 0.00000000e+00
  0.00000000e+00 5.58942258e-01 2.62592840e+00 5.62598419e+00
  1.05597842e+00 6.02201641e-01 8.83419335e-01 0.00000000e+00
  6.45581436e+00 2.61666799e+00 7.80632079e-01 2.57365894e+00
  1.69450593e+00 3.58168840e+00 1.68009353e+00 0.00000000e+00
  5.81897593e+00 7.47748077e-01 2.83447038e-02 5.48566341e+00
  7.05580664e+00 7.33692217e+00 7.70545435e+00 7.11876452e-01
  2.08039927e+00 3.35360855e-01 2.56490171e-01 3.69830251e+00
  3.81294417e+00 2.17927170e+00 2.18224001e+00 1.10483894e+01
  1.85205674e+00 0.00000000e+00 4.79447556e+00 9.26759541e-01
  0.00000000e+00 4.57455456e-01 2.90615940e+00 2.32421681e-01
  1.68318331e+00 6.46753788e+00 0.00000000e+00 6.91196442e+00
  2.46095681e+00 6.31462049e+00 7.54539549e-01 8.02446175e+00
  1.05889487e+00 2.93742085e+00 5.83139610e+00 0.00000000e+00
  4.66675431e-01 4.62343633e-01 2.32216215e+00 5.02971172e+00
  3.18973184e+00 5.17578506e+00 0.00000000e+00 1.69721174e+00
  3.37229073e-01 3.07973742e+00 8.23834181e-01 6.75947189e+00
  0.00000000e+00 2.49089885e+00 1.51242101e+00 6.61135912e-01
  5.28310716e-01 1.04519205e+01 2.73104262e+00 1.36353159e+00
  0.00000000e+00 3.81349063e+00 3.39998007e-01 9.07359600e+00
  2.13772726e+00 2.18525147e+00 4.06429261e-01 9.36792433e-01
  2.19665632e-01 5.81307316e+00 9.22975242e-01 2.11517000e+00
  4.45628595e+00 1.84710944e+00 1.06431794e+00 9.40438461e+00
  9.07085717e-01 3.27047920e+00 6.38275623e+00 7.12652683e-01
  8.44145584e+00 2.52242565e+00 3.75917405e-01 7.75822461e-01
  4.05525506e-01 2.83334541e+00 1.05650597e+01 1.48090672e+00
  3.88134748e-01 6.44363832e+00 2.12952995e+00 2.47718215e+00
  7.19933653e+00 8.23630142e+00 4.69226646e+00 0.00000000e+00
  2.80934834e+00 7.24448586e+00 8.09469032e+00 8.09773254e+00
  7.41561890e+00 1.06192100e+00 0.00000000e+00 6.60031319e+00
  2.22972417e+00 0.00000000e+00 1.19675606e-01 0.00000000e+00
  7.16181993e+00 6.16639197e-01 4.62830353e+00 9.66259420e-01
  2.53332019e-01 1.71338296e+00 2.69227505e+00 1.53159773e+00
  1.16351032e+00 6.71370506e+00 6.65140212e-01 1.21290617e-01
  3.57245445e+00 6.96838200e-01 1.37817651e-01 5.72050810e-01
  6.05992603e+00 0.00000000e+00 2.97402048e+00 1.40596306e+00
  7.47986603e+00 5.96170910e-02 0.00000000e+00 1.00445509e+00
  1.49078116e-01 9.73368883e-01 2.30835700e+00 1.03422003e+01
  1.74631223e-01 3.77069616e+00 6.35693169e+00 1.54677594e+00
  1.02842121e+01 1.45042971e-01 5.50999403e+00 2.34414935e+00
  3.76357138e-01 7.37111044e+00 1.04341850e+01 1.41609156e+00
  8.27147603e-01 7.67478704e-01 1.33979023e-01 0.00000000e+00
  9.62694466e-01 2.51654792e+00 7.03595996e-01 4.68546182e-01
  8.08747196e+00 1.35278559e+01 0.00000000e+00 7.47345018e+00
  3.96271765e-01 1.04386652e+00 1.26622081e+00 9.67168140e+00
  2.12444496e+00 2.15156651e+00 5.43979120e+00 3.89357591e+00
  3.99358034e+00 7.80240870e+00 5.56710541e-01 1.41973829e+00
  2.91181946e+00 9.02488887e-01 7.47380209e+00 4.24034500e+00
  6.88603878e+00 4.75603008e+00 0.00000000e+00 3.70485401e+00
  2.35154986e+00 1.12874496e+00 3.27772808e+00 6.78200865e+00
  7.02931786e+00 2.37094760e+00 1.37238756e-01 1.56788349e+00
  0.00000000e+00 2.86049634e-01 3.96024674e-01 5.71238470e+00
  8.26616478e+00 0.00000000e+00 3.28595340e-01 2.45983556e-01
  5.58277071e-01 1.11721973e+01 1.20737600e+00 2.23595905e+00
  6.95799530e-01 1.40000656e-01 4.52282953e+00 1.71195889e+00
  3.02165341e+00 2.41074610e+00 1.16372957e+01 8.46977949e-01
  1.10388666e-01 9.39542651e-01 6.60963416e-01 0.00000000e+00
  1.73753910e-02 5.86807489e-01 2.26654172e-01 6.03943050e-01
  1.24036348e+00 7.57147026e+00 1.89513695e+00 3.60603333e+00
  6.17428732e+00 3.34220290e+00 2.20891878e-01 6.51688695e-01
  5.63429594e+00 9.15581822e-01 4.20832872e+00 2.21058708e-02
  1.92624211e+00 2.83828545e+00 1.22420824e+00 6.06754780e+00
  2.04149508e+00 2.54566240e+00 2.39799500e-01 6.00805581e-01
  3.77898598e+00 1.80126154e+00 4.86007309e+00 1.00107586e+00
  4.19083214e+00 5.15989208e+00 7.83499908e+00 6.55931759e+00
  4.09860468e+00 2.66374040e+00 2.01792884e+00 1.82161701e+00
  3.58975554e+00 5.42758417e+00 3.41045308e+00 2.47290015e+00
  1.19258597e-01 1.82084918e+00 1.33014584e+00 5.75015068e+00
  1.16576042e+01 1.04924774e+00 2.56334275e-01 1.04996176e+01
  1.80869305e+00 4.87307832e-02 2.55848736e-01 1.73936975e+00
  2.47148967e+00 4.76778686e-01 5.79142618e+00 4.40457439e+00
  9.65271664e+00 4.59308833e-01 9.61637402e+00 6.15083635e-01
  1.40010462e+01 1.13321900e-01 4.67845559e-01 7.16335011e+00
  4.34146881e+00 0.00000000e+00 0.00000000e+00 3.07331741e-01
  2.30083370e+00 4.03388500e-01 4.28900778e-01 8.50628090e+00
  2.03126580e-01 1.80800271e+00 5.73652983e-01 6.49270296e-01
  0.00000000e+00 1.31241590e-01 3.51451635e+00 1.00909448e+00
  5.19748986e-01 3.86186004e+00 1.27304780e+00 1.47795475e+00
  4.43513203e+00 1.55809584e+01 3.55783677e+00 2.34346128e+00
  2.35199142e+00 3.54397535e-01 3.75707936e+00 8.22830296e+00
  0.00000000e+00 1.75621558e-03 1.05927335e-02 1.47113875e-01
  4.68920040e+00 2.12024689e+00 1.96749961e+00 1.28921194e-04
  0.00000000e+00 3.63534784e+00 5.31618595e-01 4.45627737e+00
  0.00000000e+00 1.88660598e+00 6.87301826e+00 2.20053077e+00
  6.41643524e+00 7.71420449e-03 5.64886093e+00 5.35540152e+00
  1.05760694e-01 3.29341722e+00 5.95020592e-01 1.01211631e+00
  9.62305248e-01 3.89125973e-01 2.09845901e+00 7.54868507e+00
  5.74388146e-01 2.02287722e+00 1.29936349e+00 2.70583630e+00
  7.17104769e+00 7.33346343e-01 6.51489496e+00 1.00285423e+00
  6.61120176e+00 5.90900362e-01 3.43996882e+00 2.94357330e-01
  1.37431526e+01 1.22578967e+00 2.31956410e+00 1.42332768e+00
  9.28539753e-01 2.14734173e+00 5.89659166e+00 1.27104485e+00]]