[[1.91641003e-01 2.27084175e-01 3.11222410e+00 2.82319278e-01
  2.00014496e+00 2.71256495e+00 6.21242857e+00 3.20733023e+00
  7.75457025e-01 2.35988116e+00 1.13589180e+00 1.80535269e+00
  6.09767199e-01 2.35049561e-01 1.20514417e+00 7.32100368e-01
  2.75076365e+00 5.94194472e-01 1.03068244e+00 2.08767486e+00
  6.18846864e-02 2.32301617e+00 7.58702993e+00 0.00000000e+00
  9.30654585e-01 6.84243011e+00 1.10609741e+01 3.01299167e+00
  7.61044455e+00 1.03557978e+01 7.24544287e-01 3.44510265e-02
  6.45576656e-01 6.90377665e+00 2.95865488e+00 6.17722273e-01
  2.25570965e+00 5.22036850e-01 6.23448515e+00 1.76714516e+00
  1.14856519e-01 4.58039951e+00 3.24351788e+00 1.94247496e+00
  4.74256158e-01 1.45250872e-01 5.61755562e+00 4.98960304e+00
  4.44022989e+00 8.02851009e+00 9.02212039e-02 9.50075030e-01
  1.38497978e-01 0.00000000e+00 2.00113177e-01 2.67842603e+00
  2.23297524e+00 8.07161140e+00 9.36279964e+00 5.07251215e+00
  1.65535390e+00 6.37158442e+00 4.80477238e+00 8.91189098e-01
  6.07949048e-02 1.75031388e+00 5.15426919e-02 9.47534502e-01
  0.00000000e+00 4.11390305e+00 1.18189178e-01 1.12415515e-01
  4.55831718e+00 3.57547879e+00 3.01148582e+00 2.52614474e+00
  0.00000000e+00 8.79613280e-01 5.18003583e-01 0.00000000e+00
  1.41538811e+00 1.26223886e+00 8.36974144e+00 0.00000000e+00
  2.36126876e+00 2.06144309e+00 0.00000000e+00 1.92922854e+00
  7.87043619e+00 0.00000000e+00 1.46430063e+00 6.20356512e+00
  7.81117678e-02 3.06009245e+00 2.25790310e+00 1.82008278e-02
  7.69161797e+00 3.03054118e+00 9.60646248e+00 1.02284851e+01
  5.71175396e-01 6.89562130e+00 3.48628306e+00 2.84828258e+00
  1.25524426e+00 9.93633807e-01 0.00000000e+00 4.47903872e+00
  6.21064425e+00 4.36042696e-01 1.24687874e+00 2.13384080e+00
  6.84004903e-01 1.31273255e-01 5.50798321e+00 1.24095723e-01
  8.97369862e+00 1.34774470e+00 3.29345798e+00 7.99238682e-01
  3.86531860e-01 7.99722719e+00 1.75313818e+00 9.46629715e+00
  5.61124659e+00 6.40031385e+00 5.62812519e+00 7.38692760e-01
  5.33402729e+00 3.73843098e+00 1.63867748e+00 3.61248106e-01
  4.67079401e+00 2.32706928e+00 4.70270348e+00 4.04065561e+00
  2.86182070e+00 4.73997831e+00 1.10554412e-01 4.47651029e-01
  2.45106697e+00 3.71513456e-01 1.70073971e-01 4.23629665e+00
  1.21072245e+00 9.30419862e-02 1.33826303e+00 2.41180494e-01
  1.41336724e-01 1.65607059e+00 7.23748505e-01 7.90423965e+00
  1.93460238e+00 7.33065844e-01 5.73848903e-01 0.00000000e+00
  2.74725366e+00 2.42710876e+00 1.18201375e+00 1.35775006e+00
  3.59520614e-01 1.64489591e+00 8.16447675e-01 3.15589100e-01
  5.49976397e+00 1.36820412e+00 1.46219194e-01 4.37638235e+00
  4.95071793e+00 5.40333223e+00 1.14107513e+01 7.29549706e-01
  2.71300554e+00 2.14079452e+00 7.15076774e-02 3.68493271e+00
  6.07206202e+00 2.38094783e+00 9.53865528e+00 1.21702385e+01
  9.03872132e-01 0.00000000e+00 2.85708618e+00 8.07233825e-02
  3.33139539e-01 1.19371135e-02 6.63402975e-01 4.41776276e-01
  6.38400614e-01 6.18525171e+00 2.26316139e-01 5.79105854e+00
  2.15852261e+00 4.34446907e+00 6.60409212e-01 3.41339540e+00
  3.85547256e+00 6.15190458e+00 1.72113812e+00 2.29446098e-01
  6.16090834e-01 2.25557208e-01 2.07776308e+00 2.76184726e+00
  2.82068825e+00 3.79637957e+00 0.00000000e+00 1.90559781e+00
  1.82533458e-01 2.06925631e+00 1.56205177e+00 5.25872612e+00
  0.00000000e+00 1.16133559e+00 2.08510280e+00 0.00000000e+00
  0.00000000e+00 1.01644087e+01 2.78935122e+00 6.21252716e-01
  1.16341626e-02 5.11454296e+00 3.97203028e-01 6.63427877e+00
  1.08074343e+00 1.79850423e+00 2.98681945e-01 1.37233949e+00
  0.00000000e+00 3.97204220e-01 6.68939888e-01 1.74842870e+00
  4.38099432e+00 1.66029668e+00 8.02502513e-01 3.80141330e+00
  5.71922243e-01 3.92500424e+00 2.37336707e+00 8.38268816e-01
  3.78382063e+00 4.45388842e+00 3.84140790e-01 2.07942367e+00
  7.15967059e-01 2.96309590e+00 8.83435917e+00 1.08396351e+00
  7.53313750e-02 5.51277113e+00 1.07192516e+00 2.10838032e+00
  6.01833725e+00 1.00101061e+01 3.68795562e+00 0.00000000e+00
  4.05085039e+00 5.59223461e+00 6.76389122e+00 7.65623808e+00
  5.30828857e+00 2.11791143e-01 0.00000000e+00 8.34467506e+00
  8.88105690e-01 0.00000000e+00 5.32498062e-01 3.23687017e-01
  4.09189987e+00 5.69193065e-01 2.58576918e+00 0.00000000e+00
  8.30980688e-02 1.80894554e+00 1.08322525e+00 1.63561368e+00
  2.76776648e+00 5.05817127e+00 0.00000000e+00 8.01317275e-01
  2.56512928e+00 1.33419052e-01 2.80184150e-01 7.11312890e-01
  3.77338290e+00 0.00000000e+00 2.81042147e+00 1.61800265e+00
  5.37929153e+00 2.53376770e+00 2.45418087e-01 2.92250235e-02
  1.68927252e-01 1.99180245e+00 1.55070257e+00 1.04289999e+01
  2.09365219e-01 2.64992452e+00 3.97722077e+00 4.95340765e-01
  1.69883804e+01 9.20436606e-02 5.49266768e+00 1.56471539e+00
  5.06362975e-01 6.64555311e+00 7.41365290e+00 1.23152947e+00
  1.93911612e-01 6.40338957e-01 7.51495063e-02 8.48334953e-02
  4.17284429e-01 2.15645933e+00 0.00000000e+00 1.39622077e-01
  6.00358295e+00 8.63932610e+00 2.97140419e-01 2.65580630e+00
  3.00313085e-01 6.21995091e-01 1.34342694e+00 7.87460709e+00
  2.07485342e+00 2.07634449e+00 5.31295776e+00 2.71831536e+00
  4.14871168e+00 9.73115349e+00 8.20997417e-01 1.08415890e+00
  3.39583445e+00 9.50690150e-01 4.08809137e+00 4.72836494e+00
  5.93657589e+00 4.94978380e+00 3.42551023e-01 2.34164238e+00
  1.72323191e+00 2.00152946e+00 3.84527421e+00 4.26033783e+00
  7.37223577e+00 1.50333798e+00 6.45065367e-01 2.85332751e+00
  1.53156877e-01 6.54786602e-02 8.65309834e-02 3.81022143e+00
  4.00702477e+00 0.00000000e+00 6.61013603e-01 1.76195896e+00
  0.00000000e+00 1.25970221e+01 3.50674301e-01 1.50512779e+00
  5.47108316e+00 1.04000866e+00 8.12022877e+00 2.69014859e+00
  4.09821892e+00 1.60325277e+00 1.08865767e+01 6.13093317e-01
  0.00000000e+00 2.32065976e-01 3.26334357e-01 0.00000000e+00
  0.00000000e+00 2.59277433e-01 2.37757042e-01 0.00000000e+00
  5.83202124e-01 7.02033854e+00 3.41345024e+00 4.25762796e+00
  6.14686823e+00 3.50653505e+00 1.16213523e-01 1.94993332e-01
  3.04934192e+00 6.08421206e-01 2.90008044e+00 0.00000000e+00
  2.25801849e+00 3.93966365e+00 1.48534989e+00 4.60511541e+00
  1.09720266e+00 1.24486482e+00 0.00000000e+00 1.47191679e+00
  3.78317499e+00 8.64396691e-01 6.05865240e+00 2.43147090e-01
  6.49421120e+00 6.06303501e+00 6.86979914e+00 8.56294155e+00
  4.85718632e+00 2.63957119e+00 1.74845135e+00 5.59285045e-01
  3.03841853e+00 7.72568464e-01 2.97712541e+00 1.53314710e+00
  0.00000000e+00 6.61683321e-01 8.31746399e-01 4.79241467e+00
  1.09172926e+01 0.00000000e+00 4.71665233e-01 9.85128498e+00
  1.11213720e+00 6.06789999e-03 0.00000000e+00 1.38576210e+00
  1.58485198e+00 7.47624636e-01 4.63795614e+00 2.55994463e+00
  1.03526926e+01 1.23007417e+00 5.97421741e+00 1.81658506e-01
  1.25280762e+01 2.32884502e+00 0.00000000e+00 2.84050512e+00
  3.19952011e+00 6.37536272e-02 0.00000000e+00 1.19518958e-01
  2.15515018e+00 8.81525934e-01 8.22201192e-01 9.71509075e+00
  7.39036262e-01 1.02395463e+00 1.07220840e+00 4.62593615e-01
  0.00000000e+00 0.00000000e+00 2.36963153e+00 6.33584261e-01
  8.36264551e-01 3.72265005e+00 2.45024085e+00 1.08214974e+00
  2.65555406e+00 8.81304073e+00 2.99999785e+00 8.35806966e-01
  3.15479136e+00 7.29152858e-01 2.52600694e+00 3.12340784e+00
  0.00000000e+00 8.38595152e-01 2.23172009e-01 7.14501381e-01
  3.54445672e+00 3.00777507e+00 6.24443650e-01 0.00000000e+00
  0.00000000e+00 4.72275734e+00 1.58949539e-01 2.70962000e+00
  0.00000000e+00 2.03693867e+00 8.38910389e+00 2.20792627e+00
  5.44220161e+00 0.00000000e+00 5.08767939e+00 6.86951971e+00
  0.00000000e+00 1.55396426e+00 7.52276063e-01 1.53891432e+00
  3.01272660e-01 1.14977276e+00 2.09992909e+00 2.68900347e+00
  1.69226795e-01 2.43016317e-01 1.27279246e+00 1.64019430e+00
  6.62699986e+00 9.66562688e-01 6.72497940e+00 9.22748089e-01
  3.97684240e+00 1.18712723e+00 8.75859320e-01 9.24189210e-01
  1.21953478e+01 9.81555998e-01 2.42732000e+00 2.45554686e+00
  1.29266214e+00 2.40815306e+00 6.93551493e+00 1.23526919e+00]]