[[4.2717615e-01 2.2621486e+00 6.4843833e-01 9.1786194e-01 6.6706288e-01
  3.4260163e+00 2.1766288e+00 4.5795679e+00 7.2826858e+00 2.4186244e+00
  3.8761851e-01 1.1250408e+00 0.0000000e+00 2.4715371e+00 0.0000000e+00
  5.0926385e+00 2.3356340e+00 4.9828124e-01 0.0000000e+00 6.6093987e-01
  0.0000000e+00 2.2653885e+01 5.0441569e-01 1.2704918e+01 4.8949785e+00
  4.0785365e+00 1.3836745e+00 5.7081213e+00 8.6072636e-01 0.0000000e+00
  2.4539895e+00 1.7154953e+00 1.9891809e-01 1.2818986e+00 6.7074537e-01
  3.0670688e-02 0.0000000e+00 0.0000000e+00 4.3004184e+00 6.7900329e+00
  1.6576996e+01 3.9654260e+00 2.4195542e+00 7.0824161e+00 5.4751056e-01
  9.1216123e-01 6.6325698e+00 3.5158631e-01 4.8590684e+00 1.6398683e+00
  1.5464108e+00 1.8179046e+00 1.4603545e-01 2.3567162e-01 1.0357115e+00
  4.9650941e+00 1.3769861e+00 5.6884198e+00 9.4457130e+00 0.0000000e+00
  5.2682817e-01 3.5055849e-01 1.0172956e+01 2.2498784e+00 0.0000000e+00
  2.5359812e+00 0.0000000e+00 1.1668082e+00 8.7046832e-01 1.2324795e+00
  3.7641051e+00 7.5662379e+00 4.2040572e-02 8.8691721e+00 1.8662028e+00
  1.0858870e+00 1.7692292e+00 4.1281123e+00 8.3770394e-01 2.5939341e+00
  1.0153959e+00 3.1603761e+00 4.9820134e-01 0.0000000e+00 7.4236150e+00
  8.1236553e-01 6.2831469e+00 8.6764455e-02 1.1893581e+00 2.7428639e+00
  2.1486926e-01 6.3332791e+00 1.5569627e-01 2.6366720e+00 9.7356737e-02
  0.0000000e+00 1.6790048e+00 4.1799903e+00 5.2819157e-01 1.8245157e+01
  4.2284116e-01 1.1205751e-01 9.3285875e+00 7.1746784e-01 5.2008885e-01
  1.1016511e+01 5.2458745e-01 0.0000000e+00 1.2392353e-01 2.4567629e-01
  3.2751100e+00 1.1984211e-01 1.6489058e+00 4.2141299e+00 4.1229308e-01
  7.2475767e-01 3.7768745e+00 1.9716892e+00 6.2384467e+00 9.1812789e-01
  5.2583199e-02 2.3855801e+00 8.5821873e-01 5.4293313e+00 1.3070587e+00
  1.8824832e+00 1.6722614e-02 4.3691379e-01 8.0541420e+00 1.3861305e+01
  0.0000000e+00 1.9968244e-01 7.8722286e+00 1.2303736e+00 0.0000000e+00
  5.6779706e-01 3.1215091e+00 9.5087633e-02 6.9738649e-02 1.9397825e+01
  3.4158194e-01 3.1061964e+00 8.6757660e-01 8.5826616e+00 1.8340808e-01
  4.0825054e-01 1.3053534e+00 1.9209889e-01 0.0000000e+00 0.0000000e+00
  1.4518079e+01 1.8324118e+00 3.5883301e-01 0.0000000e+00 6.6805845e-01
  1.6545020e+00 4.9417996e+00 5.4443389e-01 1.8498640e+00 1.2944721e+00
  7.6723890e+00 5.4687691e+00 3.0976305e+00 4.9279356e-01 2.1052749e+00
  4.2846055e+00 2.6296496e-01 1.1725059e+00 8.5011530e-01 3.0379987e-01
  4.5531113e-03 5.4018703e+00 9.8605108e+00 7.0968610e-01 2.9761677e+00
  7.0980363e+00 3.6174828e-01 4.1322632e+00 7.3990579e+00 1.8026182e+01
  3.3240867e+00 2.4463959e+00 8.8854647e+00 6.9968736e-01 1.5728356e-02
  3.3407293e-02 1.6045000e+01 2.5907979e+00 3.9404087e+00 1.1510581e+00
  7.2524160e-01 5.2886975e-01 5.0018411e+00 1.0602002e+01 0.0000000e+00
  3.3540282e-01 0.0000000e+00 2.2606129e+01 8.4164310e-01 5.9733979e-02
  1.8892170e+00 0.0000000e+00 0.0000000e+00 4.5440984e-01 1.0496073e+00
  3.1095979e+00 1.5815702e-01 2.4883749e-01 8.9194912e-01 1.4839452e+01
  1.9000309e+00 1.9460374e+00 4.9491885e-01 1.3428793e+00 3.0910876e-01
  1.4810426e+00 2.5623243e+00 9.7679451e-02 4.8347135e+00 5.0882077e-01
  4.4800311e-01 9.6849136e+00 0.0000000e+00 1.4402231e+00 2.9911695e+00
  4.6663256e+00 0.0000000e+00 7.3304206e-01 0.0000000e+00 5.2592263e+00
  1.4140741e+00 3.8211586e+00 0.0000000e+00 0.0000000e+00 3.8002138e+00
  8.0658782e-01 2.7644429e+00 6.8733230e+00 1.9264547e+00 1.4870067e-01
  2.8507843e+00 1.3538655e+01 1.1240660e+00 6.8295856e+00 4.4742641e+00
  6.9468837e+00 4.9886408e+00 3.2083030e+00 5.3304024e+00 3.6072211e+00
  6.1933566e-02 4.0350255e-01 2.5789211e+00 1.0847755e+01 8.3682032e+00
  4.8895293e-01 2.9022350e+00 2.3305080e+00 1.6393492e+01 0.0000000e+00
  2.4450195e-01 4.6967380e-02 0.0000000e+00 8.6404800e+00 4.9704370e-01
  1.7168100e+00 0.0000000e+00 1.6889999e+00 1.2447449e+01 0.0000000e+00
  1.2670338e+00 0.0000000e+00 9.8714940e-03 2.2728350e+00 7.5279927e+00
  4.5555463e+00 4.4500237e+00 1.2452586e+00 6.0642320e-01 2.6186686e+00
  1.2983842e+01 7.4542298e+00 2.4604950e+01 1.3610494e+00 3.2930322e+00
  6.3617229e-03 1.3534361e+00 5.9949535e-01 1.8678653e-01 4.6553617e+00
  9.6171492e-01 1.5101868e+00 5.8926016e-01 3.7051570e-01 4.9295950e+00
  0.0000000e+00 8.5853262e+00 1.1131226e+00 5.2215075e+00 5.9506023e-01
  5.6982255e+00 3.6417359e-01 3.2125182e+00 0.0000000e+00 4.4854140e-01
  3.9023449e+00 4.7634401e+00 5.7937322e+00 1.1549230e+00 4.8786535e+00
  4.5987058e-01 3.9494869e-01 1.1031910e+00 2.4408571e-01 1.4870906e+00
  6.4407688e-01 9.7629523e-01 5.4415188e+00 4.9179120e+00 3.7391520e+00
  1.4720658e+01 1.7544938e+00 8.5224664e-01 1.4484013e+00 4.3156900e-02
  3.8602133e+00 5.0342202e-01 5.4090900e+00 0.0000000e+00 0.0000000e+00
  7.4424157e+00 2.7094665e+00 8.0910635e+00 2.3585482e+00 4.5543718e+00
  1.6880193e+00 3.4165129e-02 5.9886637e+00 6.4464879e+00 1.2883778e+00
  4.3998283e-01 3.3679118e+00 8.3714467e-01 1.2728141e+01 3.6356184e-01
  1.1102036e+00 3.8005533e+00 1.5333134e+00 6.6316528e+00 0.0000000e+00
  0.0000000e+00 6.6303110e-01 4.8861247e-01 0.0000000e+00 1.3192546e+00
  5.3220707e-01 2.5970440e+00 2.4222507e+00 5.4405971e+00 3.2589504e-01
  2.9759789e+01 0.0000000e+00 7.9463072e+00 0.0000000e+00 6.3066607e+00
  5.6120276e-01 1.0354887e+01 0.0000000e+00 2.5327724e-01 0.0000000e+00
  6.5258747e-01 0.0000000e+00 0.0000000e+00 6.3222712e-01 4.1684702e-01
  4.6039605e+00 3.3212531e-01 0.0000000e+00 6.4419498e+00 4.9312018e-02
  6.3325748e+00 3.8122985e+00 8.8902938e-01 2.7379879e-01 3.3443723e+00
  2.9386668e+00 2.3249366e+00 8.8368464e-01 7.5217599e-01 1.0508363e+00
  1.2276218e+00 1.1979908e+00 3.0759044e+00 2.4988039e+00 0.0000000e+00
  3.4959025e+00 1.2514251e+00 2.1034708e+00 2.9955549e+00 3.7318220e+00
  1.6276118e+00 5.3191085e+00 0.0000000e+00 8.8502598e+00 2.2987826e+00
  5.6357813e-01 1.1076608e+00 0.0000000e+00 4.9212751e+00 2.6209011e+00
  5.3338666e+00 1.4157726e+00 1.0025406e-01 3.0005460e+00 0.0000000e+00
  1.0205215e+00 3.3599846e+00 1.8852695e+00 5.7794702e-01 7.1969733e+00
  0.0000000e+00 2.7891096e-01 4.3431664e-01 1.8179647e+00 0.0000000e+00
  4.1600428e+00 8.6667852e+00 9.5025196e+00 5.2080994e+00 1.8142249e-02
  4.3925376e+00 4.7723818e-01 7.4104860e-02 5.8812764e-03 4.1263276e-01
  4.1414542e+00 1.9634223e+00 4.3829074e+00 3.2848694e+00 2.9892535e+00
  1.6255786e+00 8.6210531e-01 4.2399099e-01 2.6576159e+01 3.4830832e-01
  3.4233868e+00 2.2558777e+00 2.5920155e+00 0.0000000e+00 1.1459185e+00
  9.5516434e+00 1.4092523e+00 9.2911178e-01 1.4534576e+00 1.4189038e+01
  1.9551174e+01 2.4077072e+00 4.1403713e+00 1.3944881e+00 3.3347726e+00
  7.0008831e+00 4.9054456e+00 9.6228123e-01 0.0000000e+00 1.0672647e+00
  3.6392069e-01 1.0856837e+00 4.4830602e-01 4.6153193e+00 1.7622304e+00
  1.9675664e+00 3.4153371e+00 1.9419576e-01 1.1086649e+01 0.0000000e+00
  1.1744955e+00 5.2176155e-03 1.7105546e+00 2.5477214e+00 6.8297653e+00
  1.4653937e+00 9.9062544e-01 2.6981404e-01 3.2575307e+00 0.0000000e+00
  0.0000000e+00 9.0241442e+00 6.1287737e-01 1.3300309e+00 1.6878616e+00
  1.8043570e-01 1.7779320e+00 3.4634346e-01 4.1597943e+00 1.5577688e+00
  3.4175617e-01 2.8979492e+00 8.5026350e+00 0.0000000e+00 1.6747162e+00
  6.9280653e+00 2.5385470e+00 1.3491771e+00 2.7829466e+00 7.1914735e+00
  9.6760400e-02 3.4263563e+00 5.5301988e-01 9.7066700e-01 3.5789807e+00
  7.8149924e+00 1.0003464e-02]]