[[1.50315952e+00 1.81133175e+00 8.44741464e-02 1.42560410e+00
  0.00000000e+00 5.73791027e+00 5.95914841e+00 4.06710720e+00
  6.25609589e+00 2.12329555e+00 1.13445580e+00 2.45703626e+00
  1.60008025e+00 1.17008960e+00 0.00000000e+00 2.31757188e+00
  3.51352763e+00 2.83864737e+00 1.12632072e+00 1.78529251e+00
  5.78916306e-03 2.13094406e+01 0.00000000e+00 7.42393351e+00
  2.54793668e+00 1.86212468e+00 2.34446064e-01 1.17012367e+01
  0.00000000e+00 1.11730754e+00 9.23458576e-01 2.58882332e+00
  0.00000000e+00 1.40604794e+00 3.61072749e-01 0.00000000e+00
  0.00000000e+00 3.09491847e-02 5.40482521e+00 8.23272800e+00
  1.66424503e+01 3.06580806e+00 2.79189020e-01 5.71189308e+00
  3.20447397e+00 1.01369083e+00 3.33610010e+00 8.10134858e-02
  5.22654390e+00 1.38969457e+00 6.71572924e-01 2.05063915e+00
  0.00000000e+00 3.31274223e+00 3.72773933e+00 2.43686366e+00
  2.54473138e+00 6.47285986e+00 7.69668639e-01 9.54195440e-01
  2.16320306e-01 0.00000000e+00 7.29736900e+00 1.96771383e+00
  6.36317804e-02 2.95637989e+00 0.00000000e+00 1.90741313e+00
  5.19852247e-03 5.41155577e+00 2.31519079e+00 5.07975578e+00
  5.97887710e-02 8.67716599e+00 1.35645759e+00 1.43927479e+00
  9.13161159e-01 5.81564903e+00 4.70249563e-01 2.22522664e+00
  5.20226121e-01 2.58122349e+00 3.54806855e-02 0.00000000e+00
  4.92311764e+00 2.23170757e+00 2.93949246e+00 3.90693879e+00
  1.62217653e+00 2.19588041e+00 2.13830948e-01 5.16245842e+00
  3.83662403e-01 2.25197583e-01 2.71062589e+00 1.31273121e-01
  1.04036295e+00 1.70959628e+00 3.59072137e+00 1.05969439e+01
  4.36222613e-01 4.73986924e-01 9.02097416e+00 4.71245337e+00
  7.53862977e-01 4.15468073e+00 1.37452531e+00 2.76252329e-01
  0.00000000e+00 3.10367614e-01 8.10056806e-01 2.32915831e+00
  1.53064215e+00 5.57487869e+00 4.83185679e-01 5.93045056e-01
  2.14706945e+00 2.26770592e+00 8.58372593e+00 2.73327875e+00
  2.24626994e+00 2.30186391e+00 8.69029403e-01 3.40989161e+00
  2.66911840e+00 7.27377176e+00 0.00000000e+00 3.67320627e-01
  7.84626818e+00 2.10741024e+01 0.00000000e+00 6.35914743e-01
  9.90247536e+00 1.11401391e+00 7.56996423e-02 2.98241234e+00
  3.32599926e+00 3.59921038e-01 7.89315224e-01 1.66922665e+01
  5.40867269e-01 2.14678454e+00 2.69191408e+00 1.06409597e+01
  0.00000000e+00 1.10392141e+00 1.70290381e-01 2.26884866e+00
  0.00000000e+00 2.03956556e+00 1.03161287e+01 7.25298226e-01
  1.15157634e-01 0.00000000e+00 9.07285333e-01 3.82239723e+00
  1.84868205e+00 1.79567397e+00 2.42217660e+00 4.99160856e-01
  1.19178171e+01 3.32469416e+00 5.05177069e+00 5.28873391e-02
  2.74116111e+00 3.92471480e+00 4.15100962e-01 3.86116266e-01
  1.28651285e+00 4.49508041e-01 0.00000000e+00 1.07155800e+01
  8.12314320e+00 1.67607892e+00 1.76127076e+00 4.05609083e+00
  9.93687153e-01 3.17440772e+00 9.47786617e+00 1.52415848e+01
  4.14516497e+00 1.45134997e+00 9.66924763e+00 4.87449551e+00
  4.40440893e-01 1.33216083e-01 7.05396509e+00 1.49900711e+00
  4.04572582e+00 1.01542631e-02 2.93868399e+00 3.02801520e-01
  3.48051381e+00 1.30680981e+01 5.70396900e-01 0.00000000e+00
  0.00000000e+00 1.21289310e+01 1.56018817e+00 9.09986421e-02
  3.24398112e+00 8.37990403e-01 0.00000000e+00 3.71013731e-01
  3.26657034e-02 2.79329348e+00 1.03201382e-02 0.00000000e+00
  7.16938972e-01 1.29371214e+01 1.41788578e+00 4.40661609e-01
  9.08690870e-01 3.09137774e+00 0.00000000e+00 2.17896402e-01
  1.68114924e+00 0.00000000e+00 2.79160047e+00 1.27138126e+00
  6.34220409e+00 1.19381618e+01 0.00000000e+00 3.08948100e-01
  7.18528926e-01 2.66016507e+00 0.00000000e+00 2.81043768e-01
  0.00000000e+00 5.01813030e+00 5.19017637e-01 2.10571122e+00
  7.04075277e-01 0.00000000e+00 5.92504215e+00 7.40508854e-01
  2.34327888e+00 9.77173805e+00 1.69644916e+00 3.00275445e-01
  8.76601696e-01 6.19853735e+00 1.32654488e+00 4.19505453e+00
  5.27661324e+00 9.58734798e+00 4.79389000e+00 2.05081511e+00
  3.30868721e+00 2.36518097e+00 1.23270214e+00 2.55101621e-01
  2.82435703e+00 5.75787926e+00 8.28998089e+00 4.72687155e-01
  7.50920951e-01 2.06087470e+00 1.26226397e+01 0.00000000e+00
  3.88209447e-02 0.00000000e+00 1.01551317e-01 8.11621952e+00
  1.33903039e+00 1.85285639e-02 4.54430938e-01 4.65560484e+00
  5.69918442e+00 4.97783422e-01 1.26361907e+00 0.00000000e+00
  3.28641117e-01 1.90137935e+00 4.53643322e+00 1.67563772e+00
  1.69901669e+00 1.33558273e-01 9.73923266e-01 5.89608526e+00
  1.40107021e+01 7.42739010e+00 2.29781189e+01 2.76325107e-01
  5.79070187e+00 2.33831946e-02 2.71511030e+00 1.43562818e+00
  1.20164883e+00 5.60982275e+00 1.92727521e-01 6.69586945e+00
  2.17776105e-01 2.48673940e+00 5.37431431e+00 0.00000000e+00
  1.34895792e+01 2.31414223e+00 3.02490020e+00 0.00000000e+00
  7.24677277e+00 3.95011932e-01 2.54645854e-01 0.00000000e+00
  6.07407868e-01 7.09929645e-01 6.99168205e-01 4.86766100e+00
  3.42250347e-01 3.83844876e+00 4.19715464e-01 8.61245811e-01
  4.73481454e-02 0.00000000e+00 1.13813138e+00 3.23859662e-01
  2.44864154e+00 4.10771561e+00 2.04059148e+00 6.42247486e+00
  1.11738939e+01 1.22020400e+00 1.74463284e+00 1.10853028e+00
  7.37822056e-01 4.85043812e+00 1.52686977e+00 7.60156453e-01
  8.47601891e-03 2.66022950e-01 2.13027263e+00 6.14546728e+00
  2.65823269e+00 1.35812473e+00 4.74903679e+00 9.73338068e-01
  0.00000000e+00 1.50998324e-01 8.27577972e+00 4.95218486e-01
  0.00000000e+00 2.63759995e+00 3.47531736e-01 8.57730579e+00
  2.55338240e+00 1.47827852e+00 4.18090582e+00 1.37422180e+00
  6.64276934e+00 2.39220214e+00 0.00000000e+00 2.66632462e+00
  0.00000000e+00 0.00000000e+00 8.59229505e-01 2.76006436e+00
  2.88468313e+00 3.05430365e+00 4.43375492e+00 5.46907723e-01
  3.31950836e+01 2.61914790e-01 5.56188297e+00 0.00000000e+00
  7.58958197e+00 3.97235155e-01 1.17250986e+01 2.77771235e-01
  0.00000000e+00 0.00000000e+00 1.25339401e+00 0.00000000e+00
  4.01711017e-01 1.34620404e+00 1.49080622e+00 3.30660439e+00
  4.21558172e-01 0.00000000e+00 5.30701065e+00 7.98954535e-03
  1.01632214e+01 2.28628933e-01 5.74501872e-01 3.17577988e-01
  8.93875885e+00 1.34637177e-01 2.04409289e+00 1.89998543e+00
  7.82722533e-01 3.71441156e-01 4.62774992e-01 1.23760116e+00
  5.11111927e+00 5.00885773e+00 1.17099142e+00 5.22829413e-01
  5.08690476e-01 8.20826530e-01 4.52231503e+00 4.48943520e+00
  1.53798413e+00 7.98499727e+00 5.24711609e-02 6.52483988e+00
  1.11375594e+00 2.74681020e+00 2.32558537e+00 8.83560721e-03
  1.67811692e+00 8.00970364e+00 1.07828655e+01 8.49340916e-01
  0.00000000e+00 9.26509094e+00 0.00000000e+00 1.96652269e+00
  5.07248068e+00 1.47441268e+00 2.77253914e+00 7.05878353e+00
  4.29804483e-03 3.09383184e-01 1.92070019e+00 6.71764314e-01
  8.06445405e-02 3.08448219e+00 4.72383833e+00 1.24807491e+01
  7.99908257e+00 0.00000000e+00 2.85530615e+00 1.48616433e+00
  0.00000000e+00 2.66204178e-01 1.44934475e-01 5.94061136e+00
  9.53414217e-02 3.48103023e+00 1.80260253e+00 6.79892302e+00
  1.03975153e+00 1.38777280e+00 4.56316888e-01 2.72321720e+01
  3.25437999e+00 2.96078205e+00 3.45590234e+00 2.05973291e+00
  0.00000000e+00 5.92470348e-01 3.40468884e+00 1.30756378e+00
  5.37216663e+00 2.22818327e+00 8.72385406e+00 2.50970535e+01
  2.58400774e+00 5.27782924e-02 1.32928312e+00 3.63718891e+00
  3.57936406e+00 4.64523077e+00 2.26950574e+00 0.00000000e+00
  2.93119240e+00 1.48556912e+00 1.50679994e+00 1.22373486e+00
  7.30820942e+00 1.71719241e+00 1.00804853e+00 0.00000000e+00
  3.34194303e-01 1.26565599e+01 0.00000000e+00 7.37036407e-01
  6.93982601e-01 2.37316799e+00 2.33305350e-01 4.24615335e+00
  5.91781914e-01 0.00000000e+00 9.39990759e-01 3.61514997e+00
  0.00000000e+00 1.11677140e-01 7.47598028e+00 1.05616605e+00
  1.35642815e+00 1.63232231e+00 4.03007412e+00 1.81206465e+00
  6.52603447e-01 4.69502136e-02 2.07541132e+00 3.32490253e+00
  1.20579453e+01 6.22055674e+00 0.00000000e+00 1.68793845e+00
  4.60519791e+00 3.28593135e+00 3.76629800e-01 2.33330703e+00
  4.26817179e+00 1.89998627e-01 5.11316204e+00 1.58789623e+00
  2.83368731e+00 4.82831049e+00 8.16957474e+00 1.83265376e+00]]