[[1.3128431e-01 2.5747377e-01 9.6045667e-01 0.0000000e+00 2.2829407e-01
  3.9156883e+00 2.5662496e+00 4.4448652e+00 1.3227673e+00 4.2151639e-01
  1.4314206e+00 2.7667997e+00 8.9811522e-01 1.6924480e+00 0.0000000e+00
  1.7276679e+00 0.0000000e+00 1.0334918e+00 1.5362077e+00 5.0124321e+00
  0.0000000e+00 1.2332992e+01 2.2822089e+00 0.0000000e+00 8.8031739e-01
  5.4133644e+00 2.5717590e+00 8.8027054e-03 1.2144330e+00 0.0000000e+00
  0.0000000e+00 1.8793030e-01 1.9409261e+00 4.6952467e+00 2.3814949e-01
  0.0000000e+00 9.2604983e-01 2.8009015e-01 1.1139999e+01 6.4155965e+00
  3.6962059e+00 7.5296348e-01 1.6135249e+00 2.7902529e+00 0.0000000e+00
  9.5219517e-01 3.9006572e+00 4.7944477e-01 3.3140006e+00 5.6434898e+00
  2.7677572e+00 5.0624311e-01 4.0576482e-01 4.6979913e-01 1.6616125e+00
  2.4849744e+00 2.1532798e+00 5.6645403e+00 6.2707418e-01 1.5156573e-01
  3.7617663e-01 9.4500579e-02 4.3746181e+00 9.6159315e+00 7.7390206e-01
  1.6121131e+00 2.1554523e+00 5.4462665e-01 4.5773485e-01 5.0060048e+00
  4.8632923e-01 1.1374363e+00 1.7276104e-01 4.7258315e+00 7.9385841e-01
  0.0000000e+00 2.2085305e-01 0.0000000e+00 7.7524668e-01 2.3689061e-02
  1.0974580e+00 3.6174852e-01 1.4311168e+00 0.0000000e+00 3.6543137e-01
  1.6732665e+00 1.7023485e+00 6.0589582e-01 2.3359272e+00 9.4011568e-02
  2.8217909e+00 3.7739775e+00 3.6766264e-01 5.0197415e+00 2.4295533e-01
  6.0743541e-01 5.7959652e-01 2.3425186e+00 1.6648326e+00 6.9367185e+00
  1.2330242e+00 6.5363865e+00 8.8742609e+00 3.4946663e+00 0.0000000e+00
  1.1912435e+00 3.8407263e-01 1.2800263e-01 5.4791850e-01 3.9402595e-01
  8.6781740e+00 1.4624604e+00 6.8232226e-01 3.2858341e+00 5.2734747e+00
  0.0000000e+00 3.1776507e+00 1.4950938e+00 1.6320540e+00 2.2827363e+00
  2.8809460e-02 2.8432753e+00 3.8029349e-01 3.8369596e+00 7.9844313e+00
  2.3086610e-01 0.0000000e+00 6.9388017e-02 1.0593314e+00 1.1976069e+01
  2.8226611e-01 0.0000000e+00 2.1016624e+00 5.6868267e-01 8.0437011e-01
  1.9343716e+00 1.2917981e-01 4.1361851e-01 4.5894723e+00 8.6740036e+00
  3.4572430e-02 4.1613138e-01 2.1334030e-02 2.9245863e+00 1.6754236e+00
  7.9824340e-01 1.7869674e+00 4.7918737e-01 0.0000000e+00 5.3159799e-04
  5.6285834e+00 3.5341018e-01 4.4005051e-01 1.1894026e+00 0.0000000e+00
  0.0000000e+00 6.7760932e-01 3.6019337e+00 6.5324336e-02 1.7718415e-01
  1.9509978e+00 1.9621495e+00 4.7658038e+00 0.0000000e+00 2.6597424e+00
  2.9322929e+00 0.0000000e+00 8.5721159e-01 1.5814358e-02 1.6286842e+00
  0.0000000e+00 3.9472303e-01 4.6299181e+00 3.1710055e+00 1.0375079e+00
  4.7968554e+00 3.2543790e-02 0.0000000e+00 4.8620291e+00 2.0711770e+00
  2.8684251e+00 0.0000000e+00 2.2210417e+00 0.0000000e+00 1.6757897e+00
  5.2249229e-01 5.1871347e-01 8.5233527e-01 3.5564563e+00 8.0123800e-01
  0.0000000e+00 0.0000000e+00 0.0000000e+00 1.1401863e+01 3.4817809e-01
  7.3284292e-01 9.6073991e-01 5.5746636e+00 7.5835645e-01 0.0000000e+00
  9.4265497e-01 0.0000000e+00 0.0000000e+00 2.0236911e-01 6.8489575e-01
  1.2310747e+00 2.1972571e-01 2.9709700e-01 9.0741605e-01 1.8055885e+01
  1.5397872e+00 3.1897132e+00 0.0000000e+00 6.1836820e+00 6.4736426e-01
  1.4375657e+00 4.0390107e-01 4.1186640e-01 1.4005316e+00 1.6759881e+00
  2.0371716e+00 4.2459140e+00 3.9870018e-01 5.2916746e+00 1.8624212e+00
  1.9577781e+00 0.0000000e+00 2.0069188e-01 0.0000000e+00 1.3726546e+00
  6.0891259e-01 5.3247911e-01 6.4842546e-01 2.2443562e+00 2.5670054e+00
  3.6614013e-01 2.9090688e+00 3.6780806e+00 8.5569793e-01 1.3300484e+00
  7.0567602e-01 0.0000000e+00 1.1986866e+00 1.5838363e+00 9.5214164e-01
  4.0197325e+00 1.1273695e+01 1.9001191e-02 2.5157864e+00 2.5869148e+00
  2.8348377e+00 1.1805842e+00 2.5203612e+00 1.8975755e+00 2.6605182e+00
  2.1557517e-03 5.4897177e-01 4.6051760e+00 1.4356998e+00 1.5346567e-01
  2.5508165e-02 2.8276038e-01 4.9061095e-03 0.0000000e+00 6.3866735e-01
  1.7315836e+00 0.0000000e+00 2.3012323e+00 6.5432682e+00 4.7266418e-01
  4.8209796e+00 0.0000000e+00 1.2760497e+00 9.5851260e-01 0.0000000e+00
  2.6292592e-01 2.8518460e+00 3.0501169e-01 4.9888742e-01 1.0106627e+00
  4.3911676e+00 2.5150640e+00 4.3775616e+00 0.0000000e+00 2.5946028e+00
  1.8285477e-01 1.2280737e+00 1.2083291e+00 3.0939403e+00 7.0997423e-01
  0.0000000e+00 6.4634658e-02 5.0061717e+00 4.9252968e+00 4.4301405e+00
  5.8053029e-01 6.6740823e-01 4.3566403e-01 2.8209478e-01 0.0000000e+00
  5.7027450e+00 9.2961484e-01 4.5368395e+00 0.0000000e+00 0.0000000e+00
  2.2425179e+00 4.8377252e+00 2.2786415e+00 1.8237127e-01 0.0000000e+00
  3.1483603e+00 1.3701152e+00 2.0554707e+00 0.0000000e+00 6.1891742e+00
  0.0000000e+00 2.0974064e+00 6.9892612e+00 1.3138657e+00 6.4540523e-01
  5.3677483e+00 2.7467501e+00 4.6290655e+00 7.8940138e-02 4.4252497e-01
  1.2973963e+00 3.0795102e+00 0.0000000e+00 1.8333842e-01 0.0000000e+00
  2.5265267e-01 2.6720181e+00 3.5516238e+00 8.4618814e-02 4.6825175e+00
  5.9697932e-01 2.3517114e-01 1.8778584e+00 3.0494709e+00 2.8474805e+00
  4.6055439e-01 2.8039879e-01 5.7032603e-01 1.5719934e+00 1.9675570e+00
  1.1341518e+00 0.0000000e+00 0.0000000e+00 1.6296575e+00 3.1965056e-01
  9.6042776e-01 5.2943909e-01 0.0000000e+00 1.1072221e+00 1.9042872e+00
  3.6046457e-01 1.2390473e+00 1.3110069e+01 4.7483482e+00 3.4155965e-01
  6.5687704e+00 4.0216866e-01 9.7213522e-02 1.1573956e+00 4.4912682e+00
  3.0070516e-01 1.0965694e+01 5.0087631e-01 0.0000000e+00 0.0000000e+00
  2.7701452e-01 0.0000000e+00 6.0304546e-01 9.4980496e-01 4.6460351e-01
  1.8094406e+00 6.6679180e-01 4.3189473e+00 0.0000000e+00 5.3273988e+00
  3.9325106e+00 1.9235063e+00 2.2622482e-01 2.2303250e+00 1.6903219e+00
  1.4287999e+00 3.0660744e+00 2.4167137e+00 1.1053910e+00 1.6172248e+00
  2.3378602e-01 2.5243888e+00 2.8053713e+00 3.8625937e+00 2.2693595e-01
  5.0760636e+00 7.9371369e-01 4.4798131e+00 1.7280555e+00 2.4875739e+00
  1.1077245e+00 1.0815755e+01 1.1460763e+00 7.2003736e+00 3.4087503e+00
  9.0305112e-02 5.3845733e-02 7.6648873e-01 1.5414958e+00 2.9910591e-01
  7.5015599e-01 9.7940728e-02 0.0000000e+00 8.8690052e+00 2.6139503e+00
  1.6026290e-01 1.1036606e+00 2.8193321e-02 5.2142763e-01 3.6056302e+00
  1.1013321e-01 1.4860755e+00 3.5595027e-01 4.9835930e+00 6.0195059e-01
  1.5955032e-01 7.8273783e+00 3.7984478e+00 2.1318653e+00 1.4139367e+00
  3.8717753e-01 6.9619751e-01 1.0783707e+01 2.3267256e-01 0.0000000e+00
  6.2928443e+00 2.0954394e+00 1.7060250e+00 4.2944536e-01 1.2364415e+00
  1.3109870e-01 1.4640383e-01 3.2975709e+00 5.1244607e+00 0.0000000e+00
  5.2199408e-02 1.8568195e+00 2.0982895e+00 6.0309827e-01 3.0190024e-01
  1.9738466e+00 3.5208263e+00 8.4733117e-01 2.0629432e+00 3.5165184e+00
  5.6708636e+00 2.5645750e+00 2.7540424e+00 1.8496842e+00 3.5990796e+00
  3.3882732e+00 2.3612720e-01 1.7530140e-02 9.4431835e-01 3.6279705e+00
  0.0000000e+00 0.0000000e+00 1.1517667e-01 2.2694979e+00 8.5950148e-01
  2.7012169e+00 0.0000000e+00 0.0000000e+00 3.8124011e+00 9.9857077e-02
  4.0602472e-01 0.0000000e+00 1.4064097e-01 0.0000000e+00 1.5100079e+00
  1.2978920e-01 0.0000000e+00 3.1337912e+00 4.3598790e+00 0.0000000e+00
  4.2104149e+00 1.4128025e+00 0.0000000e+00 6.1543626e-01 1.6018671e+00
  9.5273262e-01 1.4883947e+00 1.4279726e+00 0.0000000e+00 5.5260324e-01
  3.1165376e+00 5.1642094e+00 5.7989678e+00 0.0000000e+00 3.3282161e-01
  2.5093374e+00 1.1140294e+00 9.7735918e-01 7.6828852e-02 2.6068454e+00
  6.6510521e-02 8.0838718e+00 5.9640932e+00 3.0223598e+00 0.0000000e+00
  4.6344957e+00 1.0858251e+00]]