[[2.53616714e+00 2.74344397e+00 3.36783433e+00 0.00000000e+00
  1.50900316e+00 4.94152784e+00 4.27102280e+00 0.00000000e+00
  2.15756035e+00 4.33895648e-01 4.04921341e+00 1.32565200e+00
  1.49358511e+00 2.36167359e+00 0.00000000e+00 1.49194837e+00
  3.75651765e+00 1.17751813e+00 3.09183091e-01 1.30299151e+00
  4.15157050e-01 1.01743393e+01 1.87525022e+00 3.70547724e+00
  1.21291123e-01 2.31717181e+00 2.31548762e+00 4.35042191e+00
  5.19055271e+00 1.82159632e-01 1.79978931e+00 3.61916637e+00
  2.94228482e+00 2.51548600e+00 9.16146755e-01 7.37086415e-01
  1.98073590e+00 4.23259348e-01 7.65122509e+00 5.76200342e+00
  3.24239492e+00 7.19566917e+00 4.11659479e+00 3.24435806e+00
  1.57851708e+00 4.46398592e+00 5.61621857e+00 4.84093189e+00
  1.66304862e+00 4.93660212e-01 8.71883810e-01 5.66777754e+00
  8.16413015e-02 4.53985786e+00 1.42384577e+00 2.04510665e+00
  3.70855999e+00 4.01231050e+00 6.76651180e-01 8.35169256e-01
  3.86041951e+00 6.98896551e+00 1.05965252e+01 5.39762163e+00
  0.00000000e+00 3.61868262e+00 3.63093734e+00 1.37733400e+00
  1.34997678e+00 3.55289698e+00 5.84573364e+00 3.51056069e-01
  7.04407120e+00 1.23624525e+01 1.71391082e+00 1.03787601e+00
  2.00458694e+00 1.75046825e+00 2.61744761e+00 3.19951487e+00
  8.21266472e-01 3.23770046e-01 4.70388842e+00 1.41479290e+00
  7.09408331e+00 3.96866751e+00 4.43900347e-01 3.41687584e+00
  1.86754262e+00 0.00000000e+00 1.24736891e+01 3.76857734e+00
  2.15431809e+00 3.74243355e+00 4.88282633e+00 2.33297396e+00
  9.49614048e-01 6.32399702e+00 4.55211908e-01 7.14765263e+00
  1.83895588e+00 2.76727080e+00 1.00141020e+01 7.46263361e+00
  1.39775229e+00 2.61028337e+00 1.58983469e+00 9.75283504e-01
  8.90174675e+00 1.78696477e+00 1.95250189e+00 1.05761290e+00
  4.37853605e-01 2.54400873e+00 1.16022789e+00 5.46819031e-01
  1.21954012e+01 1.55768466e+00 1.86192262e+00 7.41927505e-01
  1.71859598e+00 1.08458173e+00 2.63223112e-01 6.38407993e+00
  3.61227298e+00 6.59894133e+00 4.82709885e-01 0.00000000e+00
  7.58135557e-01 2.39747334e+01 3.83710933e+00 3.11632586e+00
  3.26988101e+00 2.93867826e+00 1.10292423e+00 4.33523893e+00
  5.53639555e+00 3.76317263e+00 2.85628557e+00 4.58229256e+00
  5.60056388e-01 6.97331572e+00 6.94912821e-02 3.82553124e+00
  3.38768172e+00 1.78720847e-01 9.69888389e-01 1.78330135e+00
  1.92339516e+00 7.42421895e-02 2.09102798e+00 2.28058505e+00
  4.20319527e-01 6.10220718e+00 6.44296741e+00 2.30394006e+00
  2.66494942e+00 1.10653400e+00 1.37650740e+00 1.66060317e+00
  3.92695284e+00 2.55271268e+00 8.02315998e+00 1.56447709e+00
  4.92049837e+00 3.75646472e+00 2.16027641e+00 2.56679249e+00
  1.13712251e-01 6.31228149e-01 1.29860077e+01 9.86235321e-01
  7.65364742e+00 1.84782314e+00 1.74022257e+00 2.73947144e+00
  9.31033492e-01 3.61656833e+00 6.65997934e+00 9.96730042e+00
  8.86707604e-01 5.98842144e-01 3.74852586e+00 1.71124756e-01
  7.70560503e-01 1.04263616e+00 6.34231377e+00 9.83284712e-02
  2.69892478e+00 1.09524307e+01 6.39372587e+00 0.00000000e+00
  3.24876308e+00 6.37623501e+00 3.19255853e+00 6.32998037e+00
  9.22176778e-01 4.33525038e+00 7.18398616e-02 1.90394783e+00
  2.87991667e+00 1.27357328e+00 6.46015644e-01 9.12620962e-01
  1.29859960e+00 3.11019921e+00 4.82006222e-01 5.13232350e-01
  2.28817105e+00 6.32278585e+00 0.00000000e+00 3.88518596e+00
  7.67536402e-01 1.51278901e+00 3.44550157e+00 3.80032778e+00
  8.01152527e-01 1.27650285e+00 2.90486246e-01 2.56339931e+00
  1.92803800e+00 4.64768934e+00 4.75342464e+00 6.27157241e-02
  7.81891203e+00 1.42443204e+00 5.92083275e-01 3.54559731e+00
  1.10627174e+00 1.17385960e+00 1.02612996e+00 2.82440352e+00
  7.44990396e+00 8.92461956e-01 4.39621830e+00 5.35924911e+00
  1.02208967e+01 7.24042749e+00 9.59533405e+00 5.50121307e+00
  2.06595063e+00 2.86424637e-01 1.16131468e+01 5.95982599e+00
  2.18318939e+00 1.09410429e+01 4.75241899e+00 3.81029582e+00
  1.46142316e+00 1.82942879e+00 2.05181360e+00 8.44092906e-01
  5.53559184e-01 3.64487481e+00 8.08796120e+00 0.00000000e+00
  4.94772100e+00 2.36610794e+00 1.61525154e+00 0.00000000e+00
  1.62967372e+00 0.00000000e+00 2.42901087e+00 4.16313982e+00
  3.29935622e+00 3.37734652e+00 5.01162386e+00 5.47765303e+00
  1.14347544e+01 1.21026957e+00 3.93544018e-01 2.31189609e-01
  2.86524272e+00 2.59565878e+00 8.81188869e-01 3.45834756e+00
  4.52007008e+00 0.00000000e+00 1.30435541e-01 3.94287825e+00
  1.08471165e+01 2.34702826e+00 1.85081062e+01 4.08228922e+00
  4.86681312e-02 1.59402400e-01 2.27571535e+00 2.19331574e+00
  8.26866341e+00 4.71337700e+00 1.88932717e-01 2.20054436e+00
  4.51909930e-01 1.60129845e+00 3.87956810e+00 2.13506985e+00
  2.62705517e+00 1.75121498e+00 1.61388910e+00 0.00000000e+00
  1.45689583e+00 4.12349129e+00 1.52875423e+00 1.71105969e+00
  5.33487368e+00 4.04218769e+00 3.17724776e+00 7.10105479e-01
  2.96855509e-01 2.80582237e+00 3.88912737e-01 0.00000000e+00
  4.06246758e+00 9.23689842e-01 1.06146202e+01 0.00000000e+00
  5.83616114e+00 1.48160591e+01 1.26820064e+00 7.62189478e-02
  1.31619167e+00 6.05417073e-01 3.52895331e+00 3.20274353e-01
  2.21619844e+00 8.03322434e-01 5.85494184e+00 4.03366387e-01
  4.03273106e+00 0.00000000e+00 0.00000000e+00 5.32585287e+00
  1.79807580e+00 6.90731108e-01 5.34923983e+00 2.58944535e+00
  5.74906826e+00 5.99725676e+00 3.02855825e+00 2.86581904e-01
  6.63131380e+00 2.02315044e+00 5.09529400e+00 6.92703307e-01
  2.40384197e+00 4.23729610e+00 6.44271421e+00 6.47890031e-01
  1.89567283e-02 7.79263496e-01 8.87056172e-01 9.71575737e-01
  9.85387564e-02 3.95380449e+00 8.09912586e+00 3.89901251e-01
  7.38056600e-01 1.00017538e+01 3.37090874e+00 6.88599706e-01
  9.46283245e+00 1.65020657e+00 3.26972938e+00 1.06422269e+00
  6.73342896e+00 1.41800833e+00 1.14892588e+01 2.45014691e+00
  1.09733486e+00 3.06109047e+00 8.58403301e+00 4.52569103e+00
  7.43879199e-01 0.00000000e+00 1.18692942e+01 2.02373886e+00
  1.13787627e+00 5.51060390e+00 4.70759296e+00 2.59703350e+00
  4.47486448e+00 3.48109674e+00 3.28111362e+00 2.01942682e+00
  2.60896027e-01 1.08684838e+00 2.99209380e+00 1.73466611e+00
  6.04596758e+00 5.41258097e-01 1.44694602e+00 1.23455095e+00
  3.21991253e+00 5.49315214e+00 4.40119922e-01 1.51022434e+00
  3.48370290e+00 2.38225412e+00 3.54306746e+00 4.03281212e+00
  2.55800152e+00 6.20182562e+00 7.34843683e+00 8.36535358e+00
  7.31677389e+00 1.38041651e+00 7.74501979e-01 3.90597641e-01
  4.09738588e+00 6.50697887e-01 4.61387968e+00 2.39692521e+00
  1.67240575e-01 0.00000000e+00 2.93852949e+00 1.78577530e+00
  8.54139447e-01 1.43376768e-01 2.60302186e-01 1.06108069e+00
  5.06137323e+00 2.22745344e-01 0.00000000e+00 7.73240566e+00
  1.25272596e+00 4.27144337e+00 6.65958345e-01 6.57474518e+00
  4.02694893e+00 3.77111030e+00 6.01663876e+00 1.15756392e+00
  1.66451347e+00 1.41928697e+00 0.00000000e+00 2.62428999e+00
  1.80351579e+00 3.43399739e+00 1.18049294e-01 3.09065890e+00
  0.00000000e+00 9.17586863e-01 8.60054076e-01 3.17594790e+00
  1.00738897e+01 2.35967493e+00 3.12935710e+00 6.14655375e-01
  1.79812223e-01 3.21733308e+00 3.66861373e-01 7.32395172e+00
  2.85195422e+00 2.07675385e+00 6.35650635e+00 2.69951136e-03
  1.03912096e+01 2.93530798e+00 1.83185875e+00 1.06337109e+01
  9.06952471e-02 7.36776495e+00 2.74676585e+00 1.54357457e+00
  0.00000000e+00 6.98236287e-01 3.42214036e+00 2.32040668e+00
  5.67026615e+00 2.01701832e+00 1.00907052e+00 5.13656139e-01
  0.00000000e+00 4.62335825e+00 3.37310493e-01 2.32908082e+00
  4.20794344e+00 2.21026748e-01 2.94247413e+00 1.93984544e+00
  4.29008722e-01 4.17093849e+00 1.22243941e+00 1.18385553e+00
  1.37155205e-01 9.05909479e-01 4.47105455e+00 2.61283278e-01
  8.34392071e-01 1.76428127e+00 3.28616470e-01 1.15744305e+00
  3.22029281e+00 3.62571955e+00 2.54938453e-01 4.56165409e+00
  4.07446951e-01 2.24097371e+00 1.15294099e+00 9.88511145e-02
  8.84020329e+00 2.24646711e+00 3.00288606e+00 2.64491439e+00
  2.89361691e+00 2.25540400e+00 2.54796863e+00 2.26464200e+00
  2.28341293e+00 2.97488511e-01 2.79678845e+00 2.33770061e+00]]