[[5.76838493e-01 1.66519630e+00 6.01728725e+00 1.61936915e+00
  3.10920501e+00 1.35253716e+00 1.24738894e+01 1.16124558e+00
  2.61440992e-01 8.38139772e-01 4.26328993e+00 0.00000000e+00
  2.80207515e+00 1.26729465e+00 0.00000000e+00 4.98203248e-01
  6.13907909e+00 7.07497835e-01 9.16511118e-01 3.00901079e+00
  3.25545311e+00 3.95033240e+00 5.85406446e+00 2.16530114e-01
  1.61326194e+00 6.58574772e+00 3.49600375e-01 1.86850023e+00
  3.25455046e+00 4.96144384e-01 4.84125328e+00 2.12899256e+00
  1.09924123e-01 1.16724384e+00 6.31569743e-01 7.55043566e-01
  1.38872886e+00 1.28358483e-01 2.34069824e+00 4.40760136e+00
  2.33069777e-01 5.19136858e+00 3.03620386e+00 7.74287403e-01
  1.64196742e+00 1.19184367e-01 1.11860895e+01 2.16438890e-01
  5.93622255e+00 1.20583057e+00 2.64882684e+00 2.46559119e+00
  0.00000000e+00 3.48638344e+00 5.84392607e-01 2.78888631e+00
  1.08694000e+01 1.92332041e+00 2.09297919e+00 5.36838531e+00
  4.33855087e-01 2.98698634e-01 5.34628630e+00 1.12441978e+01
  1.52606094e+00 7.80050611e+00 5.99607527e-01 4.59417152e+00
  1.18882489e+00 1.07046795e+00 1.45533733e+01 6.44401073e+00
  4.05493307e+00 3.42813706e+00 2.55419016e+00 3.47194004e+00
  1.42026567e+00 3.42681080e-01 8.93438458e-01 1.14445984e+00
  3.89878482e-01 2.35679293e+00 3.35813332e+00 7.97550082e-02
  5.64175427e-01 1.91514909e+00 0.00000000e+00 3.65864873e+00
  7.78315401e+00 1.43137857e-01 5.98094082e+00 9.11076546e+00
  2.71996260e+00 4.05031681e-01 7.63608217e+00 1.46757400e+00
  2.70323563e+00 1.02377486e+00 3.73965979e+00 1.22610235e+00
  1.64588058e+00 5.39620829e+00 1.31349981e+00 1.42379642e+00
  1.07197535e+00 5.57289839e+00 1.34070504e+00 6.63364157e-02
  1.28539312e+00 0.00000000e+00 4.60350752e+00 1.23808570e-01
  1.94274533e+00 5.27033687e-01 1.88251817e+00 0.00000000e+00
  1.17230797e+00 0.00000000e+00 3.63656139e+00 2.67638826e+00
  7.48809040e-01 1.40546715e+00 2.22909760e+00 8.03112125e+00
  2.26776689e-01 6.66523218e+00 7.20441163e-01 4.98320162e-02
  1.05449736e+00 1.60327530e+01 2.03970805e-01 2.89973825e-01
  1.56291753e-01 1.78091192e+00 1.84450790e-01 6.35787582e+00
  4.47209167e+00 7.95583963e+00 4.80072212e+00 0.00000000e+00
  6.65700197e-01 1.67778170e+00 6.47119820e-01 5.35535479e+00
  2.71171355e+00 0.00000000e+00 6.66833818e-02 3.45377326e+00
  1.00938894e-01 1.03539324e+00 2.78959632e+00 2.72937799e+00
  6.35454297e-01 7.19779491e-01 7.00653315e-01 5.43915415e+00
  4.00388002e+00 3.54345727e+00 4.10735965e-01 3.37233448e+00
  0.00000000e+00 6.22945607e-01 1.51560318e+00 3.08339262e+00
  2.17676806e+00 3.17500710e-01 3.91225004e+00 2.84498572e-01
  7.37537742e-02 2.45925978e-01 8.01092744e-01 3.12236118e+00
  4.05741501e+00 2.23673553e+01 1.35183167e+00 4.70677048e-01
  1.65921330e+00 3.45294070e+00 3.53662586e+00 1.00071669e+00
  4.01304215e-01 1.09560311e-01 5.98167372e+00 1.08722293e+00
  1.87571967e+00 6.64181769e-01 1.37558222e+00 8.49974155e-01
  2.96650887e+00 2.28410673e+00 2.02731776e+00 0.00000000e+00
  6.38916254e+00 2.75751972e+00 4.20843887e+00 8.13902795e-01
  9.86347258e-01 0.00000000e+00 5.63446321e-02 5.00378275e+00
  0.00000000e+00 2.88708663e+00 7.47406304e-01 5.15082121e-01
  4.66860342e+00 3.57398295e+00 1.74572423e-01 1.46444905e+00
  8.62155676e-01 5.06168461e+00 0.00000000e+00 9.44283783e-01
  8.30673650e-02 5.18034935e-01 2.90169811e+00 1.03298080e+00
  2.59116650e+00 2.38441765e-01 7.01800585e-01 6.16066039e-01
  0.00000000e+00 6.11490428e-01 1.84799862e+00 5.46237230e+00
  5.47949553e+00 4.41660976e+00 0.00000000e+00 2.28878284e+00
  0.00000000e+00 7.26736724e-01 5.03269291e+00 1.15463829e+00
  1.97003233e+00 2.35454535e+00 6.38825297e-01 8.82192969e-01
  5.83634043e+00 2.24248180e+01 1.54141636e+01 0.00000000e+00
  2.71192700e-01 0.00000000e+00 3.12745738e+00 2.57364130e+00
  0.00000000e+00 6.47848654e+00 7.30488348e+00 6.20536947e+00
  9.02158856e-01 6.11636496e+00 0.00000000e+00 7.14689434e-01
  0.00000000e+00 3.93895197e+00 6.70218658e+00 0.00000000e+00
  1.14554131e+00 2.14146352e+00 4.53626299e+00 2.49713016e+00
  3.15936208e+00 0.00000000e+00 6.26088440e-01 6.00664973e-01
  4.26386786e+00 2.86094880e+00 2.55867004e+00 2.04040378e-01
  7.56456947e+00 4.76053506e-01 1.04353273e+00 0.00000000e+00
  1.72162879e+00 1.70188653e+00 8.47318053e-01 1.71293962e+00
  3.70087814e+00 1.26288533e+00 0.00000000e+00 8.81994843e-01
  1.55744467e+01 7.09412575e+00 9.87874699e+00 1.94592881e+00
  3.30182815e+00 5.11565953e-02 7.98934555e+00 4.01052380e+00
  7.64155054e+00 2.12850547e+00 8.20003688e-01 3.61918020e+00
  9.23767388e-01 1.28907764e+00 3.61303830e+00 3.35958511e-01
  3.77664709e+00 2.62231636e+00 5.55248022e+00 8.06145277e-03
  3.17532277e+00 3.22643328e+00 3.82264829e+00 1.37637794e+00
  9.09309804e-01 7.79741812e+00 8.34180450e+00 2.37844571e-01
  1.50874841e+00 3.08937716e+00 5.41076660e+00 3.10383391e+00
  1.22339241e-01 2.34457183e+00 9.26001835e+00 9.08934534e-01
  7.93255949e+00 8.69924450e+00 5.26304603e-01 3.00192744e-01
  1.52467239e+00 5.46003389e+00 8.17388344e+00 2.34146070e+00
  1.83925378e+00 1.37831628e+00 5.63058043e+00 1.89712334e+00
  1.85310984e+00 0.00000000e+00 6.39771670e-03 5.94434547e+00
  2.70559478e+00 0.00000000e+00 8.86210060e+00 2.21558571e+00
  0.00000000e+00 9.40167713e+00 6.91995239e+00 6.20904207e+00
  9.25878811e+00 2.20954329e-01 1.98515129e+00 0.00000000e+00
  1.87785304e+00 3.17226052e+00 5.96075118e-01 3.64444882e-01
  2.97644198e-01 1.75590754e+00 1.51112676e-01 0.00000000e+00
  9.74298596e-01 5.76456118e+00 2.00511718e+00 1.17140219e-01
  0.00000000e+00 1.11828566e+01 2.88710266e-01 1.34725380e+00
  4.21977711e+00 5.83801651e+00 1.00807714e+00 3.57015991e+00
  1.97214711e+00 1.08589935e+00 1.50332670e+01 1.31529546e+00
  2.92819709e-01 5.41140795e+00 3.19991946e+00 0.00000000e+00
  2.40170193e+00 1.24892128e+00 9.33596492e-01 2.80702710e+00
  3.32187235e-01 1.15042961e+00 1.20969558e+00 2.26537037e+00
  1.12383261e+01 4.45236713e-01 1.47910607e+00 4.85842943e-01
  6.55890894e+00 0.00000000e+00 1.32053161e+00 0.00000000e+00
  2.13434792e+00 3.04983521e+00 2.44922325e-01 1.71689212e+00
  2.78968072e+00 1.15606189e+00 1.00093678e-01 0.00000000e+00
  7.15069234e-01 2.12060404e+00 1.04112506e+00 2.31245160e-01
  2.03821087e+00 3.60170937e+00 1.62238717e+00 7.01652813e+00
  5.55383730e+00 7.48569816e-02 9.49479997e-01 4.19375718e-01
  5.33346510e+00 1.08037186e+00 2.82921672e-01 9.02640343e-01
  1.21106617e-02 1.19474031e-01 8.52216053e+00 1.20097625e+00
  1.38628995e+00 1.33024782e-01 2.87475061e+00 2.78069470e-02
  7.43476868e-01 0.00000000e+00 5.58553077e-02 5.51354980e+00
  1.99877512e+00 1.14945248e-02 2.72092605e+00 1.13533239e+01
  3.11250615e+00 9.32754040e-01 1.70755112e+00 4.09034491e-01
  2.81073022e+00 1.75869656e+00 6.42339647e-01 4.35695267e+00
  3.20793676e+00 2.25807071e+00 2.03398138e-01 1.79843217e-01
  2.94553256e+00 3.29043150e-01 8.73452574e-02 9.90117431e-01
  2.49335051e+00 3.73023105e+00 3.76222873e+00 1.13326561e+00
  3.40430570e+00 5.88400722e-01 3.18068862e+00 1.09610105e+00
  5.74435568e+00 1.24884796e+00 6.04432464e-01 2.05806226e-01
  2.68627300e+01 2.41851139e+00 0.00000000e+00 1.17011156e+01
  1.14833820e+00 4.70303178e-01 4.17116737e+00 6.68844819e-01
  1.27060935e-01 8.15784693e-01 5.81556416e+00 4.15217590e+00
  9.43516374e-01 1.04373670e+00 1.14350545e+00 0.00000000e+00
  4.69516255e-02 3.05968904e+00 5.95020890e-01 3.15179318e-01
  0.00000000e+00 2.97931463e-01 4.88905668e+00 1.64309752e+00
  9.50924456e-01 5.09265006e-01 1.43100643e+00 7.89548397e+00
  1.48042262e+00 1.13906050e+00 4.19281721e+00 1.39606714e-01
  4.95966494e-01 0.00000000e+00 1.70222461e+00 9.34703636e+00
  1.67460310e+00 8.74409676e-01 1.61049402e+00 1.80829477e+00
  4.72917271e+00 5.14688253e+00 2.80815125e+00 4.59948257e-02
  2.41413307e+01 2.59872532e+00 1.54576004e+00 2.93115163e+00
  6.59501314e+00 8.25107157e-01 7.37444019e+00 2.09954262e+00
  3.65439487e+00 5.34558535e-01 4.95320797e+00 4.60853994e-01]]