[[7.94356287e-01 2.44671896e-01 1.86356068e+00 2.48048234e+00
  9.43747401e-01 5.22611332e+00 6.49473619e+00 7.38047123e-01
  1.07970846e+00 1.69361126e+00 2.73927832e+00 1.30548894e+00
  2.74857569e+00 6.19736385e+00 4.19529295e+00 3.74065208e+00
  0.00000000e+00 0.00000000e+00 4.01617706e-01 3.32856226e+00
  1.18105628e-01 5.13190556e+00 4.63215733e+00 2.39693135e-01
  1.04838729e+00 7.14551735e+00 4.24030542e+00 3.30501437e-01
  2.11216903e+00 2.42946863e-01 2.58171737e-01 1.06278537e-02
  1.44930935e+00 6.07826948e+00 7.19906271e-01 1.66819111e-01
  1.84137249e+00 3.33086520e-01 4.24067831e+00 1.57333481e+00
  4.78171253e+00 3.98686600e+00 3.36928725e-01 1.66745520e+00
  0.00000000e+00 1.41826928e+00 4.86194897e+00 1.89320290e+00
  3.97615075e+00 1.68997967e+00 8.49383831e-01 6.06639050e-02
  5.73829338e-02 7.48446584e-02 1.75620878e+00 1.60732520e+00
  2.89688087e+00 6.18927145e+00 6.35073042e+00 0.00000000e+00
  2.95222712e+00 1.00230479e+00 5.67698431e+00 2.62335372e+00
  2.74848908e-01 3.76452065e+00 4.61874366e-01 1.89040375e+00
  0.00000000e+00 6.07966125e-01 8.68835068e+00 2.65923917e-01
  0.00000000e+00 6.32956362e+00 4.55657318e-02 1.15735900e+00
  1.76748961e-01 0.00000000e+00 5.62141895e-01 9.55939054e-01
  1.61798751e+00 1.33960164e+00 8.86624241e+00 8.65199789e-02
  5.18912733e-01 3.24909043e+00 0.00000000e+00 1.74995673e+00
  3.96191931e+00 0.00000000e+00 6.66758347e+00 2.83951378e+00
  1.55239356e+00 6.65244997e-01 1.09627628e+00 0.00000000e+00
  1.22647476e+00 2.57307410e+00 2.64096069e+00 6.14066696e+00
  6.52908564e-01 1.74426115e+00 3.50490737e+00 5.14389086e+00
  1.83493948e+00 1.41323900e+00 1.55263209e+00 8.75626862e-01
  3.95640969e+00 0.00000000e+00 1.37391102e+00 1.73739028e+00
  0.00000000e+00 3.48041654e-01 6.58888698e-01 4.26240414e-02
  3.54284024e+00 1.75633287e+00 7.35725999e-01 6.55291796e-01
  2.27584764e-01 7.61647999e-01 1.48311973e+00 4.74783897e+00
  1.27761424e+00 1.19455469e+00 4.27721828e-01 0.00000000e+00
  1.52164543e+00 1.42999201e+01 8.03543508e-01 3.48422080e-01
  5.01302099e+00 4.72176880e-01 6.94474757e-01 1.66914058e+00
  8.58771563e-01 2.03755319e-01 2.09162855e+00 4.92816210e+00
  2.00696492e+00 5.04677594e-01 3.70964468e-01 5.91416407e+00
  7.36943007e-01 1.09504879e+00 3.14863116e-01 0.00000000e+00
  0.00000000e+00 5.31649768e-01 5.16515255e-01 6.77374184e-01
  2.29944587e+00 1.01434743e+00 1.21481456e-01 1.69101214e+00
  2.46300721e+00 3.32838845e+00 1.19105852e+00 0.00000000e+00
  4.60813195e-02 1.67698658e+00 1.85491395e+00 9.27364945e-01
  6.39556932e+00 1.17068815e+00 0.00000000e+00 3.70845771e+00
  6.98758423e-01 2.35879946e+00 4.28743315e+00 1.30380988e-01
  9.19252777e+00 1.31729355e+01 1.37509632e+00 1.24790525e+00
  7.65796565e-03 1.92732716e+00 9.12355328e+00 1.85256505e+00
  1.68542480e+00 1.29445469e+00 2.85631704e+00 2.09384963e-01
  8.27308476e-01 1.02935493e+00 1.44590759e+00 0.00000000e+00
  1.80414391e+00 1.22210026e+00 3.43407702e+00 1.33746475e-01
  5.23247242e-01 2.71090055e+00 8.09919059e-01 2.67458260e-01
  8.89314860e-02 4.67845297e+00 6.61347389e-01 1.30582082e+00
  1.11404097e+00 6.78008735e-01 6.33773148e-01 3.35618824e-01
  1.69508469e+00 2.56270623e+00 5.88963091e-01 2.55073571e+00
  1.61424446e+00 5.46031952e+00 2.53098369e+00 2.90375400e+00
  2.33844623e-01 2.94046307e+00 0.00000000e+00 1.10827744e+00
  1.02589059e+00 3.04149210e-01 8.06054950e-01 9.83348250e-01
  0.00000000e+00 1.03220558e+00 3.41934830e-01 3.07546711e+00
  6.27840936e-01 4.04601288e+00 2.18962717e+00 2.39668846e+00
  6.83374882e-01 1.74267888e+00 1.13098645e+00 6.55138373e-01
  1.58669329e+00 2.91347861e+00 3.78564882e+00 2.43929219e+00
  1.16850138e+00 7.73162651e+00 1.47649419e+00 4.41363245e-01
  3.12137991e-01 1.98918998e-01 4.07723475e+00 3.40489507e+00
  2.65415263e+00 1.05971355e+01 5.06481552e+00 1.14437521e+00
  4.67550993e+00 2.55557919e+00 1.99168846e-02 5.85237217e+00
  7.11273015e-01 8.17940903e+00 1.57504976e+00 0.00000000e+00
  1.55090138e-01 6.31319618e+00 7.90096092e+00 4.81241226e+00
  2.74576998e+00 0.00000000e+00 0.00000000e+00 1.31205535e+00
  1.81381905e+00 1.69206083e+00 1.26252651e+00 5.40371895e-01
  7.39544630e+00 2.27835149e-01 2.84477711e+00 9.76550858e-03
  1.20707023e+00 2.24330926e+00 4.17297095e-01 4.27453488e-01
  1.12630625e+01 3.08470309e-01 4.48832601e-01 4.07709002e-01
  5.32812929e+00 1.47013918e-01 3.17288089e+00 0.00000000e+00
  8.21141243e+00 2.98764944e-01 2.49827337e+00 1.67785645e+00
  2.07765174e+00 3.22723460e+00 1.16532251e-01 3.54175679e-02
  2.30452251e+00 2.93470049e+00 2.36370087e+00 2.75067377e+00
  1.34873018e-01 7.96455979e-01 3.65956008e-01 0.00000000e+00
  3.78782678e+00 0.00000000e+00 5.69450760e+00 9.52068090e-01
  2.72205830e+00 8.83957088e-01 3.02400899e+00 1.52595782e+00
  2.15568781e-01 0.00000000e+00 2.10443139e+00 8.11835051e-01
  1.97618097e-01 1.62445235e+00 5.71246958e+00 0.00000000e+00
  1.30908847e+00 6.45973730e+00 1.23724222e+00 3.58394861e+00
  5.20352602e-01 5.35214186e+00 2.16140985e+00 2.19863772e+00
  3.79700094e-01 2.99619555e+00 4.86379814e+00 1.27373886e+00
  1.57277310e+00 3.04189056e-01 2.84891635e-01 6.53028727e+00
  5.19603550e-01 7.30862856e-01 6.76363325e+00 3.37494993e+00
  4.73958683e+00 5.97715712e+00 0.00000000e+00 2.36203814e+00
  1.81724691e+00 0.00000000e+00 2.48140788e+00 6.57112360e-01
  2.26355147e+00 1.56367445e+00 1.45303690e+00 0.00000000e+00
  5.95217824e-01 4.08666492e-01 0.00000000e+00 1.33977675e+00
  0.00000000e+00 3.69898582e+00 2.68879724e+00 3.16627026e-01
  1.11494482e-01 7.60343599e+00 1.55075574e+00 1.29359937e+00
  6.24656630e+00 2.43904013e-02 1.07883692e+00 7.11005068e+00
  7.19784784e+00 2.94772458e+00 1.41983852e+01 7.83691227e-01
  3.58612061e-01 5.68828404e-01 1.27432466e-01 4.25955027e-01
  4.83093309e+00 1.36446726e+00 3.99022549e-01 3.48820776e-01
  1.96807778e+00 5.88709736e+00 0.00000000e+00 6.60773468e+00
  8.07093811e+00 1.55582178e+00 1.88658893e-01 5.31122029e-01
  2.61053950e-01 1.59325731e+00 1.43537498e+00 0.00000000e+00
  5.26187420e-01 1.02662058e+01 3.23772073e-01 2.69590831e+00
  1.96336281e+00 9.85326350e-01 2.34198719e-02 1.92476177e+00
  2.26416039e+00 1.14807820e+00 1.55095816e+00 2.60902107e-01
  4.00099659e+00 5.39331913e+00 1.73680592e+00 3.28503799e+00
  1.38371754e+00 4.29062158e-01 0.00000000e+00 2.04652977e+00
  3.62227988e+00 2.19033504e+00 4.01416063e+00 6.71672355e-03
  9.98002648e-01 7.34156221e-02 1.21516979e+00 0.00000000e+00
  3.19281483e+00 0.00000000e+00 6.37423098e-01 2.48840404e+00
  4.79984641e-01 9.30718333e-02 1.66793898e-01 1.06228352e+00
  6.47616506e-01 8.83364156e-02 2.55247045e+00 5.05959463e+00
  1.63983965e+00 9.61641490e-01 1.12064755e+00 1.33885407e+00
  7.83943594e-01 3.04637194e-01 4.06492859e-01 7.12621021e+00
  2.32802391e+00 7.53049374e-01 1.29914135e-01 3.99827585e-02
  1.95609391e-01 0.00000000e+00 7.66825438e-01 6.04493046e+00
  4.19195205e-01 1.58056356e-02 9.49167848e-01 3.13060373e-01
  9.64220643e-01 0.00000000e+00 0.00000000e+00 1.22791898e+00
  1.60665083e+00 7.08009481e+00 4.64513481e-01 2.54560318e-02
  1.38078003e+01 3.87921429e+00 2.59359860e+00 7.34347057e+00
  2.95310020e+00 1.26768780e+00 3.56824470e+00 9.13930237e-01
  0.00000000e+00 5.18205523e-01 8.00348967e-02 2.22086713e-01
  3.65133023e+00 1.51103580e+00 5.29947102e-01 4.95288467e+00
  1.18478797e-01 3.97702742e+00 6.11330986e-01 1.78302395e+00
  1.20329009e-02 3.55760574e-01 3.76995087e-01 5.82448542e-01
  0.00000000e+00 2.37129974e+00 1.68281722e+00 1.91222394e+00
  0.00000000e+00 1.40942907e+00 2.91133118e+00 0.00000000e+00
  7.73326814e-01 0.00000000e+00 1.94433606e+00 1.91730961e-01
  3.98069835e+00 1.70626116e+00 1.07727039e+00 2.11279893e+00
  7.52177596e-01 6.57588720e+00 7.55793810e-01 1.00232685e+00
  8.02792168e+00 1.40128791e+00 2.78804731e+00 2.53537714e-01
  5.16705179e+00 4.33205247e-01 9.50491810e+00 3.24049139e+00
  1.55643010e+00 1.11878610e+00 6.25566483e+00 1.88125670e+00]]