[[1.69298232e+00 0.00000000e+00 9.88714933e-01 7.71846712e-01
  0.00000000e+00 1.17590809e+00 4.25644398e+00 1.35197210e+00
  1.22948122e+00 1.79694474e+00 1.92407653e-01 5.31126820e-02
  6.05415106e+00 9.65066850e-01 0.00000000e+00 7.75788426e-01
  0.00000000e+00 1.42427158e+00 1.00716209e+00 2.01786566e+00
  1.08077135e-02 5.59640455e+00 2.34968632e-01 2.44977236e-01
  6.34487569e-01 1.03053403e+00 4.78975153e+00 0.00000000e+00
  2.40606213e+00 4.02118349e+00 6.59226716e-01 2.70235825e+00
  1.66574359e+00 3.67749190e+00 6.13785148e-01 2.55651951e-01
  1.03471375e+00 2.04887795e+00 4.74514532e+00 1.14490008e+00
  3.30196810e+00 3.65944934e+00 3.71430063e+00 6.56238365e+00
  0.00000000e+00 0.00000000e+00 1.45675290e+00 3.34629607e+00
  2.30890012e+00 1.71781051e+00 7.51855612e+00 1.67514920e+00
  7.14413822e-02 2.27252531e+00 2.86678576e+00 1.85144615e+00
  3.99648237e+00 5.62304115e+00 2.75939775e+00 0.00000000e+00
  0.00000000e+00 1.22905469e+00 1.18830276e+00 3.46648669e+00
  1.67419470e-03 2.59053302e+00 1.16669798e+00 2.93314993e-01
  2.32788372e+00 3.82967442e-02 7.71963739e+00 9.44632709e-01
  2.82408357e-01 1.42678416e+00 1.23162341e+00 2.58316755e-01
  0.00000000e+00 0.00000000e+00 6.52056336e-01 0.00000000e+00
  3.36016864e-01 5.41098213e+00 7.50027800e+00 1.15167701e+00
  5.30089960e-02 5.54412222e+00 0.00000000e+00 0.00000000e+00
  3.96086407e+00 1.92809081e+00 1.06945980e+00 4.51477677e-01
  0.00000000e+00 3.45661426e+00 2.25334287e-01 6.11969173e-01
  5.70026278e-01 3.49004477e-01 1.89113152e+00 7.29666591e-01
  2.79888797e+00 2.06904125e+00 5.54121637e+00 6.03329420e+00
  2.86250859e-01 0.00000000e+00 0.00000000e+00 8.65322590e-01
  4.50462723e+00 4.76501799e+00 1.38774168e+00 1.99618685e+00
  1.79955691e-01 1.42600164e-01 8.43292296e-01 7.56562710e-01
  1.69297636e+00 0.00000000e+00 3.87125039e+00 1.79791510e+00
  1.02177851e-01 1.06321466e+00 6.40100050e+00 3.70257497e+00
  0.00000000e+00 7.92696118e-01 5.60772955e-01 6.29729927e-01
  0.00000000e+00 6.00633383e+00 6.56949234e+00 9.44644213e-01
  1.76907611e+00 5.28006017e-01 8.14506263e-02 5.51305914e+00
  0.00000000e+00 1.06727552e+00 1.15606833e+00 9.80542541e-01
  1.45895138e-01 7.02952147e-01 1.99174356e+00 3.76397800e+00
  4.68579739e-01 1.43204212e+00 6.26862717e+00 1.57175824e-01
  9.18459117e-01 1.68985581e+00 4.70958853e+00 7.32157707e-01
  4.82224798e+00 0.00000000e+00 5.41954041e-01 0.00000000e+00
  4.65285480e-01 1.72947633e+00 2.08368492e+00 3.46379750e-03
  3.64883728e-02 1.04564607e-01 5.20636082e-01 8.90148804e-03
  9.96029854e-01 3.08051038e+00 0.00000000e+00 7.86551523e+00
  1.47548378e+00 2.25741959e+00 2.90161514e+00 2.26278096e-01
  8.33016300e+00 2.49483562e+00 1.29201734e+00 2.63698649e+00
  1.24022253e-01 6.54161096e-01 6.13813448e+00 4.55058861e+00
  8.80360723e-01 1.07296002e+00 4.64090966e-02 0.00000000e+00
  1.63778052e-01 4.82152909e-01 2.04068497e-01 1.88457027e-01
  5.43320751e+00 6.31444979e+00 1.06070232e+00 2.56218028e+00
  1.50859714e-01 3.67890739e+00 0.00000000e+00 0.00000000e+00
  8.90541300e-02 9.30169106e-01 1.62468421e+00 7.64369547e-01
  9.77830410e+00 2.71260738e-01 3.71457314e+00 3.53947473e+00
  3.41518551e-01 2.34408927e+00 3.32939744e+00 2.24968195e+00
  2.15001917e+00 2.08136330e+01 3.71617413e+00 5.04264164e+00
  0.00000000e+00 5.67324162e-01 7.29712248e-01 3.13037127e-01
  0.00000000e+00 2.54695535e+00 7.28628114e-02 1.10138512e+00
  1.95678115e+00 3.15118241e+00 2.17413998e+00 7.76923656e-01
  3.41195917e+00 4.03437471e+00 8.79047334e-01 5.39466143e-01
  3.15661860e+00 2.87259245e+00 6.49721146e-01 9.49777544e-01
  6.80871391e+00 1.29868531e+00 1.36574554e+00 1.54517114e+00
  0.00000000e+00 2.54182243e+00 1.37402642e+00 2.99156356e+00
  0.00000000e+00 2.21735311e+00 2.30275795e-01 3.99070358e+00
  3.13197160e+00 5.21343231e+00 5.34604454e+00 1.33312345e+00
  3.04882503e+00 0.00000000e+00 1.50509357e+00 2.98111439e+00
  9.80402756e+00 2.10759521e+00 1.45753479e+00 9.57742751e-01
  4.73115444e-01 3.62156463e+00 1.84477150e+00 4.96680689e+00
  0.00000000e+00 0.00000000e+00 3.31026912e-02 3.02451134e+00
  3.25897717e+00 1.56591880e+00 2.36007959e-01 2.13160133e+00
  4.98480588e-01 2.66992152e-01 6.63357353e+00 1.25801399e-01
  2.07601094e+00 2.57789016e-01 0.00000000e+00 1.90573201e-01
  6.26560593e+00 9.43382800e-01 1.42527676e+00 3.39708596e-01
  4.73878622e+00 3.74586678e+00 6.68356061e-01 7.89614439e-01
  1.29195464e+00 4.41415943e-02 3.18395567e+00 1.07306249e-01
  1.45822179e+00 4.14727736e+00 1.16698742e+00 0.00000000e+00
  1.36228399e+01 1.59798346e+01 3.39721847e+00 1.06868930e-01
  1.38517344e+00 1.57903957e+00 1.31313467e+00 9.66153890e-02
  3.38176036e+00 1.55282784e+00 2.66662979e+00 2.38669753e+00
  6.31071210e-01 6.66097832e+00 5.02475309e+00 1.88559759e+00
  2.22758245e+00 2.26338387e+00 1.39424038e+00 8.68055895e-02
  4.51189756e+00 1.19873025e-01 7.59812176e-01 4.57137299e+00
  4.91487026e-01 2.29464030e+00 0.00000000e+00 1.80809259e-01
  0.00000000e+00 2.16438675e+00 1.38440788e+00 9.92660344e-01
  1.67045236e+00 9.21843410e-01 8.67029476e+00 1.44995730e-02
  1.55667865e+00 1.09015858e+00 1.99670613e-01 2.78910589e+00
  1.79645884e+00 5.17362595e+00 2.11507250e-02 2.03493381e+00
  1.46326005e+00 3.98381209e+00 1.74384880e+00 6.09062338e+00
  1.53933632e+00 3.05105209e-01 9.13738668e-01 1.00967932e+01
  2.25182009e+00 6.66130483e-01 2.08810538e-01 4.38365316e+00
  1.35355318e+00 0.00000000e+00 1.95755672e+00 4.09847796e-02
  7.63662398e-01 0.00000000e+00 1.87726498e+00 4.62104201e-01
  2.75973392e+00 3.63060713e+00 0.00000000e+00 2.47626162e+00
  4.24156094e+00 4.91250098e-01 1.61660981e+00 0.00000000e+00
  3.67188406e+00 1.35687447e+00 3.50878572e+00 1.72528699e-01
  2.15280265e-01 1.14631157e+01 1.54724315e-01 2.46415734e+00
  1.28348517e+00 2.43798447e+00 5.30320744e-04 3.79441917e-01
  1.44037223e+00 1.34143841e+00 1.09800224e+01 1.46407199e+00
  4.32146579e-01 7.56538677e+00 1.32581806e+00 9.78981972e-01
  1.09264307e-01 1.06420946e+01 1.43905175e+00 1.04830216e-03
  1.72834694e+00 2.42104006e+00 9.82872391e+00 1.06712967e-01
  1.61825776e+00 6.82693422e-01 8.54411900e-01 2.62159395e+00
  5.15626848e-01 1.41371518e-01 2.74410892e+00 0.00000000e+00
  2.42925119e+00 5.07548237e+00 9.76460800e-02 2.21960378e+00
  4.91059923e+00 2.32569289e+00 0.00000000e+00 8.52053261e+00
  0.00000000e+00 2.88474441e+00 3.89995551e+00 8.81520331e-01
  1.50828695e+00 7.19745100e-01 2.99432206e+00 2.76068226e-02
  3.25644541e+00 4.02627774e-02 2.44084048e+00 4.96288061e-01
  7.09908676e+00 1.54460728e-01 4.57014084e+00 2.04915738e+00
  1.18381405e+00 0.00000000e+00 2.71023810e-01 2.97237039e-01
  1.16902694e-01 1.43225098e+00 8.00074358e-03 1.23217352e-01
  1.10436974e+01 5.87389517e+00 9.99478579e-01 2.16001225e+00
  5.70569897e+00 4.95652854e-01 8.84803832e-01 5.06891608e-01
  0.00000000e+00 6.74671605e-02 0.00000000e+00 0.00000000e+00
  0.00000000e+00 3.49191451e+00 4.60907280e-01 9.80032027e-01
  7.22521591e+00 0.00000000e+00 3.68713808e+00 3.88972688e+00
  2.22963047e+00 3.69675803e+00 1.05060983e+00 0.00000000e+00
  1.75661457e+00 7.15159774e-01 3.24743128e+00 5.36400938e+00
  1.60472810e-01 1.03088641e+00 0.00000000e+00 0.00000000e+00
  3.58974814e-01 4.39291075e-03 2.71690011e-01 3.34259844e+00
  1.92822590e-02 7.71900892e-01 3.85238338e+00 6.56466484e+00
  3.08558416e+00 5.21851158e+00 2.25262947e+01 1.96891582e+00
  2.40907013e-01 1.57444370e+00 3.81181216e+00 3.34737563e+00
  2.35087705e+00 0.00000000e+00 0.00000000e+00 5.61569262e+00
  3.46979070e+00 0.00000000e+00 5.94539165e-01 5.16372967e+00
  4.79204655e+00 1.55372941e+00 6.73806000e+00 2.75252509e+00
  1.89267540e+00 1.61998737e+00 1.47397053e+00 3.97965275e-02
  6.41297176e-02 4.09242630e+00 6.44298649e+00 3.67615628e+00
  4.51719493e-01 1.31200218e+00 1.34038460e+00 5.01563454e+00
  1.81622434e+00 5.52065969e-01 4.00049359e-01 2.88670182e+00
  1.89645573e-01 7.86092281e-01 2.15778780e+00 0.00000000e+00]]