[[4.3049016e+00 7.4703985e-01 6.5411067e-01 1.8946060e+00 6.2373400e-01
  1.8026470e+00 4.4189267e+00 1.4250299e+00 2.6059756e+00 5.6968492e-01
  7.1026273e-02 1.0592717e+00 3.3457620e+00 2.8917112e+00 0.0000000e+00
  3.8149071e+00 3.1230121e+00 0.0000000e+00 2.4008710e+00 1.1264669e+00
  1.2337520e+00 2.7279792e+00 1.3314978e+00 1.1508964e+01 2.4237981e+00
  1.2259026e+01 8.6312847e+00 4.9601359e+00 1.8981755e-01 1.2143716e+00
  2.8815551e+00 5.9472173e-01 9.8752528e-02 1.9200896e+00 1.9845235e-01
  4.1738701e+00 5.5024962e+00 0.0000000e+00 3.4086490e+00 2.3406925e+00
  8.5140336e-01 4.3764439e+00 4.4180875e+00 1.0584888e+00 6.4842606e+00
  1.0553911e+00 6.8159908e-01 3.1212536e-01 2.4891853e+00 0.0000000e+00
  1.4690413e+01 3.0575016e+00 9.6431851e-01 6.5426598e+00 1.0453470e+00
  1.9490711e-01 3.7957530e+00 2.2606142e+00 2.7102640e+00 6.7581666e-01
  1.4851412e+00 2.2463098e+00 6.6745396e+00 4.3230085e+00 1.8051739e+00
  5.3921962e-01 2.0124421e+00 3.2544692e+00 1.4372344e+00 5.4176936e+00
  4.3436420e+01 4.1488042e+00 5.8287563e+00 3.2399116e+00 2.7159688e+00
  2.0024281e+00 5.2164745e-01 7.8823441e-01 1.7167071e-01 3.7488841e-02
  5.6236774e-01 6.3641888e-01 4.8575023e-01 6.3120574e-01 5.0850348e+00
  1.3569191e+01 6.9112110e-01 1.1855791e+00 3.1248708e+00 0.0000000e+00
  4.2220907e+00 6.4748163e+00 2.1665740e+00 6.9001146e-02 1.5545030e+00
  2.1507246e+00 8.5441947e-01 2.6917500e+00 8.6096954e+00 4.3470812e+00
  3.3323100e-01 9.5239305e+00 4.8853998e+00 4.7786183e+00 5.6753087e-01
  5.1535449e+00 2.9123416e+00 1.8615235e-01 9.9429679e-01 8.4717280e-01
  1.7910696e+00 0.0000000e+00 1.3690700e-01 2.3861327e+00 5.1945961e-01
  1.1659460e+00 5.9635420e+00 6.2781835e-01 2.5038459e+00 1.1099972e+00
  5.1549923e-01 1.3744037e+00 3.0754584e-01 7.6508927e+00 1.8804274e-01
  7.8059597e+00 6.4680159e-01 0.0000000e+00 3.0605385e+00 9.4251680e+00
  0.0000000e+00 7.3565590e-01 2.5936613e+00 3.0133608e-01 0.0000000e+00
  4.5745635e+00 1.8296169e+00 1.7823943e-01 5.5444064e+00 7.3738001e-02
  1.8202773e+00 2.0894356e+00 1.9489931e-01 2.8438213e+00 4.2180872e+00
  3.0539043e+00 4.0986762e+00 3.7035146e+00 0.0000000e+00 1.1192528e+00
  3.2287333e+00 2.1416597e+00 9.2268658e-01 1.0856569e+00 2.2740753e-01
  5.0083389e+00 1.6931121e-01 2.7254062e+00 1.7086217e+00 2.8524702e+00
  9.1259581e-01 2.0071790e+00 6.2017708e+00 6.9326887e+00 4.7441816e+00
  0.0000000e+00 5.4017568e-01 3.6368590e-02 1.6306748e+00 0.0000000e+00
  2.1549914e+00 2.9243922e-01 3.3003478e+00 3.6158264e+01 5.6441021e+00
  2.2033565e+00 0.0000000e+00 2.1556625e+00 7.6257224e+00 5.3088579e+00
  9.8313314e-01 8.4955955e-01 5.7101679e+00 2.8827947e-01 2.6592436e-01
  7.7065855e-01 2.8765857e+00 2.7747173e+00 6.8705277e+00 2.4667358e-01
  2.5009291e+00 1.2661795e-01 3.3113344e+00 2.7941444e+00 2.2652378e+00
  0.0000000e+00 4.6344313e-01 3.2027924e+00 2.6581420e-02 1.5251330e-01
  5.2229943e+00 2.1826084e+00 1.5623125e+00 1.4426330e+00 1.0846233e+00
  4.9680457e+00 8.0426377e-01 1.8061886e+00 2.0795615e+00 8.8807878e+00
  3.2201111e-01 1.8688579e+00 3.5316139e-01 1.5972289e+00 1.1564434e+00
  3.3443947e+00 3.3697155e+00 2.2836397e+00 7.8523362e-01 1.5454929e+00
  1.7028717e+00 1.1274359e+00 3.0503838e+00 2.2394254e+00 5.3209931e-01
  1.8512946e+00 9.0650356e-01 1.5923674e+00 0.0000000e+00 4.6804495e+00
  1.9240864e-01 2.7547059e+00 1.6925243e+00 2.8026838e+00 1.3667245e+00
  1.3195927e+00 3.5741472e+00 4.3988042e+00 9.7608751e-01 5.8273040e-02
  0.0000000e+00 0.0000000e+00 1.8031087e+00 1.4327508e+00 1.8762604e+00
  8.0524244e+00 2.8410246e+00 3.0246899e+00 4.4914393e+00 4.0472567e-01
  3.5276380e+00 1.9897686e+00 4.2219191e+00 4.7939987e+00 7.0356693e+00
  5.4448360e-01 6.1272806e-01 1.3559774e+00 4.9405789e-01 1.6617085e+00
  3.3399877e-01 0.0000000e+00 0.0000000e+00 4.0654659e+00 5.1526666e-01
  6.4326925e+00 1.7941544e+00 5.4471369e+00 8.6292305e+00 3.1334033e+00
  1.3206214e+00 0.0000000e+00 1.9930304e+00 5.1254563e+00 0.0000000e+00
  1.0134885e+00 7.7995744e+00 2.4234013e-01 2.2745697e-02 3.8013539e+00
  1.1957034e+01 6.3387938e+00 1.2794194e+01 3.9498150e+00 3.8827219e+00
  1.8631960e-01 4.7764268e+00 1.3809870e+00 4.6176572e+00 4.1761994e+00
  4.8930031e-01 5.1827393e-02 3.1767008e+00 4.4625282e+00 7.7647109e+00
  1.5026315e+00 4.8341031e+00 1.9381145e+00 0.0000000e+00 2.7851198e-02
  3.2576334e-01 2.1505396e+00 1.2327740e+01 1.1252064e+00 4.5395403e+00
  3.1848655e+00 6.6483563e-01 8.7208325e-01 9.6325982e-01 9.8479670e-01
  1.1965832e+00 1.9493850e+00 4.1259927e-01 7.1928716e-01 6.1683249e+00
  3.8282183e-01 1.8171240e+00 9.7136278e+00 1.1459459e+00 2.2192829e+00
  3.8961537e+00 4.0773387e+00 6.1078730e+00 1.6401240e+00 5.9895468e+00
  6.7052019e-01 1.6484756e+00 3.4511897e-01 5.8388692e-01 0.0000000e+00
  2.1721535e+00 1.4979025e+00 4.6840062e+00 1.2271323e+00 7.9023900e+00
  1.2442362e+00 3.6718855e+00 2.9943993e+00 7.7755985e+00 2.4317923e+00
  1.5698452e+00 4.0460463e+00 0.0000000e+00 3.0029788e+00 5.3873515e+00
  4.5394650e+00 3.9401014e+00 3.3764007e+00 1.8823379e+00 1.0610405e+00
  3.6799550e-02 1.9135879e+00 1.2486556e+00 1.8460438e+00 2.7960854e+00
  4.0275803e-01 8.6485493e-01 2.1782367e+00 0.0000000e+00 5.8188528e-02
  1.5887165e+01 3.4302056e-02 2.4227505e+00 2.5143507e+00 2.1338754e+00
  8.9470249e-01 4.3071632e+00 1.8143764e+00 1.3422576e-01 1.2742217e+01
  1.7171235e+00 4.8560360e-01 2.6846366e+00 5.9757102e-01 8.4728355e+00
  7.4178714e-01 1.6793045e+00 3.6908958e+00 6.0941691e+00 5.0392675e+00
  1.8412765e+00 1.0765587e-02 1.9235724e-01 9.3413669e-01 7.2830224e+00
  9.0546745e-01 2.7865527e+00 0.0000000e+00 7.9008484e-01 6.5252385e+00
  3.4026489e+00 2.6694274e+00 1.3383168e-01 1.8174958e+00 0.0000000e+00
  1.6109101e+00 8.5642189e-02 1.7453032e+00 4.1163568e+00 1.1070949e+00
  1.9854758e+00 1.9115086e+00 6.3329349e+00 2.0954940e+00 6.5273623e+00
  7.3270905e-01 0.0000000e+00 2.0379160e-01 1.0301431e+00 1.2465783e+00
  2.7878869e+00 4.8725681e+00 0.0000000e+00 3.5273498e-01 3.6682127e+00
  2.9782154e-02 1.7871933e+00 8.8687789e-01 1.0410546e+00 1.2186896e+00
  4.0069900e+00 4.3759629e-01 1.4000649e+00 2.6123118e+00 2.4828460e+00
  3.0107409e-02 1.4102771e+00 5.4058800e+00 7.2447324e+00 3.2909782e+00
  4.6518594e-01 1.7473631e+00 1.4844312e+01 7.1688108e+00 8.4785789e-02
  4.6049795e-01 2.0390568e+00 4.5188112e+00 1.1142149e+00 6.4455783e-01
  2.9178312e+00 0.0000000e+00 7.1910632e-01 1.2336538e+00 1.0741575e-01
  1.8783605e+00 4.8077569e+00 2.6084626e+00 5.3633648e-01 0.0000000e+00
  2.6192796e+00 3.1155183e+00 3.4942226e+00 4.8831978e+00 4.2951331e+00
  8.1384122e-01 1.1689746e+01 5.3430514e+00 3.2317302e-01 5.1670070e+00
  2.8397140e-01 3.3386362e-01 1.1419828e+00 3.6286101e+00 0.0000000e+00
  1.6213187e+00 0.0000000e+00 3.7970963e-01 4.4411736e+00 3.6942291e-01
  3.4627737e-03 4.2705703e-01 1.5806284e+00 1.1307735e+01 0.0000000e+00
  1.1616329e+00 2.5731306e+00 2.8598294e+00 5.7781019e+00 3.2754445e+00
  1.2584963e+00 4.9916664e-01 1.4485397e+00 5.7601744e-01 2.8634558e-02
  4.5148463e+00 4.8380947e+00 4.4133323e-03 1.1069510e-01 1.1489620e-01
  2.6422899e+00 8.8869104e+00 1.2320683e+00 1.2002575e+00 1.9655830e+00
  3.2154288e+00 5.4176984e+00 5.8387151e+00 1.4278533e+00 1.0698539e+00
  1.3560438e+01 4.5859995e-01 0.0000000e+00 6.7183514e+00 3.6583040e+00
  0.0000000e+00 4.8246942e+00 3.2655041e+00 2.5914690e-01 1.5454644e+00
  2.4954302e+00 2.1354334e+00]]