[[3.95594358e-01 1.23049355e+00 6.64282274e+00 1.02075815e+00
  5.47435820e-01 7.84644604e-01 3.99998403e+00 7.78375566e-02
  1.02164066e+00 1.62713325e+00 3.79759502e+00 3.60499477e+00
  6.63408861e-02 3.50708079e+00 1.75391805e+00 4.37325096e+00
  1.35660398e+00 1.08691397e+01 5.55543280e+00 2.17960715e+00
  1.68575180e+00 2.28765845e+00 2.85075694e-01 0.00000000e+00
  1.41410375e+00 0.00000000e+00 0.00000000e+00 6.18837811e-02
  4.98637009e+00 0.00000000e+00 4.11996651e+00 5.71777534e+00
  9.88929644e-02 3.33074856e+00 1.50217390e+00 0.00000000e+00
  2.54804473e-02 0.00000000e+00 1.14268808e+01 3.45861733e-01
  2.29714322e+00 1.53156233e+00 2.09712148e+00 3.60317087e+00
  0.00000000e+00 1.96462643e+00 5.61272955e+00 1.97788179e+00
  3.46056843e+00 3.97786349e-01 1.39771581e+00 2.05624580e+00
  7.41217136e-01 3.19708884e-02 4.77114630e+00 4.44723272e+00
  1.22300220e+00 4.79910278e+00 1.62647981e-02 8.32962990e-01
  7.48283267e-02 1.20063818e+00 2.77108932e+00 2.78036165e+00
  1.84270561e+00 2.39006424e+00 1.67516008e-01 1.21786082e+00
  1.70082664e+00 1.02009380e+00 7.04397142e-01 1.33218423e-01
  0.00000000e+00 8.18314266e+00 4.00316381e+00 7.92739272e-01
  4.37822104e+00 3.22800986e-02 2.10580730e+00 5.04888439e+00
  5.07474422e+00 3.57421851e+00 7.23554468e+00 7.45965147e+00
  4.30310202e+00 6.02834082e+00 2.78590508e-02 2.15600058e-01
  7.02470255e+00 2.38285398e+00 6.12838602e+00 9.87894726e+00
  7.64385223e-01 1.19713821e+01 6.98521376e-01 3.05833340e-01
  2.35755634e+00 2.04596615e+00 1.66959119e+00 3.78375006e+00
  5.16617060e+00 2.26526409e-01 1.05500240e+01 4.55313587e+00
  1.17467605e-01 0.00000000e+00 1.44656941e-01 2.72140861e-01
  7.44228363e+00 3.60734224e+00 2.30502295e+00 4.79448348e-01
  5.20981252e-01 2.42189229e-01 1.72412205e+00 1.34953403e+00
  4.10346508e+00 0.00000000e+00 1.20070028e+00 1.82728684e+00
  1.09824336e+00 0.00000000e+00 1.21586800e+00 8.59850287e-01
  0.00000000e+00 5.91757679e+00 1.82042170e+00 4.00701046e+00
  1.66980076e+00 8.92951775e+00 1.05644572e+00 5.93042469e+00
  3.39082003e+00 3.81004643e+00 2.78275990e+00 1.32268417e+00
  8.88302699e-02 4.13777542e+00 1.54193783e+00 1.72991586e+00
  0.00000000e+00 1.59098363e+00 7.07015324e+00 3.21508503e+00
  5.46681976e+00 5.38224578e-01 4.42758989e+00 3.79458927e-02
  8.87681007e+00 1.62216532e+00 8.50370347e-01 1.61359167e+00
  3.77018356e+00 0.00000000e+00 6.07315600e-01 3.37917376e+00
  1.76447141e+00 7.79006720e-01 2.85495591e+00 3.33668768e-01
  1.40763128e+00 6.32489777e+00 1.96698403e+00 1.03826869e+00
  3.76921201e+00 3.63550115e+00 2.41227642e-01 1.53969896e+00
  2.75244474e-01 2.17688751e+00 1.53834450e+00 1.29658412e-02
  1.28445339e+01 3.25427890e-01 4.74695414e-01 1.73434162e+00
  5.77803612e+00 3.56501579e+00 7.82377243e+00 4.65116292e-01
  2.74257684e+00 1.10793293e+00 1.43684542e+00 1.19777763e+00
  1.94030832e-02 4.62077498e-01 8.21071804e-01 1.39395177e-01
  2.34107590e+00 1.55915337e+01 2.15354770e-01 2.92062068e+00
  5.21825647e+00 5.06540155e+00 5.28874111e+00 2.00680792e-01
  5.78608394e-01 0.00000000e+00 4.24771166e+00 8.02055740e+00
  4.28455162e+00 3.74877393e-01 7.82417822e+00 9.56047833e-01
  3.68233562e+00 5.27436972e-01 1.55999646e-01 1.35001922e+00
  1.39062452e+00 8.08001041e+00 1.23176682e+00 2.31059551e+00
  4.57664728e-01 4.61073577e-01 7.53541291e-01 0.00000000e+00
  0.00000000e+00 3.52685237e+00 2.26426291e+00 2.82871366e+00
  4.67318583e+00 4.76881552e+00 1.08040934e+01 7.35927746e-02
  1.17158556e+01 1.77817369e+00 7.03561306e-01 6.65351272e-01
  1.40039215e+01 5.64760029e-01 2.39421105e+00 1.17326513e-01
  5.02766037e+00 3.02681386e-01 1.41146040e+00 1.64249885e+00
  6.04727507e+00 3.65320611e+00 2.71301389e+00 5.50639868e+00
  1.14209068e+00 5.27487040e+00 7.05990171e+00 1.36752284e+00
  1.57870579e+00 7.02882099e+00 5.89780283e+00 1.30704081e+00
  3.03381824e+00 3.68891001e-01 1.07179606e+00 3.46521497e-01
  2.78592825e+00 1.91707158e+00 1.49650586e+00 1.19020537e-01
  2.41148901e+00 2.71153283e+00 4.63884640e+00 2.71171975e+00
  3.31858897e+00 0.00000000e+00 5.74868806e-02 2.63131785e+00
  5.66141176e+00 4.87901354e+00 2.09368086e+00 6.38128877e-01
  2.38510776e+00 3.92245352e-01 2.39479804e+00 1.45745277e+00
  1.50551307e+00 1.87094593e+00 3.47634077e-01 9.82768714e-01
  5.59094906e+00 8.66453528e-01 1.38057697e+00 1.69135940e+00
  4.16847610e+00 2.39115193e-01 1.88968289e+00 1.27205729e+00
  4.30027151e+00 3.71835709e-01 5.55938292e+00 3.10797960e-01
  6.82021475e+00 4.87958288e+00 1.37689972e+00 1.64662838e+00
  5.43001699e+00 1.87815392e+00 3.68953466e+00 1.13174355e+00
  1.47329104e+00 1.72973239e+00 2.36794019e+00 2.33961773e+00
  2.50119519e+00 2.63516831e+00 3.31991053e+00 2.57191181e-01
  8.29418719e-01 6.71068573e+00 1.47964449e+01 8.88786077e-01
  2.87374759e+00 6.33989477e+00 6.29909694e-01 9.80577660e+00
  6.57349396e+00 0.00000000e+00 1.38321292e+00 4.21654129e+00
  4.04238749e+00 1.83021688e+00 6.95709646e-01 1.62801296e-02
  5.11149168e-01 6.60010040e-01 4.70915794e+00 7.62121618e-01
  2.79163909e+00 1.13944483e+00 1.16498251e+01 3.79173565e+00
  4.98229933e+00 1.11268115e+00 2.12346762e-01 3.36517715e+00
  3.77266467e-01 1.56133592e+00 1.93427241e+00 2.85456967e+00
  1.27002776e-01 5.57471037e+00 3.41967869e+00 3.89466214e+00
  3.06274390e+00 0.00000000e+00 1.94571471e+00 2.13822293e+00
  1.83085501e-02 1.88459754e-01 3.08697224e+00 2.05097389e+00
  5.85874081e+00 3.64403367e+00 4.62419540e-01 1.26632428e+00
  6.43460512e+00 4.40221936e-01 9.69364226e-01 5.14311135e-01
  3.74120511e-02 4.55871916e+00 4.29477501e+00 3.47696662e+00
  9.00636864e+00 2.29554534e+00 0.00000000e+00 9.52383518e-01
  6.67307711e+00 1.25250912e+00 5.00422335e+00 6.19716942e-01
  7.60675490e-01 1.05127659e+01 1.99003533e-01 0.00000000e+00
  8.15290833e+00 3.55244732e+00 9.46247935e-01 3.33703852e+00
  8.50252509e-02 6.21010661e-01 3.56004047e+00 5.57993841e+00
  4.63977385e+00 1.71019802e+01 1.25427151e+00 5.52432239e-01
  1.73722482e+00 4.23092663e-01 1.72381306e+00 1.26622453e-01
  2.19248128e+00 0.00000000e+00 6.29951000e+00 1.28434134e+00
  1.39746404e+00 2.52792883e+00 2.83742189e+00 3.31680208e-01
  2.59988523e+00 7.52830327e-01 1.12770486e+00 3.65243530e+00
  1.75045776e+00 6.18956232e+00 0.00000000e+00 8.28917313e+00
  2.39346147e+00 3.07816654e-01 5.79723775e-01 8.27079105e+00
  2.95358157e+00 6.44499362e-01 6.37063932e+00 3.78848696e+00
  6.97698307e+00 1.23553824e+00 2.16699854e-01 0.00000000e+00
  3.05636311e+00 4.13147449e+00 6.22786522e-01 1.56195626e-01
  2.03753114e-01 1.40001225e+00 2.39544320e+00 5.75403595e+00
  3.63072443e+00 2.68222737e+00 5.76712894e+00 6.40028179e-01
  0.00000000e+00 4.26276827e+00 7.73833632e-01 1.14824259e+00
  2.48565650e+00 4.57243586e+00 6.18139565e-01 1.78046718e-01
  3.68643022e+00 0.00000000e+00 1.00268416e-01 8.01262856e-01
  8.45617503e-02 1.20606112e+00 1.00209379e+00 3.09012079e+00
  8.82901549e-01 3.21858931e+00 2.32606202e-01 6.58087492e-01
  3.37034988e+00 1.25318736e-01 5.37367010e+00 2.67124557e+00
  4.53485346e+00 1.57665133e+00 4.00446224e+00 3.68211508e-01
  3.53722662e-01 1.64693332e+00 4.17789936e+00 4.26139259e+00
  3.76296155e-02 4.84938526e+00 2.43599892e+00 5.00665307e-01
  5.80294490e-01 1.36447828e-02 9.54581797e-01 4.43049610e-01
  3.65526128e+00 5.69532335e-01 1.79296482e+00 6.96594238e+00
  3.08805513e+00 2.19240093e+00 2.70889435e+01 3.46052957e+00
  0.00000000e+00 7.81907201e-01 5.78642225e+00 5.21582961e-01
  5.14713001e+00 1.83014202e+00 4.30742550e+00 1.32449293e+01
  2.51850700e+00 2.04795673e-02 6.75313473e-01 8.13888371e-01
  5.27778101e+00 4.53046501e-01 1.45924795e+00 6.54179764e+00
  5.42341918e-02 6.09933901e+00 2.82456684e+00 2.16657057e-01
  4.70222048e-02 1.14130604e+00 4.28278065e+00 1.44094598e+00
  7.42178857e-01 5.25926054e-01 1.91995203e+00 3.33527327e+00
  1.36736870e+00 4.64383698e+00 3.42414212e+00 4.10918522e+00
  5.52836299e-01 1.70318818e+00 8.14898777e+00 0.00000000e+00]]