[[2.48661113e+00 9.57714990e-02 3.15239048e+00 0.00000000e+00
  1.69161427e+00 2.83734703e+00 4.88820934e+00 6.10797048e-01
  2.64618206e+00 1.85680576e-02 2.70026135e+00 1.04911208e+00
  2.79124618e+00 8.82431412e+00 1.27973437e-01 2.03186202e+00
  7.24278331e-01 1.87858511e-02 0.00000000e+00 2.54173517e+00
  1.08290493e+00 1.52133554e-01 2.50157118e+00 1.23414679e+01
  6.93579137e-01 1.47590899e+00 3.06423157e-01 1.71485806e+00
  3.64878106e+00 5.89651942e-01 3.43548954e-01 5.42828679e-01
  1.46407461e+00 4.35266972e-01 0.00000000e+00 6.49145067e-01
  2.44826579e+00 9.37335044e-02 5.38851500e+00 8.51047039e+00
  3.54147577e+00 3.11869407e+00 2.46106577e+00 1.79425609e+00
  6.12074196e-01 1.48619807e+00 6.13427591e+00 4.57121515e+00
  3.64840364e+00 3.23621917e+00 9.60508227e-01 3.40421009e+00
  1.20744371e+00 1.57571244e+00 2.51431990e+00 2.77682304e+00
  1.58380544e+00 7.64177704e+00 1.59228981e+00 5.18822908e+00
  1.74831808e+00 2.31129932e+00 1.24571857e+01 4.64808512e+00
  1.67894125e+00 7.25936556e+00 0.00000000e+00 0.00000000e+00
  1.12327719e+01 4.53322500e-01 1.31748152e+00 1.17754364e+00
  2.72478151e+00 8.53842926e+00 7.07892299e-01 2.23666334e+00
  2.89939880e+00 1.11559319e+00 3.52384782e+00 3.49224353e+00
  1.04715385e-01 8.65019262e-01 4.72654486e+00 9.91023242e-01
  2.98714519e+00 3.99736905e+00 4.03693616e-01 1.26547062e+00
  2.98046803e+00 9.32322919e-01 5.74873495e+00 6.02571070e-01
  9.50219989e-01 5.89566410e-01 6.44322681e+00 6.71346784e-01
  1.98818350e+00 5.13241112e-01 6.46703422e-01 1.63555584e+01
  1.27193892e+00 4.32332468e+00 6.60095644e+00 3.10191679e+00
  4.27290821e+00 4.59523487e+00 2.59194453e-03 4.56532277e-02
  2.86563444e+00 8.61654639e-01 5.37676048e+00 1.66184032e+00
  5.01389027e-01 4.60308075e-01 8.91940117e-01 0.00000000e+00
  6.64064693e+00 5.83171368e-01 0.00000000e+00 1.57358742e+00
  2.05621934e+00 0.00000000e+00 0.00000000e+00 4.48087978e+00
  2.27395964e+00 2.46400881e+00 9.95557368e-01 5.36999941e-01
  6.58838689e-01 1.11232758e+01 4.74325228e+00 6.04976654e-01
  5.55618715e+00 2.15427995e+00 5.96515238e-01 4.66954184e+00
  2.44816709e+00 4.77558374e+00 4.57844496e+00 7.12145194e-02
  5.50522661e+00 4.54641199e+00 1.12841904e+00 2.09947824e+00
  1.51379430e+00 2.56467015e-01 2.93410945e+00 3.20266604e-01
  6.61682561e-02 2.92554283e+00 0.00000000e+00 5.02264690e+00
  1.29103959e+00 3.08830905e+00 2.30992675e+00 2.48728037e+00
  4.44347477e+00 4.09467745e+00 2.74532461e+00 4.53592730e+00
  4.20897341e+00 4.57722855e+00 3.11415195e+00 1.79934072e+00
  3.50819302e+00 3.36968660e+00 1.34304130e+00 6.87738800e+00
  2.37879738e-01 2.73201871e+00 1.75667882e+00 1.77100182e+00
  1.67352891e+00 4.03834200e+00 1.12634033e-01 3.66971940e-01
  1.35284424e+00 1.52616322e+00 1.50494742e+00 1.40183043e+00
  2.78940630e+00 1.61236370e+00 3.28777671e+00 0.00000000e+00
  4.43948174e+00 9.35360909e-01 4.36772633e+00 1.75345987e-01
  2.88964529e-02 1.93103337e+00 6.80211258e+00 0.00000000e+00
  9.53391120e-02 3.16676712e+00 1.32544899e+00 1.83835399e+00
  3.40758157e+00 7.52909708e+00 3.58426154e-01 1.81202042e+00
  1.86310637e+00 5.86364412e+00 4.72972298e+00 4.55713123e-01
  1.11624422e+01 7.62305260e-01 6.96997046e-01 5.74467134e+00
  2.18911910e+00 4.16840345e-01 0.00000000e+00 1.84435475e+00
  7.09906101e-01 1.00513136e+00 4.63099813e+00 1.12345469e+00
  2.87492037e-01 0.00000000e+00 2.34815097e+00 2.16958284e+00
  0.00000000e+00 3.28080988e+00 4.09942198e+00 7.00535917e+00
  5.20020187e-01 4.96647692e+00 1.06445658e+00 4.56690025e+00
  3.80042493e-01 1.05253629e-01 6.09845209e+00 7.61548936e-01
  8.72332096e+00 6.38262868e-01 8.52826759e-02 7.75460243e-01
  3.45135570e+00 6.85471630e+00 4.68433475e+00 4.01234055e+00
  5.79942560e+00 3.70171994e-01 6.90563011e+00 5.84858465e+00
  1.70053363e+00 3.20432872e-01 9.34460831e+00 8.23819542e+00
  3.68545961e+00 3.88492632e+00 2.77927947e+00 0.00000000e+00
  0.00000000e+00 9.91481483e-01 5.55698752e-01 0.00000000e+00
  5.63691854e+00 2.99370146e+00 6.54948592e-01 4.17103440e-01
  5.93062067e+00 3.62284362e-01 7.34759378e+00 1.57377577e+00
  8.29423785e-01 5.91157854e-01 2.04902029e+00 1.44649923e+00
  4.55100346e+00 8.06837738e-01 2.17748141e+00 0.00000000e+00
  3.12395120e+00 2.14028001e+00 2.44106436e+00 1.43366539e+00
  1.48712063e+00 1.38118237e-01 0.00000000e+00 1.37163603e+00
  3.59665751e+00 3.76437688e+00 6.81056690e+00 3.92298788e-01
  7.81296551e-01 1.54478192e-01 7.14429140e+00 2.95469904e+00
  4.41010857e+00 1.83719528e+00 2.68091059e+00 4.33002567e+00
  1.18134558e-01 0.00000000e+00 2.18540573e+00 1.41730347e+01
  5.80521107e-01 5.41456699e+00 5.64770079e+00 2.41773993e-01
  4.59929466e+00 1.56840312e+00 6.04372263e-01 5.52979708e-01
  3.10172749e+00 1.55155063e+00 6.51634979e+00 1.21209657e+00
  3.03472257e+00 1.81514144e+00 4.33015585e+00 4.87209320e+00
  1.01462758e+00 2.43061709e+00 3.29084694e-01 2.89983821e+00
  8.16275406e+00 9.42137337e+00 2.78122330e+00 2.04183813e-02
  1.83536530e+00 2.04711437e+00 3.47535634e+00 2.60108304e+00
  2.29215884e+00 8.62332642e-01 4.75410128e+00 3.81850958e+00
  3.04764605e+00 3.85091566e-02 2.93100178e-01 1.73485565e+00
  2.24540544e+00 2.96841598e+00 6.31420422e+00 6.27449560e+00
  4.82756615e+00 5.74376154e+00 2.19608641e+00 2.06642461e+00
  1.00403471e+01 1.43667901e+00 2.26864600e+00 1.30345035e+00
  4.17297244e-01 1.49006081e+00 1.56501973e+00 1.08853209e+00
  3.68154097e+00 5.58242679e-01 1.52337146e+00 4.60690945e-01
  0.00000000e+00 5.50481939e+00 4.97683078e-01 1.71140842e-02
  4.01102972e+00 1.33905125e+01 5.25957251e+00 2.20832944e+00
  3.80898309e+00 2.16708660e+00 8.28944147e-01 6.62904501e+00
  3.11061215e+00 4.29516697e+00 8.68127537e+00 1.27063286e+00
  6.22588813e-01 0.00000000e+00 3.14580917e+00 4.90613699e+00
  0.00000000e+00 4.32499275e-02 6.71171248e-01 1.47585309e+00
  1.00300670e-01 2.42202616e+00 2.30463609e-01 6.29437399e+00
  7.58108759e+00 3.69703150e+00 9.85485852e-01 3.92043662e+00
  2.97499609e+00 7.85845965e-02 1.63579822e+00 7.70777345e-01
  1.29916263e+00 4.62040663e+00 1.90318733e-01 6.60475874e+00
  4.53413248e+00 1.83458471e+00 6.69514954e-01 5.76144040e-01
  2.91666269e+00 3.36588931e+00 1.44186342e+00 1.87035120e+00
  2.08020663e+00 2.01675534e+00 7.79201221e+00 6.13068247e+00
  5.96267462e+00 9.37966108e-02 4.15963143e-01 3.45219803e+00
  5.15686131e+00 2.46261284e-02 2.40765405e+00 1.77179992e-01
  0.00000000e+00 1.17482162e+00 3.08400750e+00 1.05256748e+00
  0.00000000e+00 1.34220541e+00 2.67925715e+00 7.33493805e-01
  1.44373775e+00 1.75564691e-01 1.36303055e+00 5.95090032e-01
  6.01904988e-01 1.75583839e+00 8.98256397e+00 7.01343203e+00
  7.49498320e+00 2.81021023e+00 6.44842768e+00 7.66885877e-01
  5.48301220e+00 8.30331922e-01 6.81206733e-02 6.95506430e+00
  2.79515171e+00 4.57122946e+00 4.39848989e-01 0.00000000e+00
  1.48462737e+00 0.00000000e+00 2.19743228e+00 3.62303805e+00
  3.71873951e+00 9.47857201e-01 4.31081820e+00 1.15145957e+00
  2.61252236e+00 1.31458700e+00 3.10575306e-01 2.85964155e+00
  3.58485985e+00 2.35878587e+00 3.54008198e+00 7.17351615e-01
  2.69238281e+00 4.23543406e+00 7.41857469e-01 2.51363659e+00
  5.50180793e-01 2.85762954e+00 4.53248549e+00 4.32324648e-01
  0.00000000e+00 4.81462336e+00 3.00527358e+00 5.05936444e-01
  9.63798523e+00 5.11242151e-01 4.61180210e-01 1.31311071e+00
  3.78843904e+00 6.43540573e+00 9.54183459e-01 4.36265087e+00
  0.00000000e+00 1.04052031e+00 3.27819347e+00 1.39029014e+00
  6.55029869e+00 1.26442254e+00 4.95297492e-01 8.78785706e+00
  3.12728977e+00 0.00000000e+00 3.83866978e+00 7.91153014e-01
  1.69945216e+00 0.00000000e+00 2.79991221e+00 1.46889997e+00
  3.19625020e+00 2.01993084e+00 2.20134711e+00 4.61800814e+00
  1.18365276e+00 1.18101060e+00 4.63230610e+00 1.26086318e+00
  2.79032373e+00 4.49681729e-01 1.58696425e+00 7.00042486e-01
  1.70052218e+00 4.95708035e-03 6.60787153e+00 1.21364307e+00
  1.29795444e+00 1.06440258e+00 9.50656116e-01 1.91822922e+00]]