[[ 1.3155639   2.8315725   3.7621095   0.35091057  6.2948217   2.1951056
   7.6150804   0.3048445   1.5739264   1.6742735   6.0287013   1.3677077
   0.9895957   3.9146776   0.          2.2518399   0.7030004   0.5080281
   0.19016108  3.6228464   1.2699178   5.9945936   4.876402    5.0387206
   1.4038097   5.1158066   1.941008    0.          3.9992383   1.6445998
   1.321352    0.02557112  0.10162665  4.3734307   1.6186953   0.40779683
   3.3048      0.17895097  2.31826     3.7435296   0.8177484   2.6234648
   2.6983032   0.54605454  1.4151801   2.017678    1.8844857   1.1318274
   7.2105646   0.95666105  0.24373543  4.9937263   0.37841812  2.3567722
   3.3871086   2.2327688   4.8503137   4.985662    1.5149928   0.95692974
   0.13750246  1.6753185   8.636812    4.1347704   0.91436845  0.584134
   0.6602456   3.4091296   9.852356    4.049076    0.6417691   2.2567809
   3.0034878   7.5558376   1.0485152   1.8372189   3.4355028   0.
   2.8920555   1.1816516   0.          2.5286465   3.8105805   0.10358636
   4.439885    4.2623267   0.52622175  0.34526256  0.4407134   0.
   1.3790706   0.          0.89290875  0.7961958   3.1038694   4.079451
   1.1381875   2.1989667   0.34800643  7.369251    0.35859346  3.0041785
  10.187294    3.4203444   2.6944156   9.129455    0.26395342  3.924894
   2.1568048   1.1461625   0.95826674  1.8415676   0.          0.7349834
   3.3613646   1.1118982   4.363737    2.6625183   0.07465858  1.8229172
   2.2397997   0.12684137  0.          4.851376    0.94559276  0.52696085
   1.7308104   0.76134676  0.          4.8366404   1.0736449   0.05050758
   5.254228    1.9225494   2.2641613   6.6219225   0.8689553   3.8163047
   6.415269    0.9264384   7.542011    3.106055    0.87275463  4.349677
   0.          0.5071409   5.192254    1.3818837   0.7181292   0.45380986
   0.66969675  3.0035722   0.42490938  4.479516    8.512463    2.6134026
   0.5240529   5.8148623   3.1784465   0.35176393  5.293721    0.06283444
   0.3803699   2.9526641   4.3591237   3.4887187   1.5948929   3.9323812
   0.          0.4958954   1.9183843   6.9446588   3.4934561   0.30215928
   0.2053234   0.6105897   6.2063646   5.4196067   9.945136    1.9096174
   1.8601351   0.684086    3.4202616   0.38447103  0.8022721   3.7938962
   0.7113879   0.26235032  5.088826    1.2509539   0.3672497   0.5650119
   1.243494    5.847343    1.51295     0.10075407  2.1619434   4.8254175
   1.3570896   4.328763    0.57443494  6.1047764  12.576968    0.7647926
  11.201059    1.2269658   1.1014436   5.1466002   2.7919374   5.8695164
   0.452957    0.6345943   0.02818424  1.9297719   5.8131514   0.
   0.          0.          2.4919922   0.8525653   0.91947955  4.969196
   3.1962066   2.8100364   1.4003184   9.261014    0.23059922  2.2603219
   1.8031396   3.499605    2.0464742   2.7954724   0.04223064  0.51784956
   1.7887869   5.308224    1.8684478   5.431219    6.3897343   3.5658553
   1.5307794   0.2638163   5.7797136   5.1569138   2.4066424   4.0429153
   5.314876    2.218341    3.2910163   2.2881062   0.538923    1.0699816
   0.          7.460235    0.24789041  0.301728    4.393149    0.17262274
   3.785959    2.3403094   8.77093     2.0890555   3.357841    1.3484213
   6.876681    0.          2.7808065   3.522864    4.661297    5.7226644
   6.4336095   1.9362102   4.5668178   4.5353417   0.2809793   0.20553169
   1.4070992   1.3528448   0.          1.1189445   2.3996437   1.2301115
   1.366182    0.          2.5432334   0.24938023  4.0988193   3.5438497
   2.6125062   5.4457116   4.4660597   0.40821543  4.593678    5.974984
   8.971312    5.898246    0.          1.987071    5.1252365   0.35946757
   0.5534829   2.4795349   3.071306    0.37991914  1.9466332   1.5148765
   8.703938    2.1024613   4.0982985   7.6185045   6.4366117   2.1601348
   2.0739937   5.680204    5.6630397   3.6742017  10.467051   11.565227
   4.410501    2.1820924   1.3662909   8.790036    9.661407    2.5235202
   1.1701517   0.03864939  2.9539585   3.365986    5.9767823   1.6755998
   1.5773335   0.7041364   1.0687587   0.          4.905695    8.484879
   4.1367197   2.101069    2.2393456   3.1984506  10.074913    0.6849176
   0.44315338  0.          2.6716237   1.6280996   1.0318403   0.42980546
   3.2101572   0.49137518  0.27692625  2.579076    0.          3.9866855
   0.53303826  2.1619022   1.1853468   3.3922944   8.328524    2.4030123
  14.973906    1.0080872   0.9909947   7.806394    3.0156717   0.7464829
   7.0158777   0.75728536  4.4083204   0.20322111  2.4658825   5.196334
   0.          0.05527032  0.23688458  3.648767    0.4095719   1.9491236
   0.2824617   2.181029    2.828585    3.0073476   0.68155956  3.9725614
   4.954846    1.3856759   1.9124532   0.          1.8598161   7.3095975
   0.32745263  2.5133176   4.8788514   3.0157833   3.9088776   0.
   3.1649926   7.6611447   2.8776727   0.2734496   6.030599    7.529063
  10.320071    7.620667    6.9670615   0.          0.          0.39351755
   9.636155    2.6134489   4.5084453   0.5093751   0.          0.
   2.0573473   2.394639    0.          1.074781    4.2339535   1.9725114
   1.4625036   0.5416035   2.1960635   2.1272604   2.7238638   1.511756
   6.619625    7.6042314   5.843662    7.780639    6.3638773   0.19040355
   9.364568    1.2865416   0.9630216   1.5328891   5.473252    1.3080257
   0.04466591  2.1924648   0.35329306  2.3967798   0.          4.1748176
   2.3267348   0.          3.8488238   1.8877621   6.430101    1.3428481
   0.3113094   0.34107047  2.6721578   4.368519    2.8943276   2.1404335
   2.18725     5.7010565   0.8226538   1.4915447   1.1146208   0.72137934
   3.9114034   0.8103854   0.          0.16632335  0.6100414   3.724904
   3.876306    3.9227715   1.2519592   0.          0.92486006  2.0048065
   0.11294451  2.8297448   0.1309414   5.068901    0.9696058   1.670371
   2.7795658   0.02770925  0.          7.0977535   2.7906587   2.7828264
   0.08450263  1.3706758   3.3078861   1.5772817   4.4538784   0.3348942
   1.1673691   0.18552996  2.2323403   1.0379794   0.          0.5684009
   5.350151    1.296629    4.834385    1.7482427   2.290692    0.29916012
   1.1018149   1.4090669   0.7130308   0.39171126  1.7448075   3.4563272
   1.7548616   7.632513  ]]