[[2.97588301e+00 4.75675631e+00 3.03038812e+00 2.10864830e+00
  1.11119676e+00 3.98794222e+00 2.03481317e+00 0.00000000e+00
  1.68552971e+00 9.76949096e-01 6.61828852e+00 1.12099850e+00
  1.42474985e+00 3.85017300e+00 0.00000000e+00 2.68283677e+00
  1.18997025e+00 1.44875240e+00 0.00000000e+00 4.02625370e+00
  1.34905890e-01 4.31082106e+00 3.37405419e+00 6.27581787e+00
  2.86124444e+00 5.45418644e+00 0.00000000e+00 7.60606050e-01
  4.86508036e+00 0.00000000e+00 1.83736718e+00 4.06883240e-01
  7.31401861e-01 1.69770622e+00 8.93934309e-01 5.95702291e-01
  1.75464475e+00 4.38908994e-01 5.70978451e+00 1.16492682e+01
  1.36990776e+01 3.77641416e+00 1.01006579e+00 4.94395351e+00
  4.59912792e-03 3.13021135e+00 6.97536421e+00 2.26876438e-01
  6.39023638e+00 3.06116676e+00 2.37567306e+00 2.39616537e+00
  1.92709827e+00 0.00000000e+00 5.94629574e+00 6.06418800e+00
  2.56321549e+00 1.67191732e+00 9.36053813e-01 1.52279198e+00
  8.11672151e-01 1.35291505e+00 8.95695972e+00 6.23587847e+00
  0.00000000e+00 1.49483180e+00 0.00000000e+00 1.75968456e+00
  6.39709711e+00 9.37100291e-01 2.86165977e+00 1.25571227e+00
  3.29963708e+00 4.90178347e+00 2.01239538e+00 2.56806922e+00
  9.54931915e-01 1.51459086e+00 3.39071751e+00 7.06505299e+00
  4.81648594e-02 1.98691905e+00 2.20119619e+00 2.35239911e+00
  7.41758633e+00 4.70246410e+00 1.00479019e+00 9.83102679e-01
  1.71394432e+00 5.88893592e-01 3.01340246e+00 0.00000000e+00
  2.06934595e+00 5.19558382e+00 7.76598549e+00 1.86271858e+00
  1.10083532e+00 1.32554436e+00 0.00000000e+00 7.76272249e+00
  3.14727575e-01 3.98866653e-01 8.33718300e+00 6.21584511e+00
  8.19514513e-01 1.92454898e+00 1.32829592e-01 0.00000000e+00
  2.40273499e+00 6.06260896e-01 1.71481654e-01 9.83306319e-02
  0.00000000e+00 7.02989474e-02 7.01838732e-01 9.30059016e-01
  1.41725082e+01 6.69101655e-01 0.00000000e+00 6.01061165e-01
  3.71494889e+00 0.00000000e+00 0.00000000e+00 1.11801100e+00
  1.15716946e+00 6.98442042e-01 7.11815059e-01 3.67388904e-01
  2.18073189e-01 1.26557789e+01 2.41203141e+00 5.95367730e-01
  2.64988422e+00 4.50132465e+00 2.42520046e+00 4.01240587e+00
  1.23511517e+00 9.21586609e+00 3.37056661e+00 0.00000000e+00
  7.52034092e+00 2.24265265e+00 5.87313712e-01 3.98289895e+00
  5.41330934e-01 0.00000000e+00 3.78664470e+00 7.19981432e-01
  3.38266277e+00 3.35454106e+00 2.52553392e-02 9.35919571e+00
  1.45543694e-01 2.31213760e+00 9.28120136e-01 5.06536293e+00
  3.23286831e-01 1.51960409e+00 1.33259392e+00 3.82195973e+00
  2.20090055e+00 4.70257282e+00 1.69102728e+00 3.41242814e+00
  2.31701684e+00 1.75729942e+00 5.73550701e-01 4.61835861e+00
  0.00000000e+00 3.24603033e+00 6.55125093e+00 3.11003947e+00
  5.11105871e+00 5.49164391e+00 1.13152468e+00 1.63799477e+00
  5.01635742e+00 3.52154112e+00 1.05299273e+01 2.50975776e+00
  1.08246851e+00 7.57036924e-01 6.12524843e+00 1.26538372e+00
  2.41056705e+00 1.43937922e+00 3.87422395e+00 1.53139055e-01
  1.40253091e+00 1.42450953e+00 5.37650108e+00 1.73669088e+00
  1.12147284e+00 1.37510328e+01 2.38681841e+00 5.66498399e-01
  2.47472715e+00 4.61011982e+00 5.75156450e+00 7.09269571e+00
  5.07043123e+00 9.79841590e-01 9.09050274e+00 1.38435972e+00
  4.93897533e+00 8.30919862e-01 3.01862812e+00 3.92259550e+00
  1.66740811e+00 1.24405279e+01 4.17986959e-01 5.03916927e-02
  2.92285562e-01 2.31349158e+00 8.22679710e+00 0.00000000e+00
  5.19341111e-01 4.94996786e-01 4.89613473e-01 4.47465390e-01
  2.54750043e-01 1.17015390e+01 3.26572061e+00 1.53708839e+00
  3.75405169e+00 3.88985205e+00 4.68293607e-01 3.74396396e+00
  7.07633793e-01 1.03253877e+00 4.40173674e+00 3.11652136e+00
  7.24662018e+00 6.61197662e-01 2.11591586e-01 6.31271422e-01
  4.68199301e+00 6.82622051e+00 1.21436853e+01 3.12753677e+00
  3.36604619e+00 4.95938253e+00 9.33232021e+00 5.89549208e+00
  7.33970881e-01 4.97991991e+00 2.54004502e+00 6.15186596e+00
  6.58998370e-01 9.74315882e-01 2.97537541e+00 1.36529773e-01
  0.00000000e+00 2.90245342e+00 3.88985920e+00 1.53440312e-01
  3.34834361e+00 3.16966921e-01 5.17532110e+00 1.21807182e+00
  2.98027563e+00 4.99458671e-01 6.49701309e+00 6.63453400e-01
  1.92380714e+00 1.75593245e+00 5.14776468e+00 1.27701104e+00
  4.90976334e+00 2.91813159e+00 4.47117472e+00 0.00000000e+00
  1.97817296e-01 1.45498002e+00 2.37839818e+00 1.21884561e+00
  5.81904554e+00 3.24373364e+00 2.60130584e-01 2.42793202e+00
  4.08846807e+00 4.17901421e+00 3.17621380e-01 1.73226559e+00
  3.37476110e+00 2.10008677e-02 8.79668617e+00 1.98158741e+00
  2.13341641e+00 7.72478390e+00 5.11907721e+00 4.20602036e+00
  1.16099906e+00 6.46055269e+00 3.35467720e+00 6.88234091e+00
  0.00000000e+00 1.52394247e+00 5.88785982e+00 0.00000000e+00
  3.10191584e+00 4.10754585e+00 4.77731657e+00 1.26087201e+00
  1.72470903e+00 2.65857315e+00 7.61780453e+00 7.12414563e-01
  2.24024725e+00 3.87036204e+00 6.81589985e+00 2.11226797e+00
  1.38889408e+00 6.57472801e+00 3.24177980e+00 2.03955054e+00
  6.59902143e+00 5.25376129e+00 4.79930735e+00 1.40687239e+00
  6.72321033e+00 7.16336632e+00 4.12248993e+00 1.48636103e+00
  1.50183678e+00 6.74540699e-01 4.27889442e+00 4.91724491e+00
  3.89356709e+00 1.70149922e-01 1.22347459e-01 1.64560080e-01
  1.17055386e-01 2.99550802e-01 1.30293787e+00 1.17205925e+01
  1.75352728e+00 2.77664280e+00 4.68550491e+00 1.96686995e+00
  9.67892170e+00 1.18548516e-02 1.48426020e+00 0.00000000e+00
  1.42833114e-01 1.85505760e+00 6.93183517e+00 6.27569497e-01
  3.48802185e+00 3.16051841e+00 3.48282009e-01 9.00832117e-01
  3.45626682e-01 3.97440100e+00 6.91656098e-02 3.25854325e+00
  1.02732432e+00 5.33688831e+00 5.66512905e-02 2.12029624e+00
  1.25193977e+01 2.06250906e+00 5.25893974e+00 7.13936424e+00
  6.04974174e+00 4.38335800e+00 3.53609729e+00 2.50276232e+00
  2.70367551e+00 1.50683224e+00 2.51541162e+00 4.50414228e+00
  0.00000000e+00 5.17185509e-01 1.56170952e+00 2.78587747e+00
  1.21499217e+00 2.81947881e-01 1.86957628e-01 2.78411627e+00
  1.09625397e+01 6.56034184e+00 3.74176741e+00 3.00421262e+00
  1.25234985e+00 1.71539927e+00 2.61531377e+00 1.27465144e-01
  3.29818654e+00 6.82975245e+00 2.21539974e+00 2.10647058e+00
  5.66348028e+00 2.71439934e+00 5.33386409e-01 1.13039231e+00
  3.05810380e+00 6.25017834e+00 6.48557091e+00 0.00000000e+00
  3.02388096e+00 7.16497993e+00 6.38373041e+00 4.61593056e+00
  9.07562447e+00 2.91554302e-01 3.88680011e-01 0.00000000e+00
  6.03582096e+00 2.15224361e+00 6.56938887e+00 1.65086174e+00
  1.97729039e+00 9.30371761e-01 5.57307363e-01 1.41440797e+00
  4.17333134e-02 6.99145555e-01 4.93925691e-01 2.17698589e-01
  2.79322714e-01 0.00000000e+00 7.22593009e-01 1.46903265e+00
  1.61986008e-01 3.42751169e+00 7.48163986e+00 4.04763460e+00
  4.14214849e+00 1.99278402e+00 7.69748116e+00 3.69178653e-02
  1.21423197e+00 3.44655991e+00 1.04940605e+00 4.10755920e+00
  4.13604879e+00 9.99508202e-01 4.07234490e-01 4.59265381e-01
  1.01231742e+00 3.09081435e+00 4.80922870e-03 1.28829212e+01
  9.11409473e+00 1.35710967e+00 2.21147966e+00 2.05157089e+00
  1.50787973e+00 3.28895640e+00 3.38354230e-01 3.06084704e+00
  6.07722855e+00 2.05571008e+00 6.97930098e+00 3.18095732e+00
  5.24171233e-01 8.87862980e-01 2.51313180e-01 1.01572914e+01
  0.00000000e+00 3.16167068e+00 6.77560043e+00 9.79880452e-01
  0.00000000e+00 2.46723676e+00 2.51899505e+00 2.29125097e-01
  7.55245590e+00 2.55240583e+00 0.00000000e+00 2.17405701e+00
  1.26817358e+00 4.65819359e+00 0.00000000e+00 1.91540968e+00
  4.13628012e-01 3.68843365e+00 1.85599422e+00 8.72026742e-01
  6.16002989e+00 5.13638783e+00 0.00000000e+00 9.05272961e+00
  3.30426860e+00 0.00000000e+00 6.72883034e-01 8.95056948e-02
  4.50693655e+00 6.52171075e-01 2.05642009e+00 8.12095940e-01
  2.33555627e+00 2.31688261e+00 7.88436937e+00 3.61141980e-01
  0.00000000e+00 3.99307162e-01 6.66129732e+00 7.31627822e-01
  5.31834698e+00 1.70227337e+00 1.49279058e+00 1.21255350e+00
  4.08695340e-01 1.56327367e-01 2.11821365e+00 1.70774829e+00
  1.25931132e+00 9.15671229e-01 1.86091959e+00 7.02815294e-01]]