[[5.3537636e+00 1.2078190e+00 5.4447527e+00 9.9482745e-01 8.8118601e+00
  1.2850604e+00 3.8294497e+00 3.0967815e+00 3.0933602e+00 3.0028212e+00
  4.8776550e+00 1.3677139e+00 1.8758982e+00 2.5820973e+00 2.9851437e-01
  2.9490152e-01 2.1719836e-01 1.1635706e+00 2.4518712e-01 4.8785162e+00
  5.0995731e-01 3.5237741e+00 8.0472937e+00 1.2643391e+01 2.3637285e+00
  7.5474042e-01 2.0769753e+00 2.5203586e+00 3.0519278e+00 5.5878246e-01
  5.3249893e+00 1.0867960e+00 1.0565894e+00 1.2562510e+00 1.0073910e+00
  1.2272196e-01 5.7785207e-01 1.3546650e-01 2.0392594e+00 1.4756329e+01
  3.2342343e+00 8.7529469e+00 1.9734380e+00 2.9194133e+00 0.0000000e+00
  1.2383158e+00 8.2073030e+00 4.7584939e-01 8.4637947e+00 7.3714191e-01
  1.5150203e+00 2.8523364e+00 1.1632817e+00 1.8675965e+00 4.6067405e+00
  6.5215435e+00 8.6368055e+00 2.3189638e+00 5.7669277e+00 3.5762665e+00
  2.5112922e+00 5.7825603e+00 1.1532108e+01 8.8489771e+00 6.8643421e-01
  4.4973316e+00 0.0000000e+00 9.0009648e-01 1.0064332e+01 1.9125472e+00
  7.3956709e+00 7.7865934e-01 7.5073299e+00 9.9287806e+00 9.4432831e-01
  3.8539174e+00 3.8962812e+00 2.7362516e+00 3.6069064e+00 3.1789722e+00
  5.1616855e-02 3.3439269e+00 9.3572015e-01 8.3948261e-01 1.1525205e+01
  5.0566082e+00 1.2089068e+00 7.8698838e-01 2.1085043e+00 2.6918676e-01
  1.2742875e+00 8.0671227e-01 1.1252018e+00 4.4596653e+00 8.0178862e+00
  7.9814953e-01 1.4407719e+00 1.2560232e+00 4.5777731e+00 2.9487436e+00
  0.0000000e+00 1.8220674e+00 7.0063801e+00 6.3182740e+00 2.3346388e+00
  9.8568754e+00 2.0723710e-02 3.9082029e+00 4.5280361e+00 1.1001204e+00
  1.1276525e+00 1.9305152e-01 1.3399006e-01 6.5537579e-02 1.3853654e+00
  2.2840676e-01 6.5808043e+00 5.7286733e-01 6.2627375e-01 3.4703252e-01
  1.7888281e+00 1.8427448e+00 2.1877626e-01 7.2470994e+00 2.0547209e+00
  1.6022842e+00 3.3842843e+00 1.3458632e+00 0.0000000e+00 9.0500298e+00
  5.0930586e+00 1.2226048e+00 4.9107015e-01 1.4423894e+00 1.0146603e-01
  5.8589373e+00 5.7852960e-01 9.5629177e+00 7.7525587e+00 3.7029499e-01
  6.7983561e+00 5.4384823e+00 9.6785855e-01 3.2109399e+00 1.6988626e+00
  9.7960256e-02 4.9844255e+00 2.4539196e+00 2.7261606e-01 6.1156397e+00
  1.7719814e+00 6.4763184e+00 1.5411128e+00 3.9008756e+00 1.4313631e+00
  4.9417973e+00 5.6618331e-03 8.9525156e+00 1.2563180e+00 3.6638122e+00
  2.1362379e+00 1.7445124e+00 1.8063037e+00 1.4085990e+00 2.0363255e+00
  1.5853629e+00 2.4264350e+00 2.6931109e+00 8.2912147e-01 1.7030385e+00
  9.1578674e-01 2.0175927e+00 1.8218141e+00 3.9893486e+00 1.9879203e+00
  1.2591032e+00 9.1152201e+00 4.5125542e+00 2.5846632e+00 2.0457704e+00
  3.1480417e+00 1.8646057e+00 3.1399884e+00 0.0000000e+00 4.8964868e+00
  9.7757745e-01 2.9916008e+00 9.0236223e-01 7.3728623e+00 1.7771356e+00
  3.8882179e+00 8.5090324e-03 3.4317393e+00 3.3815665e+00 1.8566909e+00
  1.5523205e+00 5.2599649e+00 7.8709798e+00 6.5837083e+00 8.4568560e-01
  7.4274001e+00 6.6164145e+00 7.6631198e+00 7.1369147e-01 1.1790756e+01
  3.6490500e+00 6.2633574e-02 7.8454590e+00 4.5339170e+00 1.1692698e+01
  4.5521009e-01 7.7020973e-01 2.6435256e-01 1.6150481e+00 7.3459439e+00
  0.0000000e+00 3.5763896e+00 0.0000000e+00 3.6311591e-01 6.4962435e-01
  2.2870339e-01 4.5713077e+00 3.2403805e+00 3.1769626e+00 2.2129798e+00
  3.8798323e+00 1.9759878e+00 3.1860409e+00 1.5667888e+00 3.0250032e+00
  4.0969477e+00 4.3567199e-01 3.9910514e+00 0.0000000e+00 3.9093609e+00
  2.0406928e+00 9.5647758e-01 6.8023310e+00 7.6576433e+00 2.8438184e+00
  2.2919192e+00 4.2577887e+00 1.1073893e+01 6.2285333e+00 8.4841889e-01
  2.4556477e+00 4.5255747e+00 7.3934770e+00 2.0580075e+00 2.3216169e+00
  5.4944772e-01 4.3382069e-01 0.0000000e+00 2.9085219e+00 5.0824981e+00
  5.4097426e-01 3.0084205e+00 1.6113681e-01 3.0494997e-01 2.1084039e+00
  1.0787597e+01 8.7181592e-01 6.8361058e+00 8.2982302e-01 1.6602076e+00
  1.2208495e+00 3.4636111e+00 3.6417594e+00 5.8696527e+00 3.8550427e+00
  4.4954786e+00 7.4644625e-01 4.7120852e+00 7.1382272e-01 5.4530579e-01
  1.0936623e+00 5.5671473e+00 4.1982751e+00 0.0000000e+00 2.6021783e+00
  8.8624306e+00 5.4881291e+00 2.5641635e-01 3.0032757e-01 6.8082523e-01
  0.0000000e+00 6.9559531e+00 4.6380863e+00 5.3609929e+00 3.1146328e+00
  4.4794116e+00 2.9645338e+00 8.7630787e+00 3.5043306e+00 6.2290730e+00
  1.0225125e+01 0.0000000e+00 5.5672832e+00 6.8688684e+00 7.8172678e-01
  7.8797072e-01 2.8595064e+00 3.6346812e+00 6.8023914e-01 7.4650173e+00
  5.0903587e+00 1.0553499e+01 1.3498601e+00 4.5816684e+00 2.1555333e+00
  8.6292801e+00 4.2771487e+00 1.1320260e+00 1.0477433e+01 2.8898611e+00
  2.7221556e+00 5.1784320e+00 9.6408987e+00 1.4446599e+00 1.0035114e+00
  4.6339202e+00 9.6349115e+00 2.5474682e+00 3.6790230e+00 2.6505449e+00
  2.8926625e+00 1.1153171e+01 4.5128846e+00 5.3930783e+00 1.4644178e-02
  9.6031797e-01 3.9554090e+00 3.3823576e+00 1.3869750e+00 5.5402994e+00
  1.3075069e+01 3.4295602e+00 1.6991396e+00 3.3102660e+00 2.0637739e+00
  1.0661797e+01 2.9998574e+00 1.8771948e+00 1.5929521e+00 6.4924747e-01
  3.6591346e+00 5.4660282e+00 0.0000000e+00 1.5537480e+00 1.8413126e+00
  7.8581914e-02 1.9240847e+00 0.0000000e+00 1.0977590e+00 6.4622819e-01
  9.1245651e-01 1.1715631e+00 5.8067436e+00 3.3194742e-01 6.6314393e-01
  3.3756559e+00 2.4520097e+00 1.6132503e+00 7.4919949e+00 1.8417352e+00
  3.5320773e+00 1.4646191e+01 2.3764630e-01 5.0480995e+00 1.4021918e+00
  2.6189487e+00 8.6791315e+00 3.0982661e-01 9.6888222e-02 3.1987374e+00
  2.5154247e+00 1.3125355e+00 1.4415579e+00 1.7610775e+00 2.8988717e+00
  1.1056079e+01 3.7631676e+00 2.3294120e+00 3.9466155e+00 4.0172701e+00
  8.2482380e-01 1.1083629e+00 6.6207993e-01 2.4988134e+00 3.5688875e+00
  2.1152914e+00 5.8313413e+00 6.4082274e+00 4.4776487e-01 2.2762807e-01
  1.2428983e+00 4.9765043e+00 5.5317307e+00 1.2282671e+00 1.6018088e+00
  2.6450224e+00 8.1828260e+00 7.9708524e+00 1.3658824e+00 9.4217777e+00
  2.1270211e+00 2.0429756e-01 2.1315546e+00 6.0178542e+00 4.6659131e+00
  3.6160624e+00 9.8180228e-01 0.0000000e+00 1.4083853e+00 3.8172646e+00
  3.7921464e-01 8.9414395e-02 5.8615488e-01 3.4395428e+00 5.7079434e-01
  4.4393638e-01 9.1986346e-01 1.1497732e+00 2.6041782e+00 1.8794539e+00
  2.7733569e+00 2.9547484e+00 9.4574633e+00 9.6932316e+00 4.2118859e+00
  9.6130190e+00 1.1098154e+00 1.9283251e+01 3.8184409e+00 0.0000000e+00
  2.6601367e+00 2.7323599e+00 6.6987664e-01 6.7575300e-01 9.6544552e-01
  2.4483252e+00 3.2906578e+00 0.0000000e+00 2.7377918e+00 2.7724841e+00
  1.3214844e+00 5.8317180e+00 1.4336823e+00 1.9764764e+00 2.0015278e+00
  2.2814221e+00 7.4340445e-01 4.2511959e+00 5.9095848e-01 3.0488911e+00
  1.8189086e-01 1.5786052e+00 4.5102320e+00 3.8834110e-01 9.3138456e+00
  5.7305402e-01 2.5280166e+00 7.2208233e+00 1.1878068e+00 2.3713104e-01
  1.0963038e+00 1.1366454e+00 9.4005668e-01 3.7235475e+00 2.1643522e+00
  2.5641656e-01 9.1135871e-01 4.6200776e+00 4.1235318e+00 9.3272656e-01
  2.3874393e+00 1.3037929e-01 4.2479568e+00 4.1984506e+00 1.5358810e+00
  3.3512404e+00 1.7149085e-01 1.3358615e-01 7.1349282e+00 9.8811042e-01
  2.5933349e+00 2.5705390e+00 2.3168936e-02 2.9051881e+00 5.1366574e-01
  5.5213881e+00 6.1419530e+00 8.0265450e-01 4.3889370e+00 7.4986291e+00
  1.4883002e+00 1.5227052e+00 4.5778516e-01 1.3746732e+01 3.6112142e-01
  1.1665717e+01 1.8378488e+00 4.1692934e+00 1.1889087e+00 2.6872835e+00
  4.7308123e-01 3.5010424e+00 6.1518006e-02 2.5817618e+00 4.9458237e+00
  2.2720208e+00 8.6603415e-01]]