[[1.28980827e+00 8.96853983e-01 6.43295765e-01 4.23649740e+00
  5.84536171e+00 2.90844345e+00 4.48739004e+00 4.98689115e-01
  2.12459588e+00 1.32843471e+00 3.97113347e+00 3.68156123e+00
  5.39110994e+00 4.18251276e+00 6.84957728e-02 3.41195607e+00
  7.60519445e-01 9.48169008e-02 1.09545432e-01 5.07500982e+00
  2.79914832e+00 1.57433021e+00 1.14323676e+00 8.93222332e+00
  0.00000000e+00 3.25166613e-01 1.72965562e+00 5.95422566e-01
  2.60687947e+00 0.00000000e+00 2.18957329e+00 1.15149593e+00
  0.00000000e+00 2.11815572e+00 6.86384499e-01 1.66011596e+00
  1.04259527e+00 4.32739764e-01 6.12007558e-01 7.15053129e+00
  7.63819504e+00 3.61194253e-01 2.20359516e+00 4.17622089e-01
  0.00000000e+00 2.13276792e+00 2.77126980e+00 1.42567945e+00
  4.84451866e+00 1.99723375e+00 1.29858661e+00 1.82687032e+00
  2.82567888e-01 4.46082497e+00 2.10755706e+00 1.32198501e+00
  8.86289406e+00 1.53907788e+00 1.94151342e+00 3.94678545e+00
  6.94057196e-02 6.53115749e-01 1.01388607e+01 4.89613724e+00
  2.06706309e+00 6.28367901e+00 1.91862643e+00 1.01031084e+01
  8.10103226e+00 3.17569447e+00 6.20603979e-01 4.21738005e+00
  1.17788649e+00 3.66786599e+00 3.65250796e-01 1.14304058e-01
  2.77235031e+00 1.24961376e+00 6.25791490e-01 6.58807576e-01
  0.00000000e+00 3.15637016e+00 5.43213844e+00 0.00000000e+00
  3.42204976e+00 3.68402839e+00 1.22455513e+00 1.32207096e+00
  4.02045965e+00 1.01773810e+00 7.28410196e+00 8.18753317e-02
  5.40261507e-01 5.75782871e+00 6.43665791e-01 5.01380503e-01
  1.86837459e+00 8.00298512e-01 2.00226068e+00 7.53861904e+00
  9.62041542e-02 4.83018684e+00 5.56261003e-01 4.99214458e+00
  3.57725382e-01 5.79943419e+00 1.43036282e+00 7.52441883e-01
  0.00000000e+00 0.00000000e+00 7.42612505e+00 4.25119019e+00
  1.01593328e+00 2.37212870e-02 8.93225789e-01 2.06198549e+00
  4.66046190e+00 1.75497627e+00 0.00000000e+00 2.71652389e+00
  2.50344944e+00 0.00000000e+00 1.29678452e+00 1.19494925e+01
  0.00000000e+00 3.04077387e+00 1.27780139e+00 1.33370292e+00
  4.12855521e-02 1.40963106e+01 3.97903156e+00 5.27377188e-01
  5.64500332e+00 9.75560248e-01 1.18447578e+00 4.53023672e+00
  8.73719454e-01 3.92810178e+00 1.81040239e+00 5.18220723e-01
  1.66105616e+00 3.63779116e+00 2.24914718e+00 3.21578336e+00
  5.36536098e-01 1.19728887e+00 4.23508835e+00 3.84180880e+00
  1.85961708e-01 3.24857855e+00 2.03126252e-01 4.93044806e+00
  2.05746078e+00 2.78058863e+00 9.81278002e-01 2.11038423e+00
  4.53832102e+00 4.83369827e+00 6.16758525e-01 8.06873262e-01
  2.04583216e+00 1.16242564e+00 3.32828879e+00 9.53726768e+00
  1.79682910e+00 2.63222843e-01 1.32564652e+00 1.79580319e+00
  4.54532981e-01 5.88337660e+00 6.48159742e-01 3.16282010e+00
  3.51385164e+00 2.22948432e+00 3.43272120e-01 2.18843293e+00
  4.93832254e+00 2.34223437e+00 1.75805867e+00 1.64321744e+00
  6.00028872e-01 8.90269041e-01 5.89386845e+00 4.36809629e-01
  3.20333862e+00 3.06964946e+00 6.51810467e-01 1.82304668e+00
  2.01690912e-01 2.28085303e+00 2.55662060e+00 0.00000000e+00
  8.44816923e-01 3.79570937e+00 6.00873232e-01 6.42535400e+00
  2.48431611e+00 1.28642159e+01 2.71742702e-01 3.13244748e+00
  1.47422507e-01 6.96207523e+00 1.69268341e+01 1.55880296e+00
  5.50460815e+00 3.19879937e+00 1.74678636e+00 6.37270451e+00
  3.54415870e+00 3.00061560e+00 3.22424531e-01 1.22221291e+00
  4.16817404e-02 1.44441926e+00 8.07110667e-02 7.14860708e-02
  2.84930539e+00 0.00000000e+00 2.80940264e-01 1.73522198e+00
  3.68811774e+00 4.21042109e+00 2.24318719e+00 6.15341616e+00
  9.23125818e-02 1.16914263e+01 5.86027950e-02 1.20916355e+00
  9.97403800e-01 2.73947644e+00 6.22962666e+00 1.48896897e+00
  7.12054491e-01 5.52986205e-01 1.01403646e-01 5.42812443e+00
  1.25601435e+00 8.28623390e+00 7.57969809e+00 1.01621352e-01
  2.76537156e+00 1.14854656e-01 2.94497085e+00 5.06163740e+00
  1.10567153e+00 2.88118982e+00 8.02963543e+00 3.30670357e+00
  4.52474058e-02 6.33885980e-01 9.89744365e-01 0.00000000e+00
  5.74537992e-01 3.57922029e+00 2.72102863e-01 0.00000000e+00
  1.11555266e+00 4.14480954e-01 1.43042707e+00 1.31226456e+00
  7.45250225e+00 8.17812443e-01 9.40360165e+00 1.16236281e+00
  6.00735140e+00 1.25046685e-01 2.14092955e-01 2.99592304e+00
  1.39397421e+01 3.52538586e+00 1.04320490e+00 1.99816632e+00
  5.31609726e+00 3.06744409e+00 3.46095610e+00 3.82181120e+00
  1.65349841e+00 4.28902006e+00 2.86771560e+00 4.15068531e+00
  5.95725918e+00 1.61994290e+00 4.64403009e+00 6.66152909e-02
  2.76830554e+00 2.31659383e-01 4.39414644e+00 9.03949547e+00
  6.18819809e+00 0.00000000e+00 1.98194790e+00 2.04251027e+00
  6.35338902e-01 2.28056341e-01 4.45707655e+00 3.93494558e+00
  6.00517869e-01 3.14416027e+00 6.49476480e+00 0.00000000e+00
  6.63175869e+00 5.88901401e-01 4.31440306e+00 5.35805583e-01
  2.09827399e+00 2.88089943e+00 7.58642197e+00 9.03445244e-01
  2.09059095e+00 5.01338100e+00 1.19076979e+00 1.03860931e+01
  2.38467157e-01 9.20041180e+00 0.00000000e+00 5.46216154e+00
  4.58037758e+00 7.69040918e+00 1.85476339e+00 7.95214415e-01
  7.10780287e+00 4.19967127e+00 5.01303196e+00 6.03774011e-01
  2.08587551e+00 2.86679578e+00 3.75686049e+00 1.64013779e+00
  4.07448828e-01 1.08296549e+00 4.83962864e-01 4.44854879e+00
  1.59955239e+00 9.20428514e-01 5.02793837e+00 7.92941427e+00
  1.39708567e+00 1.02639236e+01 5.90631771e+00 3.38640714e+00
  9.32645416e+00 8.97674859e-01 0.00000000e+00 3.11073691e-01
  2.13061237e+00 1.91402167e-01 1.00055151e-01 1.49945366e+00
  5.52128839e+00 1.03504586e+00 6.09387279e-01 0.00000000e+00
  0.00000000e+00 7.95571423e+00 8.94633308e-02 4.18917805e-01
  4.58791256e+00 1.06984119e+01 7.41007149e-01 4.63574600e+00
  5.49192905e+00 2.83781600e+00 3.41890693e-01 8.52069092e+00
  3.54683495e+00 3.99019766e+00 1.35341234e+01 6.94202125e-01
  2.80361962e+00 3.60212588e+00 6.02842474e+00 2.88712192e+00
  9.74725246e-01 2.09943366e+00 4.67475085e-03 5.37518692e+00
  3.77590150e-01 7.71710753e-01 7.43322223e-02 4.20114899e+00
  9.60400164e-01 4.83451891e+00 2.31669664e+00 3.09431529e+00
  8.41062641e+00 4.18279529e-01 4.77938795e+00 6.49497509e-02
  1.36737921e-03 4.11946344e+00 1.29682970e+00 3.55300307e+00
  4.21935511e+00 5.15891612e-01 8.43849003e-01 1.46222746e+00
  8.07968616e+00 2.85798216e+00 1.29871523e+00 2.02604985e+00
  6.14122105e+00 5.33781481e+00 1.03599939e+01 5.33657265e+00
  9.52768898e+00 4.84500110e-01 0.00000000e+00 4.74089956e+00
  6.59641075e+00 1.09139669e+00 1.84765255e+00 4.00747836e-01
  8.13515559e-02 1.36504984e+00 5.07655096e+00 3.66944957e+00
  0.00000000e+00 2.47345209e-01 2.65365529e+00 5.81292927e-01
  4.58466053e+00 5.63012481e-01 3.42615634e-01 1.53798151e+00
  2.09701014e+00 3.28208017e+00 8.59092236e+00 5.84394455e+00
  4.56654024e+00 2.44993496e+00 2.87542105e+00 2.55558085e+00
  6.38717508e+00 8.57335925e-01 0.00000000e+00 3.20228481e+00
  3.14983106e+00 4.19717169e+00 0.00000000e+00 2.78557558e-02
  1.11740313e-01 9.64634120e-01 3.26700717e-01 1.10183592e+01
  1.22479606e+00 6.20010376e-01 5.32194376e+00 9.87376332e-01
  2.48251271e+00 3.49023128e+00 1.41981006e+00 2.75855231e+00
  3.64544153e+00 5.05558014e+00 6.16674805e+00 1.40040517e-01
  4.41310692e+00 9.89838314e+00 4.92365479e-01 4.59012985e+00
  4.38839674e+00 1.78965008e+00 5.13500392e-01 3.29547998e-04
  1.57281816e-01 2.35255384e+00 3.44583941e+00 1.76240385e+00
  4.23054314e+00 8.36117864e-01 7.75341940e+00 1.13396764e+00
  2.31365561e+00 2.03570580e+00 1.44573581e+00 8.63441408e-01
  1.66809523e+00 1.91273391e-02 5.73082876e+00 3.19600558e+00
  5.60657024e-01 2.66538888e-01 0.00000000e+00 1.59534657e+00
  4.44873714e+00 5.96663857e+00 2.59601307e+00 3.87748504e+00
  2.33381018e-02 2.73170710e-01 3.49514961e+00 5.03896332e+00
  5.79263449e+00 7.34247684e+00 6.12415791e-01 6.40693843e-01
  6.08358860e-01 1.74858487e+00 1.08105934e+00 9.82770562e-01
  2.65108514e+00 0.00000000e+00 8.25415134e+00 2.84056902e+00
  5.39071083e-01 8.87319744e-01 7.12907934e+00 1.19073495e-01
  5.04747248e+00 1.03893805e+00 2.26540494e+00 1.59345496e+00]]