[[7.46688664e-01 3.71803761e+00 3.49170852e+00 1.65015852e+00
  3.01559210e+00 2.19419670e+00 8.03675461e+00 0.00000000e+00
  3.42895079e+00 1.53217196e+00 9.98243764e-02 1.72287273e+00
  1.98216844e+00 2.03319883e+00 0.00000000e+00 1.92980319e-01
  9.53782722e-02 1.90856352e-01 1.05499744e-01 2.34016705e+00
  8.19443345e-01 4.48708630e+00 3.02193427e+00 4.20600939e+00
  2.66713440e-01 7.10874557e+00 4.98267174e+00 7.04832971e-01
  4.56530714e+00 8.27700943e-02 3.26229835e+00 6.28652394e-01
  1.19059727e-01 3.38093662e+00 6.19400069e-02 4.27391082e-01
  1.40608382e+00 0.00000000e+00 7.30920076e+00 3.34333420e+00
  9.78729343e+00 1.19709480e+00 2.13118100e+00 1.30797577e+00
  2.18093991e+00 1.23422337e+00 8.93624687e+00 0.00000000e+00
  2.42560649e+00 1.35836482e-01 2.59671617e+00 1.51982069e+00
  0.00000000e+00 4.76712751e+00 3.69364238e+00 1.79717016e+00
  7.54882002e+00 1.32631397e+00 6.55332804e+00 5.92976391e-01
  0.00000000e+00 0.00000000e+00 5.44550037e+00 2.46751356e+00
  0.00000000e+00 7.78218651e+00 3.45410991e+00 8.16520095e-01
  1.14708042e+00 0.00000000e+00 7.45658636e+00 5.44208467e-01
  0.00000000e+00 5.99860859e+00 1.88185483e-01 2.78670102e-01
  0.00000000e+00 0.00000000e+00 3.00838321e-01 1.83246779e+00
  2.39793515e+00 2.50035071e+00 2.28804207e+00 0.00000000e+00
  2.89800930e+00 1.47408867e+00 0.00000000e+00 5.42881370e-01
  5.97246075e+00 0.00000000e+00 8.44579101e-01 7.56524467e+00
  2.26436723e-02 5.54604673e+00 4.94660139e-01 3.38324845e-01
  5.72678685e-01 2.10368894e-02 2.58410358e+00 8.75045490e+00
  1.09838915e+00 3.96530557e+00 1.52363720e+01 3.71661282e+00
  0.00000000e+00 1.19489813e+00 1.40370369e-01 7.19939232e-01
  2.30917025e+00 9.25893426e-01 1.17010474e+00 3.20327377e+00
  0.00000000e+00 3.66042280e+00 1.73220679e-01 1.18085563e+00
  4.64920044e+00 2.44891420e-02 2.17156768e-01 2.35088253e+00
  3.71118069e-01 0.00000000e+00 0.00000000e+00 4.67021370e+00
  0.00000000e+00 3.94073820e+00 0.00000000e+00 0.00000000e+00
  2.73131013e+00 1.10887327e+01 4.84569281e-01 0.00000000e+00
  3.91373706e+00 0.00000000e+00 3.86524463e+00 1.78235936e+00
  8.31837893e-01 1.77475071e+00 2.73042870e+00 3.46346235e+00
  1.28866717e-01 8.28473456e-03 1.24929428e-01 3.65814638e+00
  1.52419162e+00 5.71500123e-01 3.68214846e-01 0.00000000e+00
  3.30455661e-01 1.25860736e-01 4.31433105e+00 2.79047400e-01
  3.88640022e+00 0.00000000e+00 2.72097230e-01 4.42977524e+00
  4.60451394e-01 3.29046226e+00 6.55565834e+00 4.73316967e-01
  1.14832246e+00 1.07335722e+00 6.14708471e+00 3.25390220e+00
  3.00978804e+00 2.48695779e+00 6.88160479e-01 3.46862268e+00
  2.70787477e-01 3.92963052e+00 8.27412510e+00 1.03929818e+00
  7.25092173e+00 4.92053270e+00 2.99044228e+00 2.30186611e-01
  0.00000000e+00 1.54803962e-01 1.04224939e+01 3.84483147e+00
  3.45915627e+00 1.24436729e-01 1.04810696e+01 0.00000000e+00
  0.00000000e+00 7.23990345e+00 1.84733832e+00 3.24397892e-01
  5.91520739e+00 2.49863252e-01 2.45247674e+00 0.00000000e+00
  3.13601524e-01 4.76277590e+00 1.60758495e+00 6.73483193e-01
  8.66387963e-01 6.83721113e+00 6.96610034e-01 2.75910139e+00
  4.59530652e-01 2.82965732e+00 0.00000000e+00 1.40285850e+00
  8.33882141e+00 9.73563075e-01 6.22933388e-01 5.14910996e-01
  1.53706443e+00 1.21209469e+01 4.69344330e+00 2.27505016e+00
  7.97501564e-01 8.16581547e-01 9.24452171e-02 3.37190241e-01
  6.02967262e-01 4.93858427e-01 7.09841371e-01 1.03953075e+00
  1.81523478e+00 1.89496708e+00 1.28465569e+00 2.47516155e+00
  3.11820865e+00 1.17915421e+01 1.52441293e-01 0.00000000e+00
  2.23644090e+00 7.97788978e-01 2.21136713e+00 3.40828657e+00
  2.63552761e+00 7.98800945e-01 1.32062531e+00 3.94487810e+00
  3.08054638e+00 1.00198517e+01 9.82196033e-01 2.40870309e+00
  8.69172454e-01 2.23897293e-01 3.02757335e+00 1.73152125e+00
  2.66928482e+00 2.01242771e+01 3.90596843e+00 1.38572633e-01
  3.48996091e+00 1.57672989e+00 0.00000000e+00 1.49739754e+00
  9.86856580e-01 1.06880987e+00 6.48374557e+00 1.33293617e+00
  3.75691748e+00 5.43433857e+00 5.95046520e+00 3.59480262e+00
  0.00000000e+00 0.00000000e+00 0.00000000e+00 3.09314919e+00
  6.62881899e+00 5.59036791e-01 8.28723133e-01 3.34211612e+00
  1.18601060e+00 4.55185473e-01 3.22389150e+00 7.35318244e-01
  1.35812616e+00 3.63958216e+00 1.85237336e+00 6.09503090e-01
  3.24810266e+00 7.81483114e-01 0.00000000e+00 3.38209458e-02
  7.02130079e+00 3.20408130e+00 4.26105356e+00 7.77836025e-01
  1.10716331e+00 0.00000000e+00 2.47421360e+00 3.37862045e-01
  6.19359970e+00 5.21803045e+00 1.36996853e+00 1.96777785e+00
  3.29175997e+00 1.34048214e+01 4.24736261e+00 0.00000000e+00
  1.51784325e+00 1.50691128e+00 1.78193986e+00 0.00000000e+00
  2.16814592e-01 0.00000000e+00 3.29323292e+00 5.53152037e+00
  1.64202332e+00 1.50144386e+00 4.55334091e+00 1.17386007e+00
  6.53190792e-01 3.90447825e-01 2.39102745e+00 0.00000000e+00
  2.34634206e-01 1.82984209e+00 1.43597817e+00 1.58374333e+00
  2.50720096e+00 7.51114941e+00 6.76926225e-02 4.31726646e+00
  4.47513390e+00 2.70291257e+00 1.26963437e+00 2.85851628e-01
  1.07220089e+00 8.47665429e-01 4.67851210e+00 8.55531916e-02
  2.44571352e+00 1.14727378e+00 2.08316281e-01 4.17546701e+00
  3.77352357e-01 1.29059207e+00 4.93331051e+00 6.66884124e-01
  4.61039257e+00 6.14054298e+00 3.02978492e+00 6.34450293e+00
  2.09698749e+00 3.95448171e-02 2.20914066e-01 3.41851616e+00
  2.54938412e+00 4.84064150e+00 1.23865867e+00 5.01355827e-01
  3.42870444e-01 3.20431638e+00 8.12658370e-02 1.30039310e+00
  0.00000000e+00 1.29337573e+00 1.13758862e+00 4.81646687e-01
  7.87205577e-01 4.58032656e+00 4.37436533e+00 3.08546042e+00
  2.64824409e+01 0.00000000e+00 2.85153478e-01 3.98139763e+00
  5.36266422e+00 8.60178351e-01 8.50201511e+00 4.68168163e+00
  2.36732423e-01 1.07229691e+01 2.14674449e+00 5.78098893e-01
  1.65887028e-01 7.73210168e-01 5.54487884e-01 7.17561054e+00
  0.00000000e+00 1.37053216e+00 5.46129799e+00 3.61954761e+00
  2.05985951e+00 2.12408185e-01 2.02256124e-02 7.23126054e-01
  2.65202022e+00 4.42171907e+00 2.37340167e-01 0.00000000e+00
  3.85309368e-01 4.25304413e+00 5.93161762e-01 2.59591252e-01
  1.16500721e+01 5.62466431e+00 8.66941810e-01 8.66057873e-01
  4.16523933e+00 3.06408137e-01 2.15230799e+00 4.38220590e-01
  1.30084872e+00 5.32748365e+00 2.71568489e+00 8.79717922e+00
  1.41691506e+00 2.77059525e-01 1.90935397e+00 5.15695429e+00
  0.00000000e+00 5.44197798e-01 3.87134409e+00 1.25566292e+00
  3.35001275e-02 3.06563407e-01 1.66333294e+00 0.00000000e+00
  2.08768058e+00 8.08030725e-01 2.30821535e-01 4.68881577e-02
  3.70265818e+00 0.00000000e+00 5.20798862e-01 1.26511228e+00
  0.00000000e+00 0.00000000e+00 2.02434748e-01 1.02906647e+01
  4.35507107e+00 6.45599306e-01 2.27580094e+00 1.16162407e+00
  7.80404282e+00 1.73508418e+00 7.57781565e-02 9.36666310e-01
  2.34486675e+00 3.49238440e-02 1.28806257e+00 7.77860343e-01
  0.00000000e+00 1.25436515e-01 9.76607874e-02 4.48880386e+00
  4.94612336e-01 1.27009189e+00 4.81253815e+00 3.92154902e-01
  4.66924766e-03 4.87090759e-02 6.36682928e-01 3.79996920e+00
  4.68772936e+00 3.73084736e+00 8.60729027e+00 6.87622845e-01
  1.09830246e+01 4.28003073e+00 3.09445357e+00 6.08624268e+00
  3.79706120e+00 1.20474362e+00 4.31212521e+00 3.23074222e+00
  0.00000000e+00 4.23375696e-01 4.54825997e-01 1.38339150e+00
  1.17844403e+00 6.21986762e-02 4.47886181e+00 1.72939384e+00
  2.41761774e-01 4.82986212e+00 7.51894340e-02 6.56116307e-01
  1.35374093e+00 2.89923692e+00 3.79877591e+00 7.61042356e-01
  2.50486672e-01 0.00000000e+00 1.33706570e+00 2.58361197e+00
  0.00000000e+00 5.64805079e+00 8.40212917e+00 0.00000000e+00
  9.11547184e-01 6.12982325e-02 1.97121692e+00 8.01781654e-01
  3.25010419e-02 1.29227161e+00 8.65678608e-01 2.10777164e+00
  8.51656675e-01 5.97452450e+00 2.60685593e-01 2.43016064e-01
  6.83947754e+00 2.61767834e-01 3.94215703e+00 1.52940869e+00
  1.83858204e+00 0.00000000e+00 1.74381566e+00 8.49727929e-01
  1.86084613e-01 8.40010524e-01 1.36148310e+00 2.08013177e+00]]