[[2.2723516e-03 2.9734759e+00 1.6847321e+00 1.4524826e+00 5.5376798e-01
  4.6810446e+00 2.9715695e+00 3.8219592e-01 2.6615343e+00 1.1211288e+00
  8.9584942e+00 8.7894309e-01 2.6905701e+00 4.4731193e+00 4.1387095e+00
  5.8932929e+00 2.6064730e-01 6.7868930e-01 2.4246554e+00 5.4836054e+00
  1.6904934e-01 5.6285763e+00 2.2556795e-01 3.3031015e+00 8.6815459e-01
  6.1209378e+00 2.3014648e+00 8.4838742e-01 2.8512621e+00 0.0000000e+00
  2.4120615e-01 6.0384026e+00 3.2731955e+00 1.8160971e+00 5.0870907e-01
  1.6689326e+00 2.7880332e+00 5.0570536e-01 5.5452881e+00 9.0593662e+00
  2.9897943e+00 7.9868789e+00 8.8995928e-01 5.6574850e+00 0.0000000e+00
  1.7335020e+00 4.7886062e+00 9.7848326e-01 1.5657557e+00 1.5287230e+00
  8.6631107e-01 1.4936858e+00 9.8325849e-01 3.4064310e+00 4.6869540e+00
  1.6917013e+00 2.5769138e+00 1.7116207e+00 2.2046790e+00 2.5644257e+00
  1.8751331e-01 2.2733533e+00 6.4303751e+00 6.2293663e+00 1.1008289e+00
  7.1107750e+00 3.0204345e-02 1.7202203e+00 3.2803938e+00 1.3701312e-01
  1.1387740e+00 1.5575155e+00 5.4335678e-01 1.0461663e+01 6.7110481e+00
  1.4835398e+00 1.1439693e-01 1.0773363e+00 1.7946991e+00 2.9432720e-02
  1.6123983e+00 5.7587824e+00 6.7710334e-01 1.2644553e-01 3.1069841e+00
  5.7167649e+00 1.4721456e-01 1.5147858e+00 6.7710274e-01 4.6404788e-01
  8.8066168e+00 8.6162621e-01 9.0518731e-01 5.8419814e+00 2.3562551e+00
  1.8803356e+00 2.5217527e-01 1.9026842e+00 4.4960580e+00 4.2442746e+00
  3.0598465e-01 3.2921791e+00 7.1378622e+00 2.4685876e+00 7.7093816e-01
  2.0387623e+00 5.0905478e-01 5.4813755e-01 5.5816550e+00 1.5377023e+00
  4.1968310e-01 0.0000000e+00 7.2045678e-01 3.8548791e-01 3.9383726e+00
  1.5262640e+00 9.6277399e+00 5.6778564e+00 4.6254478e+00 9.0288645e-01
  4.9656062e+00 1.1967614e-01 3.2817984e-01 4.1858921e+00 1.6808883e+00
  4.4134617e+00 0.0000000e+00 0.0000000e+00 2.2162812e+00 2.6800140e+01
  3.3167931e-01 7.1796827e+00 2.0574772e+00 8.6980408e-01 5.7125431e-01
  5.9655638e+00 4.6281576e-01 3.0509764e-01 1.3261269e+00 0.0000000e+00
  4.5312896e-01 1.9429857e+00 0.0000000e+00 8.9394045e+00 7.5190312e-01
  2.5350693e-01 1.1568162e+00 1.5650218e+00 2.0407003e-01 8.0215853e-01
  5.2301019e-01 1.2119640e+00 2.3508065e+00 0.0000000e+00 1.9335687e+00
  2.8201318e+00 2.6052938e+00 8.7528858e+00 3.2329481e+00 2.6517539e+00
  1.6829579e+00 4.2306309e+00 4.5817366e+00 7.0362716e+00 6.8667054e+00
  8.2153344e-01 2.1316111e-01 2.6014714e+00 4.1821483e-01 2.3644740e-02
  3.9481447e+00 3.3214233e+00 5.1880984e+00 1.7271252e+00 4.4524756e-01
  2.5887215e+00 1.6082722e+00 4.5443726e+00 1.1126694e+01 9.4402421e-01
  3.0253298e+00 1.7653126e+00 7.5625954e+00 0.0000000e+00 2.3355777e+00
  9.8460037e-01 1.6850005e+00 2.9989150e+00 6.2466125e+00 3.6912930e+00
  3.8920432e-01 0.0000000e+00 0.0000000e+00 1.6259649e+01 3.2714133e+00
  7.2699226e-02 2.7990186e+00 3.2292807e+00 5.4710215e-01 8.7475796e+00
  3.2553959e+00 8.7587309e+00 1.2598130e+00 3.7698860e+00 1.0873917e+01
  2.3859427e+00 3.2146649e+00 2.4284308e+00 2.4926040e+00 8.5080099e+00
  2.9907916e+00 1.8814331e+00 1.1011226e+00 4.0699630e+00 1.1506062e+00
  3.0833323e+00 2.8612776e+00 1.3308951e-01 1.1805866e+00 1.3588909e+00
  1.5301921e+00 7.3690109e+00 6.2217584e+00 9.8465478e-01 8.3760414e+00
  2.9406106e+00 1.4632630e+00 7.4230852e+00 2.1867998e-01 1.2804930e+00
  6.8893874e-01 2.0729756e+00 7.1220131e+00 4.6105435e-01 4.2690682e+00
  2.4460669e+00 6.0472431e+00 8.7517490e+00 6.2204123e-01 6.4602333e-01
  4.0932536e-01 2.1652782e-01 5.3626590e+00 1.2311817e+00 1.9648728e-01
  8.9793558e+00 8.7459307e+00 2.4220526e+00 1.6540064e+00 1.7092328e-01
  1.0735306e+01 1.5070159e+00 0.0000000e+00 4.5890150e+00 8.0931005e+00
  1.2224675e+00 5.7399549e+00 4.8489076e-01 1.5362422e+00 0.0000000e+00
  3.2663323e-02 3.8343448e-02 9.6891117e-01 1.4698759e+00 1.1380451e+00
  1.5227078e-01 1.9560933e+00 1.8288804e+00 7.1289792e+00 1.2063560e+00
  3.5295870e+00 0.0000000e+00 7.0973670e-01 1.2174788e+00 3.1275504e+00
  2.7238432e-02 7.5792708e+00 9.4979577e-02 0.0000000e+00 3.5272586e+00
  9.4922180e+00 2.1722310e+00 5.7419095e+00 1.1220096e+00 8.3823061e+00
  0.0000000e+00 6.5970788e+00 2.2509172e+00 6.5837641e+00 4.0000424e+00
  1.3598721e+00 3.3509655e+00 2.1544321e+00 4.6296172e+00 4.8296328e+00
  2.5955136e+00 3.6731097e-01 2.4731264e+00 4.0392303e+00 0.0000000e+00
  4.9114122e+00 9.7110510e+00 5.4448175e-01 3.7742522e+00 2.6734049e+00
  3.2135277e+00 2.5544798e+00 4.3179029e-01 2.4063158e+00 4.3911252e+00
  7.2347367e-01 7.4095721e+00 3.3380632e+00 3.7677019e+00 2.9466658e+00
  2.2200308e+00 4.5839853e+00 5.1557999e+00 9.5720714e-01 0.0000000e+00
  5.7292156e+00 9.0301256e+00 3.9718821e+00 1.7325575e+00 1.4931585e+00
  1.5668538e+00 1.2505270e+01 2.0139680e+00 7.7689638e+00 3.9492339e-01
  0.0000000e+00 1.4307736e+01 1.3453521e-01 2.8588428e+00 6.8127031e+00
  4.1261549e+00 4.1921023e-01 2.4343150e+00 3.3003242e+00 4.8350754e+00
  2.2423007e+00 0.0000000e+00 5.6116289e-01 1.8819534e+00 6.6433072e-01
  3.7471290e+00 3.7101319e+00 3.7548169e-01 6.5807140e-01 2.4421289e+00
  1.8685067e-02 0.0000000e+00 0.0000000e+00 5.9386683e+00 1.5110158e+00
  5.3744537e-01 1.8076758e+00 1.1645451e+01 1.0773878e+00 1.9413909e+00
  1.4723939e+01 2.1131439e+00 1.2994252e+00 1.5255712e+00 7.5864663e+00
  2.2512982e+00 9.1523466e+00 4.1519880e+00 1.1889954e+00 1.9809340e+00
  3.4534492e+00 4.6212463e+00 0.0000000e+00 6.6373887e+00 3.7004316e+00
  4.8870429e-01 2.8892958e+00 2.2709644e+00 1.6785038e-01 1.3600725e+01
  1.1200787e+01 1.9859823e+00 1.1530304e+00 2.8976758e+00 1.9955019e+00
  3.4324782e+00 7.1514612e-01 8.3499926e-01 1.4276099e+00 2.2084632e+00
  3.9334154e+00 3.3263767e+00 7.3979111e+00 1.1494021e+01 1.6405463e-01
  1.7771547e+00 3.3452761e+00 1.6920480e+00 4.7828543e-01 6.0467422e-01
  8.4288287e-01 1.1980383e+01 5.2476020e+00 6.2560425e+00 5.9155083e+00
  4.8839698e+00 0.0000000e+00 3.8850410e+00 2.2123842e+00 9.5568925e-01
  7.2825027e+00 7.4307436e-01 1.4302281e-01 2.2602478e-01 6.2649522e+00
  7.0389599e-01 0.0000000e+00 5.6246662e-01 2.8031383e+00 0.0000000e+00
  7.3305016e+00 1.8476415e+00 2.0022764e+00 7.7098117e+00 5.1410651e-01
  7.7646379e+00 4.4133234e+00 1.1801552e+01 3.0163326e+00 2.0021598e+00
  8.0869026e+00 2.5574911e+00 2.3650005e+00 2.1356757e+00 1.5199900e+00
  3.4120655e+00 2.5083005e+00 9.3205261e-01 1.2874703e-01 4.0126305e+00
  4.2189625e-03 1.1702749e+00 1.7394648e-01 8.7021255e+00 2.5426626e+00
  4.8998198e-01 8.0465469e+00 1.9339107e+00 1.9123058e-01 3.6889601e-01
  0.0000000e+00 8.0498056e+00 4.4061246e+00 3.6751575e+00 4.5568538e+00
  1.4359691e+00 1.2021883e+00 1.5307938e+00 1.4275806e+00 1.0890789e+01
  4.1287869e-01 5.0467267e+00 4.4820008e+00 3.5895734e+00 6.0180802e+00
  3.3139417e-01 1.8582647e+00 5.7064849e-01 4.6460438e+00 1.0497959e+00
  1.8045430e+00 1.3394402e+00 2.7958322e-01 7.9471469e+00 9.2530698e-02
  2.6624050e+00 8.1856894e-01 1.4641464e+00 5.8587661e+00 4.8318684e-01
  1.7994483e+00 7.0014733e-01 6.6530335e-01 1.1070892e+00 7.1378498e+00
  6.0541070e-01 9.9343033e+00 2.2379549e-01 1.4583124e+00 9.0134107e-02
  2.3310494e+00 1.4852467e+00 2.6067388e+00 1.0566541e+00 4.6423154e+00
  2.7770252e+00 1.1419199e+00 1.2129282e+00 4.0747056e+00 1.5591201e+00
  7.7308092e+00 1.8193034e+00 6.9340855e-02 1.3852284e+00 1.3581114e+00
  2.1619135e-01 8.4567394e+00 4.0941586e+00 1.1701928e+00 1.1001840e+00
  6.1226883e+00 6.4524031e-01]]