[[4.54688907e-01 8.31917822e-01 4.36339229e-01 6.24969527e-02
  0.00000000e+00 8.58486176e+00 2.24911857e+00 1.38834751e+00
  2.11997167e-03 2.97331834e+00 8.13987255e-01 6.40173316e-01
  4.36026335e+00 2.68138623e+00 2.71151867e-02 3.13744164e+00
  1.09215534e+00 2.45381451e+00 4.30377871e-01 5.69076872e+00
  0.00000000e+00 6.34783792e+00 5.93382083e-02 6.66256905e+00
  8.03925574e-01 2.53174162e+00 6.37293100e+00 1.04998379e+01
  4.97355509e+00 4.17293429e-01 5.59962392e-01 3.44191480e+00
  2.43953884e-01 3.14143467e+00 1.52307594e+00 1.59398460e+00
  0.00000000e+00 2.77327031e-01 2.14879179e+00 2.51226330e+00
  1.61957169e+01 4.29086304e+00 1.10589457e+00 2.34012485e+00
  0.00000000e+00 0.00000000e+00 5.22197127e-01 6.67795753e+00
  2.81900555e-01 8.38784426e-02 5.63550615e+00 6.53115273e+00
  8.54857802e-01 1.05390632e+00 8.87371600e-01 3.34584445e-01
  2.23785520e+00 6.63864845e-03 4.11664677e+00 0.00000000e+00
  8.88480306e-01 2.86224866e+00 4.05361271e+00 1.22992921e+00
  8.82987201e-01 4.96195346e-01 3.45239639e+00 5.05186975e-01
  1.41083729e+00 1.00878835e-01 1.69459116e+00 1.31272531e+00
  1.33637035e+00 2.50732136e+00 2.64701962e+00 2.13917032e-01
  2.25208327e-01 1.08796012e+00 4.33631516e+00 1.88456082e+00
  0.00000000e+00 4.85968053e-01 6.84557152e+00 2.87835479e-01
  2.17129803e+00 1.83266103e+00 2.64040732e+00 1.21687269e+00
  1.92222428e+00 1.74147713e+00 3.58321834e+00 7.03233862e+00
  2.97627497e+00 1.33481188e+01 3.41046548e+00 1.44870698e+00
  3.10371310e-01 1.00208783e+00 1.81871891e+00 1.23907530e+00
  2.84472615e-01 1.06065571e+00 2.35270190e+00 2.14160180e+00
  1.34912670e+00 4.23209876e-01 9.22853887e-01 2.93216419e+00
  4.38696671e+00 2.84447670e+00 5.02008677e-01 0.00000000e+00
  1.95453243e+01 4.47078705e+00 0.00000000e+00 4.18090248e+00
  1.79705601e+01 3.41079563e-01 0.00000000e+00 5.70995748e-01
  5.78805351e+00 4.17380124e-01 2.23855257e+00 0.00000000e+00
  1.86911654e+00 5.95990419e+00 1.26990557e+00 4.20448542e+00
  8.46589661e+00 1.02342072e+01 6.49010754e+00 1.75676990e+00
  4.52771664e+00 4.19949389e+00 1.36351252e+01 5.20532703e+00
  2.04005003e+00 2.27758789e+00 9.48117018e-01 3.06240261e-01
  4.17202282e+00 5.02589178e+00 0.00000000e+00 4.29051971e+00
  8.84389281e-01 1.10128851e+01 8.07534027e+00 3.38595891e+00
  6.74034059e-01 8.65645695e+00 1.92732608e+00 2.62879467e+00
  1.70256233e+00 1.33475399e+00 2.26286864e+00 1.15905069e-01
  2.49561334e+00 6.14062929e+00 1.52710378e+00 0.00000000e+00
  1.27581453e+00 2.35848323e-01 3.80975246e+00 3.34238672e+00
  1.42455244e+00 5.50339556e+00 3.28188539e-01 1.06276786e+00
  2.76989651e+00 2.03861260e+00 1.43922067e+00 7.43861294e+00
  3.12765932e+00 1.01773286e+00 1.84257686e-01 2.59902310e+00
  9.58959198e+00 1.19228363e+01 3.96753955e+00 1.80847728e+00
  3.88055593e-01 2.04439044e+00 7.51317883e+00 3.31532925e-01
  4.88828897e+00 2.95509666e-01 5.06823874e+00 1.27886713e+00
  2.50759554e+00 6.36838388e+00 1.97260475e+00 0.00000000e+00
  2.89749503e-01 5.77660084e+00 1.68460679e+00 0.00000000e+00
  4.45301272e-02 4.11217356e+00 0.00000000e+00 1.68143660e-01
  1.78895891e+00 2.43554640e+00 5.43948984e+00 1.32185602e+00
  2.18929124e+00 2.88660717e+00 5.08155346e+00 4.77100372e+00
  7.33189869e+00 7.86414862e+00 3.26812911e+00 2.02105999e+00
  2.75017571e+00 3.65527958e-01 5.69256592e+00 4.11224747e+00
  5.13434029e+00 0.00000000e+00 2.38464069e+00 9.70581889e-01
  4.01956987e+00 1.97136652e+00 3.22581315e+00 3.79402971e+00
  2.41453934e+00 6.37029648e+00 2.74571210e-01 3.94771242e+00
  2.86327481e-01 1.94942582e+00 1.36523917e-01 4.11347723e+00
  7.77553654e+00 4.11128092e+00 0.00000000e+00 7.23398781e+00
  5.60655177e-01 7.02943373e+00 1.03188906e+01 8.89446068e+00
  7.10732818e-01 1.02585465e-01 8.19290161e-01 5.17177534e+00
  3.32532310e+00 6.69904232e+00 7.35521615e-01 2.85481644e+00
  5.74436009e-01 0.00000000e+00 3.29114795e+00 7.16726929e-02
  3.55354381e+00 3.33747077e+00 1.25495601e+00 1.73013043e+00
  8.35268736e-01 5.10695994e-01 2.52887964e+00 0.00000000e+00
  2.76727438e-01 1.50236809e+00 3.00974035e+00 3.41901207e+00
  3.25364172e-01 9.77983549e-02 7.27527380e-01 1.04595125e+00
  1.63933766e+00 4.40492630e+00 3.00355244e+00 1.14192165e-01
  2.94773531e+00 1.30651557e+00 1.24259257e+00 2.03408480e+00
  4.47076893e+00 7.41008043e+00 9.37117195e+00 3.33557653e+00
  3.10951853e+00 9.67145920e+00 1.09808028e+00 1.39153397e+00
  3.74323964e+00 8.73377919e-01 2.50998807e+00 2.58461189e+00
  5.99106884e+00 8.47909868e-01 1.07469618e+00 0.00000000e+00
  5.75748719e-02 7.41625500e+00 3.01060486e+00 7.64489698e+00
  4.25515622e-01 0.00000000e+00 5.50732183e+00 0.00000000e+00
  2.76052468e-02 6.07557011e+00 2.13294268e-01 6.78786564e+00
  4.39384556e+00 1.73726356e+00 8.14476013e+00 3.55402851e+00
  0.00000000e+00 2.14784980e+00 2.14092508e-01 9.89611968e-02
  7.45254517e-01 7.80914688e+00 1.08896768e+00 2.27130318e+00
  3.50541973e+00 2.72588968e-01 1.28550231e+00 7.26286590e-01
  8.46324682e-01 3.79905319e+00 5.65109313e-01 3.45846796e+00
  2.20979786e+00 6.14259291e+00 7.11075068e+00 6.30334020e-01
  2.14430189e+00 4.23949528e+00 1.03758705e+00 4.11096764e+00
  2.89611387e+00 2.82309341e+00 1.75123143e+00 8.06764793e+00
  1.09459438e+01 1.84096205e+00 1.38097084e+00 1.08941388e+00
  1.07282639e+01 4.82554722e+00 1.75999916e+00 0.00000000e+00
  2.26761580e+00 9.23751831e-01 5.61260176e+00 4.96760321e+00
  9.43967402e-01 3.60418037e-02 1.71580046e-01 1.82430100e+00
  5.11588621e+00 3.45502901e+00 2.08771896e+00 1.47874847e-01
  1.39987075e+00 2.42096090e+00 2.04185173e-01 1.67631269e+00
  2.50201201e+00 2.14599476e+01 1.28355443e+00 2.85731292e+00
  1.64873338e+00 3.58098634e-02 9.65425551e-01 4.16740990e+00
  9.75718689e+00 2.48980594e+00 1.40278375e+00 1.15108706e-01
  1.10843468e+00 4.07025039e-01 4.52632999e+00 1.42711243e-02
  3.72036052e+00 5.50214577e+00 5.28454006e-01 1.49319553e+00
  7.54643500e-01 4.98347187e+00 4.66159105e-01 5.90437412e-01
  0.00000000e+00 1.13853621e+00 4.07987022e+00 1.42589688e+00
  1.55280983e+00 2.67367983e+00 2.73319888e+00 2.19675064e+00
  3.94064331e+00 1.14779496e+00 2.09490582e-01 8.88848543e-01
  2.64666581e+00 4.57214928e+00 4.29644728e+00 8.78418982e-01
  7.31776905e+00 2.41871715e+00 4.45064020e+00 2.45442843e+00
  5.84297657e+00 4.59299755e+00 6.09454848e-02 2.30829763e+00
  2.17649198e+00 5.43161774e+00 1.89083910e+00 1.64696300e+00
  0.00000000e+00 0.00000000e+00 5.05166960e+00 3.64556193e+00
  1.57862991e-01 1.29718816e+00 0.00000000e+00 7.61194706e-01
  6.18129063e+00 1.13760078e+00 6.16311455e+00 3.74813461e+00
  0.00000000e+00 1.88455188e+00 3.05175257e+00 2.68479615e-01
  9.09700036e-01 3.75202775e+00 3.72092336e-01 2.03825355e+00
  0.00000000e+00 4.02879667e+00 2.29967251e-01 0.00000000e+00
  3.40394115e+00 6.30510235e+00 7.88882375e-01 2.57173508e-01
  0.00000000e+00 1.60812149e+01 6.01683110e-02 3.73649263e+00
  1.29724932e+01 6.59413862e+00 4.15127426e-02 2.68294954e+00
  0.00000000e+00 6.55075073e+00 8.47137451e-01 9.62254524e+00
  1.00356722e+00 7.03332710e+00 3.82349944e+00 0.00000000e+00
  4.51089621e+00 9.01841164e-01 0.00000000e+00 1.46456251e+01
  0.00000000e+00 1.75423956e+00 4.00905514e+00 4.94930267e+00
  0.00000000e+00 2.01702142e+00 1.16732464e+01 1.86582553e+00
  2.54005384e+00 3.13345265e+00 9.02264476e-01 5.16305733e+00
  7.62990999e+00 1.63469183e+00 5.85089028e-02 1.23095989e-01
  4.51034737e+00 6.95186424e+00 3.42499614e+00 7.11336434e-02
  4.67520654e-02 2.79241657e+00 1.56148767e+00 0.00000000e+00
  1.35642612e+00 1.10092402e+00 1.19818497e+01 3.87655401e+00
  2.65995860e+00 3.90352058e+00 1.95671654e+00 3.14188218e+00
  5.67306697e-01 1.65949249e+00 1.33507061e+00 5.16908228e-01
  1.36389709e+00 1.76270902e+00 4.71013021e+00 2.79252934e+00
  7.37741768e-01 1.93523216e+00 7.97659382e-02 2.80928969e+00
  1.94919348e+00 2.54752898e+00 2.15504813e+00 3.85718369e+00
  2.48141670e+00 1.18089828e+01 5.06348372e-01 2.27895781e-01]]