[[1.25442243e+00 7.79068530e-01 1.74571586e+00 2.33468130e-01
  1.70042425e-01 3.85539746e+00 2.46033406e+00 7.30460358e+00
  5.68801045e-01 5.38169384e-01 4.84118819e-01 2.14884901e+00
  8.08948708e+00 3.80737281e+00 2.14218244e-01 2.34414649e+00
  7.63789272e+00 2.04817390e+00 1.01932609e+00 3.09452915e+00
  8.25360894e-01 6.75777435e+00 1.91429889e+00 2.84420156e+00
  5.99023056e+00 2.35781646e+00 4.11148024e+00 6.50668287e+00
  4.46067142e+00 6.17540777e-01 4.49772596e-01 1.57741690e+00
  0.00000000e+00 5.23322999e-01 2.87436152e+00 5.65072834e-01
  1.81880784e+00 9.60456505e-02 3.67159796e+00 2.58595467e+00
  1.13714828e+01 4.58724833e+00 3.10794687e+00 5.35946274e+00
  1.29670596e+00 1.54965889e+00 4.16334867e+00 7.38757467e+00
  1.56579745e+00 7.59824455e-01 2.89380002e+00 5.19354296e+00
  0.00000000e+00 2.07935166e+00 2.41530418e-01 5.81738353e-01
  3.24302697e+00 2.00376987e+00 3.77675152e+00 2.05073595e-01
  7.68078685e-01 1.10499990e+00 3.58681130e+00 3.62069798e+00
  3.91331136e-01 1.87497997e+00 1.67543578e+00 1.21444488e+00
  5.15804577e+00 6.41598046e-01 5.82885221e-02 1.36401069e+00
  1.86719763e+00 5.33455276e+00 1.05089388e+01 1.11056602e+00
  1.06084800e+00 5.10689640e+00 9.58442166e-02 3.46195960e+00
  6.50255501e-01 1.94693995e+00 1.00655127e+00 1.05515504e+00
  3.79782990e-02 4.93159962e+00 2.26001573e+00 1.16311932e+00
  2.33754349e+00 1.45866609e+00 1.17392242e-01 6.62671518e+00
  2.34698105e+00 1.27674198e+01 4.99173546e+00 2.62522507e+00
  1.12496138e+00 4.60683078e-01 1.59307718e+00 4.92429543e+00
  1.37755260e-01 2.60790777e+00 1.00126066e+01 1.62085736e+00
  4.07993031e+00 1.18328169e-01 5.06212056e-01 1.27979312e-02
  2.29442787e+00 1.40679526e+00 2.45173717e+00 1.32595301e+00
  2.64566231e+01 2.64317822e+00 2.24688977e-01 2.05238983e-01
  9.13644123e+00 9.66045082e-01 1.78518033e+00 3.15958428e+00
  1.85619521e+00 1.17659855e+00 7.12554741e+00 2.15953374e+00
  6.95609188e+00 6.26442814e+00 4.29241687e-01 1.19644797e+00
  9.84509563e+00 6.96672440e+00 3.02466393e+00 4.11130518e-01
  1.15631926e+00 2.83709550e+00 4.19710732e+00 9.83953094e+00
  7.34414935e-01 1.14264858e+00 1.27439177e+00 4.65408415e-01
  1.34262967e+00 2.76328039e+00 0.00000000e+00 3.92879295e+00
  1.67316937e+00 5.25834942e+00 3.15837002e+00 3.62350559e+00
  1.93143561e-02 2.62938929e+00 3.96709609e+00 5.25450802e+00
  1.23612666e+00 1.32247663e+00 5.20648670e+00 4.83040005e-01
  8.45022678e+00 1.24521732e+00 3.11935186e-01 1.26257967e-02
  8.28197289e+00 2.70078667e-02 2.39880800e+00 8.94761607e-02
  8.54644954e-01 9.45339382e-01 7.48678029e-01 3.76117659e+00
  2.89253330e+00 1.12567759e+00 1.22810280e+00 5.91729784e+00
  4.92255211e+00 4.20140922e-01 2.96434879e-01 9.04390526e+00
  6.31688595e+00 1.04838285e+01 6.60120630e+00 3.50751376e+00
  7.70705864e-02 0.00000000e+00 4.71229553e+00 1.18704867e+00
  1.00198050e+01 4.45139855e-01 7.64026022e+00 2.59239364e+00
  2.50425696e+00 4.57980061e+00 4.67896891e+00 7.66038448e-02
  0.00000000e+00 1.11500826e+01 1.87658167e+00 0.00000000e+00
  0.00000000e+00 0.00000000e+00 7.81261981e-01 1.21535964e-01
  1.54231298e+00 6.27321911e+00 2.81821799e+00 1.52299893e+00
  4.51447397e-01 2.51785994e-01 1.11522925e+00 1.56627846e+00
  8.64586258e+00 4.41974497e+00 4.10265541e+00 1.91394687e+00
  1.60795712e+00 1.56803799e+00 4.15266085e+00 6.27164125e+00
  1.17816544e+01 6.86280489e-01 6.51667833e-01 1.41341662e+00
  6.18525457e+00 2.59139967e+00 1.67909992e+00 4.08386755e+00
  2.33960295e+00 1.36249983e+00 6.52139485e-01 5.81163883e+00
  0.00000000e+00 2.94334221e+00 6.64478123e-01 5.10531521e+00
  1.27767591e+01 4.46411705e+00 2.75687742e+00 2.68724895e+00
  2.57428598e+00 1.69598353e+00 3.75260353e+00 6.93721056e-01
  2.26511216e+00 0.00000000e+00 1.77547061e+00 3.13591957e+00
  2.76509309e+00 4.14298964e+00 1.55719817e+00 1.84844577e+00
  8.91565263e-01 0.00000000e+00 4.36170387e+00 1.46852061e-01
  4.11685610e+00 1.73418951e+00 4.06374979e+00 4.83930707e-01
  6.06188297e-01 5.26643265e-03 3.11332488e+00 3.90317962e-02
  1.49842715e+00 1.00596535e+00 1.04823554e+00 5.99820709e+00
  0.00000000e+00 3.22317600e-01 1.80445030e-01 1.87052369e-01
  1.01410046e+01 3.69430274e-01 1.02014112e+00 3.65345001e-01
  2.80412376e-01 7.98128486e-01 2.92984629e+00 8.68968368e-02
  2.24982738e+00 1.32783813e+01 9.08430672e+00 3.23267722e+00
  7.12758398e+00 6.60846758e+00 3.82108545e+00 3.89854860e+00
  1.75509953e+00 1.46062616e-02 4.01022291e+00 5.32315826e+00
  6.01597977e+00 5.16532421e+00 5.20752621e+00 2.06371069e+00
  4.12873030e-01 4.20144081e+00 1.44659543e+00 1.07535782e+01
  1.87763011e+00 6.42635345e-01 3.12772632e+00 0.00000000e+00
  4.82015705e+00 6.26534986e+00 2.20451021e+00 1.10129995e+01
  2.16800022e+00 4.88900280e+00 8.11042595e+00 3.45638424e-01
  8.58532429e-01 1.12059438e+00 5.51185787e-01 1.28589308e+00
  2.99994826e+00 9.12944698e+00 7.23061657e+00 3.49851966e+00
  3.48826718e+00 1.17905414e+00 1.56231284e+00 3.10012531e+00
  1.41491246e+00 2.47167945e+00 4.42055321e+00 3.24479365e+00
  1.96163857e+00 4.39285040e+00 6.10132313e+00 6.24507189e-01
  2.08955956e+00 1.39944851e+00 1.36838424e+00 5.95200586e+00
  3.15605569e+00 4.31687355e+00 5.81743526e+00 4.60978031e+00
  4.49544001e+00 1.15274954e+00 3.47015953e+00 2.16817427e+00
  5.93205595e+00 2.48952508e+00 9.82296228e-01 1.82678425e+00
  0.00000000e+00 2.60802579e+00 6.31994009e+00 4.48078060e+00
  1.94481283e-01 1.38829362e+00 1.97481647e-01 6.83115721e-01
  5.95773888e+00 1.17680442e+00 2.41209078e+00 2.36951804e+00
  2.55288672e+00 1.06042328e+01 4.40165102e-02 2.19977379e+00
  9.28559113e+00 7.01051998e+00 3.25893354e+00 5.31967545e+00
  3.32183194e+00 1.60381924e-02 6.92982817e+00 9.20209140e-02
  3.34653711e+00 0.00000000e+00 9.56690907e-01 1.66009200e+00
  0.00000000e+00 8.31392348e-01 1.63118911e+00 0.00000000e+00
  3.13623619e+00 1.37085772e+00 8.57927382e-01 1.57476771e+00
  4.50971031e+00 7.60167599e+00 2.53121465e-01 1.72044945e+00
  1.03685223e-02 3.56495142e+00 3.39537525e+00 3.69025159e+00
  9.45002437e-01 8.36137962e+00 4.43726873e+00 2.02811551e+00
  3.58606887e+00 1.42873496e-01 0.00000000e+00 1.72257674e+00
  2.44796515e+00 6.21589613e+00 2.90955877e+00 1.05349469e+00
  2.72226191e+00 9.88850212e+00 6.01411879e-01 4.58349609e+00
  6.81809950e+00 4.02685833e+00 2.52352685e-01 2.06947160e+00
  2.24201009e-01 1.80013335e+00 6.38958597e+00 1.95287120e+00
  1.20130695e-01 0.00000000e+00 1.96869469e+00 6.63749456e-01
  1.20398700e+00 1.00824368e+00 1.81396079e+00 8.00435960e-01
  4.97655392e+00 3.40168023e+00 2.15627328e-02 2.86232734e+00
  3.38974781e-03 6.74135029e-01 3.24144316e+00 4.33095884e+00
  8.79375935e+00 1.87356043e+00 2.23158860e+00 2.38286257e+00
  1.69293582e-01 4.89592457e+00 2.62198281e+00 5.93946505e+00
  1.68645978e-01 2.55438638e+00 7.12169945e-01 3.58717054e-01
  2.00264883e+00 1.32522745e+01 1.97224408e-01 1.17177048e+01
  6.92184639e+00 4.59998751e+00 1.22164273e+00 4.41277266e+00
  0.00000000e+00 7.08165944e-01 8.65693331e-01 6.02918434e+00
  7.88098872e-01 3.89461708e+00 5.22822809e+00 0.00000000e+00
  4.46482897e-01 3.32743120e+00 1.48731127e-01 1.28945513e+01
  0.00000000e+00 1.65269613e+00 4.38894796e+00 1.34604836e+00
  7.89329857e-02 4.89311743e+00 1.33416681e+01 1.55208170e+00
  2.20882797e+00 8.83141816e-01 1.18565834e+00 6.91320038e+00
  6.79621637e-01 1.10727809e-01 7.15896428e-01 2.67508805e-01
  0.00000000e+00 2.33814168e+00 3.01928639e+00 1.02302087e-02
  4.78713608e+00 2.78859425e+00 3.64564228e+00 1.61527765e+00
  0.00000000e+00 0.00000000e+00 6.47645521e+00 1.43125474e-01
  2.48391080e+00 1.64194643e+00 4.94833517e+00 5.24517584e+00
  1.93410918e-01 8.22930241e+00 3.23469758e+00 6.39995873e-01
  5.34976780e-01 8.97604048e-01 7.54787970e+00 3.58651221e-01
  1.82952440e+00 2.76313245e-01 4.45302916e+00 1.10652196e+00
  3.72353029e+00 5.07195520e+00 1.27542937e+00 9.95442986e-01
  3.38964629e+00 5.66546440e+00 6.97799110e+00 0.00000000e+00]]