[[2.44663143e+00 1.34584439e+00 7.48400807e-01 4.54128742e-01
  2.97744751e-01 2.03014922e+00 4.29378700e+00 7.54036522e+00
  1.59710479e+00 5.17295218e+00 1.68972030e-01 1.00155878e+00
  4.14244556e+00 4.96732742e-01 3.29057288e+00 4.67692614e+00
  7.86457479e-01 9.60534632e-01 1.96924031e-01 9.91610169e-01
  9.91743505e-01 9.02857590e+00 4.78474474e+00 7.18721581e+00
  4.19024706e+00 7.61565542e+00 6.28792715e+00 2.18085527e+00
  7.57131755e-01 1.52778161e+00 3.55148047e-01 9.31375250e-02
  2.24417639e+00 1.02686989e+00 3.51258636e-01 3.94234490e+00
  1.13528335e+00 1.15220554e-01 5.69350338e+00 2.44055748e+00
  1.94349611e+00 1.52534544e+00 4.35128736e+00 2.01302505e+00
  7.34829426e-01 1.88052154e+00 1.78426349e+00 4.76117325e+00
  5.76444864e+00 2.58256030e+00 7.43374157e+00 1.89384162e+00
  5.60063049e-02 2.64551353e+00 4.84765100e+00 1.07693446e+00
  5.84704936e-01 2.46912813e+00 4.51210880e+00 1.05809987e+00
  1.21824002e+00 2.07014322e-01 5.65151739e+00 4.77188492e+00
  3.99328589e-01 1.47116959e+00 6.62498653e-01 2.76251435e-01
  1.30212617e+00 8.00222576e-01 1.67925091e+01 9.97127116e-01
  4.97077274e+00 6.02195835e+00 3.94702983e+00 2.60492349e+00
  1.27872300e+00 7.47847843e+00 3.75543311e-02 4.33678515e-02
  0.00000000e+00 4.10867119e+00 3.02398562e+00 2.69326985e-01
  1.82594216e+00 1.05156021e+01 2.25984168e+00 1.81577003e+00
  1.28446925e+00 1.49529982e+00 3.51606560e+00 1.12155616e+00
  0.00000000e+00 4.21378803e+00 1.38002980e+00 1.20359838e+00
  5.54810047e-01 9.28508937e-01 7.85988808e+00 3.40469289e+00
  1.68618298e+00 5.94595194e+00 1.72619705e+01 6.10032940e+00
  1.58521116e+00 1.10022835e-01 1.60496163e+00 1.36642826e+00
  4.03087348e-01 8.55291545e-01 3.01202774e-01 4.43048096e+00
  2.32532620e-01 7.56670013e-02 0.00000000e+00 4.11980152e-01
  2.11991954e+00 7.26831377e-01 0.00000000e+00 1.13738823e+00
  0.00000000e+00 4.01064110e+00 0.00000000e+00 3.63969445e+00
  1.04618893e+01 1.39260316e+00 0.00000000e+00 0.00000000e+00
  9.65578496e-01 5.59507513e+00 8.52987945e-01 3.00396681e-01
  6.94864225e+00 1.38818216e+00 6.97414875e-01 2.61010003e+00
  4.15869653e-01 3.28472257e+00 7.17324257e+00 1.06538761e+00
  2.80151772e+00 2.01396495e-01 0.00000000e+00 6.43932283e-01
  2.11563230e+00 3.47701597e+00 5.58274460e+00 1.13030028e+00
  0.00000000e+00 3.54453325e+00 1.73500621e+00 6.04803041e-02
  2.93666005e+00 9.39857662e-01 2.24767089e-01 8.04836974e-02
  3.95901889e-01 8.07385921e+00 1.39754295e-01 1.54386461e+00
  2.05488515e+00 2.31113601e+00 5.01956224e+00 4.23383862e-01
  4.13869381e+00 1.58798659e+00 2.02232122e+00 1.37163961e+00
  2.13725165e-01 1.16549337e+00 0.00000000e+00 7.20271111e-01
  3.48746753e+00 4.62836552e+00 5.47388077e+00 0.00000000e+00
  0.00000000e+00 6.05239201e+00 1.33748159e+01 1.12850273e+00
  7.56234074e+00 5.73070669e+00 4.06763554e+00 0.00000000e+00
  2.95297146e+00 3.31990695e+00 1.53488204e-01 8.35906982e-01
  7.18850231e+00 3.33551884e-01 7.94033146e+00 9.35776830e-01
  0.00000000e+00 1.63120639e+00 4.58147049e-01 2.84606636e-01
  1.16728878e+00 4.67050028e+00 6.85448170e+00 0.00000000e+00
  1.45025826e+01 5.52208281e+00 9.10039008e-01 4.83206224e+00
  9.54834843e+00 3.73254085e+00 6.96545184e-01 4.52406853e-01
  2.90729594e+00 1.67463341e+01 0.00000000e+00 7.09437072e-01
  8.84131849e-01 4.98043633e+00 0.00000000e+00 5.57676220e+00
  8.34326172e+00 4.81456470e+00 3.21458197e+00 3.50943893e-01
  8.95286083e+00 3.69517708e+00 3.74621749e+00 0.00000000e+00
  9.74272430e-01 2.00250894e-01 1.33841467e+00 5.48481417e+00
  2.02380106e-01 0.00000000e+00 1.17167723e+00 7.22021997e-01
  2.81982017e+00 1.12606061e+00 1.93675017e+00 3.05613518e+00
  5.17014170e+00 2.53542566e+00 5.95689833e-01 5.78781271e+00
  1.62147832e+00 1.92630196e+00 1.51618564e+00 1.72498965e+00
  4.87692356e-01 9.28741741e+00 4.60389757e+00 0.00000000e+00
  3.59797430e+00 0.00000000e+00 3.90403056e+00 1.79624522e+00
  3.57783484e+00 5.74732256e+00 8.20769787e+00 5.06777108e-01
  1.85278010e+00 1.73167244e-01 7.03121614e+00 1.27601588e+00
  0.00000000e+00 1.92406809e+00 1.71917513e-01 1.62471724e+00
  1.94797039e+00 1.03495620e-01 0.00000000e+00 9.80987549e-01
  2.11102173e-01 1.67917216e+00 5.65513897e+00 0.00000000e+00
  6.86011240e-02 3.14091682e+00 6.57912254e-01 1.11697114e+00
  1.22844086e+01 0.00000000e+00 0.00000000e+00 2.77416166e-02
  1.11689224e+01 4.10527372e+00 1.55917299e+00 0.00000000e+00
  8.86803642e-02 6.76616505e-02 1.34623361e+00 1.68684900e+00
  2.85271287e+00 7.78651333e+00 1.68661106e+00 1.79509804e-01
  1.51729641e+01 9.69369984e+00 3.84367180e+00 1.77470684e+00
  5.88630080e-01 4.71316099e+00 0.00000000e+00 0.00000000e+00
  2.77675331e-01 6.27851629e+00 8.92180443e-01 0.00000000e+00
  4.38288975e+00 0.00000000e+00 1.19367659e+00 6.26218081e-01
  2.27888562e-02 0.00000000e+00 4.89799452e+00 5.25864506e+00
  0.00000000e+00 2.71794510e+00 1.81179893e+00 2.69047785e+00
  4.36262989e+00 8.03529549e+00 0.00000000e+00 2.43217754e+00
  9.58600104e-01 4.35406494e+00 3.31512451e-01 1.48347390e+00
  3.11291480e+00 7.62539721e+00 6.85916567e+00 3.23834014e+00
  3.78327036e+00 2.43115544e+00 6.83862567e-02 6.61055756e+00
  1.12485945e+00 1.87956047e+00 2.96669221e+00 7.06108332e+00
  5.41844893e+00 5.82153654e+00 3.12937713e+00 3.44616675e+00
  7.77196527e-01 1.46254373e+00 3.39327991e-01 8.49117851e+00
  3.13992023e+00 4.92615557e+00 1.94760418e+00 7.05877483e-01
  1.40433133e+00 1.94440854e+00 3.72693270e-01 2.33664885e-01
  0.00000000e+00 0.00000000e+00 2.96804786e+00 1.48547924e+00
  0.00000000e+00 5.26975250e+00 5.38331032e+00 5.21244824e-01
  2.84678383e+01 2.71658063e-01 2.61600524e-01 6.63749599e+00
  8.64210701e+00 6.05777979e-01 4.41533327e+00 3.24175924e-01
  2.43545842e+00 0.00000000e+00 5.04007816e-01 6.43214321e+00
  5.66101837e+00 1.84354162e+00 1.83637881e+00 6.64632130e+00
  1.92513064e-01 5.39682150e+00 0.00000000e+00 5.33038664e+00
  1.00822461e+00 2.79850888e+00 2.69976616e+00 2.84570599e+00
  5.93571961e-01 4.93868065e+00 6.00911617e-01 9.56359282e-02
  1.34793186e+00 7.81291103e+00 1.63060904e+00 3.12541127e+00
  2.32074213e+00 6.66365528e+00 7.05881476e-01 2.60903597e+00
  2.94729400e+00 2.08202028e+00 1.51606810e+00 8.41607571e-01
  2.74300551e+00 3.07454324e+00 2.80530429e+00 7.30599642e+00
  7.47025537e+00 1.65410471e+00 0.00000000e+00 1.75305951e+00
  1.44147277e-01 1.38608754e+00 1.90136635e+00 2.82522178e+00
  0.00000000e+00 8.48311782e-02 9.00647998e-01 0.00000000e+00
  1.24004173e+00 7.02635229e-01 5.75670624e+00 5.86402845e+00
  2.16567588e+00 4.92533483e-02 1.34792233e+00 2.33766985e+00
  0.00000000e+00 2.11009169e+00 1.09689689e+00 5.66059113e+00
  2.70663238e+00 3.38149101e-01 3.98252583e+00 5.79658985e+00
  1.70499249e+01 1.41953602e+01 1.47986794e+00 6.25426397e-02
  0.00000000e+00 1.52618241e+00 0.00000000e+00 0.00000000e+00
  3.59268975e+00 1.08812642e+00 5.23153134e-02 2.67826939e+00
  0.00000000e+00 5.27321577e-01 9.63594437e+00 8.13935101e-01
  0.00000000e+00 2.16725421e+00 0.00000000e+00 5.62653780e+00
  1.89784718e+00 2.81232476e+00 1.00979233e+01 3.31196606e-01
  1.04263747e+00 4.37230778e+00 6.38152409e+00 1.02608490e+01
  5.48855972e+00 6.09704629e-02 5.49449062e+00 3.04981518e+00
  1.87647164e+00 3.10358262e+00 2.08289909e+00 3.10950112e+00
  5.54688692e+00 1.04675606e-01 1.55443692e+00 6.90820360e+00
  1.15651190e+00 6.29683447e+00 5.69164217e-01 1.52748430e+00
  2.00019941e-01 4.43689615e-01 2.51020169e+00 3.84067822e+00
  4.60591221e+00 3.56519818e-01 2.94134760e+00 9.47474122e-01
  1.78709888e+00 1.27504215e-01 4.09417057e+00 1.21765590e+00
  1.13011360e+00 7.71574229e-02 3.50258875e+00 9.90502834e+00
  4.33775991e-01 3.41976810e+00 2.59469628e+00 1.49099183e+00
  9.49389744e+00 2.30715632e-01 4.45881891e+00 2.16725087e+00
  4.12532568e+00 8.86594594e-01 0.00000000e+00 0.00000000e+00
  4.46622372e+00 3.20445024e-03 1.28679490e+00 1.23202193e+00
  3.35151696e+00 1.09441173e+00 0.00000000e+00 1.92332101e+00]]