[[4.4122672e-01 2.0464089e+00 2.7361419e+00 5.7415195e-02 3.9602737e-03
  2.3829851e+00 6.1309443e+00 9.3724412e-01 3.3700053e-02 1.9360663e+00
  3.7064278e+00 2.5010946e+00 3.2991830e-01 7.6736510e-01 2.6938644e-01
  6.1570539e+00 0.0000000e+00 1.1125070e+00 3.1478131e-01 2.4307008e+00
  6.0843247e-01 6.6255941e+00 1.3900675e-01 2.7836126e-01 1.5519160e+00
  1.0980940e+01 8.8237888e-01 1.4731760e+00 1.6236980e+00 4.4792910e+00
  6.3828653e-01 2.0419166e+00 3.0286164e+00 6.4468613e+00 0.0000000e+00
  1.0058695e+00 3.5776212e+00 8.9519733e-01 8.5244188e+00 8.5285932e-01
  1.1656954e+01 1.4474237e-01 2.4738016e+00 7.0573134e+00 6.5534912e-02
  1.6115594e+00 5.4350972e-01 5.0530529e+00 1.4401956e+00 1.9358739e+00
  1.4320258e+00 1.5417558e+00 0.0000000e+00 3.9238143e-01 2.0997813e+00
  3.2669115e+00 1.0544736e-01 3.4315050e+00 0.0000000e+00 3.3301089e-02
  1.2052131e+00 2.1270911e-01 2.5485399e+00 1.2311060e+00 3.0508667e-01
  3.4505728e-01 1.6591640e+00 2.1913412e-01 1.7416896e-01 3.0663912e+00
  2.9656730e+00 6.5262622e-01 2.3360965e+00 3.3102062e+00 2.2704651e+00
  6.4526027e-01 1.0900756e-01 0.0000000e+00 7.9657637e-02 3.8071543e-01
  2.9967901e-01 1.0098688e+01 3.8149168e+00 2.8740234e+00 5.4366474e+00
  9.5705128e+00 9.6272206e-01 9.5990068e-01 2.7192557e+00 1.6471396e-01
  5.2041521e+00 3.7426310e+00 1.8126659e-01 5.3186822e+00 2.1537735e-01
  5.0089169e-01 2.0107381e+00 3.0627611e+00 5.9162581e-01 1.2499170e+01
  5.2129841e-01 3.4803789e+00 7.4289732e+00 1.5500997e+00 1.0127975e+00
  0.0000000e+00 3.4684744e+00 9.9415588e-01 4.4356756e+00 2.1422589e+00
  2.1456285e+00 2.5439651e+00 4.6983027e+00 4.7399678e+00 1.9823381e+00
  9.9026370e-01 1.1133899e+01 2.4638445e+00 1.0584514e-01 2.6435783e+00
  1.5187566e+00 2.4670520e+00 3.3034375e-01 1.9032106e+00 3.5169518e+00
  3.1989498e+00 0.0000000e+00 4.9526548e-01 8.1774247e-01 8.7674036e+00
  2.3090260e+00 0.0000000e+00 7.4888382e+00 6.1033754e+00 7.2828847e-01
  9.6143824e-01 1.3462673e+00 1.0727836e+00 5.3784836e-02 3.1197736e+00
  2.9990551e+00 4.8940778e-01 7.7571116e-02 6.6805968e+00 9.8368549e-01
  6.1401063e-01 5.1494503e+00 1.1213405e-01 0.0000000e+00 1.5158724e+00
  4.8499842e+00 2.9028618e+00 1.4276505e+00 5.4441833e-01 1.8624858e+00
  2.7995482e-01 4.9920835e+00 8.8525766e-01 4.6721968e-01 2.8495023e+00
  3.7499013e+00 5.7462950e+00 5.9333429e+00 4.4650206e-01 7.3813254e-01
  1.9050190e+00 7.7723074e-01 0.0000000e+00 1.1707831e-01 3.1627617e+00
  6.7713423e+00 7.5827992e-01 2.3180463e+00 2.4857351e-01 4.4625804e-01
  3.4723752e+00 1.3891485e-01 0.0000000e+00 5.8534298e+00 7.0125351e+00
  9.9967510e-02 0.0000000e+00 3.1991289e+00 8.5486782e-01 1.7678171e+00
  9.1504312e-01 3.3775282e-01 1.9592131e+00 1.8105601e+00 7.2898850e+00
  2.7664571e+00 1.0267446e-01 5.5347615e-01 1.9710375e+01 8.6255133e-01
  1.8646016e+00 2.7661437e-01 1.7974097e+00 5.6673217e-01 1.1496235e+00
  1.5250959e+01 1.6350005e-02 0.0000000e+00 3.0908225e+00 8.0247849e-01
  3.1353331e+00 2.7100272e+00 1.6136998e+00 4.6345046e-01 1.5739876e+01
  1.0884063e+00 2.3789196e+00 2.0874697e-01 3.0695133e+00 1.8966088e+00
  4.7823291e+00 4.2132769e+00 5.6205707e+00 5.2545410e-01 9.2064255e-01
  2.5451612e+00 1.1659034e+01 2.8888685e-01 7.7808207e-01 3.7349305e-01
  3.7767652e-01 4.0553074e+00 1.7816232e+00 7.8762150e-01 1.6139119e+00
  0.0000000e+00 2.9839687e+00 1.7211750e-01 5.4648602e-01 8.1383950e-01
  6.1750454e-01 8.2867174e+00 4.6103093e-01 0.0000000e+00 2.5904188e+00
  1.2264611e-01 0.0000000e+00 7.0299095e-01 4.1159849e+00 1.5994461e+00
  3.8154168e+00 4.5307808e+00 4.4817123e-01 8.8663924e-01 6.4942808e+00
  6.4372249e+00 2.3712230e+00 1.2320257e+00 4.4924216e+00 3.6474361e+00
  6.8479961e-01 1.1004434e+00 1.5970249e+00 7.8283668e+00 1.6194922e+00
  0.0000000e+00 1.2987496e+00 3.4298301e-01 7.7971458e+00 2.0684876e+00
  4.3136567e-01 1.3653280e-01 5.2367673e+00 5.6482601e+00 2.4334639e-01
  6.0459409e+00 0.0000000e+00 0.0000000e+00 4.6243930e+00 6.2956095e-01
  4.3626255e-01 7.7688022e+00 2.4729259e-01 5.1788461e-01 1.0229785e+00
  4.5944738e+00 3.6453145e+00 1.3029672e+00 6.6463680e+00 4.4405179e+00
  0.0000000e+00 3.1618857e+00 1.2415938e+00 1.4140046e+00 5.7069960e+00
  1.2683150e+00 4.6314466e-01 3.0181866e+00 9.0743752e+00 3.4155476e+00
  7.5778866e-01 1.5456627e-01 0.0000000e+00 8.3817792e-01 0.0000000e+00
  3.3529651e+00 1.6211475e+00 2.8474731e+00 0.0000000e+00 2.7151339e+00
  6.0738206e+00 0.0000000e+00 1.6569393e+00 4.4687754e-01 0.0000000e+00
  3.1778944e-01 0.0000000e+00 8.2979405e-01 0.0000000e+00 2.7924244e+00
  0.0000000e+00 4.9210069e-01 1.1449330e+00 2.2823379e+00 9.5351227e-02
  4.5988646e-01 9.6685246e-02 2.3565850e+00 6.4506793e-01 2.1977446e+00
  6.3872063e-01 1.2758586e+00 6.0101098e-01 4.3367034e-01 2.0025382e+00
  6.2100160e-01 4.4279742e+00 1.4681157e+00 2.0199029e+00 2.8672192e+00
  4.4089556e+00 4.1060739e+00 2.6121869e+00 3.4017575e-01 3.3156185e+00
  1.5735474e+00 2.0884347e+00 5.5591230e+00 1.3001730e+00 2.7603970e+00
  1.2849094e+00 3.5634713e+00 2.1555743e+00 1.5599500e-01 5.5658884e-02
  0.0000000e+00 0.0000000e+00 2.2684462e+00 1.3620418e+00 6.1396203e+00
  2.5217066e+00 2.3457235e-01 2.2048144e+00 1.9605963e-01 2.9580152e+00
  9.5483656e+00 0.0000000e+00 3.9231484e+00 4.7190146e+00 9.0160637e+00
  2.5615613e+00 1.8836826e+00 2.1824584e+00 5.8137399e-01 2.4819365e+00
  2.2000089e+00 6.5374118e-01 4.2215319e+00 1.6315049e+00 3.0092053e+00
  0.0000000e+00 1.5791534e+00 5.2502036e+00 3.5869112e+00 4.2645483e+00
  7.0368618e-01 6.4467435e+00 6.0002222e+00 1.0963373e+00 0.0000000e+00
  1.6312432e+00 5.4395753e-01 9.9218976e-01 4.4993591e+00 8.5066280e+00
  4.5016313e+00 1.7336568e+00 6.9092798e-01 3.0783973e+00 1.4619166e+00
  3.2142904e+00 3.3565068e-01 3.6769052e+00 9.9039173e+00 7.1284008e-01
  2.7363920e+00 9.7372246e+00 3.4545360e+00 6.9734583e+00 1.5555831e+00
  4.1415289e-01 5.9889428e-02 1.0830450e+00 3.0434197e-01 3.4015663e+00
  5.1917810e+00 4.1053743e+00 4.4210559e-01 3.0663183e-01 1.5448058e-01
  2.2117205e+00 4.1778641e+00 9.6387243e-01 0.0000000e+00 3.5492373e+00
  5.0579257e+00 5.7523644e-01 9.1597551e-01 3.0532331e+00 1.0030193e+00
  9.2131448e-01 2.3665581e+00 7.5893116e-01 4.1870436e-01 1.6122487e+00
  8.8880718e-01 4.6327729e+00 3.1658032e+00 2.8261149e+00 1.7744395e-01
  2.3088958e+00 2.5500324e-01 2.7782998e+00 1.3500243e+00 2.1956408e+00
  8.5252535e-01 8.8720179e-01 7.5917584e-01 1.6911810e+01 3.1990938e+00
  4.0621457e+00 5.3015387e-01 4.9827689e-01 2.3327162e+00 5.2028811e-01
  1.0953847e+00 5.1278181e+00 1.1190727e+00 1.6344166e+00 5.9186888e+00
  1.5618540e-01 3.3972394e+00 1.4838060e+00 3.0775898e+00 5.7094746e+00
  4.8228878e-01 8.5023367e-01 9.9392706e-01 3.3746135e-01 1.6706204e-01
  4.5720930e+00 3.1861014e+00 1.2430230e+00 3.2770703e+00 2.2123287e+00
  5.2138817e-01 1.5657507e-01 4.0874368e-01 8.7133770e+00 9.5741111e-01
  6.1573774e-01 7.1808267e-01 1.4836751e+00 2.9529481e+00 2.5365365e+00
  2.6778858e+00 1.9557978e+00 1.4837811e+00 3.1708834e+00 0.0000000e+00
  2.5327596e-01 2.0246188e-01 1.4133891e+00 7.7992684e-01 5.5583062e+00
  1.2602700e+00 3.8131802e+00 0.0000000e+00 2.0819292e+00 4.3345585e+00
  1.9511062e+00 1.7393026e+00 2.2226148e+00 7.0848823e-02 1.9512496e+00
  6.1625518e-02 1.4713652e+00 0.0000000e+00 5.6412500e-01 4.3684220e+00
  1.6665198e+00 1.6337129e+00 1.3378737e+00 6.6031474e-01 9.0768695e-01
  2.3261406e+00 5.9322532e-02]]