[[1.27879775e+00 4.44254303e+00 5.08831930e+00 6.58495307e-01
  4.46008027e-01 1.24517448e-01 8.88810921e+00 6.73404884e+00
  2.67133212e+00 7.23541856e-01 1.35269630e+00 1.19443250e+00
  8.38437843e+00 2.11543441e+00 6.71397746e-02 4.66780949e+00
  4.47267056e+00 1.18917966e+00 0.00000000e+00 5.24752188e+00
  2.35532522e-01 1.56069434e+00 1.13472462e+00 1.38345098e+01
  6.84729338e-01 3.73911405e+00 8.06314659e+00 1.07271490e+01
  6.19583702e+00 2.22180858e-02 2.97271633e+00 4.09378672e+00
  1.51104617e+00 9.73970294e-01 5.92530775e+00 6.59593880e-01
  0.00000000e+00 2.65529398e-02 1.60595357e+00 1.28020334e+01
  1.14848983e+00 4.75513840e+00 1.03450763e+00 7.04387999e+00
  0.00000000e+00 8.53445649e-01 2.61714172e+00 3.84165108e-01
  1.02431607e+00 1.57413065e+00 8.92057705e+00 5.89502716e+00
  5.56725502e-01 5.17437887e+00 1.99798667e+00 3.46279055e-01
  5.19700766e+00 2.84985512e-01 3.25443077e+00 2.64583921e+00
  3.13432288e+00 2.85721326e+00 1.25067720e+01 9.16394711e+00
  0.00000000e+00 1.78789997e+00 2.00236535e+00 2.56220490e-01
  1.46972418e+01 6.98198259e-01 1.13233197e+00 1.24556503e+01
  9.90413094e+00 7.32402277e+00 5.85212529e-01 2.04665852e+00
  1.02428102e+00 4.67661810e+00 7.39235973e+00 9.39820576e+00
  0.00000000e+00 2.73411846e+00 3.73169041e+00 1.89863527e+00
  2.15847626e+01 1.31644294e-01 8.41323376e-01 4.14938927e+00
  6.86734867e+00 1.46605074e+00 9.34555912e+00 8.20768833e-01
  9.74678040e-01 6.79302788e+00 1.95540261e+00 7.93709636e-01
  2.03796601e+00 1.80783379e+00 1.41716313e+00 8.14227772e+00
  1.66807044e+00 0.00000000e+00 3.42979455e+00 1.85459244e+00
  8.79043877e-01 1.06406822e+01 8.28765202e+00 5.69188213e+00
  1.00897532e+01 2.95477223e+00 1.18578672e+00 2.38671541e+00
  8.54276597e-01 1.99935719e-01 4.01308656e-01 2.77109766e+00
  1.04697866e+01 1.27291635e-01 1.93566561e-01 8.33440065e-01
  4.04793173e-01 1.96799004e+00 9.48700964e-01 3.06667876e+00
  4.64665699e+00 4.89684391e+00 9.57336903e+00 4.43843752e-01
  1.23690474e+00 1.40536098e+01 3.90340805e+00 5.20561516e-01
  5.14262724e+00 8.59924984e+00 2.69276261e+00 8.01372814e+00
  1.04462171e+00 1.72539759e+00 1.43632555e+00 3.45068049e+00
  5.14054680e+00 2.11950088e+00 2.95478034e+00 2.02760100e+00
  3.52363276e+00 3.15099573e+00 1.53394518e+01 1.66462100e+00
  0.00000000e+00 3.99024749e+00 1.30595908e-01 1.02921705e+01
  8.00562024e-01 1.55064070e+00 8.78095925e-01 5.33405972e+00
  1.46624351e+00 5.00960064e+00 9.00889516e-01 7.44758308e-01
  1.42194200e+00 8.63436222e+00 6.17453766e+00 0.00000000e+00
  2.79173279e+00 1.82437491e+00 3.87904668e+00 1.03232896e+00
  1.48799992e+00 4.29195023e+00 2.64577556e+00 6.24201059e+00
  1.73677003e+00 3.00960207e+00 7.41407871e-01 1.22642910e+00
  2.64079499e+00 4.83480573e-01 6.16616011e+00 2.06357098e+00
  4.51636016e-01 2.44361311e-01 6.01703548e+00 1.01512194e+01
  6.64329624e+00 1.36505115e+00 6.69021940e+00 2.17989469e+00
  2.95041180e+00 5.96775293e+00 2.79301667e+00 1.06748772e+01
  2.11397529e+00 2.09602547e+00 3.84427118e+00 1.45362740e+01
  1.21831346e+00 9.90520382e+00 3.14341211e+00 2.52488613e+00
  1.12439489e+00 6.81573629e+00 1.22529233e+00 1.35586643e+00
  1.75172997e+01 3.82912993e+00 5.18729389e-01 8.43797302e+00
  6.15966654e+00 3.59416413e+00 1.00593217e-01 2.45468712e+00
  1.36688828e+00 2.30766511e+00 1.15631456e+01 5.24508834e-01
  1.57418072e+00 0.00000000e+00 2.79695702e+00 9.96532917e-01
  7.15379906e+00 2.91365075e+00 1.08978500e+01 5.94435883e+00
  6.70780039e+00 9.80949116e+00 1.22870874e+00 8.98210430e+00
  0.00000000e+00 1.15216172e+00 2.98177290e+00 4.28763914e+00
  2.04458761e+00 2.52887058e+00 0.00000000e+00 5.63119078e+00
  2.42178059e+00 5.31040049e+00 3.12298179e+00 3.20048761e+00
  1.37709856e+00 2.57846832e+00 6.17241383e+00 1.22279472e+01
  2.73716360e-01 5.51399708e+00 3.24005437e+00 1.04365072e+01
  3.40257049e+00 1.64591904e+01 1.06230155e-01 7.33163133e-02
  0.00000000e+00 1.89059198e-01 7.31442213e-01 5.85868359e-01
  3.65716338e+00 3.26604915e+00 7.01682448e-01 8.57061744e-01
  4.34924036e-01 3.03991407e-01 1.65895042e+01 5.87943363e+00
  2.73329329e+00 1.49017036e+00 1.40401721e+00 1.31588960e+00
  7.35648394e+00 7.37570238e+00 3.66919661e+00 4.14319009e-01
  2.34569073e+00 1.22235048e+00 7.43427324e+00 4.15602714e-01
  7.58798552e+00 7.86515045e+00 7.24585915e+00 1.57432199e+00
  1.31761050e+00 4.35112667e+00 2.17048144e+00 8.95482063e+00
  0.00000000e+00 3.32667589e-01 6.07433844e+00 2.03829336e+00
  4.13284540e+00 5.10282516e+00 7.57630634e+00 3.72227877e-01
  7.29464948e-01 2.59954309e+00 3.18466020e+00 1.42917848e+00
  2.29811025e+00 2.43422318e+00 4.36436319e+00 1.68105412e+00
  4.89704657e+00 3.70831680e+00 5.00286245e+00 0.00000000e+00
  5.25476694e+00 6.13556290e+00 1.17558455e+00 3.41342950e+00
  5.03942311e-01 1.88321382e-01 2.91092348e+00 3.35230541e+00
  2.46774411e+00 2.38620830e+00 4.18985099e-01 3.63197637e+00
  9.05578136e+00 7.24080133e+00 2.03578544e+00 2.26614141e+00
  1.45311022e+01 3.94052744e+00 8.07332993e+00 3.37063640e-01
  4.31986713e+00 2.82653213e-01 7.76734209e+00 3.22956276e+00
  4.55611992e+00 0.00000000e+00 1.14318705e+00 3.19968075e-01
  8.02705109e-01 0.00000000e+00 1.30048189e+01 2.26825762e+00
  9.70064068e+00 8.13673878e+00 6.02016179e-03 1.89676106e+00
  1.43009682e+01 4.37851000e+00 4.11337709e+00 1.25927699e+00
  2.69705534e+00 1.89644694e-01 3.58391643e+00 2.16561437e+00
  1.17439485e+00 7.03461838e+00 1.43364310e-01 4.38143063e+00
  8.85753727e+00 4.67023373e-01 4.81802177e+00 1.03192782e+00
  7.31791198e-01 8.98229599e+00 2.68671894e+00 8.21604156e+00
  1.23650475e+01 3.36426210e+00 0.00000000e+00 6.87115240e+00
  1.42605555e+00 7.49215722e-01 1.87780037e+01 5.35788655e-01
  4.06109428e+00 8.96574855e-01 3.66778493e+00 5.24511957e+00
  7.01771259e+00 3.18396278e-02 3.92474556e+00 6.38205528e+00
  4.17539787e+00 0.00000000e+00 9.19431400e+00 3.44787598e+00
  6.03284502e+00 3.16321284e-01 4.44524556e-01 4.15960026e+00
  5.91289902e+00 0.00000000e+00 8.45610809e+00 7.67218947e-01
  3.18603635e-01 8.60253525e+00 3.65401745e+00 2.82232285e+00
  8.37119579e+00 7.17505634e-01 7.08321762e+00 5.84748328e-01
  2.72480297e+00 3.24796891e+00 7.56998634e+00 3.19506955e+00
  7.01336432e+00 1.51869736e+01 2.89371872e+00 8.45342577e-01
  3.01546311e+00 8.13960552e-01 0.00000000e+00 1.44258833e+00
  7.71260357e+00 6.98033690e-01 8.96695614e+00 3.78470600e-01
  0.00000000e+00 1.06981468e+00 4.97252405e-01 5.27840519e+00
  0.00000000e+00 1.19443119e+00 3.49541903e+00 1.16844952e+00
  0.00000000e+00 4.54283178e-01 1.46149635e+00 7.00819445e+00
  2.15524840e+00 8.67035925e-01 4.64197922e+00 6.38087559e+00
  2.54493999e+00 9.65956783e+00 8.14057922e+00 1.41980028e+00
  3.02114248e+00 4.22983646e+00 1.78502953e+00 8.97600555e+00
  1.45316958e+00 0.00000000e+00 0.00000000e+00 2.53153920e+00
  5.79652965e-01 3.26667881e+00 2.31784750e-02 3.06569505e+00
  3.74830532e+00 1.41068161e+00 3.50679547e-01 3.55902076e-01
  5.21711349e-01 4.17901099e-01 1.23621142e+00 7.67126322e+00
  5.22367907e+00 4.82587528e+00 7.61408424e+00 3.62152410e+00
  6.01056051e+00 1.03956127e+00 3.41886789e-01 8.40470505e+00
  1.08199298e+00 3.39455080e+00 1.80480510e-01 0.00000000e+00
  0.00000000e+00 2.09193206e+00 1.02880154e+01 1.97251081e+00
  5.63195992e+00 2.66735315e+00 4.46525186e-01 1.37696857e+01
  3.56003499e+00 6.11005306e-01 0.00000000e+00 1.99263549e+00
  2.69066066e-01 9.35000777e-01 6.21303844e+00 7.73308575e-01
  3.17441583e-01 1.46783948e+00 5.08145523e+00 1.34423590e+00
  2.80962801e+00 4.64509869e+00 3.08045030e+00 5.26706874e-01
  3.03510427e+00 3.40950298e+00 4.25052118e+00 4.42172813e+00
  2.66199970e+00 1.48150790e+00 2.22254133e+00 2.34179616e+00
  2.28194141e+00 5.19151258e+00 1.84635329e+00 1.73901165e+00
  4.75170135e+00 1.94933689e+00 6.62481260e+00 1.00813842e+00
  4.86835092e-01 4.65801835e-01 2.71626687e+00 9.85824776e+00
  6.04451704e+00 5.92753649e-01 2.62428689e+00 5.49359083e-01]]