[[2.4319370e+00 2.1417024e-02 9.1415155e-01 1.4053451e-01 0.0000000e+00
  2.8969438e+00 6.4380150e+00 0.0000000e+00 2.0644348e+00 1.0536093e+00
  6.6616118e-01 2.4100385e+00 3.2476931e+00 3.8973558e+00 0.0000000e+00
  4.2609420e-01 1.1431233e-01 1.1021322e+00 0.0000000e+00 2.1084392e+00
  5.9431705e+00 6.8089542e+00 2.4488091e+00 2.9954243e+00 2.0074506e+00
  1.0305242e+01 1.0397369e+01 7.0739923e+00 2.5269310e+00 1.5868033e+00
  0.0000000e+00 3.2245557e+00 1.4065901e+00 3.3503747e+00 6.3143983e-02
  4.5245767e+00 5.5191288e+00 1.3397355e-01 1.1037283e+01 5.1217756e+00
  6.3816953e+00 8.1929040e-01 3.2656436e+00 3.4649007e+00 1.7128831e+00
  0.0000000e+00 2.5003705e+00 0.0000000e+00 8.3982790e-01 1.2197732e+00
  1.1185980e+00 1.5022010e+00 0.0000000e+00 3.1029420e+00 1.7712660e+00
  4.0429151e-01 3.6917946e+00 1.8151958e+00 6.1302918e-01 0.0000000e+00
  0.0000000e+00 1.0188060e+00 1.1975536e+01 1.2575753e+01 0.0000000e+00
  1.8849412e+00 2.3966371e-03 2.3186581e+00 1.1194950e+00 1.9149531e+00
  4.6179705e+00 4.7777472e+00 2.8927732e+00 4.7487125e+00 3.8100651e-01
  0.0000000e+00 9.6112430e-02 2.9953687e+00 1.5181873e+00 1.3340375e-01
  2.6731711e-02 8.6142802e-01 3.1921740e+00 0.0000000e+00 0.0000000e+00
  5.1813178e+00 3.1754147e-02 0.0000000e+00 9.5647591e-01 0.0000000e+00
  2.7901793e+00 8.4428501e-01 0.0000000e+00 5.9593978e+00 4.1319811e-01
  2.7249071e-01 0.0000000e+00 1.5736648e+00 1.9341226e-01 2.3925078e+00
  2.3933752e-01 8.3503647e+00 2.0363491e+01 7.3349495e+00 1.9947270e+00
  5.9647427e+00 5.8028795e-02 1.7274843e-01 2.5871449e+00 0.0000000e+00
  2.6685648e+00 7.9324800e-01 1.8526609e-01 2.7430062e+00 7.4340039e-01
  3.0013612e-01 1.0126311e+01 8.1555921e-01 1.6172098e+00 5.3186240e+00
  0.0000000e+00 5.7345099e+00 7.0678717e-01 2.9576395e+00 1.2643363e+01
  1.6388005e+00 0.0000000e+00 0.0000000e+00 1.8297852e+00 6.1054764e+00
  3.2380119e-01 3.7961194e-01 4.1467266e+00 9.4131537e-02 0.0000000e+00
  3.1611867e+00 1.4451554e-01 0.0000000e+00 1.0978708e+00 9.2995529e+00
  0.0000000e+00 6.1251752e-02 0.0000000e+00 1.5235343e+01 1.1786799e+00
  1.0485051e+00 2.3451345e+00 0.0000000e+00 4.1228607e-03 6.0324049e-01
  6.7119837e+00 4.8657718e-01 3.5127729e-01 1.7992295e-01 4.1850802e-01
  0.0000000e+00 9.3141478e-01 1.2259883e+01 4.4055166e+00 0.0000000e+00
  3.1744249e+00 4.8613662e-01 6.1631732e+00 3.8204141e-02 1.8242153e+00
  3.2771146e+00 1.3405734e-01 2.1271982e+00 9.9348426e-02 4.2184639e+00
  6.3597364e+00 4.4183035e+00 6.3557367e+00 1.0653850e+00 5.3211296e-01
  2.2054269e+00 0.0000000e+00 1.9147563e+00 2.8855629e+01 1.3811565e+01
  3.6753206e+00 1.9218197e-02 2.3219373e+00 0.0000000e+00 1.3618872e-01
  1.2204860e+00 2.2908642e+00 3.3954511e+00 1.6786816e+00 1.8734099e+00
  1.5967584e+00 0.0000000e+00 7.2788529e-02 4.4540180e+01 0.0000000e+00
  7.5627655e-02 2.4927373e-01 9.8257446e+00 4.3506551e-01 0.0000000e+00
  2.4059775e+00 4.5373397e+00 0.0000000e+00 4.7193484e+00 7.0392008e+00
  2.2419100e+00 4.1251448e-03 0.0000000e+00 2.6625872e+00 4.3474932e+00
  2.0137982e+00 3.2309806e+00 4.7645006e-01 3.9245084e-01 0.0000000e+00
  4.5638843e+00 1.1209869e-01 5.9247988e-01 0.0000000e+00 8.6686474e-01
  1.8349452e+00 6.4124436e+00 8.9811534e-01 2.4831870e+00 1.4820276e+00
  6.6803260e+00 0.0000000e+00 2.8561810e-01 0.0000000e+00 1.3423364e+00
  0.0000000e+00 1.4888325e+00 3.9084825e-01 1.1594133e+01 2.3279915e+00
  1.9641581e+00 2.9742215e+00 4.5197697e+00 9.3860906e-01 4.4038339e+00
  1.8286170e-01 0.0000000e+00 3.7996478e+00 1.0342588e+00 1.0093749e+00
  9.8900070e+00 9.2711430e+00 9.9741113e-01 1.8483260e+00 1.6956618e+00
  5.1275759e+00 0.0000000e+00 8.9638039e-02 1.4248234e+00 2.9825430e+00
  0.0000000e+00 7.6352492e-02 1.0866252e+00 2.8537323e+00 9.5577800e-01
  9.3228203e-01 0.0000000e+00 0.0000000e+00 3.8036306e+00 8.2645971e-01
  5.0670557e+00 0.0000000e+00 1.0144345e+00 4.8744893e+00 4.4755250e-01
  3.7770588e+00 0.0000000e+00 2.7928364e+00 3.7744403e-01 1.3701832e+00
  1.4541084e-01 8.9881792e+00 1.4291638e-01 1.9144197e-01 1.8522356e-02
  7.7624450e+00 3.6596651e+00 9.7864008e+00 3.7291937e-02 3.9437410e-01
  4.1249439e-02 3.0791881e+00 2.2381718e-01 1.7764450e+00 6.0548801e+00
  0.0000000e+00 0.0000000e+00 3.9942199e-01 8.2246208e+00 3.1160877e+00
  0.0000000e+00 4.8227892e+00 1.4712095e+00 1.7392033e+00 0.0000000e+00
  1.5806705e+01 0.0000000e+00 7.7437282e-01 6.5481162e-01 1.2262034e+00
  7.9529399e-01 9.8319572e-01 9.5328897e-01 4.8577199e+00 1.4227793e+00
  6.5871811e-01 1.1404555e+00 2.3939397e+00 5.3246582e-01 3.3554130e+00
  3.8792482e-01 0.0000000e+00 8.6821623e+00 2.2453759e+00 3.7885180e-01
  8.4633636e+00 3.7364943e+00 1.2635167e+00 4.7974932e-01 6.3466108e-01
  5.1786170e+00 8.7999195e-01 0.0000000e+00 0.0000000e+00 0.0000000e+00
  1.6903260e-01 9.7718840e+00 1.3356760e-01 1.3577285e+00 3.3770759e+00
  4.3998906e-01 5.8414841e+00 2.4683996e-01 2.5544260e+00 2.7279165e+00
  1.1381657e+00 2.4045913e-01 0.0000000e+00 3.7335566e-01 1.8186059e+00
  3.9548714e+00 5.8118753e+00 1.9038469e+00 1.5092235e+00 1.3140158e-01
  5.3037226e-02 2.2319613e+00 6.9069414e+00 4.4529109e+00 8.1395119e-01
  7.0023924e-02 1.5549809e+00 1.3757100e+01 3.0044827e+00 1.2493698e-01
  2.0669767e+01 4.4344094e-02 6.3292232e+00 4.1011386e+00 9.9784393e+00
  8.2050103e-01 2.7810818e+01 1.3429439e+00 0.0000000e+00 2.5466236e-01
  1.8508538e+00 9.0245944e-01 4.3764024e+00 1.0758231e+00 1.6859875e+00
  2.6791352e-01 0.0000000e+00 6.3127842e+00 1.2715940e-01 4.1480670e+00
  1.0096627e+00 2.6682837e-02 0.0000000e+00 1.9717748e+00 1.1055375e+00
  1.8363112e-01 7.5899613e-01 1.2437758e+00 2.8388102e+00 1.5075104e+00
  1.4605851e+00 1.1688223e+00 4.7690630e+00 1.1066736e+00 2.0343591e-01
  4.0086374e+00 1.8204497e+00 2.2610614e+00 5.7341796e-01 4.8080814e-01
  5.4725790e-01 3.1339405e+01 1.1685460e+00 1.6919020e+01 1.5559373e+00
  0.0000000e+00 0.0000000e+00 0.0000000e+00 1.7037431e+00 1.2107480e+00
  1.4855367e+01 1.1030564e+00 0.0000000e+00 0.0000000e+00 1.9941711e-01
  1.0801309e-01 2.2916713e+00 4.9134478e-02 1.6519719e+00 2.6282992e+00
  5.2036777e+00 0.0000000e+00 0.0000000e+00 1.6160771e+00 4.2868650e-01
  9.7665064e-02 2.6035202e-01 1.0643778e+01 2.2612262e+00 0.0000000e+00
  4.1162404e-01 4.8492557e-01 3.7459927e+00 1.7997006e-01 4.8725706e-02
  1.3852680e+01 8.2502842e-01 5.8272586e+00 0.0000000e+00 6.0560763e-02
  2.3141172e+00 0.0000000e+00 1.8082112e+00 1.2913481e+01 7.1614248e-01
  3.1699810e+00 7.6130146e-01 1.0965452e+00 0.0000000e+00 2.7160877e-01
  7.7496678e-01 1.1286452e+00 5.9540266e-01 5.9961596e+00 7.8047347e+00
  7.6318157e-01 2.0418072e+00 8.1043524e-01 6.9627094e-01 4.8592124e+00
  0.0000000e+00 1.8728145e+00 9.2400461e-01 2.5235817e+00 0.0000000e+00
  0.0000000e+00 1.0646555e+00 5.8310038e-01 1.2473972e+00 1.0422105e-01
  1.2443401e+00 0.0000000e+00 0.0000000e+00 5.2459064e+00 4.8929330e-02
  2.6883298e-01 4.0368891e+00 2.5109048e+00 8.0378580e-01 1.0183423e+00
  4.6600498e-02 0.0000000e+00 0.0000000e+00 1.1480148e+00 0.0000000e+00
  1.5043527e+01 5.5337090e+00 0.0000000e+00 1.5203933e+00 0.0000000e+00
  1.2450985e+00 3.0416384e-01 0.0000000e+00 8.7631142e-01 8.0455408e-02
  2.7109351e+00 1.2758955e+01 2.2105267e+00 6.8755426e-02 7.3752874e-01
  3.3308351e+00 2.4872616e-01 3.5841775e+00 1.4954706e+00 1.0582479e+01
  0.0000000e+00 5.2821670e+00 2.0749464e+00 1.6369625e+00 0.0000000e+00
  2.8252306e+00 6.6632566e+00]]