[[7.47194409e-01 2.61923409e+00 2.17373180e+00 4.27917778e-01
  2.46386552e+00 1.02316103e+01 4.53226185e+00 1.20218444e+00
  5.81829882e+00 5.18780899e+00 4.41121292e+00 2.47003257e-01
  5.56399785e-02 5.56351304e-01 6.61478996e-01 2.04749048e-01
  1.44256783e+00 1.09624183e+00 0.00000000e+00 2.57918382e+00
  2.19550824e+00 7.76662397e+00 1.12169611e+00 1.18549144e+00
  4.90147024e-01 8.30644417e+00 3.44866812e-01 1.86931658e+00
  1.77498952e-01 5.64381555e-02 8.43139648e-01 3.92481160e+00
  4.94917542e-01 1.17292476e+00 1.15630341e+00 7.02542973e+00
  2.91605806e+00 4.50047672e-01 1.22667718e+00 4.74979103e-01
  1.37636518e+01 0.00000000e+00 2.29200864e+00 5.99882364e+00
  7.00467706e-01 1.32376409e+00 3.53845286e+00 8.83749485e+00
  3.37728977e+00 1.23444915e+00 8.73010457e-01 3.16277266e-01
  1.59609258e+00 6.73324317e-02 6.21508956e-01 3.44690967e+00
  4.07982731e+00 2.78266430e+00 4.57507563e+00 7.15044737e-01
  1.80945769e-01 1.91964126e+00 5.04086542e+00 8.43177986e+00
  1.05753851e+00 8.99655700e-01 0.00000000e+00 1.14773309e+00
  2.86661792e+00 7.12209523e-01 5.94801366e-01 9.73384953e+00
  7.95390368e-01 3.76792264e+00 1.62704945e+01 1.13701665e+00
  9.76256728e-01 7.17412329e+00 1.16164535e-01 1.63805914e+00
  8.51402283e-02 1.41837251e+00 3.11303091e+00 1.36666965e+00
  1.05488977e+01 6.38676548e+00 2.45142484e+00 2.32489526e-01
  3.44108105e+00 1.07349229e+00 5.81259346e+00 1.37736619e+00
  1.89496100e+00 3.57056665e+00 6.49837911e-01 0.00000000e+00
  1.94434226e-01 1.87682629e+00 5.73974228e+00 7.69133139e+00
  5.15231490e-01 2.86486912e+00 2.11987805e+00 3.15142417e+00
  1.04176879e+00 1.77566677e-01 2.80515718e+00 4.93776232e-01
  3.96206409e-01 9.22838151e-01 3.01459026e+00 8.36092710e-01
  2.76782465e+00 6.05637766e-02 7.64035106e-01 6.72327355e-02
  4.87073708e+00 7.16763639e+00 1.28392506e+00 1.84181976e+00
  5.71930110e-01 3.39389503e-01 6.98251128e-01 1.09319468e+01
  1.01102710e+00 0.00000000e+00 3.02189648e-01 4.30655271e-01
  6.97934103e+00 1.46833954e+01 3.84674191e+00 6.23933363e+00
  1.30502772e+00 1.87367868e+00 6.24070406e-01 4.92030811e+00
  3.91254634e-01 1.99833119e+00 4.31068122e-01 2.80548787e+00
  6.00692689e-01 4.08588707e-01 0.00000000e+00 7.75972223e+00
  8.44956970e+00 5.26030111e+00 3.69087386e+00 2.21802855e+00
  0.00000000e+00 2.96699142e+00 3.47204971e+00 3.32783604e+00
  4.74652380e-01 3.56432460e-02 9.46749806e-01 1.45098197e+00
  6.48919868e+00 6.42288268e-01 0.00000000e+00 3.34604669e+00
  6.52568161e-01 2.81082320e+00 6.64366198e+00 2.79658604e+00
  2.01691175e+00 1.28639594e-01 4.76562642e-02 1.29683542e+00
  3.03482032e+00 1.02481854e+00 1.83869764e-01 3.39448762e+00
  2.18850994e+00 2.36380243e+00 8.50891292e-01 1.92487013e+00
  0.00000000e+00 1.38284266e+00 1.36432636e+00 2.82947874e+00
  3.56489480e-01 2.77850747e+00 3.42235112e+00 2.82655811e+00
  6.54596388e-01 1.08200741e+00 7.70421886e+00 3.67695045e+00
  1.87447056e-01 7.26398659e+00 1.20026131e+01 5.86932302e-01
  0.00000000e+00 1.37851553e+01 1.55685318e+00 3.04079461e+00
  5.37709904e+00 1.34030652e+00 6.08848715e+00 0.00000000e+00
  7.56788874e+00 4.59551764e+00 3.33345443e-01 3.86844826e+00
  6.90063810e+00 7.09883785e+00 2.41850972e+00 2.71929622e+00
  1.87041923e-01 3.51132202e+00 7.83212245e-01 9.47874725e-01
  5.21145016e-02 6.69463730e+00 2.52321541e-01 4.22065830e+00
  5.03523970e+00 4.96196461e+00 1.05594432e+00 1.90775847e+00
  5.92986822e+00 5.89166403e+00 1.99390674e+00 9.35338080e-01
  7.24313796e-01 4.92682196e-02 5.92867434e-01 6.41172886e+00
  6.65298522e-01 4.51856232e+00 5.61168194e-01 8.34492111e+00
  1.43116102e-01 1.03986096e+00 1.56393957e+00 4.94977027e-01
  1.48132353e+01 5.44029093e+00 1.15241404e+01 1.21228564e+00
  1.62352160e-01 2.98895192e+00 8.90938520e-01 3.35229397e+00
  1.61778104e+00 4.26807117e+00 2.52463055e+00 2.12416172e+00
  4.42696619e+00 1.01839709e+00 5.90840673e+00 1.37435412e+00
  6.73370838e-01 4.72662449e-01 8.14162731e+00 9.42285419e-01
  1.23022556e+00 0.00000000e+00 2.89390802e+00 0.00000000e+00
  1.84086666e-01 7.84099638e-01 2.04251498e-01 7.88339555e-01
  1.56188011e+00 4.35080671e+00 1.36733663e+00 1.73046529e+00
  1.23122559e+01 1.23396981e+00 3.44890976e+00 0.00000000e+00
  6.86586022e-01 1.74889576e+00 2.49106574e+00 2.96021295e+00
  8.25763798e+00 2.72744751e+00 8.18717241e-01 7.91248989e+00
  9.93200207e+00 6.23176634e-01 1.07238779e+01 3.90266395e+00
  7.18997383e+00 4.38295007e-01 4.22191525e+00 2.38132119e+00
  1.06344140e+00 1.64231837e+00 1.87752581e+00 4.86876392e+00
  1.28888309e+00 9.41128159e+00 3.07259607e+00 3.33881855e+00
  0.00000000e+00 1.42525184e+00 0.00000000e+00 2.08140945e+00
  1.83390462e+00 7.13420010e+00 3.97350645e+00 5.57266951e-01
  1.84319758e+00 2.69675684e+00 1.64154500e-01 1.50306046e+00
  1.39751649e+00 9.38119531e-01 4.07117891e+00 2.68009305e+00
  1.19145858e+00 1.06041998e-01 2.21079087e+00 2.94966722e+00
  2.18860313e-01 5.69792843e+00 1.01425898e+00 2.30984449e+00
  2.87863612e-01 9.13760543e-01 8.23417664e-01 7.39959300e-01
  2.09322667e+00 5.78977442e+00 7.01910400e+00 3.88652468e+00
  1.61917257e+00 0.00000000e+00 1.60521901e+00 8.49930859e+00
  1.74623787e+00 1.05406024e-01 1.96546376e+00 6.07787323e+00
  7.60374975e+00 7.24105787e+00 2.29897594e+00 1.92287040e+00
  1.73207247e+00 7.14159906e-01 4.74125862e+00 7.89040565e+00
  1.16360617e+00 1.10669148e+00 2.33997822e+00 2.18956375e+00
  0.00000000e+00 9.08698177e+00 1.98998917e-02 6.12281799e-01
  0.00000000e+00 2.93644756e-01 6.91095352e+00 1.92338276e+00
  6.34748602e+00 3.95875573e+00 3.33480763e+00 2.57013679e+00
  8.96881104e-01 4.74101424e-01 2.21050024e+00 2.18784308e+00
  1.41884422e+00 2.50348139e+00 1.13046112e+01 2.19673976e-01
  2.53215861e+00 1.14094627e+00 3.26789394e-02 1.52319860e+00
  1.12961454e+01 1.24016917e+00 6.98137856e+00 1.73107290e+00
  5.19548237e-01 0.00000000e+00 0.00000000e+00 2.44892240e+00
  2.86694360e+00 4.65091419e+00 4.97533226e+00 7.92475641e-01
  8.24798405e-01 7.07573354e-01 1.06842864e+00 1.48827767e+00
  3.08948565e+00 7.24122715e+00 2.03948021e+00 4.19420338e+00
  4.76927948e+00 1.64673239e-01 7.09460592e+00 4.44445753e+00
  1.53593481e+00 9.23554718e-01 5.37310410e+00 1.04261839e+00
  1.49229411e-02 8.20119095e+00 2.63886690e+00 1.92409962e-01
  3.98883271e+00 3.27180349e-03 1.05417597e+00 6.50149817e-03
  4.99782473e-01 1.24331369e+01 7.54605532e+00 7.63122797e+00
  0.00000000e+00 0.00000000e+00 9.58360314e-01 2.01275259e-01
  0.00000000e+00 2.98337007e+00 1.43702650e+00 1.06403959e+00
  1.24348748e+00 7.89192677e-01 1.00183737e+00 2.64111567e+00
  3.13268512e-01 4.30700332e-02 9.49564576e-02 3.49802732e+00
  3.64199956e-03 1.12946558e+00 7.81736517e+00 9.39001179e+00
  1.51938524e+01 1.74022162e+00 3.09452987e+00 9.73333454e+00
  3.69601160e-01 5.63650608e-01 1.12145737e-01 2.87852812e+00
  1.52212632e+00 5.38748145e-01 5.26975334e-01 8.39646530e+00
  2.53022254e-01 5.26062608e-01 6.13034391e+00 1.59830070e+00
  0.00000000e+00 1.42079973e+00 7.39364684e-01 7.25051832e+00
  3.33484602e+00 1.10661733e+00 3.41640282e+00 4.54145938e-01
  1.41643381e+00 1.84574842e+00 2.66060519e+00 6.06848097e+00
  5.45315933e+00 2.72990537e+00 1.63008153e+00 0.00000000e+00
  6.76862144e+00 3.84876299e+00 2.13566756e+00 1.29330564e+00
  4.52394396e-01 1.67936611e+00 1.35809326e+00 4.83844376e+00
  8.90426540e+00 5.18715048e+00 8.82100642e-01 1.21065331e+00
  8.03577483e-01 1.60027790e+00 6.90970898e-01 0.00000000e+00
  3.19248748e+00 1.96426511e-01 3.61945605e+00 5.20637810e-01
  3.16488147e+00 0.00000000e+00 7.36315846e-01 3.91624987e-01
  4.58292007e+00 5.78295350e-01 1.34949648e+00 6.63315964e+00
  7.28050843e-02 1.78800774e+00 6.88846016e+00 8.93551290e-01
  3.95379019e+00 1.41050971e+00 3.80828381e+00 5.48146963e+00
  4.17302513e+00 2.63946533e+00 8.24672058e-02 2.01349783e+00
  3.63189912e+00 4.50674057e-01 1.03204000e+00 1.24709523e+00
  3.42108274e+00 2.91674066e+00 8.06509912e-01 5.36755085e-01]]