[[1.05381179e+00 1.67929292e+00 0.00000000e+00 1.24666624e-01
  2.58806181e+00 3.41270828e+00 4.15381384e+00 7.06284857e+00
  2.30882382e+00 0.00000000e+00 1.56469226e+00 3.55108547e+00
  3.46057534e+00 5.12524986e+00 0.00000000e+00 6.40383101e+00
  3.97177958e+00 1.38725138e+00 6.66327357e-01 8.21110916e+00
  9.80859399e-01 1.60170956e+01 4.45758104e-01 9.17247105e+00
  3.25382829e+00 8.32234383e+00 2.70873451e+00 0.00000000e+00
  3.22655654e+00 1.07370101e-01 2.30827737e+00 1.41158113e+01
  2.86470145e-01 4.68263817e+00 4.72005814e-01 4.07796443e-01
  1.76453400e+00 0.00000000e+00 3.93310785e+00 3.10118580e+00
  5.07840753e-01 8.67324829e-01 1.13134956e+00 6.14792633e+00
  2.69743681e+00 2.39834219e-01 6.84336007e-01 2.61554837e+00
  1.87448645e+00 1.86541748e+00 5.73762465e+00 6.14341593e+00
  6.79192662e-01 1.52286327e+00 2.75765967e+00 8.67717934e+00
  2.51379824e+00 1.17545872e+01 9.90794599e-01 1.88584185e+00
  2.89239097e+00 9.65412557e-01 8.23372746e+00 1.06727104e+01
  1.06369406e-01 0.00000000e+00 1.10937715e+00 7.96046615e-01
  7.41276169e+00 6.89766598e+00 5.57053268e-01 1.54666758e+00
  7.28020906e+00 4.07562590e+00 4.58482075e+00 1.60179889e+00
  1.13665056e+00 2.92215037e+00 0.00000000e+00 6.02251005e+00
  1.41574312e-02 8.19310188e+00 5.90564966e+00 1.85517311e-01
  1.67168655e+01 1.49302781e+00 2.65469253e-01 1.30288675e-01
  3.22387409e+00 1.45037591e+00 1.59529078e+00 8.87574005e+00
  8.48289311e-01 1.43137245e+01 3.84446204e-01 2.84049296e+00
  4.59885389e-01 3.84851003e+00 1.55023053e-01 1.70906627e+00
  2.17137980e+00 2.14547038e+00 4.65591669e+00 1.00965986e+01
  5.95698786e+00 4.48940706e+00 1.01162732e+00 9.41387653e-01
  1.79656076e+00 5.57809353e-01 1.35447013e+00 8.27046871e-01
  9.72654998e-01 9.30633545e-01 1.64503896e+00 5.47781885e-01
  1.22287178e+01 0.00000000e+00 1.82309961e+00 5.02093256e-01
  0.00000000e+00 2.18585587e+00 9.77192938e-01 4.33710051e+00
  2.04209059e-01 2.36832976e+00 2.51861262e+00 5.54756857e-02
  1.12919581e+00 2.14909286e+01 5.33161545e+00 8.70009437e-02
  4.01814413e+00 9.92384925e-02 1.49161077e+00 2.92341495e+00
  3.88036299e+00 5.12282467e+00 5.27801037e+00 3.44623804e+00
  5.42085946e-01 7.68275785e+00 5.49126196e+00 9.16504920e-01
  3.13999462e+00 3.87991261e+00 7.96877432e+00 1.99579704e-03
  4.11287403e+00 1.76322445e-01 5.46912241e+00 3.90598249e+00
  1.77239370e+00 6.06635988e-01 1.08104002e+00 6.42832422e+00
  4.44830084e+00 2.94812083e+00 0.00000000e+00 2.15487194e+00
  3.22609752e-01 1.17932091e+01 1.56971705e+00 2.46253386e-01
  1.32962191e+00 2.81888413e+00 7.31106341e-01 3.52229863e-01
  9.33764815e-01 3.32758880e+00 1.28923821e+00 1.87811160e+00
  3.94380474e+00 2.24103713e+00 1.41089380e+00 7.23052442e-01
  1.17009008e+00 1.37132764e+00 3.01507258e+00 6.54026890e+00
  1.03371441e-01 2.47306657e+00 1.33208075e+01 5.91963911e+00
  2.85191584e+00 1.69813943e+00 1.13064775e+01 6.09747982e+00
  2.51135445e+00 5.72775602e+00 8.62784100e+00 2.59850267e-02
  5.03151226e+00 9.85143280e+00 2.33310834e-02 3.60981250e+00
  1.28004158e+00 2.74380660e+00 1.42463732e+00 0.00000000e+00
  2.85012174e+00 0.00000000e+00 2.56702900e+00 1.25844657e+00
  4.32633734e+00 1.76005304e-01 1.96495199e+00 1.03482237e+01
  6.56264305e+00 8.21213341e+00 1.60152626e+00 4.67538166e+00
  1.16673255e+00 2.53824472e-01 3.66851592e+00 0.00000000e+00
  1.07825100e+00 1.50910807e+00 5.08123457e-01 3.33928251e+00
  1.19938219e+00 7.02956820e+00 2.49026656e+00 2.01615572e+00
  2.70744205e+00 2.39609098e+00 1.00871944e+00 1.32617843e+00
  2.20145607e+00 4.16353750e+00 1.19364023e+01 4.78160572e+00
  1.26889157e+00 4.73306626e-01 3.11473417e+00 4.89203930e+00
  3.00031829e+00 6.97474194e+00 4.86385059e+00 1.26680112e+00
  4.73262936e-01 1.35463917e+00 1.48081553e+00 6.28370523e+00
  7.61100864e+00 2.23469734e+00 6.06638861e+00 7.12428427e+00
  1.40314138e+00 0.00000000e+00 5.86420238e-01 1.21434212e+00
  4.63298988e+00 9.41771626e-01 1.26028991e+00 9.94248211e-01
  5.59325576e-01 4.90058631e-01 7.57305384e-01 1.16807616e+00
  0.00000000e+00 1.61403871e+00 7.13579464e+00 7.35945892e+00
  1.78752220e+00 2.33426929e+00 2.69442844e+00 1.73490989e+00
  1.44355354e+01 0.00000000e+00 5.71920109e+00 0.00000000e+00
  5.57826221e-01 6.68679619e+00 6.73563838e-01 9.03621674e-01
  8.47206402e+00 4.49122763e+00 3.86338234e+00 1.31072340e+01
  4.98902559e+00 2.34486175e+00 1.66860943e+01 3.48621798e+00
  1.15699053e+00 6.61586702e-01 1.15809240e+01 6.11371696e-01
  3.42951775e+00 2.87682486e+00 9.82804012e+00 2.07293987e+00
  8.42045403e+00 3.48084784e+00 3.48736286e+00 6.28942132e-01
  9.06811810e+00 1.55886519e+00 6.75935507e+00 1.05263937e+00
  6.62714124e-01 1.34247627e+01 7.01622295e+00 0.00000000e+00
  2.95030785e+00 4.12454414e+00 1.93757546e+00 1.08669221e+00
  5.26649714e-01 3.79548812e+00 3.64308119e-01 4.44217300e+00
  6.53348017e+00 5.87972069e+00 1.63413405e+00 3.66614246e+00
  7.36993265e+00 8.02123547e+00 3.50189614e+00 2.07854414e+00
  1.94142926e+00 2.78570795e+00 1.24066086e+01 1.07812917e+00
  2.47702026e+00 3.48769873e-02 1.29803057e+01 5.83100200e-01
  3.13345075e-01 0.00000000e+00 1.97400427e+00 3.15180755e+00
  5.20094967e+00 7.80939579e+00 5.04522228e+00 4.68324137e+00
  5.31949472e+00 2.84378362e+00 9.78079605e+00 2.24549770e+00
  2.35267735e+00 7.61712939e-02 7.29199825e-03 2.18939185e-01
  4.54761475e-01 1.00237715e+00 2.70273876e+00 6.32081699e+00
  4.33737755e+00 1.39629364e+00 0.00000000e+00 8.24068710e-02
  3.21428061e-01 1.65469682e+00 2.87952137e+00 1.27398819e-01
  2.71797013e+00 5.78175831e+00 4.97764707e-01 2.93182552e-01
  9.88751292e-01 1.32283866e+00 8.17171860e+00 1.63493192e+00
  4.72463340e-01 6.20861244e+00 1.14069204e+01 2.09470797e+00
  5.30653834e-01 1.38878238e+00 5.31087780e+00 1.10258245e+00
  1.02925510e+01 1.30530334e+00 2.32392168e+00 5.29760170e+00
  3.62260312e-01 4.82364178e+00 1.57583427e+01 1.31529605e+00
  4.04864120e+00 1.05817909e+01 7.71962047e-01 7.66835499e+00
  6.39415693e+00 0.00000000e+00 8.32793713e+00 2.41488889e-01
  2.43282807e-03 1.33785372e+01 5.97195101e+00 7.10452652e+00
  9.35649490e+00 4.73361063e+00 3.79134607e+00 1.93722737e+00
  2.10434961e+00 4.82543373e+00 1.02029915e+01 1.91193938e+00
  2.38135052e+00 6.66346645e+00 4.83128834e+00 1.99810290e+00
  1.31259489e+01 4.12327377e-03 6.99012995e-01 1.78444028e+00
  5.51845026e+00 9.39302826e+00 3.92703557e+00 2.32492995e+00
  3.28201056e+00 1.72877610e+00 1.54472679e-01 3.89608353e-01
  5.23305673e-04 3.41391063e+00 3.17132258e+00 3.62930536e-01
  4.22433853e+00 1.00165105e+00 0.00000000e+00 7.61266851e+00
  9.14041901e+00 1.91458178e+00 5.36738205e+00 1.62129974e+00
  2.05237603e+00 6.89247608e+00 6.90590143e-01 7.09473944e+00
  9.75908470e+00 8.26737213e+00 7.24007559e+00 1.28249931e+01
  2.53752112e+00 5.58259487e+00 1.65094995e+00 1.09475398e+00
  0.00000000e+00 1.34306991e+00 1.66666520e+00 2.30358815e+00
  5.95572710e+00 8.14981520e-01 2.92647624e+00 1.35674036e+00
  4.21026134e+00 2.53290749e+00 7.87266064e+00 7.34276152e+00
  7.09857035e+00 9.79457474e+00 5.55992699e+00 6.65624797e-01
  6.05317652e-01 1.79405499e+00 2.39707184e+00 1.03261204e+01
  5.57468653e+00 4.50036001e+00 7.44974256e-01 6.95002526e-02
  0.00000000e+00 2.87148166e+00 2.61493230e+00 1.96900499e+00
  1.69620466e+00 6.26857996e-01 1.13074124e+00 3.26724529e+00
  6.68246603e+00 4.28257942e+00 4.69210339e+00 2.27432728e+00
  5.45682311e-01 3.65559906e-01 4.01418257e+00 1.26193638e+01
  5.66218048e-02 1.22270489e+00 3.77399027e-01 1.86120296e+00
  5.84285736e+00 1.90858769e+00 2.67098379e+00 1.13973153e+00
  1.24457383e+00 1.57041740e+00 2.21717596e+00 2.38384414e+00
  9.51501906e-01 7.54533100e+00 4.64480448e+00 2.48555231e+00
  1.60237217e+00 6.02821064e+00 7.47561157e-01 5.60316741e-02
  5.98433685e+00 2.63466299e-01 2.68409610e+00 4.59324646e+00
  1.25610387e+00 1.02252996e+00 1.20524673e+01 2.24228716e+00
  1.19891644e+00 1.29238784e+00 3.90907860e+00 1.71776628e+00]]