[[3.50032687e+00 1.54928076e+00 1.54523933e+00 0.00000000e+00
  8.53119671e-01 8.68305492e+00 2.73465371e+00 2.99003631e-01
  9.35167789e-01 5.15054390e-02 9.46499944e-01 1.66790771e+00
  6.43082428e+00 4.31740768e-02 0.00000000e+00 1.89215529e+00
  2.25588942e+00 3.94300848e-01 6.75873399e-01 7.98688698e+00
  2.65228420e-01 1.07852488e+01 6.11627197e+00 1.00498699e-01
  4.30043411e+00 3.68033934e+00 1.70607316e+00 6.41539955e+00
  8.84701633e+00 4.34778309e+00 1.00949742e-01 7.72591591e+00
  1.91420782e+00 3.06549954e+00 1.43830073e+00 4.07378137e-01
  1.41911232e+00 4.21887115e-02 3.06865144e+00 4.43888843e-01
  5.09054780e-01 4.25167382e-01 9.84112263e-01 2.45097971e+00
  1.56948137e+00 5.72176874e-01 6.49317408e+00 3.51632309e+00
  2.26084566e+00 3.33081579e+00 1.79405194e-02 4.00636768e+00
  3.26828384e+00 3.28734827e+00 6.75704122e-01 3.72972178e+00
  7.35719800e-01 8.82906342e+00 3.48960996e+00 3.25138545e+00
  1.67709994e+00 1.20821738e+00 1.66337681e+00 6.66942072e+00
  4.02878046e-01 1.48106411e-01 4.94504547e+00 3.20189983e-01
  1.01561356e+00 2.93743968e+00 1.45707667e-01 4.37806797e+00
  6.20449781e-01 3.53976941e+00 5.28375578e+00 1.21117353e+00
  1.25263309e+00 6.13922656e-01 3.83518964e-01 2.20739150e+00
  2.59673953e+00 6.21364594e-01 3.81821680e+00 2.07420683e+00
  7.77467787e-01 1.37488794e+00 6.06512904e-01 2.41148901e+00
  5.07281923e+00 0.00000000e+00 6.03273869e-01 1.21433592e+00
  1.19885564e+00 6.09768677e+00 2.24170566e+00 7.46449351e-01
  9.29759443e-01 6.00981414e-01 4.78104264e-01 2.18450069e+00
  1.22296262e+00 7.88370430e-01 4.68492126e+00 2.71904516e+00
  1.65761220e+00 8.89721632e-01 2.04425931e+00 4.76966619e+00
  1.81067407e+00 1.66620350e+00 4.43196964e+00 2.55358410e+00
  9.85253930e-01 1.54841623e+01 4.20657009e-01 5.02903044e-01
  6.48264790e+00 1.02966011e+00 4.19327289e-01 1.47725201e+00
  0.00000000e+00 1.13364446e+00 8.72250319e-01 1.71899402e+00
  5.55698299e+00 1.89535964e+00 4.75550741e-01 0.00000000e+00
  1.56204259e+00 1.71728382e+01 2.60042953e+00 0.00000000e+00
  5.50701714e+00 2.47540617e+00 2.95897627e+00 4.69702530e+00
  3.72468567e+00 9.93122637e-01 2.11895108e+00 0.00000000e+00
  1.25313401e+00 3.15367198e+00 2.56875825e+00 9.32284296e-01
  2.41326466e-01 1.82693267e+00 3.72185856e-01 1.11525691e+00
  1.97994098e-01 2.27723330e-01 5.90460241e-01 4.65388000e-02
  6.88776840e-03 7.22595394e-01 3.88916945e+00 1.34803224e+00
  1.96905923e+00 1.28282380e+00 2.63728499e+00 1.02600396e+00
  3.43987632e+00 8.90226066e-01 2.32162762e+00 3.72391790e-01
  1.24037766e+00 5.11948049e-01 4.74393636e-01 1.37877905e+00
  1.44207370e+00 7.09011912e-01 1.33171921e+01 2.90047884e+00
  4.93832779e+00 2.08459467e-01 0.00000000e+00 5.94677734e+00
  2.04171687e-01 3.52163625e+00 4.17232364e-01 1.60838318e+01
  1.88997495e+00 1.02864921e+00 6.26556540e+00 1.23923495e-01
  1.76892078e+00 2.64139920e-01 4.51915932e+00 7.81135023e-01
  2.27516294e+00 2.48046160e+00 6.85657597e+00 0.00000000e+00
  3.20431173e-01 1.24223461e+01 0.00000000e+00 1.05882378e+01
  2.51780450e-01 4.71223640e+00 8.67971480e-01 0.00000000e+00
  9.15846586e-01 2.77640414e+00 9.19982865e-02 0.00000000e+00
  1.86547184e+00 1.03492486e+00 0.00000000e+00 9.69621599e-01
  6.31427765e-02 1.76238203e+00 7.78567314e-01 2.18506718e+00
  2.58871969e-02 8.12959373e-01 3.29231906e+00 7.50903904e-01
  1.37724137e+00 0.00000000e+00 1.05985165e+00 4.12548971e+00
  1.82679817e-01 2.36377430e+00 2.41515946e+00 8.22789490e-01
  1.11370611e+01 1.46906734e+00 1.58219719e+00 3.65314126e+00
  0.00000000e+00 2.45550776e+00 1.27903497e+00 5.20492077e+00
  4.86058807e+00 4.31990290e+00 1.90095472e+00 1.49375403e+00
  9.36249828e+00 5.11423159e+00 5.02816582e+00 1.59022129e+00
  1.42890680e+00 9.21133697e-01 6.60560465e+00 3.23019314e+00
  1.82360744e+00 4.37509441e+00 5.76461649e+00 1.40191340e+00
  6.25329614e-01 9.22885227e+00 5.30631256e+00 2.98118162e+00
  2.54321005e-02 2.74904561e+00 8.90756547e-01 5.16420156e-02
  1.79457259e+00 1.42472315e+00 4.86159134e+00 1.74559164e+00
  0.00000000e+00 0.00000000e+00 0.00000000e+00 8.85923004e+00
  3.49272847e+00 0.00000000e+00 8.86691666e+00 3.55028927e-01
  1.55041857e+01 3.49670261e-01 3.38824224e+00 2.94779015e+00
  2.60173178e+00 3.26444721e+00 3.16138172e+00 1.55561781e+00
  9.46289480e-01 2.99673223e+00 1.92632818e+00 5.14713240e+00
  3.64656711e+00 1.57679331e+00 8.51617241e+00 3.02307773e+00
  8.62208724e-01 0.00000000e+00 4.09551668e+00 5.44725001e-01
  4.55600929e+00 9.81206298e-01 8.64962220e-01 3.90819263e+00
  1.31062016e-01 6.80583000e-01 1.99507189e+00 1.46224529e-01
  4.50809574e+00 3.04755449e-01 2.88419986e+00 0.00000000e+00
  8.20832634e+00 1.18077934e+00 1.08469355e+00 2.54046410e-01
  1.14387095e+00 2.21517825e+00 7.63813543e+00 1.85668659e+00
  1.34564614e+00 4.75767940e-01 1.79594886e+00 0.00000000e+00
  3.14943099e+00 6.58191681e+00 3.22844362e+00 1.49412835e+00
  4.81425953e+00 5.80294609e+00 3.52714920e+00 4.98402071e+00
  1.00642669e+00 4.25380468e+00 3.32146621e+00 2.76629210e+00
  1.35284877e+00 6.18927658e-01 1.69610739e+00 0.00000000e+00
  1.03612840e+00 1.59548998e+00 1.55304164e-01 5.16742563e+00
  1.38005912e+00 2.76282930e+00 8.33064079e+00 9.01714027e-01
  2.71548557e+00 1.10450841e-01 5.09141922e+00 1.90041161e+00
  3.39632583e+00 2.15861273e+00 8.83471131e-01 2.47756648e+00
  3.00439572e+00 1.94127643e+00 0.00000000e+00 1.58820838e-01
  2.28863090e-01 1.08459055e+00 1.23876929e+00 2.13592696e+00
  7.02374339e-01 0.00000000e+00 2.16375899e+00 1.54118553e-01
  1.62059939e+00 5.19104910e+00 3.56541920e+00 1.99501491e+00
  9.76073667e-02 2.25687051e+00 1.13379221e+01 6.96697187e+00
  4.28410530e+00 3.59639257e-01 1.80899792e+01 3.11646008e+00
  8.32039714e-01 4.39689338e-01 2.49623585e+00 3.93649387e+00
  7.92991102e-01 8.55816826e-02 6.49531460e+00 1.15776920e+00
  1.41352806e-02 1.98514056e+00 1.47025037e+00 1.44645452e+00
  8.37211227e+00 1.85599804e+00 3.20574522e+00 2.07042384e+00
  1.49420249e+00 3.02686834e+00 2.52519464e+00 1.35869539e+00
  2.73623586e+00 8.86212254e+00 1.10649848e+00 2.81790996e+00
  2.20711946e+00 6.11178541e+00 2.10576013e-01 2.25041366e+00
  3.23752666e+00 3.79887462e+00 2.10930800e+00 3.45218730e+00
  2.31763101e+00 7.99765205e+00 3.43211114e-01 4.78620243e+00
  2.26295805e+00 0.00000000e+00 0.00000000e+00 4.02315950e+00
  1.47944832e+00 3.13560176e+00 3.96388006e+00 1.41366827e+00
  2.58732382e-02 1.61303341e+00 2.91388583e+00 1.54065394e+00
  3.60827827e+00 2.66612220e+00 2.59397388e-01 1.61987054e+00
  3.71561259e-01 1.97039042e-02 4.93822128e-01 4.95348883e+00
  1.37133110e+00 3.93689203e+00 2.31655741e+00 5.06850958e+00
  4.79017687e+00 1.37830472e+00 2.42751288e+00 5.28171480e-01
  6.02584076e+00 1.26017019e-01 4.23906118e-01 8.47008133e+00
  1.09577560e+00 3.10904264e+00 1.29470766e+00 1.18530667e+00
  0.00000000e+00 0.00000000e+00 1.79097581e+00 5.27674961e+00
  9.07807922e+00 7.55388558e-01 2.77317190e+00 1.93792057e+00
  9.29602981e-01 2.10609198e+00 6.86548591e-01 4.38237524e+00
  2.42822146e+00 2.17226878e-01 9.71808910e-01 0.00000000e+00
  7.61488259e-01 5.21266031e+00 3.50159478e+00 4.22426653e+00
  1.19066250e+00 2.00565600e+00 1.38097727e+00 4.75223839e-01
  0.00000000e+00 1.09932184e+00 4.63028997e-01 1.38874245e+00
  8.66460323e-01 1.73340523e+00 2.87607598e+00 7.26752758e-01
  1.64602939e-02 1.64229822e+00 7.20187616e+00 4.27680731e-01
  3.34817910e+00 1.87903488e+00 1.99083164e-02 2.02207059e-01
  2.79443431e+00 1.97010005e+00 1.49471200e+00 4.44850349e+00
  0.00000000e+00 1.34452450e+00 8.11817169e-01 8.58101070e-01
  9.09273863e-01 2.00343943e+00 3.15333033e+00 5.54467559e-01
  2.63522840e+00 5.72763920e+00 3.18663859e+00 2.90265918e+00
  9.76411438e+00 3.61775488e-01 6.33644640e-01 2.77935171e+00
  2.35489893e+00 3.25007915e+00 6.05830717e+00 2.75392437e+00
  7.07913208e+00 4.55499363e+00 5.33665133e+00 1.46392822e+00
  1.71921742e+00 4.56622541e-01 4.83207989e+00 1.52533221e+00]]