[[3.0550332e+00 2.0302279e+00 4.1085443e+00 5.1023006e-01 9.3874508e-01
  1.8714930e+00 1.6618388e+00 0.0000000e+00 1.9099540e+00 8.5138363e-01
  1.2044748e+00 3.3994582e+00 2.1258924e+00 6.6288704e-01 0.0000000e+00
  2.2020032e+00 1.7328715e+00 5.0928669e+00 1.8967391e+00 5.5715519e-01
  1.2442871e-03 2.7941630e+00 5.1940050e+00 1.1375319e+00 4.8882321e-01
  6.0676570e+00 7.9930100e+00 4.3770204e+00 5.3291450e+00 5.9579797e+00
  2.1539222e-01 3.6841512e-01 1.2040748e+01 5.4608493e+00 4.0146673e-01
  5.7597095e-01 5.5049577e+00 2.2430794e-01 2.7107236e+00 2.3432333e+00
  3.1401231e+00 2.5383370e+00 2.4386074e-02 1.4401255e+01 1.0775279e+00
  5.0226016e+00 1.3543779e+00 7.1193212e-01 1.2707471e+00 1.1915069e+00
  3.0967087e-01 3.6867337e+00 4.9092345e-02 8.4119642e-01 5.1425409e-01
  1.3867818e+00 4.5272989e+00 3.2434318e+00 1.2459244e+01 1.7342722e-01
  5.9368024e+00 6.8777695e+00 5.8500487e-01 7.1548648e+00 8.2266554e-02
  2.8562132e-01 3.7604983e+00 6.8011895e-02 5.4272532e-01 7.4738091e-01
  2.0210249e+00 3.1686940e+00 1.8597271e-02 5.9726806e+00 1.6818892e+00
  6.3267344e-01 1.2905629e+00 0.0000000e+00 1.1579007e+01 4.2599615e-01
  3.3734999e+00 1.2733958e+00 2.8854129e+00 1.2331597e+00 3.4954803e+00
  3.6234484e+00 1.6141024e+00 1.1530966e+00 5.4889612e+00 5.5494386e-01
  1.2963416e+01 5.3829460e+00 2.4567108e-01 4.8913984e+00 8.7419891e+00
  1.1432279e+00 3.0698576e+00 1.7978654e+00 2.8395256e-01 1.3031978e+01
  3.2818265e+00 1.8342201e+00 1.7342556e-01 4.0208664e+00 0.0000000e+00
  7.2658837e-01 4.4338289e-01 4.7204721e-01 6.0828710e+00 3.3153527e+00
  2.8234012e+00 2.0047290e+00 3.7769270e-01 1.5567724e+01 1.5804162e+00
  3.3454365e-01 3.0857472e+00 1.2092326e-01 2.9222629e+00 6.2864816e-01
  0.0000000e+00 7.4958086e-02 3.5978940e-01 3.5819283e+00 2.7761636e+00
  5.9677181e+00 3.0168322e-01 1.9826262e-01 2.5446062e+00 6.0371251e+00
  1.2583752e-02 7.5345216e+00 3.5819001e+00 4.2461100e+00 0.0000000e+00
  5.7384944e-01 4.2062518e-01 5.9311944e-01 3.6515492e-01 1.2536485e+00
  6.2765570e+00 1.5978478e+00 9.7942501e-01 4.9909859e+00 3.9209380e+00
  0.0000000e+00 1.2866553e+00 0.0000000e+00 0.0000000e+00 7.4319738e-01
  0.0000000e+00 2.3328388e+00 1.2132608e+00 1.7081674e-02 2.1497867e+00
  0.0000000e+00 3.1993368e+00 2.0980294e+00 9.4919361e-02 3.1214163e+00
  1.5561082e+00 6.4852014e+00 3.5865953e+00 1.4677669e-01 3.5879812e+00
  3.8700519e+00 6.7741022e-02 7.4362803e-01 9.4502288e-01 2.9144216e+00
  2.0641184e+01 5.1398954e+00 3.3024011e+00 1.0757930e+00 4.8468322e-02
  1.6070184e+00 3.4171541e+00 0.0000000e+00 2.1994576e+00 1.2265207e+01
  1.2786797e-02 7.6462448e-01 3.7758980e+00 3.6172622e-01 0.0000000e+00
  7.9198021e-01 4.4062119e+00 1.4420854e-01 4.1457858e+00 3.8653972e+00
  4.5485983e+00 0.0000000e+00 1.4419099e+00 3.7722561e+00 7.6296365e-01
  1.8182033e+00 5.2688766e+00 1.7097884e+00 0.0000000e+00 1.8697478e-01
  8.6945038e+00 7.7522174e-02 0.0000000e+00 2.5686984e+00 2.4401681e+00
  1.9913474e+00 3.5428526e+00 4.4549251e-01 1.0463563e+00 8.6613503e+00
  2.7562504e+00 1.9956532e+00 4.8431537e-01 2.0941474e-01 4.1691872e-01
  1.9938035e+00 3.8528481e-01 1.6081995e+00 6.4577156e-01 2.1767092e+00
  0.0000000e+00 9.2052155e+00 1.5081189e+00 2.7405958e+00 1.7073421e+00
  3.1327038e+00 7.7848239e+00 1.8867662e+00 0.0000000e+00 2.3019645e+00
  3.6447945e+00 4.6229997e+00 3.1304128e+00 1.2500658e+00 4.5833975e-02
  0.0000000e+00 2.9562194e+00 8.5678941e-01 9.0554595e-02 2.2810950e+00
  1.5086595e+00 4.3145037e+00 9.1693848e-01 8.0207081e+00 3.2978854e+00
  3.7719926e-01 7.5260253e+00 1.0947270e-01 2.7210777e+00 9.7733545e+00
  1.7977386e+00 2.0454612e+00 6.1667547e+00 1.2247435e+00 1.9196316e+00
  0.0000000e+00 4.9361959e+00 1.0620549e+01 1.4840991e+00 5.2630019e+00
  4.1474228e+00 0.0000000e+00 0.0000000e+00 8.7233009e+00 2.9486340e-02
  2.9893639e+00 4.7453394e+00 4.1968288e+00 7.9294882e+00 0.0000000e+00
  2.7985029e+00 1.4016896e+00 1.9032459e+00 3.7352023e+00 2.1053588e+00
  7.7182317e-01 1.0652701e+01 1.5977503e+00 4.8647445e-01 0.0000000e+00
  4.2331891e+00 1.2975189e-01 4.9226093e+00 4.2700186e+00 7.8756714e-01
  1.0669183e-01 3.2320566e+00 3.2618675e+00 3.6595771e+00 3.0358922e-01
  0.0000000e+00 2.3606680e-02 5.2601683e-01 3.5062511e+00 2.0652714e+00
  8.6348600e+00 1.3028791e+00 1.8521366e+00 0.0000000e+00 7.0353591e-01
  1.4165140e+00 2.8782211e-02 2.5785949e+00 4.2734432e+00 8.3782449e-02
  9.7062397e+00 3.4186840e+00 2.5631750e-01 1.0829346e-02 1.5117570e+00
  4.1938510e+00 0.0000000e+00 1.3713812e+00 5.4409713e-01 0.0000000e+00
  5.3318739e-01 3.6874227e-02 4.9426208e+00 2.1424766e+00 3.5051038e+00
  7.9215783e-01 1.5119264e+00 1.6867081e+00 2.3025792e+00 9.1723126e-01
  0.0000000e+00 3.9370711e+00 7.9281531e-02 4.5040970e+00 8.2537317e-01
  3.1019735e-01 2.2254815e+00 3.1493347e+00 3.0280027e+00 1.6959237e+00
  3.0736706e+00 3.2671187e+00 3.1602204e+00 3.1385171e+00 4.6415305e+00
  7.6508136e+00 1.5639436e-01 1.8501858e+00 2.5660238e+00 9.7790915e-01
  1.3050884e+00 5.0307245e+00 1.4813793e+00 2.7130735e-01 0.0000000e+00
  1.5036055e+00 1.2805889e+00 0.0000000e+00 0.0000000e+00 7.9684287e-01
  9.7771081e-05 1.8198313e+00 7.4678674e+00 3.7191443e+00 5.6923503e-01
  2.8836596e+00 4.9006501e-03 1.5470007e+01 4.0089374e+00 4.8195529e+00
  3.0257983e+00 1.8603753e+00 5.5923729e+00 5.5195487e-01 3.6323266e+00
  2.3874485e+00 7.1469024e-02 4.3111584e-01 0.0000000e+00 8.0270082e-01
  1.1638879e+00 5.2208085e+00 9.6156387e+00 3.7535596e-01 4.4417706e+00
  3.6589685e-01 3.2980175e+00 6.7728238e+00 6.7213488e-01 1.6189709e-01
  1.1014818e+01 1.8087074e-01 2.3981719e-01 7.0400329e+00 0.0000000e+00
  3.1481605e+00 3.9459777e+00 1.1158310e+01 2.1986854e+00 3.2709818e+00
  5.1853876e+00 2.7322853e+00 3.3616713e-01 2.3747332e+00 3.2458222e+00
  9.2752999e-01 5.0799141e+00 1.5246964e-01 3.5008812e+00 7.5105171e+00
  2.7138369e+00 3.6995971e+00 4.3831611e+00 0.0000000e+00 4.5005846e-01
  6.8462987e+00 3.1726413e+00 8.9185685e-01 0.0000000e+00 4.9839583e-01
  3.1334615e-01 6.2043190e+00 6.2999778e+00 0.0000000e+00 3.7360115e+00
  9.1187030e-01 9.9420446e-01 5.4492822e+00 0.0000000e+00 1.7541003e-01
  4.0242847e-02 8.8823068e-01 5.7428849e-01 1.3072941e+00 2.8415773e+00
  1.2215658e+00 2.0978513e+00 9.3582802e+00 2.9795022e+00 7.5243145e-02
  1.4760113e+00 3.6059558e+00 4.9662061e+00 1.0856569e+00 4.8483434e+00
  8.4701407e-01 1.4061084e-01 1.2852836e+00 1.1416668e+00 5.7507744e+00
  8.4367849e-02 4.6615462e+00 5.2162457e-01 2.9407589e+00 2.9797658e-01
  3.0604041e-01 4.3550854e+00 1.1800436e-01 4.2333817e+00 3.9142821e+00
  2.6366036e+00 1.6402291e+00 2.8612084e+00 2.1816101e+00 5.6496844e+00
  7.1636291e+00 5.3024006e+00 1.8806275e+00 0.0000000e+00 0.0000000e+00
  1.6862264e+00 1.5093446e+00 3.2588553e+00 8.5352669e+00 2.8236966e+00
  2.8357439e+00 6.1040182e+00 5.3385024e+00 5.9522786e+00 4.6923418e+00
  7.7431631e-01 4.7240821e-01 6.7622066e-01 1.5096110e-01 1.8972133e+00
  1.4507711e+00 1.3373067e+00 4.9518025e-01 5.5015355e-01 0.0000000e+00
  5.4740433e-02 4.8231483e+00 6.2916303e-01 1.4165206e+00 5.4522943e-01
  4.9743080e-01 0.0000000e+00 3.3218315e+00 1.3059169e+00 7.6386604e+00
  1.1422189e+00 2.0516083e+00 1.1136510e+01 2.0105598e+00 3.9081278e+00
  7.3125100e-01 1.2287360e+00 0.0000000e+00 2.6502994e-01 4.3193073e+00
  2.6335588e-01 3.6684618e+00 2.1498487e+00 3.8183708e+00 0.0000000e+00
  8.3402407e-01 2.2413714e+00]]