[[0.00000000e+00 5.64577913e+00 2.24073076e+00 1.06366120e-01
  4.80266237e+00 5.08480310e+00 8.42292023e+00 0.00000000e+00
  6.16061878e+00 5.39832497e+00 4.36123371e+00 6.13215804e-01
  7.18090162e-02 2.67222071e+00 1.27556860e+00 1.04697990e+00
  4.63300610e+00 1.84793103e+00 1.30201050e-03 4.22622633e+00
  5.95970058e+00 1.06725416e+01 1.14993863e-01 1.04225278e+00
  2.98073220e+00 2.47213888e+00 0.00000000e+00 0.00000000e+00
  2.95642424e+00 0.00000000e+00 0.00000000e+00 2.70566607e+00
  1.97643582e-02 2.78244901e+00 2.46756494e-01 5.19021392e-01
  5.08343267e+00 5.54866046e-02 6.05606937e+00 6.39393711e+00
  5.94458055e+00 5.38273811e-01 2.89622217e-01 5.23170948e+00
  0.00000000e+00 8.39575410e-01 2.40999222e+00 0.00000000e+00
  3.02825284e+00 0.00000000e+00 4.56330872e+00 0.00000000e+00
  3.55701685e-01 0.00000000e+00 2.49724746e+00 2.95646358e+00
  5.24490547e+00 1.89312685e+00 4.84928995e-01 1.56170356e+00
  0.00000000e+00 3.62847507e-01 9.38222504e+00 1.93340695e+00
  1.60233557e-01 1.22214854e+00 4.03441286e+00 2.42658496e+00
  3.42989302e+00 7.87203237e-02 1.13401213e+01 2.70564842e+00
  3.04604948e-01 3.66793299e+00 6.91947079e+00 4.60931808e-01
  5.81543624e-01 5.74858046e+00 9.03661013e-01 8.48819351e+00
  1.54147458e+00 4.84965849e+00 1.89567220e+00 2.44103527e+00
  1.62157249e+01 9.14936161e+00 1.88752502e-01 0.00000000e+00
  2.76386189e+00 7.94560909e-02 4.50117081e-01 9.33800507e+00
  8.32870454e-02 1.04854155e+01 3.55298191e-01 6.10547185e-01
  7.70895064e-01 3.35954696e-01 2.77937484e+00 2.26964140e+00
  3.67324829e-01 0.00000000e+00 7.72608566e+00 4.94303942e+00
  7.54012203e+00 5.90146542e+00 0.00000000e+00 2.11835533e-01
  1.80005097e+00 1.50019795e-01 8.40378404e-01 1.44364312e-01
  1.09714699e+00 7.77922496e-02 2.13543419e-02 2.33568501e+00
  6.47061300e+00 2.37790394e+00 1.42352119e-01 1.75246060e-01
  1.06071055e+00 0.00000000e+00 1.74424484e-01 4.31888723e+00
  0.00000000e+00 1.49593592e-01 2.71054888e+00 3.30121088e+00
  1.09987717e+01 8.68369281e-01 1.01219587e+01 3.33066940e+00
  3.86370599e-01 3.37366414e+00 6.86296582e-01 2.51136327e+00
  3.26584673e+00 1.96038568e+00 1.68369377e+00 2.54238701e+00
  3.99403667e+00 7.38481343e-01 1.16402483e+00 5.52804613e+00
  1.15585096e-01 3.98879695e+00 1.18177092e+00 1.71894193e+00
  8.60648060e+00 6.98808622e+00 3.36470914e+00 4.64465189e+00
  0.00000000e+00 2.27396536e+00 1.07918155e+00 0.00000000e+00
  3.02098431e-02 1.84661818e+00 1.71832776e+00 3.50947785e+00
  5.60222149e+00 6.80487299e+00 2.91592211e-01 8.63354778e+00
  1.30971622e+00 3.56079412e+00 0.00000000e+00 2.03082412e-01
  1.70991812e-02 2.61443210e+00 1.15424979e+00 2.75131559e+00
  9.72099006e-01 6.10916471e+00 2.03397512e+00 3.58579803e+00
  0.00000000e+00 6.39187431e+00 1.10625353e+01 5.23805141e-01
  2.41450697e-01 0.00000000e+00 3.95792747e+00 3.51939052e-01
  3.39762032e-01 5.67546725e-01 2.47316098e+00 2.20680729e-01
  7.78866768e-01 5.16894042e-01 7.26973438e+00 1.30907327e-01
  4.10939366e-01 1.22380342e+01 4.15339613e+00 2.01761603e+00
  2.15343094e+00 5.64044046e+00 7.40650082e+00 0.00000000e+00
  4.76269484e+00 0.00000000e+00 3.70690322e+00 4.37906027e+00
  3.23117793e-01 3.92872572e-01 6.97075486e-01 4.94194031e+00
  1.81375682e+00 1.25697021e+01 1.52334678e+00 2.54538536e+00
  3.75948846e-01 3.67521143e+00 5.22780597e-01 0.00000000e+00
  7.30789614e+00 9.44277191e+00 4.42730308e-01 1.93009377e-01
  1.33584142e+00 4.04774094e+00 2.30482489e-01 3.34545016e+00
  2.25488281e+00 2.01909137e+00 3.61799657e-01 1.24260522e-01
  3.71752548e+00 4.43161154e+00 7.94606805e-02 3.59706640e+00
  0.00000000e+00 1.04456507e-02 4.21754181e-01 3.96325254e+00
  5.45360708e+00 2.27954817e+00 4.61357880e+00 2.48810247e-01
  2.23101163e+00 3.31828284e+00 8.06915581e-01 2.64106846e+00
  9.46541548e-01 5.12144804e+00 1.31077731e+00 0.00000000e+00
  1.75326753e+00 4.75313950e+00 7.28817523e-01 2.22362339e-01
  1.72560847e+00 2.41503191e+00 2.86242986e+00 1.03506245e-01
  2.98933816e+00 5.07693648e-01 5.57446361e-01 5.09759963e-01
  7.34635592e+00 3.25196862e+00 3.92567972e-03 7.78990909e-02
  5.95310211e-01 2.81354809e+00 0.00000000e+00 6.19846165e-01
  2.26649046e+00 9.02284741e-01 3.72283340e+00 1.34362900e+00
  2.39388928e-01 4.80299369e-02 3.84758830e+00 1.48326620e-01
  2.67994046e+00 5.93958139e+00 2.76118279e+00 7.49583423e-01
  8.70359135e+00 2.30170298e+00 1.02087867e+00 7.33044697e-03
  9.82643318e+00 6.80399060e-01 3.72662020e+00 6.79168105e-01
  5.76057100e+00 6.01002216e+00 2.55926919e+00 1.36117613e+00
  6.76701260e+00 1.08242435e+01 2.21378183e+00 7.44840431e+00
  3.19865495e-01 0.00000000e+00 3.13367629e+00 3.81786257e-01
  7.88693011e-01 1.09481325e+01 5.26242399e+00 3.78536415e+00
  9.84916687e-01 1.51319325e+00 1.39257336e+01 3.96912241e+00
  2.38202810e+00 5.34399092e-01 2.16819429e+00 5.00034523e+00
  5.88505924e-01 4.85495186e+00 0.00000000e+00 7.08089399e+00
  5.09914112e+00 2.04205155e+00 2.79988194e+00 6.22682691e-01
  4.92454052e+00 4.74343824e+00 2.54170656e+00 3.51326370e+00
  3.31989813e+00 5.44144487e+00 4.73371696e+00 7.85116293e-03
  2.70019102e+00 1.98586896e-01 1.72866678e+00 3.23737192e+00
  2.81445312e+00 1.64569640e+00 6.38143444e+00 3.36550403e+00
  4.93662119e+00 2.27535561e-01 5.92917109e+00 1.16694427e+00
  2.99500132e+00 3.06316447e+00 0.00000000e+00 3.75676751e-01
  8.69441807e-01 1.38051236e+00 2.38782120e+00 2.89837408e+00
  3.54110312e+00 1.99226928e+00 0.00000000e+00 2.09176755e+00
  2.05354691e-02 1.92334354e+00 7.83649981e-02 1.44918883e+00
  1.03924141e+01 4.31917953e+00 3.06767511e+00 2.38021493e+00
  5.31618643e+00 2.46204686e+00 4.58414793e+00 5.29723310e+00
  4.19161606e+00 1.22934246e+00 8.23425293e+00 5.17673306e-02
  6.22006714e-01 7.11147642e+00 5.19296192e-02 4.13452059e-01
  3.07134891e+00 7.43522358e+00 8.16928223e-02 2.80893564e+00
  6.34376287e-01 1.13890672e+00 0.00000000e+00 8.89468956e+00
  9.83704209e-01 1.36415243e+01 2.85107017e+00 8.73104811e-01
  4.31884527e+00 0.00000000e+00 2.03793907e+00 9.52292681e-01
  9.30228591e-01 5.22783422e+00 3.01584911e+00 2.02628464e-01
  5.34536743e+00 0.00000000e+00 5.60284639e-03 4.29892957e-01
  3.11524481e-01 4.13180017e+00 5.58416700e+00 1.05729795e+00
  2.91602468e+00 1.51905775e+01 1.72204804e+00 2.42661977e+00
  6.07776546e+00 0.00000000e+00 0.00000000e+00 1.06831980e+00
  1.01339655e+01 3.16222620e+00 9.99316025e+00 2.60845518e+00
  0.00000000e+00 2.18540072e-01 6.67989254e-01 3.43400073e+00
  0.00000000e+00 3.29035664e+00 0.00000000e+00 0.00000000e+00
  6.59800708e-01 3.02025616e-01 4.79568720e-01 1.26852119e+00
  1.67042649e+00 4.65529144e-01 3.07751745e-01 1.77669489e+00
  4.58413315e+00 4.00190445e-04 2.18393993e+00 2.60804272e+00
  2.81654453e+00 9.20833969e+00 9.54242170e-01 4.08999825e+00
  1.59491730e+00 2.42818522e+00 2.16012454e+00 1.45397186e+00
  3.78399521e-01 2.37722683e+00 5.03380239e-01 3.61598182e+00
  0.00000000e+00 4.42971051e-01 5.04798554e-02 3.74302924e-01
  0.00000000e+00 4.02490735e-01 9.32981491e+00 4.77555180e+00
  3.27082038e+00 2.99258649e-01 1.04661083e+01 2.22249907e-02
  3.06526399e+00 1.79897964e-01 1.36693013e+00 1.12733068e+01
  5.18757582e+00 1.76381981e+00 3.04576707e+00 5.65915592e-02
  1.23730659e+01 1.54154050e+00 4.65871334e+00 4.13936901e+00
  3.11604589e-01 4.03467178e+00 0.00000000e+00 6.99399769e-01
  3.45518279e+00 3.07676077e+00 0.00000000e+00 3.63030124e+00
  0.00000000e+00 1.50056922e+00 1.05652790e+01 1.72793865e+00
  5.32791805e+00 0.00000000e+00 8.43651414e-01 1.31640434e+00
  6.84224176e+00 6.41824532e+00 8.70438889e-02 1.53688285e-02
  2.32703352e+00 2.92138553e+00 7.56882727e-01 9.82394123e+00
  1.46639347e-02 8.06343937e+00 7.66638660e+00 2.95430332e-01
  1.70954466e-01 1.19595408e+00 7.54828453e+00 2.67937422e-01
  6.18460035e+00 1.02682626e+00 6.82539272e+00 2.35481596e+00
  8.46789002e-01 7.88790345e-01 2.23412895e+00 5.05342364e-01
  9.31274354e-01 2.78418851e+00 4.43334877e-01 0.00000000e+00]]