[[9.19751823e-01 5.59544754e+00 7.61473775e-01 5.02041817e-01
  3.14785451e-01 8.71806812e+00 5.10233641e+00 6.70296288e+00
  1.32862806e+00 3.16830134e+00 4.19641525e-01 2.25672984e+00
  2.43721461e+00 6.26262665e+00 0.00000000e+00 1.19066942e+00
  2.44816422e+00 1.10105455e-01 1.00331378e+00 5.47596693e+00
  8.84157753e+00 2.42472363e+00 3.72968268e+00 6.50830650e+00
  3.20612997e-01 4.24742889e+00 0.00000000e+00 1.01539402e+01
  2.56933999e+00 5.65937757e-01 8.30368817e-01 5.71363807e-01
  0.00000000e+00 1.77021289e+00 4.46767271e-01 5.82724512e-01
  0.00000000e+00 2.69848078e-01 2.49814725e+00 1.35574126e+00
  9.16853786e-01 7.47699976e+00 3.45792770e+00 1.79989076e+00
  3.44041348e-01 2.36602291e-01 1.59042645e+00 4.05778885e+00
  2.19671273e+00 1.07320145e-01 9.27622986e+00 2.89762282e+00
  1.91627538e+00 2.84170341e+00 5.43347788e+00 1.46243072e+00
  6.38497353e+00 1.18460023e+00 1.51454704e-03 0.00000000e+00
  1.60053861e+00 3.98326683e+00 3.15225649e+00 9.38704967e+00
  0.00000000e+00 5.50411034e+00 0.00000000e+00 1.41402113e+00
  1.36312783e+00 1.56894839e+00 2.66859398e+01 1.13704944e+00
  1.84849346e+00 3.26853776e+00 1.28920782e+00 8.32270741e-01
  6.32787228e-01 3.19564128e+00 3.52838308e-01 4.88213634e+00
  4.82325703e-01 7.24457085e-01 3.21994400e+00 0.00000000e+00
  0.00000000e+00 4.72553062e+00 3.03448558e+00 3.76043630e+00
  7.07772160e+00 2.37487093e-01 2.39386368e+00 8.95229912e+00
  6.80796653e-02 2.51859355e+00 1.64988828e+00 4.37089062e+00
  1.90003860e+00 7.88890123e-01 4.41448736e+00 1.84135842e+00
  6.64021850e-01 5.03890276e-01 3.81914783e+00 1.82616591e+00
  9.54113483e-01 1.71019733e-01 1.29960418e+00 0.00000000e+00
  7.18412209e+00 2.15495181e+00 2.46985340e+00 1.85032415e+00
  3.37683296e+00 0.00000000e+00 6.19017935e+00 2.11687899e+00
  9.82810402e+00 2.37483039e-01 1.06888282e+00 1.31006014e+00
  7.54117012e+00 0.00000000e+00 1.14706051e+00 3.12872839e+00
  0.00000000e+00 3.47135043e+00 0.00000000e+00 4.61786054e-02
  9.93283331e-01 2.53220234e+01 0.00000000e+00 1.06957030e+00
  5.76708221e+00 1.67915356e+00 1.86288762e+00 2.77259231e+00
  2.26441312e+00 3.27944517e+00 8.34490681e+00 3.65646029e+00
  5.29043078e-01 5.13895094e-01 1.63026142e+00 2.60813403e+00
  1.98062348e+00 5.86647892e+00 2.01547170e+00 1.93975890e+00
  8.67751539e-01 3.48008966e+00 3.61863208e+00 4.09434652e+00
  3.92452836e+00 1.32568645e+00 1.41771185e+00 1.10275345e+01
  1.91736889e+00 4.76322126e+00 2.55146813e+00 9.85223874e-02
  0.00000000e+00 0.00000000e+00 5.36757946e+00 5.32009888e+00
  5.89653969e-01 5.24177074e+00 1.12203383e+00 5.26090908e+00
  1.87465298e+00 0.00000000e+00 1.40622675e+00 2.57020545e+00
  1.55596266e+01 2.07010403e+01 3.01537037e+00 2.11189461e+00
  4.69746923e+00 6.29371881e+00 7.84257746e+00 0.00000000e+00
  2.35307503e+00 0.00000000e+00 7.02863121e+00 6.38496727e-02
  8.86110115e+00 3.52538764e-01 1.93554485e+00 2.19424057e+00
  6.69458818e+00 6.69205570e+00 2.82545090e+00 7.17594996e-02
  0.00000000e+00 1.71714497e+00 0.00000000e+00 0.00000000e+00
  2.60741729e-02 1.36723173e+00 3.95297885e+00 4.18235302e+00
  3.26521784e-01 5.90688848e+00 5.14945328e-01 1.36683905e+00
  5.67607594e+00 1.06665266e+00 2.62182808e+00 7.01567316e+00
  4.75723934e+00 1.02965593e+01 7.09926891e+00 1.35089111e+00
  2.19120264e+00 1.62723869e-01 4.40344572e+00 5.19819081e-01
  3.96356392e+00 0.00000000e+00 1.69096935e+00 1.33448452e-01
  4.54543203e-01 9.59343731e-01 3.09268427e+00 1.30691946e+00
  4.50604343e+00 9.53677940e+00 4.51481730e-01 2.77897763e+00
  2.04157963e-01 1.62769794e+00 1.43793070e+00 1.82621109e+00
  8.59153461e+00 1.74679685e+00 0.00000000e+00 5.73925209e+00
  4.86537027e+00 1.26431475e+01 2.90507138e-01 3.84551072e+00
  0.00000000e+00 5.18238880e-02 4.61484098e+00 2.23126388e+00
  1.79380560e+00 1.21346407e+01 8.31377888e+00 9.14977074e+00
  1.43561792e+00 2.07044587e-01 0.00000000e+00 1.63319898e+00
  0.00000000e+00 2.59942985e+00 7.74458838e+00 2.00678021e-01
  3.40488553e-01 2.16683221e+00 2.49805957e-01 2.21314922e-01
  5.66216421e+00 0.00000000e+00 8.75321770e+00 5.20744741e-01
  1.43422619e-01 3.90798986e-01 7.39943683e-02 2.07616067e+00
  9.38892078e+00 8.80209637e+00 1.76294327e-01 0.00000000e+00
  2.85563499e-01 6.97721541e-01 2.67447066e+00 0.00000000e+00
  1.32377148e+01 2.54932284e+00 1.34237266e+00 7.70427108e-01
  1.10307894e+01 1.12935009e+01 1.12972078e+01 0.00000000e+00
  1.80302083e+00 3.82449001e-01 9.67717552e+00 3.67640877e+00
  7.81730175e+00 4.17378664e+00 7.29744911e-01 8.76924229e+00
  1.24406135e+00 1.40769506e+00 3.40753388e+00 5.97321510e+00
  4.69375134e+00 5.88226020e-01 1.91332233e+00 2.08125472e+00
  3.21961498e+00 1.77013978e-01 2.74068904e+00 3.60188627e+00
  5.71706772e+00 4.61699665e-01 8.62002087e+00 1.18379378e+00
  2.78872871e+00 6.86095810e+00 6.14887953e-01 3.17426491e+00
  1.32155693e+00 7.13577843e+00 2.95884538e+00 1.61429703e+00
  1.37990403e+00 8.55569363e+00 3.39640307e+00 4.88313675e+00
  2.67075688e-01 3.51712346e+00 4.27769125e-02 2.80253005e+00
  2.49679637e+00 1.14360094e+01 8.29441452e+00 4.08664608e+00
  1.63044322e+00 2.13164926e+00 0.00000000e+00 5.07903814e+00
  7.15975761e-01 8.98184872e+00 9.61789703e+00 1.38567924e+00
  0.00000000e+00 3.52014232e+00 8.26591671e-01 6.65715885e+00
  3.39167261e+00 7.52036452e-01 2.62131548e+00 8.75407755e-01
  3.76950288e+00 2.27910423e+00 1.19611442e+00 1.17944419e+00
  2.99617934e+00 2.88559961e+00 0.00000000e+00 6.33434236e-01
  9.82912421e-01 4.17970181e+00 3.08955359e+00 0.00000000e+00
  8.81089091e-01 6.05211353e+00 5.48833534e-02 2.00904265e-01
  1.24253922e+01 3.15452981e+00 1.72721648e+00 1.07783532e+00
  1.32906151e+00 2.85611242e-01 1.12764940e+01 6.85603809e+00
  1.84843028e+00 4.85643119e-01 1.18354464e+00 2.79100556e-02
  0.00000000e+00 4.13968754e+00 1.96227992e+00 1.21378112e+00
  2.45260024e+00 0.00000000e+00 2.88554859e+00 2.44909906e+00
  5.11890888e+00 2.33370900e+00 3.27569604e+00 2.22214770e+00
  6.53930998e+00 5.84052550e-03 4.95673180e+00 0.00000000e+00
  0.00000000e+00 4.81864071e+00 1.16080523e+00 3.14129639e+00
  1.19788818e+01 8.74956012e-01 1.05412734e+00 7.22618178e-02
  9.59993720e-01 6.40836418e-01 2.91756153e+00 1.85106647e+00
  3.48362899e+00 2.00311804e+00 2.98924661e+00 2.25783372e+00
  3.70685935e+00 2.69285488e+00 1.45822656e+00 5.00631475e+00
  3.44801855e+00 3.41874909e+00 4.46120119e+00 1.04658031e+00
  5.53482056e-01 0.00000000e+00 2.52494007e-01 1.55125058e+00
  0.00000000e+00 6.69570446e-01 4.08467197e+00 5.65324306e-01
  1.50916934e+00 0.00000000e+00 1.92646146e+00 4.03658152e+00
  1.25816047e-01 1.13693833e+00 0.00000000e+00 2.06131363e+00
  8.17040539e+00 5.19728804e+00 7.37856817e+00 6.59050001e-03
  1.90024710e+00 5.01422071e+00 1.46821320e-01 2.19391197e-01
  4.24365729e-01 5.76247215e+00 6.20844543e-01 7.18622267e-01
  9.22758400e-01 9.81614494e+00 0.00000000e+00 9.04190123e-01
  3.54441214e+00 2.73590517e+00 1.88149738e+00 1.00626504e+00
  5.25398314e-01 1.54276240e+00 1.52942204e+00 2.49391222e+00
  6.28383589e+00 6.94439697e+00 2.14438343e+00 7.60324955e-01
  1.81374989e+01 3.69012095e-02 2.02366978e-01 1.15175047e+01
  1.96566135e-01 1.52501321e+00 3.30522275e+00 1.69258034e+00
  0.00000000e+00 8.64456713e-01 2.76817107e+00 2.42538452e+00
  7.96026945e-01 2.20495486e+00 4.78011549e-01 8.73877630e-02
  0.00000000e+00 2.04501963e+00 1.55386853e+00 3.40350956e-01
  8.89025450e-01 2.15699387e+00 1.38049431e+01 2.05671811e+00
  0.00000000e+00 1.56221062e-01 3.78594846e-01 1.61474812e+00
  2.57517219e+00 2.07306564e-01 1.52031116e+01 0.00000000e+00
  3.30907017e-01 8.27841684e-02 6.73014975e+00 2.10626340e+00
  1.09323931e+00 3.15985417e+00 1.01706457e+00 2.58011293e+00
  2.22949314e+00 1.41889858e+00 9.75331604e-01 1.57212108e-01
  1.23081331e+01 1.23854661e+00 1.51296651e+00 1.27574558e+01
  2.59297538e+00 5.72701395e-01 6.62671566e+00 6.66867685e+00
  2.37838912e+00 4.56031322e+00 2.36197686e+00 3.61171603e+00]]