[[1.13231444e+00 2.36726806e-01 1.67438114e+00 8.20397675e-01
  9.50511098e-01 2.68149287e-01 3.29497981e+00 1.00942016e-01
  4.82936800e-02 2.36842871e+00 5.33780992e-01 7.39021540e-01
  3.95105219e+00 3.74464297e+00 0.00000000e+00 2.59150863e+00
  0.00000000e+00 6.50601268e-01 3.14335918e+00 1.51428568e+00
  0.00000000e+00 1.80291042e+01 0.00000000e+00 1.99329808e-01
  3.02881551e+00 5.95834827e+00 6.91711760e+00 2.69904703e-01
  1.67665207e+00 1.03881264e+00 0.00000000e+00 2.59920311e+00
  2.98334074e+00 2.48914862e+00 2.13561967e-01 0.00000000e+00
  0.00000000e+00 0.00000000e+00 5.40728092e+00 1.76372635e+00
  3.77360845e+00 0.00000000e+00 1.59310436e+00 9.10458446e-01
  1.35640517e-01 2.75244236e-01 6.48267031e-01 4.18284607e+00
  5.75882196e+00 1.47367030e-01 7.49924850e+00 4.17734766e+00
  1.33267287e-02 3.74453235e+00 7.88441133e+00 3.26488233e+00
  2.74209404e+00 3.16028404e+00 4.55261803e+00 0.00000000e+00
  0.00000000e+00 0.00000000e+00 5.27114105e+00 4.09415960e+00
  1.53213311e-02 1.39438081e+00 2.88316822e+00 4.98648453e+00
  4.30320501e+00 3.27029139e-01 3.03496037e+01 1.23238191e-01
  0.00000000e+00 4.45878696e+00 1.77492225e+00 6.77829146e-01
  9.87176821e-02 2.01806560e-01 4.74420190e-01 6.30722761e-01
  1.37574658e-01 2.35573435e+00 1.28259916e+01 1.28548396e+00
  1.83067477e+00 6.07639742e+00 6.10180736e-01 5.10569364e-02
  8.98884654e-01 4.43733670e-02 4.13535929e+00 1.90839577e+00
  0.00000000e+00 2.81191897e+00 2.07890466e-01 1.81609344e+00
  3.66481513e-01 2.76153684e+00 4.45994079e-01 2.32324696e+00
  7.92816401e-01 2.63121653e+00 5.63576841e+00 4.98687601e+00
  0.00000000e+00 9.48398001e-03 0.00000000e+00 1.35888112e+00
  0.00000000e+00 1.24504805e+00 8.28714490e-01 1.89871657e+00
  0.00000000e+00 9.31883049e+00 1.63052157e-01 0.00000000e+00
  1.82850766e+00 8.07877898e-01 1.17725766e+00 4.32027578e-01
  9.92850959e-01 0.00000000e+00 0.00000000e+00 3.75267267e-01
  3.38369179e+00 4.07736778e+00 0.00000000e+00 0.00000000e+00
  2.93705881e-01 1.05171833e+01 4.90363693e+00 2.99335402e-02
  4.13671541e+00 1.05475163e+00 4.67633381e-02 1.12834871e+00
  0.00000000e+00 1.27655697e+00 3.15370607e+00 2.70796943e+00
  3.55772972e+00 4.04213369e-01 0.00000000e+00 1.19620454e+00
  3.19365740e+00 1.13359797e+00 2.97679305e+00 3.05244476e-01
  6.67481542e-01 1.61345065e+00 5.47348213e+00 2.22970635e-01
  3.35097528e+00 4.39804681e-02 3.79929543e+00 8.07573617e-01
  0.00000000e+00 9.43648338e+00 0.00000000e+00 9.50091004e-01
  1.07912719e+00 1.33736217e+00 1.45209758e-02 0.00000000e+00
  4.64362049e+00 7.60656238e-01 0.00000000e+00 6.45200539e+00
  1.45090175e+00 1.64570522e+00 3.96248603e+00 1.19983566e+00
  3.18644691e+00 7.34851217e+00 2.95716333e+00 4.92838677e-03
  0.00000000e+00 2.62535882e+00 1.71431389e+01 9.10252190e+00
  1.19860148e+00 3.16910839e+00 4.67206669e+00 4.05589398e-03
  4.46520269e-01 2.19411492e+00 4.20916700e+00 0.00000000e+00
  1.19729090e+00 3.41420740e-01 5.30050230e+00 2.71703005e-01
  5.30151784e-01 6.47890663e+00 6.76849544e-01 0.00000000e+00
  6.12191483e-02 5.86007500e+00 0.00000000e+00 2.36587119e+00
  5.65412855e+00 9.51665163e-01 0.00000000e+00 7.59199977e-01
  5.57074833e+00 0.00000000e+00 3.71402597e+00 1.34779602e-01
  1.20626569e+00 1.51472616e+01 4.59388685e+00 3.81637484e-01
  4.25490558e-01 1.86969602e+00 0.00000000e+00 4.10750818e+00
  0.00000000e+00 0.00000000e+00 2.55641907e-01 1.49577940e+00
  4.54979134e+00 5.64316940e+00 1.56210732e+00 6.04974687e-01
  1.44658196e+00 2.90821338e+00 1.01688397e+00 1.00733376e+00
  1.44604102e-01 0.00000000e+00 1.46783757e+00 6.00519300e-01
  4.97107553e+00 2.48109937e+00 9.80010986e-01 6.30577266e-01
  5.68421555e+00 3.90822077e+00 1.03420401e+00 2.81448603e+00
  2.08938479e+00 3.17572522e+00 8.35853994e-01 6.01519346e+00
  1.24864268e+00 6.30934048e+00 6.49272013e+00 2.40095234e+00
  2.60435462e+00 0.00000000e+00 1.06446581e+01 2.38418674e+00
  7.77120829e+00 6.37543488e+00 5.08451080e+00 3.07860589e+00
  3.92194718e-01 1.75934029e+00 9.88761187e-01 2.66785407e+00
  0.00000000e+00 0.00000000e+00 4.00758326e-01 2.33631110e+00
  2.02177191e+00 3.47910500e+00 8.94149005e-01 2.35194516e+00
  4.24628115e+00 3.98164868e+00 3.37036419e+00 0.00000000e+00
  2.13065243e+00 3.03051257e+00 2.21017689e-01 8.48426044e-01
  5.30669546e+00 0.00000000e+00 5.38316905e-01 2.76871014e+00
  8.42063713e+00 2.38469005e+00 1.43374634e+01 5.13983965e-01
  2.68213773e+00 3.99798295e-03 2.57781053e+00 7.27707148e-01
  5.05379848e-02 6.97161674e+00 3.71684670e+00 4.70960587e-01
  1.27566404e+01 6.13242340e+00 1.67705369e+00 0.00000000e+00
  3.94056940e+00 2.46334743e+00 8.28720927e-02 0.00000000e+00
  2.11883366e-01 1.52666950e+00 3.47301197e+00 1.16469324e+00
  5.00192046e-01 5.10637045e-01 2.06084418e+00 1.02215278e+00
  1.81125507e-01 5.93434811e-01 8.87048912e+00 0.00000000e+00
  4.55473948e+00 0.00000000e+00 6.99475944e-01 2.96835494e+00
  1.84721053e+00 2.89195824e+00 0.00000000e+00 3.62282470e-02
  7.97335386e-01 5.50101995e+00 8.04367352e+00 6.51041389e-01
  5.16451776e-01 3.13162893e-01 3.93513989e+00 0.00000000e+00
  2.92762661e+00 0.00000000e+00 0.00000000e+00 3.39757872e+00
  0.00000000e+00 4.91572809e+00 2.08433700e+00 6.15232050e-01
  7.38473129e+00 5.18532395e-01 1.28941555e+01 7.64634466e+00
  5.11821806e-02 0.00000000e+00 0.00000000e+00 6.30159569e+00
  1.97000778e+00 3.91386819e+00 2.31072195e-02 3.33193469e+00
  3.62354159e-01 4.33604538e-01 2.36551094e+00 4.12577689e-01
  0.00000000e+00 0.00000000e+00 1.93565691e+00 2.80698299e-01
  1.77542114e+00 3.45543694e+00 2.95162034e+00 5.41613936e-01
  4.96188211e+00 0.00000000e+00 3.80131745e+00 2.02656937e+00
  5.29751396e+00 0.00000000e+00 4.81848526e+00 2.10280609e+00
  1.05582140e-01 1.67664301e+00 3.15931231e-01 3.28547382e+00
  4.85426664e+00 5.98291814e-01 5.14724553e-01 1.78604519e+00
  1.64975417e+00 3.57761359e+00 3.55463338e+00 3.01294327e+00
  1.52220416e+00 9.83661842e+00 6.86656952e-01 1.58019423e+00
  0.00000000e+00 3.68384719e+00 2.20367506e-01 0.00000000e+00
  3.45241094e+00 1.00401888e+01 5.09177494e+00 3.25165367e+00
  5.59327841e+00 2.98437810e+00 2.52940345e+00 5.47428656e+00
  3.33183073e-02 4.01912642e+00 1.64477944e+00 0.00000000e+00
  2.60830855e+00 7.26143789e+00 1.74288321e+00 2.31644320e+00
  5.70937252e+00 8.02412927e-02 0.00000000e+00 4.69299984e+00
  0.00000000e+00 4.76797611e-01 1.34595335e+00 2.33559823e+00
  5.57889342e-01 0.00000000e+00 3.72910976e+00 0.00000000e+00
  3.10875154e+00 1.29206169e+00 3.36530447e+00 0.00000000e+00
  5.28648281e+00 8.38081241e-02 8.94165039e-02 1.35378122e+00
  5.01515508e-01 4.75178733e-02 0.00000000e+00 2.65772772e+00
  6.24699473e-01 3.73720789e+00 7.94865191e-01 5.85259819e+00
  3.66874981e+00 6.91323423e+00 9.55878735e-01 4.98183203e+00
  3.63805008e+00 1.49148309e+00 1.66753745e+00 0.00000000e+00
  0.00000000e+00 1.08709484e-01 0.00000000e+00 2.25041285e-01
  6.74736118e+00 1.89350319e+00 4.51390171e+00 3.93771976e-01
  2.24313354e+00 2.07484305e-01 1.98350978e+00 2.10420632e+00
  3.00057197e+00 9.94557285e+00 2.10223460e+00 7.79233053e-02
  4.84776646e-01 1.63577747e+00 5.51970899e-01 4.76771450e+00
  4.96020019e-01 6.75586909e-02 6.38948083e-01 0.00000000e+00
  0.00000000e+00 0.00000000e+00 9.01382267e-01 7.10136712e-01
  3.03860855e+00 7.65558422e-01 1.92740545e-01 5.96194124e+00
  1.38216102e+00 4.23662853e+00 1.55190110e+00 1.62658906e+00
  3.02793169e+00 2.21165466e+00 0.00000000e+00 2.42490959e+00
  7.10606813e-01 6.60436749e-01 3.71301889e-01 2.24720109e-02
  1.00806844e+00 7.81852901e-01 3.61084270e+00 7.41131842e-01
  3.77944440e-01 8.45499992e-01 9.31206512e+00 6.24864697e-01
  7.79392958e-01 2.41307902e+00 3.68937850e+00 3.69982392e-01
  1.99659836e+00 6.18189907e+00 2.46515608e+00 2.58238339e+00
  5.50201297e-01 5.99801719e-01 2.04930711e+00 8.27184737e-01
  2.58435750e+00 5.91867626e-01 1.16137314e+00 2.74985313e+00
  9.76878777e-03 4.89290774e-01 1.17203605e+00 3.98437810e+00]]