[[1.59867573e+00 1.22253025e+00 6.10713661e-01 1.85064697e+00
  4.08939743e+00 6.15173340e+00 7.48958349e-01 7.17720747e-01
  7.27545166e+00 1.10936177e+00 4.87097645e+00 1.52974594e+00
  6.02573824e+00 4.01134348e+00 5.25526166e-01 5.66470337e+00
  1.45004079e-01 6.69468641e-01 0.00000000e+00 6.09574032e+00
  1.47314107e+00 6.25488424e+00 0.00000000e+00 4.97516727e+00
  2.07099736e-01 4.48347425e+00 4.27246481e-01 6.80752420e+00
  7.79792190e-01 4.17600274e-01 7.49016106e-01 3.08795393e-01
  1.90722191e+00 3.81441975e+00 1.00908267e+00 1.92476153e+00
  3.15361643e+00 1.91766298e+00 1.09694977e+01 8.15131283e+00
  6.43865299e+00 2.66585565e+00 8.13884974e-01 4.25004292e+00
  0.00000000e+00 8.99264431e+00 4.81271076e+00 1.92811227e+00
  3.73075533e+00 1.34004462e+00 6.88166857e-01 0.00000000e+00
  9.69066024e-01 7.51243532e-01 5.76501226e+00 1.88872826e+00
  3.27287626e+00 7.44884825e+00 1.82702422e+00 3.57857394e+00
  5.29758310e+00 5.08997738e-01 1.05488510e+01 5.93913555e+00
  8.84280384e-01 1.53980577e+00 7.39039958e-01 5.32848072e+00
  2.52809095e+00 3.91926050e+00 3.38882875e+00 5.89788628e+00
  3.20084125e-01 8.17130375e+00 2.54777026e+00 2.36776423e+00
  8.59771633e+00 4.66642475e+00 1.95359027e+00 5.42592525e-01
  1.37400103e+00 2.46514702e+00 1.29189432e+00 4.31439131e-02
  2.19568834e-01 1.21631842e+01 8.50266933e+00 3.02718377e+00
  5.26463985e+00 5.33465683e-01 4.84560919e+00 1.71786213e+00
  1.33425862e-01 2.69242144e+00 1.71961987e+00 4.49562162e-01
  1.05145001e+00 9.76252258e-01 2.53485489e+00 6.68471050e+00
  1.46489859e-01 5.81523991e+00 1.49293995e+01 9.23705769e+00
  5.07378817e-01 1.59992123e+00 4.87963021e-01 8.68299901e-01
  6.41928971e-01 1.05280161e+00 1.07066643e+00 3.36140722e-01
  7.92419255e-01 3.58281541e+00 7.94973254e-01 7.42051959e-01
  5.08937788e+00 2.32761931e+00 1.72463882e+00 3.67084479e+00
  4.03941244e-01 5.43851900e+00 5.25569282e-02 1.14120741e+01
  3.95013762e+00 1.54472470e+00 0.00000000e+00 1.58667564e-01
  1.14546382e+00 1.15768137e+01 4.82193995e+00 9.18776989e+00
  4.47312117e+00 2.71796674e-01 2.48720026e+00 5.96809149e-01
  3.00863814e+00 1.24285412e+00 1.94382536e+00 2.11498127e+01
  4.84796911e-01 4.88132378e-03 2.43616128e+00 3.13579798e+00
  9.89146888e-01 1.74786174e+00 2.37429976e+00 3.08924258e-01
  0.00000000e+00 2.87782168e+00 0.00000000e+00 3.50367874e-01
  1.34746540e+00 5.06622267e+00 6.80186927e-01 6.60232782e-01
  1.35084021e+00 8.89274311e+00 3.65277588e-01 5.63476384e-02
  4.51749516e+00 5.68533659e-01 7.97622919e+00 6.87017798e-01
  6.93538857e+00 9.41340446e+00 7.63351694e-02 1.26357269e+01
  3.42404175e+00 8.67053795e+00 7.30567217e+00 1.96958113e+00
  6.12578058e+00 1.65892649e+00 2.31549263e+00 1.04652905e+00
  0.00000000e+00 9.37063336e-01 1.35082531e+01 1.85814877e+01
  1.00689459e+00 4.10540909e-01 1.13659754e+01 1.18967724e+00
  3.49019498e-01 1.98349035e+00 2.32706904e+00 5.33312845e+00
  2.21086311e+00 6.67541981e+00 1.21655960e+01 2.66568375e+00
  1.82017100e+00 9.81968689e+00 7.89989606e-02 1.07201561e-02
  7.04058790e+00 9.37539196e+00 4.03114700e+00 0.00000000e+00
  8.04799843e+00 2.45573306e+00 1.45818210e+00 2.74410129e+00
  6.58898067e+00 6.96137667e+00 2.87296438e+00 4.03022146e+00
  9.54244673e-01 1.72141247e+01 4.63344723e-01 7.24833012e+00
  5.15666151e+00 1.87096357e+00 0.00000000e+00 9.98624384e-01
  2.74832392e+00 1.37156177e+00 3.06656718e-01 6.26150966e-01
  3.77179456e+00 3.52849817e+00 1.55434382e+00 2.60854053e+00
  1.27361253e-01 8.78670979e+00 4.98530960e+00 1.81304896e+00
  4.88860935e-01 3.23457217e+00 7.33025432e-01 1.01110959e+00
  5.01963520e+00 4.79901791e+00 8.70044613e+00 1.41946650e+00
  2.44336390e+00 4.30660868e+00 6.13444281e+00 5.33517420e-01
  1.41916287e+00 1.61027491e+00 1.54837847e+00 5.02837801e+00
  2.31063557e+00 8.37670517e+00 5.29860640e+00 9.13256258e-02
  2.49218941e+00 1.22515500e+00 4.20865202e+00 1.78620803e+00
  2.38231704e-01 2.13764763e+00 5.41942883e+00 1.94361198e+00
  3.04344082e+00 1.67303121e+00 1.74842751e+00 3.59104347e+00
  2.15232658e+00 3.20016652e-01 0.00000000e+00 3.85379255e-01
  3.22635126e+00 4.43762749e-01 0.00000000e+00 2.30174351e+00
  3.32009459e+00 2.15628052e+00 4.47721004e+00 2.94489950e-01
  2.49876094e+00 1.78733379e-01 3.84793687e+00 2.37095937e-01
  3.89695001e+00 1.39495683e+00 4.50313479e-01 4.52252340e+00
  6.38472557e+00 7.68508077e-01 8.31797719e-01 1.51038349e+00
  3.43881059e+00 0.00000000e+00 6.06639385e+00 5.32257414e+00
  9.34914112e-01 5.39009142e+00 1.14960916e-01 4.84237289e+00
  1.62394857e+00 7.08583975e+00 2.38977790e+00 0.00000000e+00
  4.61247206e-01 4.36178398e+00 7.16473579e-01 9.71073151e-01
  4.88657284e+00 8.97358704e+00 3.11348081e+00 1.42855442e+00
  7.03450108e+00 5.72857082e-01 0.00000000e+00 8.54730725e-01
  2.98056746e+00 1.38139558e+00 5.64064074e+00 1.56973958e-01
  9.62295294e-01 1.15302157e+00 4.63326693e+00 4.16253954e-01
  4.58855009e+00 1.64454727e+01 3.51575661e+00 2.30976892e+00
  5.94766200e-01 1.04303372e+00 2.50043601e-01 2.85586071e+00
  3.05824161e+00 7.41241407e+00 2.14786577e+00 8.41313452e-02
  6.79431105e+00 2.14830136e+00 8.08397591e-01 6.21817350e+00
  1.74570107e+00 4.87489557e+00 1.87784660e+00 8.37841034e+00
  1.06945169e+00 5.63277340e+00 2.55381346e+00 2.77974546e-01
  5.62790446e-02 1.55575186e-01 4.02211761e+00 9.53253365e+00
  1.89273369e+00 2.32841921e+00 2.14304233e+00 0.00000000e+00
  3.46877766e+00 9.60734785e-01 0.00000000e+00 1.02977836e+00
  0.00000000e+00 0.00000000e+00 6.66157198e+00 2.30724096e-01
  8.20395851e+00 6.26820707e+00 3.49470711e+00 3.58310890e+00
  1.25291491e+01 6.20674729e-01 1.33491669e+01 3.26534843e+00
  7.60095024e+00 9.17435765e-01 8.24673653e+00 1.82086992e+00
  7.77819395e-01 1.43890023e+00 1.49959171e+00 1.60107896e-01
  1.22090542e+00 5.57769001e-01 7.46039820e+00 5.95700121e+00
  9.59422231e-01 2.79930806e+00 2.97716498e+00 7.76530361e+00
  8.68288398e-01 2.96206093e+00 5.43111753e+00 2.91768503e+00
  8.01686954e+00 9.21539783e-01 3.43012571e-01 6.84936702e-01
  1.73045710e-01 4.74192023e-01 8.96781921e-01 4.14259815e+00
  5.94142818e+00 4.33617878e+00 1.44405272e-02 2.50017381e+00
  6.81021929e+00 1.92159998e+00 1.65407765e+00 6.06001019e-01
  1.89199793e+00 5.28042269e+00 4.16772413e+00 1.05508165e+01
  6.39835024e+00 2.66734910e+00 4.41092044e-01 2.28888914e-01
  7.54560947e-01 1.10616553e+00 6.46536875e+00 2.06809926e+00
  6.27051353e-01 1.10318458e+00 2.63407528e-01 2.00626642e-01
  1.00393140e+00 0.00000000e+00 2.55272937e+00 5.60474062e+00
  4.76341136e-02 4.30250645e+00 1.01412483e-01 4.55478048e+00
  3.71006906e-01 1.76822257e+00 4.23643887e-01 9.08880234e+00
  6.93098593e+00 7.41458833e-01 1.12281818e+01 8.13753700e+00
  2.10190926e+01 3.97363257e+00 7.68293083e-01 9.30832577e+00
  0.00000000e+00 8.51624012e+00 9.27352488e-01 1.58761704e+00
  1.57132119e-01 2.97123408e+00 1.40195346e+00 5.11516762e+00
  1.37064648e+00 0.00000000e+00 8.87288189e+00 2.85750866e-01
  0.00000000e+00 2.58021283e+00 0.00000000e+00 7.24250221e+00
  5.06806278e+00 9.77114439e-01 6.70454979e+00 5.72358608e+00
  6.07599676e-01 6.19373769e-02 1.15063028e+01 6.97630167e+00
  7.72473001e+00 2.58605146e+00 2.97894049e+00 8.47760975e-01
  0.00000000e+00 3.39308167e+00 2.33201027e-01 4.31041241e+00
  3.01298809e+00 1.28213274e+00 2.19368100e+00 6.77561700e-01
  1.06051874e+00 5.27799892e+00 2.12211180e+00 5.17433882e+00
  2.20617843e+00 1.33221185e+00 1.18965900e+00 1.92302847e+00
  8.49732041e-01 0.00000000e+00 3.97500008e-01 4.16002655e+00
  7.40368292e-02 1.62239885e+00 5.58269083e-01 1.84657133e+00
  8.60566711e+00 1.05944030e-01 5.82468796e+00 0.00000000e+00
  4.90932178e+00 4.15756083e+00 3.23836470e+00 7.50906515e+00
  3.58726740e+00 1.17820621e+00 2.43002820e+00 1.51125705e+00
  1.30367196e+00 1.57094866e-01 7.02730513e+00 7.30644643e-01
  9.62949944e+00 3.97769630e-01 8.65016365e+00 7.83020496e-01
  5.21153688e-01 1.38146937e+00 4.42287445e+00 1.57786918e+00]]