[[2.39612475e-01 5.68276942e-01 3.11689407e-01 2.42476320e+00
  5.93392225e-03 6.58084106e+00 5.32249403e+00 0.00000000e+00
  1.43020689e+00 8.02292749e-02 2.42100954e-01 4.76643085e-01
  1.28953874e+00 9.14083779e-01 0.00000000e+00 6.16215408e-01
  0.00000000e+00 2.55518705e-01 6.73427880e-02 3.46320701e+00
  1.28315330e-01 5.98868036e+00 2.63247997e-01 0.00000000e+00
  3.78867015e-02 2.37742996e+00 2.14268163e-01 3.56642365e+00
  8.27651545e-02 0.00000000e+00 2.80198753e-01 3.46498587e-03
  0.00000000e+00 5.02700853e+00 5.11962436e-02 1.59537077e-01
  0.00000000e+00 0.00000000e+00 8.15473175e+00 1.57505095e-01
  1.11273929e-01 2.16198534e-01 1.11335307e-01 2.18033004e+00
  0.00000000e+00 0.00000000e+00 5.61214983e-01 1.02517688e+00
  2.09988475e+00 1.83599412e+00 5.73275350e-02 1.64784086e+00
  3.09268773e-01 1.01615965e+00 1.91839144e-01 4.34912968e+00
  2.52934408e+00 9.49698639e+00 1.64504528e+00 0.00000000e+00
  1.97564137e+00 2.86733532e+00 7.52482951e-01 4.85658741e+00
  1.42429501e-01 4.81287926e-01 2.16778770e-01 8.00377083e+00
  1.10017073e+00 5.82299173e-01 4.08513546e+00 2.88267040e+00
  9.03992951e-02 3.72258615e+00 1.11170638e+00 5.36473803e-02
  7.36736596e-01 4.37913686e-01 1.06488772e-01 1.34696305e-01
  8.84367898e-02 5.79456139e+00 4.80641747e+00 1.86973333e-01
  0.00000000e+00 4.26563358e+00 0.00000000e+00 5.85986793e-01
  2.12421775e-01 6.51240349e-02 2.28022623e+00 1.03793538e+00
  4.07943636e-01 2.61515832e+00 1.79958844e+00 3.26947302e-01
  0.00000000e+00 2.76378894e+00 3.57986152e-01 7.29117811e-01
  1.48442543e+00 8.13147187e-01 1.30993080e+00 1.42240441e+00
  0.00000000e+00 1.57254112e+00 8.93816590e-01 5.24811745e-01
  3.74036580e-01 9.62909877e-01 8.36022437e-01 1.81663930e+00
  6.23439774e-02 7.77566481e+00 1.29946873e-01 3.68145108e-01
  2.24360228e+00 3.68061483e-01 4.10604864e-01 2.30005264e-01
  3.77526820e-01 1.89766133e+00 8.86130691e-01 5.01577258e-01
  0.00000000e+00 4.17215466e-01 0.00000000e+00 0.00000000e+00
  5.01599073e+00 2.69988537e+01 1.88635147e+00 1.94719315e-01
  5.12552547e+00 1.04624081e+00 0.00000000e+00 1.56842411e+00
  6.03539906e-02 4.30303603e-01 2.05539775e+00 2.15134883e+00
  3.34106162e-02 1.09730113e+00 0.00000000e+00 2.21379399e+00
  1.04284775e+00 9.59307909e-01 1.41132665e+00 1.74675927e-01
  0.00000000e+00 0.00000000e+00 0.00000000e+00 3.69509399e-01
  6.84712410e-01 2.23334336e+00 0.00000000e+00 0.00000000e+00
  9.77834582e-01 0.00000000e+00 0.00000000e+00 7.14959621e-01
  2.57387370e-01 0.00000000e+00 1.39773464e+00 3.98085445e-01
  2.28111386e+00 2.39376450e+00 0.00000000e+00 1.83361089e+00
  4.53727096e-01 1.66163266e+00 5.49429321e+00 3.98638040e-01
  3.41487861e+00 9.36661530e+00 2.01073885e+00 1.96702635e+00
  1.01970397e-01 0.00000000e+00 8.00727177e+00 9.56517315e+00
  3.55572629e+00 1.78880058e-02 7.45967627e+00 0.00000000e+00
  0.00000000e+00 1.01258790e+00 3.03473806e+00 0.00000000e+00
  1.95121050e+00 0.00000000e+00 4.22147959e-01 0.00000000e+00
  1.84227508e-02 8.92882824e+00 0.00000000e+00 9.11531672e-02
  5.75031877e-01 2.05621934e+00 5.69298387e-01 0.00000000e+00
  1.26520705e+00 0.00000000e+00 0.00000000e+00 2.55035549e-01
  3.45148420e+00 4.51799899e-01 1.82568938e-01 5.22083938e-01
  2.86022015e-02 2.07270312e+00 0.00000000e+00 1.41001451e+00
  0.00000000e+00 2.77349162e+00 1.09508073e+00 0.00000000e+00
  2.25584459e+00 0.00000000e+00 1.60669363e+00 2.16717696e+00
  1.49476692e-01 1.99939930e+00 2.84981179e+00 7.95772821e-02
  6.87472582e-01 1.74025714e+00 2.85950452e-01 4.73427743e-01
  0.00000000e+00 2.22191259e-01 3.65867329e+00 1.54390502e+00
  2.95428181e+00 3.09420824e-01 9.02504444e-01 0.00000000e+00
  1.32938695e+00 5.14301252e+00 3.21631074e-01 7.13240194e+00
  4.26073261e-02 0.00000000e+00 2.11080790e+00 6.33723795e-01
  7.10556602e+00 4.85025930e+00 1.07746811e+01 7.74053872e-01
  1.89814281e+00 4.02863801e-01 2.07475930e-01 1.75904319e-01
  0.00000000e+00 2.31797504e+00 2.63910341e+00 0.00000000e+00
  6.31233990e-01 4.01020139e-01 7.03810394e-01 7.07844317e-01
  2.66978353e-01 0.00000000e+00 8.92649069e-02 0.00000000e+00
  1.38881540e+00 0.00000000e+00 9.76765215e-01 2.04702997e+00
  9.58850288e+00 9.64783877e-02 9.55449867e+00 0.00000000e+00
  2.71263099e+00 3.05201769e-01 2.99519587e+00 1.54582715e+00
  2.30511069e+00 2.38029301e-01 0.00000000e+00 4.47299862e+00
  4.88659859e+00 3.86655498e+00 1.22204523e+01 1.29116917e+00
  3.75308561e+00 0.00000000e+00 1.59251106e+00 2.27029681e+00
  5.92860878e-01 0.00000000e+00 2.80302644e-01 5.61353743e-01
  1.43366442e+01 3.78313923e+00 1.94078541e+00 5.81564903e-01
  0.00000000e+00 0.00000000e+00 9.30687189e-02 0.00000000e+00
  1.13642383e+00 0.00000000e+00 5.80451632e+00 1.57847613e-01
  8.14821839e-01 1.30627406e+00 0.00000000e+00 6.53873384e-01
  7.99447715e-01 4.29998338e-02 3.36974978e-01 1.26845264e+00
  1.24961472e+00 0.00000000e+00 3.36951590e+00 5.22688963e-03
  1.12686194e-01 3.50361609e+00 1.15622282e+00 2.58572578e+00
  8.64018053e-02 1.05229497e+00 2.73875624e-01 1.77973020e+00
  9.51315105e-01 3.26371491e-02 1.19782724e+01 0.00000000e+00
  0.00000000e+00 3.15042347e-01 6.42306328e-01 1.74527633e+00
  9.46861446e-01 0.00000000e+00 5.99275303e+00 2.88508713e-01
  5.39221644e-01 9.70937014e-01 2.35633016e+00 2.24710488e+00
  1.54250813e+00 0.00000000e+00 0.00000000e+00 1.89122069e+00
  9.25116658e-01 1.41349709e+00 5.49437255e-02 0.00000000e+00
  1.87213883e-01 6.63165808e-01 2.58053571e-01 0.00000000e+00
  0.00000000e+00 0.00000000e+00 1.04010701e-01 6.74941063e-01
  3.03537786e-01 2.41217828e+00 1.00515330e+00 3.64423245e-01
  3.85063797e-01 3.47533256e-01 2.32466125e+00 1.23908150e+00
  6.64250946e+00 2.97218919e-01 1.68129711e+01 9.03919518e-01
  3.26266661e-02 2.72156692e+00 1.48487940e-01 0.00000000e+00
  2.12199166e-01 8.16130638e-01 0.00000000e+00 1.40728265e-01
  6.02733195e-01 3.49646360e-01 5.97035140e-03 1.97978580e+00
  4.42018270e+00 0.00000000e+00 1.47584999e+00 4.84766483e-01
  7.75634587e-01 5.23588359e-01 1.38570830e-01 4.98278767e-01
  1.21298277e+00 6.63412392e-01 6.21750094e-02 1.57500911e+00
  3.65574145e+00 2.57858109e+00 1.79851127e+00 6.27490401e-01
  2.42308474e+00 2.42943478e+00 4.82968807e+00 3.48361707e+00
  1.14323914e+00 6.08273506e+00 1.31128705e+00 1.29400110e+00
  2.53450894e+00 4.19911370e-02 5.15823185e-01 1.82229042e-01
  9.62033577e-04 3.43922806e+00 3.04561806e+00 5.40649235e-01
  0.00000000e+00 2.61942434e+00 2.02101755e+00 0.00000000e+00
  4.73374665e-01 9.77817550e-02 0.00000000e+00 1.68476671e-01
  0.00000000e+00 1.20674506e-01 4.87768687e-02 9.52194023e+00
  0.00000000e+00 3.86205385e-03 6.06802130e+00 2.66658831e+00
  5.72645843e-01 2.13098049e+00 2.53120041e+00 1.16183293e+00
  3.04535294e+00 3.95053911e+00 5.58878601e-01 1.42825627e+00
  0.00000000e+00 2.37498224e-01 2.66700238e-01 8.14473391e-01
  0.00000000e+00 1.95455626e-01 2.23764539e-01 2.31607795e-01
  8.80888283e-01 8.59538436e-01 7.25601375e-01 2.37255549e+00
  0.00000000e+00 6.22534268e-02 3.42645913e-01 9.54597652e-01
  6.08734846e-01 4.08097804e-01 2.00772834e+00 0.00000000e+00
  2.39088178e+00 1.17951453e+00 1.31611720e-01 1.20245680e-01
  1.22836912e+00 7.95676172e-01 0.00000000e+00 7.85795331e-01
  0.00000000e+00 8.25439155e-01 6.67024195e-01 7.20808923e-01
  0.00000000e+00 1.84930980e+00 3.25184137e-01 7.77706861e-01
  9.56738591e-02 6.63647461e+00 3.53159577e-01 0.00000000e+00
  4.35697645e-01 2.41444856e-01 0.00000000e+00 0.00000000e+00
  2.07745150e-01 3.10822099e-01 0.00000000e+00 2.08875036e+00
  0.00000000e+00 0.00000000e+00 1.55408072e+00 1.67603004e+00
  7.67104030e-01 1.78469408e+00 2.38611579e-01 7.39087313e-02
  6.50026739e-01 1.71207988e+00 3.11729145e+00 3.52732748e-01
  1.55520546e+00 8.41336012e-01 0.00000000e+00 5.86711049e-01
  7.14539051e+00 3.05965805e+00 1.52946436e+00 1.50029385e+00
  1.23929167e+00 2.13871151e-01 9.79442215e+00 1.06220627e+00
  2.33272791e-01 0.00000000e+00 9.50348735e-01 2.51385987e-01]]