[[0.00000000e+00 0.00000000e+00 4.80495483e-01 1.07483160e+00
  2.30248451e+00 3.98240161e+00 1.28696833e+01 3.59040952e+00
  2.50920266e-01 2.57766509e+00 3.47885221e-01 4.80871797e-01
  7.43310308e+00 2.31972909e+00 0.00000000e+00 4.14824867e+00
  3.37223792e+00 1.87280804e-01 1.68616879e+00 3.83929467e+00
  0.00000000e+00 1.15290890e+01 0.00000000e+00 1.16850293e+00
  1.26733875e+00 3.11608911e+00 3.30648804e+00 9.23657513e+00
  9.42735314e-01 1.01457797e-01 2.26246452e+00 0.00000000e+00
  7.56176829e-01 3.03912115e+00 2.17611122e+00 8.61272812e-02
  0.00000000e+00 0.00000000e+00 9.72085094e+00 0.00000000e+00
  3.33760381e+00 0.00000000e+00 1.35908055e+00 1.11489286e+01
  0.00000000e+00 2.66031170e+00 1.22353435e+00 7.14643764e+00
  2.69021511e+00 1.75532363e-02 2.83750668e-02 8.51952457e+00
  4.26073432e-01 1.14958799e+00 2.30130482e+00 4.17424583e+00
  8.91212273e+00 4.71282959e+00 8.46411419e+00 1.85247278e+00
  7.03663588e+00 1.12724578e+00 2.37725258e+00 5.81287241e+00
  0.00000000e+00 7.03279614e-01 1.10862839e+00 5.49431181e+00
  8.52130032e+00 0.00000000e+00 7.79589033e+00 2.43077204e-01
  0.00000000e+00 1.86885567e+01 6.70292079e-01 5.01232576e+00
  1.63214207e+00 0.00000000e+00 1.78655887e+00 8.83309364e+00
  0.00000000e+00 4.73099232e+00 8.78807259e+00 6.45128393e+00
  1.02337265e+01 6.39170933e+00 5.70110130e+00 6.98575331e-03
  3.69763756e+00 8.38648319e-01 5.79859781e+00 4.52984238e+00
  3.34833789e+00 7.96068525e+00 9.68584061e+00 2.65493584e+00
  1.37895060e+00 3.93753242e+00 0.00000000e+00 3.48929787e+00
  1.78151727e-01 1.68240979e-01 2.04280472e+00 3.90299648e-01
  2.97711062e+00 4.51363385e-01 1.62158442e+00 7.18873680e-01
  4.27236974e-01 6.16971159e+00 3.61346102e+00 1.31811664e-01
  8.79473925e-01 1.96716537e+01 4.56215382e-01 8.97731113e+00
  5.35823584e+00 0.00000000e+00 1.40300560e+00 2.92592239e+00
  1.00918376e+00 8.87626588e-01 0.00000000e+00 3.42522168e+00
  8.12972784e-01 6.48716021e+00 0.00000000e+00 1.48744202e+00
  0.00000000e+00 7.37763643e+00 2.91747427e+00 4.01250267e+00
  1.06222343e+01 6.16620004e-01 7.37661719e-01 3.46273327e+00
  1.67997122e+00 0.00000000e+00 9.54965532e-01 3.49599123e+00
  2.29966903e+00 1.67588949e-01 3.29136729e+00 4.80636263e+00
  2.50791383e+00 3.54781604e+00 3.06013703e+00 1.46513106e-02
  0.00000000e+00 2.15653515e+00 4.90779966e-01 8.46824455e+00
  4.83965492e+00 7.00615644e+00 5.55317974e+00 5.50970459e+00
  1.73243925e-01 1.17693794e+00 4.18708467e+00 5.63689947e+00
  1.31585747e-01 7.66284561e+00 6.77417946e+00 0.00000000e+00
  1.56072652e+00 4.62777138e+00 1.33533869e-02 8.85040462e-01
  1.34602261e+00 3.90212297e-01 7.72826731e-01 1.10015415e-01
  3.06234980e+00 4.30697727e+00 1.15213430e+00 5.16046405e-01
  2.81760935e-02 0.00000000e+00 1.40359545e+01 1.09460287e+01
  1.67097759e+00 1.13580728e+00 3.66072369e+00 3.15358567e+00
  2.59999585e+00 1.51202631e+00 2.72604299e+00 5.09350657e-01
  2.82986522e+00 1.82810068e-01 6.35860205e+00 0.00000000e+00
  0.00000000e+00 1.51584520e+01 0.00000000e+00 1.64071131e+00
  5.58674335e+00 0.00000000e+00 0.00000000e+00 2.62251043e+00
  1.10040693e+01 5.00069189e+00 3.12055135e+00 6.05351962e-02
  1.34133911e+01 4.48593426e+00 6.57419586e+00 2.44098592e+00
  5.57465017e-01 8.51488781e+00 7.22075415e+00 1.56462002e+00
  0.00000000e+00 6.01878643e-01 9.05525970e+00 5.25008082e-01
  2.28465843e+00 0.00000000e+00 2.99478061e-02 2.05432844e+00
  5.81134892e+00 1.25874300e+01 1.38916373e+00 0.00000000e+00
  1.12625577e-01 7.79799104e-01 2.06064868e+00 0.00000000e+00
  2.02224851e+00 1.25052762e+00 2.37436220e-01 2.83507729e+00
  1.01321068e+01 0.00000000e+00 1.11121058e-01 1.92768955e+00
  2.72086859e-01 1.11228762e+01 2.77575779e+00 5.26880074e+00
  2.16771984e+00 5.15069342e+00 6.57733202e+00 6.18289995e+00
  3.35168862e+00 1.23096347e+00 1.83423252e+01 1.17111521e+01
  2.19416952e+00 5.72200060e-01 5.88274384e+00 0.00000000e+00
  6.09654307e-01 1.96271801e+00 4.17351007e+00 5.70612144e+00
  9.41162014e+00 3.73963141e+00 1.75205421e+00 4.99843216e+00
  0.00000000e+00 0.00000000e+00 6.81980908e-01 8.22329044e+00
  6.44093657e+00 0.00000000e+00 1.92134038e-01 4.75698519e+00
  3.25948167e+00 4.33149725e-01 5.92361116e+00 2.97369719e+00
  1.63150525e+00 2.44936132e+00 3.54903579e+00 2.02481583e-01
  8.34902287e+00 4.88370180e-01 2.81337452e+00 2.02952242e+00
  6.62353516e+00 3.69649267e+00 1.09040823e+01 3.15758896e+00
  1.35878551e+00 0.00000000e+00 1.80417311e+00 3.87140203e+00
  4.63799667e+00 2.42987931e-01 1.25213540e+00 1.79067707e+00
  5.97889471e+00 4.42961663e-01 4.86192703e+00 4.18017006e+00
  1.03535271e+00 1.47200763e+00 0.00000000e+00 1.38940978e+00
  1.18339930e+01 9.67807546e-02 4.98683834e+00 8.55605316e+00
  2.32860923e-01 2.09685969e+00 2.41843987e+00 2.80039489e-01
  6.59404135e+00 1.24965370e+00 5.06276608e+00 1.20970577e-01
  4.69663095e+00 2.77269840e-01 1.59927082e+00 7.50961542e-01
  2.59648919e+00 3.35953069e+00 2.59013486e+00 2.42193413e+00
  4.64350283e-01 4.41193342e-01 3.78849246e-02 2.57745814e+00
  4.35679018e-01 2.26302004e+00 1.06792765e+01 0.00000000e+00
  2.92548966e+00 1.19707859e+00 1.33104563e+00 1.42445290e+00
  1.15877783e+00 3.30336720e-01 2.67828703e+00 8.58556652e+00
  7.02830887e+00 2.98689914e+00 1.18829842e+01 5.14020443e+00
  1.25128508e+00 0.00000000e+00 0.00000000e+00 3.30668974e+00
  3.07267100e-01 1.60998976e+00 7.10251331e-01 2.36094284e+00
  4.83418435e-01 1.97897744e+00 3.00423980e-01 2.76163197e+00
  6.49128008e+00 0.00000000e+00 1.45915484e+00 3.03186506e-01
  1.81995064e-01 1.35647488e+01 6.09598637e-01 6.78241634e+00
  5.45107782e-01 0.00000000e+00 1.06495190e+01 6.16882658e+00
  5.85332251e+00 1.33218512e-01 2.52363434e+01 1.22337027e+01
  2.88561130e+00 9.56347406e-01 0.00000000e+00 0.00000000e+00
  5.34262180e-01 4.51828241e-01 2.12222934e-01 1.31156397e+00
  1.48685133e+00 0.00000000e+00 1.43082752e+01 2.72705269e+00
  8.94263208e-01 1.60960102e+00 6.67519093e+00 1.56395257e+00
  0.00000000e+00 7.65276527e+00 2.41850877e+00 3.06518674e-01
  2.12645745e+00 2.47062087e+00 1.72066700e+00 3.52423501e+00
  1.05777149e+01 6.74436390e-01 8.03307247e+00 1.78005624e+00
  2.14704442e+00 3.35123014e+00 5.85849380e+00 9.02318835e-01
  1.73330641e+00 1.68323879e+01 1.15813684e+00 7.15534449e+00
  1.47814882e+00 5.31823254e+00 5.41334808e-01 2.59508228e+00
  3.22038792e-02 9.32255983e-02 1.41370163e+01 1.98351228e+00
  2.50034392e-01 0.00000000e+00 2.30933714e+00 1.03448935e-01
  2.88691425e+00 5.04143953e+00 2.73683846e-01 0.00000000e+00
  3.08288646e+00 1.17592919e+00 5.97065270e-01 4.05909729e+00
  5.57661295e+00 0.00000000e+00 5.46460412e-02 3.52839023e-01
  0.00000000e+00 1.13288212e+01 1.15540771e+01 3.66627669e+00
  1.14144831e+01 1.68388939e+00 0.00000000e+00 2.96891689e+00
  1.11406827e+00 4.51135588e+00 3.91875815e+00 1.21066368e+00
  6.19039416e-01 9.56329346e-01 0.00000000e+00 3.05725026e+00
  1.69239235e+01 7.73495960e+00 4.09152895e-01 5.97689509e-01
  1.05990200e+01 3.08651738e-02 1.07055821e-01 5.81418514e+00
  3.25413203e+00 1.49704576e+00 1.02634728e+00 1.01416484e-01
  3.94624114e+00 1.52029514e+00 4.36783171e+00 1.25785029e+00
  0.00000000e+00 1.87244177e-01 1.05014765e+00 1.80816400e+00
  0.00000000e+00 5.32615089e+00 2.13735446e-01 1.49867392e+00
  6.71565771e+00 3.38147372e-01 0.00000000e+00 1.61690502e+01
  5.33384323e+00 1.06631355e+01 2.16895027e+01 5.68746328e+00
  4.13785934e+00 0.00000000e+00 3.14255565e-01 1.27644375e-01
  3.28276038e+00 0.00000000e+00 4.66010928e-01 8.93793941e-01
  0.00000000e+00 0.00000000e+00 1.98862755e+00 3.48766255e+00
  8.65823090e-01 1.15428567e+00 1.56360826e+01 0.00000000e+00
  6.69611156e-01 1.67839253e+00 1.02181520e+01 4.86171246e-01
  3.30004334e-01 4.60258722e+00 4.20677423e+00 3.36216450e-01
  6.12229645e-01 1.97066188e+00 1.31186974e+00 8.58948040e+00
  5.13486052e+00 7.27943242e-01 4.19501352e+00 1.38542581e+00
  1.26149797e+00 2.47972703e+00 5.86194658e+00 4.17988569e-01]]