[[ 2.077694    1.3718586   0.16885251  0.          3.6930878   4.026726
  10.092934    5.1604967   3.9189382   4.591226    0.7561157   1.7019582
   4.442156    2.2518158   0.          2.8307457   1.0607036   0.54212236
   0.7548159   6.3482156   0.24513723 11.632409    0.11461619  1.637815
   1.3141072   5.88699     3.2925415  11.602955    1.1098421   3.1053073
   3.1857774   0.42070475  1.1462154   3.1691372   2.510856    0.
   0.          0.         11.063946    2.0083663   4.0148168   0.46346936
   1.1655028   6.6431375   0.          1.959174    0.59476215  3.9906676
   1.9506199   0.04601695  0.10738052  8.975359    1.6294839   0.3231707
   3.531507    2.370308    2.011154    2.2815962   8.569852    2.7200816
   5.4697976   0.32324648  2.46924    11.238481    0.37120906  1.330288
   0.          0.4353275   3.5935748   0.6209035   2.3425193   1.3884054
   0.         13.18444     1.0744964   9.123034    1.0092382   0.
   1.1322656   9.084537    0.          5.7977176   3.5119264   3.5428612
   7.9642043   7.9225674   4.293645    0.21189156  4.577701    0.4211713
   4.8416104   4.7358994   1.3269047  11.530492    5.60769     1.8414186
   1.5719413   0.45570335  3.0874424   5.905204    1.8357973   0.
   3.7372131   1.4626306   1.4943787   0.3597262   2.6209817   0.31080267
   0.5020182   5.46713     3.1151333   0.1527125   1.5152999  12.580277
   0.32882932  0.8371921   9.11679     0.39964443  2.7221093   1.9003096
   2.5646505   0.44037375  0.93695086  6.5980883   0.8650736   1.5975871
   0.24638622  0.          1.624493   12.743262    0.40449736  5.7560053
   4.52892     2.1561542   0.43442565  5.928928    0.07759273  1.0734766
   0.5312854   1.3936533   4.2223954   1.2384487   2.863277    6.983209
   5.450661    3.916328    2.3025742   0.          0.          2.9077935
   0.          4.2799473   3.4505465   3.7072155   3.3752136   4.4545865
   0.8577523   2.7629068   1.2761288   7.17359     0.4739847   2.22728
   3.6243145   0.          4.7520247   6.110018    0.          1.3880779
   4.362956    2.24114     6.0689397   0.          4.9978824   7.794881
   0.03459938  1.8555899   2.1209002   0.          8.912863    9.549773
   1.1076268   1.4045292   9.183908    0.4217971   1.6103921   1.4862802
   0.9739718   1.1354501   1.2081801   4.2678294   6.630153    1.5178807
   0.30709502 23.412746    0.          2.3671274   5.0817275   0.2133875
   2.4961631   3.5361004   5.248969    7.9095187   1.651154    1.9354074
  15.254073    5.1345177   4.040321    6.0726604   0.2393208  10.076693
   4.3013167   2.4366615   0.8023501   1.730602   14.878909    2.3973603
   4.9873195   0.          0.17469482  1.5343039   0.6809308  14.461732
   4.4710817   0.6151937   0.          1.0678052   5.0978193   2.1024065
   0.840386    3.5982718   0.510085    0.20187378 11.636771    0.
   1.1540047   1.6676075   2.836478    7.64454     2.1193373   2.7909222
   0.28821322  4.8310347   8.882045    5.277893    0.96425503  3.182657
  13.527093    8.076191    1.7575922   1.9989389   6.521879    1.2759445
   0.61374104  0.54097795  8.942593    4.035295    2.7452633   1.6102574
   0.8353104   2.2723408   0.20616022  0.          1.9575701   6.0555916
   3.5715468   0.1255048   0.15962128  0.8859801   5.0784326   3.5313118
   1.2240032   0.06225789  2.0690095   1.6163296   1.2075207   1.4947371
   7.9232836   1.0187161   1.0296202   0.54976815  8.451492    4.5593963
   6.0036016   3.9410963   1.8418435   0.4447937   6.8441596   5.3314834
   1.7569834   1.914262    0.5343996   2.8229065   5.303609    0.24033941
   4.331337    7.8786607   0.30285788  3.3711424   0.          1.3348954
   9.497215    0.38993248  4.707578    6.615281    0.17703661  2.8124287
   1.4260471   0.20791478  8.505405    2.5543294   5.81642     0.
   0.6500344   1.2971171   4.957025    0.6911509   5.177498   11.334752
   0.53029865  4.9722266   0.585981    0.4903675   0.          3.3819246
   0.81925845  4.655988    9.1997595   4.1610966   2.559686    0.72545624
   0.8604836   1.226422    3.7654247   4.1954575   7.807605    2.8076804
   6.7069597   3.0351152   7.7379246   3.1229033   0.14056817  0.
   0.26461476  5.928812    0.2821765   2.4305184   2.1718006   0.
   0.37980792  6.2580085   0.          4.1262746   1.9845005   0.
   2.322014    0.05484553  0.         12.850736    2.20871     8.907904
   0.22294177  0.          6.915912    3.0982988   6.2110357   0.
  22.550583    3.0811574   3.8975394   3.1693716   0.06321713  1.560442
   0.15610754  1.8722124   4.3144293   5.0430007   5.2586627   0.20076445
  10.406298    1.5070398   1.8687333   2.0479999   9.921036    1.9999471
   1.008431    5.376715    1.359231    0.6870625   1.2482036   8.48034
   4.7792487   4.637445    9.128067    1.2749852   3.435144    1.4426026
  10.044295    0.40475434  0.11590874  2.2560472   2.3455577  24.310638
   0.         12.257724    0.46537575  6.681309    3.6274943   0.37399805
   0.          1.3590434  14.595194    5.0122323   0.          0.13131227
   4.684367    0.          1.9119935   3.7418306   1.9673012   0.44082898
   3.505655    1.1522121   0.9602977   4.7616644   0.13763839  0.823527
   0.1707388   1.9668502   1.2904644   8.687049   17.090109    3.4781716
   9.926297    3.224425    0.          1.4012694   1.4482871   0.39526746
   4.504104    3.3975973   0.9362632   0.45477703  0.         11.471111
   9.213181    4.7915735   1.9099057   1.2459093   2.2890396   0.
   0.02817935  8.890556    5.616313    2.4068408   0.47860602  0.
   1.0033369   3.673584    5.0236697   3.0072634   0.4798447   0.18615216
   0.30290803  0.75971925  0.          3.2767036   0.          0.70258564
   3.5905354   0.4807248   0.69245714  8.787655    4.206011    5.08105
   8.351788    3.014168    0.5411437   0.43209785  4.7288494   0.32112977
   0.98383313  0.02673766  1.8038906   2.5734954   0.          0.
   3.0673113   1.9708076   2.3498735   0.44872746  9.830573    1.5914176
   0.2697538   1.1715094   7.922669    0.1564194   0.18061747  1.4274144
   3.9989052   1.1079086   6.669966    1.5972109   0.5882637   6.297976
   7.6203284   0.5017132  11.348995    4.779281    1.3710629   0.84133863
   3.460369    2.110315  ]]