[[0.00000000e+00 2.71310902e+00 1.41346216e+00 0.00000000e+00
  7.09838688e-01 1.93118250e+00 4.77436399e+00 5.88189483e-01
  4.17017269e+00 2.92510176e+00 1.15865755e+00 3.01088238e+00
  8.75155851e-02 3.54226184e+00 0.00000000e+00 4.07793015e-01
  1.77341664e+00 0.00000000e+00 1.16476202e+00 2.04281497e+00
  0.00000000e+00 2.05707378e+01 4.09987390e-01 1.93933833e+00
  1.92832798e-01 7.09219694e+00 6.88941908e+00 1.05755825e+01
  8.93020257e-02 3.34899259e+00 3.60876703e+00 3.06883484e-01
  1.23648024e+00 5.42958736e+00 3.72628951e+00 0.00000000e+00
  3.07908833e-01 6.74503267e-01 4.26154184e+00 2.39760566e+00
  9.73519039e+00 8.06278512e-02 7.23151565e-02 6.89157867e+00
  5.49528217e+00 6.31434977e-01 4.26775980e+00 3.57711172e+00
  6.55330181e+00 3.15148145e-01 6.19918965e-02 3.66929746e+00
  0.00000000e+00 2.89121914e+00 1.45123214e-01 4.73328018e+00
  1.45326352e+00 7.94266939e+00 1.09195967e+01 2.32445645e+00
  5.08709383e+00 2.24630997e-01 1.37564540e+00 2.71172881e+00
  9.36558306e-01 1.46061873e+00 5.32256007e-01 4.28355187e-01
  2.29720354e+00 2.89694524e+00 1.78845072e+00 3.38421017e-01
  8.00086498e+00 3.49160075e+00 3.74504876e+00 2.86985254e+00
  0.00000000e+00 0.00000000e+00 3.69178414e-01 5.17873585e-01
  8.52654517e-01 1.54346323e+00 4.35546017e+00 4.65716124e-01
  5.14344215e+00 4.37663603e+00 2.68975407e-01 1.82740724e+00
  5.21291924e+00 2.78163105e-01 4.02419281e+00 4.95370835e-01
  0.00000000e+00 6.68609762e+00 2.55188060e+00 8.77831280e-01
  1.90628576e+00 4.23711967e+00 1.07935867e+01 4.37313890e+00
  3.45487952e+00 1.04134011e+00 1.42363775e+00 3.68008327e+00
  3.12344050e+00 3.34612936e-01 0.00000000e+00 1.28748024e+00
  5.36841691e-01 6.10184860e+00 1.32799888e+00 3.80304670e+00
  1.41382313e+00 7.11453915e+00 1.58647680e+00 4.36738104e-01
  7.96210289e+00 2.95153308e+00 3.79982686e+00 7.52574325e-01
  1.38295221e+00 1.14899302e+01 2.51117015e+00 8.37669945e+00
  0.00000000e+00 5.64545810e-01 3.91792011e+00 0.00000000e+00
  8.14131546e+00 1.09912930e+01 2.35744810e+00 3.03399503e-01
  1.19524467e+00 5.06512642e-01 1.05991483e+00 3.03427744e+00
  1.93622482e+00 3.81272674e-01 6.74781621e-01 4.09874976e-01
  8.59562099e-01 1.38098001e+00 1.37781417e+00 4.55980825e+00
  1.09764326e+00 3.78285933e+00 2.70518589e+00 5.84710479e-01
  9.32753906e-02 1.32331955e+00 1.54902482e+00 3.09194613e+00
  1.59347248e+00 3.01568925e-01 2.45820332e+00 7.80598223e-01
  1.24708605e+00 2.73227644e+00 1.10584259e+00 5.40023804e-01
  8.23305726e-01 2.88875604e+00 4.19404936e+00 2.18348745e-02
  6.23703957e+00 4.30574715e-01 1.66908637e-01 1.79756927e+00
  3.75487328e+00 8.50329399e-01 7.84239721e+00 1.17326033e+00
  5.66901398e+00 4.67972755e+00 1.23548591e+00 1.83145452e+00
  1.53528047e+00 7.74237990e-01 3.00091934e+00 1.45151739e+01
  7.89501607e-01 2.05921936e+00 5.01546478e+00 1.98058712e+00
  0.00000000e+00 3.19776416e-01 4.59724188e+00 9.63677838e-02
  1.31442881e+00 2.90070474e-01 2.59900522e+00 2.93487883e+00
  6.76975870e+00 1.37530022e+01 3.49899918e-01 4.83117533e+00
  3.62721771e-01 4.89842463e+00 0.00000000e+00 0.00000000e+00
  2.94063419e-01 0.00000000e+00 0.00000000e+00 5.61264706e+00
  3.24158001e+00 1.40056238e-01 5.97145557e+00 1.41872013e+00
  3.18124682e-01 1.08726292e+01 1.95810869e-01 1.42890310e+00
  0.00000000e+00 2.22444987e+00 2.79201269e+00 2.15802240e+00
  1.53292584e+00 1.14101756e+00 9.04114962e-01 4.23325872e+00
  2.05679119e-01 3.14079666e+00 3.50994396e+00 1.79516971e+00
  1.81594342e-01 2.04201078e+00 1.45899132e-02 1.90445447e+00
  8.91331881e-02 6.40584326e+00 1.19820952e+00 2.74701762e+00
  1.14086294e+00 1.50647020e+00 1.93893540e+00 6.12638950e-01
  1.22485638e+00 1.97632718e+00 1.84440935e+00 2.01774955e+00
  9.75986481e-01 3.94264340e+00 3.42537808e+00 6.30647516e+00
  1.03922439e+00 1.20267725e+00 4.33242750e+00 2.34246755e+00
  4.48943758e+00 1.29238558e+01 1.09760118e+00 5.56356192e+00
  5.57654381e+00 4.04332733e+00 1.27536659e+01 6.54412359e-02
  5.10710657e-01 4.85942066e-01 1.35614526e+00 1.92953277e+00
  3.33175373e+00 2.28153378e-01 0.00000000e+00 4.14199495e+00
  1.99166763e+00 2.06085277e+00 1.86151004e+00 7.06523418e+00
  1.06245899e+01 1.65157819e+00 2.40146899e+00 0.00000000e+00
  2.86813068e+00 5.96306992e+00 8.88272405e-01 1.53763032e+00
  2.04473591e+00 3.90543532e+00 9.91352499e-01 7.62244940e+00
  5.22722244e+00 1.15694952e+01 4.99610233e+00 5.52923584e+00
  3.11743164e+00 0.00000000e+00 1.03094816e+01 8.45196962e-01
  1.24153125e+00 2.19616875e-01 3.89112544e+00 3.38201940e-01
  9.57446098e-01 5.06674862e+00 1.58868778e+00 1.48111808e+00
  1.60037184e+00 1.25129104e+00 7.97185600e-01 0.00000000e+00
  3.69650769e+00 6.50700390e-01 3.31354904e+00 0.00000000e+00
  0.00000000e+00 9.19470978e+00 1.06271006e-01 3.05095291e+00
  4.94970053e-01 1.75276351e+00 8.62927079e-01 8.39440703e-01
  2.12945476e-01 0.00000000e+00 2.21598625e+00 1.72568655e+00
  4.13864374e+00 5.01698256e+00 6.60371110e-02 1.77923191e+00
  1.21438718e+00 1.42014778e+00 9.29144859e-01 3.74384451e+00
  4.61752605e+00 2.58339018e-01 4.18371248e+00 7.05159783e-01
  1.45281541e+00 9.04996157e-01 1.44928014e+00 4.28263617e+00
  4.04731083e+00 3.33742768e-01 9.82226849e+00 2.88642240e+00
  4.07271194e+00 4.16200340e-01 1.56521368e+01 7.37531376e+00
  7.43063450e-01 1.98212154e-02 1.30825245e+00 7.35512829e+00
  1.70771945e+00 2.96312356e+00 0.00000000e+00 9.33556616e-01
  8.83880258e-02 2.68484831e+00 3.55472028e-01 4.93481576e-01
  0.00000000e+00 0.00000000e+00 8.34326088e-01 1.37547052e+00
  5.10656786e+00 5.42381763e+00 1.59762526e+00 1.27919292e+00
  3.11963081e+00 2.39549384e-01 5.89256525e+00 6.68609858e-01
  7.80124855e+00 2.24974379e-01 1.17816963e+01 1.58420354e-01
  1.42940843e+00 8.07939243e+00 4.79339182e-01 2.15788698e+00
  1.59013712e+00 2.57123828e+00 3.87319636e+00 1.46870673e+00
  2.73581147e+00 8.45831585e+00 1.09967489e+01 4.05651689e-01
  8.72493362e+00 3.02328658e+00 4.06553793e+00 0.00000000e+00
  1.21173751e+00 5.03708601e+00 4.36467588e-01 3.05177063e-01
  5.10916328e+00 3.83508539e+00 4.64959288e+00 2.72119331e+00
  8.21268368e+00 9.95447576e-01 2.88576365e+00 1.14500713e+00
  2.02983522e+00 2.63418913e+00 3.91919827e+00 3.96078713e-02
  1.03233647e+00 9.30944061e+00 5.59719467e+00 2.87163377e+00
  4.71807837e-01 9.51967239e+00 2.07336545e+00 0.00000000e+00
  4.77908611e-01 2.75908089e+00 5.09234905e+00 9.61528599e-01
  3.02873909e-01 4.82164353e-01 3.67476940e+00 7.20907524e-02
  2.20151401e+00 3.90315318e+00 2.70111322e-01 7.34809816e-01
  7.29877576e-02 1.30136585e+00 4.64341909e-01 3.99254799e+00
  9.37272310e-02 4.59913224e-01 5.09515619e+00 2.61266875e+00
  3.21482372e+00 2.75388455e+00 3.01907659e+00 6.34375620e+00
  1.04147971e+00 1.23127437e+00 6.62052691e-01 7.96495390e+00
  3.18677688e+00 2.86479771e-01 7.70234156e+00 9.44416714e+00
  4.58463812e+00 1.58272162e-01 0.00000000e+00 7.92758512e+00
  8.77044275e-02 2.77394891e-01 5.53182411e+00 1.85554966e-01
  2.47040694e-03 6.62411749e-02 4.39389658e+00 2.04172850e+00
  2.99777055e+00 5.60522842e+00 3.54274511e+00 2.11530104e-02
  1.38583088e+00 6.82675505e+00 1.19737947e+00 1.37812412e+00
  3.80237436e+00 6.77537799e-01 0.00000000e+00 0.00000000e+00
  3.06733996e-01 0.00000000e+00 1.29854596e+00 1.42709720e+00
  1.05918431e+00 1.41825652e+00 2.87999302e-01 1.47072351e+00
  1.59543669e+00 3.88736796e+00 1.95796514e+00 4.88906384e-01
  0.00000000e+00 1.33256984e+00 4.09913969e+00 3.01944661e+00
  2.17188191e+00 4.61149836e+00 1.79685855e+00 4.88409901e+00
  0.00000000e+00 8.23594213e-01 5.33581352e+00 1.43283531e-01
  1.86683846e+00 1.08745599e+00 2.81535476e-01 4.74621356e-01
  1.18400797e-01 0.00000000e+00 2.03753948e+00 1.11045301e+00
  4.06873131e+00 6.24978602e-01 2.70941764e-01 8.02235842e-01
  4.04817772e+00 1.06692219e+00 5.04646719e-01 2.42401576e+00
  2.81777835e+00 0.00000000e+00 1.62468815e+00 3.40649009e+00
  6.33144557e-01 3.63064080e-01 2.36981225e+00 9.51076746e-01]]