[[3.11175555e-01 2.48272371e+00 1.48556530e+00 2.00612530e-01
  6.09159730e-02 5.22816801e+00 9.14413154e-01 1.78625844e-02
  3.92819121e-02 1.20154476e+00 4.91170138e-01 2.79629731e+00
  1.46553850e+00 5.92713475e-01 0.00000000e+00 2.45601678e+00
  3.25365520e+00 1.61963820e+00 2.06717205e+00 6.20771837e+00
  6.26709986e+00 1.05950851e+01 7.29510263e-02 1.91049850e+00
  1.70794272e+00 6.55514336e+00 3.77276182e+00 7.74843037e-01
  1.04855788e+00 0.00000000e+00 4.32307601e-01 4.54884529e+00
  1.34665895e+00 1.91875577e+00 7.01374650e-01 3.40974593e+00
  3.57534981e+00 2.15630159e-02 4.75120020e+00 5.24661207e+00
  1.56573210e+01 1.56295478e-01 1.46176600e+00 3.00399089e+00
  2.09178627e-01 0.00000000e+00 2.73498607e+00 1.89940140e-01
  5.11891031e+00 7.41383135e-01 7.00459599e-01 3.55042005e+00
  2.78692782e-01 5.55191755e-01 9.87149000e-01 5.49513912e+00
  2.26173341e-01 3.35339069e+00 0.00000000e+00 5.98659992e-01
  4.59542334e-01 3.18063438e-01 7.20543480e+00 3.16261721e+00
  3.05288166e-01 1.94607484e+00 7.43732262e+00 6.34859025e-01
  8.56469750e-01 5.88496447e+00 2.97086811e+00 2.15626240e+00
  0.00000000e+00 2.71858716e+00 4.30063248e+00 4.01523978e-01
  1.21140540e-01 2.09903002e+00 6.37823492e-02 2.01840115e+00
  0.00000000e+00 6.08479440e-01 0.00000000e+00 9.81028259e-01
  5.59965611e+00 2.89825034e+00 6.09189892e+00 2.52384424e+00
  1.76270962e+00 8.37044477e-01 2.05355024e+00 2.24998593e+00
  1.44154634e-02 9.06944573e-01 1.25485063e+00 2.17711315e-01
  1.20923245e+00 7.81356239e+00 0.00000000e+00 1.10019722e+01
  3.99674714e-01 1.48926175e+00 1.35351715e+01 3.02634072e+00
  5.07683933e-01 4.05599213e+00 0.00000000e+00 3.49181414e-01
  0.00000000e+00 3.21538866e-01 1.12449586e+00 4.14214045e-01
  3.39417309e-01 8.73990822e+00 8.16504836e-01 9.13815379e-01
  8.90672302e+00 8.93527269e-01 2.00585508e+00 1.20605409e+00
  4.46180373e-01 0.00000000e+00 4.75869328e-01 3.08608389e+00
  7.04547501e+00 7.00238037e+00 1.73309481e+00 0.00000000e+00
  5.32382441e+00 6.34779644e+00 4.74037789e-02 1.36979985e+00
  1.27573693e+00 1.27732658e+00 3.74877453e-01 1.29635477e+00
  1.74665987e+00 3.19894576e+00 1.51814795e+00 1.34791374e+00
  9.22736898e-02 2.15569162e+00 2.71444410e-01 3.39541698e+00
  1.11527240e+00 1.55083609e+00 4.18713427e+00 2.68597275e-01
  9.76058185e-01 3.50263238e+00 2.40855384e+00 5.67271888e-01
  1.24050617e+00 2.38539446e-02 5.64785779e-01 3.16755891e-01
  1.64651346e+00 4.93038273e+00 1.42543554e+00 1.91782784e+00
  2.07081342e+00 3.40881824e+00 2.07484317e+00 1.00294912e+00
  3.72944856e+00 1.71855509e+00 5.03078401e-02 1.02817678e+00
  5.87336421e-01 2.23411012e+00 4.34453392e+00 7.95350611e-01
  5.39173603e+00 2.28087735e+00 4.95339990e-01 4.62239355e-01
  1.95665262e-03 1.48289132e+00 1.52416286e+01 5.34891748e+00
  7.67154098e-01 0.00000000e+00 6.44226885e+00 2.03134716e-01
  2.03189588e+00 1.00524366e+00 3.19928384e+00 1.30208552e+00
  1.28735507e+00 1.66044629e+00 2.77838800e-02 0.00000000e+00
  1.18694581e-01 7.51831102e+00 0.00000000e+00 3.04257512e+00
  0.00000000e+00 2.10514021e+00 0.00000000e+00 0.00000000e+00
  3.14089966e+00 4.00103539e-01 2.98044890e-01 1.07927963e-01
  5.19710493e+00 1.04624951e+00 8.34642887e+00 1.20034195e-01
  2.78695273e+00 7.60015392e+00 3.72072864e+00 2.66811895e+00
  1.31660068e+00 3.77201533e+00 2.03309727e+00 1.15837419e+00
  3.06755495e+00 2.93935627e-01 1.20312321e+00 3.71496058e+00
  7.41105127e+00 5.79052401e+00 9.01295245e-01 2.48972848e-01
  3.73556495e+00 0.00000000e+00 0.00000000e+00 1.74348915e+00
  1.79111016e+00 2.62447953e+00 2.08229557e-01 3.02805758e+00
  0.00000000e+00 1.08613217e+00 3.83744955e-01 1.42549598e+00
  5.71661711e+00 1.83423579e+00 3.11281729e+00 5.91353700e-02
  3.36006284e+00 1.38888452e-02 7.68550694e-01 8.70132065e+00
  2.31966591e+00 8.58126831e+00 1.51024550e-01 1.60134137e+00
  1.69675863e+00 9.79967308e+00 1.35282507e+01 1.62131205e-01
  3.31867647e+00 9.79834795e-01 6.59002113e+00 1.19494429e+01
  1.56892395e+00 2.30770540e+00 7.31876087e+00 1.13670878e-01
  1.11522007e+00 8.92111659e-01 3.60575348e-01 4.16746902e+00
  1.33602643e+00 1.67160511e+00 0.00000000e+00 2.79637074e+00
  3.39946508e+00 8.24923754e-01 4.58997440e+00 2.82567024e-01
  1.08835006e+00 2.00298977e+00 2.69028246e-01 2.27713132e+00
  7.19891357e+00 2.28670314e-01 1.53698906e-01 7.51845551e+00
  3.79524112e+00 1.06003904e+00 5.79312611e+00 8.08096313e+00
  2.86923695e+00 0.00000000e+00 2.43535614e+00 7.97523856e-02
  1.44182533e-01 6.47527599e+00 1.02086949e+00 7.08995402e-01
  1.15563083e+00 1.71364784e+00 1.55913901e+00 8.95939112e-01
  6.48810482e+00 1.38978019e-01 2.15684742e-01 0.00000000e+00
  4.12971544e+00 4.71078300e+00 8.20543230e-01 5.19549489e-01
  0.00000000e+00 1.95216145e-02 3.46406735e-02 3.16096592e+00
  1.86098695e-01 7.87850678e-01 6.95309281e-01 0.00000000e+00
  2.10642743e+00 0.00000000e+00 1.31418872e+00 2.25027299e+00
  2.72673965e+00 6.24554873e+00 2.29082608e+00 2.53648543e+00
  6.89921665e+00 3.17056715e-01 5.12043333e+00 1.11746363e-01
  1.17440307e+00 4.83267546e+00 2.56972122e+00 0.00000000e+00
  3.83316576e-01 1.08986847e-01 7.12701976e-01 3.00798273e+00
  2.86401451e-01 8.05758381e+00 4.72492504e+00 1.00882280e+00
  4.10204053e-01 1.06331468e+00 1.69412994e+01 1.07318056e+00
  5.92475832e-02 6.26735687e+00 7.33108103e-01 1.99352756e-01
  1.35197902e+00 1.13290429e+00 6.74903393e+00 2.48622870e+00
  1.27317667e-01 0.00000000e+00 2.91203594e+00 2.61914134e+00
  6.23637104e+00 2.34041739e+00 2.07164407e+00 6.04848921e-01
  6.47117901e+00 5.57155418e+00 3.41076970e+00 9.08481359e-01
  1.36938000e+01 1.37398854e-01 1.19108229e+01 3.56111670e+00
  1.06202307e+01 6.66038811e-01 8.02046871e+00 1.04893661e+00
  4.99237359e-01 1.88025996e-01 2.30172420e+00 1.40917099e+00
  1.78311217e+00 7.64467359e-01 3.96445322e+00 3.83941531e+00
  5.83015025e-01 3.45036030e+00 0.00000000e+00 2.49343777e+00
  1.91326153e+00 1.24561415e+01 5.92648506e-01 9.20107245e-01
  3.07637239e+00 6.46938104e-03 3.22858167e+00 5.45226522e-02
  1.57638669e+00 7.96430683e+00 6.34693813e+00 1.11662149e+00
  1.24891512e-01 1.12544084e+00 2.35697532e+00 8.20037901e-01
  4.69049573e-01 2.06198525e+00 3.80652666e+00 9.28182244e-01
  2.72199082e+00 5.00582218e+00 4.48462725e+00 1.02798662e+01
  1.31839669e+00 6.37522125e+00 1.74507663e-01 4.41071689e-01
  8.47150460e-02 1.30589914e+00 2.76733899e+00 3.50796819e+00
  0.00000000e+00 1.21193275e+01 2.77155900e+00 5.25862646e+00
  1.30277050e+00 2.02014327e+00 0.00000000e+00 1.94846034e-01
  3.83074665e+00 2.65346479e+00 2.03867269e+00 1.34747076e+00
  3.60298777e+00 1.66918552e+00 6.14626265e+00 3.81163359e+00
  4.45418644e+00 1.45899749e+00 1.29418857e-02 1.00653076e+01
  1.15563810e+00 1.03600585e+00 4.47991610e+00 6.09002018e+00
  9.12046850e-01 4.44654226e+00 5.16896915e+00 3.88697028e+00
  6.37365222e-01 4.10351455e-01 1.03600037e+00 1.17944269e+01
  5.41494608e+00 2.60448694e+00 0.00000000e+00 1.84918511e+00
  2.62233436e-01 1.35481966e+00 5.49503624e-01 4.00670004e+00
  2.40355301e+00 6.07982635e+00 1.17060061e+01 4.69512749e+00
  2.34865046e+00 3.80230618e+00 9.16479766e-01 4.40483189e+00
  3.29328179e-01 1.11473799e+00 3.30744863e+00 7.54065275e-01
  4.72678423e-01 1.61409771e+00 2.74378467e+00 2.55909443e+00
  3.08646631e+00 0.00000000e+00 1.38312578e+00 0.00000000e+00
  1.77098227e+00 7.79523039e+00 2.42392659e+00 7.66328797e-02
  1.15645380e+01 0.00000000e+00 7.65254572e-02 1.56243813e+00
  1.08692539e+00 8.51731956e-01 1.87778622e-01 2.41578293e+00
  0.00000000e+00 5.60206079e+00 1.58155429e+00 0.00000000e+00
  2.11501017e-01 6.93717659e-01 2.32540870e+00 4.95908141e-01
  4.05188620e-01 3.05363953e-01 1.70306814e+00 2.97310829e+00
  9.90530777e+00 4.44916534e+00 1.11806715e+00 9.61842895e-01
  1.58476460e+00 4.01243001e-01 3.68142575e-01 1.76827133e+00
  2.06182766e+00 5.07827282e-01 1.36682689e+00 9.54139948e-01
  1.46296120e+00 9.91115034e-01 3.61394143e+00 3.78025204e-01]]