[[4.93097782e+00 0.00000000e+00 1.38991868e+00 0.00000000e+00
  7.38303736e-02 7.29708624e+00 1.58244877e+01 2.81905007e+00
  2.44684887e+00 0.00000000e+00 1.94353390e+00 1.56542468e+00
  5.02741146e+00 5.10703564e+00 0.00000000e+00 6.42321587e+00
  0.00000000e+00 1.72283232e+00 1.33166462e-02 3.07733321e+00
  7.89357662e+00 1.21687222e+00 9.70787823e-01 1.30192804e+00
  1.91876686e+00 2.31269956e+00 6.15401840e+00 9.57630730e+00
  1.09920216e+00 3.01530385e+00 0.00000000e+00 1.02277207e+00
  1.22956324e+00 2.12206197e+00 3.36459398e-01 5.60708344e-01
  3.59103769e-01 3.48140985e-01 6.78042030e+00 7.29905748e+00
  7.35820830e-02 3.93995076e-01 6.34017706e+00 1.46618950e+00
  5.31154585e+00 1.38205564e+00 4.31862235e-01 3.41605783e-01
  2.68525660e-01 9.11284924e-01 1.28434077e-01 5.65197182e+00
  5.24104893e-01 3.22319460e+00 2.14126611e+00 2.17555821e-01
  4.15850687e+00 2.47804451e+00 1.16281140e+00 2.33298436e-01
  4.35681254e-01 2.82105207e+00 6.65505219e+00 9.19693089e+00
  0.00000000e+00 7.76359701e+00 3.87119532e+00 5.84137535e+00
  1.59127498e+00 5.79160929e+00 1.45849311e+00 1.63664460e+00
  2.46229529e+00 1.12691698e+01 1.13983977e+00 0.00000000e+00
  5.90842031e-02 2.73457003e+00 1.07509291e+00 2.86295027e-01
  2.31767058e-01 1.26376712e+00 1.95850992e+00 0.00000000e+00
  3.71790242e+00 3.46326089e+00 9.16121900e-02 4.20260143e+00
  1.05987713e-01 0.00000000e+00 8.00267029e+00 2.47365451e+00
  6.24224953e-02 1.02271467e-01 0.00000000e+00 5.38857818e-01
  1.11861505e-01 3.28611469e+00 0.00000000e+00 5.95436811e+00
  3.03178883e+00 6.06537056e+00 1.72329867e+00 1.04517660e+01
  2.42934561e+00 1.04406726e+00 2.21080761e-02 5.18792570e-01
  1.25354481e+00 2.62978745e+00 7.86543846e-01 0.00000000e+00
  3.51921134e-02 6.23868942e+00 6.15254784e+00 2.38435701e-01
  4.56756210e+00 1.30361569e+00 1.36334538e+00 6.49190712e+00
  0.00000000e+00 6.74786627e-01 0.00000000e+00 2.42135048e+00
  2.65229195e-02 1.51344705e+00 1.00896589e-01 0.00000000e+00
  9.42095071e-02 6.73262739e+00 2.85794187e+00 6.27372801e-01
  8.36246669e-01 2.23681495e-01 0.00000000e+00 5.83971024e+00
  1.56798780e-01 4.31448489e-01 5.37789536e+00 1.34198874e-01
  2.45806009e-01 5.09521961e-01 3.69873762e-01 6.96871185e+00
  1.29104352e+00 1.98740554e+00 1.31620336e+00 0.00000000e+00
  0.00000000e+00 3.67101640e-01 3.62346268e+00 7.49608338e-01
  8.20575535e-01 0.00000000e+00 3.94480467e+00 1.76728463e+00
  1.07935345e+00 4.35677671e+00 4.37097502e+00 2.61082709e-01
  4.29939222e+00 1.47911119e+00 3.63911438e+00 3.24384117e+00
  1.05920334e+01 1.64074242e+00 7.93631077e-01 4.13908720e+00
  3.83006856e-02 3.90749192e+00 5.99381256e+00 8.58536720e+00
  6.82174873e+00 3.90087175e+00 9.46568072e-01 9.30898368e-01
  0.00000000e+00 1.61783230e+00 4.25068140e+00 1.25361519e+01
  4.83563805e+00 3.58512104e-02 5.37070370e+00 1.38632083e+00
  2.09098649e+00 5.36999369e+00 1.99683392e+00 2.84358454e+00
  1.74873900e+00 3.29363495e-01 9.57268238e-01 0.00000000e+00
  3.11996293e+00 4.22096205e+00 3.11624035e-02 0.00000000e+00
  2.84035150e-02 5.13132381e+00 1.75011349e+00 1.81419417e-01
  3.15903211e+00 4.02051353e+00 0.00000000e+00 0.00000000e+00
  3.36359286e+00 9.55286741e-01 1.28445506e-01 9.73971903e-01
  1.25438735e-01 6.23231947e-01 3.01333380e+00 1.37532055e+00
  1.45497048e+00 2.86269281e-02 2.67021000e-01 0.00000000e+00
  5.19860089e-01 0.00000000e+00 1.42972195e+00 4.80521351e-01
  1.01859903e+00 1.99499166e+00 5.68474913e+00 0.00000000e+00
  0.00000000e+00 3.92466831e+00 5.67270100e-01 0.00000000e+00
  3.74561310e-01 4.24819291e-01 1.21790373e+00 1.15363455e+00
  2.18956375e+00 6.74898338e+00 1.73036098e+00 2.22631145e+00
  9.06973481e-01 7.93551064e+00 9.14974153e-01 7.77117109e+00
  3.64017248e-01 1.52903751e-01 6.32570410e+00 4.07441998e+00
  3.93094969e+00 8.81818867e+00 1.22772694e+01 6.58905983e+00
  1.70162594e+00 4.06932712e-01 6.48995191e-02 8.99488628e-01
  3.76634523e-02 4.47048903e+00 3.09656203e-01 0.00000000e+00
  8.42674077e-01 2.18633461e+00 1.45121312e+00 7.82990098e-01
  1.90893900e+00 2.95180225e+00 8.94586444e-01 8.64293289e+00
  9.17448425e+00 2.41778183e+00 5.40391254e+00 8.20947456e+00
  4.19490099e+00 1.42356873e+00 1.50068200e+00 8.01346600e-02
  1.05465746e+01 2.28542924e+00 2.88312054e+00 1.49127209e+00
  8.15096092e+00 7.90446997e-01 8.73488858e-02 1.54924726e+00
  2.32872081e+00 2.86996484e+00 8.03221893e+00 0.00000000e+00
  3.12000126e-01 2.18220919e-01 5.37381709e-01 5.81753969e-01
  2.37028861e+00 2.35670090e+00 0.00000000e+00 1.60668302e+00
  6.97270930e-01 1.32029045e+00 3.06797767e+00 5.06453812e-01
  1.24505818e+00 5.23005152e+00 4.90129292e-02 6.09134063e-02
  8.75491238e+00 0.00000000e+00 1.96475792e+00 2.47106147e+00
  2.12728000e+00 2.06183720e+00 1.09134829e+00 0.00000000e+00
  2.39326644e+00 0.00000000e+00 1.82077020e-01 1.22930110e+00
  2.01062068e-01 2.22708321e+00 3.91494632e+00 1.52247500e+00
  8.80216408e+00 2.01450100e+01 8.20066547e+00 2.61075675e-01
  4.93070221e+00 6.64012611e-01 7.79489458e-01 1.45589620e-01
  4.49124670e+00 5.17445993e+00 3.83537602e+00 8.42363313e-02
  7.23779798e-01 8.35536671e+00 0.00000000e+00 5.97057533e+00
  1.21957076e+00 4.89998639e-01 6.43082952e+00 3.59916180e-01
  3.89475083e+00 4.24891281e+00 0.00000000e+00 2.17874527e+00
  1.41617346e+00 5.23341656e+00 0.00000000e+00 1.77266335e+00
  6.07740879e-01 1.04823742e+01 1.85814053e-02 2.59045410e+00
  1.54024220e+00 8.83153021e-01 7.15094030e-01 1.66212261e+00
  1.79214418e-01 7.27116060e+00 3.25382245e-03 0.00000000e+00
  2.06206274e+00 6.98792076e+00 2.17112112e+00 0.00000000e+00
  8.94819140e-01 0.00000000e+00 1.28127632e+01 2.15861917e+00
  2.17704678e+00 1.91038406e+00 1.37813873e+01 4.00611496e+00
  7.55100772e-02 0.00000000e+00 6.85371637e+00 2.00847507e+00
  0.00000000e+00 1.49072206e+00 0.00000000e+00 6.70817089e+00
  3.24101269e-01 5.27535772e+00 8.22647572e-01 3.09359717e+00
  2.33589745e+00 0.00000000e+00 1.60171717e-01 3.11655450e+00
  3.18270636e+00 4.71471214e+00 2.77673864e+00 0.00000000e+00
  2.99345285e-01 2.02246237e+00 0.00000000e+00 2.14308992e-01
  7.60131693e+00 3.15877199e+00 7.61522586e-03 2.84778976e+00
  7.46551514e+00 1.73686218e+00 1.68538547e+00 1.82099497e+00
  8.49214935e+00 5.96998739e+00 7.79479170e+00 9.58419228e+00
  2.02796626e+00 0.00000000e+00 3.37083675e-02 2.65589380e+00
  1.16937363e+00 1.37307727e+00 5.21398783e+00 3.40857267e-01
  1.59208462e-01 1.78809408e-02 6.63331330e-01 1.20815742e+00
  3.79767358e-01 5.20312607e-01 1.45042634e+00 5.14167738e+00
  9.76068676e-01 0.00000000e+00 6.00337267e+00 7.03501749e+00
  5.35740554e-01 2.69355774e+00 3.55141938e-01 6.02295732e+00
  7.55643654e+00 6.16713405e-01 1.93570697e+00 0.00000000e+00
  3.61592126e+00 0.00000000e+00 3.04366541e+00 1.10512810e+01
  1.04292583e+00 1.29763508e+01 0.00000000e+00 7.15059102e-01
  4.50985163e-01 0.00000000e+00 1.73655415e+00 1.60222566e+00
  6.78000736e+00 2.98370147e+00 2.19556546e+00 1.91209471e+00
  1.53741255e-01 3.55405472e-02 6.94748089e-02 2.11727071e+00
  8.84096086e-01 1.42377067e+00 9.35590148e-01 3.31488347e+00
  1.16361437e+01 5.88623524e+00 0.00000000e+00 4.46531534e+00
  0.00000000e+00 1.19358742e+00 2.88058138e+00 1.96932840e+00
  5.22518391e-03 0.00000000e+00 0.00000000e+00 7.50531971e-01
  2.26913619e+00 5.80505952e-02 7.93526292e-01 1.04374492e+00
  7.37368941e-01 1.18746109e+01 6.59929574e-01 8.40771735e-01
  8.41607666e+00 1.56014323e-01 5.26416969e+00 1.84142673e+00
  0.00000000e+00 7.37396622e+00 4.11216199e-01 1.13048089e+00
  0.00000000e+00 6.62397718e+00 9.49997711e+00 2.29963446e+00
  1.60582066e+00 0.00000000e+00 6.85799241e-01 0.00000000e+00
  1.35511303e+00 1.11286345e+01 3.92062873e-01 2.43491936e+00
  1.90726769e+00 4.01333630e-01 1.98707163e+00 2.00980043e+00
  8.39077950e+00 3.98698598e-01 1.53464270e+01 6.71246004e+00
  3.67950320e+00 4.58136529e-01 1.78477554e+01 8.64126265e-01
  1.50057018e+00 0.00000000e+00 5.76730549e-01 4.02916670e+00]]