[[5.09644389e-01 9.85835493e-01 3.24276924e+00 0.00000000e+00
  3.53972286e-01 8.60791492e+00 2.08822536e+00 4.47795331e-01
  3.78266978e+00 0.00000000e+00 2.42524028e+00 4.83396918e-01
  3.76915598e+00 1.50802660e+00 0.00000000e+00 5.44252300e+00
  2.23067865e-01 1.66440427e+00 5.09274527e-02 9.07323456e+00
  5.35757780e+00 1.34356861e+01 2.94288158e-01 3.18232393e+00
  9.65144038e-01 1.17754898e+01 5.86274385e+00 7.91080713e-01
  2.36082387e+00 0.00000000e+00 1.25482574e-01 1.05733671e+01
  0.00000000e+00 1.16183853e+01 2.17194706e-01 2.30003333e+00
  0.00000000e+00 2.45984420e-02 1.04693794e+01 8.43591332e-01
  2.69470453e+00 2.03221536e+00 3.00363731e+00 4.67672157e+00
  1.54187775e+00 5.18251956e-01 9.03600311e+00 1.70629418e+00
  7.38884211e-01 2.93483567e+00 1.90067768e+00 3.84706020e+00
  3.72701734e-01 6.20159674e+00 1.03123927e+00 2.82078385e+00
  0.00000000e+00 2.17606144e+01 2.84010124e+00 3.72389817e+00
  8.70589375e-01 1.59120977e+00 7.88173580e+00 9.25530624e+00
  0.00000000e+00 3.46360803e+00 1.49933541e+00 2.03643107e+00
  3.07351756e+00 8.09614658e+00 0.00000000e+00 8.04134941e+00
  1.07263269e+01 5.93601513e+00 5.67550063e-01 5.03548741e-01
  7.50493526e+00 0.00000000e+00 4.40359771e-01 0.00000000e+00
  0.00000000e+00 1.63129568e+00 4.11754847e+00 0.00000000e+00
  3.42169285e-01 2.64538479e+00 1.25788796e+00 7.63576567e-01
  2.95229816e+00 0.00000000e+00 8.01763058e+00 2.24508107e-01
  3.88011456e+00 3.72867656e+00 2.88047999e-01 1.06213570e+00
  0.00000000e+00 2.67940950e+00 9.97729540e-01 4.18707275e+00
  3.44049931e-01 7.70391035e+00 5.73097992e+00 1.74235415e+00
  8.76527369e-01 5.76332569e+00 3.03248186e-02 0.00000000e+00
  5.85314512e-01 4.24732745e-01 2.23900747e+00 3.53487444e+00
  4.87698913e-01 3.50359178e+00 1.89485943e+00 0.00000000e+00
  1.11236687e+01 7.06390238e+00 4.74166274e-01 3.01339793e+00
  4.94681560e-02 1.57264507e+00 1.13219842e-01 9.57840061e+00
  1.50144339e+00 2.24100018e+00 4.35330153e-01 3.20626646e-01
  2.01280451e+00 3.09068584e+01 2.28045321e+00 5.73979759e+00
  3.51922584e+00 7.38214672e-01 3.95779759e-01 3.77070308e+00
  8.98272991e-01 3.76721478e+00 3.52830195e+00 6.05549097e-01
  1.45905375e-01 1.22076559e+00 0.00000000e+00 6.36724186e+00
  2.34448385e+00 4.06904316e+00 3.25824070e+00 0.00000000e+00
  1.43259943e-01 2.68914074e-01 9.93834496e+00 2.30870771e+00
  1.28122246e+00 2.17035031e+00 3.99098217e-01 3.89963555e+00
  2.48836493e+00 6.01417017e+00 1.23394620e+00 1.52171469e+00
  3.35044891e-01 8.73999521e-02 7.14672470e+00 1.32292092e-01
  4.82329035e+00 7.54193258e+00 1.12500942e+00 4.39238644e+00
  9.57283688e+00 7.66712785e-01 6.18954277e+00 2.29580402e+00
  3.08753777e+00 1.10193960e-01 1.64246380e-01 1.07257438e+00
  8.68592858e-01 3.56266737e-01 6.09001458e-01 8.48676586e+00
  6.68332911e+00 0.00000000e+00 1.04506741e+01 1.63162798e-01
  1.22436978e-01 3.10425377e+00 6.38901329e+00 2.45003319e+00
  4.96806577e-02 6.70722008e+00 1.05071771e+00 0.00000000e+00
  0.00000000e+00 1.45576868e+01 0.00000000e+00 8.78032017e+00
  2.64846217e-02 6.32090425e+00 1.11740398e+00 3.31753945e+00
  0.00000000e+00 1.21547213e+01 3.52181010e-02 4.49786037e-01
  6.29089785e+00 2.65080833e+00 5.64501345e-01 1.03164747e-01
  1.68421078e+00 7.86000538e+00 1.16542971e+00 1.07564621e+01
  0.00000000e+00 1.91153562e+00 5.11093092e+00 4.13962841e+00
  1.48240507e+00 0.00000000e+00 1.01331234e+00 3.33805132e+00
  1.99705541e+00 6.05948734e+00 1.16731703e+00 6.37016964e+00
  2.52987385e+00 1.35319877e+00 6.91483021e-01 4.90408564e+00
  5.01821935e-01 1.74706781e+00 4.47522640e+00 3.75127077e+00
  2.76094127e+00 7.17886829e+00 6.73261881e+00 1.60243273e+00
  8.32050896e+00 8.72294617e+00 4.55152845e+00 2.01914072e+00
  5.21666718e+00 1.76069722e-01 1.52884829e+00 3.91548276e+00
  7.80226660e+00 4.08383083e+00 1.24022913e+01 8.71054530e-01
  1.30292833e+00 2.78432608e+00 5.64613914e+00 0.00000000e+00
  0.00000000e+00 6.31732345e-02 2.79901433e+00 1.57792318e+00
  1.27840722e+00 4.49631262e+00 6.20450687e+00 1.34593511e+00
  2.03484726e+00 0.00000000e+00 1.69400081e-01 1.06761360e+00
  1.27277641e+01 0.00000000e+00 4.22445726e+00 1.07890618e+00
  8.20557690e+00 2.10292315e+00 6.83207607e+00 0.00000000e+00
  3.37432456e+00 4.39691401e+00 3.18342876e+00 7.12532139e+00
  6.91732788e+00 6.22748494e-01 0.00000000e+00 1.48130054e+01
  1.60314488e+00 1.25721645e+00 6.52592182e+00 2.22184324e+00
  2.38922864e-01 1.28747240e-01 3.13463783e+00 7.00065136e-01
  2.53895235e+00 8.71136114e-02 4.16463494e-01 1.64839971e+00
  1.25014156e-01 3.20937538e+00 1.13728571e+00 2.43934512e+00
  5.96977186e+00 1.55843210e+00 1.07047396e+01 0.00000000e+00
  2.26822090e+00 7.17840099e+00 1.96513677e+00 1.42851114e-01
  6.51309013e+00 2.58030176e+00 1.69122505e+00 4.29002106e-01
  2.11880669e-01 2.06047416e+00 7.69941270e-01 1.03515074e-01
  3.17258686e-01 8.59211981e-01 1.17802010e+01 1.06898248e+00
  8.65043926e+00 2.33949966e+01 1.13546021e-01 2.55334163e+00
  4.77135897e+00 2.45403790e+00 1.41851056e+00 1.11896276e+00
  1.08471513e+00 1.97121108e+00 7.58437967e+00 1.81603551e-01
  0.00000000e+00 3.71505904e+00 6.60896480e-01 7.50980186e+00
  3.52461863e+00 1.53024578e+00 1.26384573e+01 3.26773667e+00
  5.11721420e+00 2.74312210e+00 1.13948822e+00 4.01561356e+00
  6.64032221e-01 1.45454907e+00 2.46859932e+00 0.00000000e+00
  3.17999339e+00 4.54127932e+00 1.60378563e+00 0.00000000e+00
  1.44069999e-01 6.08018541e+00 8.10056090e-01 1.03241158e+00
  4.02375889e+00 9.60530376e+00 4.60128403e+00 2.14022379e-02
  3.10362887e+00 2.18987331e+01 1.03292780e+01 2.52771306e+00
  1.92666030e+00 1.50526428e+00 9.18998241e+00 4.21509027e+00
  3.85378456e+00 3.33038759e+00 2.47812405e+01 5.94483805e+00
  0.00000000e+00 2.26232481e+00 9.29041982e-01 2.92645454e+00
  8.88918781e+00 3.21474481e+00 6.62999535e+00 5.87486315e+00
  3.37219405e+00 3.87158096e-01 9.91608739e-01 7.27685547e+00
  8.77402782e+00 7.52686930e+00 4.72247571e-01 3.08009768e+00
  4.39118958e+00 8.38631392e-02 6.54144883e-02 1.02256691e+00
  1.69521067e-02 2.00742316e+00 8.19774866e-01 2.52509427e+00
  1.23194849e+00 4.33731031e+00 1.00422010e-01 3.16604114e+00
  1.21976929e+01 2.57574081e-01 2.04216433e+00 4.05776501e+00
  1.07322443e+00 1.04585257e+01 3.74022555e+00 6.52335262e+00
  5.00650024e+00 1.15610206e+00 0.00000000e+00 1.63973176e+00
  6.84713507e+00 5.53949022e+00 4.61596870e+00 6.64142072e-02
  0.00000000e+00 2.50130439e+00 8.48912048e+00 4.18812895e+00
  1.59573448e+00 4.29220080e-01 7.61717129e+00 7.65403080e+00
  1.60156918e+01 4.77230453e+00 0.00000000e+00 4.79117823e+00
  9.75913048e-01 6.16100597e+00 3.41621280e+00 2.01304092e+01
  0.00000000e+00 6.62921488e-01 9.92637932e-01 9.55243492e+00
  3.65157866e+00 2.28986889e-02 7.32794404e-01 1.76675148e+01
  2.22787619e-01 8.04117918e-02 5.51302850e-01 1.07115395e-01
  6.76675066e-02 1.71528831e-01 1.24040627e+00 3.52933216e+00
  6.37794971e+00 2.85480690e+00 6.35301590e+00 2.72360146e-01
  1.01223579e-02 1.29888713e+00 6.99019194e+00 5.08005905e+00
  2.69141340e+00 2.32206964e+00 5.61228466e+00 8.27488959e-01
  7.34767973e-01 1.88107765e+00 4.76079643e-01 5.85643291e+00
  2.06602365e-01 2.25024104e+00 1.23713350e+00 1.26019120e-01
  0.00000000e+00 0.00000000e+00 7.04775035e-01 4.41652536e-01
  4.66281271e+00 1.31130144e-01 3.41513157e+00 0.00000000e+00
  9.50031877e-02 2.39590335e+00 0.00000000e+00 2.90556043e-01
  3.76879287e+00 8.30250502e-01 1.57707405e+00 9.41987038e-02
  0.00000000e+00 4.84205544e-01 7.35836506e-01 4.96696997e+00
  1.24746943e+00 7.05881548e+00 8.90561676e+00 5.82118177e+00
  3.38161302e+00 3.93254697e-01 4.20010185e+00 1.88104212e+00
  3.33108127e-01 2.34473085e+00 1.21406090e+00 6.66761827e+00
  1.13590536e+01 9.04206336e-01 2.34011948e-01 8.45259190e-01
  1.08894491e+01 7.84204230e-02 3.53717160e+00 5.17317772e+00
  5.01717901e+00 1.10811150e+00 8.92051506e+00 3.06086361e-01
  7.55681276e-01 1.53335619e+00 5.21094799e+00 6.83347607e+00]]