[[6.60201848e-01 1.40693992e-01 7.76994038e+00 6.65501118e-01
  2.00332618e+00 6.09563160e+00 7.75532055e+00 5.48919082e-01
  0.00000000e+00 7.22975910e-01 4.23975849e+00 3.61973333e+00
  1.24560070e+00 3.06346774e+00 9.04906511e-01 4.55469513e+00
  2.39316726e+00 5.64846754e+00 1.39653230e+00 3.36914468e+00
  4.70185804e+00 6.83865976e+00 4.14374256e+00 2.92952329e-01
  1.87764502e+00 3.72986770e+00 6.27556419e+00 0.00000000e+00
  4.76825333e+00 8.74653041e-01 2.08607292e+00 2.18376231e+00
  0.00000000e+00 2.00049400e+00 9.73488927e-01 0.00000000e+00
  5.00213242e+00 0.00000000e+00 2.17180562e+00 6.73525572e+00
  4.77315331e+00 3.69958591e+00 1.50713921e+00 4.96528816e+00
  1.00160681e-03 2.24614954e+00 1.61960745e+00 0.00000000e+00
  2.84516168e+00 1.27498436e+00 5.21810114e-01 2.09733084e-01
  2.08939338e+00 1.98154759e+00 7.80499816e-01 5.17485857e+00
  1.40082657e+00 4.36962843e+00 0.00000000e+00 8.98805678e-01
  1.52586198e+00 1.04665041e+01 5.48574781e+00 4.71419001e+00
  1.35866404e+01 0.00000000e+00 1.79991543e-01 3.68453884e+00
  5.21976042e+00 9.14487779e-01 2.76371884e+00 1.58739388e+00
  0.00000000e+00 3.35962033e+00 3.75722766e-01 1.34613144e+00
  1.74706936e+00 2.98249274e-01 5.71463585e+00 1.53393149e+00
  1.58928025e+00 1.31844282e+00 6.95845938e+00 6.45208597e+00
  6.79528570e+00 5.67773676e+00 1.38774961e-02 7.69360829e-03
  3.45832801e+00 1.75001532e-01 9.39322090e+00 8.31306744e+00
  8.01255894e+00 3.04421115e+00 4.15320492e+00 1.27613771e+00
  3.81021309e+00 4.02672148e+00 2.41994882e+00 2.61903596e+00
  5.13957202e-01 9.24336016e-01 5.14053249e+00 7.50944233e+00
  0.00000000e+00 5.77075195e+00 2.48939419e+00 1.11881471e+00
  4.32005024e+00 1.20799899e+00 1.06355941e+00 4.95297480e+00
  8.29956055e-01 0.00000000e+00 1.41243482e+00 7.33360767e+00
  5.69467592e+00 8.26924682e-01 0.00000000e+00 7.99117267e-01
  2.32215905e+00 8.02547485e-02 5.96229061e-02 4.48440218e+00
  0.00000000e+00 3.53250623e+00 3.50909996e+00 2.70058060e+00
  0.00000000e+00 7.35451221e+00 6.42801380e+00 0.00000000e+00
  0.00000000e+00 5.02688551e+00 0.00000000e+00 1.26521587e+00
  2.56013060e+00 2.65856004e+00 5.21279287e+00 5.33421469e+00
  7.74585724e+00 4.46382999e+00 0.00000000e+00 3.33018804e+00
  2.34255862e+00 2.45445061e+00 6.47828436e+00 4.88767242e+00
  4.47933102e+00 1.42419624e+00 0.00000000e+00 2.27111125e+00
  6.80588603e-01 8.01567912e-01 7.46089876e-01 5.93962669e+00
  3.76520127e-01 1.19496508e+01 1.70537189e-01 5.58526134e+00
  5.63027680e-01 2.95485449e+00 2.24287319e+00 1.24669161e+01
  3.15747380e+00 1.35894048e+00 0.00000000e+00 4.09072675e-02
  8.10941577e-01 3.41089392e+00 0.00000000e+00 5.76013327e+00
  9.39907014e-01 5.33093500e+00 8.04052949e-01 1.38139188e+00
  1.10782611e+00 7.26129949e-01 1.03239431e+01 1.89723894e-01
  4.93704677e-02 1.02812493e+00 5.00723934e+00 8.89028460e-02
  5.11450958e+00 3.38635159e+00 1.47910726e+00 4.14722353e-01
  7.24345922e-01 1.07011878e+00 0.00000000e+00 0.00000000e+00
  2.65870070e+00 1.37090769e+01 1.40162840e+01 6.69993305e+00
  1.31475675e+00 3.28389001e+00 1.57074428e+00 1.37301826e+00
  4.78436327e+00 0.00000000e+00 4.59279805e-01 0.00000000e+00
  3.97276711e+00 1.91353703e+00 1.72301781e+00 5.06312752e+00
  6.38270664e+00 7.24500895e+00 8.96962404e-01 6.48794651e-01
  9.19307292e-01 1.45124292e+00 7.89949238e-01 1.68704048e-01
  6.71662092e-01 0.00000000e+00 1.71984911e+00 1.69441032e+00
  4.54966021e+00 4.24416733e+00 4.83843279e+00 0.00000000e+00
  1.88541448e+00 7.35582829e+00 2.10337067e+00 9.33813453e-01
  3.70450974e+00 1.68769550e+00 1.78645039e+00 1.58139741e+00
  1.05096944e-01 2.31647134e+00 1.23017460e-01 1.53703451e+00
  1.60366821e+00 1.53642440e+00 5.30040145e-01 1.45887196e+00
  2.66717291e+00 0.00000000e+00 4.38522816e-01 6.80035734e+00
  3.98937881e-01 1.52910709e+00 7.57008839e+00 1.69478130e+00
  2.90455997e-01 9.98808098e+00 1.92495555e-01 2.06238896e-01
  0.00000000e+00 4.51095247e+00 1.28176415e+00 0.00000000e+00
  4.43893671e+00 2.56053627e-01 1.56939340e+00 1.57526121e-01
  7.12908459e+00 5.92742741e-01 3.44989753e+00 6.05131567e-01
  8.36290717e-01 5.04824638e+00 9.58853245e+00 5.05381942e-01
  3.56163049e+00 8.85160327e-01 5.23707676e+00 3.99149060e+00
  1.02406241e-01 1.21017647e+00 3.92913103e-01 0.00000000e+00
  1.12918282e+01 4.84126568e-01 8.33436325e-02 1.14136982e+00
  3.15272927e+00 1.26762962e+00 2.98453331e+00 0.00000000e+00
  5.23583221e+00 5.60102522e-01 1.13823500e+01 2.44939709e+00
  8.42564583e+00 9.70827043e-01 1.30882573e+00 0.00000000e+00
  8.59726906e+00 1.35553801e+00 2.51418138e+00 4.29924440e+00
  3.37569892e-01 1.08835125e+00 0.00000000e+00 1.13172591e+00
  2.42866683e+00 1.19245815e+00 4.73041248e+00 1.49514246e+00
  2.93808937e+00 3.30812722e-01 1.74671173e+01 1.21755183e+00
  9.90496576e-01 5.14019191e-01 5.37882471e+00 1.28229818e+01
  4.06237221e+00 1.78539443e+00 1.02637374e+00 2.03691530e+00
  3.04329944e+00 3.33602810e+00 3.40141392e+00 1.94779441e-01
  5.07336903e+00 3.93456602e+00 3.77716970e+00 1.60788214e+00
  4.89360905e+00 1.43755865e+00 7.25576305e+00 4.10993159e-01
  0.00000000e+00 2.40167640e-02 1.25194073e-01 6.15550458e-01
  3.51096821e+00 9.40420985e-01 6.41367245e+00 2.34232664e+00
  5.99949074e+00 1.95476830e+00 2.50226408e-01 3.46905351e+00
  1.26264715e+01 1.73940265e+00 3.78657842e+00 0.00000000e+00
  3.83821845e-01 8.09655070e-01 4.04225826e+00 4.01094580e+00
  5.57520199e+00 2.95531034e-01 0.00000000e+00 0.00000000e+00
  5.11006117e+00 1.39391203e+01 5.48095345e-01 1.47278094e+00
  2.66814947e+00 5.61181498e+00 1.29425013e+00 2.76202226e+00
  3.20613170e+00 8.59096587e-01 2.29378700e+00 4.91548586e+00
  9.10963058e+00 1.18174337e-01 7.52999544e+00 1.97389972e+00
  2.72696793e-01 4.84114552e+00 5.46606684e+00 0.00000000e+00
  7.42026806e+00 2.28269005e+00 2.24568605e+00 2.68825245e+00
  2.04814577e+00 6.79892969e+00 0.00000000e+00 3.51134109e+00
  2.21609545e+00 1.20851326e+00 3.96332741e+00 2.73681211e+00
  2.26638937e+00 1.67825311e-01 2.83436298e+00 0.00000000e+00
  2.05082679e+00 9.30058002e+00 3.74135041e+00 1.13003314e+00
  9.20100117e+00 6.38533711e-01 1.20351553e+00 1.24577832e+00
  4.57001448e+00 5.92913389e+00 3.97997403e+00 2.02585876e-01
  4.28943110e+00 9.13701820e+00 8.19490814e+00 5.41600561e+00
  4.63512039e+00 1.08271980e+00 0.00000000e+00 3.63908052e-01
  9.14083099e+00 3.91130304e+00 3.92737198e+00 6.95606411e-01
  1.87499061e-01 2.81372815e-01 1.44722486e+00 3.94157743e+00
  0.00000000e+00 1.52270198e+00 2.14060903e-01 6.81417361e-02
  3.92485380e-01 0.00000000e+00 1.74979925e+00 6.65915537e+00
  4.31818485e+00 1.77096653e+00 2.77664423e+00 5.76846480e-01
  2.61093765e-01 2.08550644e+00 2.29102060e-01 0.00000000e+00
  6.64882946e+00 2.67059422e+00 2.94086790e+00 8.24055016e-01
  8.72563171e+00 7.28372574e+00 0.00000000e+00 2.78749061e+00
  2.70285070e-01 0.00000000e+00 4.39652503e-01 1.05966091e+01
  0.00000000e+00 4.57285941e-02 6.05539680e-01 2.85395622e+00
  4.56624365e+00 2.84372196e-02 7.74455428e-01 2.00311565e+00
  4.93112773e-01 1.01609850e+01 8.35197544e+00 0.00000000e+00
  6.50651336e-01 3.12720227e+00 2.92197990e+00 9.31453288e-01
  5.81832409e-01 4.21613312e+00 8.90042603e-01 2.86506176e+00
  5.67739785e-01 4.89825058e+00 2.29525375e+00 1.63010395e+00
  2.11053297e-01 1.36334085e+00 1.09930888e-01 7.38472283e-01
  3.04866338e+00 4.76305962e+00 0.00000000e+00 7.87385893e+00
  0.00000000e+00 7.95107365e-01 3.05824614e+00 1.07228786e-01
  6.11727834e-01 1.79251564e+00 7.80019879e-01 2.12863907e-01
  1.59906578e+00 1.27155733e+01 3.51320624e-01 1.19806111e+00
  2.76749700e-01 2.56203532e+00 1.70059144e+00 1.65456355e+00
  1.10057794e-01 3.61912288e-02 8.95985794e+00 5.20035088e-01
  4.95549232e-01 1.41074696e+01 3.85578752e+00 2.32190466e+00
  2.18476486e+00 1.46943104e+00 2.05562687e+00 6.82729721e+00
  2.13258052e+00 0.00000000e+00 4.09627390e+00 4.02361679e+00
  2.80830598e+00 2.89080405e+00 1.32286027e-01 2.75956988e-01]]