[[3.47886443e-01 6.26639307e-01 5.46692371e-01 2.83935398e-01
  0.00000000e+00 8.86708927e+00 4.78317642e+00 6.93763196e-01
  2.34089136e-01 1.29407680e+00 1.52005863e+00 5.48643529e-01
  5.01671314e+00 1.49383223e+00 0.00000000e+00 5.95487022e+00
  6.95054948e-01 0.00000000e+00 7.54594505e-01 4.96458912e+00
  5.68903983e-01 5.13135910e+00 3.51593900e+00 0.00000000e+00
  2.79773712e-01 5.72459364e+00 6.04203284e-01 5.74977547e-02
  6.93220347e-02 3.01393509e-01 8.30068439e-03 5.64541054e+00
  0.00000000e+00 3.08861303e+00 2.48302132e-01 3.26309538e+00
  1.03756166e+00 1.53986126e-01 1.37693787e+00 3.21683240e+00
  0.00000000e+00 2.29469132e+00 7.76742816e-01 2.36470437e+00
  1.01519339e-01 1.75944960e+00 7.40013361e+00 1.08192511e+01
  1.69339454e+00 8.91058028e-01 1.31467164e-01 8.13555479e-01
  0.00000000e+00 8.66368055e-01 2.96621084e+00 2.32721734e+00
  2.90567803e+00 1.30297489e+01 1.30168796e+00 3.13567311e-01
  2.62794805e+00 1.07543933e+00 6.14010382e+00 4.49047518e+00
  7.08838344e-01 2.93653989e+00 3.32588267e+00 4.78105307e+00
  0.00000000e+00 3.55683160e+00 1.31271601e+00 2.39942598e+00
  1.05488002e-01 1.20018883e+01 8.39424610e-01 0.00000000e+00
  3.97635013e-01 2.36258173e+00 1.02041256e+00 4.90326595e+00
  9.90644395e-02 4.86944723e+00 7.10151100e+00 0.00000000e+00
  2.30981779e+00 1.04632664e+00 1.23443925e+00 2.06734276e+00
  5.47618246e+00 1.73584247e+00 1.05296021e+01 2.61579800e+00
  1.28694081e+00 1.84897095e-01 3.51552725e-01 0.00000000e+00
  5.00366628e-01 7.52647018e+00 1.99479923e-01 8.90979290e+00
  2.12590262e-01 4.43776655e+00 4.10120201e+00 8.07826805e+00
  9.27317083e-01 2.24296257e-01 2.04164910e+00 0.00000000e+00
  4.02922276e-03 2.61119574e-01 1.50289392e+00 3.45796633e+00
  0.00000000e+00 2.00481701e+00 1.49964201e+00 8.91995952e-02
  1.88894439e+00 1.55579984e+00 1.42994896e-02 6.48518848e+00
  0.00000000e+00 2.16285491e+00 1.04445386e+00 7.93623877e+00
  6.09075165e+00 1.94288158e+00 4.32974957e-02 1.00695871e-01
  3.56855541e-01 1.91060181e+01 2.80627513e+00 1.08301669e-01
  1.69285145e+01 0.00000000e+00 4.32932556e-01 1.07806313e+00
  3.78688723e-01 2.12095961e-01 4.96783257e+00 6.80668497e+00
  0.00000000e+00 6.21342540e-01 1.30376220e-01 2.19961238e+00
  6.53367281e-01 1.62910724e+00 1.54332852e+00 1.38634729e+00
  1.56587934e+00 1.79486517e-02 7.65959072e+00 0.00000000e+00
  3.14175844e+00 1.00761974e+00 2.66377628e-01 1.43776250e+00
  7.05324030e+00 4.07042980e+00 7.04129457e-01 2.03992769e-01
  0.00000000e+00 1.08050528e+01 6.25146675e+00 1.40181816e+00
  4.59442854e+00 1.49100661e+00 6.68188810e-01 4.55945921e+00
  1.82910766e-02 7.02845216e-01 1.66985083e+00 7.54385471e-01
  3.28118491e+00 1.62240291e+00 0.00000000e+00 7.43575335e-01
  0.00000000e+00 2.98079705e+00 3.20689178e+00 1.84261870e+00
  4.80333328e+00 2.97440147e+00 3.89256382e+00 9.97923732e-01
  1.67987168e+00 3.29839087e+00 4.75668955e+00 2.07226753e+00
  6.79399610e-01 1.12311459e+00 9.50152111e+00 0.00000000e+00
  4.28329378e-01 1.53644776e+00 2.18746781e-01 2.29895997e+00
  8.19653124e-02 4.85008383e+00 0.00000000e+00 0.00000000e+00
  0.00000000e+00 1.51645035e-01 2.04050875e+00 6.90308571e-01
  4.81313705e+00 8.10832739e-01 0.00000000e+00 0.00000000e+00
  1.02006888e+00 2.20867848e+00 3.52945030e-01 3.72544146e+00
  2.10175133e+00 2.82024860e+00 2.23972082e+00 1.59257257e+00
  2.88331079e+00 2.55977893e+00 1.45718420e+00 2.34247541e+00
  4.68980360e+00 3.02375865e+00 5.22083342e-01 1.87796950e+00
  1.17952931e+00 1.04517782e+00 6.34913683e-01 1.03866363e+00
  2.43238042e-04 3.03331566e+00 4.66584623e-01 3.81885695e+00
  1.40676630e+00 1.26006460e+00 3.64334226e+00 1.96323037e+00
  6.49670410e+00 1.70302200e+01 2.71108079e+00 2.38964748e+00
  2.65426904e-01 1.27263808e+00 1.46591139e+00 8.20348859e-01
  1.99018359e+00 9.58970261e+00 1.47483997e+01 4.16741632e-02
  2.25089923e-01 5.93499947e+00 6.02068520e+00 0.00000000e+00
  1.01944780e+00 4.39836454e+00 2.72364736e+00 0.00000000e+00
  1.76732644e-01 1.92106473e+00 1.27363980e+00 5.84656715e+00
  0.00000000e+00 7.84826279e-02 0.00000000e+00 1.36087835e-01
  3.83145332e+00 2.15308142e+00 4.36764807e-01 2.66011882e+00
  1.44306965e+01 3.03080201e-01 6.79887009e+00 2.93889761e+00
  1.81137931e+00 5.52485132e+00 3.37091351e+00 2.75028563e+00
  1.04683428e+01 0.00000000e+00 0.00000000e+00 4.51149702e+00
  7.79837704e+00 1.09513354e+00 8.73146248e+00 1.25002548e-01
  2.65275550e+00 0.00000000e+00 3.05930138e-01 7.84757972e-01
  3.29655743e+00 2.10229540e+00 1.03179328e-01 3.73214698e+00
  2.56021547e+00 2.33766651e+00 3.45071316e+00 0.00000000e+00
  1.05538073e+01 0.00000000e+00 1.94203570e-01 0.00000000e+00
  2.69032001e+00 7.88157880e-01 2.47360158e+00 0.00000000e+00
  6.58557558e+00 1.42875767e+00 0.00000000e+00 0.00000000e+00
  1.29452848e+00 7.36092687e-01 6.24190159e-02 1.35021651e+00
  2.02770615e+00 1.03235126e+00 3.15321326e+00 3.46341938e-01
  2.71917033e+00 1.68411827e+01 1.92942953e+00 5.45783162e-01
  4.85319912e-01 7.82885122e+00 3.50864768e+00 1.99451447e-02
  3.92364025e-01 3.34979773e+00 7.71887398e+00 3.20932418e-02
  1.05733883e+00 4.13960665e-02 0.00000000e+00 9.44620037e+00
  3.39255404e+00 0.00000000e+00 4.71297503e+00 3.51813984e+00
  1.42656827e+00 4.03341436e+00 1.25905946e-01 4.13125229e+00
  2.53408968e-01 0.00000000e+00 3.16805196e+00 1.22356677e+00
  1.34166658e+00 6.72497809e-01 3.71663153e-01 0.00000000e+00
  1.37706232e+00 1.22081429e-01 2.57204145e-01 8.31866682e-01
  0.00000000e+00 2.33466291e+00 6.13522339e+00 1.74663931e-01
  6.61018372e-01 1.38371544e+01 2.15484691e+00 2.50996739e-01
  1.17089427e+00 8.51907253e-01 1.55520022e+00 6.73283339e+00
  4.80506563e+00 7.31795490e-01 1.35457773e+01 5.02996266e-01
  1.42629981e-01 0.00000000e+00 2.65177703e+00 1.40140295e+00
  6.50365067e+00 4.10925806e-01 2.41986489e+00 1.37519920e+00
  9.17417467e-01 4.89709091e+00 1.80467993e-01 1.52520180e+00
  8.00607777e+00 6.33728877e-02 8.53811279e-02 3.59474802e+00
  2.62326884e+00 2.06736875e+00 1.86017370e+00 0.00000000e+00
  1.66476810e+00 9.10016441e+00 0.00000000e+00 4.86981344e+00
  1.52705216e+00 5.00694752e+00 8.14044774e-01 1.72785509e+00
  1.64819396e+00 3.83372879e+00 1.54313159e+00 2.00614595e+00
  1.61089325e+00 5.75103331e+00 1.60553277e+00 6.07479048e+00
  8.47297287e+00 3.92179072e-01 4.51837108e-02 1.42227316e+00
  8.58968163e+00 1.37800813e+00 2.18527794e+00 1.00838736e-01
  0.00000000e+00 4.26101416e-01 1.82169169e-01 9.66058254e-01
  7.18017891e-02 1.10253310e+00 4.68595773e-01 2.89678788e+00
  8.12251747e-01 1.73608705e-01 2.79017478e-01 8.63567352e+00
  3.03413463e+00 2.21529193e-02 2.99553204e+00 8.50985050e+00
  2.86512685e+00 3.43937129e-01 4.53459835e+00 8.64219093e+00
  6.03097153e+00 1.89248800e-01 2.00734377e+00 1.09272833e+01
  9.45699096e-01 5.14178514e+00 2.33390346e-01 5.55258930e-01
  0.00000000e+00 4.88724530e-01 1.70004523e+00 4.66811895e+00
  2.00990272e+00 3.93781394e-01 2.89602947e+00 1.29768753e+00
  9.65577140e-02 6.18562698e-01 0.00000000e+00 4.20819569e+00
  1.57530630e+00 3.96958232e+00 3.16117972e-01 2.53065497e-01
  9.49779797e+00 3.35603923e-01 3.51133317e-01 3.73716497e+00
  8.13542461e+00 2.22185588e+00 3.17184019e+00 7.32008159e-01
  8.14029217e-01 2.42031440e-02 3.95266235e-01 9.24241364e-01
  7.32085514e+00 6.27603948e-01 2.82142663e+00 2.01753831e+00
  1.63505042e+00 1.27104607e+01 6.34432650e+00 1.23345160e+00
  9.65205908e-01 5.16278148e-01 8.95291194e-03 2.24711466e+00
  0.00000000e+00 7.10227013e-01 6.48795247e-01 1.22535181e+00
  1.86622545e-01 7.95391668e-03 6.76140165e+00 7.37750158e-03
  1.19759727e+00 1.02304864e+00 3.72261977e+00 9.66366649e-01
  5.20027459e-01 3.33421659e+00 1.65019083e+00 2.48074818e+00
  9.26290607e+00 1.65215051e+00 0.00000000e+00 1.86583924e+00
  1.36368294e+01 0.00000000e+00 1.18170464e-02 2.74165106e+00
  9.55482900e-01 1.24111772e+00 2.31563702e+01 4.16734886e+00
  9.46347237e-01 0.00000000e+00 6.99034643e+00 2.04024076e+00]]