[[3.3491018e-01 7.2745132e-01 4.7110834e+00 1.8792087e-01 8.4494114e-01
  1.5465893e+00 1.5822093e+00 2.1178904e+00 2.4568349e-02 3.2028790e+00
  1.3069767e+00 1.9731967e+00 4.7430658e+00 5.4107606e-01 0.0000000e+00
  1.3266519e+00 1.2185345e+00 3.1731129e-01 3.5131305e-01 4.6583209e+00
  3.5263877e+00 8.0002537e+00 8.6766046e-01 5.8722181e+00 1.6368829e+00
  7.0432258e+00 2.3780258e+00 9.8582039e+00 1.6270269e+00 2.6224799e+00
  4.6733379e+00 3.4702152e-01 1.3148444e+00 4.5180268e+00 1.4158330e+00
  4.0232456e-01 3.6114724e+00 1.6481407e-01 6.0228562e+00 3.9004927e+00
  4.2130208e+00 8.0082923e-01 2.3232458e+00 6.0742984e+00 9.3937868e-01
  3.1756787e+00 3.4690752e+00 2.9738447e-01 5.8650537e+00 8.1398213e-01
  2.1435103e+00 1.0255918e+01 1.5448943e+00 2.4749656e+00 9.7620058e-01
  1.9706813e+00 2.7424924e+00 3.2282164e+00 6.4265984e-01 7.3290929e-02
  1.3267204e-01 2.2882667e+00 5.1354208e+00 1.3421811e+01 1.5923504e+00
  1.5589336e+00 6.4499897e-01 1.0071931e+00 1.4759299e+00 1.8281081e+00
  2.8400750e+00 5.5686417e+00 5.9762912e+00 2.7760897e+00 3.3767962e+00
  1.1803014e+00 5.3232274e+00 0.0000000e+00 1.5980190e+00 1.2062356e+00
  9.3058459e-02 2.6112549e+00 3.5328493e+00 1.5576725e+00 7.3332400e+00
  5.5447955e+00 3.2610950e-01 2.0474424e+00 3.1855228e+00 0.0000000e+00
  3.2989826e+00 1.3539717e+00 4.1768619e-01 1.2653446e+01 5.7439542e+00
  6.4931798e-01 1.2735860e+00 3.8164961e+00 3.6282001e+00 2.5078042e+00
  5.0909472e-01 2.5127952e+00 4.5843101e+00 1.0246217e+01 0.0000000e+00
  2.7169065e+00 7.3951256e-01 3.0529277e+00 5.4946561e+00 2.7771361e+00
  0.0000000e+00 0.0000000e+00 8.3728355e-01 6.6974205e-01 1.7765417e+00
  2.1013840e-01 4.8194532e+00 7.2696280e-01 2.4853911e+00 3.8421681e+00
  0.0000000e+00 5.4077034e+00 2.2769025e-01 4.6664810e+00 3.9214382e+00
  6.6456094e+00 2.0260401e+00 1.7406824e-01 7.1469909e-01 2.0507660e+01
  1.3708162e+00 2.3495209e+00 7.5432963e+00 4.1923556e+00 1.8449655e+00
  1.6440181e+00 6.0489374e-01 2.5248811e-01 2.5959227e+00 0.0000000e+00
  2.5013690e+00 9.9144673e-01 1.3611817e+00 2.6830494e+00 4.8180780e+00
  1.3303931e+00 3.9983096e+00 1.0386713e+00 8.3108358e-02 2.4892931e+00
  7.4155301e-01 8.4279460e-01 3.2020681e+00 2.2971472e-01 6.2317425e-01
  2.9086571e+00 0.0000000e+00 2.0596554e+00 3.1876957e-01 1.0730033e+00
  5.9332561e-01 1.1479893e+00 3.6459429e+00 7.8096867e-01 5.8473009e-01
  4.2918587e+00 2.2460921e+00 7.4639237e-01 0.0000000e+00 1.0146198e+00
  4.1674688e-01 1.7995310e+00 3.8297520e+00 5.1231637e+00 3.9982400e+00
  2.5405307e+00 2.1106856e+00 7.0540386e-01 5.7195554e+00 2.0358162e+00
  0.0000000e+00 0.0000000e+00 2.8376143e+00 1.5417454e+00 3.5467420e+00
  2.1662492e-01 2.2892530e-01 2.3902116e+00 5.9547243e+00 4.9352689e+00
  4.2772250e+00 0.0000000e+00 3.0023465e+00 1.7852118e+01 9.8062032e-01
  8.3084178e-01 1.5214607e+00 5.0953140e+00 3.1057162e+00 7.5237805e-01
  6.6310058e+00 3.8943973e+00 8.8959116e-01 5.3974872e+00 1.9740930e-01
  2.5665709e-01 8.6871661e-02 3.4935677e+00 1.6728619e-01 2.6647680e+01
  1.0523529e-01 1.9462678e+00 6.5074630e-02 2.4274619e+00 7.1992025e+00
  0.0000000e+00 0.0000000e+00 0.0000000e+00 7.2592413e-03 1.3018353e+00
  5.7499658e-02 7.8634644e+00 1.9077425e+00 9.7698368e-02 5.2589722e+00
  5.2696853e+00 1.1704687e+00 3.2516832e+00 2.8587422e-01 1.4258485e+00
  8.0813420e-01 2.1308165e+00 2.1270664e+00 1.7390497e-01 2.1591980e+00
  2.2711029e+00 1.6789104e+00 1.9243627e+00 2.8825514e+00 4.7285655e-01
  4.2819992e-01 0.0000000e+00 2.5395525e+00 5.1800194e+00 1.4679145e+00
  3.1583190e+00 2.9537065e+00 6.7977924e+00 1.6110790e+00 2.0338044e+00
  1.8140045e-01 2.6195461e-01 0.0000000e+00 1.1620511e+00 5.8873696e+00
  2.2817266e+00 2.0830708e+00 4.5677426e-01 1.4222808e+00 4.5760055e+00
  3.5108590e-01 5.3807712e-01 6.4679384e+00 2.4987211e+00 3.2833121e+00
  0.0000000e+00 1.2448725e+00 2.7657878e+00 4.8098135e+00 1.6940609e+00
  4.1597600e+00 0.0000000e+00 3.1686103e+00 2.9112971e-01 1.7357482e+00
  3.3757664e-02 1.2240304e+00 1.1259587e+00 1.1458268e+00 8.7882513e-01
  8.2530413e+00 9.6923819e+00 8.7561738e-01 7.7448773e+00 7.1513236e-01
  1.5758188e-01 9.0759716e+00 3.2882490e+00 5.1744728e+00 7.4272257e-01
  2.4757197e+00 1.6774049e-01 6.3214436e+00 2.5579941e+00 2.1797171e+00
  2.2290525e+00 8.5061795e-01 1.9226778e+00 6.2983531e-01 5.2938902e-01
  3.6133518e+00 2.6730011e+00 2.7450156e+00 1.6069204e+00 0.0000000e+00
  8.6369553e+00 2.9701154e+00 1.1433712e+00 1.7816816e-02 1.8316046e+00
  6.0740318e+00 6.6489115e+00 0.0000000e+00 3.1477354e-02 8.6857443e+00
  1.1365092e-01 9.3884778e-01 6.1947036e+00 2.9164817e+00 1.2017695e+00
  2.7961485e+00 2.6911683e+00 5.0165468e-01 2.1707113e+00 5.7391944e+00
  1.7792568e+00 2.3340688e+00 6.7815065e+00 4.4332986e+00 6.7667586e-01
  0.0000000e+00 6.8321128e+00 7.7460867e-01 2.3936725e+00 4.4491992e+00
  9.4901377e-01 1.9891509e+00 1.8992837e-01 6.6665587e+00 1.4541464e+00
  3.1249647e+00 1.6232783e-02 6.2102246e-01 0.0000000e+00 1.7651415e+00
  7.8447568e-01 3.9479821e+00 1.9102739e+00 1.2525473e+00 1.9596413e-01
  5.0384346e-02 3.8292599e+00 1.9872310e+00 6.5524778e+00 1.9765316e+00
  1.1361468e+00 5.4042563e+00 4.0306826e+00 3.8600650e-01 2.7806187e+00
  4.4326468e+00 6.8184024e-01 1.0262874e+00 7.5974953e-01 6.8336239e+00
  1.4319842e-01 1.9935530e+01 8.9193225e-01 1.5377039e+00 2.0344362e+00
  9.3285555e-01 2.7497814e+00 1.9699655e+00 1.2005956e+00 4.8202562e+00
  1.8037775e-01 2.0295482e+00 6.7172318e+00 1.9906402e+00 7.7959007e-01
  3.0961976e+00 3.4804101e+00 2.0315244e+00 4.6639919e+00 8.0310574e+00
  0.0000000e+00 3.2871056e+00 1.3922379e+00 1.0103579e+00 1.8675020e-01
  3.1686006e+00 6.7663699e-01 4.6195145e+00 3.6482051e-01 1.6929334e-01
  1.7004232e+00 3.8772590e+00 1.1358209e+00 3.4484124e-01 1.7933853e+00
  8.0480566e+00 1.9031607e+01 3.1329017e+00 2.4410408e+00 2.9205027e+00
  5.1591277e+00 6.3880982e+00 0.0000000e+00 4.3473508e-02 1.7284807e+00
  1.1086173e+01 3.9320595e+00 0.0000000e+00 0.0000000e+00 3.8018026e+00
  3.4793336e+00 2.5097322e-01 2.2687936e+00 4.4130788e+00 8.0912673e-01
  1.9213922e+00 3.2425799e+00 7.8161168e-01 4.9737267e+00 1.4394144e+00
  0.0000000e+00 3.3229297e-01 3.7954445e+00 3.2189653e+00 2.8841908e+00
  4.7388148e+00 1.8856131e+00 4.8531346e+00 3.7805321e+00 0.0000000e+00
  3.9218551e-01 1.7532604e+00 3.9749475e+00 4.6872644e+00 2.9946697e+00
  7.3379378e+00 7.2016096e-01 1.5144430e+00 4.1105753e-01 5.9707308e-01
  6.3388453e+00 2.5731325e+00 3.0713766e+00 4.3688402e+00 1.2048285e+00
  2.1022515e+00 4.1381178e+00 4.0237951e+00 1.9209695e+00 8.0869418e-01
  1.8815243e-01 7.7603227e-01 1.0716959e-01 1.6904687e+00 7.9241829e+00
  0.0000000e+00 4.0607533e-01 1.1094702e+00 0.0000000e+00 0.0000000e+00
  9.0794498e-01 9.7993046e-01 2.3992453e+00 7.4454576e-01 3.5633991e+00
  2.3580275e+00 6.4574903e-01 3.7655673e+00 4.1383018e+00 0.0000000e+00
  0.0000000e+00 6.9399122e-03 2.7671919e+00 4.4544859e+00 4.6787324e+00
  8.3867796e-02 0.0000000e+00 3.8313207e-01 9.4387275e-01 0.0000000e+00
  3.8875461e+00 1.7244521e+00 9.6237220e-02 4.8635273e+00 1.0188359e+00
  3.9539015e-01 8.8358688e+00 6.9033176e-01 5.2391200e+00 5.0701194e+00
  1.7218018e+00 1.8710829e-01 1.3581523e+00 1.4376227e+00 2.6652722e+00
  6.1952519e+00 2.6427398e+00 9.1758251e+00 1.7404227e-01 7.0719967e+00
  5.3889638e-01 3.2213869e+00 1.4272441e+00 3.0409477e+00 7.1320876e-02
  2.7477791e+00 2.5876257e-01]]