[[5.62649345e+00 2.39222292e-02 6.29594088e+00 4.85387415e-01
  1.54977572e+00 1.62001705e+01 1.19948540e+01 4.36777204e-01
  2.36321956e-01 7.23556757e-01 1.49982250e+00 2.55096292e+00
  1.11993666e+01 9.55261528e-01 0.00000000e+00 2.82877874e+00
  3.29513401e-01 4.18629535e-02 1.66869307e+00 5.81787109e+00
  2.32960343e+00 8.50658703e+00 1.80160987e+00 1.08922720e+00
  3.63485180e-02 6.68584108e-01 2.24558759e+00 2.09191990e+00
  4.76362371e+00 5.32124698e-01 1.35976151e-01 7.86100566e-01
  1.88717711e+00 8.63164806e+00 3.33742231e-01 3.21656299e+00
  1.27760187e-01 6.98423535e-02 3.62697053e+00 4.69798625e-01
  2.83026487e-01 1.57800508e+00 5.82323551e+00 2.99565550e-02
  4.04503584e-01 2.90066957e+00 4.46610117e+00 2.47308517e+00
  1.77679408e+00 7.30890334e-01 4.32553339e+00 7.42937613e+00
  1.80944633e+00 6.48035955e+00 6.59743595e+00 4.24931908e+00
  3.07155037e+00 1.21884859e+00 4.49163824e-01 1.78461957e+00
  1.95322001e+00 2.57535863e+00 1.80648053e+00 9.76825237e+00
  4.35726136e-01 1.71518302e+00 1.63832963e+00 3.02780223e+00
  1.00728762e+00 0.00000000e+00 6.46162510e+00 1.46420705e+00
  6.67648792e-01 1.04577484e+01 5.86620010e-02 2.69431901e+00
  8.49627614e-01 5.33786751e-02 3.98923779e+00 9.29030418e-01
  1.14429787e-01 1.31345832e+00 4.51789188e+00 0.00000000e+00
  2.89821887e+00 4.21199989e+00 7.41620719e-01 2.47880363e+00
  3.69327974e+00 6.75579846e-01 9.51910686e+00 2.22906470e-01
  1.67464542e+00 4.99517083e-01 2.87894678e+00 7.78228700e-01
  5.27838469e-01 7.75490904e+00 2.30042028e+00 3.81540489e+00
  8.32125008e-01 2.41638398e+00 4.28016710e+00 6.39250708e+00
  8.67624402e-01 0.00000000e+00 4.91006327e+00 1.68547666e+00
  6.95964754e-01 2.66323113e+00 1.13821983e+00 4.32973772e-01
  0.00000000e+00 6.26676989e+00 6.82350159e-01 1.54654488e-01
  2.36408043e+00 8.88835907e-01 3.01107478e+00 1.43274629e+00
  3.27710962e+00 5.00660464e-02 7.89464056e-01 2.15164828e+00
  2.25759387e+00 2.97854185e+00 0.00000000e+00 1.43930584e-01
  1.58620131e+00 2.22290878e+01 0.00000000e+00 9.15485144e-01
  9.71080303e+00 8.87881666e-02 9.33138609e-01 4.74013948e+00
  3.85071445e+00 3.12565017e+00 5.22105646e+00 2.22307920e+00
  2.97541809e+00 3.68026018e-01 8.35529745e-01 2.83797526e+00
  2.62445641e+00 8.81264985e-01 2.17824888e+00 0.00000000e+00
  0.00000000e+00 3.31410393e-02 9.35529396e-02 0.00000000e+00
  2.65900397e+00 3.16622883e-01 4.63545990e+00 1.53376985e+00
  8.27398002e-02 1.34026301e+00 1.03740096e-01 0.00000000e+00
  2.37611651e-01 0.00000000e+00 3.07254601e+00 0.00000000e+00
  5.10864925e+00 2.02480674e+00 0.00000000e+00 3.61770916e+00
  6.36451960e+00 3.60559762e-01 7.25413895e+00 1.09473825e+00
  1.20098839e+01 8.67450333e+00 1.40464413e+00 1.09854949e+00
  4.03750849e+00 2.45348787e+00 1.06239042e+01 5.69740438e+00
  1.12966347e+00 1.62350193e-01 5.15355921e+00 1.41470981e+00
  3.72555494e-01 9.54568565e-01 3.48273337e-01 9.32066262e-01
  3.75520134e+00 5.21707416e-01 5.93947220e+00 0.00000000e+00
  0.00000000e+00 4.91597557e+00 0.00000000e+00 2.98820764e-01
  5.04791319e-01 8.39205146e-01 2.06402969e+00 9.26344204e+00
  4.80366796e-01 1.16449299e+01 0.00000000e+00 2.98548620e-02
  4.15884352e+00 7.60527492e-01 0.00000000e+00 0.00000000e+00
  0.00000000e+00 1.13860664e+01 1.17490768e+00 8.36630702e-01
  6.42879963e-01 1.18524289e+00 1.38316202e+00 6.14788961e+00
  6.59000695e-01 0.00000000e+00 1.15600479e+00 3.00162840e+00
  5.41299248e+00 2.35500145e+00 6.82938004e+00 0.00000000e+00
  3.27268749e-01 4.97368574e+00 5.04077613e-01 7.36601734e+00
  4.74879473e-01 9.86946106e-01 1.53675163e+00 3.11717439e+00
  9.74667072e+00 1.25182760e+00 7.23101139e-01 2.15138125e+00
  5.60800374e-01 1.89215565e+01 8.27386951e+00 3.56071401e+00
  7.61510134e-01 0.00000000e+00 1.00586815e+01 6.77580547e+00
  7.77867390e-03 1.15387440e+01 1.54234343e+01 2.44327021e+00
  4.40772438e+00 2.38563752e+00 6.22118521e+00 7.77242959e-01
  1.87630165e+00 4.17184687e+00 7.30247796e-01 3.67430747e-01
  6.86326122e+00 2.61430693e+00 2.85790849e+00 5.12938643e+00
  0.00000000e+00 0.00000000e+00 5.58243394e-01 3.34280729e+00
  9.47961903e+00 0.00000000e+00 5.32473421e+00 2.24622869e+00
  3.69746637e+00 2.56633925e+00 1.67434323e+00 0.00000000e+00
  7.07255793e+00 2.75723672e+00 1.01596892e+00 2.04407263e+00
  1.86056328e+00 0.00000000e+00 0.00000000e+00 2.82252938e-01
  3.92884946e+00 8.50908566e+00 1.05532141e+01 0.00000000e+00
  2.13666487e+00 3.59372497e-01 2.17533350e+00 4.19486237e+00
  1.92219090e+00 1.60407984e+00 2.28985295e-01 1.65849268e+00
  5.06408310e+00 2.51901841e+00 2.75033689e+00 4.70237210e-02
  9.94005859e-01 2.07377243e+00 2.96693897e+00 0.00000000e+00
  5.62434769e+00 0.00000000e+00 4.80564475e-01 3.05993581e+00
  2.43454766e+00 5.80364466e-01 3.04523134e+00 2.41927552e+00
  3.52454638e+00 0.00000000e+00 1.95930767e+00 4.82086957e-01
  1.81419456e+00 4.16387200e-01 1.34488726e+00 6.43622971e+00
  3.87898231e+00 6.56992865e+00 2.27902725e-01 9.73488033e-01
  1.21578717e+00 3.17926025e+00 1.34137332e+00 3.63228828e-01
  1.88098967e-01 5.61543512e+00 4.01717377e+00 2.18356147e-01
  3.61429262e+00 7.81529093e+00 5.10752685e-02 1.58887422e+00
  1.55277625e-01 7.59724975e-01 5.94331598e+00 5.58917284e-01
  3.99747396e+00 3.85626626e+00 4.95662975e+00 3.72403646e+00
  9.02306747e+00 1.73913169e+00 7.38754869e-02 3.42816651e-01
  2.56772447e+00 2.57891870e+00 2.50958514e+00 0.00000000e+00
  9.83876288e-01 2.44447565e+00 1.04967868e+00 5.57231379e+00
  3.81624556e+00 2.13992047e+00 7.07784712e-01 0.00000000e+00
  0.00000000e+00 6.58222437e+00 1.36521652e-01 9.53586996e-01
  7.21187294e-01 3.20690833e-02 4.42832565e+00 3.76381040e+00
  2.34762287e+00 0.00000000e+00 1.90423031e+01 7.15243101e+00
  1.51467128e-02 0.00000000e+00 0.00000000e+00 5.10995865e+00
  1.83944516e-02 1.43933618e+00 3.23333502e-01 2.27977014e+00
  2.44311601e-01 1.40005183e+00 4.13373411e-02 1.11175728e+01
  5.67141151e+00 4.84678268e-01 1.34491932e+00 2.62882400e+00
  9.70561981e-01 2.51177621e+00 5.56975484e-01 3.96054864e-01
  1.16209626e+00 5.47463226e+00 6.24180317e-01 1.02952366e+01
  9.48889446e+00 4.62178755e+00 4.12757397e+00 2.46922898e+00
  6.82533324e-01 6.42423153e+00 4.62554067e-01 5.71561396e-01
  3.09202981e+00 6.86944723e+00 0.00000000e+00 4.04990530e+00
  9.01806116e-01 3.24753404e+00 0.00000000e+00 7.07760453e-01
  0.00000000e+00 6.91988707e-01 4.80972338e+00 0.00000000e+00
  0.00000000e+00 5.87076485e-01 3.81575751e+00 1.57059312e+00
  1.40361619e+00 5.74529804e-02 2.64453506e+00 3.09414458e+00
  9.37781239e+00 2.35156700e-01 8.73279476e+00 6.01970673e+00
  2.01019502e+00 1.37300536e-01 9.26899791e-01 4.27390385e+00
  8.21442962e-01 1.74696195e+00 9.09578419e+00 2.24785995e+00
  3.38500333e+00 3.06623435e+00 6.00812852e-01 4.30739069e+00
  2.81581616e+00 5.27734816e-01 4.04352486e-01 2.86473244e-01
  0.00000000e+00 0.00000000e+00 0.00000000e+00 1.60522628e+00
  1.26000967e+01 3.15262842e+00 1.80388558e+00 4.23605829e-01
  5.69744468e-01 3.06179851e-01 0.00000000e+00 7.25889635e+00
  3.00838304e+00 2.59761143e+00 6.19031936e-02 8.82498264e-01
  1.53170395e+01 1.29635704e+00 1.73380828e+00 4.48377401e-01
  2.81890273e-01 9.50625658e-01 1.18323278e+00 0.00000000e+00
  0.00000000e+00 3.03389043e-01 3.11238050e-01 4.09294796e+00
  5.15158463e+00 3.00228405e+00 2.62862372e+00 5.20496750e+00
  2.00748876e-01 5.43351269e+00 2.19006181e+00 2.25386429e+00
  4.53423691e+00 4.33763695e+00 7.16584742e-01 1.39224991e-01
  5.54064400e-02 3.38598996e-01 1.04321074e+00 3.51063156e+00
  2.35166550e+00 0.00000000e+00 9.37919712e+00 8.48191452e+00
  0.00000000e+00 1.49652982e+00 1.03839121e+01 0.00000000e+00
  3.76566976e-01 2.60132790e+00 1.87638357e-01 1.93144703e+00
  9.62567210e-01 4.59740639e+00 1.57746360e-01 3.49939084e+00
  1.08024197e+01 3.15733933e+00 6.08360815e+00 1.04633033e+00
  2.63541389e+00 6.89062929e+00 8.38907433e+00 2.64037704e+00
  2.46928430e+00 1.35731983e+00 5.91713715e+00 7.08705521e+00]]