[[1.38147438e+00 4.07407761e-01 2.82348543e-01 9.42739964e-01
  3.20847034e+00 9.22679329e+00 1.82945931e+00 6.69300497e-01
  2.08222294e+00 2.00213122e+00 1.62276578e+00 1.74834204e+00
  3.06814098e+00 1.10303856e-01 0.00000000e+00 2.77700520e+00
  1.03093708e+00 3.13622642e+00 7.15928555e+00 9.55154610e+00
  8.34742785e-01 1.34553633e+01 2.13307738e-01 2.47123098e+00
  4.60922360e-01 6.10266256e+00 4.30008888e+00 4.20630407e+00
  1.08744264e+00 5.43701649e-01 9.40738738e-01 3.86475396e+00
  8.17084834e-02 8.62855148e+00 1.09256649e+00 1.59457684e-01
  2.02019334e+00 7.25771189e-02 2.67801023e+00 3.14483929e+00
  9.72068691e+00 2.86382771e+00 6.35301113e-01 1.03543081e+01
  5.84821284e-01 1.64486086e+00 2.10729289e+00 9.46759462e-01
  7.52796078e+00 1.09786265e-01 2.57525873e+00 4.90880340e-01
  1.83676445e+00 1.27227688e+00 4.27916908e+00 2.60958052e+00
  1.74283338e+00 3.39677739e+00 1.34612179e+00 4.62140173e-01
  1.77019799e+00 2.04681754e+00 3.15879911e-01 2.70247197e+00
  6.71487451e-02 1.54484320e+00 0.00000000e+00 1.02917337e+00
  2.51467247e-03 5.50990462e-01 8.68635833e-01 2.83409905e+00
  2.56725478e+00 2.14694715e+00 4.15721321e+00 4.48523939e-01
  8.00269246e-01 1.93440899e-01 5.06559730e-01 2.73364544e+00
  1.06852984e+00 5.25574803e-01 1.68724501e+00 5.52583002e-02
  2.34672332e+00 1.96678758e+00 2.47324300e+00 2.70655727e+00
  2.82985020e+00 9.48930383e-01 1.67134762e+00 1.29895818e+00
  4.29316473e+00 5.20762825e+00 3.00093246e+00 1.22944891e+00
  4.13659185e-01 1.50601315e+00 3.31876087e+00 8.13000393e+00
  1.77184260e+00 1.26670802e+00 5.61168575e+00 3.86645198e+00
  0.00000000e+00 1.07675648e+00 1.08423960e+00 2.08686805e+00
  2.72786546e+00 8.77743483e-01 9.37043726e-01 2.76316595e+00
  0.00000000e+00 1.23921287e+00 1.85456133e+00 8.02934349e-01
  9.75648308e+00 2.14353070e-01 1.21421501e-01 1.80783129e+00
  4.27693963e-01 4.55258340e-01 1.07034377e-03 2.96558404e+00
  0.00000000e+00 1.17234193e-01 1.08692497e-01 7.20876083e-02
  5.22962379e+00 1.10668821e+01 8.66004974e-02 2.84867525e+00
  4.76737928e+00 6.12735152e-01 9.40047920e-01 2.86729962e-01
  8.50020051e-01 1.68845916e+00 1.91981745e+00 0.00000000e+00
  1.06715746e-01 8.00426102e+00 4.74880219e-01 1.65974951e+00
  2.99312234e+00 0.00000000e+00 1.26185238e+00 0.00000000e+00
  3.93812694e-02 4.53327274e+00 0.00000000e+00 8.35071564e-01
  1.83466816e+00 7.59859562e-01 9.45115387e-01 5.72817326e+00
  6.76137030e-01 3.06526494e+00 7.24585819e+00 1.64694637e-01
  6.76787913e-01 2.66551971e-03 4.43771791e+00 7.48688316e+00
  9.11316872e-01 1.44971657e+00 5.17909169e-01 3.63779879e+00
  5.52142811e+00 2.12472057e+00 3.02020383e+00 2.40308300e-01
  1.80133212e+00 3.72003579e+00 1.10065770e+00 5.21398878e+00
  1.13585901e+00 0.00000000e+00 1.11684644e+00 3.20275593e+00
  3.48415256e-01 2.54009753e-01 8.66985130e+00 2.35711002e+00
  1.29226243e+00 7.89501667e-01 1.30575252e+00 2.09222102e+00
  4.66223764e+00 3.53885818e+00 0.00000000e+00 0.00000000e+00
  8.74205112e-01 1.39442873e+01 1.47424567e+00 5.32233810e+00
  5.23830712e-01 7.76735604e-01 7.28622615e-01 7.96231651e+00
  1.46254265e+00 6.04193068e+00 0.00000000e+00 0.00000000e+00
  0.00000000e+00 2.32206821e+00 1.19548738e-01 1.27724218e+00
  1.41287401e-01 1.05106964e+01 4.25905257e-01 1.72307789e+00
  1.56156614e-01 2.90110797e-01 1.76918045e-01 1.49169481e+00
  5.81875622e-01 1.73121497e-01 1.58961022e+00 1.84748828e+00
  6.19002357e-02 8.75316620e-01 4.63483858e+00 8.80374491e-01
  3.05045176e+00 1.29335213e+00 2.81115723e+00 5.56056595e+00
  4.34002578e-01 3.54120278e+00 1.92609668e+00 6.61250448e+00
  5.83928156e+00 2.28420663e+00 3.07397676e+00 1.67813554e-01
  1.79724717e+00 2.11418629e+00 6.02991390e+00 6.31940174e+00
  7.13683605e+00 9.92531300e-01 2.97254324e+00 6.22818470e+00
  3.85111690e+00 5.31022072e+00 3.70233750e+00 4.66463685e-01
  2.11497569e+00 5.27456284e-01 3.69892240e+00 1.07554638e+00
  0.00000000e+00 2.29868531e+00 4.23639059e+00 1.70281172e+00
  3.03129554e-01 1.51795849e-01 7.99532235e-02 1.11970782e+00
  3.14758718e-01 1.94438621e-01 1.07460923e-01 4.21351135e-01
  1.75666058e+00 0.00000000e+00 8.93631458e+00 7.01949692e+00
  7.63335943e-01 1.06111336e+00 7.30758476e+00 0.00000000e+00
  1.68139172e+00 4.19837761e+00 3.60091068e-02 1.55165303e+00
  7.56225729e+00 1.35890865e+00 4.89413505e-03 1.92079246e+00
  4.33549309e+00 2.00849056e+00 7.53866720e+00 3.66809797e+00
  6.42728209e-01 2.78809845e-01 6.87956905e+00 2.21706319e+00
  5.77127123e+00 0.00000000e+00 4.31664765e-01 4.02998447e+00
  0.00000000e+00 1.52981777e+01 3.71829462e+00 1.64977908e+00
  5.55358052e-01 1.57104599e+00 2.84036666e-01 6.14604950e-01
  2.65678239e+00 6.01708508e+00 3.67253208e+00 1.57898411e-01
  2.20150065e+00 3.84301353e+00 1.43818402e+00 1.02231398e+01
  2.05683684e+00 9.73128498e-01 4.63263083e+00 5.40957935e-02
  6.68514192e-01 9.28651452e-01 5.64507580e+00 3.61401916e-01
  4.73832071e-01 8.24957943e+00 4.25189638e+00 5.57461548e+00
  2.39747310e+00 4.55265856e+00 1.57125548e-01 5.52127063e-01
  2.88005805e+00 1.50874591e+00 5.74061871e+00 4.92511749e+00
  1.71480048e+00 5.94301403e-01 0.00000000e+00 8.95895004e+00
  1.22275031e+00 2.06378365e+00 5.95925045e+00 3.81358123e+00
  5.17648637e-01 4.20643121e-01 1.99656165e+00 2.99051428e+00
  2.31061435e+00 1.81328118e-01 2.70893514e-01 4.16673541e-01
  2.94756579e+00 1.93663371e+00 3.59457564e+00 2.52025519e-02
  0.00000000e+00 9.30375671e+00 0.00000000e+00 3.60412288e+00
  1.16381216e+00 2.72880125e+00 1.63175499e+00 1.60664126e-01
  6.76872313e-01 2.47661328e+00 7.84077597e+00 1.70115507e+00
  2.44266224e+00 8.07531655e-01 5.21440411e+00 2.58711839e+00
  7.76717329e+00 1.84079337e+00 9.56018388e-01 4.58296537e+00
  8.43251124e-02 7.85723805e-01 7.11940706e-01 1.80662596e+00
  4.85628396e-01 8.39415491e-01 4.87754440e+00 1.05777830e-01
  3.78933644e+00 0.00000000e+00 2.66684312e-02 2.71428347e+00
  1.43351066e+00 1.97124922e+00 5.68994331e+00 3.02107811e+00
  5.65434980e+00 0.00000000e+00 2.17899799e+00 5.89911602e-02
  8.74298394e-01 4.69029522e+00 2.24710917e+00 3.60462046e+00
  7.59544325e+00 4.74806118e+00 0.00000000e+00 3.63663101e+00
  2.80620694e+00 1.14769781e+00 9.83167470e-01 1.58358347e-02
  6.24782979e-01 1.01333866e+01 2.36629963e+00 9.90845203e+00
  5.07749891e+00 3.45250893e+00 8.80031347e-01 3.04566860e+00
  1.13844490e+00 2.04750299e+00 3.97035527e+00 1.15638864e+00
  0.00000000e+00 3.65068734e-01 4.60251951e+00 1.43790650e+00
  2.66298223e+00 1.67280412e+00 1.28721476e+00 4.85642815e+00
  1.43537891e+00 2.56701779e+00 9.27995777e+00 2.53682232e+00
  2.64483166e+00 3.01280141e+00 7.60699213e-01 1.83825517e+00
  4.33896732e+00 3.21719575e+00 4.63825607e+00 8.21863294e-01
  1.56324303e+00 5.56455374e-01 9.34751928e-01 5.12144852e+00
  1.03019893e+00 1.67602658e-01 2.60251474e+00 4.48692560e+00
  3.99765998e-01 1.45301029e-01 1.39395308e+00 7.73189068e+00
  3.43100405e+00 8.93354118e-01 6.84393287e-01 2.43162494e-02
  0.00000000e+00 3.32546163e+00 1.99860940e-03 2.98762751e+00
  2.95234776e+00 5.40358734e+00 1.05878079e+00 1.33417678e+00
  3.30043197e+00 6.36790693e-01 2.75928235e+00 1.38033133e+01
  2.41517276e-01 4.06223488e+00 1.06514680e+00 3.10333550e-01
  0.00000000e+00 7.90688276e-01 1.78650630e+00 2.91940188e+00
  5.01767755e-01 1.83396816e+00 9.54648554e-01 2.38179136e-02
  3.02669883e+00 9.83969307e+00 0.00000000e+00 3.06690991e-01
  9.34674323e-01 2.52930260e+00 8.23907197e-01 0.00000000e+00
  0.00000000e+00 2.19725776e+00 3.52458501e+00 0.00000000e+00
  2.17411429e-01 1.00444293e+00 5.73238325e+00 1.29593778e+00
  4.11910391e+00 8.07175696e-01 1.98622048e-01 1.28423166e+00
  4.01589930e-01 2.12763047e+00 3.52506685e+00 1.20691395e+00
  3.34721470e+00 4.94342518e+00 5.02268076e-01 3.92202663e+00
  8.76400375e+00 2.39097047e+00 1.14113522e+00 3.47014785e+00
  5.81636095e+00 1.47909641e+00 1.66236413e+00 3.77543044e+00
  7.74098486e-02 2.30370075e-01 1.95501292e+00 6.62459373e-01]]