[[1.74270439e+00 2.42242312e+00 1.90815377e+00 0.00000000e+00
  0.00000000e+00 3.40589213e+00 3.35161138e+00 2.74292648e-01
  0.00000000e+00 2.72054523e-01 2.09687448e+00 2.02861905e-01
  2.91053742e-01 3.66343737e-01 1.17243135e+00 2.46039557e+00
  2.21487498e+00 1.42624211e+00 2.57080579e+00 7.43951797e+00
  6.01429343e-01 4.76063871e+00 5.63823760e-01 8.62180412e-01
  2.78173357e-01 3.56930208e+00 1.32385755e+00 1.82935819e-01
  3.58804893e+00 0.00000000e+00 4.69439089e-01 2.82382703e+00
  4.96809818e-02 8.36810398e+00 8.41910720e-01 1.42451930e+00
  2.35445336e-01 0.00000000e+00 3.25947046e+00 3.04802370e+00
  2.03207207e+00 2.54821968e+00 5.56470513e-01 2.37053084e+00
  0.00000000e+00 1.03548579e-01 1.62413168e+00 9.18816850e-02
  1.34203601e+00 2.72663951e+00 4.96486872e-01 4.72883654e+00
  1.56866455e+00 1.42785656e+00 1.86949170e+00 1.74084926e+00
  1.53069615e+00 7.30632591e+00 3.55223918e+00 0.00000000e+00
  3.50574923e+00 1.61620545e+00 2.83992100e+00 9.21247578e+00
  1.00197387e+00 3.09360647e+00 1.14814090e-02 4.04797506e+00
  4.10800666e-01 2.75829053e+00 1.57654214e+00 5.60532045e+00
  1.29515541e+00 9.21044636e+00 5.64827502e-01 8.27935874e-01
  4.26402748e-01 0.00000000e+00 8.49143207e-01 3.28162134e-01
  5.69452286e-01 3.43393588e+00 2.19769669e+00 7.23668158e-01
  1.20981002e+00 5.53785372e+00 6.90062404e-01 5.97600365e+00
  8.67982030e-01 0.00000000e+00 5.75584459e+00 3.97256708e+00
  1.36992455e+00 1.68059480e+00 2.91085410e+00 4.35616195e-01
  1.59224534e+00 9.99442196e+00 5.01334190e+00 5.22250175e-01
  1.63100111e+00 1.35333204e+00 4.77673674e+00 2.97781944e+00
  1.52112162e+00 5.11592960e+00 4.25479174e-01 1.01097986e-01
  1.26831722e+00 0.00000000e+00 1.00190163e+00 5.42870462e-02
  1.00089751e-01 3.28835225e+00 1.97454476e+00 9.92285833e-02
  5.25740719e+00 4.68335837e-01 2.89394522e+00 1.87027943e+00
  5.09965420e-01 1.25192761e-01 1.48387924e-02 5.00378370e+00
  4.83170033e-01 3.22391176e+00 0.00000000e+00 0.00000000e+00
  3.51088428e+00 1.87407207e+01 0.00000000e+00 8.47507536e-01
  6.15199614e+00 8.93556535e-01 0.00000000e+00 1.55970287e+00
  1.08684230e+00 3.35975885e-01 7.07722616e+00 0.00000000e+00
  2.21116829e+00 2.09993887e+00 5.38907088e-02 9.01841736e+00
  4.71164435e-01 6.49234593e-01 6.97816014e-01 0.00000000e+00
  0.00000000e+00 5.93803883e-01 0.00000000e+00 6.30771816e-01
  1.26078713e+00 2.08758521e+00 8.28345478e-01 3.04538441e+00
  1.10077190e+00 1.49045444e+00 5.07929921e-01 1.75215387e+00
  4.93993729e-01 1.12478781e+00 2.29126358e+00 0.00000000e+00
  5.16916752e+00 8.68041992e-01 4.03045297e-01 2.34702778e+00
  1.95567286e+00 1.35713011e-01 6.54729748e+00 1.25110674e+00
  9.55684376e+00 1.35726428e+00 9.58503664e-01 2.46159053e+00
  8.70445848e-01 2.10815406e+00 1.13666639e+01 3.57203388e+00
  1.49542332e+00 0.00000000e+00 3.11600828e+00 1.03110349e+00
  2.74784379e-02 1.57298219e+00 9.23990548e-01 5.49571931e-01
  4.57931328e+00 1.93513048e+00 1.95173705e+00 0.00000000e+00
  2.37100339e+00 7.80928612e+00 3.13700843e+00 6.14523888e-01
  1.24046586e-01 5.64324856e-01 1.93287349e+00 1.47247982e+00
  7.47219026e-02 1.06357551e+00 9.37816381e-01 2.09854767e-02
  5.76314449e-01 0.00000000e+00 0.00000000e+00 1.52515888e-01
  5.49705327e-01 1.09005079e+01 1.18468308e+00 1.63722110e+00
  1.34327483e+00 3.64814639e+00 3.04034424e+00 1.01096284e+00
  1.13049471e+00 0.00000000e+00 8.70183766e-01 1.87402701e+00
  4.84273016e-01 2.20625424e+00 3.74645424e+00 1.13214982e+00
  3.93630648e+00 6.50469899e-01 6.69133067e-01 1.97746229e+00
  9.28479210e-02 3.76821727e-01 2.33909488e+00 5.10634995e+00
  2.56578636e+00 0.00000000e+00 1.43322694e+00 1.35021305e+00
  8.35657597e-01 1.54449692e+01 6.09193945e+00 6.84520662e-01
  1.61123291e-01 0.00000000e+00 2.74900484e+00 1.18848014e+00
  8.48614275e-01 1.26010857e+01 1.36638641e+01 2.94731879e+00
  1.95837712e+00 5.43550825e+00 2.66407192e-01 3.53406042e-01
  5.38243353e-02 3.40507221e+00 7.26003170e-01 0.00000000e+00
  4.88623905e+00 1.48356783e+00 1.01832461e+00 1.61883712e+00
  5.69864225e+00 6.07207239e-01 0.00000000e+00 2.42767721e-01
  3.27885318e+00 0.00000000e+00 3.08375883e+00 1.17858195e+00
  7.69976187e+00 8.23334038e-01 3.64291072e+00 0.00000000e+00
  1.05454004e+00 5.95551395e+00 3.74680042e-01 3.09507680e+00
  7.30430889e+00 8.71814966e-01 0.00000000e+00 4.82103437e-01
  5.47460794e+00 4.73615265e+00 5.48873329e+00 2.69121081e-01
  4.84461576e-01 2.01996779e+00 3.28118873e+00 2.74028897e+00
  3.84859943e+00 2.76820540e+00 3.29621285e-01 2.40735912e+00
  1.65577042e+00 1.36148167e+00 6.30910254e+00 6.87671423e-01
  7.52592981e-01 0.00000000e+00 2.40898824e+00 0.00000000e+00
  7.54384375e+00 1.55445516e+00 6.98466635e+00 0.00000000e+00
  8.93559933e-01 5.79959154e+00 2.79059768e-01 1.18915117e+00
  2.57431316e+00 3.14593554e-01 1.61892265e-01 9.44854319e-01
  1.64328039e+00 2.47619128e+00 8.88198948e+00 0.00000000e+00
  2.95210838e+00 1.15951824e+01 1.63739979e+00 3.76702905e-01
  9.69937086e-01 3.96140862e+00 8.16637516e+00 1.14446735e+00
  6.29984140e-01 5.04903436e-01 5.90145683e+00 4.77955759e-01
  2.74374700e+00 8.50758612e-01 1.78938890e+00 7.60790205e+00
  1.35445571e+00 0.00000000e+00 8.52285671e+00 2.53659940e+00
  5.36335826e-01 7.25933313e-01 2.73029923e+00 4.82191515e+00
  2.68627357e+00 0.00000000e+00 1.15796983e+00 1.05890334e+00
  1.01279294e+00 9.77810919e-01 8.53734687e-02 0.00000000e+00
  6.92771316e-01 1.37474179e+00 0.00000000e+00 7.37236798e-01
  0.00000000e+00 8.40092897e-01 3.07892680e+00 9.46783721e-02
  1.01869023e+00 1.12325239e+01 0.00000000e+00 0.00000000e+00
  5.95877123e+00 7.89657414e-01 1.87350070e+00 1.98760736e+00
  6.56959391e+00 1.77169049e+00 1.87509136e+01 1.64613092e+00
  0.00000000e+00 1.94813442e+00 3.14298868e-01 0.00000000e+00
  1.65930831e+00 0.00000000e+00 1.31151259e+00 9.54695702e-01
  2.63665295e+00 1.23027432e+00 2.22405291e+00 7.23767328e+00
  3.91433597e+00 3.22431505e-01 0.00000000e+00 3.76748681e+00
  3.31661510e+00 0.00000000e+00 9.90293324e-01 8.07660520e-02
  5.79606962e+00 1.95211852e+00 6.56627893e-01 2.40541172e+00
  1.19460833e+00 7.05081797e+00 0.00000000e+00 1.05089915e+00
  1.44268453e+00 3.19013409e-02 2.77054143e+00 9.39589739e-01
  1.84608805e+00 9.41418648e+00 2.13959312e+00 1.90042377e+00
  5.48922491e+00 2.24269366e+00 0.00000000e+00 3.57818913e+00
  3.13877153e+00 7.08803609e-02 1.89317465e+00 1.67707261e-02
  0.00000000e+00 2.68827289e-01 4.17984581e+00 1.75575137e-01
  1.75627840e+00 1.94865271e-01 1.23399520e+00 2.64898205e+00
  3.64687777e+00 3.46693009e-01 6.94578767e-01 6.44119310e+00
  2.60014367e+00 0.00000000e+00 6.25443316e+00 4.44385910e+00
  7.46186137e-01 2.00871849e+00 5.72397423e+00 9.97595310e-01
  1.63348794e+00 2.58664072e-01 1.93316694e-02 9.68893147e+00
  1.53959632e-01 5.25960922e-02 2.47849952e-02 2.61165905e+00
  1.50509804e-01 9.04242933e-01 0.00000000e+00 4.91211414e+00
  1.94769788e+00 5.29719293e-01 5.87726068e+00 1.57585549e+00
  0.00000000e+00 8.61141920e-01 3.64481181e-01 2.27808785e+00
  2.36957622e+00 2.06248450e+00 4.07634467e-01 0.00000000e+00
  3.57463861e+00 9.29107726e-01 0.00000000e+00 3.72468472e+00
  1.14111507e+00 1.42622590e+00 1.62972301e-01 3.09327543e-01
  0.00000000e+00 1.23324454e+00 9.42413211e-02 4.18710279e+00
  4.18695927e+00 1.83351725e-01 2.56938434e+00 3.89082730e-01
  0.00000000e+00 7.89102554e+00 1.23880792e+00 5.11244655e-01
  3.09359580e-01 1.51246536e+00 3.28578973e+00 0.00000000e+00
  4.11471814e-01 0.00000000e+00 2.05209112e+00 1.29249990e+00
  0.00000000e+00 0.00000000e+00 2.36930323e+00 7.14459479e-01
  8.43992054e-01 0.00000000e+00 3.27251345e-01 2.00740933e-01
  1.31407201e-01 4.32884693e+00 2.23587885e-01 2.89377141e+00
  3.13440251e+00 2.56929135e+00 0.00000000e+00 4.07887436e-02
  6.82306957e+00 6.40640676e-01 1.71705163e+00 2.51182854e-01
  1.91377270e+00 9.87383187e-01 9.23449802e+00 2.81455612e+00
  0.00000000e+00 1.12812304e+00 5.90442944e+00 9.54862714e-01]]