[[2.37923026e+00 1.05504833e-01 1.07769990e+00 3.90968740e-01
  4.67642450e+00 1.30606394e+01 8.50453186e+00 5.07562447e+00
  3.06664753e+00 3.92366946e-01 6.67594910e-01 2.78234959e+00
  1.16860895e+01 2.43536964e-01 0.00000000e+00 7.01551795e-01
  1.89484194e-01 7.06059039e-01 5.29935360e-01 8.78260326e+00
  3.62824607e+00 9.81967735e+00 5.02608967e+00 2.48493171e+00
  9.53694105e-01 1.25657332e+00 8.39077950e+00 5.80807161e+00
  3.54572940e+00 2.55752277e+00 5.12350976e-01 1.51690230e-01
  3.27047199e-01 9.68022346e+00 2.32821059e+00 1.95079911e+00
  1.31795168e-01 2.54128933e-01 6.74883413e+00 7.33531788e-02
  1.33447513e-01 4.85530317e-01 6.83830976e+00 2.79677844e+00
  5.53303957e-01 4.67234564e+00 1.78955364e+00 2.24281263e+00
  1.36202788e+00 1.77072692e+00 3.61898589e+00 9.17023373e+00
  8.44202757e-01 6.73318005e+00 5.74525499e+00 6.81216431e+00
  6.62620068e+00 3.52773213e+00 1.48362875e+00 2.13431805e-01
  2.88193679e+00 4.36653376e+00 3.29405022e+00 4.08237314e+00
  6.72343969e-01 2.76124811e+00 3.14997029e+00 3.93506455e+00
  1.41227067e+00 1.32454321e-01 4.84324789e+00 1.32801580e+00
  1.04174495e+00 1.35588255e+01 1.62855721e+00 2.62878799e+00
  7.88727760e-01 2.22531104e+00 3.00726652e+00 0.00000000e+00
  3.60583246e-01 3.96736681e-01 6.78185558e+00 5.35605960e-02
  2.96451688e+00 2.75405455e+00 2.11509377e-01 3.84350801e+00
  4.71866703e+00 0.00000000e+00 3.54311490e+00 3.49883223e+00
  1.49838820e-01 5.11062527e+00 3.31026340e+00 4.95770216e-01
  2.39626431e+00 4.45003033e-01 6.07397413e+00 1.89051759e+00
  5.27734852e+00 2.85037351e+00 4.56798935e+00 1.29408255e+01
  8.94417763e-01 0.00000000e+00 3.43228579e+00 2.94664502e+00
  9.97117817e-01 1.30924881e+00 2.08324957e+00 2.55313933e-01
  1.19318794e-02 7.94690895e+00 2.31838822e+00 2.14733168e-01
  1.83167005e+00 6.41626045e-02 1.18435991e+00 5.30080032e+00
  8.83073747e-01 5.74457683e-02 1.05421710e+00 2.79348373e+00
  1.49047148e+00 8.18247318e+00 2.31310874e-02 0.00000000e+00
  7.38167858e+00 2.32356014e+01 1.45975826e-02 3.52447242e-01
  8.99457836e+00 3.15933079e-01 5.50588787e-01 3.92976713e+00
  6.21799767e-01 2.29911804e-01 2.01031470e+00 2.07287335e+00
  1.56616008e+00 4.14887965e-01 1.27606487e+00 4.11465502e+00
  3.17869043e+00 1.33298075e+00 4.46078539e+00 0.00000000e+00
  0.00000000e+00 2.36733228e-01 4.34794366e-01 1.12086403e+00
  1.03926814e+00 3.52715731e-01 3.59408760e+00 1.20892346e+00
  4.87877756e-01 1.70828421e-02 7.04287648e-01 8.47236514e-02
  0.00000000e+00 1.52320012e-01 2.71321177e+00 0.00000000e+00
  3.55514121e+00 1.75279641e+00 0.00000000e+00 3.88988447e+00
  8.05589104e+00 1.87441111e+00 9.07048702e+00 2.95225173e-01
  1.47694368e+01 2.80555606e+00 1.73140299e+00 2.89394426e+00
  3.40747762e+00 2.06805587e+00 3.16075444e+00 1.25630541e+01
  2.05646276e+00 3.37921292e-01 7.27845383e+00 1.01508987e+00
  1.09781742e+00 1.74598777e+00 8.62680852e-01 1.47604555e-01
  3.73024154e+00 3.03999275e-01 4.58862257e+00 3.61356065e-02
  0.00000000e+00 4.21920919e+00 1.96595877e-01 1.72085941e+00
  4.18213606e-01 4.49666947e-01 3.45199049e-01 5.10057735e+00
  2.46240377e-01 1.47612724e+01 0.00000000e+00 1.44618905e+00
  1.41530359e+00 8.55531752e-01 0.00000000e+00 6.95719182e-01
  6.44710585e-02 1.32284927e+01 1.46001959e+00 8.49248707e-01
  0.00000000e+00 1.14302588e+00 2.46058321e+00 3.53629661e+00
  4.39722031e-01 3.61484528e-01 9.71779644e-01 3.87048364e+00
  7.37058926e+00 1.89756835e+00 1.09578180e+01 2.39718616e-01
  3.53136212e-01 5.96037054e+00 1.90647519e+00 4.86458826e+00
  1.50709808e-01 4.59658056e-01 7.70621479e-01 1.03610849e+00
  7.74191475e+00 2.22444797e+00 1.17475533e+00 5.38980961e+00
  1.50852144e+00 1.57482500e+01 7.80764103e-01 5.36211395e+00
  1.15495491e+00 0.00000000e+00 1.04910650e+01 6.17040873e+00
  6.66269958e-01 8.62957001e+00 1.27488394e+01 2.71839094e+00
  7.88581669e-01 2.61950588e+00 2.24007750e+00 3.20406580e+00
  4.14554882e+00 5.61558771e+00 6.09433830e-01 2.03849077e-01
  2.20409656e+00 5.97971964e+00 1.23610273e-01 8.47112465e+00
  2.28734493e+00 0.00000000e+00 1.64887741e-01 9.07570076e+00
  1.22552137e+01 0.00000000e+00 5.05524158e+00 4.36730814e+00
  5.29580927e+00 1.69724643e+00 3.87487817e+00 2.85391778e-01
  1.60846958e+01 6.78819001e-01 0.00000000e+00 2.31932950e+00
  1.13337755e+01 3.83921921e-01 9.04409289e-02 9.56400931e-02
  3.76483345e+00 6.18454027e+00 1.14436522e+01 0.00000000e+00
  1.18135655e+00 0.00000000e+00 1.21115661e+00 2.65628839e+00
  4.19169950e+00 1.94629514e+00 5.45928895e-01 7.12225914e-01
  1.36715758e+00 9.86874461e-01 3.05265594e+00 1.62511289e+00
  0.00000000e+00 4.62015104e+00 1.26213694e+00 8.05446386e-01
  7.82206583e+00 0.00000000e+00 2.87469834e-01 3.34095073e+00
  2.23170424e+00 1.49583435e+00 7.41403151e+00 1.04692066e+00
  3.37503743e+00 1.74380377e-01 2.57164741e+00 5.34809649e-01
  1.19384551e+00 4.58493853e+00 1.64660811e+00 9.80158997e+00
  3.51063657e+00 1.31558199e+01 1.75073057e-01 4.86794806e+00
  0.00000000e+00 2.95348954e+00 1.84497535e+00 2.01758146e+00
  3.35628533e+00 4.17013407e+00 8.89257240e+00 1.17661905e+00
  3.20437050e+00 1.22500839e+01 0.00000000e+00 3.45220661e+00
  1.62893379e+00 1.64591229e+00 7.22830343e+00 1.08100033e+00
  2.95741963e+00 5.00071144e+00 1.71322954e+00 2.62368274e+00
  8.05783844e+00 3.90555322e-01 3.88832204e-02 2.75573015e+00
  2.83013320e+00 4.53674030e+00 9.35083747e-01 4.77168739e-01
  8.02079558e-01 2.16665339e+00 2.72016346e-01 8.41892052e+00
  7.29067039e+00 9.73672032e-01 2.66223568e-02 0.00000000e+00
  0.00000000e+00 6.11677027e+00 9.09851611e-01 2.17292476e+00
  5.68956360e-02 0.00000000e+00 7.83621073e+00 7.80380249e+00
  1.64158177e+00 0.00000000e+00 2.02160912e+01 3.59273982e+00
  3.91148925e-01 1.86729395e+00 2.51219898e-01 5.02102184e+00
  4.56825718e-02 1.51281619e+00 4.29713689e-02 3.41113997e+00
  4.45972860e-01 3.69809055e+00 2.21592808e+00 9.36083603e+00
  1.13744268e+01 5.24718583e-01 3.68475914e+00 3.55052352e+00
  4.46619892e+00 1.44831383e+00 6.87359273e-01 2.34860718e-01
  5.13921857e-01 5.39876986e+00 1.31870747e+00 5.19776773e+00
  5.88381386e+00 2.31883717e+00 8.08976293e-01 1.99935138e+00
  1.75691795e+00 3.67434168e+00 1.81053007e+00 1.64840257e+00
  4.28487444e+00 7.10545015e+00 0.00000000e+00 5.29929781e+00
  7.78520405e-01 1.42468178e+00 2.82368273e-01 1.94337577e-01
  5.74449822e-02 4.20627892e-01 7.84626532e+00 6.99719667e-01
  0.00000000e+00 8.22495282e-01 7.58223474e-01 1.12814021e+00
  3.70690680e+00 1.06588078e+00 3.48426509e+00 1.04566412e+01
  7.15088129e+00 5.47635555e-01 1.71190655e+00 2.09520602e+00
  1.00146818e+00 1.09283946e-01 6.11425161e+00 3.82222271e+00
  6.04920435e+00 1.53643048e+00 5.95767832e+00 2.38777113e+00
  4.65420771e+00 1.53173947e+00 4.67507035e-01 2.86555862e+00
  2.70831919e+00 3.18837702e-01 2.60515022e+00 5.61548173e-01
  0.00000000e+00 1.90756512e+00 9.06333983e-01 3.22015190e+00
  5.18140554e+00 4.02309608e+00 1.66168785e+00 9.18589473e-01
  0.00000000e+00 2.69298136e-01 0.00000000e+00 3.01530623e+00
  0.00000000e+00 3.99449676e-01 2.10499316e-01 1.37280083e+00
  1.06392794e+01 1.29015791e+00 5.85832775e-01 4.62593973e-01
  1.41368198e+00 3.22279739e+00 4.38572057e-02 0.00000000e+00
  6.52179541e-03 7.89519787e-01 2.54590839e-01 5.51262045e+00
  2.98556185e+00 3.97907495e+00 1.38077152e+00 5.21893930e+00
  9.26239073e-01 5.63692188e+00 2.81323934e+00 3.87792397e+00
  1.80672622e+00 4.17932463e+00 6.43632030e+00 0.00000000e+00
  0.00000000e+00 7.41295815e-01 3.52275205e+00 9.59883690e+00
  0.00000000e+00 2.51555145e-02 9.40716457e+00 1.06563787e+01
  8.76326337e-02 1.48658347e+00 1.10332394e+01 0.00000000e+00
  4.59825277e-01 6.09301138e+00 1.14723063e+00 2.15201855e+00
  1.75940490e+00 2.77263117e+00 1.69022679e+00 3.80977583e+00
  7.07270479e+00 3.02635002e+00 1.18105507e+01 3.65550947e+00
  5.01261330e+00 8.48623943e+00 7.69295073e+00 5.52992582e-01
  2.77040815e+00 1.33578813e+00 5.67680216e+00 8.49261951e+00]]