[[3.86819220e+00 3.95898581e-01 2.50106525e+00 5.40424347e-01
  1.82154083e+00 2.44165349e+00 2.03336620e+00 0.00000000e+00
  1.27016151e+00 1.13383837e-01 4.82910776e+00 7.65837908e-01
  2.98244357e+00 3.82572699e+00 7.77608812e-01 3.78743720e+00
  3.10827881e-01 1.16230679e+00 1.44707930e+00 3.84826970e+00
  7.30884492e-01 2.01779127e+00 3.96970129e+00 1.13993895e+00
  3.12683725e+00 3.16744924e+00 9.21618700e-01 5.85724525e-02
  2.87232065e+00 7.71709979e-01 2.96009660e+00 3.58713055e+00
  4.27462608e-01 3.57688689e+00 2.25053027e-01 4.41890091e-01
  2.04633975e+00 0.00000000e+00 4.29488993e+00 4.70892620e+00
  1.71768713e+00 4.56329632e+00 3.91961074e+00 1.60691833e+00
  1.82656085e+00 3.18158150e+00 3.68370700e+00 0.00000000e+00
  8.64627063e-01 7.89579749e-01 1.97133875e+00 6.30016947e+00
  2.35999990e+00 4.71064568e+00 3.35112119e+00 1.54935467e+00
  3.40357637e+00 5.13429737e+00 3.92408907e-01 8.97787213e-01
  8.17746758e-01 3.94384527e+00 8.07123280e+00 2.07149529e+00
  1.89988399e+00 6.05064297e+00 5.00437558e-01 4.66444349e+00
  1.34427953e+00 2.11736724e-01 3.63232613e+00 2.25400877e+00
  2.89363170e+00 1.42152262e+01 2.32910728e+00 7.85183907e-01
  4.57140058e-01 2.60565042e-01 0.00000000e+00 1.18905246e+00
  1.35846817e+00 1.64278988e-02 1.51220453e+00 4.56194311e-01
  7.71491826e-01 5.42336655e+00 0.00000000e+00 9.73893225e-01
  1.52393794e+00 2.43003458e-01 1.87679446e+00 4.38292885e+00
  1.56979844e-01 3.32049584e+00 1.73793125e+00 2.92455316e+00
  0.00000000e+00 2.79017019e+00 7.57839632e+00 4.33228016e+00
  1.75416303e+00 8.11695814e-01 9.79129696e+00 4.57315731e+00
  5.75189257e+00 7.63529825e+00 6.89656138e-01 8.80798519e-01
  2.13344479e+00 2.10484654e-01 6.25340939e-01 4.11879480e-01
  0.00000000e+00 2.62490416e+00 2.07326317e+00 1.62296760e+00
  5.11417103e+00 1.28156626e+00 4.70002234e-01 2.74029112e+00
  3.72949600e+00 4.37583208e-01 3.69364053e-01 1.07729268e+00
  0.00000000e+00 4.00346279e+00 0.00000000e+00 0.00000000e+00
  2.29946303e+00 1.83792019e+01 8.49572420e-02 7.99568176e-01
  1.12829189e+01 1.76069486e+00 1.47047520e+00 5.02247381e+00
  1.19730271e-01 4.49763346e+00 3.82317948e+00 3.99472713e-02
  2.69103527e+00 1.76420355e+00 3.23461950e-01 2.03964400e+00
  9.68066454e-01 9.29649532e-01 1.88337028e-01 5.48438609e-01
  6.63937032e-01 8.27931762e-02 1.98547149e+00 8.87963176e-01
  4.00000858e+00 1.84861195e+00 8.26889217e-01 3.72731352e+00
  1.44788194e+00 1.65328681e+00 4.56010771e+00 1.20534623e+00
  2.98975801e+00 4.45426285e-01 1.36182797e+00 4.42390299e+00
  3.07564902e+00 1.44285243e-02 2.05402565e+00 2.47460365e+00
  1.80129457e+00 1.35861874e-01 7.84712172e+00 3.01080418e+00
  1.87917364e+00 1.30259383e+00 2.32592750e+00 8.66523564e-01
  3.84659290e-01 1.44982815e+00 9.35873795e+00 6.55033648e-01
  5.05249023e+00 2.30810598e-01 4.96915627e+00 4.74405959e-02
  7.51439452e-01 5.45510113e-01 4.94502008e-01 5.00743747e-01
  1.77921081e+00 3.93865466e+00 1.47128332e+00 0.00000000e+00
  7.91839063e-01 5.20384550e+00 2.90347219e+00 6.23229668e-02
  7.60360122e-01 2.28265190e+00 0.00000000e+00 5.01265860e+00
  1.10731769e+00 2.58677864e+00 9.62834239e-01 3.05445242e+00
  4.09500885e+00 1.71245897e+00 5.34429923e-02 8.96114409e-01
  3.24276853e+00 5.87287855e+00 0.00000000e+00 1.23142326e+00
  0.00000000e+00 8.13447595e-01 4.05325747e+00 5.75034320e-01
  1.44944501e+00 0.00000000e+00 6.90157115e-01 2.58328223e+00
  2.56691623e+00 1.61973572e+00 6.22720718e+00 4.96505928e+00
  4.75127554e+00 2.99043274e+00 9.45304155e-01 2.15043855e+00
  1.31544149e+00 1.59428871e+00 9.45810974e-01 2.47529531e+00
  3.21316051e+00 3.18134338e-01 1.28355515e+00 1.36565077e+00
  6.50411320e+00 6.75433397e+00 7.84316254e+00 1.38924885e+01
  1.16945922e+00 0.00000000e+00 5.53484249e+00 2.80048752e+00
  6.22105718e-01 1.38133249e+01 4.70672560e+00 2.21820498e+00
  3.09881401e+00 9.39563811e-01 2.11286235e+00 1.19524276e+00
  2.92311251e-01 1.01613915e+00 2.37390804e+00 6.94181398e-02
  6.80752337e-01 2.09405422e+00 2.66349697e+00 3.10878634e+00
  8.85448158e-01 0.00000000e+00 8.05048645e-01 3.08397561e-01
  7.22109413e+00 3.93271685e-01 3.51593351e+00 5.52421093e+00
  3.62526846e+00 2.87113476e+00 9.99743223e-01 0.00000000e+00
  8.48027897e+00 1.79320431e+00 2.71182537e+00 2.30924702e+00
  5.69809294e+00 8.69925380e-01 6.98254824e-01 1.31242359e+00
  1.16382484e+01 9.29429650e-01 9.86996365e+00 1.89401555e+00
  8.07046294e-01 4.48532820e-01 7.65265751e+00 4.17939281e+00
  6.45658970e+00 4.44329500e+00 2.96137929e+00 1.90546107e+00
  2.37311106e-02 3.79393697e+00 5.90405655e+00 3.30564380e+00
  1.34219515e+00 8.02064314e-02 1.41194868e+00 0.00000000e+00
  2.00716376e+00 4.23735523e+00 1.23986149e+00 5.01113474e-01
  4.73169357e-01 5.29174852e+00 2.52691936e+00 6.85011864e-01
  1.98535204e-01 9.72272813e-01 2.70162177e+00 2.25776815e+00
  1.53323269e+00 1.49068415e+00 5.44057655e+00 1.93111730e+00
  3.62497663e+00 1.18373976e+01 7.99779296e-01 1.64233410e+00
  4.77998638e+00 3.70863271e+00 8.13069916e+00 1.36336470e+00
  1.95780420e+00 4.12676066e-01 4.40192842e+00 0.00000000e+00
  3.31697249e+00 2.13719502e-01 3.41783790e-03 1.09281073e+01
  3.05275846e+00 2.23385245e-01 4.00422907e+00 7.97063732e+00
  6.07593238e-01 1.78358614e+00 5.43801212e+00 2.11499405e+00
  4.06167030e+00 6.11296296e-01 1.97221005e+00 9.91195858e-01
  9.17840660e-01 4.61267328e+00 2.92496610e+00 0.00000000e+00
  1.46173358e+00 3.89513540e+00 3.42662781e-01 2.00744724e+00
  7.51099944e-01 4.19627762e+00 2.36029053e+00 0.00000000e+00
  2.56039798e-02 8.23940563e+00 6.35889912e+00 1.75354719e+00
  1.26829023e+01 9.94909942e-01 0.00000000e+00 5.47186661e+00
  6.99064493e+00 6.38253117e+00 3.31287861e+00 4.14999008e+00
  2.03848290e+00 9.52400970e+00 1.93638396e+00 1.21025145e+00
  1.11901951e+00 2.89732784e-01 2.81112289e+00 1.92383170e+00
  8.70269239e-01 2.22218323e+00 2.24272326e-01 3.80323005e+00
  7.41568613e+00 2.31681800e+00 6.75439119e-01 4.03460360e+00
  3.46578288e+00 2.32265100e-01 1.26894033e+00 3.67127955e-01
  2.30538106e+00 6.25134230e+00 6.13503456e-01 1.11574697e+00
  1.27349150e+00 7.90598536e+00 0.00000000e+00 1.08194387e+00
  3.88414001e+00 1.65703499e+00 3.52412552e-01 8.61495018e-01
  3.19136262e+00 3.90341973e+00 2.14779198e-01 1.12981443e+01
  8.26094151e+00 6.02326155e-01 2.76135087e-01 6.87421513e+00
  3.11027455e+00 3.01300669e+00 5.51653719e+00 5.91226280e-01
  3.02928120e-01 0.00000000e+00 1.32264776e+01 2.50832230e-01
  4.27099645e-01 2.50639486e+00 3.12402129e+00 1.08415276e-01
  3.85834980e+00 3.96913253e-02 5.17890358e+00 8.55368900e+00
  1.52043116e+00 1.25072556e+01 4.50060248e-01 1.16440439e+01
  2.20923752e-01 5.86098135e-01 3.64166164e+00 1.86694026e+00
  7.65473604e-01 6.53516483e+00 3.78952295e-01 1.01209793e+01
  1.26078665e-01 1.51805031e+00 2.84123689e-01 9.31114733e-01
  0.00000000e+00 3.26892465e-01 1.70000821e-01 2.45821819e-01
  3.18531466e+00 5.05679309e-01 1.30439448e+00 7.54117787e-01
  9.41453099e-01 5.50638437e+00 3.30799389e+00 3.27816343e+00
  6.48984718e+00 3.25197029e+00 9.97417641e+00 1.89463997e+00
  4.06900358e+00 1.33859468e+00 1.81948590e+00 8.49711418e+00
  0.00000000e+00 6.63661242e+00 2.81080317e+00 4.04927850e-01
  0.00000000e+00 5.49394451e-02 1.95310807e+00 2.27189851e+00
  8.79280853e+00 5.68201542e-01 2.48953819e+00 3.51163101e+00
  1.00265563e+00 1.87619705e+01 3.18453050e+00 1.17547524e+00
  5.57335973e-01 2.25733376e+00 4.94840670e+00 2.14785051e+00
  1.03540277e+00 1.07786484e+01 2.19779193e-01 1.46407914e+00
  1.92255557e+00 9.63064909e-01 4.87257719e+00 3.50330055e-01
  1.62830496e+00 8.49490523e-01 1.30051231e+00 1.81060112e+00
  1.12698066e+00 2.87303543e+00 1.01209736e+00 3.65797424e+00
  1.53571117e+00 1.73230708e+00 8.78004730e-01 1.61603606e+00
  8.87538433e+00 1.82918644e+00 7.16860533e+00 1.10294032e+00
  3.18857026e+00 2.06697583e+00 6.00811386e+00 0.00000000e+00
  5.11301994e-01 3.75929922e-01 6.97604322e+00 4.10096979e+00]]