[[4.12289429e+00 5.54996319e-02 3.10714626e+00 0.00000000e+00
  1.11744750e+00 1.27284832e+01 1.92705059e+00 5.13915443e+00
  4.42196503e-02 0.00000000e+00 2.53839874e+00 1.48217869e+00
  1.27594376e+01 5.99974537e+00 0.00000000e+00 4.87626171e+00
  3.39510202e+00 4.09762001e+00 3.32646459e-01 5.46908426e+00
  4.24325705e+00 5.29925108e+00 2.84338742e-01 5.80784369e+00
  9.61780965e-01 1.00041917e-02 2.94355893e+00 9.48829472e-01
  5.72861719e+00 1.23508346e+00 2.48799115e-01 7.28852940e+00
  7.44724035e-01 8.62621307e+00 2.59064412e+00 1.43938005e-01
  8.61076917e-03 1.65477291e-01 5.22455215e+00 3.97450119e-01
  9.61829960e-01 1.73118377e+00 6.40100098e+00 4.85003614e+00
  3.39679211e-01 3.27267385e+00 4.11988974e+00 8.98205042e-01
  1.62177062e+00 1.25429797e+00 8.67094636e-01 8.03676987e+00
  2.82606077e+00 1.18349421e+00 6.36254549e+00 1.23404324e+00
  5.76780033e+00 5.13496113e+00 5.35463929e-01 5.61857843e+00
  8.95344555e-01 1.66209996e-01 8.80425262e+00 6.26629019e+00
  4.17277068e-02 3.26429462e+00 2.71439815e+00 1.04755294e+00
  3.06063145e-01 4.04981017e-01 2.47425365e+00 7.21700239e+00
  2.84448147e+00 6.51574469e+00 3.85218716e+00 4.57876205e-01
  2.02837300e+00 6.26910865e-01 5.33143091e+00 2.45849462e-03
  0.00000000e+00 0.00000000e+00 5.69962597e+00 5.43212593e-01
  7.81975126e+00 2.30005533e-01 7.41457283e-01 4.61571503e+00
  4.54823303e+00 9.59528387e-01 3.34018135e+00 6.57157063e-01
  6.62828088e-01 5.02106094e+00 1.25647843e+00 9.10154700e-01
  2.21155620e+00 2.49574351e+00 4.89787847e-01 1.99317217e+00
  6.93693829e+00 3.21065998e+00 9.88965321e+00 6.92900467e+00
  1.25411186e+01 9.56325114e-01 3.34267616e-02 4.83984804e+00
  2.17371249e+00 2.22571468e+00 1.10759771e+00 2.16417742e+00
  1.89229116e-01 5.70156574e-01 5.36082126e-02 4.10095334e-01
  3.72883677e+00 1.87223458e+00 6.98042884e-02 2.17413330e+00
  8.33278835e-01 0.00000000e+00 1.70725346e+00 8.02526534e-01
  0.00000000e+00 2.62523460e+00 1.87550619e-01 6.74851313e-02
  0.00000000e+00 1.58270254e+01 6.48810029e-01 1.18660343e+00
  9.85560703e+00 4.73085785e+00 1.42338610e+00 5.25434494e+00
  2.64847803e+00 1.05034804e+00 3.19908977e+00 2.09539819e+00
  3.99407029e+00 1.13053417e+00 0.00000000e+00 8.53309095e-01
  3.15098435e-01 2.38320541e+00 5.87129176e-01 0.00000000e+00
  0.00000000e+00 0.00000000e+00 3.14735484e+00 3.57848495e-01
  1.70618439e+00 2.34156549e-01 4.29703808e+00 4.42087650e+00
  2.98086762e+00 1.24766910e+00 1.39518142e-01 1.80294859e+00
  7.11528361e-01 8.03188682e-02 3.59199214e+00 1.82801163e+00
  1.64113700e+00 7.01560199e-01 6.03566527e-01 2.96127200e-01
  3.47352195e+00 2.56571507e+00 7.51403809e-01 4.78768587e+00
  1.14317875e+01 1.55246735e+00 2.10672998e+00 0.00000000e+00
  2.33835363e+00 2.66383195e+00 6.65067291e+00 1.27855575e+00
  3.30787754e+00 2.16502309e-01 1.48694265e+00 5.15954316e-01
  2.14364028e+00 1.29173791e+00 2.22402191e+00 5.51966727e-01
  2.94877791e+00 1.67850554e+00 8.97912884e+00 0.00000000e+00
  0.00000000e+00 2.35996413e+00 8.58423486e-02 2.65893960e+00
  9.74431336e-01 4.37708795e-01 2.06935853e-02 4.78952456e+00
  6.73181117e-02 1.21083670e+01 5.96795702e+00 0.00000000e+00
  1.77833930e-01 9.15784538e-01 6.06418252e-01 1.26871550e+00
  8.45523119e-01 2.88453269e+00 7.53206730e-01 2.72091293e+00
  7.22823799e-01 1.09460287e-01 6.01208687e+00 1.75603938e+00
  3.09480011e-01 0.00000000e+00 1.04589928e-02 1.94253898e+00
  4.10048389e+00 2.09362841e+00 1.70740089e+01 1.34667099e+00
  1.40948832e+00 3.64386916e+00 4.40178573e-01 8.31161594e+00
  1.47523999e+00 3.29441190e-01 1.58066463e+00 4.18998528e+00
  3.44420910e+00 1.83095765e+00 2.34058499e+00 4.10331059e+00
  1.12921548e+00 8.34345818e+00 5.17091274e+00 1.29212246e+01
  5.66946745e-01 0.00000000e+00 9.39209461e+00 8.51774883e+00
  1.41685522e+00 1.04859467e+01 1.38475065e+01 4.88799000e+00
  3.49688721e+00 4.61397696e+00 2.31596899e+00 0.00000000e+00
  0.00000000e+00 1.57055497e+00 5.31430483e-01 1.13104177e+00
  3.85811543e+00 9.42633003e-02 4.45449686e+00 7.64764547e+00
  3.76229143e+00 0.00000000e+00 4.31086493e+00 2.36837745e+00
  1.02575951e+01 0.00000000e+00 2.38800645e+00 1.83716834e+00
  3.46494961e+00 5.07156134e+00 8.18201780e-01 0.00000000e+00
  1.16350613e+01 2.39967537e+00 2.74257898e+00 7.19437456e+00
  7.29169083e+00 2.68185234e+00 4.66829799e-02 9.91708398e-01
  4.88005114e+00 1.39570475e+00 7.66443300e+00 1.50738344e-01
  6.09054387e-01 1.25421882e-01 3.61318898e+00 2.48385644e+00
  5.33504581e+00 7.58839130e+00 1.03003573e+00 1.48168713e-01
  9.66448009e-01 5.16117382e+00 1.14063144e+00 1.16220331e+01
  3.55816364e+00 1.65854287e+00 1.02870960e+01 5.36776662e-01
  9.68157887e-01 2.02982664e+00 5.10114253e-01 1.42252564e-01
  1.86990809e+00 1.58583724e+00 1.04314232e+01 1.28803813e+00
  1.78797388e+00 2.99081534e-01 1.86215505e-01 1.40160418e+00
  1.37161434e-01 3.15974665e+00 1.11283100e+00 5.52547455e+00
  7.31849575e+00 1.07457752e+01 3.56033206e-01 1.38719475e+00
  6.88402462e+00 1.43360543e+00 1.54631889e+00 1.25819910e+00
  1.43844259e+00 7.81888294e+00 1.64805508e+00 1.10112166e+00
  2.63042426e+00 9.91016102e+00 0.00000000e+00 2.48453498e+00
  5.06693959e-01 3.97625208e+00 5.78502941e+00 5.79485130e+00
  5.99015713e+00 2.79109746e-01 2.39142585e+00 5.04369795e-01
  7.14518404e+00 8.28437284e-02 1.39607477e+00 1.21156812e-01
  1.73610318e+00 3.18987036e+00 6.18767083e-01 5.15413105e-01
  4.67988625e-02 0.00000000e+00 2.08158565e+00 2.52229738e+00
  8.79808998e+00 6.85388041e+00 2.33160377e+00 7.44380150e-03
  2.76851833e-01 5.95229101e+00 2.12245989e+00 3.03937888e+00
  6.60796547e+00 1.88515985e+00 3.64308000e+00 6.78780317e+00
  6.06304979e+00 2.45150518e+00 1.23304510e+01 8.16272736e+00
  1.32547724e+00 0.00000000e+00 3.93884540e-01 4.70571327e+00
  5.82650185e+00 5.69124103e-01 1.13015985e+00 3.63779217e-01
  6.62773907e-01 2.67201304e+00 3.84506315e-01 5.46589422e+00
  7.41459084e+00 1.00934439e+01 1.01511097e+00 8.52119637e+00
  1.70595312e+00 1.08217740e+00 2.24098420e+00 2.23935042e-02
  1.71789086e+00 1.27202773e+00 3.51993396e-04 4.92568672e-01
  2.21174866e-01 1.65941823e+00 3.49635220e+00 8.12159240e-01
  1.87326765e+00 3.83118796e+00 9.77453053e-01 1.20461988e+00
  1.11359367e+01 5.00709677e+00 0.00000000e+00 2.74965692e+00
  2.63288140e+00 9.34479058e-01 0.00000000e+00 3.50292397e+00
  8.81122780e+00 3.48634744e+00 5.85438633e+00 9.43471305e-03
  0.00000000e+00 0.00000000e+00 3.93876266e+00 2.99177265e+00
  2.48949858e-03 9.39949334e-01 4.86791849e+00 3.02689004e+00
  1.25040817e+01 1.66546071e+00 4.87559366e+00 7.91398764e+00
  5.51317406e+00 5.51108265e+00 4.15514898e+00 4.83703518e+00
  0.00000000e+00 2.13135028e+00 1.52070618e+00 1.90581048e+00
  3.88918328e+00 1.32110882e+00 1.47614181e+00 1.15657358e+01
  6.06923640e-01 4.36089945e+00 6.49033844e-01 0.00000000e+00
  0.00000000e+00 2.48350167e+00 1.83251843e-01 9.02403355e-01
  5.92323780e+00 2.26377964e+00 3.42393786e-01 2.15321994e+00
  2.41694808e+00 8.83949459e-01 3.44255066e+00 7.03354692e+00
  1.66354167e+00 2.74060082e+00 4.59614515e+00 9.01149064e-02
  2.86672473e+00 1.12287939e+00 7.37893209e-02 7.92008638e+00
  0.00000000e+00 3.27446055e+00 1.81655109e+00 3.81031819e-03
  0.00000000e+00 1.23898208e+00 1.14879739e+00 1.44957173e+00
  3.55865598e+00 3.98104453e+00 3.26121950e+00 7.17357779e+00
  1.14569008e+00 9.84918594e+00 2.47489190e+00 5.14585829e+00
  2.40209460e+00 2.64052463e+00 5.45340586e+00 2.09093019e-01
  3.43526840e+00 9.17933369e+00 4.30412650e-01 5.02769327e+00
  7.01565218e+00 1.57844949e+00 7.50797796e+00 1.06511002e+01
  2.95854831e+00 2.64840174e+00 9.05133057e+00 2.54652691e+00
  2.50687897e-01 6.64891911e+00 1.78462982e-01 1.59836125e+00
  2.64085960e+00 2.58281469e+00 1.19980454e+00 2.85271168e+00
  8.83089924e+00 1.72019517e+00 1.30603285e+01 9.11236668e+00
  1.76718819e+00 9.07802200e+00 9.12291908e+00 4.56499271e-02
  3.82380724e-01 2.33843476e-01 7.82651615e+00 6.43574047e+00]]