[[5.36652184e+00 5.16155529e+00 4.15205622e+00 1.04574800e+00
  3.02483160e-02 1.19428873e+01 3.25838923e+00 1.32687056e+00
  7.33485162e-01 0.00000000e+00 1.73677671e+00 0.00000000e+00
  8.63133335e+00 1.02322836e+01 8.62300694e-01 6.32125998e+00
  4.03141946e-01 6.56260610e-01 2.97838062e-01 2.72890139e+00
  6.42188430e-01 5.51851130e+00 2.01986766e+00 9.47699904e-01
  1.47262883e+00 4.00137424e+00 5.73097992e+00 2.19714761e+00
  7.74841118e+00 3.57285190e+00 0.00000000e+00 1.75034637e+01
  2.83833957e+00 6.87852573e+00 2.77959013e+00 2.35551500e+00
  3.39115232e-01 1.24009001e+00 9.44444180e-01 0.00000000e+00
  1.44211066e+00 2.41575789e+00 9.85380650e+00 2.57861018e+00
  0.00000000e+00 4.32699823e+00 5.80560064e+00 1.12569106e+00
  1.56490612e+00 9.97044802e-01 2.05587506e+00 5.12432909e+00
  1.04247642e+00 5.79513216e+00 6.54821014e+00 1.76177859e+00
  4.17289495e+00 5.42041826e+00 1.38676667e+00 1.37024891e+00
  4.65541214e-01 2.17892933e+00 4.26940060e+00 8.07777822e-01
  3.24765861e-01 6.51111031e+00 2.84638953e+00 7.80862987e-01
  3.89735401e-01 0.00000000e+00 2.09331131e+00 1.62923944e+00
  3.75638628e+00 1.29992266e+01 3.19064450e+00 4.64397809e-03
  1.67283428e+00 0.00000000e+00 2.75571871e+00 4.88311425e-03
  3.27389807e-01 1.40706658e-01 8.91429329e+00 1.48962116e+00
  2.22672820e-01 2.93798029e-01 0.00000000e+00 5.16901398e+00
  6.94522524e+00 0.00000000e+00 5.93707228e+00 3.77274096e-01
  1.24238431e-01 0.00000000e+00 3.63332599e-01 1.76590359e+00
  1.88144648e+00 3.11665535e+00 2.30885792e+00 9.86217082e-01
  2.60271192e+00 2.68622780e+00 1.62354124e+00 5.90685034e+00
  1.19418776e+00 5.20808816e-01 1.15539742e+00 5.02937376e-01
  5.41844416e+00 6.36016989e+00 8.14080894e-01 7.27827787e-01
  0.00000000e+00 6.61891222e-01 2.71174431e+00 1.16324604e+00
  4.09818840e+00 2.99912548e+00 5.33737652e-02 4.17444134e+00
  1.51628566e+00 2.67225087e-01 3.71628022e+00 1.95535338e+00
  0.00000000e+00 2.20331144e+00 0.00000000e+00 0.00000000e+00
  2.57156402e-01 1.59123087e+01 1.28169012e+00 1.47015381e+00
  1.21214447e+01 3.18014503e+00 4.48881292e+00 6.83321667e+00
  4.16042900e+00 2.03402567e+00 3.97025967e+00 0.00000000e+00
  1.43958378e+00 7.68552482e-01 9.08160686e-01 1.03879583e+00
  7.25455940e-01 8.34297001e-01 6.63226545e-01 0.00000000e+00
  0.00000000e+00 3.61338891e-02 1.78229898e-01 0.00000000e+00
  2.09932685e+00 5.30920960e-02 1.07166278e+00 2.64060473e+00
  2.56173730e+00 1.28496289e+00 1.91227686e+00 4.40799087e-01
  8.76818359e-01 3.07062268e+00 3.09351778e+00 4.13766623e+00
  1.64628077e+00 1.01718712e+00 2.93207645e-01 5.47623968e+00
  6.45360374e+00 2.23645616e+00 2.32784104e+00 4.87243938e+00
  9.79959869e+00 1.06673551e+00 2.38158405e-01 8.20122480e-01
  1.64209917e-01 0.00000000e+00 1.40212500e+00 3.63241172e+00
  5.56954813e+00 8.78102303e-01 2.59974408e+00 0.00000000e+00
  4.00625348e-01 2.91390967e+00 1.52257037e+00 1.08970964e+00
  4.74417478e-01 9.61223602e+00 2.40191722e+00 0.00000000e+00
  0.00000000e+00 1.04931998e+00 8.28298748e-01 1.02774534e+01
  6.75136089e-01 2.25014019e+00 1.14867976e-02 7.92315292e+00
  3.76326740e-01 1.21109295e+01 4.75818396e-01 0.00000000e+00
  1.45600545e+00 2.89150059e-01 6.74105763e-01 9.72406089e-01
  1.70764315e+00 4.08278847e+00 1.90514684e+00 2.52320719e+00
  0.00000000e+00 3.95410269e-01 1.94642699e+00 1.97243667e+00
  2.24018621e+00 1.09332524e-01 5.14739931e-01 2.12588620e+00
  4.23257256e+00 6.59137487e-01 1.67053223e+01 3.07532692e+00
  4.34003687e+00 7.00368834e+00 1.67903185e+00 6.99750423e+00
  1.56062722e+00 4.01387876e-03 2.17800021e+00 5.78627253e+00
  4.82048082e+00 4.83904791e+00 3.01210237e+00 3.82930279e+00
  7.57277060e+00 6.84087372e+00 4.28676081e+00 2.72957115e+01
  3.31013370e+00 4.11453210e-02 3.13673568e+00 5.08135128e+00
  6.42254829e-01 6.95245934e+00 1.09225492e+01 3.55800915e+00
  4.09179211e+00 1.53243074e+01 6.24745226e+00 3.98052245e-01
  6.13583624e-01 3.14687777e+00 1.06267476e+00 5.03372622e+00
  1.02190316e+00 1.96047401e+00 3.38951588e+00 6.57828569e+00
  6.32128954e-01 0.00000000e+00 1.09670627e+00 2.63824153e+00
  1.20171375e+01 0.00000000e+00 2.57587051e+00 4.76638079e+00
  3.10592341e+00 2.10739255e+00 1.14474916e+00 0.00000000e+00
  1.40140924e+01 7.69152761e-01 3.51346755e+00 9.94618225e+00
  1.22392673e+01 0.00000000e+00 0.00000000e+00 2.62711930e+00
  2.75035977e+00 3.69087291e+00 9.78778553e+00 1.51145216e-02
  1.51933050e+00 6.49582684e-01 6.09403276e+00 7.49188185e-01
  5.95471764e+00 1.45186174e+00 1.52682686e+00 9.04196858e-01
  1.26676977e+00 2.02628016e+00 6.14305139e-01 1.42257363e-01
  4.27742243e+00 2.09035325e+00 3.52829671e+00 1.03536260e+00
  5.71962023e+00 2.44500113e+00 1.80404103e+00 5.68730414e-01
  7.42030096e+00 8.50922108e-01 2.63823843e+00 1.29836512e+00
  6.58108377e+00 0.00000000e+00 6.04982436e-01 3.27847004e+00
  2.65491748e+00 8.27878118e-01 1.41250038e+00 7.33855581e+00
  9.29162121e+00 1.11377850e+01 7.95555890e-01 3.31984222e-01
  5.00045538e+00 8.33147335e+00 9.70753789e-01 8.87283921e-01
  3.71901572e-01 3.75333452e+00 4.28638172e+00 2.69306391e-01
  3.48666883e+00 1.17862844e+01 0.00000000e+00 3.31370854e+00
  9.84670520e-01 6.13039112e+00 1.00853415e+01 2.93482256e+00
  3.99568009e+00 3.20650506e+00 3.15691203e-01 1.29564381e+00
  6.79839087e+00 7.09723458e-02 7.80887079e+00 6.86608374e-01
  2.08410478e+00 5.63598633e+00 1.28223849e-02 1.82410493e-01
  3.64463001e-01 5.56073308e-01 4.42907929e-01 2.12048340e+00
  5.09789705e+00 2.96630788e+00 5.67112350e+00 5.14367642e-03
  6.47037327e-01 3.98548317e+00 6.92941618e+00 2.08689642e+00
  4.45069969e-01 1.24390376e+00 1.86544383e+00 5.99135542e+00
  5.11719275e+00 4.92125273e+00 1.12444782e+01 5.68056202e+00
  9.01331246e-01 2.32876134e+00 6.95744395e-01 3.02524853e+00
  2.10280442e+00 1.26853204e+00 5.03122139e+00 1.87903583e+00
  2.92914450e-01 1.38902605e+00 6.90624774e-01 7.00756025e+00
  6.49001932e+00 3.15694666e+00 1.52068567e+00 8.35959148e+00
  3.83291245e+00 1.37726963e+00 1.02870071e+00 5.05918789e+00
  2.86719584e+00 7.84009647e+00 4.19968271e+00 4.52212143e+00
  1.36880434e+00 2.84839749e+00 3.18838377e-03 1.03429091e+00
  6.03353024e+00 2.72700667e+00 3.92982650e+00 1.44986725e+00
  5.52562666e+00 5.96091890e+00 0.00000000e+00 2.56973648e+00
  2.47602224e+00 1.01245296e+00 0.00000000e+00 6.87920332e+00
  7.30692482e+00 8.24582338e-01 5.44695425e+00 6.18907623e-03
  3.58203232e-01 3.28528494e-01 3.77366138e+00 1.35695124e+00
  1.02312231e+00 3.68622160e+00 5.35991859e+00 4.73816967e+00
  1.43777742e+01 1.23139286e+00 6.20064020e+00 6.02030277e+00
  3.09688687e+00 4.34662199e+00 3.00757623e+00 3.19836545e+00
  8.82972777e-01 9.39570665e-01 6.27533376e-01 5.56415749e+00
  1.81793225e+00 1.19835325e-01 1.17349532e-02 9.52754498e+00
  2.05877113e+00 0.00000000e+00 1.02490735e+00 2.47315475e-04
  0.00000000e+00 1.44499171e+00 6.94161236e-01 1.20781875e+00
  3.43732524e+00 2.05506754e+00 2.83433735e-01 8.91872346e-01
  2.05424643e+00 4.99506903e+00 8.90726030e-01 6.67815018e+00
  1.33134246e+00 5.36226797e+00 4.73628730e-01 5.54006159e-01
  5.82933712e+00 3.89118791e-01 4.05167997e-01 4.54480171e+00
  0.00000000e+00 6.89934158e+00 5.13262272e+00 1.12470925e-01
  0.00000000e+00 1.68599784e+00 2.21009421e+00 8.13005865e-01
  1.13321114e+01 2.56477261e+00 2.27703118e+00 5.47895527e+00
  1.12186062e+00 1.79503613e+01 1.87388420e+00 3.29166961e+00
  4.44658232e+00 3.13398647e+00 6.44080448e+00 0.00000000e+00
  2.42315054e-01 2.61635246e+01 2.92772031e+00 2.99512243e+00
  8.38269997e+00 1.81030667e+00 6.71361017e+00 1.06665936e+01
  5.29186428e-01 8.96619499e-01 1.24385099e+01 3.52465510e+00
  1.59585118e+00 5.26702499e+00 6.34041965e-01 1.03643811e+00
  3.05157751e-01 3.05300832e+00 1.35783708e+00 5.45236969e+00
  1.12061739e+01 1.52461648e+00 1.30502291e+01 6.09309530e+00
  1.96022379e+00 4.11517906e+00 5.57614183e+00 5.79588234e-01
  5.42122066e-01 3.01078439e-01 5.77063227e+00 9.00475597e+00]]