[[4.5662036e+00 1.2647101e-02 1.4421518e+00 2.4374454e+00 3.7095160e+00
  7.7859216e+00 3.0482495e+00 6.9894069e-01 1.6992269e+00 2.8238494e+00
  1.0794433e+00 3.3912294e+00 6.4649653e+00 7.3221314e-01 0.0000000e+00
  2.5079582e+00 0.0000000e+00 7.6094670e+00 1.0137940e+01 3.6599698e+00
  4.9283113e+00 8.7794952e+00 2.1421963e-02 3.2209144e+00 8.6701095e-01
  1.8623016e+00 1.2947303e+00 3.4055209e+00 1.9215200e+00 3.4268767e-02
  3.7745237e+00 2.3238695e+00 5.0339210e-01 6.6887110e-01 3.0738437e+00
  0.0000000e+00 7.6310140e-01 1.1283062e+00 1.3653059e+00 1.4950475e-01
  9.1109524e+00 2.2545662e+00 9.8347354e-01 6.1858982e-01 2.7361133e+00
  2.6130898e+00 5.8849206e+00 2.3402920e+00 3.4980741e+00 3.4388028e-02
  3.6907725e+00 9.7018147e-01 3.2338300e+00 2.1046424e+00 1.5460973e+00
  2.1335192e+00 3.3519549e+00 3.1009431e+00 7.0543998e-01 8.2019025e-01
  9.0226330e-02 0.0000000e+00 1.9257842e+00 2.6230516e+00 1.5031991e+00
  5.0911026e+00 1.6718668e+00 4.0393254e-01 8.1532109e-01 4.7170195e-01
  9.6117096e+00 3.4654849e+00 4.6688128e+00 8.5618906e+00 3.0409446e+00
  5.3844380e-01 3.5627983e+00 2.4765592e+00 2.8252068e-01 3.2652040e+00
  8.4523928e-01 1.7120371e+00 2.5161347e+00 1.8260252e-01 9.1531605e-01
  9.0821332e-01 4.7404556e+00 4.4723930e+00 4.0388899e+00 0.0000000e+00
  6.3095391e-01 1.2841690e+00 0.0000000e+00 2.1753676e+00 7.5218880e-01
  2.7240226e+00 1.0382175e+00 1.1082845e+00 4.5668521e+00 1.0138194e+01
  4.4927585e-01 8.4068328e-02 1.9595239e+00 5.5450535e-01 8.5187702e+00
  0.0000000e+00 1.2831585e+00 3.5081491e+00 2.7037530e+00 2.4254944e+00
  3.2815509e+00 3.0314033e+00 2.5098495e+00 5.8314389e-01 1.6932136e+00
  4.4141536e+00 1.1222751e+01 4.9518466e-01 9.5966947e-01 1.0667304e+00
  4.3290672e+00 0.0000000e+00 9.0657607e-02 5.4000944e-01 7.4105717e-02
  4.7313440e-01 5.3428072e-03 0.0000000e+00 3.9104259e+00 2.4635723e+00
  0.0000000e+00 2.9455681e+00 4.0572081e+00 2.8783779e+00 1.5997487e+00
  4.5472417e+00 1.1679732e+00 7.8438897e+00 6.7065272e+00 0.0000000e+00
  1.2163371e-01 3.0826652e+00 1.8277106e+00 1.6285518e+00 2.7982287e+00
  1.0674150e+00 1.0735490e+00 1.8640736e+00 0.0000000e+00 8.2722652e-01
  4.2103248e+00 3.9094481e+00 1.7608511e+00 2.5498660e+00 4.1738129e+00
  6.3915758e+00 4.7409377e+00 1.7091511e+00 1.3321821e+01 2.7015293e+00
  4.8024461e-01 6.6530138e-02 3.3855896e+00 9.5661898e+00 1.1587366e-01
  8.8300788e-01 1.2710420e+00 1.0399489e+00 8.1815872e+00 1.1945843e+00
  1.1827443e-01 2.5458617e+00 1.9799961e+01 6.0906959e+00 2.8789318e+00
  6.0875616e+00 0.0000000e+00 2.0348659e-01 3.7075350e+00 1.6814210e+00
  8.5704756e+00 1.2278309e-02 6.1506933e-01 1.4301884e-01 8.2582670e-01
  8.2910818e-01 3.1167522e-01 1.8234336e-01 8.5662565e+00 1.3718235e+00
  3.3287227e-01 0.0000000e+00 0.0000000e+00 3.3884742e+00 0.0000000e+00
  6.4969939e-01 6.2188357e-01 0.0000000e+00 0.0000000e+00 6.4794579e+00
  1.8814377e+00 8.3901587e+00 2.2762179e+00 2.0172432e-01 0.0000000e+00
  1.1602193e+00 0.0000000e+00 7.5778127e-01 0.0000000e+00 1.6403946e+01
  8.9222521e-01 5.9322321e-01 3.1733406e-01 7.7557200e-01 1.0257264e+00
  3.4070177e+00 2.1051166e+00 0.0000000e+00 3.4260519e+00 1.5452640e+00
  5.6459254e-01 0.0000000e+00 1.6309935e+00 9.1464180e-01 1.6300243e+00
  6.5853459e-01 8.1331575e-01 4.5164075e+00 0.0000000e+00 7.4669795e+00
  2.6965132e-01 7.4633759e-01 9.1406889e+00 3.0465748e+00 4.0136197e-01
  1.3140130e+00 1.2782146e-01 2.1700995e+00 9.8769817e+00 5.7012825e+00
  1.7304763e+00 0.0000000e+00 5.9883986e+00 1.0209102e+01 1.5649499e+00
  9.6561117e+00 4.9587884e+00 9.2302713e+00 7.1958947e+00 8.7064254e-01
  1.9198620e+00 8.3603281e-01 0.0000000e+00 2.2975209e+00 2.8816407e+00
  1.8595307e+00 1.3970840e-01 8.7914050e-02 9.3413801e+00 4.9678344e-01
  3.7443166e+00 5.0132990e-02 5.5145259e+00 9.0891248e-01 3.7918186e+00
  2.2233217e+00 6.5370184e-01 1.1933602e+00 4.5544505e+00 1.4018784e+00
  2.2872872e+00 1.9837668e+00 2.0338192e+00 4.4070597e+00 2.1879172e+00
  1.9373784e+00 1.4770708e+01 1.0103765e-01 1.6710715e+00 2.4302404e+00
  3.7800636e+00 4.1402769e+00 3.7145925e+00 0.0000000e+00 2.4376237e+00
  1.9609128e-01 4.9651923e+00 2.2287021e+00 7.6172996e+00 1.8892283e+00
  3.0513785e+00 4.7853146e+00 8.0404985e-01 2.1728332e+00 2.8154876e+00
  1.0749650e+01 5.0238901e-01 0.0000000e+00 1.3820938e+00 1.0611353e-01
  6.2646928e+00 7.7418828e-01 3.3598073e+00 6.6871369e-01 1.0854651e+00
  4.0595159e-01 5.1342754e+00 5.5158062e+00 3.9597139e+00 0.0000000e+00
  1.6476935e+00 1.5525119e+00 3.4912038e-01 8.7351584e-01 7.5767905e-01
  1.4481039e+00 6.9273436e-01 1.0124731e+01 2.4431381e-01 8.8988724e+00
  1.6308050e+00 8.8891506e-01 2.5296244e-01 1.5626313e-02 4.5247462e-01
  3.5971255e+00 5.4314489e+00 2.1487029e+00 3.7147541e+00 2.1426451e+00
  0.0000000e+00 7.9002719e+00 1.9227372e+00 2.8777819e+00 5.0719275e+00
  3.8341479e+00 6.2283981e-01 2.6695712e+00 3.6054592e+00 2.1946485e+00
  3.3728020e+00 2.8785112e+00 7.1817577e-01 7.5669348e-01 1.5207396e+00
  2.0848784e+00 6.1394205e+00 0.0000000e+00 1.0363427e-01 6.5957222e+00
  3.9151493e-01 1.5996573e+00 1.0706562e+01 4.3456488e+00 3.2585603e-01
  1.6520053e-01 1.6043578e-01 4.6411095e+00 3.1684742e+00 5.2676350e-01
  8.8106900e-01 3.7937355e+00 5.2312791e-01 7.3043054e-01 4.6619105e+00
  4.1137867e+00 4.1412401e+00 6.2661176e+00 6.7547625e-01 3.6833961e+00
  3.5186160e-01 2.4517593e+00 1.4630237e-01 1.7458211e+00 2.8521094e+00
  2.6730211e+00 1.2726929e+00 0.0000000e+00 8.4070671e-01 7.0696646e-01
  9.8483819e-01 6.2889166e+00 3.1973662e+00 1.6339911e+00 1.2559160e+00
  1.8217197e-02 1.9961958e+00 1.0640390e+00 1.1821011e+00 1.3642339e+00
  1.8727163e+00 9.0800953e+00 4.6310067e-01 7.1149836e+00 0.0000000e+00
  3.7661034e-01 1.4187068e+00 1.3054326e+00 5.5443215e+00 0.0000000e+00
  2.4679477e+00 1.0881814e+00 0.0000000e+00 9.2544622e+00 5.0894785e-01
  1.1157442e-02 1.0998440e-01 1.8235333e+00 2.7084420e+00 4.4154830e+00
  2.7861600e+00 9.9815971e-01 0.0000000e+00 1.4746897e-01 8.8942986e+00
  1.6827592e+00 4.0438614e+00 1.9223197e+00 5.7618833e-01 1.5721895e+00
  1.0095456e+00 3.4400579e-01 1.1142986e+01 1.4290912e+00 9.5690918e-01
  2.0547092e+00 2.9557767e+00 4.0701461e+00 3.5566494e+00 1.8896374e-01
  3.6793479e-01 2.8351402e-01 6.0043615e-01 1.3534769e+00 1.1365099e+00
  6.6326942e+00 1.7863701e-01 9.5591563e-01 1.4817683e+00 0.0000000e+00
  5.4218799e-01 2.5779712e+00 2.1383038e+00 3.5365944e+00 1.0960736e+00
  1.5089777e+00 4.4292188e-01 8.2007982e-02 0.0000000e+00 3.8633993e+00
  6.8151374e+00 2.0468819e+00 2.9419720e+00 4.3637424e+00 3.5508966e-01
  2.1843006e-01 7.0168824e+00 2.4150424e+00 1.2786982e+00 1.8104706e+01
  3.5685429e-03 7.9271555e-01 3.1764529e+00 6.3311547e-02 1.8547168e-01
  9.1499686e-01 7.7235609e-01 1.9701135e+00 2.4224663e+00 3.3137105e+00
  3.1085374e+00 4.5886855e+00 1.8599898e-01 1.1651847e+01 1.9269955e+00
  1.2082576e+00 2.5805154e+00 1.4905610e+00 7.4023576e+00 0.0000000e+00
  1.9555812e+00 3.0220380e+00 6.3288779e+00 1.3496640e+00 3.4500520e+00
  0.0000000e+00 3.5499993e-01 2.8521940e-01 1.3711503e+00 1.3360963e+00
  4.1956997e+00 7.2558084e+00 1.3426989e-01 6.9124918e+00 1.0213894e+00
  2.1044025e+00 6.9193850e+00 9.7797518e+00 5.4784632e-01 6.8585896e-01
  1.4511621e+01 4.0315280e+00 2.7718303e+00 5.0837851e+00 2.5700388e+00
  1.1420953e+01 2.8237388e-01 2.4027832e+00 2.2265362e-02 2.8431028e-01
  4.0071134e-02 9.7901678e+00]]