[[3.59332395e+00 0.00000000e+00 1.27487350e+00 0.00000000e+00
  1.96991718e+00 1.20108891e+01 1.37818928e+01 1.06274290e+01
  2.44908118e+00 0.00000000e+00 1.96092737e+00 3.49412775e+00
  1.46485968e+01 1.65487015e+00 1.51511729e+00 1.39191806e+00
  4.81919199e-01 2.48968792e+00 7.85327971e-01 5.18354464e+00
  0.00000000e+00 9.67216110e+00 1.01172888e+00 2.29832220e+00
  5.74261360e-02 4.91394520e-01 2.26502776e+00 6.53561211e+00
  6.27290547e-01 5.99693823e+00 9.74457085e-01 1.80447504e-01
  1.10992424e-01 8.19858456e+00 2.20944500e+00 3.00812387e+00
  1.09701395e+00 1.05168676e+00 1.46023679e+00 2.04044417e-01
  1.41707093e-01 1.30921495e+00 8.07960129e+00 2.20445442e+00
  2.08025432e+00 2.51041007e+00 2.13345170e+00 4.19111586e+00
  2.21479774e+00 5.33246517e-01 4.20240450e+00 5.80960321e+00
  7.62006938e-01 1.18413162e+01 5.93508291e+00 3.24575090e+00
  8.89086342e+00 3.28192520e+00 1.45346665e+00 4.09175348e+00
  1.56975389e+00 3.19375992e+00 2.99033076e-01 2.21889758e+00
  2.03451061e+00 1.39931297e+00 9.49430084e+00 8.20949972e-01
  1.46864605e+00 7.83151984e-01 4.59446001e+00 3.47471690e+00
  2.19210768e+00 1.44521742e+01 1.79851902e+00 1.94053292e-01
  9.65626299e-01 1.24540246e+00 0.00000000e+00 1.18596971e-01
  3.19144875e-01 1.44728100e+00 4.57098341e+00 2.48864412e+00
  9.77138519e+00 6.68280840e-01 9.58594024e-01 5.22642469e+00
  1.99359143e+00 3.37403774e+00 2.34963059e+00 9.80166435e-01
  1.12916820e-01 4.77035284e+00 3.56663615e-01 5.25020897e-01
  0.00000000e+00 2.73056102e+00 8.49951172e+00 3.32840538e+00
  9.69431520e-01 6.62065220e+00 4.75987196e+00 5.69800615e+00
  0.00000000e+00 0.00000000e+00 2.94734883e+00 3.90578437e+00
  2.17184320e-01 4.34601212e+00 8.65624785e-01 2.31086463e-01
  0.00000000e+00 2.90539718e+00 2.83226103e-01 2.53406072e+00
  3.75425506e+00 6.19520366e-01 7.19868898e-01 5.75186014e+00
  4.23317820e-01 0.00000000e+00 1.09985971e+00 6.11672783e+00
  0.00000000e+00 5.97038794e+00 1.11197464e-01 0.00000000e+00
  2.03048420e+00 2.20802517e+01 1.50105882e+00 0.00000000e+00
  1.05396318e+01 4.05181460e-02 2.58231688e+00 3.36388445e+00
  0.00000000e+00 2.37668917e-01 4.52595854e+00 1.94901735e-01
  4.92355883e-01 7.40429878e-01 0.00000000e+00 1.06289983e+00
  8.53848994e-01 1.06072760e+00 7.21014082e-01 1.58261046e-01
  0.00000000e+00 0.00000000e+00 2.95789146e+00 1.24385393e+00
  1.42934132e+00 0.00000000e+00 4.46790075e+00 5.77996683e+00
  0.00000000e+00 8.54189217e-01 1.64904106e+00 1.13216078e+00
  2.84389347e-01 2.51160717e+00 1.06566658e+01 3.85461926e+00
  8.28165948e-01 2.10153723e+00 9.54701006e-02 1.14878654e+00
  3.91769385e+00 6.87381427e-04 1.38440967e+00 1.67292011e+00
  8.20488167e+00 5.65615845e+00 4.86641824e-01 1.21485047e-01
  0.00000000e+00 0.00000000e+00 2.62356257e+00 4.81919575e+00
  3.19227505e+00 5.44772029e-01 7.92694283e+00 1.52034149e-01
  3.20222878e+00 4.33390570e+00 4.10569876e-01 1.83867469e-01
  3.35998869e+00 3.36040467e-01 7.56927109e+00 5.51447347e-02
  2.18270004e-01 7.99927950e+00 4.78786938e-02 5.20143569e-01
  1.11260509e+00 7.35642433e-01 2.01068856e-02 4.96252060e+00
  1.40873981e+00 1.10904799e+01 1.16688155e-01 0.00000000e+00
  3.17521238e+00 1.52752888e+00 9.69763160e-01 1.02365464e-01
  1.06307471e+00 1.26275702e+01 1.45410752e+00 3.22782564e+00
  2.58066726e+00 1.99146628e-01 1.50888872e+00 3.75813723e+00
  1.09590161e+00 0.00000000e+00 2.83690810e-01 2.74485755e+00
  7.34169722e+00 2.92668283e-01 6.08386278e+00 5.18787086e-01
  5.78994811e-01 2.05883074e+00 3.75327849e+00 3.20577765e+00
  9.78303313e-01 2.28200722e+00 2.49939728e+00 2.43479729e+00
  2.54730248e+00 0.00000000e+00 2.86598992e+00 7.30006397e-01
  1.09513056e+00 8.76038742e+00 8.25519657e+00 7.92684889e+00
  2.60321915e-01 1.85908413e+00 5.65580702e+00 6.51606083e+00
  2.45780110e+00 1.31815262e+01 1.17048302e+01 2.74226880e+00
  2.64986706e+00 1.80819964e+00 3.06681013e+00 4.95714045e+00
  1.76351774e+00 3.81535149e+00 1.76275039e+00 8.34207356e-01
  9.55473304e-01 9.48344767e-01 2.89734793e+00 9.79150581e+00
  4.08694297e-01 0.00000000e+00 6.90670609e-02 6.65872812e+00
  1.47043533e+01 0.00000000e+00 3.42093945e+00 7.61865091e+00
  8.01722145e+00 1.55245936e+00 3.65557170e+00 1.67859745e+00
  1.42105389e+01 6.84648085e+00 2.92553282e+00 2.09339952e+00
  4.36859083e+00 3.28415704e+00 4.01436388e-01 1.90161014e+00
  5.04928923e+00 5.91848421e+00 1.08981133e+01 6.68265283e-01
  3.00278485e-01 5.92341661e-01 3.37418962e+00 1.62207812e-01
  7.68831539e+00 5.20961523e-01 1.08379757e+00 1.25815117e+00
  1.30391017e-01 3.74361682e+00 3.21622896e+00 1.34230256e-01
  9.43367541e-01 1.44963670e+00 6.07902631e-02 0.00000000e+00
  1.54721534e+00 2.77277797e-01 7.13248110e+00 0.00000000e+00
  5.69678068e+00 1.84460926e+00 9.06177521e-01 2.34122443e+00
  3.83303618e+00 0.00000000e+00 2.40050375e-01 2.60332990e+00
  9.78778005e-01 1.31981659e+00 2.32497740e+00 1.03761387e+01
  2.21607471e+00 1.57111340e+01 5.84730268e-01 5.06383181e+00
  1.03863680e+00 2.15762949e+00 3.10471702e+00 1.92238307e+00
  4.73765421e+00 7.62930298e+00 5.99375439e+00 4.04202282e-01
  1.94199491e+00 9.25526237e+00 0.00000000e+00 4.36089706e+00
  6.23181224e-01 2.70387244e+00 5.61055946e+00 1.91472149e+00
  2.29375315e+00 2.92724395e+00 1.64386705e-01 2.04812312e+00
  9.40984309e-01 1.68715274e+00 0.00000000e+00 0.00000000e+00
  5.78129530e+00 5.01636219e+00 1.57250321e+00 1.94625035e-01
  8.77456427e-01 2.00865722e+00 1.12575269e+00 2.52238441e+00
  3.30986190e+00 9.59170699e-01 2.18055558e+00 2.62730390e-01
  9.91246879e-01 4.41840696e+00 4.80742097e-01 1.50114834e+00
  2.79298091e+00 0.00000000e+00 3.57276344e+00 0.00000000e+00
  3.56017756e+00 1.28150237e+00 2.16595459e+01 4.66380548e+00
  1.87163368e-01 1.08850323e-01 2.15124488e-01 5.62528133e+00
  3.59325051e+00 8.46191123e-02 1.42996836e+00 4.51412773e+00
  5.54002762e-01 6.35238349e-01 7.32901514e-01 7.52573442e+00
  8.26120949e+00 1.70221496e+00 3.54690552e+00 3.88805056e+00
  4.15889263e+00 2.67216063e+00 2.78450227e+00 6.83376193e-02
  1.47819996e+00 5.64203358e+00 2.16101766e+00 2.53484106e+00
  1.08072443e+01 3.57720518e+00 5.37824059e+00 1.81333303e+00
  5.07114410e+00 3.45539927e+00 2.64302683e+00 3.35535550e+00
  3.36932445e+00 1.14358206e+01 9.00682092e-01 2.74234319e+00
  5.70947945e-01 2.33187938e+00 1.87756047e-02 1.58197224e+00
  0.00000000e+00 1.43937731e+00 6.69691610e+00 6.21306539e-01
  0.00000000e+00 3.85501909e+00 1.41552234e+00 2.04928899e+00
  2.29056501e+00 1.99299622e+00 2.82964373e+00 4.91423941e+00
  2.98634028e+00 2.39796638e+00 9.14941025e+00 5.31680965e+00
  1.03463280e+00 2.40424991e+00 5.54109859e+00 1.01420059e+01
  1.66601002e+00 4.11771727e+00 9.70373440e+00 7.85126877e+00
  2.37061381e+00 5.74249387e-01 1.00012958e+00 3.70389915e+00
  4.61110562e-01 5.17924666e-01 1.82863569e+00 9.10020947e-01
  1.69205177e+00 1.45706728e-01 4.60680008e-01 5.37816525e+00
  2.20573115e+00 1.38625491e+00 2.36804843e+00 6.62605464e-01
  1.98735133e-01 8.94763887e-01 2.59156644e-01 3.03169441e+00
  1.70831048e+00 5.44171095e-01 1.17090416e+00 1.00330897e-01
  7.81402349e+00 3.82965374e+00 3.53707004e+00 5.55485189e-01
  1.41511545e-01 1.42877960e+00 1.38630354e+00 2.36108854e-01
  0.00000000e+00 3.58377963e-01 0.00000000e+00 3.93224001e-01
  2.25955367e+00 2.90347528e+00 4.07169247e+00 5.53731155e+00
  5.67970693e-01 1.07090330e+01 3.89069629e+00 2.29943290e-01
  4.54337883e+00 2.01283908e+00 9.25338459e+00 3.46603930e-01
  1.09369844e-01 6.35976219e+00 5.61338425e+00 6.09630871e+00
  1.07264853e+00 0.00000000e+00 9.51949024e+00 8.19057083e+00
  1.15298307e+00 3.76158977e+00 9.05635929e+00 2.92682123e+00
  0.00000000e+00 9.15828133e+00 3.69824857e-01 2.17488480e+00
  2.68837714e+00 3.12130904e+00 1.92528856e+00 1.47196555e+00
  1.25957890e+01 4.40257758e-01 1.18246021e+01 8.36530495e+00
  5.13813448e+00 9.24915504e+00 4.84371424e+00 1.12891865e+00
  1.11718988e+00 4.66974406e-03 4.86464643e+00 3.28587127e+00]]