[[4.45389181e-01 3.50128055e+00 7.90336449e-03 7.95865834e-01
  1.65432215e+00 4.19516182e+00 2.67282724e+00 1.61055386e-01
  6.24747324e+00 1.08160603e+00 3.09533715e-01 4.06138277e+00
  2.31614447e+00 3.19392651e-01 5.47197200e-02 1.21129978e+00
  8.81313860e-01 2.45693445e+00 3.08124512e-01 1.46864200e+00
  2.57611442e+00 2.01391678e+01 3.07027608e-01 0.00000000e+00
  3.37887883e+00 5.54062891e+00 1.87932599e+00 3.06048822e+00
  1.50495660e+00 4.14514208e+00 1.30988789e+00 1.34619093e+00
  1.70785010e+00 2.69939709e+00 4.55172122e-01 2.48252735e-01
  2.67813826e+00 6.30722523e-01 3.25505167e-01 1.76325476e+00
  4.40573120e+00 1.00028849e+00 6.34672022e+00 4.00590563e+00
  7.84244108e+00 4.80303794e-01 2.92665315e+00 2.80830320e-02
  1.98884571e+00 5.37488043e-01 7.24032021e+00 3.99194217e+00
  2.01085657e-01 5.37679100e+00 5.29644442e+00 2.39753151e+00
  1.57353497e+00 5.81627607e+00 2.18551016e+00 5.56172132e-01
  8.83398652e-01 0.00000000e+00 6.23276997e+00 1.68349147e+00
  0.00000000e+00 2.31142759e+00 7.91360378e-01 0.00000000e+00
  0.00000000e+00 7.53016412e-01 5.57741821e-01 8.39704037e-01
  5.93228626e+00 7.19934702e+00 3.47146177e+00 0.00000000e+00
  1.14603238e-02 0.00000000e+00 6.11351788e-01 1.99405062e+00
  4.66519773e-01 1.12969720e+00 2.27257466e+00 0.00000000e+00
  9.83182430e+00 4.25290346e-01 2.72559071e+00 2.34938121e+00
  5.23306084e+00 0.00000000e+00 7.35814929e-01 4.82077450e-02
  0.00000000e+00 7.48692334e-01 4.59659845e-01 0.00000000e+00
  4.97826636e-02 1.61488652e+00 6.40298271e+00 8.43144798e+00
  2.59621906e+00 9.82509553e-02 4.32376432e+00 1.06462898e+01
  0.00000000e+00 1.80803013e+00 3.79338600e-02 3.14419687e-01
  0.00000000e+00 1.33407199e+00 0.00000000e+00 2.49705577e+00
  4.00442779e-02 4.71993065e+00 5.63458204e-01 1.39487773e-01
  5.94822836e+00 8.82309556e-01 9.82654393e-01 3.00226641e+00
  0.00000000e+00 3.48832273e+00 0.00000000e+00 9.62200642e+00
  2.88712710e-01 3.18955898e+00 0.00000000e+00 3.18625644e-02
  2.05136395e+00 6.42503214e+00 4.60580915e-01 0.00000000e+00
  1.88947284e+00 9.22466516e-01 1.25313342e-01 3.59459567e+00
  7.98679590e-02 5.83927929e-01 6.32144117e+00 2.49867940e+00
  0.00000000e+00 0.00000000e+00 2.01054287e+00 8.28797340e-01
  5.14550877e+00 6.20898604e-01 6.92765057e-01 3.78038138e-01
  2.58849226e-02 0.00000000e+00 9.19263554e+00 5.97879887e-01
  9.46463943e-02 0.00000000e+00 3.23443860e-02 3.23519874e+00
  6.82753503e-01 2.09423661e+00 6.10019732e+00 2.87591778e-02
  1.03973905e-02 1.37275803e+00 4.23201370e+00 4.09352839e-01
  7.44827986e-01 4.01356030e+00 1.95987508e-01 3.24762797e+00
  5.10491705e+00 4.18344736e+00 2.58316326e+00 2.87222481e+00
  2.66901851e+00 6.78856492e-01 9.17675421e-02 2.15990281e+00
  0.00000000e+00 3.50705177e-01 1.51003456e+00 1.31059284e+01
  6.73985577e+00 0.00000000e+00 6.32453251e+00 3.94180447e-01
  0.00000000e+00 6.79711753e-04 3.73417449e+00 8.26292396e-01
  4.04555941e+00 1.25224674e+00 3.58571911e+00 5.94082661e-03
  1.99346375e+00 8.41492081e+00 0.00000000e+00 1.00075686e+00
  4.62363549e-02 1.12075520e+00 4.45014298e-01 2.97978252e-01
  2.12184787e+00 4.73977327e+00 5.78022897e-02 3.99769616e+00
  4.17242944e-02 2.17337322e+00 0.00000000e+00 1.50295913e-01
  0.00000000e+00 1.17319899e+01 2.00403833e+00 2.41861835e-01
  6.17224276e-01 0.00000000e+00 1.14880097e+00 2.25784197e-01
  0.00000000e+00 7.45124102e-01 2.08235097e+00 3.26988101e+00
  2.02669072e+00 1.57055569e+00 2.00296426e+00 1.65835941e+00
  6.30868614e-01 1.20297956e+00 1.58018693e-01 7.99619377e-01
  3.97590613e+00 4.25165176e+00 2.34678447e-01 2.02981806e+00
  2.98136187e+00 7.45560169e-01 2.59313059e+00 5.39454758e-01
  1.55451417e+00 1.78880966e+00 3.51735401e+00 1.11460199e+01
  1.50566566e+00 5.01095712e-01 3.00181961e+00 2.67120457e+00
  5.02898979e+00 1.63271942e+01 5.90819359e+00 4.12604523e+00
  2.75322962e+00 8.77885759e-01 2.92799401e+00 2.26322794e+00
  5.71775961e+00 1.04026639e+00 4.39548683e+00 9.03637230e-01
  2.05691485e-03 3.26657128e+00 2.80147433e+00 3.50317883e+00
  0.00000000e+00 0.00000000e+00 0.00000000e+00 4.87279922e-01
  5.03039598e+00 2.95693249e-01 2.32863379e+00 1.10620327e+01
  1.48943019e+00 0.00000000e+00 6.46075916e+00 0.00000000e+00
  1.03095627e+01 1.14962077e+00 9.73502517e-01 1.15945804e+00
  1.16551685e+01 8.83710459e-02 4.74996120e-02 3.52208567e+00
  1.27962074e+01 1.27357264e+01 2.47858620e+01 0.00000000e+00
  5.21306172e-02 2.86722451e-01 2.45965958e+00 0.00000000e+00
  2.25624514e+00 6.85397089e-01 1.94266811e-01 1.72355235e+00
  2.61591697e+00 8.42972755e+00 2.08144546e+00 2.12310538e-01
  3.01072001e+00 2.86490750e+00 0.00000000e+00 1.10862851e-01
  6.32784795e-03 4.13680643e-01 5.59041500e+00 1.65658319e+00
  9.84801531e-01 4.77642983e-01 2.48710918e+00 7.76811790e+00
  4.46998447e-01 0.00000000e+00 7.31650054e-01 3.08549464e-01
  9.82518315e-01 0.00000000e+00 4.04726458e+00 2.28074265e+00
  1.09786463e+00 9.30333614e+00 4.18893546e-01 5.78895330e-01
  4.43867970e+00 5.37346303e-01 7.71097600e-01 1.17252931e-01
  7.50623405e-01 2.94601917e+00 1.92520654e+00 7.05530286e-01
  4.48420614e-01 1.09949660e+00 2.73242295e-01 5.04749393e+00
  2.83074737e+00 1.03365493e+00 2.16847515e+00 2.80518550e-02
  1.72698152e+00 1.95331383e+00 3.00003219e+00 2.48507038e-02
  2.48107985e-02 2.87183553e-01 1.17513120e-01 8.37468624e+00
  3.27416587e+00 4.48001432e+00 2.03431416e+00 0.00000000e+00
  7.33724236e-02 1.71788955e+00 8.97419676e-02 3.37244129e+00
  1.42096594e-01 0.00000000e+00 9.96926427e-01 2.36259103e+00
  2.15976739e+00 1.10626769e+00 2.83294773e+00 0.00000000e+00
  1.22128642e+00 0.00000000e+00 5.05113935e+00 1.35305911e-01
  6.04723787e+00 4.64903212e+00 2.58503342e+00 4.49478865e+00
  2.94788241e-01 1.00110168e+01 4.92038839e-02 3.89661598e+00
  1.97909534e+00 0.00000000e+00 3.27303827e-01 2.64591908e+00
  5.31320751e-01 1.60319328e-01 7.78565454e+00 2.06134462e+00
  1.06599438e+00 3.85320401e+00 5.81018806e-01 2.41925764e+00
  4.04291916e+00 1.78011060e-01 8.61375332e-01 0.00000000e+00
  1.40299380e+00 1.57633376e+00 3.16257310e+00 6.63773835e-01
  1.08199396e+01 5.21067238e+00 0.00000000e+00 2.31025028e+00
  2.36081123e-01 2.33654857e+00 4.99571037e+00 7.21483409e-01
  9.59841132e-01 7.49219322e+00 1.65946901e+00 8.49821091e+00
  7.17155600e+00 6.32921278e-01 1.53130591e-01 3.44611168e+00
  3.58382702e-01 2.27999401e+00 7.45242691e+00 2.01951241e+00
  0.00000000e+00 3.44457316e+00 5.08245802e+00 5.79386577e-02
  5.81264317e-01 1.68095350e+00 2.72762370e+00 2.17482805e+00
  1.13550675e+00 1.07466435e+00 3.01767063e+00 5.51325464e+00
  1.00061126e-01 1.46278274e+00 4.89876211e-01 2.65129733e+00
  3.81850410e+00 0.00000000e+00 2.93069983e+00 2.47943416e-01
  7.54504347e+00 1.10179901e+00 3.11048245e+00 3.68319821e+00
  0.00000000e+00 1.79396138e-01 2.32605720e+00 1.47622681e+00
  0.00000000e+00 0.00000000e+00 9.34398547e-02 1.60403097e+00
  1.97916114e+00 7.69856513e-01 6.14235520e-01 1.20111078e-01
  1.58795285e+00 2.40655705e-01 5.94795465e+00 3.24028397e+00
  4.46333170e+00 1.13719320e+00 6.09098077e-01 2.75545788e+00
  1.71100521e+01 3.60291123e+00 8.75117853e-02 6.64831114e+00
  6.20541930e-01 3.16075730e+00 3.23869801e+00 8.13073516e-01
  0.00000000e+00 0.00000000e+00 1.49493933e-01 6.94100380e-01
  1.11953139e+00 1.14743757e+00 1.44907689e+00 1.04451561e+00
  2.04618859e+00 1.42163343e+01 3.71497893e+00 0.00000000e+00
  5.14373112e+00 2.02081871e+00 5.40573263e+00 5.25844574e-01
  0.00000000e+00 2.15351060e-01 3.13078016e-01 9.99734938e-01
  0.00000000e+00 4.42535973e+00 3.35409713e+00 6.24862850e-01
  4.17356223e-01 3.95438284e-01 4.11556864e+00 4.70498610e+00
  0.00000000e+00 4.93229342e+00 6.99282169e-01 3.89472795e+00
  1.77432454e+00 8.49762440e+00 4.13432211e-01 3.15656155e-01
  1.16326008e+01 1.90891266e+00 7.13676929e+00 8.58442211e+00
  7.92094517e+00 1.58571661e+00 4.06732035e+00 8.46298277e-01
  0.00000000e+00 8.91961679e-02 3.46744251e+00 2.97913760e-01]]