[[1.09570706e+00 1.95982420e+00 5.88365197e-01 3.77709723e+00
  0.00000000e+00 1.29555120e+01 4.34712791e+00 1.02177773e+01
  2.53892732e+00 0.00000000e+00 7.45300889e-01 4.41779852e+00
  4.05981207e+00 2.38807416e+00 0.00000000e+00 7.43752003e+00
  2.43775654e+00 5.56327581e-01 4.90540886e+00 2.95048141e+00
  5.17149782e+00 1.06884489e+01 1.04507737e-01 8.19198036e+00
  5.82235217e-01 6.71337080e+00 1.98045409e+00 1.01878328e+01
  2.90911865e+00 1.28077662e+00 3.14197242e-01 2.97500920e+00
  6.67585039e+00 1.00043535e+00 3.78021777e-01 1.23121046e-01
  3.72645736e-01 6.58325911e-01 4.30366564e+00 5.59130669e+00
  1.31628189e+01 9.45072714e-03 5.18086243e+00 5.06638432e+00
  9.20238554e-01 2.74210739e+00 2.21777272e+00 8.09912980e-02
  1.57040262e+00 2.67651582e+00 2.41201639e+00 6.48576736e+00
  5.38603485e-01 1.78202915e+00 7.97798634e+00 4.73902655e+00
  9.12054825e+00 1.50649941e+00 6.60091341e-01 0.00000000e+00
  3.97121096e+00 1.55942976e+00 6.97491598e+00 8.65054035e+00
  0.00000000e+00 7.27215385e+00 3.43862987e+00 1.36737514e+00
  2.75534391e+00 1.09670057e+01 7.74600923e-01 2.28309059e+00
  4.21374512e+00 8.05463314e+00 5.32638490e-01 4.72428352e-01
  2.46663727e-02 2.34616423e+00 6.15285635e+00 1.74768770e+00
  1.56240955e-01 1.98639572e+00 5.04899025e-01 2.54260778e-01
  6.84061337e+00 1.16550422e+00 3.91754246e+00 2.23950458e+00
  2.06712770e+00 1.26330030e+00 3.92922854e+00 1.55889177e+00
  5.08169234e-01 4.64637136e+00 3.06194139e+00 4.42782432e-01
  3.13654685e+00 1.46778774e+00 5.87982416e-01 3.89993310e+00
  2.87553787e+00 4.63949633e+00 2.39499831e+00 1.09804401e+01
  3.12311745e+00 3.11886764e+00 1.11874604e+00 5.77908158e-01
  7.64212251e-01 6.53252423e-01 3.48573375e+00 2.21058488e+00
  6.15158272e+00 3.54518008e+00 2.23938540e-01 0.00000000e+00
  6.23448944e+00 8.79700303e-01 1.31308401e+00 4.17586517e+00
  1.35559484e-01 8.50340068e-01 7.35443413e-01 3.34246349e+00
  5.57801676e+00 1.00000257e+01 0.00000000e+00 3.07299256e-01
  6.01277399e+00 6.64774752e+00 1.08169520e+00 2.89368868e+00
  7.03302813e+00 4.30526590e+00 4.50000858e+00 4.36552143e+00
  1.28894651e+00 2.90431142e+00 8.59711766e-01 4.90543008e-01
  9.46002483e+00 4.14322108e-01 2.22169936e-01 4.26862288e+00
  1.08264470e+00 1.57805014e+00 4.63223171e+00 0.00000000e+00
  1.19038796e+00 6.34047318e+00 2.63703394e+00 4.10827684e+00
  3.04145408e+00 3.36949277e+00 1.14928639e+00 1.27332318e+00
  5.68040943e+00 1.38200366e+00 2.49241638e+00 7.02664733e-01
  5.89256398e-02 4.20212841e+00 3.56871247e+00 1.56324372e-01
  3.56500363e+00 4.14386559e+00 2.76366854e+00 1.71039999e+00
  2.86877714e-02 1.93306530e+00 2.75776148e-01 6.02222109e+00
  6.63961315e+00 2.22029686e+00 2.08242607e+00 4.37696362e+00
  2.40740442e+00 7.10026503e+00 3.68264246e+00 1.37524958e+01
  6.86690617e+00 1.57844186e+00 2.56037331e+00 2.75402099e-01
  1.02937870e+01 1.11497629e+00 4.02898502e+00 1.29489672e+00
  9.69835341e-01 7.12410212e+00 2.63219285e+00 7.45514631e-02
  4.04546827e-01 5.91405010e+00 0.00000000e+00 0.00000000e+00
  2.54923487e+00 3.63523769e+00 6.02361262e-01 0.00000000e+00
  2.61293530e+00 9.37998581e+00 8.46075726e+00 1.52467206e-01
  3.39618087e+00 1.54484308e+00 7.18235970e-01 3.17191958e+00
  7.01714277e-01 5.53581476e+00 2.95000935e+00 6.18370914e+00
  9.79741991e-01 2.41727614e+00 3.78802299e+00 9.21578526e-01
  7.68696547e+00 0.00000000e+00 6.31836116e-01 1.07983124e+00
  9.86483991e-01 3.38215041e+00 4.49187040e+00 1.61604434e-01
  1.44420862e-01 7.16255569e+00 2.64074183e+00 1.75270402e+00
  2.20735598e+00 1.43099964e+00 8.10150146e-01 1.93029737e+00
  1.35294127e+00 9.13968325e-01 2.97965795e-01 2.41454887e+00
  4.51040506e+00 1.39670734e+01 1.15014877e+01 3.01331687e+00
  3.66727400e+00 7.63160706e-01 4.10692883e+00 3.03254771e+00
  4.62938833e+00 7.31230450e+00 3.61138511e+00 4.98789215e+00
  8.32622111e-01 1.08031511e+00 5.11926508e+00 0.00000000e+00
  0.00000000e+00 4.45484447e+00 6.09250355e+00 2.10013437e+00
  2.67023945e+00 1.54292059e+00 9.18563068e-01 5.50296402e+00
  3.46069217e+00 3.13825774e+00 1.41726446e+00 1.49271717e+01
  5.36691475e+00 2.40362310e+00 2.66937685e+00 3.05820990e+00
  6.83003473e+00 0.00000000e+00 1.86809957e+00 0.00000000e+00
  5.25251722e+00 2.90425324e+00 2.57531095e+00 1.83020389e+00
  9.06116295e+00 3.03393531e+00 8.04331112e+00 2.35636663e+00
  1.33906460e+01 4.00908709e+00 1.50099201e+01 3.14768314e-01
  2.92454869e-01 0.00000000e+00 2.52807283e+00 6.27472925e+00
  4.40745926e+00 2.53133059e+00 2.08075881e+00 7.07529116e+00
  3.67522538e-01 1.24669480e+00 2.92456889e+00 1.08274374e+01
  9.83938515e-01 3.39615297e+00 6.88400567e-01 0.00000000e+00
  3.86679769e+00 7.49855185e+00 2.33243680e+00 3.63600761e-01
  5.71705246e+00 1.26042640e+00 8.37269115e+00 2.20098555e-01
  2.89242649e+00 5.15687275e+00 2.91097856e+00 4.99777257e-01
  2.82625109e-01 1.03429718e+01 1.23710370e+00 2.60757685e+00
  1.06237817e+00 1.42077723e+01 6.22925854e+00 4.96426344e-01
  5.00174332e+00 3.40137625e+00 1.43561721e+00 8.89924812e+00
  1.40185070e+00 8.92119026e+00 7.18117332e+00 2.95927334e+00
  7.53417015e+00 3.77239394e+00 1.15661013e+00 8.72763824e+00
  1.24091899e+00 7.92879772e+00 2.79844356e+00 1.97183895e+01
  0.00000000e+00 4.29959488e+00 8.88374233e+00 3.85010457e+00
  9.64169598e+00 0.00000000e+00 7.23505914e-01 0.00000000e+00
  1.47399867e+00 2.22911954e+00 6.71874225e-01 1.06351590e+00
  5.38997412e-01 1.19757092e+00 8.13454986e-01 8.52629185e+00
  0.00000000e+00 1.04840672e+00 1.13801014e+00 2.59863585e-01
  1.04698978e-01 1.00559092e+01 3.09383655e+00 4.80880260e-01
  3.06668377e+00 5.08057070e+00 1.11912956e+01 9.51610851e+00
  2.96481204e+00 6.24164391e+00 1.06462088e+01 3.19881678e-01
  7.60787487e+00 0.00000000e+00 3.27280974e+00 7.90865278e+00
  9.25791204e-01 4.85290557e-01 6.90964341e-01 1.53620112e+00
  4.55620050e-01 3.60790420e+00 3.40752125e-01 6.29156971e+00
  5.94460583e+00 1.25988569e+01 2.80242300e+00 2.88917041e+00
  6.29019642e+00 1.40296686e+00 1.16528380e+00 1.22572267e+00
  2.32550144e+00 2.02870190e-01 6.30917788e-01 3.35427952e+00
  4.70579290e+00 1.87187243e+00 1.16575325e+00 2.63203681e-01
  2.69089675e+00 3.58758211e+00 7.51366234e+00 1.88253748e+00
  1.43578756e+00 3.57640481e+00 6.67291498e+00 4.72205591e+00
  1.25381603e+01 1.70325994e+00 4.31116641e-01 2.12511206e+00
  3.87356734e+00 2.78832889e+00 2.86367869e+00 7.09689260e-01
  0.00000000e+00 5.41441381e-01 3.13204944e-01 1.38723147e+00
  2.00952387e+00 6.95637167e-01 3.08763891e-01 6.73967552e+00
  1.30033588e+00 1.79355070e-01 9.27772701e-01 6.15075731e+00
  1.29392326e+00 3.21515584e+00 1.58141422e+00 6.77183676e+00
  1.22226038e+01 6.71941459e-01 9.05962372e+00 2.15729332e+00
  7.04996300e+00 1.00465381e+00 2.22632837e+00 6.18009567e+00
  2.69911075e+00 6.61261415e+00 3.21184254e+00 2.43840471e-01
  2.57061791e+00 5.48310137e+00 2.49844837e+00 7.83269596e+00
  9.23426437e+00 2.76203823e+00 9.87131500e+00 4.18515015e+00
  1.40532807e-01 5.96129513e+00 6.85121953e-01 3.52303243e+00
  7.18573570e-01 5.62373638e+00 1.18650913e+00 4.47698450e+00
  3.96781802e+00 9.31437373e-01 2.28594884e-01 1.76396980e+01
  2.28359151e+00 1.36160839e+00 2.12734318e+00 1.91285765e+00
  8.30226064e-01 3.67593622e+00 7.83968735e+00 7.84437180e+00
  9.69873238e+00 2.99937911e-02 8.81035149e-01 2.13104796e+00
  9.88185585e-01 1.02213001e+01 1.88587916e+00 1.77396655e+00
  9.92825478e-02 1.97033596e+00 4.21767807e+00 2.00421715e+00
  6.64966643e-01 1.52167797e+00 6.28906190e-01 9.28283691e-01
  3.90335135e-02 1.28235149e+00 4.44532537e+00 1.04828425e-01
  4.79619884e+00 1.76186696e-01 3.09434605e+00 3.72258335e-01
  4.98929167e+00 7.72433662e+00 4.51112318e+00 8.66021633e-01
  6.86596489e+00 6.10774755e+00 1.28810012e+00 2.93209314e+00
  9.35929298e+00 6.56745434e-01 5.02096415e+00 1.22702777e+00
  6.08381557e+00 1.71666670e+00 1.34436932e+01 1.16609228e+00
  3.35789919e+00 4.13015270e+00 5.12510920e+00 4.47099257e+00]]