[[0.00000000e+00 7.67520487e-01 3.05747211e-01 0.00000000e+00
  5.26952408e-02 2.18526745e+00 2.62379551e+00 3.35787326e-01
  1.18922698e+00 1.06760752e+00 1.35115981e+00 1.08622634e+00
  1.25605547e+00 2.08519340e+00 3.58698145e-02 1.68561494e+00
  1.71043813e+00 3.93269986e-01 1.74623013e+00 5.76725626e+00
  1.54370522e+00 1.05855885e+01 1.62421060e+00 1.77233541e+00
  2.13918835e-01 9.85173416e+00 2.19693923e+00 3.39139104e+00
  2.30569577e+00 2.36351252e-01 1.03529938e-01 3.64243555e+00
  3.29765797e-01 7.14255869e-02 6.42305970e-01 5.50267458e-01
  2.65385103e+00 1.86954558e-01 3.30943131e+00 4.11635351e+00
  1.80012150e+01 2.14072943e+00 6.97138906e-01 5.44980335e+00
  1.61330685e-01 1.36269480e-01 4.35670948e+00 2.29055595e+00
  2.87534499e+00 5.96387684e-01 1.45327866e-01 2.34509969e+00
  1.05131783e-01 3.25733781e+00 2.02414408e-01 1.01566422e+00
  2.70215964e+00 2.21128774e+00 3.09917331e+00 5.37420452e-01
  0.00000000e+00 0.00000000e+00 3.51410818e+00 4.34664679e+00
  6.02199256e-01 1.57189751e+00 2.56673455e+00 6.51013911e-01
  9.05173048e-02 5.03530562e-01 4.84210396e+00 4.74343634e+00
  0.00000000e+00 9.79238701e+00 5.94672775e+00 3.49805683e-01
  2.64820039e-01 0.00000000e+00 2.07583830e-01 6.57434130e+00
  0.00000000e+00 1.52554524e+00 2.07025623e+00 1.47403896e-01
  4.02820969e+00 2.33569264e+00 2.13465309e+00 1.57995570e+00
  1.31513631e+00 0.00000000e+00 4.11864948e+00 6.45081401e-02
  8.07505697e-02 1.01228726e+00 8.97164881e-01 8.71434212e-01
  5.36224902e-01 7.22153711e+00 2.42374182e+00 1.36166096e+01
  0.00000000e+00 0.00000000e+00 3.64672256e+00 3.10334802e-01
  4.60770816e-01 2.69665837e+00 7.57679284e-01 0.00000000e+00
  5.89410186e-01 0.00000000e+00 2.25361872e+00 3.69157910e-01
  2.91645795e-01 3.10266733e+00 1.45661402e+00 1.70062974e-01
  8.15792370e+00 3.23904896e+00 2.84390140e+00 2.97092462e+00
  6.57292843e-01 1.11149311e+00 0.00000000e+00 9.40443802e+00
  3.12475491e+00 3.60718012e-01 3.32211792e-01 0.00000000e+00
  6.36129558e-01 5.69399214e+00 0.00000000e+00 1.63604820e+00
  3.51900071e-01 2.42791042e-01 3.58550549e-01 2.47507596e+00
  1.38917828e+00 3.84837717e-01 2.77379179e+00 5.87328374e-01
  0.00000000e+00 3.16590011e-01 3.37255168e+00 7.06920004e+00
  3.79121482e-01 4.62342882e+00 1.22759199e+00 1.29369962e+00
  0.00000000e+00 7.27814257e-01 4.71782827e+00 1.01599336e+00
  6.47151887e-01 3.70894782e-02 2.05335212e+00 9.63198319e-02
  1.99520037e-01 6.54630184e+00 1.31740823e-01 9.54348519e-02
  2.86741704e-01 1.38416395e+01 7.52030039e+00 2.79359907e-01
  2.02234077e+00 7.22080529e-01 0.00000000e+00 4.81999874e-01
  1.70956016e+00 6.13228202e-01 2.95698404e-01 3.42809224e+00
  4.42559958e+00 6.31269360e+00 0.00000000e+00 2.49427462e+00
  0.00000000e+00 1.48172927e+00 5.28936625e+00 8.17683995e-01
  3.34183741e+00 1.51161551e-01 2.02507114e+00 0.00000000e+00
  1.82975602e+00 2.51014709e+00 3.19381142e+00 1.94364715e+00
  4.50375605e+00 3.61915493e+00 1.65706515e+00 1.62214041e+00
  1.37340605e-01 1.93719826e+01 2.92184837e-02 1.70365006e-01
  1.51296496e-01 5.95698643e+00 4.19791669e-01 0.00000000e+00
  1.85114694e+00 2.34306645e+00 9.11143839e-01 6.21282530e+00
  5.16038275e+00 2.21103716e+00 8.91837757e-03 2.03128576e+00
  1.49545503e+00 8.77806187e+00 4.40067291e+00 3.79516029e+00
  0.00000000e+00 2.76644206e+00 1.99863803e+00 1.90672472e-01
  0.00000000e+00 0.00000000e+00 5.26545525e-01 8.55689704e-01
  7.64788315e-02 1.64755821e+01 0.00000000e+00 0.00000000e+00
  6.79244614e+00 1.15536821e+00 6.93121329e-02 2.18162060e+00
  0.00000000e+00 3.45946932e+00 7.83857286e-01 3.11212802e+00
  4.95010108e-01 2.03027678e+00 1.61729548e-02 1.39285803e+00
  3.36574483e+00 4.50755024e+00 2.95110703e+00 1.02092075e+00
  1.12334943e+00 1.79439461e+00 8.68968725e-01 9.59066391e+00
  1.26845610e+00 5.71892977e+00 6.20741987e+00 2.96578407e+00
  2.79301435e-01 4.48670721e+00 8.92712975e+00 2.62122024e-02
  5.63079071e+00 5.85580873e+00 4.87207985e+00 0.00000000e+00
  3.89737630e+00 0.00000000e+00 1.06258640e+01 1.01517856e+00
  0.00000000e+00 9.54901814e-01 1.25550783e+00 2.00369526e-02
  1.71282399e+00 0.00000000e+00 1.56617165e-03 2.99779147e-01
  9.12436485e+00 3.18759847e+00 2.81395245e+00 0.00000000e+00
  0.00000000e+00 5.79605913e+00 3.21867585e+00 2.57932186e-01
  6.91217232e+00 2.90357232e-01 3.24806422e-01 1.73516369e+00
  1.05257397e+01 4.91746283e+00 1.04972277e+01 2.49170512e-01
  1.41328192e+00 0.00000000e+00 3.02357292e+00 1.13160443e+00
  4.85561180e+00 2.63856936e+00 1.32983863e+00 2.15336204e+00
  2.74141908e-01 1.35116935e+00 3.24702168e+00 6.01431966e-01
  3.77967238e+00 2.42513329e-01 1.49605775e+00 3.62399280e-01
  8.37031174e+00 9.25272107e-01 5.81482315e+00 1.05043066e+00
  2.16839522e-01 1.60722390e-01 3.92772704e-01 1.38823092e+00
  1.48439443e+00 3.89795303e+00 1.42093778e+00 1.45051718e+00
  1.12152171e+00 5.87782025e-01 1.41435385e-01 1.15006340e+00
  2.36381626e+00 1.18849640e+01 9.17993903e-01 3.17412519e+00
  3.26184988e-01 3.88600731e+00 1.78449392e+00 0.00000000e+00
  3.12187850e-01 6.11463404e+00 2.13944387e+00 0.00000000e+00
  1.99898744e+00 4.09583420e-01 1.68141389e+00 3.60051799e+00
  3.36219043e-01 1.94375038e+00 3.65080571e+00 1.88834298e+00
  3.74881601e+00 2.70139551e+00 7.10789156e+00 2.99418926e+00
  2.11279178e+00 0.00000000e+00 4.87319320e-01 3.01294684e+00
  2.49488449e+00 1.28738558e+00 6.02777183e-01 0.00000000e+00
  4.95350622e-02 1.57100692e-01 0.00000000e+00 2.33895230e+00
  1.43606290e-01 5.22694170e-01 4.06344652e+00 3.02226275e-01
  1.80442059e+00 1.31495237e+01 2.14759898e+00 9.74496126e-01
  6.82571030e+00 0.00000000e+00 1.92141223e+00 1.02630115e+00
  5.16279554e+00 3.24675351e-01 1.38866854e+01 0.00000000e+00
  5.05419791e-01 0.00000000e+00 1.09049344e+00 1.88656271e+00
  5.89877009e-01 1.57806084e-01 2.19700241e+00 2.56883407e+00
  1.10520482e+00 0.00000000e+00 5.14923155e-01 1.20164299e+00
  1.58199394e+00 1.35984755e+00 1.39323696e-02 3.18224812e+00
  2.41594386e+00 0.00000000e+00 4.95422697e+00 6.73609367e-03
  5.75360954e-01 5.07928514e+00 5.28883696e-01 6.37280703e-01
  5.09900951e+00 3.08207273e+00 0.00000000e+00 3.69109631e-01
  5.01418054e-01 8.12841058e-02 1.86481583e+00 1.50817752e+00
  9.12843645e-01 2.08379974e+01 3.25781679e+00 1.68186665e+01
  7.11314774e+00 1.99577026e-02 3.10088009e-01 1.51615977e-01
  2.87204891e-01 2.49541283e-01 8.59343147e+00 2.81700432e-01
  0.00000000e+00 4.07122761e-01 1.41839314e+00 2.16367173e+00
  0.00000000e+00 7.83455908e-01 1.07139683e+00 0.00000000e+00
  0.00000000e+00 0.00000000e+00 5.70654869e-01 2.73815489e+00
  5.54876387e-01 0.00000000e+00 5.13524055e-01 2.27875257e+00
  4.23037863e+00 6.85267210e-01 5.24242830e+00 1.76559639e+00
  1.55131989e+01 5.69036484e-01 0.00000000e+00 4.59218073e+00
  9.43137705e-01 4.68850464e-01 3.79863113e-01 4.20804691e+00
  1.83421507e-01 4.52828616e-01 8.74894738e-01 4.00056534e+01
  2.90664482e+00 1.01290417e+00 1.45460522e+00 2.68709540e+00
  1.52952921e+00 2.73923665e-01 1.68373823e+00 3.46577263e+00
  4.88211632e+00 3.67767978e+00 2.55854279e-01 1.00439228e-02
  2.13363266e+00 3.17240691e+00 0.00000000e+00 2.95860887e+00
  2.78593445e+00 3.84910583e-01 1.74859309e+00 2.61397982e+00
  2.92205572e-01 0.00000000e+00 1.22182190e+00 4.76928115e-01
  1.01677442e+00 0.00000000e+00 1.41014948e-01 2.17595077e+00
  1.99293524e-01 7.05063486e+00 5.77576518e-01 6.44062877e-01
  1.31473780e+00 1.13083325e-01 1.19462147e-01 0.00000000e+00
  4.56200801e-02 0.00000000e+00 1.68843639e+00 2.14254117e+00
  2.13119531e+00 1.46020138e+00 1.87904012e+00 0.00000000e+00
  1.10436153e+00 1.71802133e-01 7.15301085e+00 1.32871640e+00
  2.37687379e-02 2.76008892e+00 2.17764974e+00 7.95458019e-01
  3.86225605e+00 6.55335236e+00 0.00000000e+00 2.65736639e-01
  3.09675312e+00 4.76311892e-01 0.00000000e+00 1.77501634e-01
  5.62012911e+00 0.00000000e+00 3.31604433e+00 4.92940140e+00
  9.99159932e-01 1.13799721e-01 5.33825517e-01 9.26177800e-01]]