[[7.45687366e-01 4.10222054e+00 2.35327220e+00 1.18003356e+00
  7.70867243e-02 3.51746470e-01 7.24382877e+00 2.92414880e+00
  3.90552431e-01 1.81968975e+00 1.14589405e+00 1.32180846e+00
  7.87718117e-01 1.97145537e-01 2.93335430e-02 1.12230024e+01
  7.60397375e-01 9.47783947e-01 2.01861501e+00 4.50623941e+00
  9.06397045e-01 9.32183170e+00 2.06299925e+00 3.03374600e+00
  9.51814079e+00 8.25897121e+00 1.04822195e+00 1.10820174e+00
  2.69407225e+00 1.12805772e+00 1.79806888e-01 3.11409116e+00
  1.78660059e+00 3.08415461e+00 1.72494337e-01 6.07027471e-01
  1.27257466e-01 4.75158393e-01 6.32156706e+00 2.32979560e+00
  4.64283705e+00 2.45719337e+00 1.40352988e+00 8.41511726e+00
  9.56034660e-01 0.00000000e+00 0.00000000e+00 2.93665385e+00
  5.98783302e+00 0.00000000e+00 5.78250599e+00 6.57412052e+00
  1.80340409e-01 1.16980743e+00 5.50661993e+00 7.10459995e+00
  1.31848395e+00 4.44720078e+00 8.33172023e-01 9.91938077e-03
  2.97148108e+00 0.00000000e+00 6.57946968e+00 3.41609597e-01
  0.00000000e+00 3.21457773e-01 9.41545963e-01 4.16840219e+00
  3.14487982e+00 3.23974013e+00 1.35205050e+01 5.55566490e-01
  1.49410093e+00 1.38458729e+00 2.53136563e+00 1.65976870e+00
  1.53065443e+00 3.44466299e-01 1.65457800e-01 4.46360290e-01
  2.77516693e-01 1.97227633e+00 3.62949848e+00 2.26389837e+00
  9.32277966e+00 9.26081657e+00 2.85749650e+00 3.35343695e+00
  2.37013817e+00 6.32987797e-01 1.29538381e+00 1.59635198e+00
  9.16145649e-03 1.65965629e+00 3.57923579e+00 1.26584172e+00
  2.18401170e+00 2.97333980e+00 1.76260459e+00 3.56527281e+00
  1.61879897e-01 2.04467177e+00 9.14084816e+00 5.39497852e+00
  3.29595879e-02 3.51790227e-02 5.67421246e+00 4.64430809e+00
  2.13258123e+00 3.67799807e+00 0.00000000e+00 2.48667884e+00
  0.00000000e+00 8.70673507e-02 1.36817768e-01 0.00000000e+00
  3.40977877e-01 2.30109453e-01 3.08509231e-01 2.96970344e+00
  0.00000000e+00 2.78926641e-01 6.32024527e-01 1.64019215e+00
  4.72332811e+00 5.62676573e+00 2.66670585e-01 0.00000000e+00
  1.10137188e+00 9.68996906e+00 3.25248814e+00 3.88258696e-01
  1.05403481e+01 3.50825810e+00 0.00000000e+00 9.95141327e-01
  2.60630560e+00 3.33040535e-01 1.51059806e+00 1.24236032e-01
  5.62043524e+00 1.75536335e+00 0.00000000e+00 5.33762074e+00
  8.96616817e-01 1.27852812e-01 1.44562170e-01 9.61380545e-03
  2.09085017e-01 2.19869375e+00 2.11313903e-01 6.07399046e-01
  3.75657463e+00 5.83702421e+00 1.40794778e+00 9.86060619e-01
  4.70701046e-02 1.90459299e+00 5.77059984e-01 2.17990160e+00
  1.43516660e+00 7.53045857e-01 3.54925036e+00 9.70284224e-01
  2.80265284e+00 5.02906704e+00 0.00000000e+00 6.65952964e-03
  6.38319850e-01 4.61278558e-02 1.52370715e+00 1.25578260e+00
  1.58564055e+00 9.99416542e+00 4.45075941e+00 9.39594507e-01
  5.92864692e-01 1.29752994e+00 2.15235901e+01 3.60963130e+00
  1.35095239e-01 1.08690798e+00 3.36785269e+00 3.08419156e+00
  2.78562307e+00 1.27135205e+00 2.31397915e+00 1.71581531e+00
  3.21867085e+00 1.96647406e+00 3.40018749e+00 1.19495845e+00
  1.00315243e-01 8.14665985e+00 1.15366650e+00 6.44287348e+00
  4.05868679e-01 2.53152227e+00 1.16617787e+00 2.63159752e+00
  9.10319042e+00 1.70866716e+00 0.00000000e+00 3.98686504e+00
  1.23430109e+00 8.50542009e-01 6.30890703e+00 4.94737327e-01
  1.82114351e+00 2.25960693e+01 1.29451990e+00 2.31785703e+00
  2.76653767e+00 1.82151031e+00 1.03444505e+00 2.22212744e+00
  1.80135500e+00 4.85226250e+00 0.00000000e+00 1.71492374e+00
  4.46221828e+00 2.57968521e+00 1.86580145e+00 0.00000000e+00
  2.71396780e+00 1.35726678e+00 6.63174105e+00 6.09927511e+00
  1.57132554e+00 2.71989971e-01 2.12852430e+00 8.03719997e+00
  9.84083652e-01 1.28137141e-01 1.49898589e+00 8.83738637e-01
  1.73929858e+00 4.23262835e+00 8.35196733e-01 2.76013184e+00
  1.80754030e+00 3.69990063e+00 3.63803077e+00 7.75131607e+00
  2.52340388e+00 7.54592323e+00 4.33120823e+00 4.98801768e-01
  1.01867557e+00 5.49965811e+00 4.24513817e+00 1.86786699e+00
  2.73740864e+00 5.05744457e+00 3.80506468e+00 1.49336815e+00
  0.00000000e+00 0.00000000e+00 2.67726612e+00 3.52530742e+00
  0.00000000e+00 2.53170252e-01 6.93666875e-01 4.97004080e+00
  3.55233240e+00 0.00000000e+00 7.18582630e-01 1.09976482e+00
  3.28147173e+00 1.63999748e+00 1.91834307e+00 0.00000000e+00
  8.66491973e-01 5.03917074e+00 3.79224539e+00 1.67991400e+00
  5.86535072e+00 1.20094132e+00 0.00000000e+00 2.80716276e+00
  3.40854931e+00 1.87820876e+00 3.43218505e-01 7.14565563e+00
  4.15922022e+00 0.00000000e+00 9.43256378e+00 1.66612709e+00
  1.48724866e+00 5.12040377e+00 4.05411148e+00 1.05376029e+00
  3.46469545e+00 1.01813612e+01 2.50213337e+00 6.14424169e-01
  5.48540831e+00 2.21672058e+00 1.74823928e+00 1.99865967e-01
  1.07653797e+00 6.27503824e+00 5.04520226e+00 4.32357013e-01
  4.45437908e+00 2.13893890e+00 0.00000000e+00 1.44772434e+00
  0.00000000e+00 4.26226914e-01 3.48329258e+00 3.52867699e+00
  1.59005487e+00 1.18867409e+00 5.59468754e-02 7.62082696e-01
  8.10842812e-01 8.78181696e-01 0.00000000e+00 8.79682228e-02
  1.18041420e+00 2.81561852e+00 8.00837326e+00 3.69051528e+00
  2.47230196e+00 1.42699552e+00 8.00475657e-01 6.84831679e-01
  2.23685813e+00 2.43708324e+00 1.32397702e-02 1.51148677e+00
  5.37093163e-01 3.75592732e+00 4.19769621e+00 1.02748728e+00
  1.14710546e+00 2.05643207e-01 2.06035042e+00 3.59000254e+00
  1.66579580e+00 0.00000000e+00 5.17172813e+00 1.63919008e+00
  4.42395687e+00 2.39680156e-01 3.40121627e+00 1.07906628e+00
  5.01204908e-01 0.00000000e+00 8.88630748e-01 1.15577865e+00
  0.00000000e+00 0.00000000e+00 1.26322870e+01 8.29790533e-01
  2.53352118e+00 2.65789628e+00 1.38584507e+00 6.31075323e-01
  1.67938938e+01 0.00000000e+00 1.07588983e+00 3.45168114e+00
  9.64107132e+00 0.00000000e+00 3.26222539e+00 2.15015456e-01
  0.00000000e+00 1.03689098e+00 4.32448059e-01 5.29750586e+00
  5.50915861e+00 3.89317840e-01 1.02069845e+01 6.35060787e-01
  5.89085770e+00 6.73254871e+00 3.06366134e+00 2.56213474e+00
  1.71400690e+00 5.11082888e-01 4.84833574e+00 6.79668248e-01
  1.98908949e+00 9.30896342e-01 2.46464396e+00 2.74203205e+00
  2.97023845e+00 1.23685913e+01 4.37263346e+00 3.18997669e+00
  2.06526947e+00 2.27593517e+00 4.24346447e+00 2.87467742e+00
  4.89437133e-01 6.90444326e+00 2.24831462e+00 1.85473889e-01
  2.01854515e+00 7.00879765e+00 5.57417870e+00 7.42156839e+00
  1.43543911e+00 7.05179262e+00 2.44280130e-01 4.99828053e+00
  0.00000000e+00 2.18648052e+00 4.48970270e+00 1.11510277e+00
  1.18669927e+00 4.46004450e-01 5.81135750e-01 2.73979425e+00
  0.00000000e+00 4.41274881e+00 1.52179658e+00 1.22633740e-01
  3.79645872e+00 2.82560158e+00 4.46170902e+00 1.55004323e+00
  9.40219402e-01 0.00000000e+00 0.00000000e+00 3.29878402e+00
  9.19462621e-01 4.47304630e+00 1.41675937e+00 1.08499360e+00
  1.53828037e+00 5.76697350e+00 1.01322699e+00 2.50762165e-01
  2.15016603e+00 1.13699627e+00 6.96363330e-01 5.74835682e+00
  1.30822301e+00 8.39794219e-01 0.00000000e+00 9.66507792e-01
  2.29622579e+00 8.39642584e-01 2.66552091e+00 4.86121774e-01
  1.20147967e+00 5.50833046e-01 0.00000000e+00 9.35226250e+00
  5.11420012e+00 7.16371536e+00 4.82816505e+00 0.00000000e+00
  1.86289859e+00 1.08617771e+00 1.76251817e+00 3.48093176e+00
  2.01248693e+00 5.18447638e-01 8.94099951e-01 1.49297774e-01
  0.00000000e+00 6.32646513e+00 4.28869873e-01 1.66059721e+00
  2.89700079e+00 3.95959496e-01 1.05998266e+00 2.24921823e+00
  3.74774128e-01 1.07883062e+01 2.05909920e+00 1.21943317e-02
  2.00744510e+00 5.73546553e+00 2.55765462e+00 3.43333101e+00
  0.00000000e+00 3.52075785e-01 4.79101449e-01 1.59710598e+00
  0.00000000e+00 8.01247895e-01 1.69397425e-02 1.10653138e+00
  5.15298963e-01 6.31615448e+00 4.55500793e+00 3.83101225e+00
  7.29791760e-01 6.41643032e-02 2.37219310e+00 1.80617118e+00
  5.81521094e-01 1.01332197e+01 8.38913918e-01 3.49549627e+00
  1.45023242e-01 1.30360520e+00 0.00000000e+00 1.46460727e-01
  4.69759655e+00 0.00000000e+00 1.16684444e-01 3.90534377e+00
  2.17362642e+00 9.61482763e-01 5.79815865e-01 2.16773581e-02]]