[[1.29076600e-01 1.77470970e+00 8.90121937e-01 0.00000000e+00
  1.41695872e-01 1.42077959e+00 4.97844124e+00 4.55028325e-01
  5.37607241e+00 4.53632981e-01 2.23391247e+00 4.45034933e+00
  3.44897795e+00 1.94587266e+00 5.14688873e+00 3.32812500e+00
  5.14831543e-01 1.72176325e+00 0.00000000e+00 2.41118813e+00
  5.06972742e+00 1.09285374e+01 1.79256284e+00 3.40685105e+00
  7.93409467e-01 2.51365614e+00 9.20921504e-01 0.00000000e+00
  4.95137513e-01 0.00000000e+00 0.00000000e+00 0.00000000e+00
  3.07258606e+00 5.43745947e+00 5.00207722e-01 5.41896439e+00
  2.31236649e+00 0.00000000e+00 7.01431656e+00 3.94501233e+00
  2.88512886e-01 1.39135373e+00 2.36077356e+00 3.48583412e+00
  0.00000000e+00 4.05923605e-01 1.33281970e+00 1.11304499e-01
  2.64834714e+00 5.90367168e-02 5.92681551e+00 6.06346846e-01
  0.00000000e+00 0.00000000e+00 5.40243912e+00 2.23249221e+00
  8.95466387e-01 1.12659311e+00 4.90344465e-01 4.09377851e-02
  2.85066694e-01 6.00842774e-01 7.07812500e+00 3.23571038e+00
  8.41000602e-02 1.04765046e+00 3.51975322e+00 4.44707870e+00
  3.61416578e-01 2.06701756e-02 1.62084246e+00 4.36578602e-01
  1.63490642e-02 7.48129034e+00 8.90578985e-01 1.03858531e+00
  0.00000000e+00 3.01624656e+00 7.48552620e-01 9.12281418e+00
  7.07511842e-01 6.80965519e+00 2.33052897e+00 2.56585538e-01
  4.67652655e+00 5.43709707e+00 3.49626452e-01 3.28795850e-01
  2.06357718e+00 0.00000000e+00 3.80222559e+00 2.36166760e-01
  0.00000000e+00 5.88695669e+00 1.30405366e+00 8.90867651e-01
  4.89462107e-01 1.31493855e+00 2.33882856e+00 3.89969754e+00
  5.24792099e+00 7.06807943e-03 9.58563042e+00 8.38730145e+00
  2.64075303e+00 1.54256201e+00 6.89790621e-02 1.76348257e+00
  1.21561170e+00 1.46114266e+00 0.00000000e+00 0.00000000e+00
  0.00000000e+00 0.00000000e+00 1.41123402e+00 2.71956384e-01
  4.26379585e+00 2.62311721e+00 7.08049178e-01 3.46805549e+00
  4.28143665e-02 4.30021334e+00 0.00000000e+00 6.90578759e-01
  6.85144186e+00 2.19590425e+00 4.18494463e+00 1.22205913e-01
  9.48264360e-01 2.80847740e+00 2.87719250e+00 5.96416652e-01
  2.06915569e+00 5.92037797e-01 1.38577640e-01 2.23836732e+00
  1.80645144e+00 9.92494702e-01 2.25470257e+00 3.41941047e+00
  8.67399275e-02 1.02560115e+00 3.83276486e+00 7.08295703e-01
  3.16101980e+00 1.03996229e+00 9.07801247e+00 1.73413102e-02
  2.70569372e+00 1.12251329e+00 2.10454488e+00 1.18447579e-01
  9.21772346e-02 0.00000000e+00 2.10993624e+00 0.00000000e+00
  7.76961684e-01 8.43662071e+00 2.36278582e+00 5.83771944e-01
  1.86244869e+00 3.70707726e+00 1.16972184e+00 4.06270713e-01
  4.37835789e+00 1.12690055e+00 7.11701065e-02 3.76176047e+00
  1.18303724e-01 2.50635237e-01 1.40934801e+00 2.16880417e+00
  1.08716908e+01 4.66265976e-02 1.10170221e+00 8.11223149e-01
  0.00000000e+00 3.80597532e-01 9.42152309e+00 1.19672596e+00
  1.10606670e+00 1.53497800e-01 6.66443682e+00 3.33014935e-01
  0.00000000e+00 1.63361776e+00 1.37287998e+00 1.21283185e+00
  7.92693710e+00 3.84085804e-01 2.03535223e+00 1.85383165e+00
  5.91496611e+00 1.73034823e+00 3.72598267e+00 6.32587373e-01
  0.00000000e+00 3.30904746e+00 4.43392467e+00 0.00000000e+00
  5.56505680e+00 3.02134663e-01 3.38853717e-01 1.85725451e+00
  2.98659277e+00 3.93882602e-01 1.09447014e+00 3.33782434e+00
  0.00000000e+00 1.33953056e+01 1.47306859e+00 4.91011173e-01
  3.07645649e-02 3.18710256e+00 0.00000000e+00 0.00000000e+00
  6.43870592e-01 1.66559434e+00 1.65396154e+00 5.05316496e-01
  6.25639296e+00 6.23724508e+00 4.37330580e+00 0.00000000e+00
  2.11932048e-01 1.74428201e+00 9.69338536e-01 8.62149119e-01
  8.09998035e-01 8.17534387e-01 1.67492613e-01 1.12318003e+00
  3.95467114e+00 9.97445405e-01 1.15081680e+00 1.80697775e+00
  0.00000000e+00 1.45519602e+00 1.43583030e-01 7.14736938e+00
  2.26719451e+00 7.21450627e-01 2.77963638e+00 8.26972052e-02
  1.24528980e+00 8.03290939e+00 5.02455950e+00 0.00000000e+00
  2.42703676e+00 1.91840684e+00 9.68086541e-01 1.31937051e+00
  5.05826235e+00 4.08524811e-01 1.13573575e+00 0.00000000e+00
  9.91500616e-02 1.47027743e+00 3.82631350e+00 2.46745634e+00
  2.14774275e+00 9.43287182e+00 3.69051285e-02 2.36467034e-01
  2.93140483e+00 3.90626401e-01 0.00000000e+00 5.52286530e+00
  7.90771425e-01 2.27297097e-01 5.31580400e+00 3.14048171e+00
  2.59826612e+00 9.75067019e-02 1.59864867e+00 1.02961130e-01
  6.73725319e+00 7.11745441e-01 1.33371770e-01 5.10450661e-01
  6.17288208e+00 2.38883233e+00 2.26016426e+00 7.00989962e-01
  5.36287785e-01 6.14985943e-01 1.16181821e-01 3.76246631e-01
  1.26305127e+00 9.72485828e+00 0.00000000e+00 5.63987911e-01
  1.09785318e+01 9.71779346e+00 4.04943275e+00 4.40591156e-01
  6.73788726e-01 3.28737408e-01 0.00000000e+00 0.00000000e+00
  3.36468786e-01 0.00000000e+00 1.68203449e+00 2.40346694e+00
  1.71277010e+00 2.73161221e+00 8.06796312e-01 8.44630718e-01
  4.27399492e+00 1.65031195e-01 1.49585009e+00 5.54812813e+00
  1.53273010e+00 6.54925227e-01 0.00000000e+00 1.24267387e+00
  2.00421309e+00 2.07347393e+00 2.28748345e+00 5.83545148e-01
  1.89244020e+00 1.85842490e+00 2.75603151e+00 1.68012249e+00
  2.57712269e+00 7.09558666e-01 8.11619377e+00 1.05117515e-01
  1.30577043e-01 9.52274859e-01 8.62708449e-01 3.29363179e+00
  2.48539019e+00 0.00000000e+00 3.32995844e+00 2.66409922e+00
  1.80770195e+00 1.15004415e-02 2.36601281e+00 1.51286972e+00
  9.69899058e-01 2.16596603e+00 0.00000000e+00 0.00000000e+00
  2.42500949e+00 4.63539076e+00 3.51967072e+00 0.00000000e+00
  2.30138731e+00 2.53003931e+00 0.00000000e+00 4.74503708e+00
  1.91060197e+00 0.00000000e+00 7.87966847e-01 1.82197487e+00
  1.51517427e+00 2.50377727e+00 6.17423630e+00 2.34548673e-02
  9.24305439e+00 3.22028399e-01 8.59862328e-01 1.24024749e+00
  4.42499161e+00 5.34023941e-01 1.48793435e+00 1.13239384e+00
  4.32460755e-02 0.00000000e+00 3.32471095e-02 2.82716441e+00
  0.00000000e+00 6.88866079e-01 0.00000000e+00 1.52090454e+00
  6.63695514e-01 1.81907403e+00 0.00000000e+00 5.23455238e+00
  7.61660516e-01 3.59421825e+00 1.38539243e+00 9.28106189e-01
  4.55551052e+00 2.68254764e-02 3.51759124e+00 1.15248322e-01
  1.68019152e+00 1.04812253e+00 2.00269437e+00 1.44050908e+00
  2.75524092e+00 2.86613965e+00 0.00000000e+00 1.25765324e+00
  1.03410268e+00 6.80430412e-01 3.01383877e+00 5.81187487e-01
  1.23331861e+01 8.05512428e+00 1.95876992e+00 3.09238386e+00
  4.54559898e+00 1.05227031e-01 1.15020549e+00 3.39922929e+00
  4.62437570e-01 1.54508710e+00 6.60387945e+00 9.29729521e-01
  0.00000000e+00 3.02390009e-01 0.00000000e+00 7.90327430e-01
  0.00000000e+00 4.53343242e-01 6.09246083e-02 6.32098734e-01
  0.00000000e+00 2.15795785e-02 4.42577696e+00 3.57134628e+00
  8.90952528e-01 5.55626440e+00 3.96262199e-01 2.89710617e+00
  6.11279297e+00 1.93495858e+00 3.80994225e+00 4.97287035e-01
  2.72176838e+00 8.01896477e+00 7.35308349e-01 4.84357882e+00
  1.56379044e+00 6.62021220e-01 4.88445237e-02 2.22789741e+00
  5.52987874e-01 1.50722817e-01 2.31006026e-01 1.28441536e+00
  0.00000000e+00 3.98062348e-01 0.00000000e+00 1.47188163e+00
  0.00000000e+00 5.64273782e-02 1.96083665e+00 1.36815536e+00
  2.36963773e+00 9.68754768e-01 4.73353910e+00 8.70357454e-01
  1.47701836e+00 9.70462739e-01 2.84081012e-01 5.99453688e+00
  1.94409537e+00 8.35323930e-01 9.86671746e-01 3.35886240e-01
  5.53086090e+00 7.13417903e-02 6.44831598e-01 5.59248149e-01
  2.09727502e+00 1.60759032e+00 1.19469118e+00 1.07499611e+00
  1.38791192e+00 4.21521330e+00 3.73702526e-01 1.64375156e-01
  0.00000000e+00 8.04087102e-01 0.00000000e+00 2.02262473e+00
  0.00000000e+00 0.00000000e+00 3.15646148e+00 4.94172305e-01
  1.42060030e+00 1.26977456e+00 7.66237080e-01 1.63773298e+00
  9.90250230e-01 1.32838643e+00 3.11801016e-01 4.54620934e+00
  2.54864883e+00 5.74565649e+00 2.83907676e+00 2.58164883e+00
  8.95937324e-01 2.00796342e+00 1.48964500e+00 2.13502192e+00
  5.53275919e+00 1.00257993e+00 8.36054707e+00 0.00000000e+00
  1.34794009e+00 8.57742727e-01 2.43971562e+00 1.46682680e+00
  5.46754420e-01 1.36065662e-01 1.25084591e+00 1.26711059e+00]]