[[6.26344621e-01 5.89581490e+00 3.24044585e+00 1.38872290e+00
  9.62286711e-01 2.27415299e+00 3.75992203e+00 5.57890356e-01
  3.51478815e+00 9.91134942e-01 9.56747711e-01 1.94302046e+00
  5.27602959e+00 3.67567241e-02 4.49610725e-02 5.42484808e+00
  6.29976034e+00 2.23919606e+00 2.29603171e+00 2.72256994e+00
  3.21675897e+00 6.83683538e+00 2.41704440e+00 5.60659885e-01
  1.18315864e+00 5.61995649e+00 2.09288764e+00 2.79751205e+00
  3.39298368e+00 8.09007466e-01 2.21551180e+00 1.93902743e+00
  0.00000000e+00 3.54336667e+00 1.50242954e-01 2.27967963e-01
  2.68164337e-01 8.38531777e-02 6.32036179e-02 2.79799843e+00
  4.99410248e+00 7.88469696e+00 1.78239906e+00 3.76100445e+00
  1.32339072e+00 4.22961950e-01 1.15059233e+00 1.13053071e+00
  4.43371058e+00 3.74626637e+00 4.45450401e+00 8.09104729e+00
  1.10683751e+00 1.14339602e+00 1.98807740e+00 2.05100560e+00
  5.32223988e+00 7.29044628e+00 3.48823667e+00 3.88985783e-01
  5.00287867e+00 1.02139950e+00 3.84968281e+00 2.18868041e+00
  0.00000000e+00 1.55474603e+00 3.15379930e+00 1.25949872e+00
  1.75763869e+00 4.16016102e+00 8.89598370e+00 3.69311595e+00
  7.93219805e+00 3.01495862e+00 6.69325972e+00 2.10046220e+00
  1.20549703e+00 0.00000000e+00 5.99546246e-02 4.25261497e+00
  1.48748189e-01 5.00854158e+00 1.22483182e+00 4.16278362e-01
  1.81230583e+01 4.17815685e+00 9.45957899e-01 2.42706203e+00
  4.09445953e+00 2.77137065e+00 2.11385989e+00 1.01289368e+00
  3.46747541e+00 2.87732244e+00 4.57999420e+00 1.82129979e+00
  2.38353014e+00 2.05697608e+00 5.86470306e-01 4.05589151e+00
  2.01703608e-02 2.07218838e+00 1.59083164e+00 6.02910900e+00
  8.36824512e+00 1.26633394e+00 7.85049260e-01 1.91314840e+00
  7.11819887e+00 4.27933502e+00 2.22352767e+00 3.02622318e-01
  1.13522911e+01 6.39786148e+00 7.82747364e+00 2.42625713e+00
  1.00717363e+01 3.17192268e+00 9.67422545e-01 1.58516145e+00
  3.00621247e+00 1.08760619e+00 5.12401104e+00 6.53855181e+00
  8.59472632e-01 1.37232018e+00 1.38220453e+00 9.82891679e-01
  2.02188134e+00 1.23183193e+01 7.33328247e+00 7.94197500e-01
  1.81332135e+00 2.07296920e+00 2.99046803e+00 7.22206688e+00
  2.18049741e+00 9.20027435e-01 1.38149559e+00 6.04723692e-01
  1.35876870e+00 1.51132846e+00 4.41538841e-01 3.03180051e+00
  2.33750343e+00 2.24565244e+00 2.75928521e+00 2.64226580e+00
  2.78625190e-01 2.24247336e+00 1.03560476e+01 3.52496314e+00
  5.62060356e-01 3.00645041e+00 4.95658350e+00 3.22839165e+00
  3.83225989e+00 6.68495417e-01 7.87497044e-01 3.13642883e+00
  1.73377478e+00 9.86646533e-01 5.93533993e+00 0.00000000e+00
  3.63916421e+00 1.52344495e-01 9.40069318e-01 2.51046252e+00
  5.40794325e+00 8.99750233e-01 1.23550825e+01 8.63178825e+00
  1.44652450e+00 8.81285095e+00 1.49685419e+00 2.52056050e+00
  7.83059895e-01 8.52542400e+00 2.98591733e+00 9.77722073e+00
  6.89594209e-01 0.00000000e+00 1.23393297e+01 2.65773487e+00
  8.69875923e-02 2.31803465e+00 5.54132318e+00 2.11251736e+00
  1.82669866e+00 2.56500101e+00 2.86537647e+00 1.37096870e+00
  0.00000000e+00 1.07010660e+01 2.32222176e+00 1.20492339e+00
  1.74377501e+00 4.44445848e-01 1.32414150e+00 5.12842274e+00
  2.30446959e+00 8.41108608e+00 9.23142061e-02 1.24794531e+00
  6.88050807e-01 3.71719456e+00 1.94044352e-01 2.90578198e+00
  4.45972872e+00 1.21090305e+00 2.45018506e+00 1.47846687e+00
  1.88370004e-01 2.26297545e+00 1.05462446e+01 3.38496733e+00
  1.52769699e+01 0.00000000e+00 5.47968864e-01 2.61244798e+00
  1.56596124e+00 3.21688676e+00 2.57519341e+00 3.59084129e+00
  1.53757930e+00 2.71860886e+00 3.94782424e-01 6.61645842e+00
  4.70190907e+00 4.47105265e+00 2.67873228e-01 5.48967886e+00
  5.44728947e+00 9.97954607e-02 4.25933301e-01 5.94860983e+00
  3.52111506e+00 2.96187067e+00 4.01130295e+00 3.29163112e-02
  2.78394175e+00 4.02734232e+00 6.43485451e+00 5.72815323e+00
  5.87281346e-01 4.67875004e+00 2.56372142e+00 1.23466575e+00
  1.63595378e+00 2.66986489e-01 5.08502579e+00 1.77403700e+00
  0.00000000e+00 1.15589066e+01 6.22077465e+00 1.65344760e-01
  4.77880120e-01 1.33761430e+00 9.76144195e-01 1.33491099e+00
  4.71685743e+00 0.00000000e+00 5.55192184e+00 4.93675566e+00
  4.27479553e+00 8.45974743e-01 1.02802029e+01 7.69552612e+00
  1.06174555e+01 3.59142447e+00 1.27665246e+00 8.20804238e-02
  1.21926534e+00 7.16540718e+00 3.68288541e+00 6.17948115e-01
  4.62753963e+00 3.60167766e+00 2.44344711e+00 3.01438808e+00
  5.66087580e+00 2.85148144e+00 3.07575393e+00 7.54808187e+00
  3.07668471e+00 0.00000000e+00 5.20539236e+00 6.68204010e-01
  5.90732193e+00 2.51224518e+00 5.87442827e+00 3.31305361e+00
  1.10190725e+00 1.60992789e+00 4.24103355e+00 6.37458706e+00
  2.71102571e+00 2.64396167e+00 3.85380435e+00 8.83114696e-01
  3.45967197e+00 2.68931818e+00 7.30963802e+00 3.96329331e+00
  2.61896777e+00 4.39133167e+00 3.61411667e+00 2.91887492e-01
  1.69828200e+00 5.59570968e-01 9.73038912e-01 2.61751086e-01
  2.81175137e-01 2.52853680e+00 5.39058256e+00 2.49360633e+00
  7.06939554e+00 7.03965521e+00 5.04267931e-01 2.55928636e-01
  5.02767992e+00 1.85710084e+00 2.20142126e+00 5.01691628e+00
  1.17047310e+00 8.51671040e-01 8.04529762e+00 7.42051482e-01
  1.23054707e+00 2.82992840e+00 1.97212625e+00 4.97342396e+00
  2.31437087e+00 1.49247038e+00 1.29417410e+01 2.32346225e+00
  3.87973642e+00 1.06116629e+00 1.38789082e+00 3.47349858e+00
  5.01163673e+00 0.00000000e+00 2.78348112e+00 4.30302620e+00
  1.60496008e+00 3.87936473e+00 4.15631914e+00 7.24759400e-01
  6.95696533e-01 8.59170246e+00 0.00000000e+00 6.34523630e-01
  2.25814521e-01 8.45647216e-01 4.76579952e+00 1.57481587e+00
  5.66042757e+00 7.14004135e+00 6.28788695e-02 1.23700190e+00
  1.07025743e+00 8.70695591e+00 8.77105999e+00 5.17101240e+00
  2.28224826e+00 1.30676794e+00 3.25419211e+00 4.42104864e+00
  5.01627541e+00 5.06751299e+00 3.24088264e+00 3.11136961e+00
  2.72781873e+00 8.51294696e-01 5.44013071e+00 2.74978566e+00
  1.86582029e+00 5.85353553e-01 7.43322563e+00 4.37108129e-01
  6.33918810e+00 4.92027909e-01 6.23955190e-01 2.32909441e+00
  8.88345909e+00 1.01663017e+01 6.06859267e-01 2.08129978e+00
  2.35626507e+00 3.30130410e+00 9.57274854e-01 6.60993516e-01
  5.56271410e+00 1.59404671e+00 3.22236848e+00 3.35130841e-01
  3.52901220e+00 1.95634151e+00 1.78288937e+00 1.18025529e+00
  8.11873376e-01 8.24950790e+00 4.06520367e+00 1.58809209e+00
  1.44195199e+00 3.12440681e+00 4.79028165e-01 1.17981172e+00
  2.28300095e+00 1.59701080e+01 6.34403419e+00 1.14239156e+00
  0.00000000e+00 1.50050104e+00 2.62812686e+00 3.21183133e+00
  8.54921520e-01 3.11626983e+00 1.49689496e+00 1.88648784e+00
  7.37554455e+00 3.41807157e-01 8.18092003e-02 2.11446571e+00
  8.42109084e-01 3.82385731e-01 3.78283191e+00 1.31818688e+00
  4.26673079e+00 8.27330709e-01 7.64678907e+00 3.01432085e+00
  2.91546714e-02 7.00587702e+00 6.16913700e+00 4.46304369e+00
  2.78388667e+00 1.73821047e-01 3.07606965e-01 2.53989601e+00
  0.00000000e+00 3.75691843e+00 0.00000000e+00 8.39231300e+00
  1.58324261e+01 2.88865328e+00 6.80981588e+00 4.32984650e-01
  5.42289793e-01 4.07700449e-01 5.85052431e-01 1.08155756e+01
  3.81360078e+00 1.04714239e+00 7.85474956e-01 1.17266977e+00
  3.20533061e+00 2.62314010e+00 2.44366005e-01 1.63425770e+01
  1.70669472e+00 4.77160978e+00 5.20916700e+00 2.34000158e+00
  1.40101683e+00 6.93665028e-01 1.31607542e+01 2.97325206e+00
  3.80788493e+00 2.58382893e+00 5.10479021e+00 5.48404098e-01
  1.00338280e+00 4.06148958e+00 2.89772463e+00 9.66824293e-01
  1.12898576e+00 2.21280169e+00 2.49261355e+00 2.69072503e-02
  7.26662588e+00 6.76501930e-01 1.91140854e+00 2.16128755e+00
  9.42090061e-03 3.82263494e+00 7.76900911e+00 1.46461678e+00
  1.37225151e+00 3.64676499e+00 6.44690371e+00 6.53810918e-01
  1.31519175e+00 8.54867172e+00 2.89630651e+00 2.58407831e+00
  7.61476099e-01 1.68014121e+00 7.10217285e+00 3.67006302e-01
  6.94408178e+00 4.56301004e-01 6.20628834e+00 1.14365482e+00
  2.52733517e+00 5.91438675e+00 8.20206285e-01 6.16023493e+00
  7.78019011e-01 2.84185600e+00 4.77124548e+00 0.00000000e+00]]