[[1.0345542e+00 3.8871064e+00 1.3248509e+00 8.1124216e-01 2.8843102e+00
  5.6354241e+00 1.5263205e+00 0.0000000e+00 3.9261100e+00 2.1967618e+00
  7.6568884e-01 1.7240205e+00 3.0617747e+00 0.0000000e+00 0.0000000e+00
  0.0000000e+00 3.6752155e-01 1.1449834e+00 1.9360824e-01 5.1492472e+00
  5.8700271e-02 5.7792201e+00 1.5503144e-01 3.7931669e-01 3.7237778e-01
  9.1289873e+00 9.3564463e-01 2.8493600e+00 7.5708516e-02 7.4566230e-02
  2.2083415e-01 6.5373760e-01 2.4200326e-01 7.2635932e+00 4.0920842e-01
  5.4854846e-01 1.7835414e+00 0.0000000e+00 7.3539691e+00 1.8117949e+00
  3.7858062e+00 5.4304814e-01 2.0600522e+00 5.3586249e+00 4.6716932e-02
  1.1323185e+00 1.1307421e+00 1.9975647e-01 5.5837908e+00 6.3845657e-02
  2.9301679e+00 5.5683131e+00 2.5456873e-01 2.1440010e+00 5.7301755e+00
  2.9175570e+00 3.1396658e+00 8.7758474e+00 6.0664873e+00 0.0000000e+00
  1.7773609e+00 9.1502893e-01 1.6358614e+00 4.8934064e+00 7.9294705e-01
  2.2392797e+00 3.1850200e+00 1.8226119e+00 3.0497643e-01 7.4698605e-02
  1.1564966e+01 3.2761028e+00 0.0000000e+00 4.6272621e-01 1.9929687e+00
  1.7785695e+00 2.0535641e+00 1.0807552e+00 3.6896122e-01 1.0538044e+00
  2.4382567e+00 8.5141373e+00 1.8424195e+00 9.2596567e-01 6.0502994e-01
  8.7189455e+00 5.4899871e-01 1.7253698e+00 6.0425625e+00 1.2892904e+00
  9.2111820e-01 5.8427854e+00 0.0000000e+00 2.9586699e+00 8.4792811e-01
  1.2147429e+00 9.8647952e-01 7.0001468e-02 5.1524830e-01 7.6524156e-01
  1.5815494e+00 2.5476128e-01 1.3445805e+01 5.1690454e+00 0.0000000e+00
  2.4318567e-02 5.7882595e-01 5.7703543e-01 2.4398348e+00 4.6000710e+00
  9.8973572e-01 3.7326307e+00 4.9251890e-01 1.0948200e+01 4.5562137e-02
  2.1699789e-01 2.1849937e+00 5.8301920e-03 1.3798654e+00 2.7572207e+00
  1.8758335e+00 1.6549566e+00 0.0000000e+00 6.0375810e+00 3.7220740e+00
  1.1414845e+00 1.0175593e+00 0.0000000e+00 2.9720542e+00 9.8699541e+00
  5.7959491e-01 2.4687026e+00 9.7951736e+00 3.2258412e-01 1.0136369e+00
  1.9727774e+00 0.0000000e+00 8.4930398e-02 1.7895529e+00 7.5173459e+00
  1.3914316e+00 0.0000000e+00 1.8062109e+00 1.2598665e+00 1.5794880e+00
  2.3475914e+00 3.6374779e+00 9.8346859e-01 1.2838731e+00 2.4465334e+00
  3.6460215e-01 1.1696975e-01 2.8529477e+00 2.5570956e-01 3.6244377e-01
  3.6403033e-01 2.3588072e-01 3.0660470e+00 0.0000000e+00 5.4876322e-01
  1.1853908e+00 9.2988259e-01 3.6930408e+00 1.5170659e-01 1.1957846e+00
  4.2557435e+00 0.0000000e+00 6.1661749e+00 0.0000000e+00 1.9834962e+00
  6.5969019e+00 6.6505051e-01 8.4788694e+00 1.8156219e+00 3.2856627e+00
  2.7605867e+00 0.0000000e+00 0.0000000e+00 1.1949717e+01 5.9401832e+00
  9.2459530e-01 0.0000000e+00 5.5108109e+00 1.3056411e+00 4.2523846e-01
  4.3422765e-01 1.0611733e+00 1.3999510e+00 6.5940871e+00 8.1690359e-01
  8.6535025e+00 0.0000000e+00 0.0000000e+00 1.0402816e+01 3.9256549e-01
  1.0577620e+00 2.3778540e-01 5.7726812e+00 8.6598349e-01 0.0000000e+00
  9.8838511e+00 0.0000000e+00 0.0000000e+00 3.4930735e+00 4.8672456e-01
  1.8811034e+00 3.5853987e+00 2.1976368e+00 9.0562510e-01 2.4903612e+01
  3.0200930e+00 3.2225752e+00 4.4191259e-01 2.1852055e+00 9.2365265e-02
  1.2196876e+00 3.8152081e-01 6.4016575e-01 5.5087632e-01 1.1670432e+00
  2.2705798e+00 6.2195888e+00 7.5886375e-01 1.6524496e+00 2.7234310e-01
  1.0517818e+01 3.8395216e+00 8.0562317e-01 1.4235312e+00 2.7779644e+00
  9.2965275e-01 5.0402703e+00 1.3595041e+00 2.2375932e+00 2.8090029e+00
  1.7591070e+00 1.2100083e-01 2.3340569e+00 9.8975822e-03 2.9507468e+00
  1.7159642e+00 4.2455850e+00 3.6967146e-01 3.1289310e+00 7.6791253e+00
  9.6608782e+00 2.8414924e+00 0.0000000e+00 2.7433677e+00 1.9240241e+00
  4.3560653e+00 8.9996761e-01 1.9803609e+00 2.3143494e+00 3.0991538e+00
  9.3914610e-01 9.2633283e-03 3.6615887e+00 3.0334909e+00 2.7560568e+00
  0.0000000e+00 2.4911588e-02 2.7270371e-01 3.7035522e+00 3.3369201e-01
  1.5264629e+00 2.5371693e-02 2.5839791e+00 6.8625540e-01 1.7183994e+00
  9.1759453e+00 0.0000000e+00 7.3693269e-01 4.5539079e+00 1.5329378e+00
  1.1493204e+00 3.1677244e+00 1.2053672e+00 8.4125257e-01 1.4943305e+00
  5.1284647e+00 1.8901643e+00 8.3486396e-01 3.9053841e+00 3.2478535e+00
  2.7618101e-01 3.6754658e+00 1.2777226e+00 2.3386121e+00 6.9974360e+00
  2.0948936e-01 1.2193406e+00 1.8016699e+01 1.1281442e+01 1.9179785e+00
  2.5469500e-01 1.1282456e+00 1.0902834e+00 9.4418186e-01 0.0000000e+00
  1.9986088e+00 3.1661389e+00 4.4528503e+00 1.0977250e+00 1.9957312e+00
  1.5661366e+00 2.3071609e-02 3.0898948e+00 7.5100768e-01 2.5178919e-02
  5.1683517e+00 2.7593324e-01 6.5684730e-01 0.0000000e+00 1.3274428e+00
  4.3471670e-01 5.5492237e-02 4.8107958e+00 4.5475793e-01 2.1510596e+00
  7.3276281e-01 4.5717974e+00 3.6769414e-01 2.0016601e+00 1.4030247e+00
  4.5339694e+00 3.3860688e+00 1.5214301e+00 3.2329836e-01 7.3991132e-01
  9.3225896e-02 4.7788754e+00 8.0176699e-01 5.3286395e+00 4.1399851e+00
  2.5890157e+00 6.6039914e-01 1.3756964e+00 3.9733174e+00 3.3685141e+00
  6.1205659e-02 7.4713305e-02 1.7342165e+00 3.3995466e+00 1.2796910e+00
  8.5102516e-01 6.5371865e-01 1.8356845e-01 1.8746140e+00 1.3045313e+00
  3.4987421e-03 0.0000000e+00 2.4072528e-01 1.8742483e-02 5.4320779e+00
  1.1812794e+00 3.6062133e+00 3.3766365e+00 4.4331861e-01 6.7816585e-01
  7.6267004e+00 0.0000000e+00 7.2355914e+00 1.8957343e+00 7.0654030e+00
  1.0227691e+00 5.4470038e+00 2.5450888e+00 8.2763773e-01 4.4054058e-01
  4.7435242e-01 7.6679468e-01 1.8554218e+00 1.9790205e-01 4.8066492e+00
  0.0000000e+00 4.0862513e+00 4.0132289e+00 1.4101305e+00 4.9146385e+00
  2.7017042e-01 3.0546567e+00 3.6525989e+00 4.1995726e+00 1.7016743e+00
  4.8754249e+00 0.0000000e+00 1.6309083e-01 0.0000000e+00 2.2307401e+00
  1.7005403e+00 1.2459444e+00 3.6610339e+00 2.5639775e+00 2.1668610e-01
  6.6175258e-01 1.5551412e+00 3.6306638e-01 5.3039618e+00 1.9180020e-02
  2.7109027e+00 9.7625990e+00 7.8639519e-01 3.5023994e+00 5.3358912e-01
  3.8021791e+00 9.5850313e-01 3.9928277e+00 0.0000000e+00 6.6567011e+00
  6.5010948e+00 1.5424666e+00 0.0000000e+00 0.0000000e+00 8.0861330e-01
  0.0000000e+00 7.0739818e-01 2.9634864e+00 1.1548761e+00 2.5933766e-01
  6.5736368e-02 1.4722865e+00 2.4812083e-01 3.0018923e+00 3.2433817e-01
  0.0000000e+00 3.0730739e-01 2.1391444e+00 2.2520269e-01 9.9754846e-01
  3.0272744e+00 9.1405849e+00 5.8799973e+00 4.8255649e+00 0.0000000e+00
  2.5119641e+00 1.0646676e+00 4.2219043e+00 2.7620595e+00 1.2853850e+00
  8.5462826e-01 5.2432626e-01 0.0000000e+00 3.6991563e-01 3.6275756e+00
  2.2344191e+00 3.4817057e+00 2.0150769e+00 4.7144510e-02 4.4757079e-02
  2.4793515e+00 6.2963181e+00 1.2251859e+00 1.7171302e+00 2.7757142e+00
  8.9990133e-01 1.1958891e+00 3.5879755e-01 2.0395360e+00 2.8246989e+00
  9.2996283e+00 2.0192742e+00 1.3908262e+00 0.0000000e+00 0.0000000e+00
  1.0975111e+00 6.6637582e-01 2.9890984e-01 5.0278759e-01 2.3934767e+00
  2.0122509e+00 4.5416875e+00 1.1566807e+00 7.0911460e+00 2.8046875e+00
  3.6819741e-01 3.2356915e-01 1.2258244e+00 2.6237383e-01 1.5902953e+00
  1.2609508e+00 0.0000000e+00 2.6887906e+00 1.4237246e-01 0.0000000e+00
  1.6733613e+00 1.1132150e+00 1.4788303e+00 2.6200264e+00 4.0890938e-01
  3.0577450e+00 1.4516296e+00 2.6671255e+00 3.8704231e+00 3.0724437e+00
  3.4139996e+00 2.1802902e-02 2.9319465e+00 3.4616709e-01 2.3113961e+00
  1.4575287e+00 2.1735861e+00 2.5624402e+00 4.0106031e-01 4.9263897e+00
  3.9729625e-01 2.0309043e+00 4.3883023e-01 1.1968271e+00 1.5705529e+00
  3.3984997e+00 0.0000000e+00]]