[[1.72541368e+00 1.29151829e-02 3.33584875e-01 2.15602565e+00
  1.02096200e+00 8.48679829e+00 5.61647081e+00 2.80845070e+00
  2.72630119e+00 1.63176787e+00 1.69627368e-01 4.49933720e+00
  3.37633443e+00 2.04114959e-01 6.56319708e-02 1.07480383e+00
  0.00000000e+00 1.05268478e-01 0.00000000e+00 6.17011642e+00
  8.35257545e-02 1.94620857e+01 3.40723502e-03 4.44963016e-03
  9.70016778e-01 8.61900139e+00 1.31450081e+00 0.00000000e+00
  8.01043928e-01 0.00000000e+00 1.44970036e+00 1.34115946e+00
  3.10847282e+00 1.95413649e+00 7.55144358e-02 1.79440633e-03
  2.56620550e+00 1.16693348e-01 1.17183578e+00 2.48122168e+00
  2.90649414e+00 9.18501616e-02 4.62451410e+00 1.00373483e+00
  1.95933139e+00 0.00000000e+00 6.65597618e-01 9.44440651e+00
  5.09921932e+00 3.12029362e-01 9.57618177e-01 5.56186974e-01
  1.94054222e+00 1.58773434e+00 2.59826756e+00 3.78270459e+00
  4.72328949e+00 7.25186825e+00 5.21372414e+00 0.00000000e+00
  0.00000000e+00 7.59551287e-01 3.88721943e+00 6.58855963e+00
  7.83441603e-01 1.72610676e+00 3.64462352e+00 7.69535005e-01
  4.09595776e+00 8.59606266e-01 3.89431739e+00 1.71592164e+00
  1.38537908e+00 5.99971104e+00 8.85648072e-01 0.00000000e+00
  1.17649460e+00 8.36837515e-02 0.00000000e+00 1.82377160e+00
  2.39879061e-02 5.01887846e+00 6.01015854e+00 0.00000000e+00
  3.89141965e+00 2.66011667e+00 2.21653998e-01 4.31280434e-02
  1.56531715e+00 1.39668441e+00 3.85261625e-01 4.43282890e+00
  1.19098866e+00 6.79282427e-01 1.12804472e-01 2.07419783e-01
  1.97920159e-01 1.43431211e+00 6.00757003e-01 5.92336714e-01
  2.56394172e+00 3.20952630e+00 7.97287560e+00 4.73646021e+00
  0.00000000e+00 4.74669516e-01 7.37627149e-01 2.23167375e-01
  1.16698265e-01 1.05175519e+00 1.22679818e+00 2.82499886e+00
  2.03449186e-02 7.15465117e+00 3.09539020e-01 1.36176661e-01
  7.03548241e+00 7.97040224e-01 3.05232406e+00 1.23934472e+00
  1.35372877e-01 0.00000000e+00 4.93497550e-01 6.88516474e+00
  1.29372299e+00 0.00000000e+00 7.81008065e-01 0.00000000e+00
  5.40875077e-01 2.00028419e+01 2.12606359e+00 0.00000000e+00
  1.17155113e+01 2.93354262e-02 5.98212890e-02 2.23317218e+00
  0.00000000e+00 2.51387328e-01 4.71609879e+00 3.16713047e+00
  7.50106037e-01 5.43305911e-02 2.23405576e+00 1.93167865e+00
  5.36515760e+00 2.38365936e+00 4.91332150e+00 1.11808491e+00
  7.24879265e-01 2.00946420e-01 9.70863152e+00 4.54304256e-02
  3.01889467e+00 0.00000000e+00 4.80992675e-01 2.19485807e+00
  7.85279274e-01 1.70349109e+00 1.08420283e-01 6.66495681e-01
  6.70148730e-01 2.68147492e+00 8.16200078e-01 0.00000000e+00
  1.03357267e+00 4.38121080e+00 0.00000000e+00 1.70054781e+00
  0.00000000e+00 4.14267969e+00 1.40440559e+00 6.68194368e-02
  2.33867502e+00 9.39492106e-01 6.85456514e-01 1.12238467e+00
  2.13607520e-01 6.28144622e-01 9.17289734e+00 2.30567098e+00
  5.05145645e+00 2.07995176e+00 8.39270592e+00 8.70072663e-01
  8.80206347e-01 2.69863868e+00 9.25571060e+00 4.52114224e-01
  1.28627646e+00 1.50109887e-01 7.78661633e+00 0.00000000e+00
  1.88336730e+00 1.56846342e+01 5.50104193e-02 0.00000000e+00
  2.49817222e-01 3.17110968e+00 7.09621131e-01 0.00000000e+00
  2.08150244e+00 0.00000000e+00 4.45425630e-01 0.00000000e+00
  9.30878162e+00 1.11425996e+00 0.00000000e+00 8.93786997e-02
  7.04011202e-01 2.55877519e+00 2.17770410e+00 1.15768480e+00
  3.80540043e-02 3.76764250e+00 1.52853131e-01 1.73245025e+00
  0.00000000e+00 2.30610728e+00 1.33027613e+00 2.72109985e+00
  1.46492705e-01 2.77030253e+00 5.13897324e+00 2.59683585e+00
  3.46696109e-01 7.62324691e-01 0.00000000e+00 4.91924286e-01
  2.74675894e+00 4.07117319e+00 2.52909207e+00 3.45635247e+00
  1.24455667e+00 8.94619167e-01 2.70352793e+00 5.33805072e-01
  1.39645770e-01 1.02705259e+01 6.61336929e-02 1.86148529e+01
  7.90209711e-01 0.00000000e+00 1.71165371e+00 3.41909385e+00
  5.77162075e+00 5.94957495e+00 9.73094654e+00 1.95045972e+00
  2.66104007e+00 9.55669880e-01 4.28828049e+00 2.18367338e+00
  4.20389700e+00 1.61631227e+00 1.61643302e+00 2.21212432e-01
  1.81456059e-01 3.05837083e+00 3.80291247e+00 2.98888445e+00
  0.00000000e+00 3.59301388e-01 0.00000000e+00 3.56530285e+00
  6.33954525e+00 5.75812960e+00 4.19548512e+00 3.92608833e+00
  4.61502266e+00 8.55860040e-02 1.10795784e+01 0.00000000e+00
  4.81317425e+00 8.07302380e+00 1.63794410e+00 1.27901483e+00
  2.66471267e+00 1.91375732e-01 7.06165582e-02 3.12200856e+00
  6.97202206e+00 7.63811016e+00 1.64249954e+01 0.00000000e+00
  4.51008940e+00 6.61883280e-02 1.27839875e+00 1.90789066e-02
  1.76002359e+00 1.00155675e+00 9.39132392e-01 4.89094794e-01
  9.43431759e+00 5.40808105e+00 3.23272681e+00 0.00000000e+00
  2.21985459e+00 4.47845697e-01 0.00000000e+00 0.00000000e+00
  2.44772482e+00 1.10006526e-01 6.27784157e+00 0.00000000e+00
  1.10748582e-01 1.38755298e+00 3.89214849e+00 2.40416527e+00
  6.81714296e-01 2.66296476e-01 1.76082134e+00 5.91755152e-01
  2.17252636e+00 0.00000000e+00 3.21888423e+00 5.96790910e-01
  1.10612679e+00 8.52732849e+00 3.56029987e+00 1.60461998e+00
  5.58000088e-01 8.97973835e-01 5.26577759e+00 2.98052132e-02
  3.15576762e-01 7.65411079e-01 1.29032822e+01 0.00000000e+00
  0.00000000e+00 0.00000000e+00 9.65803027e-01 3.05722833e+00
  2.26141167e+00 3.23255515e+00 4.22215223e+00 7.65112758e-01
  4.86228895e+00 5.32708406e+00 6.36606693e+00 3.72071624e+00
  9.78298113e-02 0.00000000e+00 1.13665588e-01 1.40292192e+00
  1.52918303e+00 1.83502996e+00 6.66683435e-01 5.13458312e-01
  4.38329190e-01 4.72944267e-02 1.81525743e+00 0.00000000e+00
  1.06678760e+00 2.83219934e+00 7.80783966e-02 4.52185303e-01
  2.02358675e+00 5.05372000e+00 2.31224179e+00 0.00000000e+00
  1.07129723e-01 2.17121374e-02 5.05381632e+00 6.45301521e-01
  9.20323563e+00 4.44846630e+00 7.20318794e+00 2.44360280e+00
  1.05993092e-01 9.35710371e-01 5.70926070e-01 4.21829253e-01
  9.59714699e+00 2.95376685e-02 2.13335633e+00 4.74468040e+00
  1.32583523e+00 7.22626352e+00 5.87502837e-01 1.22195041e+00
  5.39896774e+00 5.81581497e+00 0.00000000e+00 3.15432620e+00
  1.29666138e+00 2.87059927e+00 4.90290642e+00 0.00000000e+00
  4.32785302e-01 2.36914039e+00 1.82611728e+00 1.66691399e+00
  1.19511490e+01 3.06150079e+00 5.29103327e+00 1.56481206e+00
  5.64599276e-01 2.97914958e+00 7.01950264e+00 3.94859910e-01
  1.75562692e+00 4.56558371e+00 1.01644325e+00 5.11673164e+00
  6.02223301e+00 1.16263710e-01 0.00000000e+00 3.91990691e-01
  1.88912988e-01 4.76958132e+00 2.48281932e+00 9.52919602e-01
  0.00000000e+00 0.00000000e+00 2.92872334e+00 0.00000000e+00
  5.65098286e-01 1.51396692e+00 1.52608609e+00 1.04286917e-01
  1.03419125e+00 3.45943987e-01 1.95195043e+00 8.91001415e+00
  2.68217301e+00 3.40016276e-01 5.88720465e+00 1.08894234e+01
  0.00000000e+00 1.65505457e+00 4.06813294e-01 2.02182770e+00
  1.08670206e+01 2.56452203e+00 1.64398611e+00 4.03164244e+00
  2.70377123e-03 7.04508591e+00 2.23501873e+00 8.19479883e-01
  3.59123200e-01 4.43218470e-01 1.00261211e+00 9.58686054e-01
  3.62514758e+00 1.28956676e-01 2.25798917e+00 2.41207790e+00
  4.83707237e+00 5.43306112e-01 6.46834087e+00 3.94481993e+00
  9.53546166e-01 2.96395135e+00 2.88436294e+00 0.00000000e+00
  3.04758525e+00 2.25853491e+00 3.38323325e-01 1.53533471e+00
  8.91381073e+00 1.41746438e+00 0.00000000e+00 0.00000000e+00
  0.00000000e+00 8.48481655e-01 2.53484297e+00 2.09876969e-01
  2.81085205e+00 1.11025155e+00 2.17753887e+00 3.93103218e+00
  6.45984292e-01 9.92883587e+00 4.78766441e+00 4.05019641e-01
  9.47714508e-01 9.20578778e-01 5.91155708e-01 3.67520523e+00
  2.41599992e-01 4.96458918e-01 2.54341096e-01 2.44663715e+00
  2.55862892e-01 1.50088146e-01 4.76105356e+00 2.11803055e+00
  1.05674529e+00 9.83300507e-01 1.40376890e+00 3.44537663e+00
  0.00000000e+00 2.09362054e+00 1.63704133e+00 6.02082849e-01
  3.76581645e+00 6.18584013e+00 0.00000000e+00 5.97759068e-01
  7.84338713e+00 6.88767433e-01 0.00000000e+00 3.18179131e+00
  6.36153841e+00 3.36119324e-01 5.14443398e+00 4.04456496e-01
  9.83395934e-01 8.55516553e-01 1.11126274e-01 1.39893174e+00]]