[[4.23150986e-01 0.00000000e+00 7.02679932e-01 8.07827592e-01
  3.14202130e-01 7.45361185e+00 4.39385796e+00 1.10648718e+01
  2.55179572e+00 1.68786335e+00 4.86106286e-03 4.95359564e+00
  3.05853844e+00 1.03752220e+00 0.00000000e+00 8.28781605e-01
  6.66599095e-01 1.41174269e+00 0.00000000e+00 3.89517212e+00
  2.42547846e+00 1.88912735e+01 0.00000000e+00 2.50834060e+00
  2.92892146e+00 6.11861992e+00 1.22037423e+00 4.52844024e-01
  0.00000000e+00 0.00000000e+00 6.13094866e-01 1.05164683e+00
  2.15820765e+00 2.22742701e+00 1.76006362e-01 1.38667807e-01
  3.87112761e+00 3.17581177e-01 6.09707022e+00 1.34118485e+00
  7.89438105e+00 1.70167774e-01 5.80994701e+00 3.12554336e+00
  3.38515043e-01 4.68519300e-01 2.07300138e+00 9.30761433e+00
  1.64425218e+00 5.88604033e-01 2.56604290e+00 4.11640167e-01
  3.04729104e-01 0.00000000e+00 1.99367058e+00 3.64976096e+00
  4.48817921e+00 3.05549645e+00 3.76412487e+00 8.05616021e-01
  0.00000000e+00 3.16943407e-01 6.83180714e+00 6.54606962e+00
  2.22260937e-01 2.68983340e+00 5.06593800e+00 1.18588209e+00
  3.70790291e+00 4.23198605e+00 7.17670977e-01 4.39139032e+00
  2.78404212e+00 8.71103096e+00 9.18078601e-01 6.32556528e-02
  9.02647197e-01 3.49318933e+00 8.87884617e-01 3.69499946e+00
  1.02406919e+00 4.24164057e+00 3.64816046e+00 0.00000000e+00
  7.43648100e+00 2.78009033e+00 7.20061719e-01 4.51801151e-01
  3.56316614e+00 1.67053521e+00 8.87303650e-01 1.19596195e+01
  1.71044517e+00 2.66716599e+00 2.18597241e-02 5.94048798e-01
  5.33187270e-01 7.83403814e-01 0.00000000e+00 6.77401495e+00
  2.14682317e+00 4.77886009e+00 1.26020088e+01 5.93542957e+00
  0.00000000e+00 1.11100209e+00 2.60753930e-01 2.52040893e-01
  5.90427339e-01 1.01032555e+00 8.45989168e-01 4.47536612e+00
  0.00000000e+00 3.94021702e+00 3.85505944e-01 2.67124385e-01
  6.62504625e+00 9.26558435e-01 3.77516294e+00 2.43240881e+00
  1.23949841e-01 4.53751862e-01 1.90103364e+00 6.26368380e+00
  5.26720572e+00 2.92929316e+00 4.69089985e-01 3.90979908e-02
  8.15924740e+00 1.34207516e+01 2.54156494e+00 1.80273756e-01
  1.61630554e+01 2.36823097e-01 0.00000000e+00 1.79323876e+00
  0.00000000e+00 2.55824256e+00 5.56752253e+00 3.27058530e+00
  1.89172733e+00 0.00000000e+00 5.97950518e-01 3.65865517e+00
  8.62122631e+00 1.20621264e+00 6.19026899e+00 1.66156149e+00
  0.00000000e+00 8.92466754e-02 1.52477541e+01 7.65403062e-02
  1.90119374e+00 0.00000000e+00 6.63184822e-01 5.35943925e-01
  3.37459588e+00 7.35774219e-01 0.00000000e+00 4.30148616e-02
  1.45938516e+00 7.99159718e+00 6.84943199e-01 9.93008256e-01
  2.48395491e+00 7.78256702e+00 4.63026077e-01 1.18703938e+00
  0.00000000e+00 4.07235813e+00 2.80914098e-01 0.00000000e+00
  9.57397079e+00 3.41233969e-01 1.33987069e+00 5.32637239e-01
  3.31418142e-02 2.32694817e+00 6.99660110e+00 3.73833323e+00
  2.40954423e+00 2.71865463e+00 5.03659248e+00 1.62340033e+00
  5.50491476e+00 1.75920570e+00 1.68587952e+01 1.83490133e+00
  1.63711870e+00 2.75130808e-01 1.29508123e+01 0.00000000e+00
  1.85420573e+00 1.12897148e+01 5.83667338e-01 2.85197973e-01
  3.64511758e-01 6.65079784e+00 3.37007284e-01 0.00000000e+00
  1.38935649e+00 0.00000000e+00 4.09653950e+00 1.57173902e-01
  9.23603916e+00 1.19559717e+00 2.67413825e-01 0.00000000e+00
  2.34247316e-02 1.17862387e+01 4.00970459e+00 8.83113801e-01
  1.06936204e+00 1.49042714e+00 1.71183622e+00 2.70317888e+00
  6.63970172e-01 6.36513615e+00 3.70317388e+00 3.21822238e+00
  3.16040158e+00 2.74953914e+00 2.25634432e+00 4.78816271e+00
  1.73665702e+00 2.77545571e-01 0.00000000e+00 4.16341037e-01
  1.57439315e+00 2.93551946e+00 1.27931881e+00 2.05198240e+00
  2.70249635e-01 7.09261537e-01 3.00994229e+00 1.90380049e+00
  0.00000000e+00 7.14684868e+00 0.00000000e+00 6.63450956e+00
  6.81848109e-01 2.92034507e-01 6.42724812e-01 1.33651435e+00
  3.88748550e+00 9.73367596e+00 1.00330677e+01 1.59662223e+00
  2.63785505e+00 4.96037930e-01 1.81992888e+00 1.07518233e-01
  5.84346485e+00 1.59789383e+00 4.23885345e+00 0.00000000e+00
  3.74049604e-01 1.98309664e-02 8.71098900e+00 1.49837494e+00
  0.00000000e+00 3.66371453e-01 3.55390429e-01 1.03504562e+01
  2.36479139e+00 6.53064728e+00 1.39159656e+00 1.38940823e+00
  6.70372581e+00 1.10965347e+00 7.86177778e+00 0.00000000e+00
  1.01203418e+00 6.03465986e+00 8.29542446e+00 2.03289104e+00
  3.92499971e+00 0.00000000e+00 7.17628658e-01 3.54496026e+00
  1.17664175e+01 6.50844955e+00 1.78230400e+01 1.85794175e-01
  5.11362886e+00 0.00000000e+00 7.81652510e-01 1.04843378e+00
  1.45603395e+00 8.32155514e+00 2.80638319e-02 1.25741231e+00
  6.34179115e+00 5.70848227e+00 3.42164898e+00 2.21472502e+00
  5.00700617e+00 0.00000000e+00 1.34709552e-01 0.00000000e+00
  1.94810495e-01 6.55887783e-01 1.26201534e+00 0.00000000e+00
  0.00000000e+00 6.38113880e+00 7.35078669e+00 1.60962105e+00
  2.14804336e-01 5.06539965e+00 7.30253607e-02 2.87289083e-01
  3.81375122e+00 2.42117360e-01 4.09545660e+00 1.38499928e+00
  5.53173542e-01 9.65885353e+00 4.39133835e+00 3.56218457e+00
  4.34875697e-01 2.00979039e-01 7.92568588e+00 0.00000000e+00
  1.28467190e+00 1.45786488e+00 9.16922092e+00 2.17109267e-02
  1.52963698e-01 0.00000000e+00 1.44946074e+00 4.75563669e+00
  1.24501982e+01 3.11032796e+00 4.06327820e+00 1.71903265e+00
  4.91556931e+00 1.09884329e+01 8.01024532e+00 1.28106213e+00
  2.46999216e+00 0.00000000e+00 3.13707501e-01 1.14004397e+00
  1.24248505e+00 2.05128026e+00 1.95381129e+00 4.39313984e+00
  2.12452054e+00 6.14506960e-01 2.04751372e+00 1.32463217e-01
  2.31732464e+00 4.55099106e+00 4.80005115e-01 5.85710227e-01
  4.76753235e+00 4.48704100e+00 7.82770634e+00 0.00000000e+00
  1.13965406e+01 2.55085856e-01 8.11698437e+00 1.13725281e+00
  9.36780453e+00 1.45402992e+00 7.08470488e+00 2.97722012e-01
  0.00000000e+00 0.00000000e+00 1.93034267e+00 0.00000000e+00
  1.34413223e+01 2.57849753e-01 4.89345163e-01 9.84232807e+00
  1.04711795e+00 8.58538437e+00 7.31228948e-01 1.66439652e+00
  3.67536807e+00 7.34591341e+00 0.00000000e+00 1.91883290e+00
  1.36644650e+00 1.70296288e+00 4.66565895e+00 7.22300559e-02
  1.23566067e+00 2.15808105e+00 1.41500962e+00 3.88669968e-01
  5.00014782e+00 2.74451876e+00 6.11890841e+00 3.42867327e+00
  4.29633081e-01 4.03348923e+00 4.94486952e+00 7.65227795e-01
  9.10551429e-01 4.52591848e+00 3.72217268e-01 5.85437012e+00
  9.81796551e+00 7.04357982e-01 0.00000000e+00 7.62968242e-01
  1.11802888e+00 3.24072456e+00 2.94006252e+00 1.94880521e+00
  0.00000000e+00 2.94729471e-01 5.24624646e-01 1.22388399e+00
  8.39086473e-01 1.55454469e+00 9.24263000e-02 2.85028887e+00
  5.20923287e-02 1.48981166e+00 0.00000000e+00 7.53797197e+00
  2.67209172e+00 8.49151015e-01 3.95786238e+00 7.57971334e+00
  0.00000000e+00 3.58187646e-01 8.90250742e-01 2.88678974e-01
  1.46727085e+01 3.23105431e+00 1.60975146e+00 3.73576522e+00
  0.00000000e+00 7.77471161e+00 1.18264782e+00 2.86891913e+00
  1.44820464e+00 0.00000000e+00 1.66998398e+00 3.95100427e+00
  2.63234568e+00 4.85793725e-02 8.23758960e-01 4.31145096e+00
  2.11810136e+00 1.50121063e-01 1.03459940e+01 2.71992612e+00
  1.43472970e+00 1.16912520e+00 8.27254486e+00 0.00000000e+00
  2.91262293e+00 2.65679908e+00 0.00000000e+00 3.80727100e+00
  1.33346481e+01 6.00085378e-01 3.47959064e-02 0.00000000e+00
  3.32478166e-01 1.24939609e+00 2.31393099e+00 1.16799057e+00
  7.26688921e-01 3.80993366e-01 3.31949782e+00 5.65742874e+00
  3.18893552e+00 9.18005276e+00 1.61053061e+00 0.00000000e+00
  1.62605000e+00 1.67726707e+00 2.53890920e+00 8.10043621e+00
  4.45771426e-01 0.00000000e+00 8.05383399e-02 6.91989088e+00
  3.92426178e-02 0.00000000e+00 8.55966663e+00 1.42120457e+00
  2.48575643e-01 7.36499190e-01 8.43739137e-02 3.35703105e-01
  0.00000000e+00 4.25588036e+00 1.28470552e+00 0.00000000e+00
  1.07025585e+01 6.15738344e+00 7.23055243e-01 4.69792217e-01
  5.01429605e+00 6.66269660e-01 0.00000000e+00 1.30272722e+00
  1.69703352e+00 1.32200825e+00 5.91444302e+00 1.01316917e+00
  5.82848430e-01 1.10720265e+00 1.48200083e+00 7.97580957e-01]]