[[1.95965064e+00 3.62706214e-01 4.69242707e-02 0.00000000e+00
  2.03594834e-01 2.80971408e+00 2.26191235e+00 4.66533375e+00
  1.63805735e+00 5.57689965e-01 1.70604527e-01 4.60556984e+00
  2.07120538e+00 2.56252813e+00 1.08437932e+00 1.22418118e+00
  0.00000000e+00 6.04291558e-01 0.00000000e+00 2.87759471e+00
  6.97863325e-02 2.74640846e+01 0.00000000e+00 4.37853098e-01
  4.05110329e-01 5.03096867e+00 0.00000000e+00 7.46256173e-01
  3.72281611e-01 7.88725317e-01 0.00000000e+00 0.00000000e+00
  2.64378166e+00 1.66960156e+00 0.00000000e+00 0.00000000e+00
  2.77298164e+00 2.77084202e-01 6.70824003e+00 3.53854203e+00
  1.91070449e+00 0.00000000e+00 2.18936133e+00 9.86273229e-01
  2.08733416e+00 0.00000000e+00 4.00267792e+00 4.68589735e+00
  5.10634089e+00 6.35693192e-01 3.54351819e-01 2.74943322e-01
  1.12713397e+00 4.87306690e+00 2.93305898e+00 5.00832462e+00
  1.22049010e+00 6.49885321e+00 3.33383918e+00 5.30404076e-02
  1.44820952e+00 1.99662137e+00 9.06296062e+00 1.02924433e+01
  6.00306690e-01 7.83010423e-02 1.28261626e+00 1.39593720e+00
  2.65031457e+00 2.12117481e+00 8.37029099e-01 2.19875908e+00
  7.38146901e-01 6.47908354e+00 9.16255414e-01 0.00000000e+00
  0.00000000e+00 0.00000000e+00 2.10350558e-01 1.76790929e+00
  1.03776954e-01 3.83496881e+00 5.51256037e+00 0.00000000e+00
  3.99354887e+00 7.19073236e-01 8.18318009e-01 2.65792698e-01
  3.20741028e-01 6.56115770e-01 2.76081038e+00 6.33826435e-01
  4.49117780e-01 4.41666222e+00 0.00000000e+00 2.02278018e-01
  0.00000000e+00 2.92719722e+00 1.95689583e+00 2.24917516e-01
  1.79208291e+00 2.59119296e+00 1.09118004e+01 5.17207193e+00
  0.00000000e+00 2.07753730e+00 1.34800482e+00 5.48863292e-01
  0.00000000e+00 6.99734569e-01 6.17859699e-02 9.47719395e-01
  0.00000000e+00 6.28614330e+00 0.00000000e+00 0.00000000e+00
  5.75061417e+00 2.10716677e+00 2.43524671e+00 9.06167328e-01
  0.00000000e+00 1.95859790e+00 1.30886450e-01 6.59473515e+00
  1.73013985e+00 1.11045694e+00 4.90946591e-01 0.00000000e+00
  0.00000000e+00 2.53395653e+01 2.54917049e+00 0.00000000e+00
  5.67977858e+00 5.56228042e-01 3.42449546e-02 1.53407323e+00
  0.00000000e+00 3.17505717e-01 5.43596029e+00 6.29357529e+00
  9.66575027e-01 7.51139164e-01 3.43309641e+00 2.56900382e+00
  4.86847162e+00 1.10916054e+00 4.41094494e+00 4.25641865e-01
  1.11866879e+00 1.70718189e-02 8.43247414e+00 0.00000000e+00
  1.26877129e+00 0.00000000e+00 5.12254953e-01 3.54771924e+00
  3.01010251e-01 2.64400315e+00 2.26889476e-01 7.33035207e-01
  4.07167114e-02 1.27635717e+00 4.16197872e+00 4.16826606e-02
  1.08324945e+00 1.17533207e+00 8.84990580e-03 2.63940120e+00
  4.31867301e-01 2.04828811e+00 4.05449271e-01 9.73106980e-01
  1.02988510e+01 9.21574473e-01 1.68189734e-01 5.39746284e-02
  1.58831388e-01 0.00000000e+00 9.70177650e+00 4.61453819e+00
  5.75494576e+00 1.29224479e+00 3.13220906e+00 3.99354905e-01
  8.04720640e-01 1.74014449e+00 1.30448837e+01 5.69213212e-01
  2.43024564e+00 0.00000000e+00 1.03992090e+01 4.51834440e-01
  3.52027392e+00 1.79718800e+01 0.00000000e+00 1.00813940e-01
  0.00000000e+00 5.45273018e+00 1.00088966e+00 0.00000000e+00
  2.95548415e+00 0.00000000e+00 0.00000000e+00 6.82851613e-01
  6.40808916e+00 9.67930377e-01 0.00000000e+00 0.00000000e+00
  3.55603039e-01 8.86459064e+00 1.64305365e+00 1.77437067e+00
  0.00000000e+00 2.89010382e+00 1.63013414e-01 6.04389846e-01
  0.00000000e+00 3.46560568e-01 2.19193444e-01 2.40132976e+00
  1.47459245e+00 3.07037258e+00 2.28352094e+00 1.58363962e+00
  1.26995003e+00 2.10779738e+00 3.09142411e-01 8.99493456e-01
  1.47905815e+00 3.44689298e+00 0.00000000e+00 1.37340355e+00
  9.01627600e-01 2.51551318e+00 5.03008842e+00 0.00000000e+00
  2.25285795e-02 9.01480865e+00 8.53325188e-01 2.83057952e+00
  0.00000000e+00 8.92392516e-01 2.04069495e+00 2.98202682e+00
  2.09820724e+00 9.83117962e+00 1.27946196e+01 1.77990472e+00
  1.76503813e+00 1.66246676e+00 2.29950690e+00 2.67703152e+00
  3.12303758e+00 1.62762046e+00 4.77182674e+00 1.50452888e+00
  1.19421758e-01 4.03294849e+00 3.18058801e+00 9.88644838e-01
  3.60714048e-01 2.11297676e-01 0.00000000e+00 2.22915721e+00
  6.51377773e+00 6.42301989e+00 2.65195751e+00 2.80560207e+00
  3.79292393e+00 9.45767164e-01 7.69446230e+00 0.00000000e+00
  1.71384752e+00 3.36946797e+00 2.62970853e+00 2.07878542e+00
  2.69456148e+00 1.80918649e-01 3.64630401e-01 4.78784561e+00
  6.91298628e+00 3.26240420e+00 1.96218014e+01 0.00000000e+00
  2.13799930e+00 0.00000000e+00 2.57898855e+00 3.50578595e-03
  9.06593353e-03 2.93342996e+00 1.32467532e+00 6.48115873e-01
  5.46728373e+00 6.13530445e+00 2.36839724e+00 0.00000000e+00
  1.54840028e+00 1.36715996e+00 0.00000000e+00 0.00000000e+00
  1.32926691e+00 0.00000000e+00 3.85840464e+00 0.00000000e+00
  6.23602197e-02 1.74914837e+00 7.30566382e-01 9.73167360e-01
  9.97500956e-01 1.37880832e-01 4.85098630e-01 2.37616986e-01
  3.80300283e+00 0.00000000e+00 6.37906504e+00 2.12469876e-01
  2.35895061e+00 1.14430552e+01 2.82618141e+00 3.26346755e-01
  1.77358255e-01 4.98905689e-01 5.79994869e+00 1.54748291e-01
  4.13901538e-01 3.00761104e+00 8.15220833e+00 9.30239707e-02
  6.60198689e-01 0.00000000e+00 0.00000000e+00 5.78003740e+00
  3.24837595e-01 1.34852791e+00 3.26973152e+00 2.34666824e-01
  6.16008759e+00 8.61335576e-01 1.01565008e+01 1.28924656e+00
  0.00000000e+00 0.00000000e+00 0.00000000e+00 3.95105219e+00
  1.62437797e+00 1.35969937e+00 5.67143381e-01 3.41649413e-01
  2.74995208e+00 5.24771631e-01 1.15741646e+00 0.00000000e+00
  9.15968642e-02 1.82682049e+00 4.37554181e-01 1.45947456e+00
  1.96556151e+00 4.97664165e+00 3.04111242e+00 0.00000000e+00
  8.39374256e+00 5.86922327e-03 2.20459199e+00 2.99069464e-01
  7.34801197e+00 1.53937316e+00 9.75825214e+00 1.04565442e+00
  0.00000000e+00 1.50409055e+00 4.58405077e-01 1.47310066e+00
  8.76119900e+00 0.00000000e+00 1.62264156e+00 3.32835555e+00
  2.01610661e+00 4.44714785e+00 8.03890407e-01 8.63331854e-01
  7.96180439e+00 1.23482633e+00 8.33465606e-02 4.38671541e+00
  3.53423983e-01 2.45353675e+00 5.07335997e+00 0.00000000e+00
  1.15534854e+00 9.33112681e-01 1.33012152e+00 7.07620800e-01
  5.16334057e+00 3.17816901e+00 2.66704488e+00 2.68842196e+00
  1.40256608e+00 3.09935474e+00 3.55720019e+00 1.50628102e+00
  2.01007009e+00 1.20945930e+01 2.20196271e+00 3.09608221e+00
  3.38728809e+00 3.91128373e+00 0.00000000e+00 5.02226532e-01
  0.00000000e+00 1.80674219e+00 5.16714859e+00 3.58832538e-01
  6.16101265e-01 1.35362253e-01 1.70974839e+00 0.00000000e+00
  6.07460201e-01 4.28720564e-01 2.16378689e+00 4.85848576e-01
  8.60529661e-01 5.02574861e-01 8.00616682e-01 4.89739084e+00
  1.06172597e+00 8.38217080e-01 3.82688928e+00 8.29327393e+00
  0.00000000e+00 1.22520053e+00 2.77116013e+00 5.42644322e-01
  8.28773880e+00 1.21655333e+00 3.12626219e+00 4.59427547e+00
  6.68711126e-01 2.44832349e+00 2.84253621e+00 9.46905494e-01
  0.00000000e+00 0.00000000e+00 2.25945306e+00 4.49370556e-02
  5.83518445e-01 8.83122161e-02 2.62522006e+00 1.40175772e+00
  5.89421749e+00 6.02574527e-01 2.42234993e+00 1.45735967e+00
  3.21917129e+00 4.23929834e+00 6.43001509e+00 0.00000000e+00
  1.77286315e+00 1.13264215e+00 4.64586392e-02 1.10689640e+00
  4.51645613e+00 5.58728456e-01 7.57102549e-01 0.00000000e+00
  0.00000000e+00 2.69763559e-01 8.87526274e-01 5.91485262e-01
  3.24623227e+00 1.47212520e-01 5.66265643e-01 3.14775014e+00
  7.12035894e-01 5.02033138e+00 2.24123025e+00 3.99641752e-01
  2.57278234e-01 1.82498306e-01 1.21648125e-01 2.42044854e+00
  7.89408922e-01 0.00000000e+00 2.13646889e-01 1.73974490e+00
  0.00000000e+00 1.15902054e+00 6.64703512e+00 8.80052149e-01
  4.28551912e-01 1.79712737e+00 1.85126686e+00 5.10538912e+00
  0.00000000e+00 4.89551163e+00 8.39218915e-01 2.32859325e+00
  1.97717595e+00 8.49350739e+00 1.16278976e-01 7.62429059e-01
  3.97714877e+00 0.00000000e+00 1.07204294e+00 4.11940241e+00
  7.11016655e+00 2.32127741e-01 8.30156898e+00 3.30604851e-01
  5.53469419e-01 0.00000000e+00 2.29303503e+00 2.46721005e+00]]