[[1.1632184e+00 2.0126209e+00 1.0026922e+00 6.6946495e-01 4.7529754e-01
  5.1398463e+00 4.5247207e+00 5.1820798e+00 2.0169403e-01 1.3252558e+00
  3.8982439e-01 1.8243598e+00 9.5932150e-01 0.0000000e+00 0.0000000e+00
  1.0003290e+00 2.1388189e-01 4.1578788e-01 1.9920434e-01 3.9709451e+00
  5.9114844e-02 7.5646996e+00 2.7297640e-01 2.1722268e-01 1.5863900e+00
  8.5030470e+00 1.2025111e+00 1.5213660e+00 1.6245397e+00 9.3823171e-01
  4.6749434e-01 1.8959215e+00 1.5565522e+00 6.0366470e-01 6.8336302e-01
  2.2408325e-02 2.1061268e+00 1.3832463e+00 3.6008971e+00 3.5625905e-02
  3.5448182e+00 1.2931105e-01 5.9250486e-01 3.6471367e+00 1.6952733e+00
  2.2018285e+00 2.9634240e+00 4.6757083e+00 3.3617311e+00 3.4101337e-01
  4.0768037e+00 1.9872812e+00 2.7171275e-01 7.4940544e-01 1.0778059e+00
  2.9891632e+00 2.0236235e+00 3.2542024e+00 3.7228038e+00 1.5893394e+00
  1.1939783e+00 7.7454579e-01 3.7906742e+00 5.0944829e+00 5.9212190e-01
  1.3871058e+00 8.7061291e+00 2.1383212e+00 4.5920100e+00 5.8168898e+00
  1.1231635e+01 6.0374365e+00 2.7641013e+00 2.9242911e+00 1.6831588e+00
  0.0000000e+00 1.4629397e-01 5.5611199e-01 7.7657437e-01 0.0000000e+00
  3.1778139e-01 4.9592495e+00 3.8830676e+00 0.0000000e+00 1.0002995e+01
  4.3469729e+00 4.4921046e-01 2.2570007e+00 4.1160903e+00 0.0000000e+00
  7.2763968e-01 6.9466567e+00 8.4201306e-02 1.9625396e+00 2.8426450e-01
  0.0000000e+00 3.6894506e-01 8.0164826e-01 5.8784585e-02 2.5191450e+00
  2.9214253e+00 1.4423803e+00 1.6986108e+00 3.7172375e+00 3.7375212e-01
  7.3218948e-01 8.2302594e-01 6.7858809e-01 3.5076150e-01 1.6006435e+00
  7.2807640e-01 3.1833954e+00 1.2010919e+00 5.0033245e+00 0.0000000e+00
  2.5350711e-01 9.3262138e+00 5.1735312e-01 2.8430235e+00 9.6956873e-01
  1.0025287e+00 5.4255289e-01 1.7377412e+00 2.8402565e+00 4.1258636e+00
  7.3900449e-01 2.1329639e+00 0.0000000e+00 2.8362579e+00 9.8842249e+00
  1.9289888e+00 2.8733775e-01 4.1821585e+00 5.5964559e-02 9.9760687e-01
  4.0705237e+00 2.1496151e-01 9.3238187e-01 4.7156620e+00 0.0000000e+00
  1.9401575e+00 0.0000000e+00 2.8225272e+00 8.6737800e-01 7.3144293e-01
  1.2550981e+00 3.7617257e+00 7.5898153e-01 6.5253712e-02 4.0867135e-01
  1.2514114e+01 3.6659652e-01 2.4030123e+00 4.0224705e-02 1.7883955e-01
  0.0000000e+00 2.4582746e+00 5.6962520e-01 3.9687714e-01 7.1208555e-01
  0.0000000e+00 3.2646096e+00 3.0163419e-01 0.0000000e+00 1.1820191e+00
  6.3194723e+00 8.2475863e-02 4.9840516e-01 6.7818407e-03 2.9615374e+00
  4.1469014e-01 2.8047053e-02 6.4240465e+00 6.1686220e+00 2.1865373e+00
  1.3893371e+00 3.2219090e-02 5.5159181e-01 2.5367272e+00 3.4882298e+00
  5.1756916e+00 1.0574348e-01 9.7994184e-01 0.0000000e+00 3.9435799e+00
  2.1217389e+00 7.6983066e+00 2.2847142e+00 3.1303642e+00 3.3112195e+00
  5.4347110e+00 3.1910200e-02 3.2207423e-01 7.3376174e+00 8.7985195e-02
  1.3325512e+00 5.3736186e-01 3.8902891e+00 4.9000338e-01 0.0000000e+00
  2.6433523e+00 0.0000000e+00 1.2499630e+00 1.5422449e+00 1.0223470e+01
  2.5898271e+00 3.5603526e-01 4.4419089e-01 1.6477295e+00 5.2243476e+00
  3.8010855e+00 4.0149636e+00 1.6511124e+00 1.1218084e+00 2.1289206e+00
  1.7790614e-01 1.1258994e+00 1.4292419e+00 1.4555327e+00 2.6671038e+00
  2.7985677e-01 1.4641908e+00 2.0382280e+00 5.2914410e+00 1.7486418e+00
  2.1983259e+00 9.3013740e-01 7.2997785e-01 2.2852929e+00 2.7139750e+00
  1.6003689e+00 4.2771301e+00 9.2599913e-03 8.5772252e-01 1.6686168e+00
  8.7848288e-01 1.8386771e-01 9.9702015e+00 6.1218852e-01 2.8753521e+00
  6.6396534e-01 3.3156750e+00 1.0412393e+00 5.0271516e+00 4.7079735e+00
  3.2495008e+00 9.1177254e+00 2.2313311e+00 5.4444599e+00 1.2865779e-01
  2.2577944e+00 2.5667377e+00 3.7694721e+00 2.5794384e+00 1.3122543e+00
  1.9755299e+00 1.2882410e+00 2.1873634e-01 5.3512416e+00 4.5033169e+00
  0.0000000e+00 3.0286868e+00 7.4737079e-02 8.7573271e+00 3.8802114e+00
  1.0841596e+00 0.0000000e+00 7.6466089e-01 1.0099964e+01 1.1217828e+00
  6.9074664e+00 6.1480033e-01 1.1926621e+00 5.3524327e+00 2.2971025e-01
  4.6513901e+00 6.1014142e+00 1.6131118e-02 6.1313426e-01 3.5986326e+00
  1.7576400e+00 1.3557076e+00 9.6375856e+00 1.3293135e-01 2.5652022e+00
  7.3220991e-02 2.6247382e+00 5.3120029e-01 2.2317300e+00 2.2581267e+00
  2.2357501e-01 1.6203330e-01 6.4510803e+00 6.6359963e+00 2.6553812e+00
  1.2548578e+00 6.7524500e+00 2.3605799e-02 1.4728755e+00 0.0000000e+00
  1.0329224e+00 1.0502458e+00 6.7313247e+00 0.0000000e+00 3.8256884e-01
  2.0902398e+00 8.5648698e-01 3.6540051e+00 9.5819545e-01 9.4131594e+00
  3.2711937e+00 7.4497223e-01 1.0166435e+00 0.0000000e+00 1.4262445e+00
  9.5050097e-01 4.5191154e+00 8.3397427e+00 5.6125402e+00 1.8971825e-01
  0.0000000e+00 1.2914338e+00 4.3648143e+00 0.0000000e+00 2.2435336e-01
  5.3127847e+00 8.7737741e+00 0.0000000e+00 3.8828769e-01 4.7180185e+00
  1.5129410e+00 6.0788244e-01 2.1195767e+00 6.0804386e+00 3.4871721e+00
  3.5150740e+00 1.4352999e+00 7.7281203e+00 3.0708244e+00 5.0140476e+00
  1.5398681e+00 6.0959876e-01 3.0901423e-01 0.0000000e+00 3.6384399e+00
  2.2374931e-01 9.9608952e-01 1.1212965e+00 2.0043697e+00 0.0000000e+00
  1.9281923e+00 6.5010673e-01 1.7737947e-01 3.2217640e-01 2.5212965e+00
  1.3310606e+00 4.8420701e+00 3.2718852e+00 3.7480507e+00 6.0107980e-02
  6.6289827e-02 2.7077558e+00 8.6635962e+00 1.0019832e+00 2.9018049e+00
  5.4397707e+00 9.0268488e+00 5.8653239e-02 5.7037616e-01 0.0000000e+00
  4.5628272e-02 1.4073214e-01 1.0746933e+01 0.0000000e+00 4.1345778e+00
  5.0001068e+00 1.3102301e+00 7.4976406e+00 7.3677346e-02 2.2157643e+00
  1.9951923e+00 5.6962409e+00 2.4985683e-01 5.4772525e+00 1.4751364e+00
  8.6695296e-01 6.1079836e+00 1.3194343e-01 3.1334317e-01 5.8180113e+00
  2.5384760e+00 4.1045103e+00 2.3357918e+00 2.5003574e+00 7.0008030e+00
  9.7871453e-01 5.4807734e-01 2.3287733e+00 5.0919514e+00 2.1118507e+00
  8.9951253e-01 3.4502411e+00 3.7625103e+00 4.2596927e+00 4.2542534e+00
  2.5365739e+00 0.0000000e+00 6.1254096e-01 4.0814963e-01 3.9799407e+00
  4.8712593e-01 2.4027941e+00 0.0000000e+00 0.0000000e+00 1.7359221e+00
  9.5320570e-01 3.6433257e-02 4.3525112e-01 1.2808901e-01 7.5623989e-01
  3.6393270e-01 2.5318298e+00 3.9396913e+00 2.7825003e+00 8.9889975e+00
  2.1757788e-03 3.4872713e+00 5.3111153e+00 0.0000000e+00 2.4950461e+00
  5.4187882e-01 3.3771441e+00 1.0707063e+01 2.9592152e+00 8.9741498e-01
  3.1832297e+00 8.8320255e-01 5.5167546e+00 1.0989993e+00 4.5298830e-01
  1.3381814e+00 1.0009562e+00 1.2831820e+00 1.0822091e+00 1.3689641e+00
  1.0060902e-01 4.2302303e+00 2.7064810e+00 3.7744031e+00 1.2838964e+00
  1.0897944e+01 3.3916450e+00 9.7205549e-02 3.2141428e+00 3.7846575e+00
  6.6293836e-02 8.6729097e+00 2.6719635e+00 1.3215684e+00 3.6403188e-01
  1.5759952e+01 3.0546123e-01 8.3872668e-02 0.0000000e+00 0.0000000e+00
  8.5176468e-01 9.6363986e-01 2.2551501e+00 5.2273381e-01 6.8406057e-01
  1.5566553e+00 2.7416545e-01 2.2304428e+00 6.2420349e+00 9.9036849e-01
  5.2861196e-01 1.2309163e+00 4.1962104e+00 4.9665448e-01 5.0266790e+00
  9.4593656e-01 1.8190947e+00 2.5308111e-01 3.2096269e+00 5.7681322e-01
  4.3904085e+00 7.1194234e+00 6.9702335e-02 3.1461527e+00 3.1481661e-02
  7.0601076e-01 6.0111272e-01 0.0000000e+00 4.6799798e+00 2.9354045e+00
  8.5031813e-01 4.5964112e+00 3.8365943e+00 4.2540285e-01 7.0844591e-01
  6.0269914e+00 1.1222889e+00 0.0000000e+00 1.4726037e-01 5.9244380e+00
  6.4043075e-01 3.2137580e+00 9.4787455e-01 3.4375662e-01 2.0421538e+00
  3.6165416e-01 5.5748916e-01]]