[[2.96911746e-01 2.56584907e+00 3.56475234e-01 5.04347496e-03
  5.30499101e-01 6.55731869e+00 3.53959012e+00 8.12885463e-01
  1.20179260e+00 9.72713232e-01 6.08350992e-01 2.50179935e+00
  8.58753026e-01 4.13695365e-01 7.77587518e-02 4.99463767e-01
  1.40144303e-01 1.47380590e+00 1.79899797e-01 5.96720314e+00
  2.09514451e+00 2.04951954e+01 4.27245982e-02 3.74511957e+00
  1.85675895e+00 1.25053453e+01 1.63580999e-01 6.20194137e-01
  4.01075870e-01 1.14953369e-01 0.00000000e+00 3.12284851e+00
  2.46716952e+00 1.49243116e+00 1.12866901e-01 0.00000000e+00
  9.56661224e+00 4.36987728e-01 7.01691532e+00 2.47055840e+00
  6.68126202e+00 0.00000000e+00 2.25376892e+00 4.77977991e-01
  6.18421614e-01 3.75900008e-02 1.72856486e+00 3.99751210e+00
  1.99494433e+00 1.12015486e+00 1.64146864e+00 8.17832172e-01
  0.00000000e+00 1.56765636e-02 2.29923487e+00 2.58551574e+00
  1.44610941e+00 5.83496761e+00 5.98713970e+00 9.07683671e-02
  1.20715034e+00 1.35051966e+00 2.83564687e+00 7.52260923e+00
  1.77656102e+00 3.94436151e-01 7.16766214e+00 6.18994474e-01
  5.47872365e-01 5.38249540e+00 1.71136737e+00 4.89868307e+00
  4.77510929e+00 3.65170908e+00 1.33033708e-01 5.01422547e-02
  3.87469158e-02 1.13973543e-01 8.42123508e-01 3.07586074e+00
  2.65761638e+00 1.46243083e+00 2.49061894e+00 0.00000000e+00
  3.81000853e+00 4.85304505e-01 3.28707147e+00 9.99956071e-01
  5.59530401e+00 1.04334641e+00 1.11895919e+00 9.16645908e+00
  1.12198341e+00 3.32639766e+00 1.19701707e+00 1.42435360e+00
  5.58322191e-01 1.67554510e+00 2.76875496e-01 8.42661190e+00
  3.01715255e+00 3.85405612e+00 1.55787058e+01 6.04628325e+00
  0.00000000e+00 3.18345404e+00 0.00000000e+00 3.84961158e-01
  0.00000000e+00 6.67735636e-01 3.42340302e+00 4.44891977e+00
  3.37227374e-01 1.16458292e+01 1.75676620e+00 8.35795179e-02
  6.71536303e+00 1.00196540e-01 4.60169458e+00 1.05263758e+00
  0.00000000e+00 2.23171926e+00 0.00000000e+00 6.04544735e+00
  8.12277317e+00 3.21137279e-01 0.00000000e+00 4.34724033e-01
  6.13594198e+00 1.79444103e+01 1.50152035e-02 6.44585341e-02
  1.10893507e+01 2.19551206e-01 0.00000000e+00 8.27794373e-01
  3.95601392e-01 4.49031591e-01 5.54180479e+00 0.00000000e+00
  8.02144647e-01 2.10476611e-02 6.79290354e-01 1.76762223e+00
  5.94134331e+00 1.39934254e+00 2.41809106e+00 1.88194954e+00
  1.17794859e+00 2.91690171e-01 5.49381447e+00 5.77111125e-01
  1.31619322e+00 0.00000000e+00 7.57061064e-01 0.00000000e+00
  2.75983071e+00 6.45345688e-01 8.46028402e-02 1.83431947e+00
  1.92995620e+00 3.95516253e+00 8.24240863e-01 0.00000000e+00
  1.54682708e+00 5.25936508e+00 1.71710793e-02 7.08013415e-01
  0.00000000e+00 2.51359773e+00 3.95351219e+00 8.14963877e-02
  1.02966490e+01 2.15416360e+00 1.58335733e+00 1.06071629e-01
  0.00000000e+00 3.75987619e-01 1.03893671e+01 9.57281303e+00
  2.00243258e+00 1.11422205e+00 3.80583429e+00 1.33101308e+00
  5.23494422e-01 1.57594740e+00 1.39989347e+01 3.81241560e+00
  3.21578479e+00 2.97548079e+00 1.06006718e+01 0.00000000e+00
  1.42553818e+00 8.05725002e+00 4.71799642e-01 0.00000000e+00
  7.07380697e-02 4.16370964e+00 1.67448783e+00 0.00000000e+00
  6.85949206e-01 8.87526721e-02 2.60516453e+00 3.16758323e+00
  3.84234405e+00 6.97561085e-01 4.07253295e-01 0.00000000e+00
  2.76657224e-01 8.70226955e+00 4.89606094e+00 2.05284238e+00
  1.64102510e-01 2.44727492e+00 1.21449757e+00 2.82742620e+00
  0.00000000e+00 6.43677378e+00 2.13716030e+00 2.80073333e+00
  8.63199615e+00 4.81773949e+00 4.06168985e+00 9.59215355e+00
  2.60394168e+00 2.74551463e+00 6.50720373e-02 7.02395976e-01
  6.17472172e-01 2.17378330e+00 9.97310340e-01 2.94169545e+00
  1.48250028e-01 2.15060639e+00 2.44479346e+00 2.89871059e-02
  7.03438997e-01 6.60274792e+00 1.76628590e+00 2.84124517e+00
  2.32342243e+00 1.55000597e-01 1.60788202e+00 8.15609515e-01
  2.68310833e+00 9.95519257e+00 6.55073929e+00 3.69954288e-01
  2.66863632e+00 9.00692761e-01 6.01833057e+00 3.34961033e+00
  3.66321850e+00 1.60305798e-01 4.55398560e+00 1.31657088e+00
  5.59086911e-02 4.86376810e+00 3.98991060e+00 1.81809187e+00
  1.39037001e+00 0.00000000e+00 1.45767890e-02 6.85368872e+00
  1.53721499e+00 6.93259668e+00 0.00000000e+00 2.80550957e+00
  2.12491417e+00 6.70209289e-01 1.85166252e+00 3.14776301e-02
  2.68915743e-01 7.14530468e+00 4.35270119e+00 1.14968383e+00
  2.39500093e+00 1.09856330e-01 2.19012642e+00 2.70974803e+00
  8.65313244e+00 1.12327471e+01 1.94605942e+01 8.52544188e-01
  2.50294834e-01 1.02057230e+00 6.66312635e-01 3.12060046e+00
  1.02678061e+00 8.01101589e+00 2.01616466e-01 2.85294533e+00
  7.88839054e+00 4.85957289e+00 3.56099319e+00 1.90892839e+00
  1.39236128e+00 0.00000000e+00 3.39399695e-01 0.00000000e+00
  2.33727503e+00 4.47676945e+00 4.89450932e+00 0.00000000e+00
  3.42071384e-01 5.70271063e+00 2.44475579e+00 2.60568619e+00
  6.31248116e-01 8.92290995e-02 1.51826024e+00 1.38250124e+00
  2.60689569e+00 0.00000000e+00 5.83486176e+00 1.30338311e-01
  2.17919350e+00 1.20389519e+01 5.46378613e+00 9.67904985e-01
  3.06731850e-01 1.79232645e+00 3.57997727e+00 1.45490146e+00
  3.84326354e-02 8.88427448e+00 5.38850498e+00 0.00000000e+00
  0.00000000e+00 0.00000000e+00 4.02535021e-01 3.19442344e+00
  5.63925171e+00 9.01560724e-01 3.04102850e+00 6.34234905e-01
  3.02729559e+00 8.39952469e+00 1.45415573e+01 2.78458238e+00
  1.10565329e+00 0.00000000e+00 0.00000000e+00 2.75395179e+00
  4.49634701e-01 4.70449924e+00 9.97962654e-01 1.03363848e+00
  1.17975426e+00 6.57948136e-01 1.74064314e+00 1.12192440e+00
  0.00000000e+00 3.88067961e+00 4.62488174e-01 1.76621819e+00
  1.71420205e+00 5.65792465e+00 5.59901476e+00 3.05567663e-02
  2.13184681e+01 6.00897968e-01 8.96077347e+00 2.08099615e-02
  7.72460508e+00 1.22522593e+00 4.07785892e+00 2.15313673e+00
  0.00000000e+00 9.88064557e-02 5.88565528e-01 6.36855960e-01
  7.45327568e+00 2.85704046e-01 7.53021479e-01 3.33978343e+00
  1.05439827e-01 1.28082361e+01 1.56929827e+00 1.46309543e+00
  3.58140135e+00 4.72341490e+00 4.78908330e-01 1.52563012e+00
  1.69053686e+00 5.54122734e+00 9.19761479e-01 2.17224099e-02
  5.83465385e+00 2.73451638e+00 1.45244300e+00 2.18462038e+00
  4.29901361e+00 2.11341286e+00 2.86275339e+00 2.53017807e+00
  3.20138872e-01 3.77381372e+00 2.81893110e+00 2.15598178e+00
  4.54110682e-01 4.42255306e+00 6.32835805e-01 7.25381231e+00
  6.88005829e+00 1.22935724e+00 1.07082260e+00 2.57033706e+00
  9.64501917e-01 2.35177541e+00 4.07575321e+00 3.69135857e+00
  0.00000000e+00 4.68540072e-01 5.33141708e+00 0.00000000e+00
  8.60896349e-01 1.87346709e+00 0.00000000e+00 1.44766653e+00
  7.53232539e-01 1.41621101e+00 0.00000000e+00 5.54577017e+00
  9.50555921e-01 2.31502399e-01 2.81477332e+00 5.77592754e+00
  2.74620932e-02 1.10617745e+00 3.17336154e+00 1.88148808e+00
  1.12905817e+01 4.33070660e+00 1.37776577e+00 7.41206503e+00
  0.00000000e+00 1.04671030e+01 5.77283669e+00 5.12194967e+00
  8.83402467e-01 1.11164069e+00 2.91509199e+00 7.06996992e-02
  3.96624589e+00 7.37658024e-01 5.47490454e+00 7.38372624e-01
  6.48274601e-01 4.52113569e-01 7.37855816e+00 3.33667684e+00
  1.62896109e+00 7.37270951e-01 8.63511848e+00 1.74167800e+00
  2.61623192e+00 1.25521207e+00 5.37851043e-02 1.51735532e+00
  1.22333336e+01 2.80548286e+00 1.40062004e-01 1.01389125e-01
  6.89187884e-01 4.92187858e-01 2.31853652e+00 5.70772946e-01
  1.51637304e+00 1.90497339e-01 5.86658359e-01 2.72211480e+00
  5.23640096e-01 5.90310669e+00 4.45095253e+00 9.91785765e-01
  1.81790042e+00 1.64780331e+00 5.21842122e-01 3.63388467e+00
  1.76837254e+00 1.80447733e+00 1.05107777e-01 3.72402620e+00
  0.00000000e+00 0.00000000e+00 6.35122204e+00 2.02199340e+00
  4.15364876e-02 1.05550992e+00 1.47593522e+00 6.43352151e-01
  5.84740520e-01 4.05710411e+00 4.29922909e-01 1.21396041e+00
  5.68887901e+00 6.31743193e+00 5.25967598e-01 5.05167961e-01
  6.94102859e+00 1.65741280e-01 3.98451984e-01 1.22444010e+00
  5.23266363e+00 3.54878277e-01 6.94082880e+00 2.11679384e-01
  5.22497773e-01 1.74167836e+00 2.66859961e+00 2.85135293e+00]]