[[5.6792731e+00 4.3618116e+00 3.8094268e+00 1.1866637e+00 2.9481487e+00
  1.8144265e-01 3.1712255e-01 1.5212711e+00 5.2526522e-01 4.0579253e-01
  4.4925361e+00 2.9131753e+00 3.5569723e+00 1.1901671e+00 4.4363934e-01
  3.6908653e-02 6.5204749e+00 2.1271944e+00 6.9080555e-01 1.3851588e+00
  0.0000000e+00 2.8358419e+00 0.0000000e+00 1.0849039e+01 1.1434492e-01
  1.0286038e+00 0.0000000e+00 7.1833091e+00 2.1882197e-01 9.3627930e-01
  3.2031092e-01 5.0154275e-01 2.7526855e-01 1.0411794e-01 6.3438416e+00
  1.3263468e+00 6.5986997e-01 2.4368905e-01 3.1562965e+00 2.2845337e+00
  4.8798213e+00 6.6748512e-01 2.9664090e+00 2.5202091e+00 6.5291221e-03
  3.6376676e-01 2.4145725e+00 9.2262125e+00 4.2166281e+00 1.9054506e+00
  2.4288660e-01 2.0983031e+00 4.3078482e-01 3.7138438e+00 1.6035686e+00
  2.4789696e+00 9.8580295e-01 2.8151767e+00 3.8842561e+00 1.1987045e+01
  3.7561097e+00 1.2566930e+00 5.7096605e+00 2.6022353e+00 7.0496696e-01
  8.0341369e-01 9.5076054e-02 7.2901445e-03 2.8256893e+00 0.0000000e+00
  3.3394277e+00 4.2849803e-01 2.9332134e-01 6.3034904e-01 2.0367119e+00
  1.7540549e+00 3.1444304e+00 8.1501168e-01 8.9149940e-01 6.0997472e+00
  0.0000000e+00 2.8062522e+00 2.8090715e-01 6.5681248e+00 2.3205166e+00
  7.2368956e+00 1.1091749e+01 3.5860078e+00 7.2677507e+00 9.0194712e+00
  5.9797204e-01 4.1584039e-01 2.7127371e+00 1.6622765e+01 3.5673065e+00
  1.6693841e+00 6.2477298e+00 2.1215840e-01 4.1451149e+00 2.7518263e+00
  0.0000000e+00 1.5782435e+00 9.3020401e+00 1.0560811e+00 4.9130511e+00
  0.0000000e+00 6.2050480e-01 1.9928713e+00 0.0000000e+00 4.3824334e+00
  9.7120243e-01 6.3535172e-01 2.3476088e+00 6.6386896e-01 9.8365337e-02
  1.8518873e-01 5.8812075e+00 5.7918084e-01 3.6095908e-01 3.9400980e-01
  5.3927035e+00 1.1567530e-02 2.2594687e-01 5.7586555e+00 9.7542220e-01
  1.4636484e+01 1.0703549e-02 5.2404547e+00 2.2767170e-01 3.6706522e+00
  4.4918633e+00 3.0422950e+00 8.6875898e-01 5.6339769e+00 1.0161629e+00
  5.2889714e+00 3.4948750e+00 4.1165862e+00 9.3060130e-01 2.1735613e+00
  1.4583074e+00 3.8964455e+00 9.1469014e-01 2.2166042e+00 2.4128578e+00
  2.5876355e-01 8.3747158e+00 2.4185274e+00 2.7813184e-01 8.0135632e+00
  1.9232337e-01 1.9030565e+01 4.5775571e+00 6.3134942e+00 4.9360676e+00
  5.0310874e+00 1.0586559e+00 3.7323913e-01 2.3783920e+00 4.4042873e+00
  3.3308237e+00 1.8262796e+00 5.2363009e+00 1.6366898e+00 1.4289390e-01
  1.7187403e+00 2.8351095e+00 1.5869777e+00 2.0038764e+00 4.5461118e-01
  1.0957632e-01 4.6391040e-01 1.8091135e+00 3.0295622e+00 1.7247033e+00
  1.0953215e+00 0.0000000e+00 2.6413354e-01 8.1038342e+00 5.4118381e+00
  5.4341286e-01 7.3375863e-01 1.7849784e+00 7.3671799e+00 2.4470711e+00
  1.0761478e+00 1.1758581e+01 1.6235887e+00 1.5071040e+00 1.4208281e+00
  9.5344954e+00 1.3652496e+00 3.4697694e-01 4.8343625e+00 0.0000000e+00
  1.9590460e+01 3.5266366e+00 0.0000000e+00 1.3210421e+00 1.2994035e+01
  7.2426639e+00 7.1096204e-02 5.5693550e+00 1.6011348e+00 3.5817879e-01
  7.9225975e-01 1.1324284e+01 1.8826903e+00 6.7951477e-01 4.5091286e+00
  1.5299549e+00 7.0536160e-01 4.4843379e-01 9.2763489e-01 9.1858244e+00
  5.7236557e+00 7.9744201e+00 2.6705585e+00 4.6312636e-01 9.7065049e-01
  6.7441025e+00 4.6555815e+00 6.7574835e-01 3.3150125e+00 5.1235217e-01
  5.2234364e-01 1.4118696e+00 7.3753099e+00 0.0000000e+00 4.8942428e+00
  3.0518420e+00 5.3693807e-01 1.6107725e+01 2.9528603e-01 2.6440591e-02
  5.9699016e+00 5.4275122e+00 1.1618643e+00 4.2782912e+00 1.0633399e+00
  9.3907099e+00 1.9969735e+00 3.0277762e+00 1.0304095e+01 1.5029205e+00
  2.7330709e+00 9.9258773e-02 6.5262370e+00 6.0275680e-01 3.8850932e+00
  8.9654036e+00 1.0439322e-01 1.1321419e+00 3.2569885e+00 7.5489488e+00
  6.1514831e+00 8.0926943e-01 6.2087190e-01 2.5128298e+00 0.0000000e+00
  4.8015401e-01 1.6623672e+00 1.0195578e+01 4.1044262e-01 0.0000000e+00
  9.2474537e+00 2.7482748e+00 2.7260013e+00 1.6234713e+00 1.7105078e+00
  1.0601878e+00 8.1928813e-01 7.7862374e-02 9.8130502e-02 2.9110470e+00
  0.0000000e+00 1.5889813e+00 9.7882538e+00 3.5865085e+00 3.9628806e+00
  7.9003272e+00 4.4673200e+00 5.2375323e-01 1.3828321e+01 2.4461465e+00
  1.1266688e-02 7.7298245e+00 3.5187829e+00 1.7113505e-01 3.4046986e+00
  2.1232226e+00 4.8897185e+00 1.7614849e+00 1.4040037e+00 1.3319160e+00
  5.2346129e+00 8.6138822e-02 2.9186676e+00 6.8488765e-01 0.0000000e+00
  4.5313210e+00 1.0259298e+01 6.5406899e+00 3.9569263e+00 2.4048831e+00
  1.9865007e+00 4.1983187e-02 1.3979604e+00 2.0945275e-01 3.0116506e+00
  2.0436633e+00 5.6935754e+00 3.4328721e-02 1.5217193e+00 0.0000000e+00
  1.3903588e-01 1.0859258e+00 1.5361003e+00 1.5784419e+00 2.3665590e+00
  1.5194404e-01 1.5714335e+00 3.9096143e+00 6.2594519e+00 6.0071006e+00
  1.6951221e+00 4.2475958e+00 9.1923695e+00 4.6934166e+00 9.5033675e-02
  5.6113968e+00 2.1020173e-01 3.7035099e-01 2.2862833e+00 5.5093408e+00
  3.9193535e+00 2.8502016e+00 0.0000000e+00 1.3014648e+01 4.0867490e-01
  5.2728736e-01 3.8567376e+00 5.4680294e-01 1.0701530e+01 1.3627712e+00
  0.0000000e+00 1.1782114e+01 4.3798394e+00 1.4039654e+00 2.4817216e+00
  9.3628359e+00 0.0000000e+00 0.0000000e+00 0.0000000e+00 3.2456205e+00
  5.7379235e-02 3.4951627e+00 3.0323901e+00 3.5533229e-01 8.5398245e+00
  6.1420879e+00 1.1287963e+00 3.0081370e+00 3.8509040e+00 7.8267236e+00
  9.4281465e-01 5.4121161e-01 5.8318129e+00 4.5598617e+00 9.2385330e+00
  2.4194009e+00 4.9897189e+00 0.0000000e+00 1.8499440e+00 3.5202248e+00
  1.8235661e+00 1.8781841e+00 1.2872033e+00 3.5807421e+00 1.1252229e+00
  0.0000000e+00 1.2526965e+01 5.8552365e+00 6.1278802e-01 0.0000000e+00
  7.3137741e+00 1.4448085e+00 9.5989591e-01 1.1030846e+01 0.0000000e+00
  6.6195865e+00 3.3515877e-01 5.7859558e-01 1.7525883e-01 4.9258986e+00
  1.7009082e-01 9.4105065e-01 8.5900730e-01 3.7933910e+00 1.0520548e+00
  8.4588921e-01 2.9565003e+00 9.6894920e-02 4.8697639e+00 1.5676143e+00
  3.7865298e+00 6.3663769e-01 3.4228882e-01 0.0000000e+00 1.2447656e+00
  3.1195242e+00 2.8999569e+00 1.0664963e+01 0.0000000e+00 2.9453905e+00
  4.2273468e-01 5.9362602e+00 5.8523493e+00 1.9678503e+00 1.0078290e-01
  7.1169944e+00 5.2388511e+00 0.0000000e+00 1.1975020e+00 9.7862947e-01
  1.1459372e-01 3.5217316e+00 2.5820500e-01 4.3365545e+00 4.1533389e+00
  3.5029249e+00 7.6346827e+00 4.5826645e+00 8.9958057e+00 2.7537556e+00
  9.4983029e-01 1.3817027e+00 1.1353295e+00 5.8786402e+00 5.6675011e-01
  2.7898793e+00 5.4651027e+00 2.9914197e-01 6.2117710e+00 1.9749234e+00
  3.5338197e+00 1.1523780e+00 9.9411386e-01 4.2462854e+00 2.2579095e+00
  1.8418732e+00 5.7693725e+00 8.4229584e+00 4.1575842e+00 6.2114291e+00
  9.0456653e-01 1.0135627e+00 3.1047041e+00 3.0698259e+00 5.4215150e+00
  2.2611904e-01 3.4506638e-02 1.8378620e+00 4.9414724e-01 9.5200586e-01
  7.3842101e+00 2.1812935e+00 1.1388272e+00 6.5124035e-01 3.4358697e+00
  3.3216360e-01 1.1826525e+01 3.3259480e+00 2.1468437e-01 3.3942914e+00
  1.0933018e+00 2.3657787e+00 0.0000000e+00 1.0391097e+00 3.8255062e+00
  4.2522864e+00 3.3886950e+00 0.0000000e+00 3.4886575e+00 1.2341552e+00
  2.2249529e-01 0.0000000e+00 0.0000000e+00 1.6199696e+00 3.1610746e+00
  1.1058352e+01 5.0685573e+00 4.2497940e+00 7.4466175e-01 8.2010393e+00
  4.8023251e-01 7.7709681e-01 2.2213365e-01 2.1301453e+00 5.1168174e-02
  1.1756766e+00 3.9404741e-01 1.9336721e-01 1.1311790e+00 3.7503674e+00
  1.8006074e+00 1.0593181e+00 2.9935486e+00 4.4286666e+00 2.7239017e+00
  7.9780555e-01 0.0000000e+00]]