[[ 2.2780876   6.9921713   1.709857    0.9793055   0.81265485  5.048632
   1.3431548   1.9486744   1.9677553   0.4127574   2.719527    5.3126326
   0.          2.303304    1.5777018   0.7447106   4.011009    1.0151871
   0.19838378  8.826484    5.5317      3.789675    4.267662    0.40433517
   0.21823883  7.3506837   0.02453198  1.2192025   2.3511305   0.50658613
   0.          1.3433125   0.07852839  2.6102154   0.04814828  1.4663574
   5.512763    0.21922332  5.6202736   3.2973087   4.700613    4.5972385
   2.0812206   6.837032    0.02023736  0.7846088   1.1691904   0.
   3.5437727   0.6105973   3.6297574   4.2872605   1.14623     0.5627457
   7.707745    3.2274525   1.2212642   2.921117    0.          4.725996
   2.1501904   4.1004043   9.595759    3.8167531   0.546421    2.4923406
   0.6331613   0.5925828   0.          7.0060225   3.3280203   1.7573541
   0.09986854  2.3341694   5.026046    2.3619933   0.18295866  3.92619
   5.5009494   0.07417826  0.06477429  3.266501    2.2141356   2.086424
   5.9190865   1.872998    2.8172214   5.002958    6.4829655   0.26622605
   2.5298054   1.8861307   0.3023644   1.7116374   4.4828844   0.2184711
   3.6660495   0.6133479   0.4175517   5.8085504   3.9891489   2.1516027
   2.2693815   4.6505375   0.5742829   0.25021338  0.7243393   0.41378444
   3.6281066   1.7103953   0.          1.3692707   0.25464436  2.1841414
   0.33176002  0.06865303  6.9306817   3.031233    0.22663398  4.8086877
   0.8635644   2.1737309   0.3327721   6.4699435   3.8843172   3.186904
   0.477419    0.2784223   3.3396523   5.9491014   2.5663908   4.575504
   2.3776011   0.91809344  0.          0.35331073  1.0950682   0.21390799
   3.6738272   8.736136    0.52364135  0.30429     0.4053028   4.3668656
   0.9037193   2.0576236   1.6938857   0.          0.04809572  1.1024321
   0.          0.5223821   2.6609647   3.5524273   0.15793031  0.6598816
   0.          3.8347795   2.276705    2.3560991   0.05934294  2.8650026
   5.1997604   0.31126553  3.471735    6.629305    0.1028217   2.0011237
   0.0511885   5.7408075   2.4417357   4.2883153   0.9412806   3.1419475
   1.3833236   1.9327967   0.41233975  1.16144     6.1244097   6.994668
   0.44739494  1.2043273  10.438233    1.9099452   1.7187163   1.5170467
   0.6202791   3.3714576   3.4497728   0.93905336  3.618382    0.3274452
   0.16616586 11.381047    2.7095988   4.1132765   0.64241165  4.168248
   1.5131588   0.          6.6437697   5.4062943   0.19425708  4.8567066
   4.5982647   2.635078    3.986361    3.0042584   1.2220175   9.215083
   4.301636    4.8724146   4.4604874   2.8710651   0.02934679  3.1234424
   2.7330875   1.9821945   0.24678667  0.83594114  6.8113155   3.995024
   2.6313324   0.2896072   3.4373848   3.945421    4.1494765   7.7879624
   1.2342999   1.5961823   1.6371074   4.9119163   2.120543    0.61717755
   2.970658    0.          1.3064336   1.2209281   0.6402179   5.5838413
   1.6137402   1.9097661   1.5127908   2.4749753   4.0900626   4.1554418
   2.4594965   0.02948485  3.2776134   9.879271    6.169257    1.1037978
   2.730093    3.629791    3.6679273   0.5172229   1.2352251   0.40079927
   1.9702349   1.4752523   2.2163095   1.4754115   0.          1.3986238
   0.2413098   0.          0.5349519   2.106183    1.7800305   0.6332032
   4.1373925   0.          2.7175446   0.26070026  2.3681564   2.7551727
   6.565643    0.67556304  0.2508591   1.65447     5.8134956   1.8627946
   1.6737413   1.7214681   3.2229948   1.0850234   4.2970524   1.8917431
   4.0390873   3.3683176   0.04060245  5.565011    4.6496463   5.830216
   1.1951768   2.7908027   3.598835    2.6251485   1.2486255   1.3405182
   0.4743366   5.816547    2.8668196   0.          6.6657333   0.7331616
   0.4580742   1.3331025   0.6948247   1.1994498   3.925138    1.8858256
   1.2716202   1.3884553   5.300028    3.964908    3.948941    7.209711
   0.06549063  1.7937323   2.9948459   2.7346876   2.4878552   3.1439219
   2.8791218   6.4785137   2.1230636   0.7056505   5.4168906   5.9818535
   0.15653348  0.05862643  0.3614781   4.528854    2.981494    1.9933767
   0.09337507  5.0116906   2.64954     1.5649709   0.9677897   0.26987392
   8.744476    4.0348186   1.6937838   1.7214906   2.5835626   0.85293067
   0.82752943  1.555339    0.          0.42071885  0.          1.7318319
  12.312532    1.2567018   5.009153    6.3817277   2.3446667   1.3742552
   3.682894    0.          9.506878    2.1010683   6.4996486   5.524617
   0.35373202  4.0003853   0.13378482  0.          0.09865087  1.8163406
   6.8851304   0.          6.9749045   0.35012928  6.528453    4.428689
   0.          7.297416    1.1821041   0.931271    8.140637    6.0985193
   2.1019228   0.          1.6915828   0.31041375  1.1338232   3.315369
   4.0302587   1.8058655   8.606751    2.5821483   1.4636979   1.9853092
   0.2432057   1.8449      3.2188191   0.31333867  2.5611982   4.604528
   6.986954    5.719709    4.1554146   3.1491563   0.11558504  2.077359
   2.756       1.2921609   2.8972561   1.4300501   0.01577971  0.06453619
   0.86340314  2.326682    0.24801286  1.835988    2.5353246   2.33502
   4.058014    1.019591    3.5619578   2.9567735   0.07215364  1.3159609
   0.6043175   2.7465882   2.0437741   2.443709    2.4722674   6.327885
  11.053144    5.210889    2.4977164   1.1823025   0.9326871   5.8428545
   0.21738745  5.19675     2.088797    0.8984042   0.31197912  4.448611
   1.1552349   0.20903303  6.9614396   1.6334639   0.          0.9092914
   0.45537123  9.939403    2.9021065   2.2565455   1.9570566   2.436641
   1.5996923   0.          1.7454685   4.021197    4.641313    5.190124
   2.0406077   2.8399682   0.24850482  4.0062537   0.9608889   2.16289
   2.4729562   0.5560574   0.21525267  0.          1.8555669   9.2577715
   1.1056995   1.0719033   1.5950724   1.6731837   1.8732533   2.2002242
   0.7096313   4.3444824   0.31681612  2.2890756   1.7982125   6.0697904
   0.          1.5353911   2.4661083   1.8500212   3.6266768   3.5770006
   1.8985655   1.4352856   6.3493333   2.6465902   3.5339978   4.2307043
   1.5095748   2.5119946   2.576428    1.3799124   0.9133125   0.05586988
   5.6395087   0.04194854  1.4237192   0.62082356  0.30825624  3.2026532
   4.2086196   1.1792306 ]]