[[3.20726585e+00 4.00413364e-01 3.50983047e+00 1.07964361e+00
  5.13630962e+00 7.73717213e+00 6.22123623e+00 3.82241988e+00
  8.35417366e+00 4.53035504e-01 6.07023573e+00 5.31259012e+00
  1.21005821e+00 4.77722740e+00 4.98948107e-03 5.80655050e+00
  2.01599717e+00 4.29190964e-01 4.50668722e-01 2.86749864e+00
  4.15572262e+00 2.13169456e-01 3.12969589e+00 0.00000000e+00
  4.14002866e-01 1.26588879e+01 9.18710041e+00 2.61831331e+00
  5.59456396e+00 3.47960687e+00 1.25083351e+00 6.65328121e+00
  1.23616040e+00 2.64833713e+00 9.39983308e-01 4.21388531e+00
  3.68045855e+00 3.36728191e+00 3.67457771e+00 4.80003309e+00
  3.29062521e-01 1.35684001e+00 7.22534657e-01 1.69512570e+00
  1.02626228e+00 4.70040321e+00 8.10148621e+00 5.09035444e+00
  4.75366783e+00 9.90592098e+00 3.77584368e-01 2.21032214e+00
  2.12726519e-01 1.52804720e+00 1.23812318e+00 3.20874715e+00
  5.36848116e+00 1.40305452e+01 1.46597528e+00 3.54345870e+00
  9.45325732e-01 4.66152906e-01 6.84690189e+00 4.29738045e+00
  0.00000000e+00 8.32168198e+00 3.22001815e+00 3.70171189e+00
  1.60568845e+00 1.53845615e+01 2.19230339e-01 1.56644118e+00
  8.89172137e-01 4.18668032e+00 1.88809931e+00 1.62767851e+00
  1.36866608e+01 7.24691725e+00 9.59798157e-01 0.00000000e+00
  1.79948735e+00 3.27114892e+00 5.73916674e+00 5.51265240e+00
  2.44638681e-01 4.16382170e+00 5.48592508e-01 2.07173014e+00
  5.53353548e+00 2.72147520e-03 1.40224910e+00 4.03204775e+00
  1.48420865e-02 8.76671135e-01 1.72702670e-01 0.00000000e+00
  5.48183060e+00 5.80806613e-01 5.56847990e-01 3.95069408e+00
  2.12559342e+00 1.33032932e+01 1.09167469e+00 1.39110031e+01
  2.07340717e+00 7.89788127e-01 1.74866289e-01 6.63546622e-02
  4.52174950e+00 3.71402264e-01 5.49629068e+00 1.07326126e+01
  2.02534699e+00 4.34729862e+00 4.34298944e+00 4.19285357e-01
  1.31358261e+01 6.72210455e+00 5.27315259e-01 1.83114934e+00
  3.68576974e-01 3.95595384e+00 2.37821007e+00 1.09790945e+01
  7.68278790e+00 2.26288319e+00 1.96895376e-02 0.00000000e+00
  3.73142052e+00 6.41670942e+00 1.36616266e+00 2.69882512e+00
  8.28393221e-01 0.00000000e+00 8.09292507e+00 4.99745655e+00
  7.12329388e-01 2.83861566e+00 3.23528886e+00 2.23312168e+01
  3.11797410e-01 1.49029031e-01 6.38687563e+00 5.46212149e+00
  9.42019749e+00 2.09465837e+00 5.78663874e+00 4.43778366e-01
  7.33008862e-01 1.61414480e+00 4.51463366e+00 2.08731198e+00
  1.79354942e+00 6.66244030e-01 0.00000000e+00 4.50341415e+00
  3.62963796e+00 4.74436998e+00 1.79037011e+00 1.61935520e+00
  8.75783324e-01 1.90212393e+00 5.47105169e+00 4.61642295e-01
  5.73329449e+00 4.74916601e+00 0.00000000e+00 1.70603600e+01
  4.34258413e+00 1.42190466e+01 1.38198595e+01 5.17169476e-01
  7.70086622e+00 2.06145689e-01 8.42565238e-01 6.63902855e+00
  1.61894441e+00 1.45755148e+00 7.05418825e-01 2.06510658e+01
  5.61934614e+00 2.21689963e+00 3.88530898e+00 0.00000000e+00
  1.11146629e+00 5.31915045e+00 3.50880122e+00 1.16242334e-01
  1.51384091e+00 2.71089864e+00 3.39791989e+00 0.00000000e+00
  3.85293067e-01 7.48799276e+00 0.00000000e+00 6.95466995e+00
  1.83277738e+00 8.29454899e+00 2.69598794e+00 0.00000000e+00
  2.78802085e+00 6.88584685e-01 5.35036087e+00 4.40883338e-01
  4.03346395e+00 3.10448313e+00 4.75243479e-01 4.02213192e+00
  4.91917992e+00 7.30558455e-01 6.32529020e+00 9.23960495e+00
  5.40986300e+00 2.58737421e+00 2.13794664e-01 1.07749138e+01
  1.93137836e+00 5.54750633e+00 1.71750832e+00 3.10806394e+00
  4.93250990e+00 4.74518824e+00 2.11703038e+00 7.49694252e+00
  5.88129282e+00 1.20475740e+01 2.79328513e+00 2.56712222e+00
  2.23887253e+00 6.28134584e+00 4.20924568e+00 8.26608956e-01
  1.69386077e+00 1.19866772e+01 2.23516607e+00 4.85959768e+00
  3.40197265e-01 5.69807577e+00 3.01500052e-01 2.33388379e-01
  9.29044843e-01 1.42919219e+00 7.01270461e-01 2.52938318e+00
  2.19987893e+00 3.01031113e+00 9.27764130e+00 1.46940875e+00
  1.46137679e+00 1.51307936e+01 9.83332348e+00 4.66551113e+00
  1.01285658e+01 1.73461401e+00 2.27486238e-01 1.73983550e+00
  3.61989570e+00 3.61804795e+00 8.49725604e-01 1.33691406e+00
  3.21888137e+00 1.10099781e+00 1.88641056e-01 5.33921909e+00
  3.12606978e+00 8.78787708e+00 2.16392350e+00 1.69613087e+00
  9.13391781e+00 1.85076237e+00 7.77957296e+00 8.02118242e-01
  4.47821999e+00 8.81839657e+00 2.48911905e+00 1.09531009e+00
  9.76610851e+00 1.25509870e+00 1.14417732e+00 4.20090914e+00
  3.65855479e+00 1.81560409e+00 1.99778765e-01 7.38193691e-01
  6.78529596e+00 8.40546563e-02 9.26341534e-01 2.27331066e+00
  2.93497205e+00 4.42917347e+00 2.10475147e-01 4.03293419e+00
  3.04678917e+00 1.14162278e+00 2.12847161e+00 2.50231814e+00
  2.10842085e+00 5.73733187e+00 9.97439671e+00 3.32855374e-01
  5.67053843e+00 5.26960611e+00 7.67670488e+00 6.48564219e-01
  1.13421154e+01 5.07251918e-01 6.62934160e+00 1.99836814e+00
  2.40172172e+00 2.48946492e-02 1.36119294e+00 2.57543594e-01
  2.41208935e+00 2.56185889e+00 1.55733657e+00 1.43123007e+00
  8.90475750e+00 1.64940987e+01 1.11603117e+00 3.27175713e+00
  1.63601470e+00 7.94265795e+00 3.03241158e+00 1.93545890e+00
  1.71524286e+00 8.66709518e+00 7.67082262e+00 0.00000000e+00
  1.63244438e+00 0.00000000e+00 1.03378987e+00 2.82880354e+00
  3.57435489e+00 1.20559034e+01 4.18798876e+00 6.03701735e+00
  3.08836603e+00 1.61025848e+01 1.66105509e+00 5.59944534e+00
  3.55547619e+00 0.00000000e+00 1.71829283e+00 5.84938526e+00
  3.92840743e+00 2.17836571e+00 9.23925579e-01 8.07971656e-01
  1.32734597e+00 1.32758319e+00 2.90091753e+00 5.24861693e-01
  2.48663604e-01 3.05419731e+00 2.70899749e+00 6.16646945e-01
  2.49003029e+00 1.08723116e+01 1.72973239e+00 2.05926013e+00
  3.65359277e-01 3.04060936e+00 2.28733978e+01 8.87590694e+00
  9.57541347e-01 1.96699119e+00 1.03821497e+01 8.86740386e-01
  8.57811987e-01 6.44618797e+00 2.12366676e+00 2.01941609e+00
  1.42380199e+01 7.69079506e-01 4.57692719e+00 6.21560812e+00
  4.34367418e+00 1.25317583e+01 4.38140011e+00 8.22667980e+00
  1.38373365e+01 7.66292763e+00 0.00000000e+00 1.47336566e+00
  5.79917145e+00 3.24555898e+00 4.76861143e+00 1.04314625e+00
  8.81500185e-01 1.06034410e+00 6.29396975e-01 1.40654004e+00
  5.46989107e+00 4.39883947e+00 5.46413481e-01 7.97581911e-01
  8.11311340e+00 2.38967872e+00 4.81734896e+00 1.16280830e+00
  1.03808272e+00 2.85095406e+00 3.92673421e+00 7.98828459e+00
  7.32131481e+00 1.72453511e+00 0.00000000e+00 1.56883299e+00
  8.04036522e+00 5.40441227e+00 2.08341861e+00 4.70370150e+00
  9.81141776e-02 1.69464612e+00 1.38507426e+00 2.84022223e-02
  1.56516910e+00 8.23337018e-01 5.13824081e+00 1.02132120e+01
  6.22006464e+00 0.00000000e+00 9.13434103e-02 4.66971874e+00
  3.22498560e+00 3.06210113e+00 9.69038963e+00 2.94809580e+00
  9.54003334e-01 9.56083417e-01 7.22807586e-01 7.53636312e+00
  1.93283024e+01 3.83559197e-01 2.95922446e+00 8.42841911e+00
  4.94374037e+00 7.81885195e+00 0.00000000e+00 3.43732119e-01
  2.06574821e+00 3.96895200e-01 1.09801424e+00 9.90535831e+00
  3.22126698e+00 3.85915488e-01 1.90201550e+01 2.11260602e-01
  6.84361219e-01 9.37476084e-02 1.12826097e+00 5.79747963e+00
  1.15444338e+00 1.18492765e+01 3.95786262e+00 2.24610257e+00
  4.76514846e-01 1.07615595e+01 2.12375808e+00 1.06209350e+00
  1.29512711e+01 4.80745840e+00 3.01301670e+00 8.53639984e+00
  0.00000000e+00 1.67760873e+00 1.23960721e+00 1.51963866e+00
  2.09609675e+00 3.18770075e+00 5.06281042e+00 1.46690512e+00
  2.29897881e+00 5.35394764e+00 1.59984127e-01 6.02004337e+00
  5.97660351e+00 2.46380731e-01 2.64452744e+00 3.67531657e+00
  3.74254751e+00 5.18233478e-01 6.26260281e-01 4.99615097e+00
  2.91491151e-01 1.26229401e+01 6.24449074e-01 1.61093664e+00
  1.11948586e+00 0.00000000e+00 6.50840282e+00 1.38825789e-01
  2.55403066e+00 1.04115286e+01 1.11295140e+00 1.91409695e+00
  3.89965105e+00 5.54806662e+00 2.69157529e+00 6.29771471e-01
  2.36929798e+00 6.86104774e-01 2.74555063e+00 1.00010653e+01
  7.37778759e+00 2.35354722e-01 6.54333019e+00 4.80689621e+00
  1.09542131e+00 1.20164585e+00 2.86044550e+00 7.44571543e+00]]