[[2.50837028e-01 6.93358517e+00 1.38441217e+00 2.07004356e+00
  3.49737716e+00 7.06895399e+00 5.20219707e+00 8.34299028e-02
  3.21591353e+00 1.12082615e-01 2.10526705e+00 2.72338676e+00
  2.70258713e+00 5.51392615e-01 3.23023200e-01 1.15067685e+00
  4.10194683e+00 2.07845545e+00 1.59574315e-01 5.85337162e+00
  1.52972615e+00 3.28675914e+00 4.77392626e+00 7.63404989e+00
  1.08083427e+00 7.23535657e-01 1.73849225e-01 3.65202641e+00
  1.34337318e+00 4.17279065e-01 1.08516216e+00 1.15366936e-01
  2.00540386e-02 6.60326147e+00 4.37707376e+00 2.35635781e+00
  3.03972650e+00 9.74667072e-01 4.54940128e+00 3.83516264e+00
  8.99592018e+00 6.48803091e+00 1.91043568e+00 3.49626684e+00
  3.90065238e-02 2.13974342e-02 1.14192581e+00 3.67341101e-01
  4.02692366e+00 3.73404098e+00 3.72744530e-01 2.13323379e+00
  2.52952218e-01 1.29736817e+00 7.83389866e-01 5.58679056e+00
  9.34361041e-01 2.62047768e+00 6.72134399e-01 2.33845043e+00
  7.31048775e+00 6.62617540e+00 9.73092365e+00 2.38715935e+00
  1.11949825e+00 1.37029552e+00 2.71234941e+00 2.29322895e-01
  2.39554787e+00 3.53545368e-01 1.98203826e+00 9.65050125e+00
  5.24789333e-01 1.18588293e+00 1.22070706e+00 3.86606550e+00
  2.01954460e+00 1.04826522e+00 1.55089688e+00 4.60369444e+00
  1.62916613e+00 4.47062349e+00 1.64149761e+00 6.92300618e-01
  9.86798191e+00 6.58868551e+00 2.26397920e+00 2.31388044e+00
  1.64487171e+00 1.87191260e+00 7.63540626e-01 3.97650886e+00
  2.87822843e+00 4.45797873e+00 9.77641106e+00 3.71710181e+00
  4.81679440e+00 1.67428279e+00 1.12499630e+00 7.06027269e+00
  7.57771552e-01 3.26265991e-01 1.37602198e+00 5.47791481e+00
  1.36823678e+00 4.04046774e+00 2.15688199e-01 1.94784439e+00
  3.02549005e+00 3.71696782e+00 4.21596050e+00 1.85207099e-01
  1.13604136e+01 4.23111582e+00 1.62148499e+00 5.14255714e+00
  6.52872896e+00 4.95735979e+00 0.00000000e+00 4.77355987e-01
  4.87339306e+00 1.18799198e+00 4.23741281e-01 3.05643916e+00
  5.59166968e-01 3.24751210e+00 2.57104069e-01 0.00000000e+00
  1.64380360e+00 1.56288252e+01 4.62070656e+00 1.01683438e+00
  8.01228619e+00 9.70556200e-01 3.16411877e+00 5.81299877e+00
  2.76172066e+00 5.73647690e+00 9.67510641e-02 1.70909083e+00
  1.92805684e+00 3.55241203e+00 4.86797482e-01 1.66162765e+00
  2.71461678e+00 3.15890694e+00 2.15850401e+00 7.45159626e-01
  1.54718566e+00 2.53096032e+00 1.38321984e+00 6.75085115e+00
  1.98856607e-01 5.03827047e+00 1.11475503e+00 3.57782006e+00
  2.09275699e+00 9.64520127e-02 6.03781164e-01 1.43541551e+00
  9.25273895e+00 1.80732358e+00 5.00233126e+00 4.84049416e+00
  1.06909148e-01 1.29343283e+00 2.56733984e-01 1.08587213e-01
  5.84566176e-01 4.18473601e-01 4.69435263e+00 6.94097519e+00
  3.47990489e+00 2.42657113e+00 3.13053012e+00 7.86136007e+00
  6.03200293e+00 3.50444627e+00 9.03760791e-01 3.09293413e+00
  4.20511030e-02 5.06470025e-01 1.12073936e+01 5.06623864e-01
  6.41375780e-02 1.21965778e+00 2.12957335e+00 1.72684677e-02
  1.24248958e+00 5.66188097e-01 9.60615349e+00 8.17709193e-02
  0.00000000e+00 8.29673195e+00 4.53815317e+00 1.97154951e+00
  2.04424572e+00 7.20525980e+00 2.84193659e+00 1.70344639e+00
  4.75774479e+00 1.85913384e+00 3.55764055e+00 5.98645747e-01
  1.50807733e-02 1.59182954e+00 1.21069252e+00 2.80543423e+00
  3.35255432e+00 4.64975929e+00 2.32551023e-02 5.69330156e-01
  5.38646638e-01 9.93507147e-01 2.32752132e+00 1.94001603e+00
  1.13438492e+01 6.32930249e-02 1.49107575e+00 2.92883277e+00
  2.07519269e+00 6.35887098e+00 2.62910056e+00 7.11696720e+00
  9.95788202e-02 6.85498047e+00 1.34524369e+00 2.34591103e+00
  1.40044510e+00 3.44977491e-02 1.83730257e+00 3.86462164e+00
  5.26344240e-01 2.12713987e-01 0.00000000e+00 7.93883705e+00
  1.65868640e+00 5.30789042e+00 8.28438282e+00 0.00000000e+00
  7.57866681e-01 1.86762559e+00 1.64949024e+00 5.81721830e+00
  1.38721061e+00 1.93718188e-02 2.30737543e+00 5.84558964e-01
  1.50811648e+00 3.56377184e-01 3.15827870e+00 2.11281627e-01
  5.86253265e-03 3.38549829e+00 5.67604971e+00 1.92827374e-01
  1.24300981e+00 1.52008462e+00 3.85562778e-01 3.52961314e-03
  2.33433270e+00 6.26195073e-01 1.60757256e+00 4.52599478e+00
  3.67702633e-01 2.15052986e+00 3.24956250e+00 2.99976182e+00
  5.15446472e+00 2.29237652e+00 1.42761981e+00 0.00000000e+00
  1.46971476e+00 7.60011375e-01 5.22734165e+00 2.26705956e+00
  4.03918102e-02 5.69117451e+00 1.75121605e+00 7.23654389e-01
  4.25402451e+00 4.13197231e+00 0.00000000e+00 4.47072077e+00
  3.91284347e+00 0.00000000e+00 7.23967648e+00 3.39556956e+00
  4.02408457e+00 6.90030336e-01 1.44998336e+00 1.50922048e+00
  4.53556681e+00 9.19725537e-01 3.13913035e+00 1.28379030e+01
  0.00000000e+00 1.98172081e+00 1.99382734e+00 0.00000000e+00
  6.04637682e-01 1.71021509e+00 1.58301687e+00 1.89635718e+00
  7.03701162e+00 2.83130670e+00 5.50988579e+00 9.27159190e-01
  2.06149006e+00 0.00000000e+00 2.70375681e+00 1.51006663e+00
  1.08476067e+00 6.63675070e+00 6.40146315e-01 1.25777555e+00
  7.18778276e+00 3.38760877e+00 4.00878716e+00 3.26879072e+00
  1.02310448e+01 4.46694708e+00 3.32899451e-01 6.44741249e+00
  6.04424810e+00 1.65732729e+00 6.40737486e+00 4.12293339e+00
  2.48250151e+00 1.64536625e-01 8.23319077e-01 1.87624145e+00
  3.82661611e-01 1.32565963e+00 9.63080502e+00 9.32010841e+00
  4.72773361e+00 2.45079666e-01 1.17395186e+00 1.43465877e+00
  3.37142229e+00 2.23087192e+00 5.69505596e+00 6.22867167e-01
  1.97398031e+00 9.77697551e-01 3.31945181e+00 6.82468116e-02
  3.48631930e+00 4.74752712e+00 0.00000000e+00 1.69684863e+00
  2.27516070e-01 5.64587784e+00 5.21066618e+00 2.78265214e+00
  9.89136600e+00 1.45693243e+00 3.61532068e+00 1.22017491e+00
  6.57795429e+00 1.20019321e+01 2.72009552e-01 4.68334627e+00
  5.14228487e+00 1.14770794e+00 6.13663197e+00 5.68641090e+00
  7.26615572e+00 5.61693048e+00 2.05241013e+00 2.00438070e+00
  1.83755863e+00 8.76710951e-01 5.23820972e+00 1.09579027e+00
  4.54093075e+00 2.57562709e+00 1.22648275e+00 4.11120749e+00
  5.59948730e+00 6.54317141e-01 3.12807298e+00 3.38703322e+00
  2.85672498e+00 1.85142207e+00 1.61068642e+00 9.83636022e-01
  3.80045593e-01 1.07909155e+00 2.97999549e+00 5.08237457e+00
  2.41690707e+00 4.43815261e-01 4.26748127e-01 1.36588943e+00
  1.18980324e+00 3.19973683e+00 3.36995363e+00 1.35552514e+00
  2.26994109e+00 1.49565232e+00 2.53429127e+00 5.49504328e+00
  3.16020441e+00 6.33297253e+00 9.74190593e-01 2.66399050e+00
  2.49367543e-02 1.18209362e+01 8.57363224e+00 1.76575637e+00
  0.00000000e+00 3.36286761e-02 8.74907672e-01 2.42054963e+00
  9.07806586e-03 2.91532183e+00 0.00000000e+00 3.55647132e-02
  2.37257409e+00 6.18793905e-01 1.44323617e-01 4.48143673e+00
  2.19366312e+00 1.22076702e+00 1.90220177e+00 1.78298205e-01
  3.84367871e+00 1.97695106e-01 7.24206746e-01 3.75961494e+00
  2.78308415e+00 6.52700186e+00 1.96373135e-01 2.03162909e-01
  1.26099086e+00 3.07564402e+00 1.57187903e+00 2.32381865e-01
  1.87091875e+00 4.61046219e+00 0.00000000e+00 2.70909810e+00
  5.12780333e+00 2.98166180e+00 9.93757665e-01 1.15907323e+00
  1.49338591e+00 1.80038643e+00 6.26867563e-02 6.97630358e+00
  3.66226387e+00 9.59839940e-01 1.19578123e+01 1.21328068e+00
  9.12516236e-01 2.03572559e+00 4.18228537e-01 4.97482347e+00
  2.66626757e-02 5.22564459e+00 4.20612717e+00 4.87301648e-02
  6.65486902e-02 2.24078798e+00 3.69686604e+00 1.86951339e+00
  5.46225357e+00 1.32968354e+00 1.32154191e+00 2.23722243e+00
  1.90660131e+00 6.04316831e-01 4.49376762e-01 7.82034755e-01
  1.18570912e+00 1.90942848e+00 3.72668147e+00 3.01601410e-01
  5.60845947e+00 7.07453251e-01 1.75994968e+00 2.20418334e+00
  7.98102617e-01 4.32253599e+00 2.11825037e+00 3.06388021e-01
  1.93187773e+00 3.77059412e+00 2.21379161e+00 2.43148971e+00
  1.43445015e+00 6.25929165e+00 1.06341629e+01 3.00941169e-01
  3.66487533e-01 7.69474864e-01 7.18920755e+00 1.20670640e+00
  4.00600338e+00 1.94909561e+00 8.23275566e+00 1.32547712e+00
  6.19216323e-01 1.38837218e+00 5.10472584e+00 3.75447452e-01
  1.41929209e+00 1.69987547e+00 5.99185646e-01 0.00000000e+00]]