[[1.20040560e+00 6.81209517e+00 5.28838873e+00 0.00000000e+00
  3.06972384e+00 2.13330173e+00 2.00432777e+00 8.00721467e-01
  3.32113576e+00 2.75828528e+00 2.04195356e+00 1.70863700e+00
  9.83213842e-01 4.33704376e+00 0.00000000e+00 4.26305819e+00
  1.24893951e+00 2.01760316e+00 4.89409447e+00 6.08128881e+00
  3.77636254e-01 9.34047997e-01 2.54254556e+00 7.45097637e-01
  1.11692584e+00 5.49946451e+00 5.76831475e-02 3.67636299e+00
  2.36530495e+00 5.89076400e-01 1.51106513e+00 1.52186024e+00
  2.04970837e+00 5.01971102e+00 6.07251287e-01 0.00000000e+00
  1.75777948e+00 1.78902566e-01 2.95118237e+00 5.15790462e+00
  9.49370193e+00 0.00000000e+00 1.76675946e-01 9.35784531e+00
  0.00000000e+00 2.07693648e+00 4.73825216e+00 0.00000000e+00
  3.60032868e+00 1.09632468e+00 1.14200377e+00 5.65404940e+00
  5.90041113e+00 1.90348059e-01 3.52366161e+00 4.11694574e+00
  1.28533471e+00 2.84595728e+00 1.01206914e-01 4.61692572e+00
  1.32257032e+00 6.44075751e-01 5.07980013e+00 1.30666435e+00
  4.64421093e-01 1.93291390e+00 0.00000000e+00 0.00000000e+00
  1.89946020e+00 6.62651348e+00 3.34970999e+00 0.00000000e+00
  5.16639836e-02 2.84183145e+00 9.86411810e-01 1.88090920e+00
  6.48607731e-01 0.00000000e+00 5.38273144e+00 2.65186691e+00
  4.12995785e-01 4.27793801e-01 2.22002506e+00 1.05104275e+01
  7.74332809e+00 1.14384747e+00 4.59767103e-01 1.19696820e+00
  7.60102510e+00 2.66918612e+00 8.86219406e+00 1.17439234e+00
  2.68224925e-01 3.88563943e+00 6.62097645e+00 2.13351965e+00
  3.73250771e+00 1.69350123e+00 5.13725262e-03 1.24755287e+01
  1.10722281e-01 0.00000000e+00 9.91484523e-01 2.11607385e+00
  0.00000000e+00 1.19619393e+00 3.07331569e-02 4.26141590e-01
  4.80628490e+00 5.99536562e+00 6.14240944e-01 2.07780957e+00
  6.16942942e-01 5.39862204e+00 6.26782608e+00 3.96219397e+00
  1.13415737e+01 5.71149409e-01 4.54999894e-01 8.86141896e-01
  2.96845675e+00 4.38770652e-02 1.15597129e-01 2.73234344e+00
  7.46874452e-01 2.25561428e+00 3.36953115e+00 9.34352100e-01
  9.22422469e-01 9.46751785e+00 2.68839192e+00 6.97375727e+00
  4.35007954e+00 5.13475847e+00 7.35351801e-01 3.50191545e+00
  1.08368289e+00 1.61989021e+00 0.00000000e+00 2.55463481e+00
  5.20258474e+00 2.15254486e-01 3.53392100e+00 3.16216731e+00
  1.25238740e+00 2.85168219e+00 9.08201575e-01 0.00000000e+00
  5.91748857e+00 3.07771206e+00 1.14674196e-01 3.04933286e+00
  4.67725086e+00 3.28637093e-01 9.31536257e-02 3.16649890e+00
  1.83214056e+00 5.56180620e+00 3.78718352e+00 1.08243055e+01
  2.47807693e+00 6.86238146e+00 5.55681181e+00 8.28510821e-01
  3.56694674e+00 5.28722811e+00 0.00000000e+00 4.37827015e+00
  0.00000000e+00 1.18525374e+00 5.13133764e+00 4.68068266e+00
  3.01823586e-01 2.74299955e+00 0.00000000e+00 2.39698148e+00
  0.00000000e+00 0.00000000e+00 2.13579726e+00 2.27309442e+00
  2.77475685e-01 1.49816409e-01 7.94088888e+00 1.48415732e+00
  5.71579599e+00 1.88361987e-01 3.04479837e-01 2.34833255e-01
  7.07993269e-01 2.09429693e+00 1.37780130e-01 0.00000000e+00
  3.02447438e-01 6.21922827e+00 2.09761620e+00 1.03017712e+01
  2.90368128e+00 3.79186082e+00 2.91174626e+00 7.35539436e-01
  1.37776423e+00 3.10419351e-01 0.00000000e+00 1.63202524e+00
  5.00331974e+00 6.17988408e-01 5.10254908e+00 6.59253407e+00
  2.42261481e+00 2.94175696e+00 3.41434026e+00 1.68261313e+00
  7.49484301e-01 1.96120262e+00 9.28404045e+00 0.00000000e+00
  8.91124159e-02 0.00000000e+00 9.48499050e-03 1.75861621e+00
  0.00000000e+00 3.78175545e+00 3.07889628e+00 1.29332408e-01
  2.89613557e+00 5.76577330e+00 2.21958399e+00 1.89687145e+00
  5.08741808e+00 7.80036151e-01 2.79133582e+00 2.86941338e+00
  9.39226449e-01 6.30240977e-01 6.32966775e-03 8.31710577e-01
  9.33606720e+00 1.54089952e+00 1.91648543e+00 2.43711782e+00
  4.24409676e+00 3.66688633e+00 1.91493058e+00 5.70317602e+00
  1.99693218e-01 2.71304798e+00 5.14035702e+00 4.17022943e+00
  3.16834617e+00 2.29491100e+01 4.46681356e+00 6.64623022e-01
  6.18679345e-01 1.96518600e+00 1.61126232e+00 4.53511178e-01
  4.39499712e+00 3.27844262e+00 7.24049091e-01 7.19288468e-01
  2.59675765e+00 1.73978567e+00 3.71006060e+00 4.47559118e+00
  3.03429604e+00 1.52495217e+00 6.06317902e+00 8.14100325e-01
  1.04684000e+01 2.56170869e-01 1.09983885e+00 3.78132790e-01
  9.09994483e-01 7.75954902e-01 5.32171774e+00 4.56915438e-01
  4.92832136e+00 5.49160290e+00 2.67884731e+00 1.30603224e-01
  2.62565303e+00 3.55750036e+00 3.24943256e+00 4.08170795e+00
  1.01573527e+00 0.00000000e+00 1.32669230e+01 1.30626714e+00
  4.09576797e+00 1.14996457e+00 2.64246821e+00 3.84930992e+00
  3.46424985e+00 2.06571269e+00 1.14237189e+00 8.24984550e+00
  1.16868699e+00 2.82986379e+00 3.29124242e-01 1.97549582e+00
  1.61823595e+00 3.24285555e+00 5.91876078e+00 1.39357507e+00
  2.56989181e-01 5.59774303e+00 6.34330225e+00 5.87019503e-01
  3.24389637e-01 3.78912926e+00 1.15012217e+00 3.31132293e-01
  2.94918394e+00 3.47056866e-01 8.02817523e-01 3.65299034e+00
  2.22805023e+00 6.88156080e+00 3.28197742e+00 5.77825499e+00
  1.23044710e+01 0.00000000e+00 3.44901323e-01 2.21255779e+00
  1.20639956e+00 5.16485691e-01 1.05119336e+00 1.37994945e+00
  2.65930748e+00 3.65220994e-01 2.39586070e-01 2.48679876e+00
  0.00000000e+00 7.02709150e+00 5.91289139e+00 4.82558608e-01
  0.00000000e+00 3.81715465e+00 4.55753136e+00 2.54499221e+00
  7.01060629e+00 6.82237521e-02 2.23560572e+00 6.39831841e-01
  7.85954058e-01 1.39171648e+00 3.46814561e+00 1.22109365e+00
  5.06641674e+00 3.12238193e+00 0.00000000e+00 3.60178542e+00
  3.87620270e-01 2.88324594e+00 2.60546112e+00 1.05817068e+00
  2.65927649e+00 1.01980801e+01 2.61221695e+00 5.61231899e+00
  8.94928265e+00 3.26288521e-01 5.27802181e+00 5.18140507e+00
  1.35956478e+00 4.92927074e-01 6.24021673e+00 8.20912123e-01
  7.97333539e-01 1.23015153e+00 1.17816496e+00 9.73858595e-01
  2.81438375e+00 0.00000000e+00 1.01660633e+00 3.07477498e+00
  3.15023124e-01 1.15434098e+00 8.99191558e-01 1.84457314e+00
  2.10037732e+00 9.35006142e+00 6.79031563e+00 2.35032678e+00
  3.70948505e+00 1.06475067e+00 3.07789183e+00 6.35102034e-01
  0.00000000e+00 2.43653989e+00 7.38941729e-01 2.78783584e+00
  7.09437704e+00 1.21083096e-01 3.21177697e+00 2.72175193e-01
  2.89667320e+00 2.04787880e-01 1.21133137e+00 1.95164049e+00
  9.46560740e-01 6.79520702e+00 1.40055764e+00 5.50300264e+00
  2.57537293e+00 6.11527383e-01 1.94322801e+00 5.02390432e+00
  3.50251347e-01 1.67563105e+00 9.41415882e+00 3.53363967e+00
  1.37501335e+00 5.53188610e+00 6.13477767e-01 2.64258838e+00
  0.00000000e+00 3.50853610e+00 3.72043443e+00 1.04431577e-01
  4.80381906e-01 1.85538664e-01 1.32365000e+00 2.13468289e+00
  3.26389134e-01 5.84605932e-01 3.45866609e+00 6.78945899e-01
  5.15877604e-01 5.64071321e+00 3.38104272e+00 4.10339326e-01
  5.46793461e+00 8.89331773e-02 1.08330941e+00 5.86086988e+00
  6.96505737e+00 1.49417830e+00 3.51481056e+00 3.59502268e+00
  1.75496233e+00 2.62008190e-01 7.41566896e-01 6.63569927e+00
  1.13662767e+01 1.78106940e+00 1.39410961e+00 2.76019573e-01
  2.26350856e+00 0.00000000e+00 1.44892171e-01 7.90406084e+00
  5.48497868e+00 5.08005810e+00 2.38358331e+00 9.21748257e+00
  3.29735303e+00 9.81949151e-01 5.94931483e-01 1.61611676e+00
  8.70057791e-02 3.30138588e+00 9.39160883e-01 9.34473932e-01
  0.00000000e+00 3.84702778e+00 2.25148535e+00 8.42101812e-01
  4.62260342e+00 1.97487473e+00 6.24599569e-02 2.99758494e-01
  6.51598334e-01 3.72301412e+00 6.16580993e-02 1.55524611e+00
  0.00000000e+00 6.73517942e-01 2.34006429e+00 1.88506567e+00
  4.33217573e+00 0.00000000e+00 3.12536049e+00 7.49376631e+00
  0.00000000e+00 5.22235346e+00 4.70400953e+00 1.01010673e-01
  2.56466717e-01 2.70141721e+00 1.55352104e+00 0.00000000e+00
  2.15005136e+00 4.30880010e-01 3.43487358e+00 1.31256521e+00
  1.57698512e+00 7.10937548e+00 1.37981248e+00 7.96233714e-01
  3.97574425e+00 1.49175811e+00 2.99354124e+00 4.03410196e+00
  1.35039723e+00 0.00000000e+00 5.12268734e+00 1.04887378e+00
  4.09725159e-01 8.25196624e-01 8.87270641e+00 3.07149082e-01]]