[[8.92132968e-02 6.21889782e+00 8.25289917e+00 2.11703467e+00
  1.00557339e+00 1.20787308e-01 4.47206211e+00 2.87458634e+00
  1.39751625e+00 8.07317555e-01 4.80167818e+00 8.20398271e-01
  1.22415805e+00 1.41699016e+00 0.00000000e+00 2.91184282e+00
  3.74010801e+00 2.24976230e+00 1.39335692e+00 7.41290987e-01
  7.06184983e-01 4.69987005e-01 9.35485512e-02 1.71683133e-01
  2.69015694e+00 1.85892451e+00 4.73249793e-01 8.40652847e+00
  1.76296186e+00 5.63856030e+00 2.54812098e+00 6.27761707e-02
  0.00000000e+00 6.16745615e+00 6.97943866e-01 7.82286823e-01
  0.00000000e+00 5.74864686e-01 6.70850182e+00 7.21019030e-01
  4.84124899e+00 5.05036891e-01 4.95505244e-01 1.25051236e+00
  0.00000000e+00 2.63516259e+00 1.25758171e+00 0.00000000e+00
  4.44869250e-01 1.04561067e+00 9.10160094e-02 5.76305294e+00
  2.54413486e-01 3.59961128e+00 5.35262632e+00 2.45461082e+00
  6.38248158e+00 4.99714518e+00 0.00000000e+00 7.16465116e-02
  4.06914473e+00 1.47890210e+00 3.88541055e+00 3.74590874e+00
  0.00000000e+00 4.56638670e+00 1.51014304e+00 2.26763630e+00
  9.31605339e-01 1.94952980e-01 4.84833336e+00 6.58039689e-01
  3.87842387e-01 1.45258451e+00 7.19926596e+00 1.25840195e-02
  1.29675436e+00 0.00000000e+00 2.46686816e-01 4.62168503e+00
  2.76119709e-01 1.73237693e+00 5.44232512e+00 7.72347546e+00
  8.64411068e+00 6.38100195e+00 6.86861515e-01 2.32652259e+00
  4.14457655e+00 8.10390770e-01 5.87679625e+00 1.31517243e+00
  8.46215367e-01 8.42585206e-01 2.29288006e+00 1.17637336e+00
  1.63309896e+00 1.47227979e+00 3.14538741e+00 1.20562029e+00
  1.02379966e+00 1.78398564e-01 1.60195768e+00 7.28439331e+00
  3.15641537e-02 0.00000000e+00 5.10405242e-01 1.04998016e+00
  4.34883356e+00 4.81063890e+00 9.70730841e-01 4.21266437e-01
  9.73220730e+00 8.68546295e+00 9.47558403e-01 1.69735861e+00
  3.60390449e+00 1.50035608e+00 0.00000000e+00 1.15732360e+00
  2.00904346e+00 1.29150379e+00 2.07279992e+00 2.36768675e+00
  0.00000000e+00 3.67811751e+00 2.16168910e-01 6.17497981e-01
  0.00000000e+00 1.62890778e+01 6.56688404e+00 8.25432599e-01
  2.28577447e+00 5.82956553e+00 5.45260239e+00 6.62560701e+00
  1.79663432e+00 2.06761861e+00 2.52919054e+00 4.10296583e+00
  3.80678678e+00 7.70963073e-01 4.19923115e+00 3.76360250e+00
  3.45418739e+00 1.72832954e+00 2.37228847e+00 0.00000000e+00
  3.26096535e+00 5.03526688e+00 5.06395847e-02 6.97909737e+00
  4.31467581e+00 1.40708315e+00 8.28361213e-02 5.77701616e+00
  2.79322243e+00 7.85317421e-02 5.08303285e-01 5.34367025e-01
  7.72133291e-01 3.06117010e+00 7.67471647e+00 8.58687878e-01
  2.64316583e+00 2.52575207e+00 1.27366439e-01 2.79659534e+00
  3.93769108e-02 1.55469453e+00 4.07440424e+00 2.09356999e+00
  2.01051712e+00 5.01642752e+00 8.34386885e-01 1.00215828e+00
  2.98638105e-01 1.87520123e+00 2.43585396e+00 7.43927860e+00
  2.10311264e-01 1.09660178e-01 3.95499468e+00 0.00000000e+00
  2.95455003e+00 6.26516581e-01 3.16174245e+00 5.38326681e-01
  1.00096256e-01 1.10650711e+01 4.29330301e+00 1.51944852e+00
  1.48750317e+00 1.94404638e+00 1.43615735e+00 1.17608361e-01
  1.95070243e+00 5.81329107e-01 1.57026124e+00 2.12256932e+00
  8.85054290e-01 1.88231766e-01 2.66389561e+00 1.15977180e+00
  5.27688861e-01 1.27120718e-01 3.34475493e+00 4.15243292e+00
  2.53721261e+00 3.21531832e-01 1.62973082e+00 2.46953869e+00
  1.52520984e-01 1.03792500e+00 1.43767653e+01 5.35377800e-01
  3.30728173e+00 0.00000000e+00 1.57319164e+00 2.27483773e+00
  7.31724560e-01 1.40116942e+00 6.77400875e+00 5.03376484e-01
  1.47201252e+00 4.90892649e+00 1.18840671e+00 2.24880862e+00
  1.10379066e+01 1.09160054e+00 6.20278358e-01 2.01640439e+00
  2.88512492e+00 2.66538501e-01 6.62710667e-01 3.75143766e+00
  1.75205536e+01 5.67229414e+00 6.03282404e+00 1.51536882e+00
  3.25704545e-01 3.74083591e+00 1.71061051e+00 7.42573929e+00
  2.45201921e+00 4.27879143e+00 5.90219307e+00 6.26241064e+00
  2.83967924e+00 1.22946012e+00 1.14224158e-01 0.00000000e+00
  4.83950257e-01 7.63719082e+00 2.92270470e+00 3.96978378e-01
  6.09559298e-01 2.03829050e+00 2.87367582e+00 3.17981863e+00
  0.00000000e+00 0.00000000e+00 3.74588966e+00 4.15244007e+00
  1.94813013e+00 5.50494146e+00 6.02559566e+00 3.34154773e+00
  5.88863564e+00 8.83760154e-01 3.09756231e+00 2.79371649e-01
  1.30496466e+00 1.83255470e+00 3.19836140e-01 1.47651982e+00
  2.39557576e+00 1.45817518e+01 4.79206514e+00 6.04227722e-01
  6.29659081e+00 4.89251041e+00 2.81991339e+00 3.48849487e+00
  1.70716465e-01 0.00000000e+00 1.36395521e+01 2.58192873e+00
  5.23658514e+00 4.01072359e+00 9.12055588e+00 3.14175725e+00
  2.26045489e+00 2.42356515e+00 1.66490328e+00 1.22695103e+01
  2.42196250e+00 9.02967975e-02 0.00000000e+00 0.00000000e+00
  8.27856064e-02 3.42136335e+00 2.82685733e+00 1.63121986e+00
  3.09064007e+00 5.14464521e+00 8.01656437e+00 3.31228763e-01
  4.90271598e-01 4.68480647e-01 0.00000000e+00 1.21116018e+00
  1.65889412e-01 3.30792761e+00 2.11570024e+00 3.20850897e+00
  2.36569619e+00 2.32150698e+00 4.89849627e-01 1.76195526e+00
  7.37255478e+00 1.82840303e-01 1.47081852e+00 5.01414442e+00
  4.59284210e+00 2.22116202e-01 2.50320268e+00 1.09321964e+00
  5.43360376e+00 2.80534536e-01 7.45521724e-01 1.41835988e+00
  2.30192566e+00 4.97933292e+00 4.63527393e+00 4.72829533e+00
  1.09096074e+00 4.71258211e+00 1.41092575e+00 3.00752139e+00
  3.42475247e+00 4.35683817e-01 8.77437973e+00 3.69045377e+00
  1.34445298e+00 8.23693275e-01 4.11088705e+00 3.68332481e+00
  3.06108308e+00 2.69605637e+00 4.04443085e-01 1.13206685e-01
  2.03331280e+00 6.47016704e-01 7.57160282e+00 7.90850759e-01
  1.96637404e+00 4.46567965e+00 2.14873958e+00 3.02989221e+00
  0.00000000e+00 3.20600963e+00 1.24752009e+00 8.31557274e+00
  3.15531492e+00 1.99503672e+00 3.85596585e+00 2.76086521e+00
  1.42156954e+01 5.52947521e+00 1.69793710e-01 2.42652392e+00
  6.69444180e+00 5.11148930e-01 3.04258251e+00 1.37078309e+00
  7.89862514e-01 3.21499157e+00 1.02715607e+01 1.32199138e-01
  2.47589993e+00 1.56002350e+01 2.78255630e+00 2.14474821e+00
  7.79292762e-01 4.41860247e+00 1.66804469e+00 1.35544181e-01
  7.13607296e-02 8.03011608e+00 1.17495751e+00 6.00088775e-01
  1.83622825e+00 1.29994124e-01 2.63204956e+00 3.72652352e-01
  3.43734908e+00 6.52399969e+00 4.20928031e-01 1.03200054e+00
  1.35279751e+00 1.29961514e+00 0.00000000e+00 3.57224560e+00
  3.26077366e+00 2.35331535e+00 5.18157661e-01 1.15688553e+01
  2.11483288e+00 7.68657303e+00 6.25052214e+00 4.89735937e+00
  4.95316458e+00 1.23600006e+00 6.45017764e-03 0.00000000e+00
  1.57604539e+00 2.71226597e+00 5.03242970e-01 2.18321252e+00
  6.27340198e-01 5.32894731e-02 2.95080853e+00 5.70507145e+00
  4.64186859e+00 3.04421806e+00 4.45964886e-03 1.62748858e-01
  5.39672077e-01 7.85054803e-01 6.36318445e-01 7.82778597e+00
  4.17698413e-01 1.15268815e+00 4.65129328e+00 7.90108979e-01
  2.61142564e+00 1.10790420e+00 1.00281131e+00 3.17696899e-01
  6.23752832e-01 1.50036411e+01 0.00000000e+00 1.44365191e+00
  5.16099024e+00 8.03026140e-01 2.66918838e-01 4.90799755e-01
  4.27491665e+00 2.37493515e-01 1.36237180e+00 6.46715260e+00
  4.96854496e+00 6.84204578e+00 5.56265020e+00 9.69824731e-01
  7.39658165e+00 0.00000000e+00 1.44271100e+00 5.19456100e+00
  2.42484584e-01 3.19245386e+00 2.14965177e+00 4.33638573e+00
  0.00000000e+00 6.81786776e+00 2.94188762e+00 3.64472485e+00
  2.53121758e+00 6.59190130e+00 1.18559504e+00 8.75203419e+00
  8.05088758e-01 1.86094224e+00 1.41128206e+01 1.31422424e+00
  0.00000000e+00 3.12381887e+00 7.36543036e+00 2.04118061e+00
  8.56102562e+00 3.26500630e+00 5.00847006e+00 1.27356756e+00
  0.00000000e+00 1.59016168e+00 6.65755224e+00 5.46407580e-01
  3.27428699e-01 1.70786095e+00 8.77565384e+00 0.00000000e+00
  1.76744831e+00 1.06881599e+01 1.32894933e+00 2.50362968e+00
  6.98473826e-02 8.74907851e-01 6.77046347e+00 3.31855625e-01
  3.42272019e+00 1.01455343e+00 8.91393185e+00 4.65313101e+00
  1.01488519e+00 3.51167679e+00 9.96404362e+00 3.05553555e-01
  1.12122893e+00 7.34980822e+00 2.94936800e+00 6.46533608e-01]]