[[5.72307396e+00 1.89445245e+00 3.93368244e+00 0.00000000e+00
  1.37065268e+00 1.50573516e+00 3.57183623e+00 0.00000000e+00
  1.57822204e+00 4.63007957e-01 3.74650884e+00 2.75150156e+00
  1.63454604e+00 3.42126274e+00 8.02640736e-01 7.34756649e-01
  2.48087955e+00 7.41877019e-01 7.55725324e-01 5.20404005e+00
  3.38633204e+00 2.95984192e+01 1.28009892e+00 7.75963128e-01
  7.06788421e-01 1.21293573e+01 3.85558701e+00 4.36555058e-01
  5.65903282e+00 4.24910635e-01 6.44781161e-04 2.62586164e+00
  7.34765863e+00 3.81155896e+00 7.58600831e-02 6.24012613e+00
  1.02849255e+01 0.00000000e+00 4.71033716e+00 2.64216828e+00
  3.62620306e+00 2.00523281e+00 1.19598520e+00 5.20914316e+00
  1.03329256e-01 0.00000000e+00 7.59678793e+00 2.15592599e+00
  2.96028972e+00 5.63894689e-01 1.65253341e+00 1.82997131e+00
  8.07704687e-01 3.14095116e+00 1.44130099e+00 5.24059868e+00
  2.40310863e-01 3.09368563e+00 4.05110121e-01 2.36248994e+00
  4.78710592e-01 2.10351539e+00 8.92985916e+00 7.36241817e+00
  2.73468971e+00 4.84737778e+00 1.88034570e+00 0.00000000e+00
  5.71748555e-01 6.74417925e+00 9.49166894e-01 1.01673806e+00
  1.42567217e-01 1.54373913e+01 1.57909098e+01 3.93677622e-01
  3.92027915e-01 3.19999188e-01 2.85287917e-01 3.45895910e+00
  1.36313832e+00 2.01250839e+00 4.93313217e+00 2.59701371e+00
  4.39415169e+00 5.18762922e+00 7.65050530e-01 7.68764496e-01
  5.19494414e-01 1.52873799e-01 8.01028919e+00 3.45944142e+00
  1.71545351e+00 1.67920799e+01 2.38158822e+00 1.97132111e+00
  7.40173936e-01 1.72606409e+00 2.69207382e+00 7.95717907e+00
  2.75006145e-01 1.01374054e+00 2.67320156e+00 3.01246405e+00
  0.00000000e+00 9.09135056e+00 6.50598049e-01 3.46354246e+00
  5.54634452e-01 3.65348384e-02 2.26108193e-01 2.69716311e+00
  3.40784103e-01 6.23788118e+00 7.07342565e-01 4.98619944e-01
  6.37659550e+00 4.31355143e+00 5.18783426e+00 1.48582172e+00
  1.21916986e+00 7.72423387e-01 2.95252830e-01 3.22036314e+00
  8.53472233e+00 6.27876997e+00 7.59097517e-01 0.00000000e+00
  7.66442955e-01 1.81141071e+01 2.19377112e+00 1.01796045e+01
  1.25077381e+01 4.47688669e-01 1.20795655e+00 2.86456537e+00
  1.28555238e+00 3.28926301e+00 3.69914985e+00 3.47694683e+00
  0.00000000e+00 2.94250607e+00 7.85178542e-01 3.76944393e-01
  4.83032560e+00 4.57229471e+00 3.65765762e+00 6.33648217e-01
  2.80366707e+00 3.24036217e+00 5.23506689e+00 3.00483435e-01
  2.79352546e+00 0.00000000e+00 9.85433757e-01 0.00000000e+00
  8.41241896e-01 1.75169029e+01 3.14037991e+00 9.48138654e-01
  4.03756142e+00 1.19250336e+01 3.10363531e+00 2.84626460e+00
  8.31221962e+00 1.22520816e+00 6.77003741e-01 6.96665406e-01
  0.00000000e+00 1.06530547e+00 4.49776268e+00 1.36641538e+00
  4.20539999e+00 0.00000000e+00 0.00000000e+00 3.41311407e+00
  2.01362088e-01 5.85646868e-01 1.52980947e+00 2.90665722e+00
  7.06749058e+00 1.23230863e+00 7.16279888e+00 8.41488183e-01
  0.00000000e+00 2.84770489e+00 2.00817919e+00 2.01503134e+00
  6.81549931e+00 5.82622337e+00 3.02767420e+00 5.63514292e-01
  3.54380703e+00 1.20543976e+01 5.05884552e+00 8.13551843e-01
  3.11256886e+00 1.50527267e+01 0.00000000e+00 1.30596912e+00
  4.30617237e+00 3.09865952e+00 0.00000000e+00 8.10494518e+00
  7.05646563e+00 4.29469824e+00 1.12703204e-01 1.37243748e+00
  1.56871152e+00 3.06306400e+01 1.65768063e+00 3.79064250e+00
  4.82738078e-01 2.21617699e+00 0.00000000e+00 2.38598204e+00
  0.00000000e+00 1.76905048e+00 4.31753770e-02 1.22808182e+00
  1.74336684e+00 5.42846107e+00 1.62160075e+00 6.54315948e-01
  1.35757818e+01 8.55265558e-01 3.63160968e-01 1.49309134e+00
  0.00000000e+00 3.69030356e+00 2.86529922e+00 2.71870399e+00
  2.95712805e+00 6.23414755e-01 3.29654121e+00 1.07862008e+00
  5.38804770e+00 7.49133158e+00 3.96207190e+00 4.29741859e+00
  7.16167450e+00 3.21795613e-01 3.37533474e+00 1.57149404e-01
  9.50417876e-01 5.87952518e+00 6.65980816e+00 1.06307499e-01
  1.74042869e+00 5.47561836e+00 1.32849360e+01 1.84152830e+00
  3.69871545e+00 1.25839651e-01 8.67622948e+00 0.00000000e+00
  1.98546290e+00 2.89499640e+00 1.41071587e+01 1.70460856e+00
  2.70744741e-01 2.78048062e+00 2.76294172e-01 3.87836188e-01
  6.03407764e+00 1.90025926e+00 1.14322698e+00 3.18476248e+00
  6.70256615e+00 0.00000000e+00 9.22004282e-01 1.76546979e+00
  7.19422340e-01 3.08107781e+00 1.20776863e+01 2.11079121e+00
  5.86096621e+00 1.13100028e+00 1.52400464e-01 6.74318135e-01
  1.32778234e+01 4.91789484e+00 1.16643772e+01 2.88090920e+00
  4.11071825e+00 2.87227090e-02 2.34900236e+00 2.43685722e-01
  7.66405773e+00 1.45409429e+00 2.13833880e+00 1.92384946e+00
  9.25899684e-01 5.24820328e+00 5.05499506e+00 2.32298616e-02
  1.35484099e+00 1.19180799e+00 2.30090404e+00 0.00000000e+00
  2.38073802e+00 7.39710951e+00 0.00000000e+00 0.00000000e+00
  7.57487774e-01 3.71737695e+00 4.32585335e+00 3.20642561e-01
  1.55051485e-01 6.97603941e+00 5.25293052e-01 2.56122088e+00
  7.01301861e+00 0.00000000e+00 7.42615986e+00 3.05623960e+00
  8.46037006e+00 1.41534462e+01 9.22989488e-01 1.89403999e+00
  6.86457539e+00 1.38061666e+00 1.43554802e+01 4.90520525e+00
  2.73511147e+00 2.18121588e-01 1.06490755e+01 0.00000000e+00
  9.95657635e+00 0.00000000e+00 6.94537088e-02 8.87988472e+00
  5.21779418e-01 3.71556401e+00 4.10254955e+00 3.83189511e+00
  6.39799643e+00 5.61835861e+00 9.34136581e+00 3.73860455e+00
  1.07313526e+00 1.68354249e+00 2.11405858e-01 1.38954830e+00
  2.98896861e+00 6.68394756e+00 6.07027149e+00 0.00000000e+00
  7.99976051e-01 6.13599896e-01 8.96367654e-02 1.31447661e+00
  2.73220611e+00 5.36750507e+00 2.68804359e+00 0.00000000e+00
  7.39534020e-01 1.40778599e+01 1.74725235e+00 1.24302483e+00
  9.96566868e+00 4.40819524e-02 6.78796649e-01 1.09041703e+00
  2.96351027e+00 3.74869990e+00 1.56994762e+01 3.64360839e-01
  2.54087639e+00 2.56882906e+00 3.31273198e+00 5.17932749e+00
  8.28831100e+00 2.23276687e+00 3.70343506e-01 3.93178415e+00
  2.76323587e-01 5.51744604e+00 0.00000000e+00 9.43560410e+00
  4.24831820e+00 9.27265072e+00 4.90894318e-01 8.99756789e-01
  1.61353183e+00 0.00000000e+00 2.31767178e+00 6.96386516e-01
  5.53505802e+00 6.08064222e+00 4.69491005e+00 7.14856625e+00
  1.07291107e+01 4.63643599e+00 0.00000000e+00 2.14008141e+00
  1.98550820e+00 1.16310930e+00 1.41209567e+00 5.12312698e+00
  1.20944452e+00 2.28340034e+01 2.29883647e+00 7.64466572e+00
  7.83280659e+00 4.58091259e-01 2.02346087e-01 3.61250138e+00
  2.78575182e-01 1.13004518e+00 9.19297218e+00 3.65666270e+00
  0.00000000e+00 9.44567919e-01 7.80916166e+00 4.96837521e+00
  0.00000000e+00 2.89241433e+00 3.03164172e+00 0.00000000e+00
  2.04252553e+00 9.96026576e-01 2.06728411e+00 8.94636869e-01
  6.30934060e-01 2.48723462e-01 3.57067251e+00 8.27078533e+00
  2.35079810e-01 2.23561478e+00 3.39691591e+00 6.96393681e+00
  8.60393620e+00 3.63194466e+00 0.00000000e+00 4.92629671e+00
  1.70302081e+00 4.84690905e+00 7.78532505e-01 6.73799849e+00
  0.00000000e+00 0.00000000e+00 1.16163754e+00 4.10335016e+00
  1.77615869e+00 6.96596026e-01 1.56507158e+00 2.52739716e+00
  2.21314168e+00 8.21664155e-01 3.82040286e+00 4.98136330e+00
  4.14149189e+00 2.72229695e+00 1.90354776e+00 1.83217581e-02
  1.96610367e+00 2.99331474e+00 6.61638439e-01 6.30361319e+00
  9.88721728e-01 9.03204262e-01 3.35132170e+00 3.11627722e+00
  7.37565660e+00 4.26104367e-01 9.98306870e-01 2.32433826e-01
  1.18689384e+01 2.72317111e-01 2.14093709e+00 1.62611103e+00
  6.89007640e-01 6.07138205e+00 0.00000000e+00 9.55492079e-01
  8.30058992e-01 0.00000000e+00 3.74758318e-02 2.92126632e+00
  2.56404668e-01 1.01770282e+00 1.79421318e+00 2.80690932e+00
  2.95565605e+00 9.80156898e+00 3.74169683e+00 0.00000000e+00
  4.28728914e+00 2.42749667e+00 7.13659883e-01 5.54199076e+00
  1.09617937e+00 1.76243913e+00 9.47701073e+00 4.77215099e+00
  1.16982307e+01 3.08233023e+00 3.96090198e+00 9.32879925e-01
  3.99412060e+00 5.22227526e-01 2.52263761e+00 2.75435972e+00
  7.23869276e+00 3.31203032e+00 8.54141951e-01 2.06241798e+00
  1.48154306e+00 5.77295363e-01 4.74238682e+00 4.21884727e+00]]