[[1.22304782e-01 3.61550617e+00 6.32925653e+00 0.00000000e+00
  0.00000000e+00 3.10643220e+00 1.67352939e+00 0.00000000e+00
  4.64486980e+00 9.93163884e-01 0.00000000e+00 1.39843547e+00
  1.61920679e+00 1.49356902e+00 4.06991988e-01 5.46254015e+00
  1.52447894e-01 9.31287348e-01 3.47802806e+00 8.67423153e+00
  1.26732814e+00 1.12621346e+01 4.67858934e+00 5.28719783e-01
  1.49038661e+00 5.95659733e+00 2.37690353e+00 6.62345409e-01
  7.88847399e+00 4.80292857e-01 0.00000000e+00 4.64658976e+00
  2.45958543e+00 2.67237616e+00 1.24388134e+00 1.77958429e+00
  6.54062390e-01 1.22382510e+00 7.11357164e+00 3.30490208e+00
  8.09203327e-01 6.77691028e-02 1.15751255e+00 4.33072138e+00
  0.00000000e+00 3.65553927e+00 3.21254754e+00 5.58034468e+00
  1.62514031e-01 2.21778893e+00 7.84016371e-01 6.25347555e-01
  0.00000000e+00 1.45982957e+00 5.72272062e-01 6.83824480e-01
  2.87437677e+00 2.23255062e+00 0.00000000e+00 1.19995105e+00
  6.63282299e+00 2.49131441e-01 3.83809829e+00 8.76181126e+00
  1.79485470e-01 2.44001961e+00 6.56168342e-01 1.67733657e+00
  3.36529207e+00 3.27886748e+00 4.09350061e+00 1.11661804e+00
  8.23784340e-03 4.14973974e+00 1.08988237e+00 1.15424022e-01
  1.06111889e+01 0.00000000e+00 7.91529059e-01 1.74377882e+00
  5.60769618e-01 3.88438046e-01 9.71686077e+00 3.12873769e+00
  3.34256268e+00 1.82171750e+00 2.05253029e+00 1.80915320e+00
  1.71999657e+00 0.00000000e+00 5.19337177e+00 6.03625107e+00
  0.00000000e+00 2.48350143e+00 0.00000000e+00 2.21571445e+00
  0.00000000e+00 2.82686782e+00 2.16381454e+00 5.41983700e+00
  1.16058922e+00 8.70315507e-02 7.00199795e+00 3.57067561e+00
  1.29623568e+00 2.33243871e+00 1.13134527e+00 2.83990860e+00
  3.34760213e+00 0.00000000e+00 3.33978868e+00 2.33350563e+00
  6.66302815e-02 2.02909851e+00 2.13704395e+00 5.97014427e-01
  3.08373809e+00 9.72558141e-01 1.72428787e-01 5.99673891e+00
  6.55752599e-01 8.79679382e-01 1.84459794e+00 4.26317024e+00
  2.66827059e+00 1.44932365e+00 7.91731179e-01 1.31388158e-01
  1.29223013e+00 1.80955696e+01 3.15724683e+00 1.58151972e+00
  4.56851053e+00 3.27197599e+00 1.86894938e-01 2.84905219e+00
  2.70417356e+00 2.12751651e+00 2.69455910e+00 8.71054363e+00
  1.96986127e+00 5.12553978e+00 1.91961789e+00 3.97912121e+00
  1.62454939e+00 2.45911932e+00 1.89898086e+00 2.06461653e-01
  4.62133646e+00 0.00000000e+00 0.00000000e+00 4.66000706e-01
  1.00638807e+00 8.43530986e-03 5.38678765e-01 6.56542957e-01
  7.21568012e+00 6.81391668e+00 8.84353340e-01 1.16755641e+00
  1.10264289e+00 2.88371515e+00 3.51791811e+00 1.57961512e+00
  3.55078006e+00 5.46268988e+00 3.56673181e-01 1.34190714e+00
  1.97509527e+00 5.74997950e+00 1.69001687e+00 3.86839181e-01
  6.30618095e+00 4.79727298e-01 5.07744312e-01 2.60380960e+00
  1.01137385e-01 1.01307642e+00 2.84211612e+00 4.88048553e-01
  3.72161126e+00 0.00000000e+00 2.80998230e+00 6.91939741e-02
  0.00000000e+00 2.24256349e+00 5.53160012e-01 7.23756313e-01
  7.97261894e-01 2.20149136e+00 1.73039806e+00 2.13436529e-01
  1.03056335e+00 3.78595757e+00 0.00000000e+00 3.30588770e+00
  2.00895715e+00 3.61598182e+00 2.04124999e+00 0.00000000e+00
  9.51355278e-01 0.00000000e+00 4.10361648e-01 4.51109266e+00
  3.32341933e+00 3.11590940e-01 0.00000000e+00 3.34476900e+00
  7.10313320e-01 7.98444557e+00 1.36745191e+00 3.92034936e+00
  2.10225821e-01 1.82811177e+00 9.76573303e-02 0.00000000e+00
  6.67142749e-01 7.46960640e-01 6.27183765e-02 2.08079386e+00
  2.63148189e+00 1.79266930e+00 4.11644363e+00 3.30537486e+00
  2.65974832e+00 5.60359049e+00 2.15025258e+00 1.07827149e-01
  2.65056968e-01 9.82814074e-01 4.35035467e+00 3.30404091e+00
  8.05547833e-01 3.18146443e+00 3.16115999e+00 3.32039785e+00
  4.22005749e+00 1.32659187e+01 8.23115230e-01 3.40532088e+00
  0.00000000e+00 1.87246442e+00 2.00049329e+00 3.61611295e+00
  2.25489426e+00 2.32563448e+00 2.24461746e+01 5.12476206e+00
  7.62259483e+00 8.96456146e+00 5.91299176e-01 0.00000000e+00
  5.11566734e+00 3.61073279e+00 6.13750219e-01 1.93645620e+00
  1.67095733e+00 9.44023418e+00 3.24176097e+00 1.87103188e+00
  2.30305314e+00 1.64642859e+00 5.76533496e-01 2.40408897e+00
  1.04691780e+00 4.20717430e+00 0.00000000e+00 0.00000000e+00
  8.92813778e+00 2.01097822e+00 2.34020615e+00 3.93873405e+00
  1.21980727e+00 2.42054892e+00 1.22580397e+00 0.00000000e+00
  4.21585798e+00 1.84258735e+00 7.54185259e-01 8.13211441e+00
  8.74253213e-02 0.00000000e+00 2.15951595e+01 9.23469305e-01
  1.48742050e-01 6.85944676e-01 2.53704619e+00 4.18646908e+00
  2.08353806e+00 7.09156752e-01 2.13394791e-01 2.62950230e+00
  3.60215259e+00 2.59996271e+00 2.87106800e+00 4.18097878e+00
  4.71344262e-01 2.44684979e-01 1.40000677e+00 1.22705773e-01
  3.93064952e+00 1.55813444e+00 5.57519943e-02 4.75639030e-02
  5.12232208e+00 2.06747150e+00 9.97107220e+00 3.45108318e+00
  1.49808764e+00 3.11999470e-01 4.84742403e+00 2.62760305e+00
  2.47695297e-01 2.39934158e+00 3.80685186e+00 3.61735535e+00
  3.79944634e+00 1.02825060e+01 6.87867224e-01 0.00000000e+00
  1.60748756e+00 6.08307266e+00 3.87510881e-02 8.25719714e-01
  2.31184751e-01 1.04634352e+01 3.76719069e+00 8.12636316e-02
  1.57274210e+00 2.85715073e-01 5.66207230e-01 4.51567221e+00
  2.10880613e+00 3.85069561e+00 4.59820271e+00 6.21958971e-01
  3.78281260e+00 9.11728859e-01 1.42722309e+00 4.44816113e+00
  6.17980337e+00 5.10804415e+00 4.31109995e-01 2.23213649e+00
  4.27519560e+00 2.16479826e+00 4.06056976e+00 8.58461201e-01
  7.97796392e+00 4.04644817e-01 0.00000000e+00 4.44086045e-01
  2.34961414e+00 1.13855645e-01 5.31372309e-01 5.24146408e-02
  1.02662630e-01 6.18551254e+00 4.04387760e+00 3.54223943e+00
  3.11867166e+00 0.00000000e+00 1.84160936e+00 1.13887577e+01
  4.68729544e+00 3.12820435e-01 1.45727119e+01 2.73684204e-01
  6.93211317e-01 1.15589917e+00 1.44142061e-01 0.00000000e+00
  5.82403326e+00 4.70825005e+00 4.86603528e-01 2.23069167e+00
  7.57546961e-01 4.66322565e+00 1.09456325e+00 9.37478828e+00
  4.09954786e+00 2.72298694e+00 1.41052413e+00 2.77261472e+00
  1.52702737e+00 1.31963861e+00 4.97279835e+00 1.73733190e-01
  1.27385998e+00 4.28584814e+00 8.42264235e-01 1.14013233e+01
  2.15045500e+00 4.48696232e+00 2.56273896e-01 5.89102936e+00
  5.70218277e+00 7.90582514e+00 1.55095315e+00 1.85918128e+00
  2.68442106e+00 5.73840952e+00 4.19683743e+00 1.03952341e+01
  1.97773695e+00 1.41763008e+00 0.00000000e+00 2.04160452e+00
  9.77880096e+00 0.00000000e+00 1.48602557e+00 5.89251518e-01
  7.60918260e-02 2.11520672e+00 0.00000000e+00 2.76796079e+00
  1.44511521e+00 2.08984777e-01 2.96874404e-01 6.35279477e-01
  2.68580586e-01 5.12411737e+00 4.55718946e+00 1.44355373e+01
  3.95330787e+00 5.12459850e+00 1.08892336e+01 2.39556503e+00
  8.61042082e-01 4.82043028e+00 9.74236786e-01 1.62873220e+00
  5.34922552e+00 4.11745697e-01 3.21380526e-01 3.61423445e+00
  3.86215401e+00 4.78989780e-02 4.72816937e-02 2.84473095e-02
  0.00000000e+00 8.87913585e-01 0.00000000e+00 2.34357528e-02
  1.82253703e-01 1.09779537e+00 5.67690842e-02 6.99634492e-01
  2.06253791e+00 1.41419125e+00 1.13059819e-01 3.66629529e+00
  2.84721541e+00 1.00451555e+01 5.85316563e+00 2.37007529e-01
  2.88763595e+00 1.26756811e+00 2.68155837e+00 1.03489113e+00
  1.34420156e+00 1.17224514e+00 3.96264672e-01 1.58817637e+00
  0.00000000e+00 2.49672055e+00 0.00000000e+00 3.04942250e+00
  3.09229755e+00 6.49310493e+00 4.28730309e-01 8.83665562e-01
  1.73826292e-01 3.76492786e+00 2.80017972e-01 6.24278975e+00
  8.39552283e-01 1.39313948e+00 2.41005945e+00 9.50848579e-01
  3.50786543e+00 4.09699440e+00 2.43370748e+00 2.33873320e+00
  2.57802736e-02 4.18421793e+00 5.68555021e+00 7.23768175e-01
  2.26088151e-01 9.54133391e-01 3.93019438e+00 2.06427336e+00
  7.96968102e-01 4.16085094e-01 0.00000000e+00 2.32001781e+00
  4.71912241e+00 7.87712145e+00 9.72665906e-01 2.21283245e+00
  7.60760450e+00 1.51666760e+00 0.00000000e+00 3.66840124e+00
  2.28788161e+00 2.23954841e-01 2.45353527e+01 5.14664888e+00
  1.44144201e+00 1.29382277e+00 2.60663778e-01 1.83355725e+00]]