[[2.34410286e+00 3.66797745e-01 8.14371705e-01 0.00000000e+00
  1.88469052e+00 5.80228281e+00 2.87963271e+00 3.35398227e-01
  4.44059610e+00 8.88643622e-01 9.13056016e-01 3.27410549e-01
  4.14760923e+00 1.59174240e+00 0.00000000e+00 9.45628881e-01
  0.00000000e+00 2.93780088e+00 3.25794876e-01 5.11247921e+00
  1.46511030e+00 4.05499506e+00 1.72312751e-01 2.53974509e+00
  0.00000000e+00 6.02592707e+00 3.18586206e+00 3.60691357e+00
  6.24818325e-01 2.40445626e-03 5.46615064e-01 4.34089756e+00
  1.48302698e+00 3.30413842e+00 1.08119440e+00 2.44908810e+00
  3.01899815e+00 2.55580813e-01 5.34986210e+00 8.50142002e+00
  3.28866792e+00 4.27321881e-01 1.89990497e+00 1.25519860e+00
  0.00000000e+00 6.09122944e+00 6.65556192e+00 8.34035277e-01
  5.13480377e+00 1.76744199e+00 1.10059476e+00 4.50054884e+00
  2.35442564e-01 4.07519913e+00 4.15360123e-01 3.66147280e+00
  5.14226317e-01 2.92665172e+00 3.79130387e+00 2.03782409e-01
  8.30120504e-01 4.50628549e-01 5.88699293e+00 3.55694866e+00
  6.54903412e-01 1.76946151e+00 3.64891982e+00 2.23902965e+00
  1.38934767e+00 1.99551547e+00 2.72122097e+00 5.74254990e+00
  1.61936140e+00 7.85186100e+00 1.26132220e-01 0.00000000e+00
  2.17897940e+00 3.32273650e+00 2.80109197e-02 1.62188363e+00
  2.23675236e-01 1.97483921e+00 2.70568609e+00 1.38167095e+00
  4.58867836e+00 2.66215754e+00 1.34820461e+00 5.20372868e-01
  2.48459864e+00 6.97086286e-03 1.41982377e+00 1.39518332e+00
  0.00000000e+00 8.80996644e-01 0.00000000e+00 1.63698697e+00
  5.59990644e-01 1.25012553e+00 3.18107820e+00 1.22103095e+00
  1.33275437e+00 3.16265154e+00 1.55497313e+01 4.22883987e+00
  3.76445621e-01 3.57189369e+00 7.07555935e-02 2.05235314e+00
  1.67949080e+00 2.68714261e+00 2.78375340e+00 2.62928462e+00
  1.08822799e+00 4.57659769e+00 0.00000000e+00 4.75238025e-01
  2.39459348e+00 2.13495880e-01 7.49337077e-01 5.06166458e+00
  4.04886723e-01 1.13723004e+00 3.68379951e-01 1.32253420e+00
  2.28693795e+00 1.13942730e+00 2.07564068e+00 0.00000000e+00
  4.80161381e+00 1.62395821e+01 2.95005631e+00 1.66750196e-02
  8.37972832e+00 1.30516171e+00 4.64510155e+00 1.98151803e+00
  0.00000000e+00 1.04232848e+00 2.06059170e+00 1.09265840e+00
  1.78115487e+00 1.36324215e+00 2.27747679e+00 8.89420986e-01
  4.43606138e+00 1.88385832e+00 1.76800776e+00 4.15510446e-01
  4.65928987e-02 9.72285628e-01 1.08653355e+00 2.96309799e-01
  9.78865802e-01 0.00000000e+00 9.28347468e-01 8.33615303e-01
  6.00051022e+00 3.63007164e+00 1.70648456e+00 1.51115334e+00
  6.35291100e+00 2.64979267e+00 3.31265187e+00 3.18774176e+00
  4.05138159e+00 2.15170836e+00 1.64501965e-01 1.70423627e+00
  4.03646588e-01 3.77495098e+00 1.48013806e+00 2.03784299e+00
  3.60107422e+00 2.64136553e+00 3.15369177e+00 6.25715613e-01
  3.60794991e-01 0.00000000e+00 1.15517616e+01 8.09476674e-01
  3.52022409e+00 6.98125899e-01 7.41602135e+00 2.91829228e-01
  7.38592803e-01 2.25980568e+00 6.52126122e+00 1.67449784e+00
  2.91727471e+00 4.98151112e+00 7.60079813e+00 0.00000000e+00
  3.91108930e-01 4.79226589e+00 0.00000000e+00 0.00000000e+00
  1.04364920e+00 3.36537957e+00 0.00000000e+00 3.54347229e-02
  1.34074187e+00 1.06118762e+00 0.00000000e+00 3.57145214e+00
  4.89764357e+00 5.35824823e+00 3.91162127e-01 4.22154576e-01
  2.71898675e+00 4.29464483e+00 0.00000000e+00 1.41236413e+00
  1.12315285e+00 2.41416550e+00 2.25122809e-01 2.04996061e+00
  2.51971453e-01 5.00566423e-01 2.38971472e+00 8.60881805e-01
  4.51192951e+00 6.98816156e+00 2.12831831e+00 2.64756274e+00
  7.78172553e-01 3.21245146e+00 1.94973695e+00 9.56262410e-01
  5.84188662e-02 1.52193103e-02 6.20221424e+00 5.10530901e+00
  1.17705703e+00 2.26471376e+00 4.06399107e+00 1.21931851e+00
  3.34596133e+00 6.06719971e+00 9.99718487e-01 8.04515457e+00
  5.52615702e-01 6.81744933e-01 2.46249890e+00 8.84640598e+00
  2.97102237e+00 1.13076849e+01 1.13878040e+01 1.78853619e+00
  5.68643332e+00 0.00000000e+00 3.10305071e+00 4.93867064e+00
  1.89614189e+00 6.61322534e-01 1.93606269e+00 0.00000000e+00
  1.74986863e+00 6.45087910e+00 4.22501230e+00 6.98236287e-01
  2.67878830e-01 1.66935074e+00 5.39519005e-02 1.37597394e+00
  2.49555969e+00 2.55976963e+00 0.00000000e+00 1.18245649e+00
  6.00947332e+00 4.04295540e+00 4.46927929e+00 1.31349266e-01
  3.74252224e+00 5.83371043e-01 9.86343622e-02 1.48417962e+00
  7.64369059e+00 6.41046822e-01 3.50145638e-01 1.64235640e+00
  3.30852175e+00 3.69466829e+00 6.00676727e+00 7.03193963e-01
  8.57289076e-01 6.60317063e-01 2.99857807e+00 1.86388716e-01
  2.94286919e+00 6.25848246e+00 8.42588767e-03 2.82081902e-01
  1.10202146e+00 4.66442776e+00 4.52932596e+00 3.27862203e-01
  1.18260753e+00 1.52832448e+00 3.46389651e+00 0.00000000e+00
  1.08030595e-01 1.64744353e+00 3.79077029e+00 4.91717979e-02
  5.37977123e+00 2.72654414e+00 1.24144888e+00 9.80918407e-01
  3.20593655e-01 2.37036133e+00 1.75802362e+00 3.33823293e-01
  5.43835647e-02 2.13185811e+00 1.92211092e+00 4.64389563e-01
  1.96257973e+00 1.08239937e+01 2.57389212e+00 3.82742238e+00
  5.92366886e+00 3.01065147e-01 1.89587259e+00 2.00434119e-01
  1.46038353e+00 4.37589979e+00 4.70011282e+00 1.23584855e+00
  1.52605426e+00 0.00000000e+00 7.28114307e-01 4.79249239e+00
  1.04309142e+00 2.08001256e+00 6.81835699e+00 4.51775980e+00
  5.07047892e+00 2.44983745e+00 0.00000000e+00 4.35737491e-01
  1.70953488e+00 4.73370254e-01 8.32386553e-01 2.33629584e+00
  4.36506367e+00 3.25923371e+00 1.13890064e+00 1.17041521e-01
  2.63634610e+00 4.13075596e-01 2.37388343e-01 1.90483439e+00
  2.56261826e+00 2.21903586e+00 2.62452316e+00 3.20017844e-01
  1.09995270e+00 8.24666023e+00 7.60968781e+00 8.31613719e-01
  1.82750263e+01 3.52005482e-01 1.83583617e+00 3.09911227e+00
  6.60544205e+00 2.32130527e+00 8.90126705e+00 3.46219867e-01
  1.08693528e+00 3.63931894e-01 1.10455406e+00 6.40052080e-01
  5.50449610e+00 2.62550771e-01 2.67244959e+00 5.15047646e+00
  1.15481270e-02 4.53927708e+00 6.05271608e-02 6.27797604e+00
  5.83225965e+00 6.92380714e+00 1.04335177e+00 1.84721088e+00
  8.79223287e-01 2.41989732e+00 1.51782012e+00 5.34408167e-03
  1.19928193e+00 2.27396822e+00 8.50299120e-01 2.06363297e+00
  1.31930220e+00 2.10149336e+00 3.44612432e+00 1.90972075e-01
  1.79386854e+00 1.60766989e-01 4.27161264e+00 2.13150954e+00
  9.74479437e-01 2.14746380e+00 5.29909134e+00 4.86106873e+00
  5.44639540e+00 7.10417479e-02 1.18440511e-02 9.60984051e-01
  1.79143381e+00 2.70402503e+00 6.59278727e+00 2.29455686e+00
  3.36644500e-01 8.47071838e+00 1.81479502e+00 1.05750823e+00
  6.24882579e-01 1.85800171e+00 9.29047406e-01 9.09914434e-01
  6.90187752e-01 8.13557208e-01 2.34986854e+00 1.37023830e+01
  1.43610954e+00 2.96698380e+00 2.28337955e+00 7.19673729e+00
  3.86292547e-01 2.03908849e+00 9.63901758e-01 7.20703268e+00
  1.19727402e+01 3.73302412e+00 6.58279991e+00 9.79191971e+00
  2.61772811e-01 3.09788918e+00 5.42925775e-01 1.05545461e+00
  1.62452888e+00 1.72781482e-01 3.80814224e-01 2.80467272e-01
  1.00467551e+00 1.95894122e+00 1.51932609e+00 1.77059686e+00
  8.08136351e-03 1.19059372e+00 2.13648081e+00 2.88484812e+00
  1.60161424e+00 3.16982031e+00 1.36102858e+01 1.54418480e+00
  8.56279850e+00 4.06341887e+00 3.48682690e+00 5.70946932e+00
  3.62638688e+00 1.71785188e+00 1.76819754e+00 3.08019519e+00
  0.00000000e+00 0.00000000e+00 0.00000000e+00 9.90839064e-01
  2.70067668e+00 1.62064815e+00 2.70800138e+00 2.53268409e+00
  8.60476196e-02 7.52757931e+00 9.08514142e-01 4.46838856e-01
  1.57411695e+00 2.08199978e+00 1.42970073e+00 1.06544983e+00
  0.00000000e+00 8.62907219e+00 1.40483868e+00 2.50071025e+00
  0.00000000e+00 5.45050907e+00 1.27043219e+01 1.85486495e-01
  4.28130770e+00 2.66394687e+00 6.99576214e-02 1.19075477e+00
  9.86258164e-02 9.52442110e-01 1.59795618e+00 3.65522361e+00
  6.03990650e+00 3.63432705e-01 8.78865600e-01 6.63020670e-01
  9.81153297e+00 8.51132929e-01 3.63775444e+00 1.35075033e+00
  3.71352220e+00 4.46328372e-01 9.90623474e+00 1.19150853e+00
  8.36678565e-01 2.85088390e-01 9.68215179e+00 2.91395664e+00]]