[[3.9065656e-01 1.7469959e+00 1.4030899e+00 8.7288636e-01 5.1747954e-01
  1.0480387e+01 4.0000176e+00 0.0000000e+00 5.1871333e+00 2.5352659e+00
  6.7926335e+00 9.5432121e-01 2.8605704e+00 7.4019007e-02 2.2412012e+00
  1.4274099e+00 7.5627565e-01 8.4313679e-01 1.0528094e+00 2.4318042e+00
  1.1418265e+00 5.5662799e+00 0.0000000e+00 2.3038623e+00 1.7529186e+00
  9.5518494e+00 2.5381999e+00 2.9421701e+00 4.2250305e-01 0.0000000e+00
  4.4914076e-01 1.0034858e+01 0.0000000e+00 4.7631159e+00 1.2165909e-01
  4.1733952e+00 6.2567157e-01 4.5376189e-02 7.3925033e+00 6.2007613e+00
  1.1601579e+01 5.6726080e-01 3.7931699e-02 4.9522662e+00 9.2587465e-01
  1.5759016e+00 7.1928871e-01 1.5095331e-01 2.8193078e+00 4.1513824e-01
  7.9185516e-01 2.4221833e+00 2.3186200e+00 1.6887707e+00 8.3196360e-01
  1.5244195e+00 7.2911853e-01 9.3641502e-01 1.0538263e+00 4.1953512e-02
  0.0000000e+00 3.8575906e-01 6.0548501e+00 1.2048115e+00 2.9794550e-01
  8.2900725e-02 1.8449166e-01 4.0775561e-01 1.9329714e+00 1.2550622e+00
  3.0253847e+00 1.1773802e+00 1.2668133e+00 1.6550014e+00 3.6069009e+00
  0.0000000e+00 7.6240408e-01 6.1397862e-01 4.4923596e-02 1.0794164e+00
  2.3757954e-01 6.3116632e+00 7.4070227e-01 1.7480963e+00 5.6268148e+00
  1.0468867e+01 2.3226621e+00 3.0723982e+00 2.5322428e+00 5.6213486e-01
  1.0384984e+00 0.0000000e+00 5.5056429e-01 3.5053856e+00 9.2842206e-02
  1.4324589e-01 6.0137033e-01 2.6446703e-01 2.1340675e+00 5.8141561e+00
  0.0000000e+00 1.3265245e+00 9.7930050e+00 2.9864895e+00 7.5344710e+00
  1.4045793e+00 1.2447375e+00 7.7313542e-01 0.0000000e+00 3.0988482e-01
  1.2419127e+00 5.5114758e-01 8.8625059e+00 1.9480947e+00 3.2366920e+00
  3.6245108e-01 5.9713984e+00 7.3430262e+00 0.0000000e+00 1.2552263e+00
  1.3473507e+00 3.1819117e-01 4.1413674e-01 1.1566877e+00 8.6917621e-01
  3.5686007e-01 1.0061171e+00 2.4747824e-02 1.2373153e+00 9.0036287e+00
  9.2424881e-01 1.8285166e+00 1.4367837e+00 1.8401150e+00 1.6570164e+00
  1.3428333e+00 6.5540498e-01 1.0045797e+00 4.9972644e-01 1.3028067e-01
  1.7211488e+00 1.6614081e-01 2.5107384e+00 6.2397175e+00 3.0959055e-01
  1.6986964e+00 1.8406006e+00 1.3163569e+00 1.8179056e-01 3.9371092e+00
  4.0817666e+00 3.1286786e+00 1.9123844e+00 2.6976004e+00 4.1178128e-01
  5.7202067e+00 4.9137335e+00 2.1580858e+00 1.1050229e+00 8.8887787e-01
  2.2619169e+00 2.7204287e-01 4.7672758e+00 3.5298796e+00 1.6968856e+00
  1.8319353e+00 1.7116097e-01 1.2760202e+00 9.3951017e-01 1.8480611e+00
  7.0777144e+00 1.9218100e+00 1.3960754e+00 2.6392841e+00 0.0000000e+00
  5.7609450e-02 2.3571849e-03 6.2150187e+00 6.4286661e+00 1.6408889e+00
  0.0000000e+00 0.0000000e+00 5.9100728e+00 2.9847524e+00 2.5686482e-01
  2.1119444e+00 3.1171003e-01 1.0787256e+00 2.0954297e+00 4.1896491e+00
  6.1318260e-02 3.9329708e-01 0.0000000e+00 6.5450883e+00 5.6975347e-01
  6.7201108e-02 1.9931309e+00 8.3967137e-01 1.7686219e+00 1.1285882e+00
  9.3503466e+00 3.8852236e+00 1.9433509e+00 5.8508283e-01 4.7675400e+00
  1.9058818e+00 6.2052679e-01 3.5719306e+00 3.8659527e+00 1.4546561e+01
  0.0000000e+00 6.1345172e-01 1.4438819e+00 5.8998051e+00 7.0180583e-01
  2.5105551e-01 1.0677123e+01 2.0726021e-01 1.2999067e+00 5.8879226e-01
  1.3106939e+00 2.6863475e+00 4.6670708e-01 1.5080141e-01 9.2282802e-02
  2.1450284e+00 1.3035334e+00 3.6557677e+00 3.0307126e+00 2.5937846e+00
  2.0460530e-01 3.2900300e+00 2.0753648e+00 9.3957180e-01 2.1758633e+00
  5.0156040e+00 9.6862440e+00 1.8172337e+00 4.8850069e+00 0.0000000e+00
  1.4717027e+00 7.9078883e-01 1.9860438e+00 6.0614543e+00 1.7253031e-01
  5.9909844e+00 5.4303856e+00 7.3552001e-01 4.5144444e+00 1.6920117e-01
  5.8034954e+00 3.0118032e+00 7.9950459e-02 3.4654026e+00 2.0687890e+00
  4.8539186e-01 1.6400903e+00 3.4384820e-01 2.2785006e+00 3.4661359e-01
  0.0000000e+00 2.9961262e+00 0.0000000e+00 1.2494557e+00 1.0823463e+00
  8.3638793e-01 5.7868314e+00 2.3255503e+00 5.8535881e+00 3.6407214e-01
  2.1708302e+00 0.0000000e+00 5.3173071e-03 3.9199948e-01 1.2118758e+00
  1.5076112e+00 5.4339519e+00 2.8295512e+00 1.3733444e+00 3.9345043e+00
  6.3200765e+00 4.0196341e-02 8.1079870e-01 3.0486844e+00 6.3540649e+00
  0.0000000e+00 4.2507796e+00 4.0014729e-01 1.2997240e+00 4.3817449e+00
  3.7959576e+00 3.9467052e-01 1.6786726e-01 7.6613503e+00 3.1089907e+00
  2.5899631e-01 0.0000000e+00 2.9747088e+00 1.0780308e+00 0.0000000e+00
  2.3679790e+00 9.9507961e+00 4.6322703e+00 1.5120806e+00 6.0884242e+00
  9.7538102e-01 0.0000000e+00 3.0428562e+00 1.5597676e+00 0.0000000e+00
  2.0709286e+00 1.8133917e+00 0.0000000e+00 1.0939345e-01 4.0954890e+00
  2.1194823e+00 3.5567498e+00 5.4177575e+00 1.0718924e+00 2.2540636e+00
  1.1350272e+01 2.8729794e+00 4.3242059e+00 2.7730899e+00 3.7535717e+00
  6.5977484e-01 1.7901616e+00 9.2990652e-02 4.6650748e+00 9.2411417e-01
  2.7085643e+00 4.9806085e+00 4.9576670e-01 3.8603711e-01 5.5542464e+00
  6.0328255e+00 6.6483304e-02 1.1560259e+00 8.4453881e-01 2.0115623e+00
  7.7276155e-02 1.1781725e-01 2.3925841e+00 1.2944534e+00 2.7525053e+00
  5.2971488e-01 2.5102873e+00 2.4627526e+00 8.9085966e-01 2.0366004e+00
  3.2523146e-01 1.0759254e+00 4.9351072e+00 2.2065182e+00 1.5394211e+00
  7.1292859e-01 1.3057362e+00 3.3304853e+00 1.0517473e+00 1.3734007e+00
  1.2520093e+01 7.2081625e-01 1.0348951e+00 1.1264035e+01 4.8591313e+00
  7.3944813e-01 1.1273494e+01 1.6358880e+00 2.7380466e+00 4.5260301e+00
  0.0000000e+00 5.2794266e-01 2.7726698e+00 3.6337385e-01 5.6887922e+00
  3.3855572e+00 5.7789338e-01 1.5930883e+00 3.5989448e-02 6.4522281e+00
  1.2394618e+00 4.5451603e+00 7.8749865e-01 4.0409093e+00 2.7387648e+00
  1.1153526e+00 2.6592464e+00 1.8338760e+00 5.1402424e-02 1.3126153e+01
  3.2711783e-01 3.5419800e+00 1.5299129e+00 1.8699144e+00 1.7134103e+00
  4.6922493e+00 2.6794260e+00 0.0000000e+00 8.8570004e+00 9.0332669e-01
  1.2995915e+00 6.9991107e+00 2.1719344e+00 3.8718598e+00 1.6424576e+00
  1.3660140e+00 0.0000000e+00 1.4997061e-01 6.2924027e+00 3.3632586e+00
  6.5127130e+00 2.4083290e+00 8.6487204e-01 1.4094941e+01 1.6080052e+00
  1.8235313e+00 5.1682431e-01 2.8199676e-01 3.3803082e+00 6.8213189e-01
  1.3102524e+00 1.3366380e+00 0.0000000e+00 6.8425870e-01 2.7812192e+00
  4.2051234e+00 6.8977923e+00 4.5249066e+00 1.8334354e+00 1.0961382e+00
  2.3044649e-01 8.0557671e+00 3.9795389e+00 3.6412385e+00 6.4708314e+00
  5.2346797e+00 1.2247910e+00 1.1456789e+00 5.1689649e-01 7.2996855e-01
  9.9600449e-02 2.4383843e+00 7.6379351e-02 8.4546328e+00 6.0784559e+00
  0.0000000e+00 2.0778227e+00 2.1721759e+00 0.0000000e+00 8.7018555e-01
  1.6031544e-01 6.0900211e+00 3.1536608e+00 3.4379544e+00 8.3054743e+00
  5.5371108e+00 8.2555509e-01 1.7197231e+00 4.9176698e+00 1.0950677e+01
  1.8892391e-01 2.1851747e+00 2.7833560e+00 1.1712627e+00 4.5038633e-02
  7.9081397e+00 2.1234236e+00 1.8507069e+00 2.2790992e+00 6.8343282e-01
  1.1437653e+00 3.7144494e+00 3.0628614e+00 1.5015051e+00 1.6294169e-01
  1.4248766e+00 9.6195126e-01 1.7782434e+00 2.3261636e-01 2.5445437e-01
  1.8760440e+00 0.0000000e+00 4.1518626e+00 1.2724132e-02 5.7117176e-01
  2.9423780e+00 4.7764063e+00 2.6681166e+00 3.0410709e+00 1.3783768e-01
  2.4800875e+00 2.0922933e+00 9.1974038e-01 3.9623320e+00 1.7101601e+00
  2.1988041e+00 1.6692318e+00 7.8467250e-02 1.6454936e+00 2.3690152e+00
  1.8478631e+00 1.1354833e+00 4.2171602e+00 2.6146140e+00 4.1560636e+00
  7.4447244e-02 9.8561782e-01 2.8338316e-01 7.0471442e-01 7.3624253e+00
  4.5298457e+00 0.0000000e+00]]