[[2.3196521e+00 1.2329210e+00 1.9478084e+00 0.0000000e+00 6.3166827e-01
  1.9394940e-01 5.4502687e+00 4.4169173e+00 1.8905532e+00 1.0902727e+00
  4.0915871e-01 5.8527613e-01 2.6774509e+00 7.6946998e-01 8.6821496e-02
  4.5572777e+00 6.5214865e-02 2.4346516e+00 0.0000000e+00 2.8759167e+00
  3.5646793e-02 1.0601778e+01 3.7460537e+00 5.9553881e+00 1.7421907e+00
  7.7241640e+00 4.3302288e+00 2.9011188e+00 1.1338358e+00 5.6531591e+00
  1.3530560e+00 1.3171841e-01 2.1733501e+00 6.4762926e+00 1.0954930e+00
  0.0000000e+00 7.5358194e-01 8.9070469e-01 5.2124090e+00 4.7255764e+00
  1.3119792e+00 2.0196569e+00 7.8375465e-01 5.4465389e+00 2.8796368e+00
  1.0585780e-01 1.9873142e-02 7.3595220e-01 1.9011048e+00 3.9650244e-01
  7.9467338e-01 2.6660633e+00 5.1069081e-01 5.2785244e+00 8.5148293e-01
  1.1838269e+00 5.9427869e-01 1.8504099e+00 6.8948755e+00 1.7496791e-01
  1.5291607e+00 2.8708904e+00 6.7969131e+00 3.5435038e+00 1.4043880e-01
  7.1184099e-02 0.0000000e+00 3.3213258e+00 1.7634008e+00 8.2594752e-01
  1.5007753e+00 1.4400986e+00 4.4028587e+00 3.3643303e+00 2.3020208e+00
  5.3250980e+00 3.2826471e-01 2.0716882e-01 6.3155137e-02 5.2796412e-01
  1.6642636e-02 1.0417445e+00 3.9597738e+00 4.6276517e+00 6.4567790e+00
  5.6045823e+00 1.0306753e+00 5.2107072e-01 5.0001445e+00 6.0594618e-01
  1.2754847e+01 1.0722111e+00 1.6952737e-01 1.8910625e+00 1.0674527e-01
  8.7469317e-02 1.4319967e+00 2.9740307e+00 6.7553239e+00 2.3533816e+00
  1.4973596e-01 1.8408415e+00 8.3725576e+00 5.5831079e+00 0.0000000e+00
  2.2471046e+00 7.8166080e+00 2.3116167e+00 2.5664098e+00 4.3567395e+00
  1.7149292e+00 4.8793852e-01 6.0166395e-01 1.0877513e+00 6.4655256e-01
  0.0000000e+00 2.6246319e+00 0.0000000e+00 0.0000000e+00 1.3105211e+00
  2.7920252e-01 7.8334594e+00 7.6018602e-01 4.4785099e+00 6.9103289e-01
  4.6668463e+00 1.4716673e+00 4.8133880e-01 3.9016038e-02 9.5378895e+00
  1.6636119e+00 2.8855327e-01 1.1539208e+01 7.7004725e-01 1.4136237e-01
  1.9909171e+00 3.3959812e-01 2.3198524e-01 4.6103972e-01 1.4207891e-01
  6.4000731e+00 2.3519964e+00 1.5457112e+00 4.9138994e+00 1.3071325e+00
  7.3051333e-01 4.4563594e+00 1.2088057e+00 2.3407108e-01 5.4745064e-03
  1.8191211e+00 1.5797429e+00 8.2378262e-01 2.6786177e+00 1.9074749e+00
  2.3738356e+00 4.3692577e-01 4.1749010e+00 6.7571211e-01 1.5459759e+00
  1.2919813e+00 1.7931643e+00 7.0477414e+00 3.5702410e-01 5.5899663e+00
  4.4529686e+00 4.6243200e-01 0.0000000e+00 1.4533527e+00 1.8541865e-01
  2.0901537e+00 1.4716448e+00 3.7863545e+00 3.4430149e+00 3.0263321e-02
  1.6493961e-01 5.7489681e+00 0.0000000e+00 1.1762031e+01 1.0067272e+01
  0.0000000e+00 1.5614640e+00 3.0483913e+00 2.7933958e-01 8.8012981e-01
  2.5599458e+00 1.5117848e+00 3.2351074e+00 2.9993401e+00 5.2738094e-01
  5.9100456e+00 3.6781313e+00 6.0247827e+00 7.5839787e+00 2.8691611e+00
  2.1269062e+00 6.7271096e-01 9.8986349e+00 2.4959734e-01 2.1769480e-01
  4.7620316e+00 0.0000000e+00 2.0513220e+00 1.1787362e+00 5.7129641e+00
  1.5759552e+00 4.0380201e+00 4.2419643e+00 2.1436124e+00 1.7759499e+01
  8.8038057e-02 2.1693697e+00 4.6686966e-02 3.0715783e+00 8.8564396e-01
  1.3408444e+00 1.9913484e+00 2.6557128e+00 4.4588378e-01 8.5159934e-01
  1.8623605e+00 2.2317507e+00 1.0941545e+00 1.1660421e-01 1.6919453e-01
  6.6779556e+00 7.3494015e+00 3.1134827e+00 0.0000000e+00 1.5867494e+00
  1.3205333e+00 3.3429878e+00 1.6539450e+00 5.6616229e-01 7.6120710e-01
  1.7106624e+00 1.2320217e+00 2.8701763e+00 7.1902794e-01 7.0430738e-01
  6.9863087e-01 1.6360337e+00 2.6558306e+00 6.5241556e+00 8.1503905e-02
  9.1340885e+00 8.9813843e+00 2.0320005e+00 1.8905076e+00 4.4794617e+00
  5.5421990e-01 3.4802675e+00 3.6770914e+00 3.7494977e+00 1.9114903e+00
  6.4976051e-02 1.3314836e+00 7.1374553e-01 4.7153487e+00 1.9237947e+00
  0.0000000e+00 2.5914267e-01 6.1221993e-01 8.3514233e+00 4.9309621e+00
  9.5541584e-01 5.9420333e+00 3.8356340e+00 2.7265851e+00 4.5322803e-01
  2.1894062e+00 9.3534291e-02 2.2833605e+00 2.2943769e+00 2.2398064e+00
  1.7369051e+00 1.1239730e+01 4.8201665e-01 0.0000000e+00 2.5677714e+00
  2.9779155e+00 3.7918305e+00 3.7549245e+00 5.1737847e+00 2.7156563e+00
  9.1203474e-02 4.4056382e+00 5.9117842e+00 4.0308738e+00 4.9964075e+00
  4.6442494e+00 0.0000000e+00 1.9098684e+00 9.5163355e+00 6.4587383e+00
  1.3093262e+00 5.0846183e-01 1.4031259e+00 8.2866669e-02 4.2361706e-01
  2.6668632e+00 2.0179384e+00 5.7107625e+00 1.4193438e-01 4.0568881e+00
  6.8651009e+00 1.0503793e-02 2.0126770e+00 5.9529835e-01 7.3060894e-01
  2.0764494e+00 1.9782486e+00 8.1654996e-01 3.5458875e+00 4.6250272e+00
  4.4837993e-01 3.6311002e+00 6.5606165e+00 2.7624920e-01 4.6677142e-01
  1.1034412e+00 8.7185507e+00 5.7603025e+00 5.1680136e+00 4.3528519e+00
  5.3621661e-02 5.5705996e+00 2.1062257e+00 2.8982155e+00 4.1971330e-02
  4.9979797e-01 4.9626298e+00 3.6402631e+00 0.0000000e+00 5.9630575e+00
  3.8883324e+00 5.0312486e+00 8.5759628e-01 3.4392643e+00 3.6544137e+00
  2.0380027e+00 1.6448198e-01 1.1459457e+00 4.2935505e+00 2.3172407e+00
  3.4758663e+00 1.2894282e+00 2.6919360e+00 2.4583669e+00 0.0000000e+00
  1.0202570e+00 1.0065801e+00 9.2312306e-02 5.2141685e-02 9.7949177e-01
  4.6435446e-01 1.2568234e-01 4.0700998e+00 7.0009381e-02 7.6219910e-01
  1.2885021e+01 4.4379058e-01 2.6301084e+00 6.2252007e+00 8.5877838e+00
  2.6045251e-01 9.2369566e+00 0.0000000e+00 1.0982628e+00 5.7392015e+00
  6.9527060e-01 3.1437168e+00 3.3143594e+00 3.7838238e-01 3.5195754e+00
  4.8166070e+00 6.3336601e+00 5.3804274e+00 6.6055360e+00 1.9975190e+00
  3.9580741e+00 2.0208968e-01 4.5171313e+00 2.1420474e+00 2.3902316e+00
  1.1885693e+00 2.0471041e+00 5.2765857e-02 3.7727916e-01 1.0889796e+01
  4.1170411e+00 7.3411455e+00 1.7311066e+00 2.5736918e+00 4.1451659e+00
  5.1766133e+00 1.9431666e+00 6.8630142e+00 7.5172014e+00 7.5729531e-01
  2.3320112e+00 1.1238761e+01 6.2798672e+00 4.6272025e+00 8.8427172e+00
  1.7862768e+00 0.0000000e+00 2.6046140e+00 8.6102933e-01 1.0954484e+00
  4.5165811e+00 1.3941559e+00 2.3879473e+00 0.0000000e+00 1.2858225e-01
  6.1480683e-01 2.1439695e+00 1.9666235e+00 1.5520893e+00 1.5201690e+00
  5.1213413e-01 2.0937195e-01 9.9175942e-01 1.6439931e+00 5.5918986e-01
  0.0000000e+00 2.6283548e+00 1.5959235e+00 2.4850435e+00 4.5067906e+00
  2.8964128e+00 4.2895989e+00 6.9638801e+00 4.4248633e+00 8.8241571e-01
  0.0000000e+00 2.2244022e+00 5.4254872e-01 7.1257097e-01 2.7018108e+00
  1.7494824e+00 1.2082898e-01 5.9950769e-01 1.6320662e+00 0.0000000e+00
  1.3609713e-01 2.2015908e+00 2.3152268e+00 2.9523821e+00 8.0557354e-02
  5.6661016e-01 3.0152700e+00 2.8294139e+00 5.6714177e+00 7.8468304e+00
  3.6667183e-02 1.8057985e+00 1.4095870e+00 3.0639341e+00 3.9192162e+00
  4.0750566e+00 1.6565685e+00 5.3977776e-01 7.9862040e-01 0.0000000e+00
  4.0472603e+00 4.7544768e-01 5.9248066e-01 5.7718992e+00 1.3056948e+00
  9.1695702e-01 3.9746640e+00 4.2940626e+00 6.9031019e+00 9.5912075e-01
  7.1455079e-01 0.0000000e+00 4.6746407e+00 2.2622085e+00 3.5205650e+00
  4.1700909e-01 7.1874395e-02 2.1399655e+00 4.7327608e-02 0.0000000e+00
  2.5526352e+00 1.3342114e-01 8.6684394e-01 3.8283795e-01 1.7133174e+00
  2.0502927e+00 7.7337132e+00 6.6957802e-01 2.5454214e-01 3.2636762e+00
  2.2310469e+00 4.2788396e+00 6.3750067e+00 4.7579724e-01 7.5359960e+00
  3.3689249e+00 6.5489434e-02 0.0000000e+00 1.2393093e+00 5.6948447e+00
  1.4903265e+00 6.6598692e+00 2.5960064e+00 1.9633745e+00 1.7852874e+00
  2.4583621e+00 3.3691256e+00]]