[[5.65576363e+00 2.39279890e+00 5.64895034e-01 1.04524791e-01
  5.89579105e-01 1.19505501e+00 2.63227463e+00 0.00000000e+00
  4.96802926e-01 1.20239210e+00 4.95246553e+00 1.69744551e-01
  4.97808599e+00 7.96291256e+00 7.01242113e+00 6.33678865e+00
  6.10188365e-01 8.28163862e-01 1.27913710e-02 4.65889931e+00
  0.00000000e+00 2.48458886e+00 1.76349446e-01 0.00000000e+00
  8.59649241e-01 9.67396832e+00 5.18983781e-01 8.90414342e-02
  3.95886850e+00 0.00000000e+00 0.00000000e+00 1.03365555e+01
  1.70426071e-01 1.50490773e+00 2.33313859e-01 2.84478354e+00
  5.10953856e+00 4.47645783e-01 4.45380926e+00 9.30989838e+00
  1.63217103e+00 2.27888608e+00 2.47276640e+00 3.71406889e+00
  0.00000000e+00 3.89165759e+00 3.49402022e+00 7.93351457e-02
  8.19928467e-01 1.04054174e+01 3.86143017e+00 1.21211922e+00
  2.16313624e+00 1.55847764e+00 1.76120818e+00 2.14230919e+00
  4.32914066e+00 1.46000826e+00 1.29480708e+00 0.00000000e+00
  6.68401897e-01 1.54797876e+00 9.40652370e+00 3.54804111e+00
  6.02773905e+00 6.35761976e+00 2.03450179e+00 8.32470417e+00
  5.10248601e-01 4.19114798e-01 1.16561041e+01 3.36033665e-02
  0.00000000e+00 4.91189146e+00 6.78107643e+00 1.73275137e+00
  9.05985534e-01 1.51029575e+00 0.00000000e+00 2.86536932e-01
  2.18690300e+00 6.68787122e-01 4.44423199e+00 1.75229943e+00
  0.00000000e+00 7.65204430e+00 4.44235593e-01 3.16715360e-01
  2.29874134e+00 1.04393470e+00 6.62282753e+00 4.78069210e+00
  4.69456315e-01 2.80556291e-01 1.89629808e-01 2.30908722e-01
  2.03718618e-01 5.47859144e+00 3.75160933e+00 1.73967707e+00
  1.36349201e+00 1.81988180e+00 7.58129835e+00 4.48342419e+00
  3.87280440e+00 0.00000000e+00 6.41268075e-01 0.00000000e+00
  1.33247340e+00 2.02300306e-02 0.00000000e+00 7.12295234e-01
  4.63915735e-01 1.13006294e-01 5.66834986e-01 7.25913823e-01
  4.81418943e+00 4.13283765e-01 5.90138510e-03 5.04312754e+00
  4.76040316e+00 0.00000000e+00 1.47973132e+00 3.31973672e+00
  6.27363253e+00 2.12704778e+00 4.41531949e-02 2.02482622e-02
  1.06038928e+00 3.43628573e+00 2.95726180e+00 7.38666153e+00
  0.00000000e+00 4.89872754e-01 6.83784664e-01 1.54065621e+00
  6.81741118e-01 1.22813046e+00 4.10746908e+00 2.20169276e-01
  0.00000000e+00 3.77900809e-01 0.00000000e+00 8.77755451e+00
  7.68515468e-01 1.60275912e+00 2.56700826e+00 1.39951959e-01
  1.87292945e+00 1.34400523e+00 0.00000000e+00 3.54705721e-01
  3.05838013e+00 5.17480755e+00 2.25825552e-02 4.47156012e-01
  5.23171902e-01 5.13257599e+00 5.10847378e+00 3.73605072e-01
  1.94375896e+00 5.09001923e+00 4.93009710e+00 3.47385693e+00
  3.32889175e+00 2.11578560e+00 5.60621321e-02 1.04788771e+01
  7.46109895e-03 8.32044220e+00 8.35416198e-01 1.59095883e+00
  2.40547466e+00 2.13621159e+01 4.40447521e+00 2.75248098e+00
  1.58960238e-01 5.49321747e+00 1.39185257e+01 1.87352985e-01
  4.12754059e+00 2.42745161e+00 2.23477244e+00 1.63004518e-01
  5.20851707e+00 3.63114715e+00 0.00000000e+00 7.59857416e+00
  2.15338111e+00 2.84308815e+00 2.40400806e-01 0.00000000e+00
  0.00000000e+00 3.01593256e+00 7.40770161e-01 4.56599325e-01
  1.25668812e+00 7.38105059e+00 4.14535379e+00 4.22514677e+00
  4.64292717e+00 3.50241876e+00 3.66315007e+00 4.00798178e+00
  6.05784273e+00 3.43573952e+00 2.54909897e+00 3.13968945e+00
  7.80033827e+00 1.63593864e+00 3.93344426e+00 1.13786755e+01
  4.99470901e+00 4.94102335e+00 1.30662136e-02 2.32737517e+00
  7.04972124e+00 3.11331058e+00 8.55554998e-01 6.38563097e-01
  5.30607283e-01 8.73748481e-01 1.48462319e+00 0.00000000e+00
  4.30220175e+00 3.93946528e+00 2.04516411e+00 6.37107182e+00
  2.46828008e+00 1.58065811e-01 2.06993043e-01 5.99814892e-01
  0.00000000e+00 3.06556225e+00 3.05956411e+00 2.58345318e+00
  6.58658028e+00 1.95123005e+00 1.45494497e+00 4.12533092e+00
  1.31877232e+00 2.81530142e+00 1.70685291e+00 8.18001211e-01
  6.11085832e-01 5.22066545e+00 3.81503129e+00 2.92826276e-02
  5.59426641e+00 2.56256223e+00 1.33973646e+01 6.26691341e-01
  0.00000000e+00 2.28649426e+00 2.59203768e+00 1.37802219e+00
  5.22104263e+00 2.35491320e-01 3.09663558e+00 2.69306445e+00
  0.00000000e+00 1.64649367e+00 0.00000000e+00 7.80449927e-01
  5.30853653e+00 6.31632268e-01 5.54776713e-02 2.10617870e-01
  5.72531366e+00 9.34633613e-01 2.51443291e+00 3.41096997e-01
  2.42083001e+00 7.00196922e-01 7.64921308e-01 1.09836817e+00
  8.90407181e+00 0.00000000e+00 0.00000000e+00 5.43565035e+00
  6.23746300e+00 7.97163844e-01 5.11423063e+00 2.16802692e+00
  5.52827930e+00 1.54516804e+00 2.32760167e+00 6.94229269e+00
  2.86028624e+00 8.64574242e+00 5.23795366e-01 2.94298816e+00
  2.80801892e+00 6.64033222e+00 2.83279252e+00 1.50189623e-01
  1.13725746e+00 1.05854285e+00 5.21622992e+00 3.18639994e-01
  2.20970321e+00 1.44199181e+01 9.99714565e+00 1.26572275e+00
  1.13513393e+01 2.23297548e+00 1.32086468e+00 1.69768393e-01
  2.06025052e+00 2.10867643e+00 2.34376645e+00 1.20381470e+01
  4.17273092e+00 6.02888727e+00 2.08961272e+00 2.15434217e+00
  4.41485739e+00 6.13650703e+00 6.97496891e-01 1.63326013e+00
  6.10897589e+00 1.16937819e+01 3.90238762e+00 3.65617312e-02
  7.48924077e-01 4.74784136e+00 1.20371199e+00 7.14771330e-01
  2.30018759e+00 1.14545083e+00 8.60494077e-02 7.30438375e+00
  9.25008953e-01 5.29403496e+00 6.03311968e+00 5.67050552e+00
  1.00659645e+00 6.45211744e+00 2.99092317e+00 1.65101480e+00
  3.33535242e+00 0.00000000e+00 5.92854917e-01 2.63830662e-01
  1.01314068e+00 4.17565250e+00 9.65999365e-01 1.08848441e+00
  3.49403453e+00 2.12472868e+00 3.09016198e-01 0.00000000e+00
  0.00000000e+00 7.90184069e+00 3.78464842e+00 0.00000000e+00
  4.61488390e+00 5.94486523e+00 3.29236245e+00 1.93405855e+00
  4.39104986e+00 4.82990265e-01 4.29729986e+00 2.53650498e+00
  5.82502651e+00 1.08813941e+00 3.83402634e+00 8.22967961e-02
  1.46769747e-01 6.31583482e-03 1.08505869e+00 1.24819684e+00
  8.71619987e+00 8.82490635e+00 3.64898372e+00 3.36349058e+00
  2.28975224e+00 3.12068582e+00 0.00000000e+00 1.57117929e+01
  6.50240088e+00 2.73075294e+00 3.03147316e+00 2.01901889e+00
  9.64293897e-01 5.68024635e+00 2.88325715e+00 2.55746424e-01
  5.10949194e-02 8.29171467e+00 7.51133156e+00 1.98229849e-01
  3.65293694e+00 2.02312660e+00 0.00000000e+00 2.15528488e+00
  7.09532070e+00 3.99560785e+00 2.70259261e+00 9.58374858e-01
  1.22678399e+00 2.54676342e+00 6.69605017e-01 9.07947159e+00
  1.03923655e+01 1.56602597e+00 0.00000000e+00 3.60228372e+00
  4.39351845e+00 7.11206377e-01 6.11310291e+00 4.99541104e-01
  0.00000000e+00 2.09924176e-01 1.04993010e+00 5.22129357e-01
  5.74855864e-01 3.73570784e-03 2.36092710e+00 5.10587513e-01
  3.99646997e+00 2.35198617e+00 9.70432472e+00 8.36036110e+00
  1.02939844e+00 7.07184219e+00 2.83385587e+00 5.49345541e+00
  1.23934522e-01 0.00000000e+00 4.00761575e-01 9.26027489e+00
  1.53595905e+01 1.88947856e+00 1.60565186e+00 6.00959635e+00
  5.21338034e+00 7.99777269e-01 0.00000000e+00 6.52311146e-01
  6.51738584e-01 1.38495469e+00 1.43247753e-01 9.91268218e-01
  3.71663511e-01 2.05976892e+00 2.85762525e+00 1.10110056e+00
  1.56765652e+00 8.19932342e-01 9.58132446e-01 3.15375185e+00
  1.38278806e+00 7.17368937e+00 1.43178356e+00 2.68781543e+00
  8.31544971e+00 3.72203976e-01 1.88929808e+00 9.95795822e+00
  1.19050062e+00 3.61202359e+00 4.35745049e+00 3.55845809e+00
  1.00018539e+01 5.91655827e+00 6.01100981e-01 3.81858087e+00
  0.00000000e+00 3.41568664e-02 1.04138529e+00 6.27580404e+00
  8.59543234e-02 1.81488152e+01 1.74782246e-01 4.48422194e+00
  2.82570541e-01 0.00000000e+00 1.55688071e+00 3.77065688e-01
  6.79394305e-02 1.03003454e+00 1.97559929e+00 5.81422925e-01
  5.40741968e+00 8.78267956e+00 2.09538698e+00 1.22983801e+00
  1.07230008e+00 1.01757504e-01 9.63241339e-01 2.65665460e+00
  3.63670564e+00 5.23415184e+00 5.86771679e+00 4.88644749e-01
  8.83234382e-01 3.17777276e+00 1.14985156e+00 2.75048399e+00
  8.17379093e+00 4.81093854e-01 7.57615948e+00 0.00000000e+00
  1.88954663e+00 0.00000000e+00 8.72282791e+00 1.19871593e+00
  6.81556940e-01 3.19684768e+00 3.98286724e+00 4.21975374e-01]]