[[4.49254721e-01 1.56223488e+00 1.37486303e+00 1.78453267e+00
  0.00000000e+00 8.39303493e+00 8.22774982e+00 6.84698582e-01
  1.01451886e+00 1.82192445e-01 3.52753997e+00 1.35176039e+00
  1.04698133e+00 1.11536598e+00 0.00000000e+00 9.50505793e-01
  0.00000000e+00 1.42316759e-01 4.98650700e-01 5.63633251e+00
  7.88482487e-01 2.06800613e+01 1.90552962e+00 3.90514636e+00
  2.59549642e+00 6.88247919e+00 5.11869490e-01 3.39723992e+00
  5.02334070e+00 3.26841444e-01 1.27767217e+00 4.94770336e+00
  6.35846090e+00 3.26699638e+00 5.84124848e-02 1.48952639e+00
  1.45540106e+00 1.08167745e-01 4.09275341e+00 2.96057200e+00
  6.27993822e+00 1.77733815e+00 2.80250400e-01 1.27533779e+01
  8.86458635e-01 1.18133152e+00 3.07156897e+00 1.64360774e+00
  6.85040760e+00 9.67117012e-01 4.03697777e+00 3.43695235e+00
  2.72787452e-01 1.82350659e+00 2.43095922e+00 9.69189930e+00
  8.00583363e-01 1.33438015e+00 4.87717450e-01 1.04205859e+00
  1.68967638e-02 1.99971512e-01 7.21533394e+00 4.58553934e+00
  0.00000000e+00 6.30845070e-01 1.14856625e+00 4.56777096e+00
  3.41141367e+00 2.64005423e+00 1.04536152e+00 3.69636703e+00
  5.42074728e+00 5.78398085e+00 2.51490444e-01 0.00000000e+00
  4.03070033e-01 2.06859016e+00 3.65727139e+00 3.56034255e+00
  1.18355110e-01 2.71838808e+00 3.92313719e+00 1.76229775e-01
  1.21935005e+01 2.73889279e+00 2.28980541e+00 3.45367217e+00
  2.94281989e-01 1.03883985e-02 5.94493210e-01 1.13261610e-01
  1.12141049e+00 2.93654919e+00 1.31558692e+00 9.31798100e-01
  3.93260747e-01 6.79280639e-01 5.14155865e-01 8.45379734e+00
  2.93371773e+00 1.47144866e+00 6.27494216e-01 4.51920033e+00
  0.00000000e+00 3.08356309e+00 2.08341765e+00 3.43316340e+00
  3.18812466e+00 5.43989539e-01 8.33262146e-01 5.89600682e-01
  0.00000000e+00 2.72326183e+00 1.47277486e+00 1.25324443e-01
  8.71482182e+00 1.95905745e+00 7.31383896e+00 9.97849762e-01
  0.00000000e+00 1.24052428e-01 0.00000000e+00 1.56638503e+00
  6.81961358e-01 6.19525075e-01 7.62250960e-01 6.03630058e-02
  0.00000000e+00 1.30546646e+01 2.37258267e+00 0.00000000e+00
  5.78676605e+00 3.10213923e+00 2.62935281e+00 2.79223728e+00
  4.46206331e-01 2.90183663e-01 2.99534774e+00 4.29431021e-01
  6.96172047e+00 5.52636051e+00 3.91007632e-01 8.85375738e-01
  7.45106602e+00 4.99089390e-01 3.62424326e+00 0.00000000e+00
  2.74607301e-01 1.52673900e+00 8.20873320e-01 1.58783838e-01
  1.15987504e+00 0.00000000e+00 2.86248660e+00 2.97642398e+00
  4.01597440e-01 5.44621754e+00 3.21459866e+00 7.41328657e-01
  1.44677639e+00 1.70665777e+00 3.45438528e+00 2.13329554e+00
  6.08392537e-01 4.25305796e+00 9.06040445e-02 1.79703736e+00
  5.47495075e-02 7.54555893e+00 5.08071661e+00 3.74927139e+00
  6.35131073e+00 1.74513638e-01 4.36581597e-02 4.05301332e+00
  2.20847368e+00 4.48550761e-01 9.47596359e+00 1.34429131e+01
  2.10658073e+00 0.00000000e+00 8.70319176e+00 1.12090600e+00
  0.00000000e+00 6.91920757e-01 5.37057447e+00 2.66497636e+00
  4.65080833e+00 1.20382538e+01 4.17166805e+00 0.00000000e+00
  7.42391683e-04 1.00341387e+01 5.67561805e-01 4.84257936e+00
  1.68427682e+00 4.27272081e+00 1.76571715e+00 1.94529429e-01
  3.96191406e+00 1.49319565e+00 0.00000000e+00 0.00000000e+00
  6.63324594e+00 2.80349040e+00 0.00000000e+00 2.47481674e-01
  3.11121732e-01 1.39591684e+01 5.66080362e-02 2.68268847e+00
  4.78051245e-01 1.03411353e+00 9.49513763e-02 2.68273145e-01
  0.00000000e+00 2.08970055e-01 4.49847013e-01 1.86820066e+00
  6.13680065e-01 2.02815056e+00 4.36388397e+00 0.00000000e+00
  6.11870289e+00 9.26693499e-01 5.32518625e-01 2.83551645e+00
  9.68191177e-02 1.34766185e+00 2.37045670e+00 4.11562443e+00
  4.73126888e+00 7.98188269e-01 2.40135670e+00 8.77380550e-01
  4.18776226e+00 2.41607928e+00 7.70921052e-01 8.84137058e+00
  4.83895493e+00 0.00000000e+00 4.32861662e+00 9.15921688e+00
  2.09492850e+00 1.71398687e+00 5.29053354e+00 1.89741683e+00
  1.49453783e+00 2.04979801e+00 2.90101790e+00 2.68587381e-01
  0.00000000e+00 9.57939744e-01 4.61077309e+00 0.00000000e+00
  9.88378942e-01 1.60931599e+00 1.29169881e+00 1.92923880e+00
  0.00000000e+00 7.09885180e-01 1.40904760e+00 3.54076296e-01
  5.15549755e+00 0.00000000e+00 3.56828094e+00 1.97128236e+00
  3.07661223e+00 9.39395189e-01 3.25716996e+00 3.77933711e-01
  1.05478978e+00 6.94013655e-01 1.66347969e+00 1.33814764e+00
  5.80660629e+00 1.37590241e+00 4.35536057e-01 2.39365435e+00
  4.83256292e+00 8.86913776e-01 9.60650635e+00 1.52119601e+00
  3.59742665e+00 1.16995835e+00 8.06872308e-01 0.00000000e+00
  1.16963339e+00 2.34472752e+00 5.32634139e-01 8.33060384e-01
  0.00000000e+00 1.49411945e+01 7.83588886e-01 0.00000000e+00
  2.32781231e-01 3.35747242e-01 1.21372975e-01 0.00000000e+00
  1.72348595e+00 4.67623520e+00 1.07371283e+00 5.01705348e-01
  4.68451709e-01 4.39174324e-02 0.00000000e+00 1.06214535e+00
  2.32596970e+00 1.86069274e+00 2.56102633e+00 1.38833153e+00
  3.28993964e+00 0.00000000e+00 7.56088305e+00 7.31857121e-01
  7.74912786e+00 4.37156534e+00 2.18496132e+00 1.62569597e-01
  4.95566511e+00 4.49448776e+00 3.53049350e+00 6.95042968e-01
  2.75993973e-01 1.45240247e-01 4.47992277e+00 6.23569310e-01
  5.11163187e+00 3.19970846e-01 2.00787216e-01 6.11924887e+00
  1.28702939e+00 8.66807282e-01 1.76635647e+00 1.58474684e+00
  5.46258497e+00 9.46460962e-02 5.10337877e+00 6.52745545e-01
  1.71766257e+00 2.08848047e+00 2.40815949e+00 1.25891232e+00
  1.01088953e+00 3.30110478e+00 5.89582872e+00 1.34691566e-01
  1.19392306e-01 1.82904452e-01 7.49214947e-01 2.03954339e+00
  6.12823844e-01 2.87988281e+00 1.62602186e+00 8.54793310e-01
  1.86813310e-01 5.85735703e+00 4.28927994e+00 5.20403743e-01
  5.70960331e+00 1.60996333e-01 2.93542194e+00 0.00000000e+00
  4.09249020e+00 3.01816106e+00 6.02711773e+00 2.52495265e+00
  1.46267223e+00 0.00000000e+00 1.64482713e+00 3.22841096e+00
  7.13908970e-01 1.07742019e-01 7.20673609e+00 1.22998309e+00
  8.18031728e-01 2.04229617e+00 2.36654013e-01 1.62353253e+00
  2.43420079e-01 3.58320093e+00 9.20903087e-02 3.47062850e+00
  2.63726801e-01 5.11917293e-01 1.54656124e+00 1.19790840e+00
  4.23562908e+00 2.64744449e+00 6.30018055e-01 2.35009456e+00
  1.78912010e+01 5.07070875e+00 1.37651157e+00 2.52768540e+00
  2.63667011e+00 4.19848442e+00 1.02979541e+00 7.28529692e-01
  2.76189780e+00 1.14971228e+01 6.05537558e+00 7.04692316e+00
  2.04299450e+00 1.68814790e+00 4.83792877e+00 3.65138340e+00
  2.18723282e-01 7.27411866e-01 6.03876209e+00 5.62673140e+00
  0.00000000e+00 5.74229479e-01 1.29130387e+00 2.24209285e+00
  0.00000000e+00 1.12634194e+00 1.32865503e-01 2.17388988e+00
  3.95256311e-01 8.03280473e-01 4.87933636e+00 2.34602761e+00
  2.68257642e+00 1.55553877e+00 1.66355240e+00 6.65133476e+00
  1.37657619e+00 3.58030534e+00 5.69905472e+00 2.72061634e+00
  3.53725314e+00 7.33260930e-01 1.81122601e+00 5.01179028e+00
  7.39730299e-01 4.07315540e+00 3.94739509e-01 5.19668150e+00
  1.68913335e-01 1.23736456e-01 0.00000000e+00 5.10622263e-01
  5.49816513e+00 3.49802434e-01 7.56783485e-01 3.97441208e-01
  0.00000000e+00 3.05654621e+00 3.56157273e-01 4.19718981e+00
  3.35125041e+00 2.15004253e+00 1.81728411e+00 3.47894400e-01
  6.77371740e-01 1.97591710e+00 1.72349024e+00 5.59445429e+00
  0.00000000e+00 3.81276846e+00 3.80454016e+00 0.00000000e+00
  0.00000000e+00 0.00000000e+00 2.21251249e+00 1.13357699e+00
  6.33627081e+00 0.00000000e+00 2.29542565e+00 1.58179367e+00
  2.39978957e+00 4.09442186e+00 9.53245044e-01 0.00000000e+00
  3.85922122e+00 4.80538750e+00 3.05261850e-01 4.49274421e-01
  0.00000000e+00 2.44592810e+00 4.53141183e-02 8.09776068e-01
  1.60324329e-03 1.51454103e+00 6.59612939e-02 3.07571244e+00
  4.79785681e+00 2.04897332e+00 3.21280241e+00 0.00000000e+00
  3.24554801e-01 3.89298487e+00 2.74706507e+00 6.28579676e-01
  2.88342047e+00 5.63822269e+00 7.77846038e-01 2.35124373e+00
  4.17593718e+00 1.26056731e+00 1.59843254e+00 4.79492962e-01
  4.86831808e+00 7.40925372e-01 2.15377092e+00 1.84317991e-01
  1.38782799e+00 0.00000000e+00 4.85664129e+00 6.88084185e-01]]