[[2.85681129e+00 2.38958940e-01 1.10574663e+00 1.48415565e+00
  2.01262999e+00 7.83288240e+00 4.46226835e+00 7.57485509e-01
  5.47431183e+00 1.14532208e+00 7.35737681e-01 1.61588681e+00
  2.01330495e+00 2.02997640e-01 0.00000000e+00 1.91473675e+00
  3.93797207e+00 1.47474837e-02 7.04236254e-02 5.04141998e+00
  0.00000000e+00 9.62357903e+00 1.55821872e+00 2.19690537e+00
  3.17275524e-01 9.41449451e+00 1.35543466e+00 6.36629486e+00
  5.00557274e-02 3.29572469e-01 2.65595078e-01 5.51123023e-02
  0.00000000e+00 5.93220186e+00 1.44893205e+00 3.04126883e+00
  1.15589952e+00 1.17422737e-01 3.87794018e+00 4.73036242e+00
  9.48528349e-02 0.00000000e+00 4.89121884e-01 4.86910486e+00
  3.95345449e+00 0.00000000e+00 1.52241611e+00 1.87815353e-01
  2.31334758e+00 2.11657476e+00 6.22402191e+00 1.78979504e+00
  1.38927722e+00 5.57623029e-01 2.03807902e+00 3.17450142e+00
  1.54525185e+00 7.24354219e+00 7.18397284e+00 1.67122856e-01
  3.36349154e+00 6.27834797e-01 2.18392372e+00 6.80600405e+00
  1.99191421e-01 3.41074395e+00 2.56265903e+00 4.33606005e+00
  9.06834662e-01 8.10025990e-01 2.41245956e+01 2.09587455e+00
  1.56957209e+00 2.31153262e-03 3.30388260e+00 1.33721918e-01
  2.42238879e-01 1.83825684e+00 1.62588418e+00 0.00000000e+00
  1.09250093e+00 1.26607013e+00 2.12843657e+00 1.43953174e-01
  2.32485756e-01 6.32765532e+00 3.46772373e-01 3.25780869e+00
  8.46983624e+00 0.00000000e+00 2.48778605e+00 4.31438982e-01
  0.00000000e+00 1.62694246e-01 3.22567135e-01 1.43796730e+00
  7.54442871e-01 3.83466220e+00 4.85334110e+00 2.32159090e+00
  3.06249917e-01 1.45716548e+00 4.46260810e-01 3.29732800e+00
  5.10980487e-01 1.36825800e+00 3.06615919e-01 3.09167385e-01
  4.65361290e-02 2.22948074e+00 1.08934140e+00 2.86083315e-02
  3.36518213e-02 7.85867977e+00 1.46880701e-01 3.42732966e-02
  2.75648904e+00 6.93278253e-01 1.77781785e+00 1.61941218e+00
  2.14591473e-01 2.56141329e+00 1.08051848e+00 9.74838066e+00
  2.03519106e+00 3.26316524e+00 2.42084789e+00 0.00000000e+00
  6.36829567e+00 9.97519398e+00 0.00000000e+00 5.28500986e+00
  1.16357565e+00 0.00000000e+00 3.54936749e-01 2.44314814e+00
  6.11196160e-01 4.25292850e-01 1.38177991e+00 6.42763749e-02
  2.51659966e+00 0.00000000e+00 1.51223242e+00 4.89324474e+00
  1.00871217e+00 2.78742611e-01 9.40878987e-01 3.10328901e-01
  0.00000000e+00 9.41295028e-02 4.46749592e+00 6.73257470e-01
  9.74591494e-01 1.10443127e+00 0.00000000e+00 8.39549601e-01
  3.30830291e-02 1.10989399e-02 1.42674029e-01 6.74481869e-01
  1.72734261e-03 1.75130630e+00 3.38378906e+00 1.99552155e+00
  3.28993750e+00 6.82018697e-01 0.00000000e+00 4.85802889e+00
  1.44412041e+00 4.24410868e+00 5.92759323e+00 1.44468391e+00
  4.51227188e+00 2.04385033e+01 1.43881083e+00 2.72618318e+00
  3.26627269e-02 4.07364875e-01 4.53960276e+00 1.09635878e+01
  7.99533546e-01 3.49929184e-01 6.28277731e+00 1.30884612e+00
  8.25824589e-03 1.71730995e-01 3.99395776e+00 6.94983602e-01
  2.24692416e+00 3.78705263e-01 4.08064508e+00 4.19538468e-02
  0.00000000e+00 4.10249805e+00 8.50081220e-02 3.99467707e-01
  1.30140054e+00 8.05086136e+00 1.62076819e+00 0.00000000e+00
  1.40718484e+00 0.00000000e+00 2.54324937e+00 3.17873299e-01
  1.41669416e+00 5.01921654e-01 3.89293146e+00 4.33547109e-01
  1.82465106e-01 5.65141821e+00 1.56773520e+00 2.50646442e-01
  0.00000000e+00 1.48698425e+00 6.22664392e-01 1.83813763e+00
  3.09395647e+00 4.41327763e+00 2.05098963e+00 3.63863707e+00
  9.78834093e-01 3.20093369e+00 2.45927954e+00 1.02889752e+00
  7.42321551e-01 9.47419262e+00 8.88760448e-01 2.82312346e+00
  3.25071186e-01 8.12787294e-01 1.19335377e+00 2.07200551e+00
  1.22885931e+00 4.78896427e+00 2.38980269e+00 1.41636574e+00
  5.18496323e+00 5.10291100e+00 2.36197904e-01 0.00000000e+00
  1.62041640e+00 3.01709318e+00 2.67858386e+00 2.19584632e+00
  2.77294922e+00 3.97287583e+00 6.16885138e+00 5.68436205e-01
  1.78201604e+00 2.71725082e+00 2.32328010e+00 9.57620919e-01
  1.45219171e+00 7.01154232e+00 5.11210775e+00 1.51777565e+00
  1.92929244e+00 1.17613578e+00 3.57133567e-01 3.32817197e+00
  2.65568209e+00 6.18674010e-02 1.30470041e-02 2.10312057e+00
  1.00544763e+00 8.73542488e-01 1.36053586e+00 6.59167433e+00
  9.64684105e+00 1.42441916e+00 3.36569381e+00 0.00000000e+00
  1.27768469e+00 6.74895227e-01 7.17080176e-01 1.50665295e+00
  4.30859756e+00 1.28206015e+00 0.00000000e+00 2.39322066e+00
  8.86890125e+00 4.68405485e+00 1.25856390e+01 2.42756724e+00
  4.53982496e+00 9.86074805e-02 4.96003771e+00 4.72321510e+00
  1.48747373e+00 3.34127188e+00 0.00000000e+00 8.27167690e-01
  3.14249301e+00 1.50172615e+00 3.45220208e+00 8.85913014e-01
  5.15719271e+00 8.09677184e-01 4.20533091e-01 0.00000000e+00
  1.56544638e+00 1.88211441e-01 8.80163097e+00 1.03922832e+00
  5.97063359e-03 1.70466304e+00 1.83547735e-01 1.82430625e+00
  2.06320381e+00 1.72044134e+00 5.77185631e-01 7.73197412e-01
  8.98148835e-01 4.33170557e+00 1.39143181e+00 2.23298001e+00
  3.05557221e-01 6.66418219e+00 1.31362712e+00 4.36994457e+00
  1.16219091e+00 9.49566305e-01 9.86660719e-01 1.95695698e+00
  2.19226551e+00 3.20420122e+00 1.07086122e+00 1.11284554e-01
  4.73197341e-01 1.52047682e+00 9.44104016e-01 3.45041847e+00
  7.12486863e-01 1.40822923e+00 5.31640625e+00 1.14306414e+00
  0.00000000e+00 8.45717812e+00 6.73791742e+00 1.29244578e+00
  4.46815109e+00 6.79715455e-01 1.56889651e-02 1.50531721e+00
  2.39907551e+00 8.90582323e-01 1.02283037e+00 6.02617085e-01
  1.14719677e+00 9.48499739e-01 7.54548669e-01 1.88283849e+00
  0.00000000e+00 0.00000000e+00 1.89427197e+00 9.47098359e-02
  9.00100803e+00 2.56385398e+00 1.78601217e+00 4.25879896e-01
  2.84123111e+00 4.39372398e-02 1.40511827e+01 3.97287798e+00
  1.40503490e+00 2.31155664e-01 6.22254038e+00 1.81573582e+00
  1.51180282e-01 1.12355746e-01 0.00000000e+00 8.74527037e-01
  1.76532388e+00 8.04980278e-01 4.11133003e+00 9.20535207e-01
  4.72682208e-01 6.31462765e+00 1.41009137e-01 3.10030127e+00
  1.33482862e+00 8.65417182e-01 2.20045948e+00 1.53327501e+00
  3.07162166e+00 1.32745099e+00 1.66432187e-01 5.30117035e-01
  3.27044427e-02 1.15595174e+00 3.90583187e-01 2.44854021e+00
  4.24055147e+00 3.46310973e-01 0.00000000e+00 1.63734123e-01
  3.55409265e-01 5.21329463e-01 3.81158519e+00 4.45082283e+00
  2.21492648e+00 2.34432888e+00 3.16672635e+00 2.62216067e+00
  4.06578112e+00 1.97917843e+00 1.29885420e-01 3.68874073e-01
  4.03338611e-01 2.21471739e+00 5.46058512e+00 1.09786248e+00
  0.00000000e+00 0.00000000e+00 1.39204216e+00 4.35949117e-01
  8.23206902e-01 5.30426788e+00 0.00000000e+00 2.08004832e+00
  1.20075636e-01 1.91081381e+00 3.72158647e+00 4.15489244e+00
  8.33554566e-01 6.62009418e-01 3.38534236e+00 1.60335016e+00
  3.74605179e+00 4.94444370e-01 7.23984814e+00 6.32081509e+00
  1.08500557e+01 2.41109037e+00 9.09437060e-01 6.53634834e+00
  1.77247000e+00 1.93234909e+00 5.04901743e+00 3.12580156e+00
  2.88473296e+00 5.63041508e-01 5.40142953e-01 4.29640293e+00
  2.94356203e+00 8.56427103e-02 1.39975941e+00 9.62990761e-01
  0.00000000e+00 0.00000000e+00 7.77413607e+00 6.86210537e+00
  1.85457671e+00 3.54997635e-01 6.49926543e-01 2.24392676e+00
  1.11825161e+01 2.36091372e-02 2.11457878e-01 3.09933281e+00
  6.02515459e+00 2.41553307e+00 6.32092059e-01 4.80912000e-01
  0.00000000e+00 1.07634330e+00 1.74926177e-01 6.09465742e+00
  3.92411768e-01 1.64060819e+00 1.35852888e-01 1.37050998e+00
  2.00598741e+00 1.12646284e+01 2.67501622e-01 3.33278120e-01
  2.31069446e+00 7.36458123e-01 8.03907573e-01 2.00794920e-01
  9.86123562e-01 2.17880890e-01 3.15067649e+00 1.66790414e+00
  0.00000000e+00 5.63381100e+00 8.87261486e+00 9.15309370e-01
  1.42335184e-02 6.72416270e-01 1.73781705e+00 2.10959733e-01
  3.00475597e+00 2.69025993e+00 5.48757970e-01 6.47020757e-01
  9.03641701e-01 2.48293138e+00 1.26612437e+00 1.67339134e+00
  4.45108509e+00 1.48311448e+00 3.36775732e+00 2.29379964e+00
  4.68538046e+00 5.41315824e-02 1.68487835e+00 1.94666183e+00
  2.04642463e+00 2.04902411e+00 2.22630653e-04 4.22724128e-01]]