[[0.00000000e+00 0.00000000e+00 3.25268619e-02 8.31389546e-01
  2.03642786e-01 3.08203340e+00 1.85834348e+00 7.67570019e-01
  2.63870537e-01 4.57141590e+00 3.09345174e+00 1.53862059e+00
  4.56167746e+00 2.44291353e+00 6.37905073e+00 5.15865040e+00
  0.00000000e+00 1.71418929e+00 1.49845076e+00 1.10481606e+01
  2.67248631e+00 1.08789501e+01 1.61169481e+00 2.81687403e+00
  1.12636065e+00 6.39311171e+00 9.68546346e-02 1.63926110e-01
  1.48384857e+00 0.00000000e+00 1.43325001e-01 4.78357220e+00
  2.24413228e+00 1.99532890e+00 1.42070162e+00 2.38586712e+00
  4.55242300e+00 1.01611719e-01 7.99020863e+00 1.54056859e+00
  9.30620790e-01 6.79583788e+00 2.21969271e+00 5.84128571e+00
  0.00000000e+00 4.20257330e+00 4.69098806e-01 5.56966019e+00
  3.74734974e+00 2.85945177e-01 2.33695793e+00 2.17143345e+00
  9.75956678e-01 6.24882355e-02 3.49982738e+00 2.65335739e-01
  3.97659838e-02 4.30182791e+00 5.72543383e-01 0.00000000e+00
  1.87087488e+00 4.84427214e-01 3.88948989e+00 7.65853119e+00
  4.41722250e+00 9.66490954e-02 1.18352816e-01 4.09367234e-01
  6.10619843e-01 2.28649473e+00 2.79427600e+00 2.10528207e+00
  2.26998478e-02 2.47864175e+00 1.04892695e+00 1.46864104e+00
  8.78000975e-01 9.74066779e-02 8.24592412e-01 2.59464526e+00
  4.51474333e+00 3.63191509e+00 6.93318510e+00 5.86356103e-01
  1.10296279e-01 1.18953609e+01 2.01277089e+00 1.26104164e+00
  3.08016121e-01 0.00000000e+00 4.65706921e+00 6.80714703e+00
  3.59509683e+00 6.88198519e+00 2.16187477e-01 1.26482695e-01
  7.02730656e-01 1.24190629e+00 1.23656321e+00 4.23355848e-01
  4.41059208e+00 2.04615927e+00 1.12739859e+01 5.04703760e+00
  3.24039912e+00 0.00000000e+00 1.87961984e+00 1.58456433e+00
  2.48448110e+00 4.98211205e-01 2.43237877e+00 6.29039705e-01
  3.07055920e-01 1.50659382e+00 2.88568199e-01 1.38547972e-01
  2.51709723e+00 2.40264699e-01 8.04065764e-02 7.63461924e+00
  1.26490188e+00 8.77029181e-01 0.00000000e+00 2.68075585e+00
  5.35236979e+00 1.63214171e+00 4.35555167e-02 2.72229671e-01
  4.43761200e-01 1.85322323e+01 2.84229666e-01 1.88601017e+00
  9.09157753e+00 2.55818218e-01 0.00000000e+00 1.35825849e+00
  0.00000000e+00 9.13162977e-02 2.22017217e+00 1.82746243e+00
  1.74773252e+00 2.24308157e+00 1.73631012e-02 4.02502394e+00
  1.98352611e+00 1.80433404e+00 3.50644660e+00 9.38108802e-01
  1.49893433e-01 5.70679128e-01 1.66150677e+00 2.79438555e-01
  1.78375864e+00 9.01520061e+00 1.09718716e+00 1.84250474e+00
  7.41702259e-01 1.39041901e+00 1.60766697e+00 1.52033269e+00
  4.69710827e-01 1.16648328e+00 2.45430708e+00 1.75351962e-01
  1.17719531e+00 3.10717773e+00 1.81309655e-01 1.93166864e+00
  1.11257660e+00 8.78809690e-02 1.58466637e+00 1.12116158e+00
  1.05367050e+01 1.58537006e+00 2.42864418e+00 1.09220302e+00
  3.58919024e-01 0.00000000e+00 6.87973022e+00 1.46352935e+00
  2.71099854e+00 4.45494205e-01 7.91515064e+00 1.47927761e+00
  1.53778958e+00 3.19954205e+00 4.02465677e+00 8.60036278e+00
  5.45752621e+00 2.80736399e+00 1.01173992e+01 0.00000000e+00
  9.23914552e-01 3.43375421e+00 9.85386312e-01 5.45498073e-01
  2.36987090e+00 2.49056309e-01 3.08918047e+00 2.58165717e+00
  1.08136196e+01 2.01440620e+00 0.00000000e+00 1.06117535e+00
  1.33832908e+00 6.79626703e+00 3.76416421e+00 1.37239623e+00
  1.15763438e+00 1.76812763e+01 2.75442630e-01 8.15063953e+00
  4.54175472e+00 6.26205635e+00 7.83165276e-01 6.44156456e+00
  4.73613119e+00 2.38967466e+00 3.16458321e+00 2.03341293e+00
  5.28428984e+00 1.12128954e+01 6.04731989e+00 1.02687514e+00
  3.12005222e-01 9.86151993e-02 8.37349796e+00 2.72746205e+00
  1.67617407e-02 1.42213136e-01 2.96978951e+00 1.08379686e+00
  9.84064007e+00 2.27082658e+00 3.08226538e+00 1.37320101e+00
  3.26785952e-01 6.04376984e+00 0.00000000e+00 3.75338244e+00
  1.74374823e-02 0.00000000e+00 3.26114678e+00 1.02484548e+00
  2.00107145e+00 7.82767725e+00 1.06018934e+01 1.79911089e+00
  6.40022039e+00 1.07706010e+00 3.59897232e+00 1.56496727e+00
  4.91665415e-02 1.39407720e-03 1.89140034e+00 7.15035915e-01
  7.77431905e-01 2.50135708e+00 3.00597119e+00 1.47440398e+00
  0.00000000e+00 2.08050594e-01 5.96381068e-01 8.06498289e-01
  4.28405881e-01 7.37176239e-01 0.00000000e+00 5.34270048e-01
  1.53744471e+00 7.68136322e-01 5.84508705e+00 1.26621783e+00
  1.31891370e+00 5.16878545e-01 0.00000000e+00 2.00323790e-01
  1.36350698e+01 0.00000000e+00 0.00000000e+00 1.13845944e+00
  6.24061060e+00 4.25675821e+00 5.82076979e+00 3.03798628e+00
  7.80560747e-02 5.29688656e-01 8.34544420e-01 3.37786889e+00
  8.94068897e-01 5.70958090e+00 0.00000000e+00 2.40474629e+00
  8.69434547e+00 5.20865440e+00 4.53897953e+00 5.81531703e-01
  5.73236123e-03 4.80683781e-02 4.68493938e-01 0.00000000e+00
  1.69403121e-01 8.36374664e+00 6.20953679e-01 4.13450718e-01
  8.40111828e+00 4.53135192e-01 6.07086765e-03 1.12580979e+00
  4.17263418e-01 2.68549293e-01 7.19772911e+00 4.28438902e+00
  2.35297847e+00 8.85203302e-01 7.77217817e+00 3.64441395e-01
  1.07172966e+00 3.18694258e+00 6.40625000e-01 1.18149805e+00
  2.18952112e-02 8.58518982e+00 2.51505709e+00 1.46566436e-01
  2.35236120e+00 1.97106647e+00 6.12384653e+00 0.00000000e+00
  1.62422550e+00 8.79605889e-01 1.25189230e-01 4.66663837e+00
  1.27582562e+00 5.93845546e-01 1.69749689e+00 5.08752441e+00
  1.88706648e+00 9.68467236e-01 9.57717597e-01 2.33884144e+00
  1.47004330e+00 7.62870550e-01 4.31239176e+00 1.52590191e+00
  2.25592184e+00 2.23254561e+00 2.84509492e+00 0.00000000e+00
  2.92889690e+00 2.15935278e+00 1.72699094e-01 0.00000000e+00
  3.92115664e+00 5.17855787e+00 9.06361294e+00 1.14248551e-01
  2.04206392e-01 2.74413872e+00 2.54961157e+00 0.00000000e+00
  1.66403370e+01 2.37760448e+00 9.00495648e-01 1.33874393e+00
  1.01964464e+01 8.19722295e-01 4.14285326e+00 2.05030680e+00
  8.90976265e-02 5.52736968e-02 1.10671140e-01 0.00000000e+00
  3.91909194e+00 4.87204027e+00 3.80257964e+00 7.84802079e-01
  5.30802965e+00 3.09078383e+00 1.64004707e+00 6.28439808e+00
  1.20856011e+00 1.11692488e+00 3.77596307e+00 1.13545835e+00
  6.74768984e-02 2.78409815e+00 1.47568512e+00 1.45385492e+00
  9.50123072e-01 4.46202374e+00 2.47657275e+00 2.42494893e+00
  1.52866721e+00 5.99856138e+00 2.23588181e+00 7.75430870e+00
  1.10821748e+00 8.63154113e-01 1.68668246e+00 1.35660076e+00
  2.19195890e+00 4.57977057e+00 6.34002030e-01 5.12150669e+00
  6.08657169e+00 2.60411549e+00 0.00000000e+00 5.62737179e+00
  5.31070769e-01 1.01364827e+00 4.80959845e+00 2.87396455e+00
  1.68973696e+00 3.85646033e+00 1.67983603e+00 6.43937349e-01
  3.23541021e+00 0.00000000e+00 1.16356826e+00 2.37579778e-01
  4.31768560e+00 2.62322974e+00 3.96360189e-01 2.75342488e+00
  1.50243676e+00 3.65981817e+00 3.48413157e+00 3.24731255e+00
  5.99616706e-01 3.73016024e+00 1.11710513e+00 5.50817060e+00
  1.28146677e+01 6.57166290e+00 2.71122026e+00 4.61656332e+00
  0.00000000e+00 3.55429006e+00 1.26036823e-01 2.11744094e+00
  1.18027046e-01 3.91232848e-01 1.33665872e+00 0.00000000e+00
  1.71488315e-01 1.24862111e+00 3.07521343e+00 1.05410600e+00
  2.26677179e+00 1.33752751e+00 9.07114055e-03 9.81998205e-01
  1.53074348e+00 4.37884569e+00 6.96311617e+00 3.91253889e-01
  1.06422842e+00 7.75996149e-01 3.92582703e+00 5.40769577e+00
  1.28357261e-01 1.46725941e+00 6.53795719e-01 6.42719328e-01
  4.62638235e+00 4.07688951e+00 0.00000000e+00 3.64736867e+00
  6.15674257e-01 1.04279649e+00 1.44083095e+00 6.70503283e+00
  1.83252656e+00 5.55704355e+00 1.38217199e+00 1.08260262e+00
  7.07872212e-01 1.76514104e-01 1.31405126e-02 0.00000000e+00
  0.00000000e+00 8.69799852e-01 2.24323821e+00 2.60605603e-01
  0.00000000e+00 0.00000000e+00 7.19215393e-01 1.19461022e-01
  1.40314627e+00 6.98272467e-01 1.64704859e+00 3.01619744e+00
  2.99473381e+00 1.12598014e+00 2.91493726e+00 6.45507097e-01
  7.41372728e+00 1.35668385e+00 4.34212923e-01 2.89081287e+00
  1.65873814e+00 6.20283222e+00 1.81274265e-01 1.72233999e+00
  5.96137762e+00 4.12518978e+00 4.59412003e+00 2.23503590e+00
  4.84164715e-01 8.30894709e-02 1.50491214e+00 2.78217912e+00]]