[[0.00000000e+00 5.35407734e+00 9.61568415e-01 4.24260676e-01
  3.34882140e-02 1.53105867e+00 1.13436675e+00 0.00000000e+00
  0.00000000e+00 5.06871223e+00 2.39838743e+00 7.43012488e-01
  4.05270487e-01 2.99800539e+00 0.00000000e+00 6.35268497e+00
  2.48774743e+00 2.48278880e+00 1.49339274e-01 8.11722851e+00
  4.93055582e+00 1.06991539e+01 1.34035444e+00 1.51143655e-01
  5.07258940e+00 1.23188772e+01 0.00000000e+00 2.90738821e-01
  5.13511181e-01 8.64269435e-01 0.00000000e+00 2.99196035e-01
  5.98913336e+00 4.03334618e+00 0.00000000e+00 4.57382584e+00
  1.51387005e+01 0.00000000e+00 1.22853124e+00 2.44013742e-01
  1.82643204e+01 5.94843721e+00 1.16418648e+00 1.11389132e+01
  5.38599074e-01 1.63823187e-01 1.40370083e+00 4.40895033e+00
  2.12742829e+00 1.78228915e+00 1.50858927e+00 6.43286884e-01
  7.95119464e-01 1.65209830e-01 4.71096039e+00 1.43765342e+00
  3.37183118e+00 2.10619855e+00 3.58051836e-01 0.00000000e+00
  1.27908874e+00 2.52278537e-01 6.45619488e+00 4.68078995e+00
  4.97591764e-01 4.18721867e+00 1.66539848e+00 1.71785676e+00
  4.17026103e-01 2.41958642e+00 3.29425883e+00 5.17643785e+00
  0.00000000e+00 3.34780550e+00 3.26134038e+00 1.27985823e+00
  5.82171261e-01 2.33058572e-01 1.04027838e-01 1.57919061e+00
  1.99343145e+00 6.98275375e+00 5.53854513e+00 2.15479866e-01
  1.23988199e+01 1.01136389e+01 3.42799473e+00 1.64560282e+00
  4.73592901e+00 0.00000000e+00 2.54036021e+00 3.61271429e+00
  5.02594821e-02 7.81941700e+00 8.64167595e+00 9.46211457e-01
  2.16240597e+00 5.91724110e+00 3.82260919e-01 8.87020302e+00
  5.71200252e-01 3.56267035e-01 3.52286458e+00 8.05046463e+00
  0.00000000e+00 3.77387977e+00 3.67482734e+00 1.03382230e+00
  8.16748321e-01 6.32714331e-01 2.79132414e+00 1.40905714e+00
  1.51813352e+00 3.73933721e+00 1.00902051e-01 2.15082467e-01
  6.24436903e+00 2.64054036e+00 6.02185917e+00 4.02306461e+00
  6.57274365e-01 0.00000000e+00 1.73469529e-01 4.99657154e+00
  2.46984482e+00 2.31383348e+00 0.00000000e+00 1.56138217e+00
  1.34570348e+00 5.04546118e+00 6.18666792e+00 2.25038096e-01
  8.52523232e+00 4.79574561e-01 0.00000000e+00 0.00000000e+00
  1.56782889e+00 2.44700956e+00 1.67667544e+00 1.34168377e+01
  2.96477175e+00 2.35888675e-01 1.76214135e+00 2.98555398e+00
  2.46066594e+00 1.84922814e-01 1.43778181e+00 1.04512293e-02
  5.86170197e+00 4.12295294e+00 3.40487242e+00 6.22214496e-01
  4.47323751e+00 1.33185673e+00 1.16776085e+00 0.00000000e+00
  1.99546576e-01 5.53840351e+00 1.23606455e+00 4.69878376e-01
  2.23723984e+00 1.04108200e+01 1.46949804e+00 2.46540642e+00
  2.50433660e+00 4.17400360e+00 0.00000000e+00 1.32370400e+00
  9.82345566e-02 2.29819965e+00 4.83374149e-01 1.56809688e+00
  1.71126819e+00 8.07963312e-01 1.70579433e+00 6.44494581e+00
  2.34606743e+00 7.16353893e-01 2.50179958e+00 2.08748865e+00
  9.06095326e-01 2.71538496e+00 7.74483502e-01 1.90755212e+00
  0.00000000e+00 9.06067908e-01 7.89701194e-02 9.73312855e+00
  4.53464222e+00 6.33852339e+00 9.13334942e+00 0.00000000e+00
  2.22016647e-01 1.45714312e+01 8.04534495e-01 5.18184543e-01
  8.89560938e-01 1.56489420e+01 1.89725861e-01 1.21261597e-01
  1.76158142e+01 0.00000000e+00 9.15305316e-01 9.13225079e+00
  7.90772629e+00 4.41900158e+00 1.92714369e+00 4.56886292e-01
  0.00000000e+00 1.73362598e+01 1.68568635e+00 4.75267124e+00
  5.52226210e+00 2.94865584e+00 2.02383488e-01 0.00000000e+00
  2.45406598e-01 2.01996779e+00 3.21646595e+00 1.16551220e+00
  2.16774917e+00 1.73872890e+01 1.31965888e+00 3.14783126e-01
  1.79308271e+00 2.43845296e+00 8.20758152e+00 1.38567054e+00
  2.48632884e+00 3.70792341e+00 5.02326488e-01 3.39020252e+00
  0.00000000e+00 3.12351584e-01 1.19728088e+00 8.34053755e-02
  1.79967731e-01 1.86811674e+00 1.80712879e-01 2.99643606e-01
  1.03797293e+00 2.14735746e+00 6.40054345e-01 6.51050663e+00
  4.24893439e-01 3.11531901e+00 1.90002251e+00 0.00000000e+00
  9.50877726e-01 1.90285301e+00 1.38310394e+01 1.35456252e+00
  0.00000000e+00 2.74331832e+00 8.64984035e+00 2.59436274e+00
  3.48176742e+00 7.70879924e-01 8.72175872e-01 5.15243816e+00
  0.00000000e+00 3.82023066e-01 0.00000000e+00 1.57372141e+00
  2.72214794e+00 0.00000000e+00 4.23768401e-01 1.02299333e+00
  2.76760530e+00 6.30085319e-02 1.29416008e+01 9.49621856e-01
  5.43501437e-01 7.81069613e+00 3.02201223e+00 3.70311081e-01
  6.08172655e+00 1.27069557e+00 1.06170416e+00 3.13045931e+00
  1.03695478e+01 1.70739460e+00 2.21601033e+00 1.15134125e+01
  5.58689547e+00 2.25030944e-01 4.29658794e+00 1.14111722e-01
  3.68499398e-01 1.26461887e+00 1.13789964e+00 5.03372526e+00
  1.21613073e+01 5.13421583e+00 2.24402428e+00 1.94110245e-01
  4.70594406e+00 8.99897218e-01 4.79059172e+00 8.28500316e-02
  3.47665995e-02 6.70587778e+00 3.03244925e+00 0.00000000e+00
  8.90394688e-01 3.96769142e+00 1.67551398e-01 5.87058496e+00
  4.21033770e-01 5.47066069e+00 3.31763268e+00 1.90893576e-01
  4.41866779e+00 4.14964437e-01 1.79227263e-01 6.57859087e-01
  0.00000000e+00 7.98797417e+00 7.07027960e+00 7.17761457e-01
  8.01975012e-01 6.14024830e+00 3.23052239e+00 3.45085412e-01
  1.44713879e+00 1.48855424e+00 7.73722053e-01 0.00000000e+00
  1.00319469e+00 4.63730991e-01 1.55099452e+00 7.94289732e+00
  2.74284196e+00 2.19076180e+00 7.33980298e-01 2.99880791e+00
  1.52115571e+00 1.29551487e+01 2.00459886e+00 3.12076807e+00
  3.33344817e-01 9.22761485e-03 0.00000000e+00 7.83676326e-01
  6.52993023e-01 1.17366982e+00 1.96202528e+00 1.18207610e+00
  4.74905539e+00 5.49565554e-01 4.76381741e-03 0.00000000e+00
  1.27868280e-01 3.21245527e+00 8.15177345e+00 2.26067281e+00
  1.28654699e+01 3.47556019e+00 4.14832640e+00 2.68916041e-01
  5.94482005e-01 0.00000000e+00 3.93931961e+00 1.15194552e-01
  4.25579453e+00 8.53269994e-01 4.23142862e+00 2.95632720e+00
  5.75564802e-01 7.32830465e-01 2.22424555e+00 0.00000000e+00
  1.10705147e+01 1.88392127e+00 6.30481577e+00 8.01608205e-01
  9.25134087e+00 5.82747221e+00 0.00000000e+00 9.75400031e-01
  1.53784788e+00 4.33844328e-01 2.18761063e+00 2.39665532e+00
  3.78852272e+00 0.00000000e+00 1.31948078e+00 8.60241801e-02
  2.47901368e+00 4.71857977e+00 7.21783590e+00 5.81862271e-01
  3.34459162e+00 2.04779768e+00 9.20409858e-01 8.95277977e+00
  1.55082667e+00 3.92752647e+00 3.91318679e+00 3.15757722e-01
  5.06135321e+00 7.61040449e+00 2.10373926e+00 5.41869259e+00
  5.95179462e+00 1.47176027e+01 3.83395982e+00 3.93174744e+00
  1.13089240e+00 4.69606817e-01 1.66412318e+00 6.11518145e+00
  0.00000000e+00 0.00000000e+00 6.88991472e-02 3.73940659e+00
  0.00000000e+00 3.56546021e+00 0.00000000e+00 5.93304515e-01
  9.25764501e-01 5.36332321e+00 4.19814491e+00 4.11059761e+00
  2.74363685e+00 1.87174737e-01 2.92972755e+00 6.06779528e+00
  0.00000000e+00 6.89797178e-02 1.33069253e+00 4.43489075e+00
  2.28680191e+01 2.90392232e+00 9.75619078e-01 9.65997636e-01
  6.71703041e-01 5.87727404e+00 1.42195392e+00 1.09106569e+01
  2.58491546e-01 7.65782118e-01 5.13402283e-01 6.18806553e+00
  7.06923246e-01 8.82707536e-03 0.00000000e+00 4.34434938e+00
  1.69041657e+00 9.26175639e-02 2.55815506e+00 5.92169380e+00
  3.39441729e+00 1.36754319e-01 1.34942949e+00 5.30868888e-01
  2.39344454e+00 0.00000000e+00 2.83395815e+00 3.00732803e+00
  1.11762543e+01 1.11291699e-01 7.94953704e-01 3.84692955e+00
  2.02721262e+00 4.71044928e-01 5.03875613e-01 1.81634676e+00
  5.12762606e-01 2.72652459e+00 2.59073162e+00 4.13334668e-01
  4.39225817e+00 1.02207689e+01 0.00000000e+00 1.80082366e-01
  5.66394854e+00 4.36820179e-01 0.00000000e+00 4.29004908e+00
  5.21887660e-01 2.60990888e-01 0.00000000e+00 4.12749100e+00
  1.38717794e+00 7.29904366e+00 1.21876812e+00 1.68948627e+00
  6.11050987e+00 5.25513172e+00 1.03250897e+00 5.42592621e+00
  1.55515134e-01 5.42608500e+00 2.35704303e+00 1.42479300e-01
  5.62795973e+00 1.27560174e+00 1.86573327e+00 2.60976076e+00
  1.04692471e+00 1.12315142e+00 1.61879516e+00 5.55371866e-02
  1.46206036e-01 0.00000000e+00 1.17317305e+01 6.87724799e-02
  1.12132296e-01 9.31636468e-02 2.52743292e+00 7.24734843e-01]]