[[4.08466053e+00 3.81819665e-01 4.54016304e+00 1.23801696e+00
  1.08189356e+00 7.00668716e+00 2.76969433e+00 3.60890597e-01
  1.22992373e+00 1.00772154e+00 3.99080300e+00 2.14442825e+00
  3.47113848e+00 4.77134275e+00 2.87406635e+00 7.85377502e-01
  1.91390991e-01 1.02312553e+00 2.09691119e+00 4.96802378e+00
  1.82201505e+00 4.04699421e+00 7.95792222e-01 2.09354377e+00
  6.33514822e-01 6.23574686e+00 1.01526177e+00 9.33175758e-02
  1.08821762e+00 0.00000000e+00 1.07144523e+00 1.05318251e+01
  7.66850293e-01 5.23707724e+00 0.00000000e+00 2.22376466e-01
  1.37082982e+00 5.03429472e-01 4.01216888e+00 1.40524662e+00
  4.08785343e+00 6.15600049e-01 2.50104189e+00 6.87313080e-01
  2.96498060e-01 1.06767690e+00 4.44195890e+00 6.68487787e-01
  3.04076529e+00 1.26552927e+00 1.05357504e+00 1.70835412e+00
  3.48232007e+00 8.37319046e-02 3.46169710e+00 2.08186412e+00
  1.09945881e+00 6.64166403e+00 2.53788114e+00 2.05901456e+00
  9.67000067e-01 5.83594084e-01 2.44995689e+00 3.57289648e+00
  1.90916848e+00 5.70858526e+00 2.27551889e+00 2.06502295e+00
  1.85941064e+00 3.23776245e+00 1.11121292e+01 3.87375742e-01
  0.00000000e+00 4.51048946e+00 1.79683852e+00 2.24069115e-02
  3.07250738e+00 0.00000000e+00 0.00000000e+00 1.56352684e-01
  6.74738646e-01 1.46460664e+00 4.75633323e-01 1.53289998e+00
  7.56810308e-02 4.66010904e+00 2.31538817e-01 2.81346941e+00
  6.71273756e+00 1.85877991e+00 6.54430568e-01 1.47602785e+00
  6.32210255e-01 3.24251723e+00 6.04399852e-02 4.63718385e-01
  0.00000000e+00 3.17906052e-01 1.56956446e+00 2.70322943e+00
  2.39050317e+00 2.46360564e+00 5.69435263e+00 4.41584015e+00
  7.34454012e+00 0.00000000e+00 8.24128762e-02 1.02435732e+00
  2.37707764e-01 3.08371401e+00 1.73515332e+00 1.09668279e+00
  3.46655309e-01 9.27122176e-01 1.58659673e+00 1.71853137e+00
  5.01326704e+00 3.13823819e+00 1.49922705e+00 1.74816954e+00
  8.59507024e-01 0.00000000e+00 1.37921131e+00 3.48148870e+00
  4.50716555e-01 7.95548439e-01 1.17133804e-01 5.75102448e-01
  2.87837684e-01 7.87448788e+00 1.13999331e+00 3.21652055e+00
  1.35817194e+00 8.19750249e-01 3.49655581e+00 1.76246607e+00
  4.13322985e-01 3.58966827e-01 6.22460508e+00 2.37202659e-01
  8.88255298e-01 3.56571972e-01 6.57329321e-01 5.01659060e+00
  4.54689056e-01 1.23965335e+00 5.16325712e+00 9.95900109e-02
  2.10603619e+00 1.39885807e+00 2.47014785e+00 6.83249831e-01
  2.67033267e+00 1.26112744e-01 4.53465670e-01 1.75714850e-01
  4.39304447e+00 9.28066313e-01 7.28706539e-01 2.05178595e+00
  2.28627190e-01 1.50602722e+00 1.55341637e+00 4.05586243e+00
  1.09217894e+00 5.19108725e+00 0.00000000e+00 7.20945263e+00
  2.68372983e-01 5.54947281e+00 2.20570087e+00 4.75962728e-01
  7.29184771e+00 1.23103952e+01 2.68470049e+00 1.69147742e+00
  3.36535394e-01 2.40931678e+00 4.03000736e+00 8.06957722e-01
  5.12889957e+00 3.40312868e-01 4.67034769e+00 8.26508254e-02
  1.70510340e+00 2.84893298e+00 1.74576974e+00 3.95550013e-01
  2.71770906e+00 5.42047119e+00 0.00000000e+00 3.15561555e-02
  0.00000000e+00 5.24555826e+00 9.52089250e-01 6.44668162e-01
  3.00116968e+00 1.94168150e+00 1.05494261e+00 6.90301776e-01
  4.19926167e+00 1.07046402e+00 2.03652596e+00 1.33682644e+00
  2.04994440e+00 1.15566123e+00 9.56831741e+00 5.75637674e+00
  2.15390444e+00 6.31042862e+00 2.27096033e+00 3.94642925e+00
  6.78038478e-01 4.94821644e+00 1.81570959e+00 5.51213324e-01
  5.76433039e+00 1.36584258e+00 1.14187634e+00 2.88747168e+00
  1.40388834e+00 2.65273857e+00 2.08149385e+00 1.04496443e+00
  8.59017372e-01 3.17987776e+00 1.73495686e+00 1.80232859e+00
  4.36048150e-01 1.23168516e+00 3.80337954e+00 8.17883730e-01
  4.91274118e-01 3.44538140e+00 3.53061008e+00 1.34507096e+00
  1.35032959e+01 4.69049931e+00 1.52642414e-01 1.04052544e+00
  1.41774452e+00 8.63848403e-02 8.54106843e-01 4.56197786e+00
  2.01940513e+00 9.59556341e-01 8.98376656e+00 1.36706948e+00
  6.15303946e+00 1.87492216e+00 1.03265152e+01 1.09856153e+00
  2.57199502e+00 3.77224565e+00 5.31291485e-01 4.98148251e+00
  8.42530906e-01 4.18094969e+00 2.89800310e+00 7.99901605e-01
  6.15266979e-01 5.51156223e-01 8.73245418e-01 6.44494236e-01
  2.99889541e+00 6.72749996e-01 6.09315559e-02 1.78840494e+00
  8.64072704e+00 3.12464070e+00 5.30352783e+00 0.00000000e+00
  3.72535586e+00 1.47068977e+00 1.08652614e-01 2.15831232e+00
  7.50363350e+00 4.57503796e+00 1.05173200e-01 3.62206841e+00
  2.81968284e+00 9.69237328e-01 2.24867988e+00 6.65243939e-02
  6.32617569e+00 6.79978132e-01 8.99903107e+00 1.77113962e+00
  1.70577991e+00 3.62057114e+00 0.00000000e+00 9.87383068e-01
  6.31032896e+00 2.75972176e+00 1.60411513e+00 1.38577938e+00
  2.20028615e+00 1.11584783e+00 2.51608109e+00 0.00000000e+00
  3.73802280e+00 7.15219355e+00 1.16787243e+01 4.20466475e-02
  1.54799592e+00 1.69486177e+00 1.48930466e+00 2.05767512e+00
  4.56330204e+00 1.37624347e+00 6.44893944e-01 8.29729557e-01
  3.77492571e+00 5.25806487e-01 2.74148679e+00 2.98637700e+00
  2.76045656e+00 7.51531219e+00 1.35108232e+00 3.84323502e+00
  2.20111394e+00 1.47147608e+00 2.13917065e+00 1.31647456e+00
  3.82459641e-01 8.60816765e+00 8.42677879e+00 0.00000000e+00
  1.01377845e+00 5.57276607e-01 2.92668283e-01 4.00061417e+00
  3.33246201e-01 1.18776274e+01 3.59944844e+00 2.44861889e+00
  0.00000000e+00 9.05707264e+00 1.79144323e+00 2.24725580e+00
  6.31193221e-01 1.07544649e+00 1.17293954e+00 8.07494596e-02
  1.49881303e+00 7.85957396e-01 1.34217215e+00 7.90747255e-02
  3.65269160e+00 1.19616807e+00 2.72822595e+00 5.01210988e-01
  3.49931926e-01 3.92670870e+00 4.32676315e+00 8.64629328e-01
  1.75555050e+00 7.10026884e+00 2.57566237e+00 5.85639536e-01
  3.55374122e+00 3.53362679e-01 2.69083381e+00 4.08479691e+00
  5.94706869e+00 5.90133667e+00 3.83896685e+00 3.35449028e+00
  1.16939075e-01 0.00000000e+00 1.68318734e-01 1.39609981e+00
  3.41264009e+00 4.10393000e+00 1.56251276e+00 1.36341941e+00
  2.55930901e+00 4.93511438e+00 0.00000000e+00 1.03330879e+01
  2.00163698e+00 2.17085857e+01 2.30012894e+00 3.73782849e+00
  3.94742513e+00 3.51539636e+00 2.28471661e+00 9.37778503e-02
  1.57801080e-02 1.63434923e+00 2.81384492e+00 3.19199920e+00
  2.50067282e+00 1.40607762e+00 1.38622832e+00 1.50275767e+00
  4.01311302e+00 8.63904238e-01 7.84851408e+00 1.79607677e+00
  4.15009212e+00 9.32941020e-01 9.88957956e-02 5.40881920e+00
  4.19438696e+00 2.24403262e-01 1.92694571e-02 2.11586189e+00
  5.12153685e-01 1.95096636e+00 4.51882601e+00 3.45663100e-01
  0.00000000e+00 2.53616810e-01 5.35206318e+00 1.61174819e-01
  5.70862949e-01 1.94147551e+00 3.39118862e+00 1.56094456e+00
  7.17904902e+00 2.68525195e+00 3.78573322e+00 1.16430759e+01
  2.90056801e+00 3.63347435e+00 4.48287010e+00 5.12662470e-01
  8.20047557e-01 1.85840368e-01 4.50298309e-01 1.45525551e+01
  1.04388914e+01 2.36190963e+00 8.79498065e-01 1.31209707e+01
  2.70205569e+00 3.49081588e+00 3.30011320e+00 3.83155346e-01
  0.00000000e+00 3.00309157e+00 6.07222676e-01 3.61518025e+00
  7.48818278e-01 1.71338066e-01 1.52321160e+00 4.36634094e-01
  4.69343185e+00 2.94077063e+00 3.92827034e+00 4.37367630e+00
  3.44222486e-01 6.58152723e+00 4.23224831e+00 5.50015688e+00
  5.71283150e+00 2.52027988e+00 3.31726694e+00 2.40808654e+00
  1.09081316e+00 1.36694193e+00 5.97009063e-01 2.41795331e-01
  4.25662899e+00 2.21213460e+00 3.60221624e-01 6.23126554e+00
  2.70542383e+00 6.36989653e-01 7.54594088e+00 9.93741155e-01
  5.50464153e-01 1.16305552e+01 1.68484807e+00 2.58779669e+00
  1.59784222e+00 3.11065376e-01 1.68919814e+00 9.33765590e-01
  8.18713474e+00 1.35108638e+00 1.99113703e+00 4.93858427e-01
  3.55779099e+00 2.88989097e-01 4.25035238e+00 4.67875910e+00
  2.08520603e+00 3.27310190e-02 6.28635597e+00 1.95729280e+00
  7.25881815e+00 3.25483418e+00 1.10311925e+00 4.45465624e-01
  1.08318138e+00 3.77170610e+00 1.30418265e+00 5.53455293e-01
  5.91910267e+00 1.66632032e+00 1.85422468e+00 2.62420940e+00
  8.95388842e-01 1.55582213e+00 9.50618172e+00 2.61367369e+00
  7.60492265e-01 2.18492723e+00 1.85502529e+00 1.50742793e+00]]