[[1.89119130e-01 2.88739347e+00 1.98376167e+00 0.00000000e+00
  4.38979298e-01 1.09223108e+01 3.60698223e+00 3.48172331e+00
  2.25399584e-01 1.10405469e+00 1.16267169e+00 1.05327082e+00
  1.67455256e+00 4.24531937e+00 2.01251339e-02 2.42406774e+00
  9.89816248e-01 7.20686674e-01 8.10674071e-01 3.61007476e+00
  6.11208773e+00 1.93867817e+01 0.00000000e+00 1.86195469e+00
  1.76851439e+00 5.59116411e+00 1.72911271e-01 4.66711164e-01
  1.70286298e+00 2.76644915e-01 2.10738349e+00 2.46941352e+00
  1.28127193e+00 2.48528433e+00 2.15429211e+00 1.21315372e+00
  2.96336699e+00 0.00000000e+00 5.46706343e+00 9.39592183e-01
  4.23198044e-01 8.11360598e-01 2.01547861e+00 1.32210290e+00
  3.50427556e+00 1.30021228e-02 7.35343218e+00 8.93495941e+00
  3.03944826e+00 2.77721405e-01 0.00000000e+00 2.40409136e+00
  1.38506383e-01 1.52979851e+00 4.08113480e+00 1.35128903e+00
  1.14776194e+00 1.42087603e+01 3.31370544e+00 2.76214600e+00
  3.46716434e-01 1.00658274e+00 8.74220371e+00 1.13775625e+01
  5.20717800e-01 1.99418271e+00 4.36717653e+00 1.66709328e+00
  1.17304575e+00 8.64994812e+00 6.73986912e-01 4.12626982e+00
  9.24469090e+00 1.30006275e+01 1.22020900e+00 0.00000000e+00
  2.79173398e+00 9.93427813e-01 2.01656532e+00 4.78480864e+00
  1.13744891e+00 2.20026922e+00 5.14593983e+00 0.00000000e+00
  5.13702989e-01 1.39674616e+00 4.99743104e-01 1.45786428e+00
  4.85320377e+00 0.00000000e+00 5.08026981e+00 4.51746988e+00
  1.03723440e+01 5.86109066e+00 2.54138499e-01 1.99763611e-01
  8.92528296e-01 4.68104076e+00 1.43585610e+00 6.95296288e+00
  1.56941086e-01 7.54633856e+00 7.12176943e+00 8.37945461e+00
  3.29761095e-02 4.64574862e+00 3.20276953e-02 1.44724059e+00
  1.52788949e+00 8.42109621e-01 9.58085537e-01 3.25026679e+00
  0.00000000e+00 1.13399630e+01 3.54656959e+00 1.59890532e+00
  6.91503096e+00 9.52530086e-01 5.64566278e+00 1.35124445e+00
  0.00000000e+00 8.19922626e-01 3.74399924e+00 6.11177588e+00
  4.96515942e+00 3.25775433e+00 5.25344253e-01 0.00000000e+00
  3.67184043e+00 1.84227409e+01 6.86182618e-01 1.07995868e+00
  1.47410049e+01 1.84022832e+00 1.07162848e-01 2.52468920e+00
  0.00000000e+00 1.01785707e+00 5.43463707e+00 1.64516997e+00
  7.58115292e-01 8.01367402e-01 9.77118969e-01 1.11418467e+01
  4.87179726e-01 7.16431737e-01 1.86714363e+00 8.44910145e-01
  9.69818115e-01 0.00000000e+00 1.41074705e+01 2.87649393e-01
  7.18903601e-01 4.47069377e-01 6.65527153e+00 2.60205364e+00
  5.52113652e-01 4.34881523e-02 1.58917546e+00 0.00000000e+00
  1.25665702e-02 1.02799618e+00 3.68104839e+00 9.95070100e-01
  8.12393665e+00 4.73092604e+00 7.73025036e-01 6.69861794e+00
  3.09726572e+00 5.29346704e+00 2.07197857e+00 4.23152494e+00
  9.54930305e+00 1.80910540e+00 8.87753546e-01 4.87207264e-01
  1.74517527e-01 1.31640768e+00 1.55889530e+01 1.76066666e+01
  7.79117012e+00 0.00000000e+00 2.32223320e+00 1.17505348e+00
  8.57983381e-02 9.50578988e-01 1.36556101e+01 2.13336015e+00
  3.92179370e-01 1.82934630e+00 1.90668449e+01 3.77239466e-01
  3.88629651e+00 1.15944185e+01 5.12801886e-01 1.25329149e+00
  8.90568733e-01 5.88183403e+00 4.73933034e-02 0.00000000e+00
  1.61943838e-01 9.77357924e-01 0.00000000e+00 8.10590625e-01
  3.81090379e+00 8.46823871e-01 3.05908266e-02 1.36132091e-01
  8.55496433e-03 6.95584059e+00 2.48366117e+00 1.77932549e+00
  7.17099547e-01 3.51118994e+00 5.20624280e-01 1.48956132e+00
  4.28153723e-01 2.33127284e+00 9.78724182e-01 2.29572010e+00
  2.24182978e-01 2.80941129e+00 1.06316894e-01 6.16491127e+00
  3.36052370e+00 1.12340879e+00 0.00000000e+00 5.28804481e-01
  0.00000000e+00 1.60378218e+00 5.57492971e-01 1.09407318e+00
  5.21872425e+00 5.13333464e+00 9.67162800e+00 2.48321176e-01
  6.07067537e+00 7.87348795e+00 1.33009601e+00 7.53574669e-01
  2.95721006e+00 0.00000000e+00 4.36027431e+00 2.81254172e-01
  3.88915539e+00 7.52714300e+00 1.14691362e+01 2.51725030e+00
  1.60790706e+00 2.64998055e+00 2.25844121e+00 2.33682680e+00
  1.49270043e-01 3.19139886e+00 4.74048662e+00 2.60938883e-01
  2.29869986e+00 2.05993629e+00 9.33890247e+00 4.29837799e+00
  1.84226584e+00 0.00000000e+00 0.00000000e+00 3.25956917e+00
  7.48705673e+00 2.48600149e+00 2.68109202e+00 3.97776151e+00
  1.25516405e+01 7.15557933e-02 5.55666780e+00 4.92015928e-01
  8.63963664e-01 3.58989549e+00 7.41609716e+00 3.07461071e+00
  7.82268286e+00 0.00000000e+00 5.37093937e-01 5.25221825e+00
  1.29083672e+01 1.31824762e-01 1.87913342e+01 1.64344418e+00
  1.27843225e+00 0.00000000e+00 1.65767705e+00 2.01054692e+00
  1.20866752e+00 2.70174026e+00 7.36081421e-01 6.40357828e+00
  4.20085192e-01 2.91330266e+00 3.84035373e+00 1.27445221e+00
  7.13426304e+00 1.12741239e-01 6.01468801e-01 0.00000000e+00
  2.03012638e+01 2.37107009e-01 9.02987242e-01 9.54415083e-01
  1.69910893e-01 3.67486501e+00 3.39195371e+00 5.36251009e-01
  2.56383491e+00 3.63203907e+00 1.29365459e-01 2.11369395e+00
  4.70963389e-01 1.08271815e-01 1.08981256e+01 0.00000000e+00
  3.68635392e+00 8.35480213e+00 7.59385967e+00 8.47096205e-01
  2.62412757e-01 5.46175122e-01 4.42687464e+00 2.61900020e+00
  6.64132595e-01 9.81042147e-01 3.71117353e+00 2.34178364e-01
  6.93706751e-01 3.80317450e+00 1.67557418e-01 6.68209887e+00
  7.56478834e+00 7.49690175e-01 6.84263515e+00 1.28962028e+00
  5.31033707e+00 1.96356010e+00 8.02494049e+00 2.49668503e+00
  1.91746712e+00 2.02407330e-01 1.08429420e+00 3.80410194e+00
  1.49604046e+00 2.31912160e+00 3.82845449e+00 0.00000000e+00
  1.81748033e+00 1.09429097e+00 2.47086716e+00 2.23835015e+00
  3.99885029e-01 5.59227657e+00 1.23873436e+00 2.68257767e-01
  1.77791142e+00 1.56388836e+01 9.82853413e+00 2.62762100e-01
  7.96511698e+00 4.18136835e-01 1.15758781e+01 1.61323160e-01
  2.60725927e+00 3.30589461e+00 2.67159920e+01 1.64977992e+00
  0.00000000e+00 1.41697478e+00 2.33744025e+00 1.62130392e+00
  2.85474807e-01 1.44064271e+00 2.41733766e+00 5.27785683e+00
  2.85336256e-01 6.04687643e+00 3.79315686e+00 5.39517820e-01
  6.07432270e+00 4.51433992e+00 0.00000000e+00 6.94195092e-01
  2.24889755e+00 8.38253558e-01 1.82696298e-01 0.00000000e+00
  8.04356289e+00 2.90993834e+00 4.66289729e-01 3.64144611e+00
  2.10739762e-01 7.14333916e+00 1.39979756e+00 1.49569285e+00
  9.04681742e-01 2.15044641e+00 1.57935858e+00 2.23280478e+00
  2.53026056e+00 1.29660997e+01 9.23674870e+00 1.36863718e+01
  2.44941711e+00 2.01394960e-01 0.00000000e+00 0.00000000e+00
  8.50834191e-01 3.81315637e+00 7.01532745e+00 1.89088094e+00
  9.10307467e-02 0.00000000e+00 4.77530050e+00 2.10019636e+00
  5.55584240e+00 9.37901020e-01 0.00000000e+00 7.22972631e+00
  2.05474424e+00 1.21448839e+00 0.00000000e+00 2.14828777e+00
  6.98062479e-01 0.00000000e+00 1.67888355e+00 1.86352406e+01
  1.12077389e+01 1.56212494e-01 1.03404512e+01 2.00620437e+00
  4.84618282e+00 0.00000000e+00 1.27864623e+00 9.72883797e+00
  5.25003672e-01 1.20302382e+01 2.01255178e+00 1.21331525e+00
  7.99365193e-02 3.55007261e-01 4.65387535e+00 4.62013483e+00
  3.46147323e+00 4.82180029e-01 3.92324805e+00 1.91462612e+00
  1.48710921e-01 2.55094576e+00 6.15789461e+00 3.04354882e+00
  4.58286428e+00 1.04138911e+00 4.45046139e+00 0.00000000e+00
  8.69509602e+00 4.69146061e+00 0.00000000e+00 6.75238228e+00
  3.19756365e+00 4.20820445e-01 2.27336907e+00 1.13806620e-01
  0.00000000e+00 0.00000000e+00 1.38544631e+00 4.81681108e-01
  3.88259912e+00 2.01021051e+00 1.86250901e+00 0.00000000e+00
  3.20084333e-01 2.68843913e+00 2.34682608e+00 3.84634763e-01
  9.87994373e-01 3.14144588e+00 8.70268941e-01 4.09859276e+00
  0.00000000e+00 2.65863717e-01 1.18982637e+00 5.81744719e+00
  0.00000000e+00 1.15873866e-01 6.93158817e+00 0.00000000e+00
  1.46809506e+00 3.57820541e-01 2.88950872e+00 4.06100798e+00
  2.46742487e-01 2.34248543e+00 3.70432287e-02 1.82028413e+00
  7.47397852e+00 5.04332066e+00 1.40382469e-01 7.24071264e-01
  4.66533947e+00 2.39534125e-01 8.62063694e+00 4.37794828e+00
  1.01731195e+01 4.83320427e+00 6.97024345e+00 1.14124978e+00
  5.17898381e-01 0.00000000e+00 4.64130592e+00 7.17222977e+00]]