[[4.64504957e-01 5.30976772e-01 4.77490216e-01 4.53273356e-01
  4.73604590e-01 1.07735109e+01 1.26263833e+00 2.46604943e+00
  3.73639798e+00 9.02603626e-01 1.52092278e-01 1.92373598e+00
  4.26584339e+00 2.73279595e+00 0.00000000e+00 1.78104863e-01
  7.13979781e-01 2.60510635e+00 8.17708254e-01 1.91058588e+00
  8.84031177e-01 1.50870619e+01 0.00000000e+00 2.12308240e+00
  1.45098007e+00 9.86469650e+00 6.44072437e+00 2.99460983e+00
  6.54594421e-01 1.36218154e+00 4.80433479e-02 0.00000000e+00
  6.27417922e-01 4.75021982e+00 1.60937500e+00 0.00000000e+00
  1.00048363e+00 0.00000000e+00 6.13619566e+00 4.60250092e+00
  9.85239410e+00 0.00000000e+00 4.51731110e+00 4.59667921e+00
  3.98862474e-02 0.00000000e+00 2.26570964e+00 7.66234577e-01
  4.27380466e+00 1.30882919e+00 7.39172846e-02 3.62503767e-01
  0.00000000e+00 1.45111489e+00 5.08143139e+00 6.99053907e+00
  3.95871544e+00 8.33889771e+00 3.42947268e+00 1.27471578e+00
  4.63304281e+00 0.00000000e+00 3.96594167e+00 7.40504551e+00
  4.85525131e-02 1.91775870e+00 5.51950514e-01 1.78665781e+00
  1.50970674e+00 2.41463232e+00 4.87583786e-01 6.37268305e-01
  4.96806002e+00 2.26435781e+00 8.65640521e-01 0.00000000e+00
  2.05470547e-01 1.91099465e-01 3.07351261e-01 3.33285952e+00
  0.00000000e+00 4.78178233e-01 4.86770964e+00 0.00000000e+00
  6.30575323e+00 1.37996984e+00 3.05031705e+00 1.10828745e+00
  6.48826647e+00 2.03547087e-02 6.01221037e+00 4.69156921e-01
  2.21303630e+00 6.09285641e+00 1.97098836e-01 6.25195026e-01
  0.00000000e+00 5.01200390e+00 2.01420218e-01 8.27704620e+00
  1.50017965e+00 4.33572102e+00 2.73305297e-01 1.12952032e+01
  0.00000000e+00 7.05612481e-01 2.54723057e-02 2.32672170e-01
  1.09647647e-01 1.08600032e+00 3.72256684e+00 2.70128441e+00
  0.00000000e+00 8.27637291e+00 3.57629895e-01 0.00000000e+00
  1.47945833e+01 1.42173088e+00 2.56220675e+00 1.23905146e+00
  3.78277123e-01 5.84009051e-01 1.47445011e+00 1.03476124e+01
  1.43822873e+00 1.25327635e+00 3.73854637e-02 0.00000000e+00
  5.47283351e-01 1.21023684e+01 1.88979077e+00 3.97015780e-01
  5.34179497e+00 3.43953580e-01 2.47679815e-01 3.04901814e+00
  2.97190189e-01 0.00000000e+00 6.01648140e+00 4.85746098e+00
  1.44712090e-01 2.57260323e+00 1.45963538e+00 1.03045690e+00
  1.19482589e+00 1.12860477e+00 5.10834217e+00 0.00000000e+00
  0.00000000e+00 0.00000000e+00 3.39454651e+00 0.00000000e+00
  1.99116826e+00 0.00000000e+00 1.10118532e+00 4.06415987e+00
  8.51144731e-01 7.28496313e+00 6.28441870e-01 2.20896617e-01
  1.15061343e-01 4.97422552e+00 2.19192910e+00 0.00000000e+00
  2.89889717e+00 1.89410365e+00 0.00000000e+00 1.66019237e+00
  2.53608465e+00 4.41997528e+00 1.22181010e+00 9.53212753e-02
  1.30947053e+00 3.13641988e-02 4.81278777e-01 8.78455877e-01
  0.00000000e+00 1.08452392e+00 1.38503683e+00 2.06376877e+01
  3.48081374e+00 2.13080716e+00 8.39526749e+00 9.27221701e-02
  2.09481441e-04 7.56429851e-01 9.28302956e+00 6.49639904e-01
  1.20672762e+00 7.81617686e-02 3.84987044e+00 0.00000000e+00
  2.68137753e-01 1.11058588e+01 0.00000000e+00 7.43628666e-02
  0.00000000e+00 1.33586302e+01 0.00000000e+00 0.00000000e+00
  1.56271100e+00 3.22136807e+00 5.56701720e-02 0.00000000e+00
  6.34933233e+00 7.12667882e-01 5.12460375e+00 5.05984306e-01
  1.07716203e+00 9.37556648e+00 3.65166521e+00 1.43380940e+00
  0.00000000e+00 1.71127427e+00 7.69718111e-01 2.16413736e-01
  1.06407785e+00 0.00000000e+00 1.34649134e+00 4.78807211e+00
  7.08141029e-01 2.19990234e+01 1.23217630e+00 2.02438807e+00
  1.91422001e-01 4.03410101e+00 8.12937319e-02 2.09920723e-02
  1.48446321e-01 9.07734692e-01 1.23607957e+00 9.24336672e-01
  4.20356989e+00 2.15914226e+00 2.59631491e+00 2.68426806e-01
  1.66843760e+00 1.16169758e+01 0.00000000e+00 4.61740136e-01
  2.62915254e+00 1.43073332e+00 6.57090783e-01 6.55081272e-01
  2.76880312e+00 2.91319704e+00 9.79400539e+00 3.31456304e+00
  5.72973967e-01 1.21676290e+00 9.14899707e-01 1.73921859e+00
  1.00867927e+00 2.58708024e+00 5.79126358e+00 2.60332060e+00
  1.65922785e+00 1.42687082e+00 1.61271989e+00 2.77324748e+00
  0.00000000e+00 0.00000000e+00 1.54848341e-02 3.20555282e+00
  1.34689346e-01 9.43278074e-01 0.00000000e+00 2.29359055e+00
  5.74332666e+00 2.46072721e+00 7.65143251e+00 0.00000000e+00
  6.48922980e-01 3.35650229e+00 0.00000000e+00 2.89022136e+00
  1.01674728e+01 0.00000000e+00 0.00000000e+00 9.00324249e+00
  4.62528706e+00 2.88709736e+00 8.42879772e+00 1.90954387e-01
  7.34089613e-01 0.00000000e+00 2.25127387e+00 0.00000000e+00
  0.00000000e+00 5.49457264e+00 0.00000000e+00 2.93470883e+00
  8.07199669e+00 1.23847270e+00 4.99473619e+00 0.00000000e+00
  4.26598358e+00 1.94473267e+00 1.23764642e-01 0.00000000e+00
  2.04400158e+00 0.00000000e+00 1.98560476e-01 0.00000000e+00
  1.48893937e-01 1.31858718e+00 2.19341323e-01 5.07454515e-01
  4.02567911e+00 1.22736327e-01 2.05315924e+00 2.29371384e-01
  5.72421253e-01 0.00000000e+00 3.69056797e+00 0.00000000e+00
  2.77561736e+00 1.03365812e+01 2.78752780e+00 8.94779265e-01
  3.59777761e+00 2.34079909e+00 6.22091293e-02 2.42509007e-01
  5.19195259e-01 2.75056076e+00 8.28039932e+00 3.75657022e-01
  8.69721234e-01 0.00000000e+00 7.99247324e-01 3.53701401e+00
  8.72067451e-01 2.77994204e+00 5.81672001e+00 1.52016565e-01
  3.79096508e+00 7.19086647e+00 1.02066803e+01 5.29466105e+00
  2.49707967e-01 0.00000000e+00 0.00000000e+00 8.54000568e+00
  1.00222063e+00 1.13740170e+00 2.92552412e-01 2.06354350e-01
  2.65925169e+00 5.43769658e-01 0.00000000e+00 2.93513060e+00
  0.00000000e+00 1.08084404e+00 4.99306589e-01 1.98370755e+00
  2.23465586e+00 1.04366722e+01 2.52866125e+00 3.36775407e-02
  2.90502548e+00 9.96055222e+00 1.54491901e+01 1.37378228e+00
  4.18911362e+00 8.04066896e-01 1.02140045e+01 8.18033516e-01
  3.26595604e-02 0.00000000e+00 3.51961523e-01 1.10585833e+00
  1.22246921e+00 3.71845886e-02 1.56585193e+00 2.92132545e+00
  6.15505099e-01 2.49386525e+00 8.86910915e+00 1.91920829e+00
  4.75562525e+00 5.54723358e+00 2.06821263e-01 4.10520077e+00
  2.71681499e+00 2.07251176e-01 5.65923631e-01 1.43126473e-01
  1.06686264e-01 5.91041946e+00 2.29359418e-01 2.90242004e+00
  4.39667177e+00 4.46533966e+00 1.26925454e-01 1.93062532e+00
  1.60118115e+00 2.82882452e+00 2.89685297e+00 3.81659532e+00
  2.12614560e+00 8.24359035e+00 3.75405002e+00 5.56088305e+00
  5.46761942e+00 4.14679527e+00 0.00000000e+00 7.77781904e-02
  8.99457753e-01 1.10669363e+00 1.87709856e+00 5.31639159e-01
  0.00000000e+00 1.17811036e+00 3.35581690e-01 2.01587871e-01
  5.57319307e+00 2.17207655e-01 1.55826006e-02 6.76356030e+00
  1.79975641e+00 1.33327305e-01 0.00000000e+00 3.35491753e+00
  1.62562060e+00 1.19701326e+00 2.14990664e+00 6.51870394e+00
  1.00685749e+01 2.59611201e+00 3.11066318e+00 6.76853991e+00
  1.46321745e+01 1.13675606e+00 1.14002895e+00 6.03625488e+00
  2.28361201e+00 2.56154752e+00 3.61950254e+00 9.92080986e-01
  0.00000000e+00 0.00000000e+00 1.34484804e+00 1.20345583e+01
  2.27543756e-01 6.08460546e-01 1.66043150e+00 2.94551826e+00
  6.28973961e-01 1.34943396e-01 6.06140733e-01 2.48378921e+00
  4.21172619e+00 2.77917242e+00 4.01503563e+00 1.07505798e+00
  1.84353983e+00 8.30820680e-01 0.00000000e+00 1.73026228e+00
  4.67482567e+00 0.00000000e+00 0.00000000e+00 0.00000000e+00
  0.00000000e+00 0.00000000e+00 1.16194353e-01 9.43650842e-01
  2.53169394e+00 2.11589217e-01 1.13461936e+00 1.20135200e+00
  1.36694658e+00 6.63003588e+00 0.00000000e+00 5.56468010e-01
  3.99379969e+00 9.06454682e-01 1.04488325e+00 5.14840364e+00
  2.36649185e-01 6.07609212e-01 0.00000000e+00 1.71265888e+00
  0.00000000e+00 6.83816099e+00 7.86560917e+00 9.48904753e-01
  1.15046179e+00 1.61295176e-01 8.43792248e+00 0.00000000e+00
  6.74842060e-01 4.70570755e+00 1.92507470e+00 1.00423527e+00
  1.06333904e+01 1.92678583e+00 1.61676133e+00 6.13492250e-01
  2.85150170e+00 3.08338094e+00 5.66286892e-02 3.74930429e+00
  3.42078996e+00 4.11444297e-03 3.88058710e+00 2.41003346e+00
  1.87344551e-02 4.13388852e-03 3.23132706e+00 6.20033360e+00]]