[[9.80306685e-01 1.69756472e+00 5.98107862e+00 2.14744925e-01
  4.29825187e-01 7.43006325e+00 7.25744963e+00 2.86483335e+00
  5.82478428e+00 7.15525150e+00 2.94678330e+00 1.62854600e+00
  8.70975733e-01 3.82506824e+00 3.14310622e+00 1.22201693e+00
  5.31361818e-01 1.43303216e+00 5.68783104e-01 3.68837094e+00
  1.69267488e+00 1.14095249e+01 3.90429592e+00 2.26110649e+00
  8.79036784e-01 6.12419701e+00 1.06751025e+00 6.17355824e-01
  7.80036783e+00 0.00000000e+00 3.95640917e-02 7.31624067e-01
  5.86710691e-01 7.76002359e+00 7.22748101e-01 4.00244623e-01
  4.05049562e-01 1.51990151e+00 6.83718443e+00 4.94286358e-01
  4.02617216e+00 1.49699652e+00 8.87121320e-01 4.56378555e+00
  3.02365780e-01 5.78092098e-01 5.68534470e+00 8.56289387e+00
  5.56202221e+00 1.63298503e-01 4.07116032e+00 8.32089663e-01
  0.00000000e+00 0.00000000e+00 1.01783857e+01 3.67256331e+00
  1.21147859e+00 1.34407806e+00 3.32992578e+00 4.61459696e-01
  0.00000000e+00 1.93204880e-01 4.96039581e+00 4.18665981e+00
  0.00000000e+00 1.51442015e+00 1.01742053e+00 6.14422917e-01
  1.00801003e+00 3.38223481e+00 3.39333773e+00 6.82395101e-01
  9.57834911e+00 5.32162857e+00 3.90973687e+00 1.40736532e+00
  1.67086887e+00 4.81374454e+00 6.06146932e-01 0.00000000e+00
  1.72186601e+00 3.03684306e+00 3.42043996e+00 2.21287155e+00
  9.67919901e-02 2.00064802e+00 2.85460138e+00 2.13049030e+00
  3.72013164e+00 0.00000000e+00 4.55663729e+00 4.60286856e-01
  8.99941325e-01 3.65608311e+00 2.44612336e+00 2.03196257e-01
  3.57919025e+00 4.04592609e+00 9.52959359e-01 4.08397198e+00
  6.59516811e-01 4.70560122e+00 3.26603580e+00 4.96607637e+00
  5.12322068e-01 0.00000000e+00 5.51380575e-01 1.57807827e+00
  7.92396498e+00 3.57331276e+00 3.50311637e-01 4.69766235e+00
  0.00000000e+00 2.62721274e-02 8.81079882e-02 1.48861455e-02
  6.29112816e+00 2.76679707e+00 9.96877730e-01 1.05019724e+00
  5.70062287e-02 7.59846210e-01 0.00000000e+00 2.14163995e+00
  0.00000000e+00 4.66190130e-01 0.00000000e+00 1.06191039e+00
  1.79853773e+00 2.01156158e+01 7.63870835e-01 7.36494422e-01
  5.49227095e+00 1.31327701e+00 4.00938606e+00 1.02309668e+00
  8.21403205e-01 2.01412082e+00 3.03004885e+00 2.68263960e+00
  7.76110888e-01 1.36405504e+00 3.62924151e-02 9.79208171e-01
  3.33447075e+00 6.03845835e-01 3.31561255e+00 1.79106653e-01
  0.00000000e+00 7.10359275e-01 8.71825695e-01 0.00000000e+00
  6.06859922e-01 0.00000000e+00 4.29157782e+00 1.47883165e+00
  0.00000000e+00 6.42448664e+00 1.56735218e+00 1.15970409e+00
  9.81821418e-01 1.76732790e+00 4.90187120e+00 9.22019899e-01
  3.59498119e+00 4.88232660e+00 0.00000000e+00 1.03780642e+01
  1.27385497e+00 6.65239048e+00 7.34046888e+00 1.52393043e+00
  1.00365744e+01 0.00000000e+00 2.54884392e-01 4.40754938e+00
  9.48237441e-03 4.68148994e+00 5.44831181e+00 1.07720127e+01
  9.78782117e-01 2.19324875e+00 1.09008131e+01 1.56622931e-01
  1.00728095e+00 1.49411476e+00 1.60523021e+00 7.50673234e-01
  1.71566963e+00 6.64441729e+00 7.66432524e+00 2.57080406e-01
  0.00000000e+00 1.34604168e+01 5.23688853e-01 9.24305201e-01
  1.69403404e-01 1.56652117e+00 5.63381577e+00 8.22908998e-01
  4.88377523e+00 7.18557549e+00 3.35042030e-01 2.14961410e-01
  3.01922631e+00 1.23483109e+00 3.96568894e-01 2.99061799e+00
  3.87426615e-01 1.23459425e+01 1.15780270e+00 2.96280718e+00
  9.22591984e-01 1.93540072e+00 1.23885028e-01 1.67390239e+00
  0.00000000e+00 7.08740425e+00 1.34132957e+00 1.51662230e+00
  1.86791793e-01 8.50529861e+00 2.06482744e+00 2.05256060e-01
  8.15324020e+00 2.25712228e+00 8.11802864e-01 3.99314356e+00
  3.59778732e-01 8.04133534e-01 0.00000000e+00 2.23541188e+00
  7.81648827e+00 4.95473146e+00 3.22223926e+00 1.52945697e+00
  4.57425690e+00 7.05450201e+00 4.31130886e-01 7.84983349e+00
  6.81386650e-01 1.52410722e+00 1.02950346e+00 2.54099298e+00
  2.40127587e+00 3.98740458e+00 1.38876247e+01 4.37640131e-01
  3.24244356e+00 8.53032398e+00 1.01156485e+00 3.74273562e+00
  4.21710044e-01 4.68658257e+00 1.20551598e+00 9.34889168e-02
  2.44147944e+00 0.00000000e+00 4.95445108e+00 3.70383739e-01
  0.00000000e+00 8.96523774e-01 3.97660621e-02 1.75202727e+00
  1.57825780e+00 0.00000000e+00 2.34758592e+00 1.74002454e-01
  8.23578894e-01 5.98058283e-01 4.01323605e+00 0.00000000e+00
  3.25813985e+00 9.03238475e-01 8.53483140e-01 8.88893425e-01
  8.30867004e+00 3.57165247e-01 6.90789461e-01 2.29431796e+00
  2.97468853e+00 2.17807531e+00 2.07695246e+00 2.60209113e-01
  9.95113611e-01 1.54998958e-01 5.05546093e+00 1.80324006e+00
  3.64607215e+00 6.42959213e+00 3.67334628e+00 5.20027733e+00
  5.04810762e+00 4.55945587e+00 1.03527498e+00 4.47502613e+00
  3.49631381e+00 3.11190915e+00 1.19983983e+00 1.23847878e+00
  4.52812386e+00 5.79731655e+00 3.76051754e-01 0.00000000e+00
  4.33000833e-01 0.00000000e+00 7.09885311e+00 2.29261756e+00
  4.82185602e+00 7.53186882e-01 3.73507762e+00 2.14166090e-01
  6.55474782e-01 3.45363826e-01 2.75713301e+00 3.38511562e+00
  4.81716871e+00 5.95350361e+00 0.00000000e+00 1.92102957e+00
  0.00000000e+00 1.96615887e+00 6.10620856e-01 7.68440306e-01
  2.53757834e+00 1.90286362e+00 7.75555277e+00 2.41475439e+00
  1.63199103e+00 7.20865297e+00 0.00000000e+00 3.43355513e+00
  4.56595957e-01 8.15264416e+00 1.27890182e+00 2.46174312e+00
  6.26792848e-01 4.16978550e+00 2.86418772e+00 5.15825558e+00
  1.45360088e+00 3.17746139e+00 1.87375879e+00 6.53699970e+00
  2.12208128e+00 4.23098993e+00 3.06925273e+00 8.80327046e-01
  2.21592247e-01 1.99009621e+00 6.21139050e-01 9.87726927e-01
  0.00000000e+00 4.48228836e+00 1.00277472e+00 7.14850128e-01
  1.80299759e-01 4.49530458e+00 3.44345719e-01 1.75356460e+00
  4.28593457e-01 4.78417911e-02 3.19487786e+00 3.49267650e+00
  8.13781643e+00 8.34171474e-01 5.03531456e+00 7.71329045e-01
  0.00000000e+00 7.18680859e-01 0.00000000e+00 3.26020527e+00
  4.60604131e-02 5.51438451e-01 5.41677666e+00 1.12728775e+00
  7.72998296e-03 9.53134179e-01 7.56856799e-01 6.54115534e+00
  2.27526879e+00 6.37623215e+00 1.59791872e-01 4.29358244e+00
  1.24290967e+00 2.31706929e+00 5.23967266e-01 9.64935927e-04
  1.61876714e+00 9.73606968e+00 9.46677446e-01 3.45351672e+00
  1.23706017e+01 4.85165358e+00 5.04059196e-01 3.90060091e+00
  1.51448298e+00 1.83736360e+00 1.08425987e+00 1.49948329e-01
  1.47779000e+00 6.91681480e+00 8.09581757e+00 2.92611790e+00
  3.25635815e+00 1.22384858e+00 4.99514550e-01 3.45967442e-01
  3.99619481e-03 1.60174012e-01 2.62744784e+00 3.44470024e+00
  0.00000000e+00 1.48348224e+00 0.00000000e+00 3.17648798e-02
  2.19293669e-01 5.02420187e-01 3.67861867e+00 8.80380917e+00
  3.48804736e+00 2.71042871e+00 2.96747327e+00 2.77261353e+00
  3.88493448e-01 1.40904999e+00 5.16587734e-01 1.33623028e+00
  1.04202080e+01 3.33885461e-01 4.41491032e+00 4.15297151e-01
  1.14363966e+01 2.70221186e+00 1.08685923e+00 2.87507439e+00
  0.00000000e+00 7.09564686e-01 3.39022666e-01 2.22535968e-01
  4.73718017e-01 2.94257402e-02 0.00000000e+00 3.41337490e+00
  6.80413842e-01 3.90544862e-01 1.26699429e+01 1.01755059e+00
  0.00000000e+00 2.38761353e+00 7.59978175e-01 4.13814640e+00
  3.23527545e-01 2.27521205e+00 2.25481439e+00 1.02170146e+00
  8.13458264e-01 9.98372614e-01 1.92775667e+00 3.61978054e+00
  3.49299371e-01 4.88742542e+00 4.91281128e+00 1.42172799e-01
  0.00000000e+00 1.68393505e+00 3.32083106e+00 5.37892461e-01
  3.41615272e+00 1.24643457e+00 9.96192157e-01 0.00000000e+00
  1.60846758e+00 3.28939033e+00 1.30965185e+00 2.63292766e+00
  3.54430288e-01 2.81739688e+00 6.29714537e+00 2.08123612e+00
  5.60665560e+00 0.00000000e+00 1.31326663e+00 2.23505425e+00
  5.13302374e+00 2.61381239e-01 1.49056447e+00 1.03508747e+00
  4.11636400e+00 1.42292702e+00 3.96954656e+00 9.19604719e-01
  2.09540510e+00 5.08706808e+00 2.59610319e+00 9.43843305e-01
  4.96376753e+00 3.03385282e+00 3.88632131e+00 4.65075541e+00
  2.70356584e+00 3.88115346e-01 5.78738749e-01 2.70161200e+00
  6.57374334e+00 2.28813958e+00 1.64001560e+00 5.22685623e+00
  1.12037933e+00 5.31360924e-01 1.79351771e+00 7.53899002e+00]]