[[1.80936885e+00 0.00000000e+00 7.14039326e+00 1.65376335e-01
  3.23890269e-01 1.24423552e+00 9.97633815e-01 1.69098711e+00
  2.16803288e+00 4.26669382e-02 2.48726869e+00 2.64868546e+00
  4.08567238e+00 2.62805057e+00 1.21026099e+00 6.81010103e+00
  0.00000000e+00 2.25582078e-01 0.00000000e+00 3.68080711e+00
  1.15376782e+00 5.30114889e+00 5.73791265e-01 3.83191490e+00
  0.00000000e+00 6.22812891e+00 2.20372057e+00 7.51576900e-01
  4.86207294e+00 1.58154871e-02 0.00000000e+00 0.00000000e+00
  7.79892015e+00 3.01992869e+00 5.54408967e-01 5.02351427e+00
  2.72335911e+00 1.90232620e-02 3.71366978e+00 3.96163249e+00
  5.73818541e+00 5.29013276e-01 3.68291306e+00 4.19817686e+00
  0.00000000e+00 1.85921025e+00 3.49573469e+00 7.00275481e-01
  2.80012894e+00 0.00000000e+00 2.45501661e+00 6.89899027e-01
  2.52837744e-02 6.62697032e-02 2.79137945e+00 3.13024592e+00
  1.38944852e+00 1.45860851e+00 1.31527460e+00 3.11447442e-01
  5.02249241e-01 1.07535458e+00 9.92294693e+00 4.52008677e+00
  6.65922835e-02 2.73581356e-01 9.44558382e-01 5.11528812e-02
  8.47570479e-01 1.95080924e+00 5.66713549e-02 5.87239313e+00
  1.67065346e+00 7.26445675e+00 4.11626607e-01 3.94672537e+00
  7.40676403e-01 4.49902487e+00 1.52461023e+01 2.42958903e-01
  1.21267959e-02 3.04296780e+00 2.38267827e+00 2.15961528e+00
  1.16129488e-01 1.20631504e+00 1.33961427e+00 2.76875138e+00
  1.17808235e+00 5.08489311e-01 4.64221478e+00 0.00000000e+00
  2.38070175e-01 3.60599899e+00 8.17733097e+00 8.49076867e-01
  5.07125425e+00 3.62816721e-01 5.15673161e+00 1.07278280e+01
  4.57927227e-01 1.51994801e+00 2.05213666e+00 6.55062377e-01
  0.00000000e+00 1.90731466e+00 0.00000000e+00 1.92483938e+00
  5.21099901e+00 3.97240090e+00 6.62418365e-01 1.05322704e-01
  4.47535723e-01 0.00000000e+00 8.73087406e-01 6.57397509e-01
  5.25994444e+00 2.17208052e+00 2.13741040e+00 1.47199857e+00
  5.40664494e-01 1.65764463e+00 5.87760985e-01 4.15059662e+00
  9.33851242e+00 4.33214140e+00 0.00000000e+00 0.00000000e+00
  3.06593418e+00 2.46371555e+00 1.28437117e-01 1.15370283e+01
  5.34477472e+00 2.13589406e+00 4.68844652e-01 2.09403825e+00
  1.14101961e-01 9.10771936e-02 1.18757498e+00 0.00000000e+00
  1.00576515e+01 5.57512879e-01 8.64336714e-02 4.86970282e+00
  6.56030059e-01 1.78664684e+00 3.55151844e+00 6.23646855e-01
  1.77012190e-01 8.74458790e-01 0.00000000e+00 0.00000000e+00
  4.93824720e-01 2.68453866e-01 5.03671503e+00 0.00000000e+00
  0.00000000e+00 2.89051032e+00 8.06277156e-01 9.77671742e-01
  8.93984914e-01 1.20894268e-01 3.62011218e+00 3.41526002e-01
  6.49491549e+00 8.12624645e+00 0.00000000e+00 5.97348881e+00
  1.42917323e+00 1.66040659e+00 2.64629531e+00 8.03574944e+00
  7.88845253e+00 2.76386827e-01 8.59389186e-01 3.47239971e+00
  6.73918724e+00 0.00000000e+00 1.77991986e+00 1.19518542e+00
  2.89157093e-01 0.00000000e+00 3.88280845e+00 2.18134880e+00
  4.13759995e+00 9.30929780e-01 5.10150814e+00 3.02497172e+00
  2.49862522e-01 1.81625628e+00 2.71830177e+00 2.33232498e-01
  0.00000000e+00 1.22716351e+01 1.29627573e+00 1.47704709e+00
  4.42267609e+00 2.97068453e+00 1.00078506e+01 0.00000000e+00
  3.97952032e+00 3.93193460e+00 7.98035502e-01 5.64877892e+00
  6.58237123e+00 1.04812741e+00 5.15134859e+00 2.32887173e+00
  2.29913163e+00 1.01339207e+01 1.98105168e+00 2.12412572e+00
  2.84574866e+00 2.40955019e+00 1.32790685e+00 2.10265160e+00
  0.00000000e+00 6.44094276e+00 8.52070570e-01 1.34876978e+00
  3.02754045e+00 4.80147219e+00 9.67945933e-01 0.00000000e+00
  2.94879460e+00 7.72697353e+00 6.50492287e+00 8.17348480e+00
  0.00000000e+00 1.01120043e+00 2.60766125e+00 5.20787907e+00
  1.85299647e+00 5.03795767e+00 7.96826705e-02 0.00000000e+00
  0.00000000e+00 2.58411188e-03 2.25554213e-01 3.21961379e+00
  1.23801339e+00 8.98771361e-02 2.23964882e+00 9.38156509e+00
  9.76752024e-03 7.29828119e-01 9.67947674e+00 6.10225081e-01
  8.04912865e-01 1.43109446e+01 4.71177769e+00 1.07232070e+00
  3.53910041e+00 2.33825040e+00 2.12831235e+00 1.66319394e+00
  0.00000000e+00 4.30935681e-01 5.08177519e+00 3.32673669e-01
  2.02321792e+00 2.81797576e+00 6.02089643e-01 7.71805763e-01
  4.65828133e+00 0.00000000e+00 7.71591216e-02 1.07395327e+00
  5.26304102e+00 5.70991576e-01 6.88298416e+00 4.79905158e-02
  2.45596027e+00 2.73343015e+00 9.71516800e+00 2.29268193e+00
  4.49838114e+00 4.66967493e-01 6.22015968e-02 0.00000000e+00
  4.59255409e+00 2.35728121e+00 0.00000000e+00 1.13779247e+00
  5.32175350e+00 1.00312889e+00 2.99346328e+00 6.00393105e+00
  4.75877762e-01 4.08008766e+00 0.00000000e+00 5.91303825e-01
  3.52672410e+00 7.32046986e+00 2.23085618e+00 1.49891460e+00
  0.00000000e+00 2.13910079e+00 2.08478713e+00 1.19883788e+00
  5.18728304e+00 9.36141682e+00 2.29409528e+00 7.92766631e-01
  0.00000000e+00 1.63164866e+00 8.34881440e-02 1.37629747e+00
  1.36621606e+00 1.94182980e+00 5.72203732e+00 7.68034124e+00
  2.39702535e+00 4.52259183e-01 2.68406719e-01 2.15045238e+00
  1.66500759e+00 6.27781200e+00 0.00000000e+00 4.45795727e+00
  1.71254885e+00 5.85237455e+00 1.77404702e+00 5.56535435e+00
  4.70676690e-01 3.84726763e+00 3.69945979e+00 3.49598765e+00
  5.56583595e+00 2.09699368e+00 3.66450660e-02 1.30271971e+00
  1.63280100e-01 4.40005589e+00 2.22048426e+00 1.82817066e+00
  3.20084715e+00 1.32862461e+00 6.75232601e+00 1.72283578e+00
  2.37409496e+00 1.06701040e+00 1.19243681e+00 2.73026443e+00
  2.43728113e+00 9.97151971e-01 3.00307131e+00 5.80956757e-01
  0.00000000e+00 4.91560996e-02 7.09155854e-03 3.11014891e+00
  1.39385700e+00 4.92695242e-01 1.87140775e+00 5.16832709e-01
  1.61407962e-01 1.16818638e+01 1.57079577e-01 1.33304751e+00
  9.85936403e-01 0.00000000e+00 5.11653090e+00 2.26166844e+00
  3.91958404e+00 9.98604655e-01 1.13027248e+01 1.33204252e-01
  0.00000000e+00 0.00000000e+00 1.05357997e-01 4.43197298e+00
  3.51516557e+00 3.03512883e+00 5.79986715e+00 2.76571035e-01
  4.65407419e+00 6.02341127e+00 0.00000000e+00 9.72519588e+00
  4.87519979e+00 1.45980120e+00 2.60932255e+00 1.70748174e+00
  3.12124825e+00 9.62421179e-01 1.05814302e+00 1.61908400e+00
  8.50410238e-02 1.21609235e+00 4.69210482e+00 7.40215731e+00
  3.97174478e+00 5.07686436e-01 2.62329131e-01 1.82676506e+00
  6.17239141e+00 2.51872271e-01 1.52972662e+00 3.37160856e-01
  8.40365887e-01 1.56595411e+01 2.97653508e+00 5.36145878e+00
  6.13468456e+00 6.21356583e+00 3.01262051e-01 8.74641001e-01
  5.02292693e-01 0.00000000e+00 6.25171089e+00 5.91188297e-02
  0.00000000e+00 2.67718387e+00 6.84793219e-02 2.24678159e+00
  1.35669500e-01 1.43179357e+00 1.84316397e+00 3.10193825e+00
  4.03093672e+00 9.72104311e-01 1.12880411e+01 3.32061338e+00
  0.00000000e+00 3.62825125e-01 2.61985874e+00 1.12057760e-01
  2.70292997e+00 1.38659918e+00 4.77112532e+00 0.00000000e+00
  1.37385187e+01 1.50182021e+00 2.81016946e-01 0.00000000e+00
  4.74874139e-01 1.12357533e+00 1.53719532e+00 1.46122801e+00
  1.02995193e+00 0.00000000e+00 5.23892045e-02 9.59249878e+00
  2.03394845e-01 2.00805478e-02 4.82065964e+00 1.35504651e+00
  3.49530093e-02 4.86096255e-02 0.00000000e+00 6.63140297e+00
  1.57882595e+00 3.27817917e+00 1.42487800e+00 1.45130861e+00
  1.52917311e-01 6.85764134e-01 1.99693310e+00 2.61694286e-02
  2.02670947e-01 9.81701314e-01 6.63779736e-01 1.26316398e-01
  5.13441372e+00 5.69123149e-01 6.70785606e-01 1.43508828e+00
  6.32764006e+00 1.59875929e+00 1.48561060e+00 1.83608043e+00
  1.86646473e+00 5.87607765e+00 0.00000000e+00 4.54761219e+00
  1.64260790e-01 6.06240225e+00 1.77213681e+00 2.15591252e-01
  6.16298139e-01 9.46370661e-01 2.15828323e+00 2.48675823e+00
  2.20622659e+00 1.06078637e+00 0.00000000e+00 2.17113566e+00
  1.93508065e+00 0.00000000e+00 3.78303409e+00 4.51075792e+00
  2.57137632e+00 5.81865025e+00 3.75985718e+00 1.86906850e+00
  3.55872184e-01 7.38359785e+00 2.31825280e+00 6.88606024e+00
  1.89998131e-02 2.84336734e+00 8.46665764e+00 4.15358007e-01
  3.46518135e+00 5.06224632e-01 7.99201667e-01 7.53130078e-01
  5.92714643e+00 1.30939126e+00 4.89649713e-01 2.86550212e+00]]