[[4.54968125e-01 6.56250566e-02 7.08873034e+00 3.74093652e-01
  4.00335163e-01 2.36417675e+00 1.03032994e+00 5.92265463e+00
  7.94521868e-01 1.50423133e+00 4.13689137e+00 3.86085987e-01
  3.37496543e+00 4.03305864e+00 0.00000000e+00 2.30446792e+00
  2.94160068e-01 4.90709543e-01 8.96387935e-01 1.63883376e+00
  4.93432015e-01 5.88450527e+00 2.62681651e+00 2.12307620e+00
  2.07099646e-01 1.36895835e+00 1.88604701e+00 4.23036194e+00
  9.59430277e-01 3.48693192e-01 1.35189974e+00 2.66701031e+00
  7.66386390e-01 3.11893225e+00 0.00000000e+00 0.00000000e+00
  4.46248084e-01 1.16446748e-01 1.42165530e+00 3.31215835e+00
  1.09645672e+01 1.46378055e-01 9.76206884e-02 4.22701263e+00
  0.00000000e+00 3.34710479e+00 2.42731142e+00 5.79635048e+00
  4.55171251e+00 6.86149180e-01 1.34818077e+00 3.12791228e+00
  1.11933541e+00 3.06345344e+00 3.71592522e+00 1.52663529e+00
  1.95546818e+00 1.96476555e+00 1.53017268e-01 0.00000000e+00
  8.89008045e-01 4.36540335e-01 5.17564964e+00 3.15248704e+00
  2.02733427e-01 3.69342279e+00 1.15147695e-01 2.67770976e-01
  8.01769674e-01 2.25568485e+00 1.25303545e+01 5.87189913e-01
  2.23842192e+00 1.15129728e+01 1.52263856e+00 6.47561073e-01
  2.44858074e+00 4.90917253e+00 4.42463636e-01 1.56569278e+00
  1.11264598e+00 3.56868863e-01 1.21450596e+01 3.35710335e+00
  2.12725282e+00 7.13691235e+00 1.19516289e+00 1.96996260e+00
  1.39732325e+00 0.00000000e+00 8.31998444e+00 0.00000000e+00
  0.00000000e+00 1.76856351e+00 3.58775806e+00 3.60935926e-01
  3.61797363e-01 1.48922431e+00 6.05131578e+00 2.48425913e+00
  1.50281215e+00 6.10293686e-01 5.59063148e+00 8.13480377e+00
  0.00000000e+00 0.00000000e+00 1.24177814e+00 7.71593034e-01
  3.65709972e+00 3.51465011e+00 0.00000000e+00 1.00229144e+00
  0.00000000e+00 4.45338011e-01 4.34125811e-01 1.35855347e-01
  4.76875162e+00 2.04992846e-01 1.42005622e+00 4.37353134e+00
  8.28196764e-01 4.53927469e+00 2.65643358e-01 2.64194155e+00
  2.96078742e-01 1.76357126e+00 7.92231917e-01 1.55345872e-01
  1.03585906e-01 1.64497871e+01 1.92253840e+00 2.49365121e-01
  5.60429287e+00 7.74397516e+00 4.08454895e-01 9.53076422e-01
  0.00000000e+00 7.11841974e-03 6.35493565e+00 2.28206468e+00
  1.12921417e+00 1.41967368e+00 1.97276604e+00 4.08462000e+00
  9.38350737e-01 2.60131091e-01 3.95106578e+00 2.15262866e+00
  1.19256556e+00 2.64727354e+00 1.20164290e-01 2.59502435e+00
  1.35978961e+00 0.00000000e+00 1.44644320e-01 4.12571955e+00
  8.87230337e-01 0.00000000e+00 5.40613353e-01 1.99817348e+00
  1.16369951e+00 1.79673731e+00 2.85801053e+00 2.67369390e+00
  1.18679082e+00 6.84858263e-01 5.67743229e-03 1.64802265e+00
  1.21404883e-02 5.91663182e-01 1.99705750e-01 2.79302180e-01
  7.71465635e+00 1.10408087e+01 2.57418656e+00 1.74021614e+00
  0.00000000e+00 0.00000000e+00 5.02767563e+00 9.00288373e-02
  5.26890659e+00 1.04865885e+00 3.23315889e-01 9.11788166e-01
  3.41638565e+00 1.19873500e+00 3.32728446e-01 2.39112139e-01
  2.07032037e+00 9.28391171e+00 2.96580696e+00 5.16749620e-01
  2.75769281e+00 3.29558635e+00 2.36039549e-01 2.15534195e-01
  6.54118121e-01 1.57921863e+00 5.05180597e+00 1.58604443e-01
  8.38625336e+00 1.20052040e+00 8.89178753e-01 6.19507313e-01
  2.54265809e+00 4.27762651e+00 1.18705142e+00 4.62747955e+00
  2.46773586e-01 1.17357740e+01 0.00000000e+00 1.19026983e+00
  2.24158734e-01 1.82139063e+00 5.12432432e+00 0.00000000e+00
  1.18336022e+00 0.00000000e+00 8.26908290e-01 2.16525245e+00
  5.14264965e+00 3.60678601e+00 9.02372742e+00 1.76438004e-01
  2.33522868e+00 1.23244977e+00 7.73045182e-01 4.13947392e+00
  8.59216571e-01 2.71723449e-01 3.50237465e+00 1.84915912e+00
  8.18729782e+00 3.71502697e-01 6.90936267e-01 0.00000000e+00
  5.52410841e+00 3.63361812e+00 5.33944225e+00 2.69762039e+00
  2.76394099e-01 5.53059578e-01 8.15085411e+00 5.90182924e+00
  2.18918324e+00 1.02634201e+01 6.60446787e+00 7.34767532e+00
  3.13768172e+00 0.00000000e+00 0.00000000e+00 6.06719255e-01
  2.33736658e+00 4.67766953e+00 2.21530938e+00 0.00000000e+00
  2.76255697e-01 2.35437727e+00 2.43791533e+00 3.45960975e+00
  2.50298053e-01 8.22758436e-01 4.12253523e+00 1.46564230e-01
  3.65040112e+00 0.00000000e+00 8.03926960e-02 4.47519875e+00
  5.88812923e+00 3.40352392e+00 3.08893871e+00 1.70174980e+00
  4.51038074e+00 1.80031264e+00 0.00000000e+00 3.05757213e+00
  9.06901169e+00 0.00000000e+00 2.77658701e-01 7.79220819e-01
  4.69583178e+00 1.73096216e+00 1.57127266e+01 8.84824157e-01
  2.12952226e-01 7.12653339e-01 4.39166355e+00 1.67274463e+00
  1.10545337e+00 6.18011236e+00 4.20202017e+00 3.22345614e-01
  1.67148030e+00 1.72053587e+00 2.38414860e+00 1.75639451e+00
  0.00000000e+00 3.70574653e-01 0.00000000e+00 7.89898038e-02
  0.00000000e+00 2.04239154e+00 6.44197845e+00 4.14617628e-01
  2.18673682e+00 1.36387265e+00 2.40629435e+00 4.33143234e+00
  8.37413371e-01 5.91815293e-01 6.45410013e+00 6.55832100e+00
  2.19674706e-01 8.41071010e-01 5.51353359e+00 6.07006788e-01
  4.62794018e+00 1.00678072e+01 5.64682066e-01 5.64509273e-01
  0.00000000e+00 6.02787673e-01 3.31758499e+00 2.98865348e-01
  3.44070649e+00 1.36172497e+00 8.65514946e+00 5.10210633e-01
  2.96434736e+00 1.69865668e+00 8.47257435e-01 5.78746319e+00
  7.23844826e-01 1.39692926e+00 2.51521683e+00 9.44830418e+00
  2.01793909e+00 6.46279097e+00 4.77898693e+00 1.39318907e+00
  3.89264297e+00 6.52297810e-02 2.53599310e+00 9.59528685e-01
  1.32020712e+00 1.39023292e+00 2.98310971e+00 2.28244156e-01
  4.09226990e+00 0.00000000e+00 2.22987080e+00 0.00000000e+00
  1.37908125e+00 7.14529216e-01 3.43474245e+00 3.85829210e-01
  0.00000000e+00 4.96843863e+00 3.06648159e+00 9.23863769e-01
  2.87835479e+00 0.00000000e+00 1.56469513e-02 3.81726360e+00
  1.04158239e+01 6.49198055e+00 3.35431290e+00 2.93737113e-01
  1.25813210e+00 2.03589034e+00 0.00000000e+00 3.48758531e+00
  1.88453734e+00 2.66767114e-01 3.64019966e+00 5.15647948e-01
  6.18172228e-01 1.62195075e+00 2.91668797e+00 1.36029398e+00
  1.51592267e+00 4.19934082e+00 3.93992233e+00 1.65904152e+00
  0.00000000e+00 5.92240095e-01 3.38783288e+00 7.94922471e-01
  9.61096108e-01 3.35252547e+00 2.86339313e-01 3.47550392e+00
  1.32625186e+00 2.16701984e+00 8.06360304e-01 3.86467147e+00
  1.28379655e+00 2.99394941e+00 8.84499192e-01 2.12812710e+00
  7.77552938e+00 9.81086195e-01 2.17944527e+00 7.20237494e+00
  1.05234118e+01 6.06034756e-01 3.51288986e+00 1.57311976e+00
  1.07039295e-01 0.00000000e+00 1.82839119e+00 4.81448317e+00
  2.86808348e+00 0.00000000e+00 2.62852144e+00 1.99517146e-01
  3.36300395e-02 7.18815863e-01 2.90890265e+00 6.46708310e-01
  0.00000000e+00 9.07435358e-01 5.64010143e-01 1.07847672e+01
  1.98712814e+00 2.13963962e+00 3.47833061e+00 1.23975325e+00
  5.14422715e-01 3.63572288e+00 1.46793985e+00 4.98255157e+00
  2.04523492e+00 1.69807243e+00 1.40403569e-01 3.76057339e+00
  1.99276015e-01 1.99425650e+00 2.47961596e-01 3.16993445e-01
  0.00000000e+00 0.00000000e+00 3.73743445e-01 9.19029474e-01
  2.66914070e-01 0.00000000e+00 4.59034830e-01 4.67841476e-01
  1.35535729e+00 1.03747118e+00 0.00000000e+00 2.73031187e+00
  1.43121898e+00 4.95026875e+00 1.19913208e+00 0.00000000e+00
  9.16685390e+00 3.59272867e-01 2.61718130e+00 3.21065044e+00
  0.00000000e+00 3.27394724e+00 7.35443458e-02 4.15240616e-01
  0.00000000e+00 1.74788725e+00 1.65939033e-01 6.60916519e+00
  1.93794930e+00 3.65636897e+00 1.82764673e+00 5.07512045e+00
  1.97645819e+00 1.17363939e+01 1.09335976e+01 2.89346069e-01
  5.04744053e-01 1.25559068e+00 2.51587963e+00 1.14018893e+00
  2.34662747e+00 4.08707333e+00 1.30514538e+00 3.01100445e+00
  1.89335942e+00 0.00000000e+00 3.21960735e+00 1.12233388e+00
  1.91705287e+00 1.40264237e+00 3.41256833e+00 3.74767017e+00
  1.07493055e+00 1.23274958e+00 2.36401796e+00 2.13837242e+00
  0.00000000e+00 7.89417267e+00 1.73037395e-01 3.05532604e-01
  3.82526660e+00 1.00625551e+00 1.99855614e+00 2.39953780e+00
  2.31244183e+00 6.68744147e-01 1.10225983e+01 2.39173460e+00
  2.23856258e+00 7.06636548e-01 4.62048483e+00 3.24192405e+00]]