[[2.84845829e-01 5.31455755e-01 2.21297836e+00 1.17135143e+00
  7.63851643e-01 3.08982682e+00 2.28255630e+00 2.50665045e+00
  1.23585558e+00 2.22452474e+00 2.37324333e+00 5.70104897e-01
  1.22796750e+00 7.17722225e+00 1.09847164e+00 1.42751908e+00
  7.86968172e-02 1.53755355e+00 4.67612408e-02 2.06006050e+00
  4.81443375e-01 8.82578313e-01 3.16628218e+00 9.23923206e+00
  1.77582473e-01 6.09592533e+00 7.84738183e-01 0.00000000e+00
  2.53471303e+00 1.61128402e-01 1.25575924e+00 0.00000000e+00
  1.27234423e+00 5.71795988e+00 6.78623915e-01 9.08709168e-02
  2.07052279e+00 0.00000000e+00 5.76184559e+00 2.02964044e+00
  3.99607134e+00 8.12025785e-01 3.34554887e+00 5.28248310e+00
  0.00000000e+00 2.62405300e+00 7.66660273e-01 1.87354064e+00
  4.43633795e+00 4.58770370e+00 9.70613182e-01 0.00000000e+00
  0.00000000e+00 6.20081663e-01 1.26194000e+00 1.45827425e+00
  5.04182100e+00 4.30779791e+00 4.68125677e+00 2.37090826e+00
  1.84673703e+00 4.03838539e+00 9.00121975e+00 4.41507006e+00
  3.10669780e+00 2.29388118e+00 0.00000000e+00 8.26061547e-01
  2.52384830e+00 1.28535450e+00 1.85491538e+00 3.96636367e+00
  0.00000000e+00 9.33328724e+00 7.36167955e+00 2.31665492e+00
  2.95259774e-01 1.22538276e-01 1.28390491e+00 2.15506721e+00
  7.99638152e-01 2.91046953e+00 1.16273868e+00 5.63015461e-01
  6.19333446e-01 9.07903481e+00 2.30233893e-02 2.23521098e-01
  2.90295935e+00 1.23440146e-01 1.38895550e+01 2.75075555e+00
  3.00004482e+00 2.21823287e+00 6.98947287e+00 8.56959000e-02
  2.11357760e+00 2.21716547e+00 2.78926682e+00 5.68117332e+00
  2.65224814e+00 1.97618568e+00 1.19012527e+01 3.61902285e+00
  0.00000000e+00 2.05056950e-01 5.67789339e-02 1.24247879e-01
  2.94073081e+00 4.90715170e+00 1.54746246e+00 3.08107638e+00
  1.02733290e+00 7.86180139e-01 0.00000000e+00 9.58025396e-01
  8.24094582e+00 4.53844643e+00 2.70080400e+00 2.51394796e+00
  4.10208881e-01 2.03545690e+00 5.92381321e-02 8.35566807e+00
  1.85233188e+00 1.08071601e+00 6.14391491e-02 2.69457281e-01
  0.00000000e+00 1.33638191e+01 6.43678606e-02 4.89318943e+00
  1.58378487e+01 1.07819963e+00 3.75962466e-01 4.88004893e-01
  1.38515055e+00 3.84807611e+00 5.81254292e+00 1.91426125e+01
  4.74619567e-02 4.90339160e-01 2.37478063e-01 2.61113310e+00
  9.94475901e-01 1.88281155e+00 1.62288582e+00 7.97442555e-01
  0.00000000e+00 1.34580493e+00 4.83650491e-02 4.92234707e+00
  1.05273938e+00 0.00000000e+00 5.98354340e-01 1.39572048e+00
  2.25439143e+00 1.69485593e+00 5.55696368e-01 6.84979248e+00
  4.80775595e+00 8.48036194e+00 1.99227786e+00 1.23302527e-01
  4.21415091e+00 4.78089762e+00 4.73811664e-02 2.18638229e+00
  3.30028646e-02 1.84023523e+00 2.10889168e-02 3.34395432e+00
  5.74095488e+00 1.89852822e+00 3.39551497e+00 2.16299796e+00
  5.15754037e-02 5.12021035e-02 1.08602371e+01 1.96850896e+00
  8.86526167e-01 2.77023703e-01 4.31725931e+00 0.00000000e+00
  1.49459696e+00 0.00000000e+00 7.37551403e+00 3.31832004e+00
  3.26462913e+00 1.10916262e+01 4.85574722e+00 0.00000000e+00
  1.92718589e+00 1.94043064e+00 1.15160918e+00 5.14952004e-01
  5.09560013e+00 4.13401413e+00 1.42995377e+01 0.00000000e+00
  9.21029186e+00 2.37824941e+00 1.15157962e+00 9.59019586e-02
  8.02252102e+00 3.05500102e+00 2.63363481e+00 4.71467113e+00
  7.85050690e-01 5.52025747e+00 1.39473975e+00 7.94195890e-01
  0.00000000e+00 5.78539801e+00 2.31695414e-01 5.26446030e-02
  1.47012621e-01 2.33806229e+00 1.87138987e+00 1.22475076e+00
  4.06345558e+00 2.51836228e+00 1.13843095e+00 0.00000000e+00
  2.07066774e+00 3.18588018e+00 6.67551756e-01 1.89500347e-01
  4.14709091e-01 2.79205894e+00 2.70395279e+00 3.84741831e+00
  4.60952997e+00 6.47219598e-01 1.71323001e+00 0.00000000e+00
  3.27786851e+00 2.45677471e+00 6.88049316e-01 2.57791066e+00
  2.99163640e-01 1.95783436e-01 4.66031939e-01 1.92640686e+00
  8.62197876e-01 1.07708702e+01 7.21848154e+00 1.44222808e+00
  2.98595619e+00 7.45456398e-01 2.62890387e+00 8.27799261e-01
  2.83473492e-01 3.45215678e+00 3.65737939e+00 2.01800346e-01
  1.48273635e+00 1.06116474e+00 3.97705603e+00 5.95565081e-01
  8.90672207e-01 8.85991454e-01 5.91526866e-01 0.00000000e+00
  6.00971222e-01 0.00000000e+00 1.24781631e-01 1.46612954e+00
  4.47252226e+00 2.40368772e+00 4.51669979e+00 7.35956371e-01
  5.82508147e-01 1.14426029e+00 8.33719254e+00 2.13967609e+00
  9.19265842e+00 4.99213874e-01 1.31564662e-01 4.67430264e-01
  4.44808102e+00 3.09316206e+00 4.12002230e+00 2.36145592e+00
  2.62198806e+00 5.23493469e-01 6.19165421e+00 6.31672812e+00
  4.80381310e-01 5.77914286e+00 2.57295519e-01 2.57775575e-01
  7.90735912e+00 4.06445646e+00 4.98698282e+00 1.87924671e+00
  2.45929450e-01 0.00000000e+00 7.48305321e-01 2.39627570e-01
  4.21279252e-01 7.53580523e+00 7.22394943e+00 1.47189391e+00
  3.45316738e-01 3.72460365e+00 2.68364143e+00 6.60873652e-01
  3.74985766e+00 1.79504260e-01 3.57260656e+00 6.24004507e+00
  3.17435122e+00 6.44980446e-02 7.80313730e+00 3.47967356e-01
  8.59890401e-01 8.71099281e+00 5.32876194e-01 2.06774163e+00
  1.37586105e+00 1.13148606e+00 1.56502068e+00 1.96697652e+00
  1.00479341e+00 7.49597847e-01 6.15248394e+00 4.87185299e-01
  2.38440895e+00 1.09364128e+00 4.77765836e-02 3.79222918e+00
  2.05494189e+00 2.74242163e+00 2.49755549e+00 1.22690382e+01
  3.25757837e+00 8.04556179e+00 7.59952831e+00 1.44348109e+00
  8.02769125e-01 2.71450847e-01 3.03249741e+00 4.37404394e+00
  5.57457685e-01 1.16203189e+00 3.73558998e+00 0.00000000e+00
  5.49473000e+00 3.08010243e-02 0.00000000e+00 5.02703607e-01
  0.00000000e+00 2.28112459e+00 2.05128312e+00 6.87690735e-01
  8.08881223e-02 5.36917162e+00 2.32470465e+00 3.28349084e-01
  1.48931370e+01 5.30667119e-02 0.00000000e+00 6.84769750e-01
  5.77466774e+00 3.77214146e+00 2.14358449e+00 5.29091358e-01
  2.26554418e+00 6.66020632e-01 9.66454625e-01 0.00000000e+00
  0.00000000e+00 7.82108974e+00 2.94963694e+00 1.15398979e+00
  8.83123353e-02 2.11748576e+00 6.73047423e-01 3.82738972e+00
  1.39607420e+01 6.81966734e+00 5.85772705e+00 1.77287412e+00
  1.37080121e+00 5.15305662e+00 4.80478078e-01 4.06434722e-02
  2.48332486e-01 4.53142738e+00 8.03131521e-01 3.03507590e+00
  3.90499711e+00 4.28154707e-01 2.04684496e+00 2.62933278e+00
  3.26744413e+00 2.27819276e+00 3.57785010e+00 2.18858886e+00
  2.42913651e+00 2.25061870e+00 2.03775501e+00 1.30894578e+00
  8.34678841e+00 2.77717090e+00 7.72661304e+00 5.15520722e-02
  0.00000000e+00 2.83703732e+00 1.74863172e+00 8.42639446e+00
  0.00000000e+00 0.00000000e+00 2.39096686e-01 3.85363519e-01
  3.51573467e-01 2.35614610e+00 0.00000000e+00 2.11567712e+00
  8.44119936e-02 3.22176635e-01 3.44767380e+00 9.88149071e+00
  1.85048819e+00 1.91931617e+00 3.84116101e+00 8.40667915e+00
  3.47167945e+00 4.12736475e-01 6.01737595e+00 3.05217361e+00
  1.56711073e+01 3.67363310e+00 4.20738533e-02 3.45515347e+00
  5.83907187e-01 4.50990152e+00 5.25429547e-01 3.69994831e+00
  0.00000000e+00 1.04404914e+00 1.87421858e+00 1.02950609e+00
  2.16061890e-01 2.92198271e-01 2.41452956e+00 8.51372302e-01
  1.11551678e+00 2.26775837e+00 4.85940903e-01 3.07957864e+00
  7.74440348e-01 2.05431199e+00 8.38685322e+00 8.14871550e-01
  2.41138387e+00 4.57870722e-01 1.96589375e+00 5.39722300e+00
  2.36645484e+00 1.94707036e+00 1.99204516e+00 1.32277787e-01
  4.30933428e+00 1.56052947e+00 5.90798794e-04 1.42569172e+00
  8.28724289e+00 4.28342724e+00 1.43601209e-01 3.90189075e+00
  1.22048140e+00 5.77258492e+00 4.81451303e-03 1.45477438e+00
  0.00000000e+00 2.44300723e+00 2.63952672e-01 9.38380957e-01
  2.22810936e+00 6.95718527e+00 2.35005999e+00 1.05813351e+01
  0.00000000e+00 4.60462958e-01 6.09253109e-01 2.59590536e-01
  3.21708274e+00 6.18440151e-01 5.59366417e+00 4.49262333e+00
  5.37627745e+00 1.95091212e+00 8.00363922e+00 8.37719738e-01
  1.78485322e+00 2.99646783e+00 2.24581981e+00 5.65654469e+00
  3.15729141e+00 9.47393835e-01 6.71778083e-01 1.36074945e-01
  3.71951520e-01 1.38870001e+00 4.77340317e+00 0.00000000e+00
  2.82077646e+00 8.91184807e-01 5.64116049e+00 5.81980371e+00]]