[[4.55624014e-01 3.47393560e+00 6.67131948e+00 0.00000000e+00
  7.36301482e-01 1.71896219e+00 4.58702326e+00 2.57490563e+00
  1.20122254e+00 1.00188625e+00 1.27865791e+00 1.00976527e+00
  3.47830713e-01 3.90346670e+00 0.00000000e+00 2.35773161e-01
  1.66723537e+00 1.50428808e+00 5.68643928e-01 4.36389923e+00
  2.05744815e+00 2.59251547e+00 2.27433252e+00 2.22757173e+00
  1.44615369e-02 9.55923557e-01 2.15660315e-02 6.10222769e+00
  3.83595705e+00 9.83618617e-01 5.44953942e-01 3.76345038e-01
  0.00000000e+00 6.91683412e-01 1.09148240e+00 2.79611647e-01
  2.33349681e-01 2.23082051e-01 6.19189787e+00 0.00000000e+00
  5.57971668e+00 2.60016143e-01 4.41324902e+00 2.01095901e-02
  6.57048896e-02 4.39192086e-01 7.85972834e+00 7.00347519e+00
  1.62828565e+00 4.05141211e+00 4.54853009e-03 5.80446768e+00
  7.55785406e-01 1.13994277e+00 3.28828645e+00 2.99693435e-01
  3.67639399e+00 7.76379633e+00 3.07203948e-01 4.46232891e+00
  1.97944593e+00 1.65540981e+00 6.80727196e+00 5.93933964e+00
  3.96205246e-01 1.86730301e+00 1.54551387e+00 1.79360497e+00
  6.14375889e-01 3.47002864e+00 2.92760015e+00 6.53160885e-02
  5.02273977e-01 6.22310162e+00 3.24253321e+00 8.93308997e-01
  5.47704577e-01 0.00000000e+00 1.07470483e-01 2.81621528e+00
  0.00000000e+00 3.80606979e-01 3.67340183e+00 2.93537998e+00
  2.33518767e+00 1.88712835e+00 2.70519090e+00 4.03676145e-02
  5.55122232e+00 1.05938530e+00 3.31133533e+00 2.67010033e-01
  4.34477746e-01 6.10966110e+00 1.53377855e+00 7.93562293e-01
  2.07809353e+00 1.81502986e+00 2.60654420e-01 1.12491379e+01
  1.20078909e+00 3.77682090e-01 8.39046860e+00 3.68119001e+00
  2.84743398e-01 0.00000000e+00 1.93744743e+00 5.47481216e-02
  3.89061141e+00 1.92521524e+00 9.52676117e-01 6.57001436e-01
  8.15918636e+00 7.77993202e+00 1.01166229e+01 1.89734437e-02
  5.25753355e+00 1.70868015e+00 1.75709927e+00 1.59016109e+00
  4.93672580e-01 2.02758455e+00 1.70367345e-01 3.16685796e+00
  4.84942079e-01 2.25647926e+00 0.00000000e+00 2.83101890e-02
  3.85161251e-01 9.21861744e+00 1.20651102e+00 2.32060730e-01
  2.93647766e+00 3.59764910e+00 2.58013105e+00 3.69955254e+00
  1.06619692e+00 6.55517817e+00 9.11632597e-01 1.32128561e+00
  4.30406690e-01 3.25276971e-01 1.44022167e+00 6.29466105e+00
  2.10514235e+00 2.33536816e+00 3.38327527e+00 0.00000000e+00
  2.25742054e+00 1.74274075e+00 0.00000000e+00 5.69331312e+00
  1.04064906e+00 1.85818017e+00 1.05037105e+00 4.29197645e+00
  3.40826750e+00 0.00000000e+00 1.94143999e+00 4.48990732e-01
  3.97038281e-01 3.65338802e-01 5.62439108e+00 1.03065684e-01
  0.00000000e+00 4.89467084e-02 4.76601571e-01 5.04684925e+00
  1.96746126e-01 3.03582025e+00 5.12895870e+00 7.71268159e-02
  8.76593685e+00 7.15448499e-01 3.19989808e-02 0.00000000e+00
  6.42905593e-01 1.15474737e+00 6.67620468e+00 8.95389748e+00
  4.20617789e-01 6.28718615e-01 1.36817074e+00 4.25540268e-01
  0.00000000e+00 7.41657555e-01 9.63361835e+00 0.00000000e+00
  1.55996382e+00 1.62678421e+00 4.31606174e-01 2.13017106e+00
  0.00000000e+00 2.19150209e+00 0.00000000e+00 4.80566263e+00
  9.12480652e-01 1.73546672e-01 3.86613250e-01 5.78511238e-01
  2.98875511e-01 8.67465794e-01 8.99655700e-01 4.93137985e-01
  4.01379538e+00 2.28008676e+00 8.27478528e-01 4.31193256e+00
  9.90698993e-01 4.04570389e+00 1.71016371e+00 6.48519874e-01
  4.12831791e-02 0.00000000e+00 7.96194458e+00 3.76918495e-01
  2.59417820e+00 0.00000000e+00 2.93643880e+00 1.23880196e+00
  4.33380699e+00 3.11565375e+00 5.28706932e+00 1.43667161e+00
  1.14733803e+00 3.70865178e+00 2.34080315e-01 1.24577367e+00
  7.37056494e+00 3.42560935e+00 1.12523806e+00 4.42241371e-01
  5.72510147e+00 4.69003648e-01 0.00000000e+00 1.96245670e+00
  7.45414448e+00 8.53148842e+00 4.14523268e+00 1.14007580e+00
  3.11245561e+00 1.96497381e+00 1.22657223e+01 3.35632110e+00
  1.06897926e+00 8.35151482e+00 4.45871544e+00 6.43472338e+00
  1.04488480e+00 1.47260447e+01 9.71018136e-01 2.89858907e-01
  1.58597612e+00 1.25098360e+00 2.71241426e+00 3.00261497e-01
  2.08848882e+00 2.47202015e+00 2.08590198e+00 8.37592781e-01
  7.21627355e-01 2.61001617e-01 1.60649216e+00 4.68995047e+00
  1.99534774e+00 2.08286667e+00 2.23637199e+00 1.10383081e+00
  3.97349834e+00 3.12007785e+00 7.17666149e-01 1.70155123e-01
  7.24826634e-01 2.73437095e+00 2.05984640e+00 2.02468127e-01
  2.09352970e+00 4.35671329e+00 2.35704756e+00 0.00000000e+00
  2.61422157e+00 1.36388147e+00 3.78408599e+00 2.13814354e+00
  5.57692572e-02 1.22657709e-01 1.11872661e+00 8.96053076e-01
  9.81076300e-01 3.87034321e+00 3.71870756e+00 2.79838967e+00
  0.00000000e+00 2.60716128e+00 7.49970019e-01 3.75538254e+00
  0.00000000e+00 5.31070769e-01 9.58042443e-01 1.03184712e+00
  1.59499874e+01 1.85734376e-01 1.90567815e+00 1.05917263e+00
  1.59004617e+00 2.10327840e+00 3.84208298e+00 8.89157593e-01
  4.14979696e+00 8.61824512e-01 2.46752098e-01 3.14890444e-02
  4.51877892e-01 6.86766291e+00 3.07332158e+00 0.00000000e+00
  1.31022739e+00 3.77920771e+00 2.63328147e+00 1.14386702e+00
  1.52547434e-01 6.37667179e-01 8.38008344e-01 4.01584387e+00
  1.50894737e+00 8.68346751e-01 6.08479357e+00 2.87609029e+00
  1.70700312e+00 2.61055648e-01 6.84893072e-01 8.90228510e-01
  2.06861496e-01 4.15974140e-01 7.26745749e+00 1.66140783e+00
  2.61638188e+00 2.66284800e+00 2.23009062e+00 1.73078492e-01
  5.62161875e+00 4.98917252e-01 1.26204431e+00 3.24374485e+00
  8.86065602e-01 1.65086734e+00 4.63504028e+00 5.03852606e-01
  1.72628975e+00 6.95954561e-01 2.35084683e-01 0.00000000e+00
  1.00899005e+00 1.05139829e-01 1.65516496e+00 3.64958316e-01
  5.62802143e-03 1.02793045e+01 3.88989091e+00 3.62539506e+00
  1.54537430e+01 1.38094032e+00 1.41803825e+00 7.78304625e+00
  1.41436875e+00 5.68735264e-02 1.99619446e+01 3.08413911e+00
  2.22531986e+00 1.84356725e+00 2.93735743e-01 2.91474485e+00
  1.62607622e+00 4.68317159e-02 3.78264236e+00 1.64980197e+00
  0.00000000e+00 6.53257489e-01 1.02110014e+01 9.09564376e-01
  4.36072206e+00 3.80474734e+00 1.36865854e+00 2.75393105e+00
  0.00000000e+00 5.26264477e+00 9.07551527e-01 1.22687377e-01
  1.94307137e+00 3.71001387e+00 0.00000000e+00 8.58404994e-01
  7.01697528e-01 1.38431132e-01 4.17670727e+00 1.09457329e-01
  2.41798186e+00 2.13591695e+00 5.09362745e+00 1.25652552e+00
  2.19393635e+00 5.39274216e+00 0.00000000e+00 4.63233614e+00
  8.80047381e-01 7.39940405e-02 1.26486874e+00 2.69429231e+00
  9.70711946e-01 1.81049466e+00 1.37156487e+01 1.60683954e+00
  3.16740185e-01 1.40543258e+00 9.48368311e-01 8.77471641e-02
  1.02845526e+00 1.22857475e+00 0.00000000e+00 4.18420762e-01
  7.08190501e-01 0.00000000e+00 0.00000000e+00 3.62774432e-01
  5.19736862e+00 9.26862657e-02 8.76152802e+00 3.86644769e+00
  6.14841223e-01 3.05627966e+00 4.29191923e+00 2.64731741e+00
  2.61577225e+00 3.48507380e+00 2.69932270e+00 1.70909824e+01
  1.01289463e+00 1.61667955e+00 1.11063194e+00 4.97378826e-01
  2.00105712e-01 3.93552750e-01 3.23765017e-02 3.41858840e+00
  6.12038803e+00 2.35815096e+00 1.84464204e+00 1.56100929e+00
  1.81974399e+00 4.59379405e-01 0.00000000e+00 5.26538706e+00
  1.36566162e+00 4.04237318e+00 3.92658091e+00 2.55687022e+00
  9.40190196e-01 4.38815451e+00 0.00000000e+00 1.82349038e+00
  1.23359799e+00 1.90149164e+00 2.22602725e+00 1.76831102e+00
  0.00000000e+00 1.19963837e+00 3.96493626e+00 1.02499390e+00
  2.04696274e+00 3.16610074e+00 0.00000000e+00 2.53762412e+00
  0.00000000e+00 3.45141500e-01 2.69516087e+01 4.06697869e-01
  1.46294391e+00 0.00000000e+00 1.24078083e+00 1.20807087e+00
  2.07709432e+00 7.51560450e-01 2.98217945e-02 1.44762993e+01
  0.00000000e+00 0.00000000e+00 5.18726158e+00 1.57541609e+00
  1.01784933e-02 2.09824228e+00 6.51170588e+00 1.55586928e-01
  1.29138124e+00 1.00313749e+01 9.23866570e-01 2.10565639e+00
  7.70703793e-01 1.17985475e+00 3.02331042e+00 0.00000000e+00
  5.06387568e+00 5.68154633e-01 5.32517242e+00 1.58046401e+00
  4.63870287e+00 6.23395443e+00 1.05058470e+01 9.85751629e-01
  1.31946599e+00 2.45668149e+00 5.99958086e+00 0.00000000e+00]]