[[1.02790236e+00 1.61970580e+00 2.95588756e+00 1.31845593e+00
  9.10915315e-01 3.68586636e+00 1.28091993e+01 2.38752890e+00
  1.93781316e+00 2.56222308e-01 1.82183230e+00 2.37783694e+00
  8.73389542e-02 1.40511189e+01 0.00000000e+00 4.03022289e+00
  3.10949117e-01 7.77160048e-01 2.33364773e+00 2.37199974e+00
  2.29932022e+00 3.77931142e+00 0.00000000e+00 2.45211385e-02
  5.02297461e-01 4.76734310e-01 4.79394943e-01 3.22391963e+00
  2.84867215e+00 1.22031355e+00 4.65485513e-01 2.97883725e+00
  6.00205660e-01 1.64618790e+00 2.06591964e+00 5.32589793e-01
  2.95681745e-01 1.43224287e+00 2.75048304e+00 0.00000000e+00
  4.43110800e+00 1.80390215e+00 4.85896254e+00 1.44153917e+00
  0.00000000e+00 2.56940365e+00 5.66253805e+00 1.14562631e+00
  1.98511469e+00 1.60675919e+00 4.73249674e-01 3.99336171e+00
  5.96835092e-02 7.57057095e+00 4.98144960e+00 2.00627780e+00
  4.37148523e+00 8.93405819e+00 0.00000000e+00 0.00000000e+00
  9.31669354e-01 4.29319680e-01 5.92160082e+00 4.12483025e+00
  2.70877220e-02 1.30331831e+01 1.40000474e+00 3.35852075e+00
  1.15206432e+00 3.40831208e+00 9.33152199e+00 4.04170573e-01
  5.99544168e-01 1.44547768e+01 1.45620918e+00 8.07870999e-02
  1.03503311e+00 0.00000000e+00 3.62708390e-01 1.46458149e+00
  1.06995392e+00 2.53451735e-01 7.82797003e+00 5.03915191e-01
  1.20984530e+00 3.90110850e+00 6.46087706e-01 1.18669212e+00
  2.52433467e+00 2.46699646e-01 6.50603676e+00 0.00000000e+00
  3.68531570e-02 2.55959296e+00 2.17654586e+00 5.47593296e-01
  0.00000000e+00 1.95526469e+00 1.49323773e+00 5.49183750e+00
  4.15694296e-01 1.56868801e-01 2.35109162e+00 2.16592360e+00
  7.17504099e-02 0.00000000e+00 9.34897840e-01 1.13581479e+00
  1.94959557e+00 3.81849289e+00 3.46444631e+00 1.00359499e+00
  1.05069864e+00 1.32963219e+01 5.72182226e+00 3.00003827e-01
  8.90052986e+00 3.01181048e-01 2.03703499e+00 4.50337076e+00
  1.06274498e+00 1.67362213e-01 3.02552670e-01 7.78116274e+00
  2.01585150e+00 4.75660658e+00 3.38921785e-01 0.00000000e+00
  5.13341231e-03 1.29642687e+01 1.45724583e+00 4.86064330e-02
  4.21936989e+00 6.73572063e-01 9.55478072e-01 2.99837637e+00
  7.05065370e-01 9.37857151e-01 2.16862154e+00 2.03142142e+00
  6.67362630e-01 0.00000000e+00 3.57042623e+00 4.43417311e+00
  1.59707332e+00 1.02412915e+00 2.68543983e+00 0.00000000e+00
  2.21581793e+00 7.57944047e-01 4.83699560e+00 1.76196432e+00
  3.82114339e+00 0.00000000e+00 1.78528070e+00 6.57316828e+00
  6.35079908e+00 1.10110417e-01 7.12768888e+00 1.29728422e-01
  3.06575179e+00 1.94490433e-01 6.18987703e+00 8.48608017e-02
  5.38362360e+00 1.93962419e+00 1.24716893e-01 6.08591747e+00
  1.65129530e+00 1.10109203e-01 2.39487076e+00 0.00000000e+00
  6.61426163e+00 7.66769457e+00 1.08657932e+00 6.63238704e-01
  0.00000000e+00 1.30549598e+00 7.01003885e+00 1.24249811e+01
  9.70336056e+00 1.50687623e+00 1.62797332e+00 0.00000000e+00
  1.36450052e-01 1.38783073e+00 7.44607210e+00 0.00000000e+00
  5.86701393e-01 5.41234922e+00 5.29948235e-01 0.00000000e+00
  8.94355297e-01 5.14836645e+00 3.24440867e-01 0.00000000e+00
  4.09094125e-01 1.50482035e+00 1.86749443e-01 2.38590074e+00
  3.19899082e+00 2.39389110e+00 3.59369814e-01 0.00000000e+00
  5.43804073e+00 1.23653345e-01 1.19739525e-01 1.37939513e+00
  3.92669290e-01 1.12313080e+01 4.13799715e+00 5.39334536e+00
  5.63122690e-01 8.43631029e-01 5.10357523e+00 0.00000000e+00
  1.37992382e+00 0.00000000e+00 1.75421965e+00 1.67069900e+00
  2.81456304e+00 3.13709235e+00 5.52528477e+00 3.67394000e-01
  2.54080510e+00 2.06668329e+00 3.59414667e-01 7.66719878e-01
  1.05927563e+01 1.52811146e+00 2.01965141e+00 2.78589904e-01
  2.01934099e+00 6.76453114e-01 4.46485251e-01 4.29785669e-01
  7.47727454e-01 8.68802452e+00 5.49713326e+00 3.41071606e+00
  6.40338302e-01 0.00000000e+00 5.13160133e+00 5.16470766e+00
  1.91801488e+00 7.18155766e+00 9.82470417e+00 8.83469963e+00
  2.34852886e+00 5.14275193e-01 2.88735867e+00 4.93947387e-01
  1.86520100e+00 2.30246186e+00 3.42974877e+00 1.37197661e+00
  1.34067392e+00 2.45568466e+00 3.58096623e+00 3.71135831e+00
  1.37690693e-01 0.00000000e+00 5.29944301e-01 5.52865934e+00
  5.14553261e+00 2.52005887e+00 2.17022276e+00 1.04144964e+01
  6.37236929e+00 1.72529256e+00 3.79256248e+00 0.00000000e+00
  3.74226046e+00 7.58711767e+00 3.42984724e+00 1.15805984e+00
  1.16021519e+01 3.87165815e-01 4.39640820e-01 3.55299759e+00
  6.79548120e+00 6.30192184e+00 1.01477852e+01 1.12825900e-01
  2.47163749e+00 0.00000000e+00 3.34261560e+00 2.52947152e-01
  4.72285318e+00 2.06411576e+00 1.46058440e+00 5.39781666e+00
  1.31749973e-01 8.64402294e-01 3.17226863e+00 2.86020190e-01
  1.02941775e+00 7.48629808e-01 1.27352154e+00 0.00000000e+00
  3.87137055e+00 0.00000000e+00 2.28967714e+00 2.76384622e-01
  1.25198770e+00 3.97128391e+00 1.47727513e+00 2.32454345e-01
  4.04211998e+00 1.91680208e-01 7.19247758e-01 0.00000000e+00
  5.14888287e-01 3.38586181e-01 4.68442869e+00 1.04383969e+00
  2.49522233e+00 9.00071716e+00 1.34339064e-01 3.00385761e+00
  3.12004781e+00 2.20209622e+00 2.38943791e+00 1.37420344e+00
  0.00000000e+00 1.17933917e+00 1.10867596e+01 6.20511826e-03
  1.99309790e+00 0.00000000e+00 7.14048803e-01 3.62344551e+00
  3.67136669e+00 3.36429954e-01 6.74861383e+00 4.23015505e-01
  1.09975874e+00 7.94825840e+00 3.87312531e+00 5.07641554e+00
  2.89505887e+00 1.00940280e-01 1.33084500e+00 5.63222456e+00
  1.95420325e-01 3.23271298e+00 2.39690089e+00 1.10257246e-01
  7.43885431e-03 5.15166044e-01 7.97486663e-01 0.00000000e+00
  1.50603724e+00 1.07580566e+00 1.23766303e+00 9.96459424e-02
  6.69658899e-01 1.35541983e+01 5.55186605e+00 2.30920717e-01
  4.91966546e-01 1.07931459e+00 2.05563617e+00 2.80617690e+00
  3.15449595e+00 2.61379075e+00 8.16701221e+00 4.87180519e+00
  8.74965936e-02 8.39607430e+00 6.68439925e-01 3.34249234e+00
  5.07467270e+00 1.01711996e-01 5.98936155e-03 1.17945552e+00
  5.02742946e-01 8.69331121e-01 1.44704990e+01 6.08778286e+00
  7.20369911e+00 3.85993147e+00 3.90278637e-01 1.21738899e+00
  9.43609715e-01 4.59807444e+00 4.61433887e-01 2.53436752e-02
  0.00000000e+00 6.49531364e-01 0.00000000e+00 2.79338193e+00
  3.43791413e+00 4.68460351e-01 3.45397639e+00 1.70846212e+00
  4.73073578e+00 2.91705704e+00 1.54258645e+00 0.00000000e+00
  4.30716157e-01 3.52359295e+00 0.00000000e+00 9.84953403e+00
  1.82700515e+00 1.70766282e+00 0.00000000e+00 3.31492949e+00
  8.71223927e-01 3.89129114e+00 5.08067322e+00 0.00000000e+00
  0.00000000e+00 1.87252688e+00 5.45591974e+00 0.00000000e+00
  5.40657222e-01 5.19339800e-01 9.83133376e-01 3.25534105e-01
  4.31651258e+00 1.26060331e-02 1.50062907e+00 6.98565674e+00
  2.73009443e+00 5.26802480e-01 2.27202487e+00 3.71689010e+00
  3.28422844e-01 0.00000000e+00 2.49563622e+00 1.58770368e-01
  2.26896501e+00 6.34205937e-02 1.28229487e+00 1.18314886e+01
  1.98583975e-01 1.86417198e+00 1.17714453e+00 0.00000000e+00
  0.00000000e+00 4.98067588e-03 0.00000000e+00 4.18462658e+00
  6.10605431e+00 3.41403532e+00 2.14793921e+00 5.07128954e-01
  6.86854315e+00 1.65586054e+00 0.00000000e+00 5.37384796e+00
  2.88301063e+00 5.79139614e+00 3.37936068e+00 1.56805545e-01
  6.05139208e+00 4.03126621e+00 2.57721722e-01 3.57558799e+00
  7.29771256e-02 1.61137545e+00 3.16314268e+00 2.63834447e-01
  4.44344468e-02 0.00000000e+00 8.28329444e-01 9.61246729e-01
  5.43785954e+00 1.95775998e+00 1.26142025e+00 1.42211545e+00
  7.49434382e-02 8.49365330e+00 2.49435444e+01 4.57177401e-01
  3.22080493e+00 0.00000000e+00 4.31786251e+00 2.38344502e+00
  2.15932112e-02 5.87052774e+00 1.04309380e+00 2.04764581e+00
  0.00000000e+00 1.59492895e-01 1.04449244e+01 1.01568997e+00
  4.64980155e-01 2.05536723e+00 1.20760956e+01 0.00000000e+00
  1.11638784e+00 8.17438507e+00 9.05617237e-01 1.93455696e+00
  6.14957333e-01 4.64460754e+00 9.88623261e-01 6.74866915e-01
  1.35263548e+01 1.96308649e+00 6.98281240e+00 9.12278080e+00
  1.81253469e+00 5.51901865e+00 6.26871967e+00 4.56516631e-02
  4.60213162e-02 0.00000000e+00 8.67166615e+00 5.86107254e+00]]