[[1.33645177e+00 2.06419754e+00 1.89534879e+00 3.58028054e+00
  1.17895055e+00 6.36421728e+00 1.49621737e+00 1.80146635e+00
  3.64937752e-01 7.95773387e-01 3.72268057e+00 1.67971563e+00
  1.91332746e+00 2.20594430e+00 0.00000000e+00 3.12567577e-02
  8.62017989e-01 5.22128582e-01 1.27587986e+00 9.00335884e+00
  2.11239243e+00 1.90428936e+00 3.26176333e+00 1.00047541e+00
  5.93035758e-01 2.40150189e+00 4.77584541e-01 7.21650553e+00
  2.57210183e+00 3.81621838e+00 1.40132856e+00 1.30719769e+00
  2.08549070e+00 5.89215517e+00 3.01890087e+00 8.01117420e-01
  3.15010166e+00 8.61451924e-01 1.72794044e+00 7.23385572e-01
  9.47619629e+00 5.04205132e+00 4.39402670e-01 4.14930153e+00
  4.29264545e-01 5.22333801e-01 4.37643051e+00 2.42322421e+00
  2.59921479e+00 2.01767612e+00 2.45320415e+00 2.00939059e+00
  3.45542468e-03 4.77926683e+00 1.19785273e+00 3.27720165e+00
  3.92529041e-01 2.17571235e+00 0.00000000e+00 8.99898931e-02
  3.16024303e+00 2.88339162e+00 3.21579909e+00 5.99442148e+00
  1.03905511e+00 1.44001102e+00 4.64509535e+00 2.11196876e+00
  9.51193199e-02 3.49823403e+00 5.32739639e+00 4.22010756e+00
  3.70383596e+00 1.27010059e+00 3.44659019e+00 2.47431350e+00
  8.68149877e-01 2.96776867e+00 1.96651244e+00 2.09899044e+00
  1.83994436e+00 3.48749971e+00 4.72292614e+00 5.47990263e-01
  5.11540270e+00 9.02917290e+00 1.04251468e+00 3.43643093e+00
  3.37845874e+00 2.59868681e-01 3.70891857e+00 1.34478140e+00
  7.59936869e-01 3.59102964e+00 5.76147509e+00 4.38019902e-01
  5.34659195e+00 1.57770884e+00 6.12757623e-01 6.94222164e+00
  1.08040169e-01 4.67223644e+00 1.95441675e+00 3.59839368e+00
  4.99508172e-01 1.40401864e+00 3.01789582e-01 4.85291386e+00
  9.20190525e+00 6.23699999e+00 7.85272646e+00 4.89763021e-01
  2.23823261e+00 3.63541055e+00 1.99641120e+00 3.73655826e-01
  5.15233374e+00 1.33691907e+00 3.79499245e+00 1.60301256e+00
  0.00000000e+00 4.36895180e+00 1.46130741e+00 5.58753252e+00
  1.42643726e+00 2.86902905e+00 1.61491358e+00 7.22056270e-01
  4.83195829e+00 1.19089451e+01 2.17709184e+00 1.95551407e+00
  1.19505291e+01 2.46046638e+00 3.41871548e+00 3.47125530e+00
  2.03935981e+00 1.99319017e+00 1.49717343e+00 2.12381983e+00
  4.76533294e-01 2.25015330e+00 3.75891387e-01 4.42038584e+00
  7.50463545e-01 1.75900483e+00 2.98183489e+00 1.21211720e+00
  0.00000000e+00 4.76109803e-01 1.84518948e-01 2.88739300e+00
  2.35450220e+00 9.32624102e-01 1.35234463e+00 1.22946310e+00
  6.12726974e+00 1.21001087e-01 1.41714644e+00 6.74761236e-01
  4.65112090e-01 2.51784515e+00 5.03693771e+00 8.10199976e-01
  3.99407434e+00 5.33926773e+00 3.68064642e-01 2.36533850e-01
  8.25349867e-01 2.42692852e+00 9.16488361e+00 8.75804365e-01
  4.05015612e+00 3.32384253e+00 4.33505654e-01 3.60054326e+00
  5.05304003e+00 0.00000000e+00 4.07002211e+00 8.17744446e+00
  8.65207374e-01 0.00000000e+00 3.21887302e+00 1.84761775e+00
  1.04358590e+00 7.19029248e-01 3.03169131e+00 3.86938977e+00
  3.41074085e+00 3.08075166e+00 4.17589521e+00 9.47131589e-02
  2.17382264e+00 1.45944242e+01 1.79787588e+00 1.89663153e-02
  5.08969605e-01 2.67610168e+00 1.24312913e+00 0.00000000e+00
  5.81899357e+00 3.03351164e-01 2.93256187e+00 6.65295064e-01
  2.76527345e-01 2.27031207e+00 1.09004164e+00 2.56290197e+00
  7.30541945e+00 1.16244459e+01 9.87009704e-02 2.95105696e+00
  8.04011226e-01 1.86503100e+00 1.77499402e+00 2.40713263e+00
  2.76556468e+00 9.49158311e-01 2.10207677e+00 1.57236183e+00
  1.13000882e+00 5.44005585e+00 3.26825976e+00 4.98855066e+00
  2.46345997e+00 1.62157297e+00 2.26434612e+00 6.25535297e+00
  1.40970063e+00 4.95563936e+00 2.15566993e+00 3.12154412e+00
  1.92578316e+00 1.99025583e+00 2.35990453e+00 2.35525846e+00
  1.65292251e+00 9.83447266e+00 6.10395133e-01 3.62284851e+00
  1.21488047e+00 0.00000000e+00 1.29856038e+00 9.28698254e+00
  2.89110518e+00 6.06494617e+00 6.69768524e+00 1.48228347e+00
  2.41451073e+00 1.05819032e-01 4.49482250e+00 3.44479203e+00
  1.84406924e+00 6.70531893e+00 5.55705118e+00 2.06983387e-01
  1.10630143e+00 1.59331119e+00 2.28505373e+00 3.61558723e+00
  2.02254748e+00 2.97636360e-01 0.00000000e+00 4.94537878e+00
  2.82626653e+00 3.90921421e-02 4.84886074e+00 2.22130132e+00
  5.46550894e+00 2.94913352e-01 3.77438116e+00 1.02933623e-01
  2.92996788e+00 2.48649406e+00 3.15681791e+00 8.27495337e-01
  8.59891701e+00 6.33475706e-02 2.50866532e-01 4.69668913e+00
  6.92648363e+00 9.45962787e-01 5.82125282e+00 2.59250522e+00
  5.11663198e-01 0.00000000e+00 4.45984268e+00 4.29197025e+00
  3.17922282e+00 2.70761538e+00 3.67688350e-02 2.46274757e+00
  7.97291517e-01 1.50728524e+00 1.97600293e+00 7.00643301e+00
  1.16995625e-01 1.11463881e+00 1.85061121e+00 0.00000000e+00
  2.91103172e+00 4.08209276e+00 1.81757438e+00 0.00000000e+00
  1.72262681e+00 6.66221285e+00 1.52198505e+00 1.80863082e+00
  7.23613143e-01 3.24803829e-01 2.30396819e+00 6.64610088e-01
  1.49201465e+00 3.45331645e+00 7.78441429e-01 1.17017114e+00
  3.15287971e+00 1.12872353e+01 1.15518308e+00 1.15016453e-01
  1.44436407e+00 1.03748190e+00 2.84980679e+00 2.58948612e+00
  4.29634666e+00 1.64106178e+00 1.11408577e+01 8.85297060e-01
  2.31295180e+00 2.43908882e+00 6.46555841e-01 1.06665049e+01
  2.41537666e+00 6.17738247e+00 5.45491743e+00 4.69807386e+00
  4.20701981e+00 5.58773994e+00 1.16199529e+00 9.56330538e-01
  2.09407282e+00 3.06426227e-01 2.19134521e+00 1.01856220e+00
  1.57668304e+00 1.12449348e+00 2.96406269e+00 6.90330505e-01
  2.27241898e+00 0.00000000e+00 1.02671397e+00 1.53188932e+00
  5.01922989e+00 2.17571616e+00 1.78806603e+00 2.46799588e+00
  5.32791436e-01 8.19166279e+00 1.38608241e+00 1.65482894e-01
  2.96574092e+00 1.65220284e+00 5.57956553e+00 1.76788390e+00
  8.14741993e+00 2.98511434e+00 8.26084805e+00 1.14965034e+00
  1.84252119e+00 2.22809839e+00 2.01822376e+00 1.74607074e+00
  6.88457489e+00 3.04098892e+00 6.78320980e+00 5.48653841e-01
  6.25918579e+00 4.96908236e+00 4.33825922e+00 2.90954971e+00
  2.95738149e+00 2.32777286e+00 1.11254729e-01 9.18423414e-01
  1.09907225e-01 2.36462012e-01 1.31403387e+00 1.16628945e+00
  3.19414973e-01 3.94792390e+00 3.03135347e+00 3.59378624e+00
  3.03111172e+00 9.75453615e-01 9.79772687e-01 2.24503112e+00
  1.69101560e+00 1.79752135e+00 2.68561530e+00 4.53155088e+00
  2.00453305e+00 4.72256613e+00 1.00567329e+00 1.53952398e+01
  3.84398198e+00 9.55977821e+00 1.43168473e+00 6.35200620e-01
  0.00000000e+00 1.85734391e+00 2.74290466e+00 2.56275725e+00
  0.00000000e+00 3.72844839e+00 5.67485332e-01 2.09724951e+00
  1.07318497e+00 2.83650732e+00 1.18357696e-01 1.78837740e+00
  1.88535559e+00 4.88021880e-01 2.68503398e-01 1.00470734e+01
  1.99470997e+00 2.37622547e+00 6.65251207e+00 7.09667027e-01
  2.19797909e-01 7.82960296e-01 2.68539429e+00 8.53934646e-01
  6.80685568e+00 3.03583264e+00 0.00000000e+00 4.14769173e+00
  1.31126130e-02 3.53438020e+00 8.43132794e-01 2.98448205e+00
  2.00348526e-01 7.14098740e+00 4.51381969e+00 7.32086802e+00
  4.79504967e+00 1.54267862e-01 2.65170479e+00 2.93904734e+00
  3.86010826e-01 9.46412981e-01 6.62700593e-01 5.99664879e+00
  2.29031205e+00 8.39387298e-01 1.31388736e+00 0.00000000e+00
  5.20723772e+00 1.32183778e+00 7.00595081e-01 8.68284225e+00
  1.53970706e+00 2.92102361e+00 2.92754507e+00 0.00000000e+00
  2.60275483e-01 2.21792436e+00 6.76701903e-01 1.17609358e+00
  4.89782953e+00 7.41238475e-01 4.90039170e-01 1.68293953e+00
  1.98181584e-01 9.34137535e+00 2.01170444e+00 1.21141708e+00
  6.16907537e-01 8.80052447e-01 1.92985070e+00 2.88560897e-01
  0.00000000e+00 3.63841176e+00 7.74270713e-01 1.27874839e+00
  2.39688888e-01 1.00707948e+00 5.32851791e+00 5.67590237e-01
  7.31808662e-01 1.94577873e+00 1.44234943e+00 2.50754744e-01
  2.10142684e+00 3.30455852e+00 3.66234112e+00 5.46858168e+00
  4.63493824e+00 3.28527021e+00 1.89790875e-01 1.09357142e+00
  4.53708649e+00 3.41859460e-01 1.66981649e+00 3.96866274e+00
  6.35017681e+00 4.97922421e+00 4.65054083e+00 1.52468586e+00
  8.42923403e-01 9.97928202e-01 5.42581129e+00 7.26332426e-01]]