[[1.8489826e-01 1.4330825e+00 1.8481970e+00 4.4100288e-01 6.4203477e-01
  9.5988870e-01 1.3085963e+00 2.1498992e+00 4.6776891e+00 3.0664501e+00
  5.8057351e+00 2.4214196e+00 8.7937909e-01 5.9592109e+00 7.1024532e+00
  3.6508069e+00 8.4187675e-01 3.2107015e+00 5.0026739e-01 4.7024727e+00
  0.0000000e+00 1.3290675e+01 5.4168410e+00 0.0000000e+00 1.2071600e+00
  9.1460485e+00 0.0000000e+00 0.0000000e+00 2.0566730e+00 7.6361462e-02
  1.6129032e-01 2.6002448e+00 5.2869684e-01 4.5564566e+00 6.3989007e-01
  0.0000000e+00 2.3876050e+00 0.0000000e+00 4.5343742e+00 2.0023186e+00
  4.9074688e+00 4.8913808e+00 1.6422800e+00 3.5354590e+00 0.0000000e+00
  1.8280400e+00 3.8485405e+00 6.7309608e+00 1.5789392e+00 7.3176074e-01
  6.2058907e+00 8.8478364e-02 5.9980005e-01 0.0000000e+00 5.5297631e-01
  4.1542983e+00 9.8213606e+00 5.2689557e+00 1.9162277e+00 2.2077572e+00
  3.3076346e-02 1.0596526e+00 4.3794837e+00 5.7423768e+00 2.5578229e+00
  2.1271796e+00 0.0000000e+00 3.2041385e+00 3.0327656e+00 4.4707108e+00
  1.2914816e+00 3.7637837e-02 5.0048910e-02 9.3288050e+00 3.9872241e+00
  1.5746943e+00 1.3536701e+00 5.9582853e-01 5.0531955e+00 2.7863674e+00
  4.8908763e+00 1.6442982e+00 1.1441561e+00 1.1913996e+00 6.5654964e+00
  5.5828834e+00 8.9429367e-01 3.4982374e-01 3.6947227e-01 4.8383074e+00
  1.1076461e+01 6.3753948e+00 1.6066835e+00 5.1054916e+00 3.3965166e+00
  4.0557221e-02 1.0769391e+00 4.8911119e+00 6.6159787e+00 1.0066140e+01
  9.2281640e-01 5.7384783e-01 2.5743575e+00 1.7044079e+00 0.0000000e+00
  7.9678530e-01 1.6370660e+00 9.9198765e-01 1.7998559e+00 4.3315840e-01
  1.1956660e+00 3.0086439e+00 6.1066622e-01 1.5811162e-01 4.9579218e-01
  4.2881194e-01 7.2506342e+00 3.6662426e+00 3.5957491e-01 3.2776657e-01
  1.4297553e+00 0.0000000e+00 2.0416522e+00 1.5580574e+01 0.0000000e+00
  8.9377260e-01 1.2522638e+00 6.2526655e-01 1.3734271e-01 5.1617761e+00
  7.0688863e+00 8.4158099e-01 9.2973435e-01 9.4890743e-01 4.0872157e-01
  1.3242925e+00 1.0334510e+00 3.5126457e+00 4.6377678e+00 1.7955748e+01
  2.2294455e+00 7.2782308e-01 2.8572299e+00 1.7189617e+00 1.0026445e+00
  1.3604121e+00 1.0975816e-01 2.9892852e+00 7.9451604e+00 2.1300786e+00
  2.9062250e-01 2.6352069e+00 2.5934355e+00 3.4031639e-01 2.2411358e+00
  5.4120507e+00 1.4392753e+00 4.0495276e+00 6.0145583e+00 7.0142114e-01
  1.0854359e+00 6.8500190e+00 2.0780315e+00 4.1709924e+00 7.3910117e+00
  3.8949678e+00 3.6791965e-01 2.1162684e+00 1.5492971e-01 1.3335174e+00
  1.5763484e-01 8.5790120e-02 2.5051138e-01 3.6432484e-01 4.4394568e-01
  2.1287489e+00 2.3922081e+00 3.0420198e+00 1.6298705e+00 1.2929891e+00
  7.0423865e-01 1.4609383e+00 4.1986609e+00 6.7085981e-01 4.3798333e-01
  9.5102988e-02 7.2738895e+00 2.9184508e-01 1.0313030e+00 1.3956457e+00
  5.7224333e-02 9.8156697e-01 2.1519105e+00 1.7199364e+01 3.3390391e+00
  3.4028296e+00 6.4559513e-01 0.0000000e+00 8.3296318e+00 3.4760466e+00
  2.1521547e+00 0.0000000e+00 1.9552151e+00 1.2316185e+00 5.2743354e+00
  4.2533312e+00 2.8733592e-02 1.7147578e+00 2.2283238e-01 9.2883635e+00
  7.9506974e+00 4.3430209e+00 2.3025349e-01 5.6738300e+00 5.2994597e-01
  0.0000000e+00 1.6963878e+00 1.4004515e+00 1.4283071e+00 1.7111530e+00
  4.2176867e+00 6.2331963e+00 9.1430865e-02 1.2102604e+00 4.5864305e+00
  3.6099547e-01 2.5514605e+00 4.3451592e-01 4.1402221e+00 5.0984893e+00
  9.2579633e-01 2.5744820e+00 2.4327853e+00 3.1926879e-01 1.6371441e+00
  2.8402131e+00 3.5583160e+00 4.1210346e+00 2.1260679e+00 1.3406236e+00
  5.6060553e-01 5.6980329e+00 8.7605941e-01 5.2243295e+00 4.2874689e+00
  8.5506592e+00 6.6947241e+00 2.3835106e+00 1.5479864e+00 7.1019893e+00
  1.0207620e+00 1.2777785e+00 9.7680658e-01 2.8233824e+00 5.7125993e+00
  2.3035127e-01 1.2921114e+00 1.0985376e+00 2.8571937e+00 3.8003829e-01
  5.4995956e+00 2.7194530e-01 8.7139003e-02 3.6251616e-01 9.7014153e-01
  1.3445357e+00 3.2522178e-01 9.7335070e-01 3.2277987e+00 6.3153261e-01
  9.9036303e+00 3.1847818e+00 1.0287542e+00 5.9111009e+00 1.8341796e+00
  1.6309017e-01 1.0216037e+01 8.6460513e-01 2.4363001e-01 1.7216653e+00
  7.9332318e+00 8.8972831e-01 1.9281299e+00 1.1445150e-01 3.8623376e+00
  6.0749114e-01 6.8593783e+00 2.8553801e+00 1.1511582e+00 1.5877048e-02
  0.0000000e+00 1.1856635e+00 2.5937996e+00 8.5082035e+00 3.0332508e+00
  1.3338792e+00 2.7005229e+00 9.1010535e-01 4.1526017e-01 2.1916165e+00
  1.6145258e+00 8.2896347e+00 2.2023735e+00 5.7469225e-01 1.7604883e+00
  1.0330588e+00 1.0691592e+01 5.0047455e+00 3.1783049e+00 5.4900789e-01
  6.0394468e+00 6.1004786e+00 6.3713455e+00 8.4901094e+00 3.3496683e+00
  6.3408631e-01 2.8416724e+00 7.0624099e+00 3.0489194e+00 2.2004092e+00
  2.1070576e-01 8.8734102e+00 1.8677675e+00 2.6226180e+00 1.0948642e+00
  2.8092113e+00 9.7073536e+00 1.0009510e-02 2.9045072e+00 0.0000000e+00
  8.8731712e-01 5.0487251e+00 1.4186335e+00 5.9053349e+00 8.4311228e+00
  2.6176469e+00 2.1755936e+00 5.7831659e+00 2.2592840e+00 4.3142428e+00
  1.8861694e+00 1.9760048e-01 6.3252699e-01 3.0326734e+00 4.1600165e+00
  1.2496730e+00 2.2426200e-01 1.8502030e-01 3.8607957e+00 1.1497064e+00
  0.0000000e+00 0.0000000e+00 0.0000000e+00 3.9142036e+00 8.6957568e-01
  9.1244727e-01 3.1054776e+00 1.2422543e+01 5.1719508e+00 2.1158311e+00
  1.2582808e+00 7.7221274e-02 7.0174947e+00 5.6068039e+00 2.5228622e+00
  1.7457447e+00 1.0967070e+01 0.0000000e+00 1.6382377e-01 1.1966521e+01
  2.3797530e-01 0.0000000e+00 4.2623715e+00 9.2851896e+00 6.4240701e-02
  1.8931947e+00 1.4883576e-01 1.6530577e+00 4.3143728e-01 2.8556752e+00
  5.8698020e+00 3.9956319e+00 6.7558247e-01 1.8698891e-01 6.5148787e+00
  1.9308435e+00 3.3418202e+00 1.4802022e-01 2.9450459e+00 1.2652154e+00
  2.0478163e+00 6.3299484e+00 8.5435553e+00 3.0550497e+00 5.6293458e-01
  3.3829932e+00 8.1287332e-02 1.2263877e+00 5.8217411e+00 3.5058454e-01
  9.5824099e-01 1.8756773e+01 1.9303838e+00 6.4636550e+00 9.4109116e+00
  3.6253355e-02 0.0000000e+00 4.2240715e-01 4.8669701e+00 2.3642094e+00
  5.0873485e+00 5.9465885e-01 4.5503538e-02 0.0000000e+00 5.3640378e-01
  5.1788390e-01 1.2185847e+00 7.1522319e-01 4.7017518e-01 0.0000000e+00
  0.0000000e+00 7.4525774e-01 7.6752084e-01 1.1313615e+00 1.1098397e+00
  2.3698184e-01 4.8688135e+00 1.2410506e+00 8.8215768e-01 5.1561159e-01
  3.5144968e+00 1.9238229e-01 2.1688597e+01 4.9326787e+00 4.0075188e+00
  5.4191513e+00 5.6954780e+00 5.2655137e-01 9.6555018e-01 4.8538342e+00
  7.4663740e-01 0.0000000e+00 5.8762759e-01 6.8950319e+00 6.3655317e-02
  0.0000000e+00 3.3427329e+00 5.7899112e-01 3.0511014e+00 1.3379302e+00
  0.0000000e+00 6.7350727e-01 2.8406954e+00 3.9313815e+00 3.1520364e+00
  8.2198024e-01 9.0298939e+00 4.7645020e+00 4.0066722e-01 5.5541244e+00
  9.0661726e+00 2.6541841e+00 3.1828063e+00 1.3668889e+00 7.0151348e+00
  3.0796054e-01 2.8921309e+00 9.1653222e-01 3.4289470e+00 1.5982305e+00
  1.2925445e-01 9.4260022e-02 2.6287091e+00 8.4893589e+00 1.4286816e+00
  1.5062196e+00 7.7579647e-02 3.3393576e+00 7.3067660e+00 1.7085985e+00
  7.9420251e-01 0.0000000e+00 6.8774313e-02 3.3721648e-02 3.2859964e+00
  0.0000000e+00 1.2845614e+00 0.0000000e+00 1.5304757e+00 0.0000000e+00
  2.3799961e+00 7.5676289e+00 2.0339586e-01 5.7858663e+00 2.8253558e+00
  1.3949925e+00 5.7829458e-01 4.7113628e+00 4.2078366e+00 2.6069758e+00
  3.9345975e+00 1.6855706e+00 0.0000000e+00 6.7430782e+00 5.1788502e+00
  1.1380599e+00 3.6094491e+00 2.3496890e+00 2.5424640e+00 5.8043838e-01
  2.7368507e+00 1.8681787e-02]]