[[8.36340010e-01 5.28486967e-01 5.46970415e+00 1.16077471e+00
  1.59919775e+00 2.25768828e+00 9.54873753e+00 1.09983757e-01
  9.96312678e-01 9.60868597e-01 2.30673417e-01 1.85689032e+00
  4.75779390e+00 2.77056766e+00 2.00919524e-01 4.66961920e-01
  4.67282963e+00 3.18618000e-01 4.72146392e-01 4.56963444e+00
  7.44691706e+00 4.36206007e+00 1.91065991e+00 5.79294872e+00
  1.56905568e+00 1.12192554e+01 3.98870468e+00 7.83536100e+00
  2.59553647e+00 2.21854404e-01 1.61685348e-01 4.02793932e+00
  4.42931986e+00 2.89943218e+00 5.14144599e-01 1.75241792e+00
  9.62437057e+00 3.27389061e-01 3.14639032e-01 3.62096429e+00
  3.16038084e+00 1.72044051e+00 7.39762545e-01 4.35708189e+00
  5.49985552e+00 0.00000000e+00 5.41112852e+00 5.41047812e-01
  3.20671701e+00 1.37565362e+00 6.45083904e-01 2.84299040e+00
  1.64304519e+00 2.54243565e+00 1.09720242e+00 4.30059862e+00
  2.45403004e+00 8.22731304e+00 4.58968401e+00 2.90724874e+00
  1.42925784e-01 6.68666422e-01 7.87378073e+00 2.64449024e+00
  3.54671866e-01 1.41509163e+00 3.48700434e-01 2.26625919e+00
  4.34869558e-01 1.61019373e+00 7.37370682e+00 8.53466415e+00
  5.91613579e+00 2.12500095e+00 3.57878447e+00 1.38687325e+00
  3.64742136e+00 0.00000000e+00 1.31211889e+00 5.46377122e-01
  0.00000000e+00 3.70428967e+00 2.62949514e+00 1.14174223e+00
  4.16165322e-01 3.97270608e+00 4.35325205e-01 9.92658019e-01
  1.02297020e+01 0.00000000e+00 1.11534643e+00 2.60668921e+00
  6.27196646e+00 2.42794275e+00 2.37980604e+00 6.10403538e-01
  2.71974802e+00 3.21371794e+00 5.46431482e-01 2.47339439e+00
  2.79607534e-01 6.79130316e+00 5.73144054e+00 4.77552462e+00
  0.00000000e+00 3.93416047e+00 6.07247233e-01 8.09739351e-01
  2.33453131e+00 2.66709995e+00 1.64857018e+00 2.34573603e+00
  0.00000000e+00 7.59814882e+00 6.82301164e-01 0.00000000e+00
  5.53585672e+00 4.16558170e+00 8.96299744e+00 3.38679218e+00
  1.33951557e+00 2.25429010e+00 3.77048582e-01 6.44253159e+00
  6.64922333e+00 4.21629143e+00 1.03484638e-01 3.20391566e-01
  4.35511827e+00 1.32016754e+01 1.30895579e+00 2.72201228e+00
  3.13040137e+00 4.65625286e-01 4.09613848e+00 1.02727044e+00
  4.67424184e-01 9.65481758e-01 9.75919425e-01 1.18671186e-01
  1.17130876e+00 2.46604070e-01 0.00000000e+00 2.67604566e+00
  2.42826033e+00 1.25234234e+00 7.13788033e+00 2.39329904e-01
  0.00000000e+00 6.87987745e-01 1.29693832e+01 9.34579372e-01
  2.76681852e+00 1.17898011e+00 2.92652249e-01 4.45458323e-01
  7.50557482e-01 4.16783428e+00 8.08851719e-01 3.62161899e+00
  2.40175438e+00 1.21988797e+00 5.10057974e+00 1.28964603e-01
  1.53682232e+00 3.72588992e+00 7.02281073e-02 2.78523946e+00
  0.00000000e+00 2.46201205e+00 5.06266546e+00 2.33911538e+00
  3.88372397e+00 6.15234995e+00 1.24527431e+00 8.24398804e+00
  2.36314678e+00 1.53779435e+00 1.01792250e+01 1.09773073e+01
  2.69182801e-01 5.00122547e-01 3.91347551e+00 2.96723843e+00
  8.47293794e-01 2.74026871e-01 2.01343393e+00 4.10302877e+00
  1.11353040e+00 1.81241214e+00 6.46969557e+00 0.00000000e+00
  0.00000000e+00 1.02172756e+01 2.60220617e-01 3.90792322e+00
  3.87786090e-01 1.10148487e+01 1.07475436e+00 1.50785893e-01
  3.08698130e+00 6.44579697e+00 9.22242254e-02 2.31367636e+00
  0.00000000e+00 2.16452837e+00 2.14566517e+00 7.68761754e-01
  2.35331655e+00 1.34269428e+00 6.35137931e-02 1.75432289e+00
  4.67930824e-01 1.55407357e+00 4.36566442e-01 3.51195788e+00
  1.01105464e+00 5.72260320e-01 1.18443668e+00 4.73513842e+00
  1.83716476e-01 3.36471796e+00 1.74621332e+00 9.30042267e-01
  8.50825691e+00 2.46308708e+00 1.38506055e+00 4.54443026e+00
  5.44606268e-01 3.88095593e+00 7.57943153e-01 7.77715874e+00
  2.52154022e-02 8.58317375e+00 1.72902024e+00 2.16128969e+00
  2.33093119e+00 2.25314546e+00 9.01108205e-01 1.63006830e+00
  7.30639696e-01 0.00000000e+00 1.75438440e+00 2.97975135e+00
  3.11153936e+00 1.18615556e+00 3.38741326e+00 1.24562263e+00
  6.22104025e+00 1.15814853e+00 7.88279772e+00 9.02618110e-01
  0.00000000e+00 4.55903482e+00 2.74299550e+00 1.43378615e+00
  1.23888743e+00 3.01189780e-01 1.20643234e+00 0.00000000e+00
  5.11929870e-01 5.53294837e-01 7.81708837e-01 9.35099030e+00
  5.05094349e-01 2.07676816e+00 6.60531235e+00 1.11143303e+00
  8.44303131e+00 8.89862299e-01 7.22718668e+00 0.00000000e+00
  1.80236709e+00 1.63849342e+00 4.88458395e+00 1.27472532e+00
  1.70839214e+00 1.43008506e+00 4.23469782e-01 4.78444815e+00
  4.77562618e+00 5.38337326e+00 4.91745234e+00 1.12445593e+01
  2.42859173e+00 1.48768470e-01 3.34713316e+00 1.43843889e+00
  4.20787191e+00 2.47532225e+00 0.00000000e+00 1.28806448e+00
  5.47413778e+00 1.86015606e+00 2.06387520e+00 7.04437554e-01
  1.02904196e+01 2.90441483e-01 7.59857130e+00 2.49732994e-02
  1.42048526e+00 1.25968111e+00 9.22358131e+00 6.05851188e-02
  1.55949247e+00 5.85944462e+00 1.90974677e+00 3.80774975e+00
  3.91276553e-02 1.34642782e+01 3.05299163e+00 2.44702548e-01
  3.12996101e+00 5.53462458e+00 2.93169069e+00 0.00000000e+00
  2.08228731e+00 7.28603554e+00 3.00308228e+00 5.08651066e+00
  2.42833638e+00 6.88289404e+00 5.45942736e+00 3.13111454e-01
  2.75451159e+00 9.84645605e-01 4.10539007e+00 3.16573381e+00
  7.63684630e-01 6.29735649e-01 2.53012061e+00 3.42478538e+00
  3.24412298e+00 3.37981462e+00 8.51602268e+00 7.56066740e-02
  3.09303093e+00 4.33984852e+00 1.07946281e+01 2.14782548e+00
  5.80765963e-01 1.43290961e+00 8.15657973e-01 0.00000000e+00
  1.94352508e+00 7.45389044e-01 1.01963711e+00 4.45367193e+00
  5.75583816e-01 1.55505288e+00 1.50753701e+00 1.87546885e+00
  3.93068933e+00 8.77272224e+00 4.89317560e+00 1.38511062e+00
  8.67732239e+00 2.30291009e+00 7.23542118e+00 3.17766023e+00
  4.40596867e+00 2.42597604e+00 1.16719646e+01 1.09117794e+00
  5.53326607e+00 2.02647853e+00 3.33961463e+00 4.20656061e+00
  8.36685766e-03 1.76608890e-01 3.84184265e+00 9.78490472e-01
  7.30690145e+00 6.06249452e-01 7.65530872e+00 2.37691736e+00
  5.22482967e+00 6.85041332e+00 1.49542972e-01 1.04941833e+00
  1.66409087e+00 3.58835983e+00 1.23074782e+00 8.06229413e-01
  4.54243231e+00 8.89660567e-02 6.37159169e-01 0.00000000e+00
  1.28257084e+00 2.11716628e+00 6.33049488e+00 1.64170444e-01
  1.75151670e+00 2.79429287e-01 1.14409775e-01 1.86872089e+00
  3.14979434e+00 1.33980799e+00 5.04749632e+00 3.14587903e+00
  3.80225348e+00 2.77864194e+00 1.86767185e+00 4.02621126e+00
  3.14509106e+00 7.48576927e+00 1.05599892e+00 1.06877780e+00
  1.06005347e+00 1.56330967e+00 2.91720152e-01 2.64458227e+00
  0.00000000e+00 1.74943197e+00 8.51740742e+00 3.60462236e+00
  1.69172204e+00 3.00163436e+00 3.82042265e+00 4.25815201e+00
  5.18429136e+00 7.67790985e+00 1.93841922e+00 8.91471291e+00
  2.77939260e-01 3.95913720e+00 1.07655275e+00 2.67185479e-01
  3.01995540e+00 5.42894490e-02 1.18214417e+00 9.81153548e-01
  1.11578617e+01 9.43424284e-01 1.48381382e-01 4.20838165e+00
  9.31331217e-01 6.05574942e+00 3.85091209e+00 4.95024490e+00
  3.53838682e+00 1.91502839e-01 2.19055271e+00 5.04952765e+00
  4.12788820e+00 3.68866968e+00 2.94774580e+00 3.07922554e+00
  1.73199520e-01 1.98669434e-01 1.00084295e+01 3.50509715e+00
  1.77021933e+00 1.06145453e+00 5.66956997e+00 1.74177670e+00
  7.80472851e+00 4.60459709e+00 1.19867921e+00 1.58975363e+00
  2.48489961e-01 6.96151316e-01 4.16975915e-01 5.39402068e-02
  0.00000000e+00 1.10928452e+00 1.94161370e-01 5.01981497e+00
  1.94813776e+00 4.95531887e-01 4.82514381e+00 1.92201889e+00
  3.36253572e+00 7.64078140e+00 1.98142254e+00 2.18312573e+00
  1.28056324e+00 2.85437036e+00 1.26839861e-01 9.15729105e-01
  3.88420761e-01 3.88630927e-02 2.68562257e-01 2.36178184e+00
  0.00000000e+00 6.24878979e+00 7.41884708e+00 6.13911524e-02
  2.35022354e+00 2.22108221e+00 1.24992633e+00 2.48624897e+00
  1.03064787e+00 2.72019887e+00 2.26579976e+00 8.91796052e-01
  1.22357874e+01 1.12718081e+00 5.08659959e-01 5.65654576e-01
  5.16533041e+00 7.53336370e-01 1.91687047e+00 4.82957095e-01
  2.83056879e+00 8.33524585e-01 1.96686876e+00 1.61858082e+00
  1.60193932e+00 6.23532891e-01 4.18773270e+00 2.57343888e+00]]