[[3.60381961e+00 3.43456292e+00 0.00000000e+00 1.53655529e+00
  1.68641186e+00 2.93288755e+00 7.52133226e+00 2.07109019e-01
  2.21671128e+00 1.69171965e+00 2.24095011e+00 8.20663834e+00
  6.43456030e+00 1.82025504e+00 2.06494510e-01 5.60978353e-01
  3.08040452e+00 2.61650443e-01 6.21176958e-01 3.01415730e+00
  4.22682650e-02 6.59510469e+00 6.25971019e-01 1.09944992e+01
  0.00000000e+00 6.08595753e+00 2.37568021e+00 1.90710807e+00
  2.31641918e-01 1.35602450e+00 0.00000000e+00 1.60389102e+00
  1.51455772e+00 5.44492865e+00 7.53320456e-02 2.43038177e+00
  1.18131018e+00 2.92356968e-01 2.26845217e+00 6.14683676e+00
  4.45650768e+00 3.21097404e-01 1.92144418e+00 4.48472691e+00
  5.31422091e+00 0.00000000e+00 1.50861159e-01 6.78396404e-01
  5.18241978e+00 1.09438729e+00 4.96963501e-01 2.65217495e+00
  2.28514567e-01 5.80983686e+00 3.63395596e+00 5.52385044e+00
  3.17467546e+00 1.48137140e+01 5.76195526e+00 2.03359318e+00
  4.82826233e+00 1.30700731e+00 2.19283104e+00 2.83187580e+00
  0.00000000e+00 3.78496075e+00 6.21579599e+00 4.83614159e+00
  1.26445502e-01 3.84344757e-01 8.32263279e+00 1.17429459e+00
  1.94667816e+00 0.00000000e+00 6.29059196e-01 2.02181506e+00
  0.00000000e+00 4.28869277e-01 1.48328996e+00 2.96464729e+00
  2.50410736e-01 6.07799101e+00 9.89544928e-01 5.69522493e-02
  9.56501770e+00 3.30330396e+00 3.13388062e+00 4.74333906e+00
  1.05240145e+01 6.90434790e+00 4.98916054e+00 0.00000000e+00
  0.00000000e+00 4.84965038e+00 4.05254936e+00 0.00000000e+00
  1.19560337e+00 1.64681816e+00 9.13749099e-01 2.64253885e-01
  8.11469182e-02 5.12046957e+00 5.49793661e-01 1.04749384e+01
  1.16506362e+00 7.74136603e-01 1.28268051e+00 0.00000000e+00
  2.01702252e-01 4.10925969e-02 7.14373922e+00 3.58517528e+00
  2.58234549e+00 8.30339813e+00 1.45134854e+00 1.47467360e-01
  4.03362226e+00 3.19013691e+00 3.61117935e+00 5.74560836e-02
  5.13574302e-01 1.22874308e+00 1.05660057e+00 1.07175531e+01
  1.11283092e+01 1.62865806e+00 7.15724111e-01 3.67430821e-02
  5.93314648e-01 1.71868839e+01 7.54109263e-01 5.99415302e-01
  5.02945805e+00 2.09168106e-01 8.80573213e-01 1.78162372e+00
  2.60790825e+00 6.88173175e-01 6.13952827e+00 4.27659720e-01
  1.25817251e+00 2.46071994e-01 1.43796277e+00 3.44884157e+00
  0.00000000e+00 9.60735977e-02 5.00044584e+00 1.18903387e-02
  0.00000000e+00 2.25053692e+00 4.49034595e+00 1.03363905e+01
  6.00296617e-01 0.00000000e+00 1.58746615e-02 0.00000000e+00
  1.26041114e+00 9.31854188e-01 3.00500970e-02 5.78443861e+00
  2.47040796e+00 2.40797329e+00 1.19336319e+00 5.73378682e-01
  2.08072305e+00 9.41646993e-01 7.90074885e-01 8.08914006e-01
  1.00071740e+00 2.24270955e-01 3.73372078e+00 1.26983333e+00
  3.71245551e+00 1.70641937e+01 8.36121750e+00 2.33477879e+00
  2.42883515e+00 0.00000000e+00 1.07821684e+01 7.22477484e+00
  1.77512735e-01 9.76415455e-01 3.66056085e+00 7.90967822e-01
  4.24341106e+00 2.58341956e+00 9.06413841e+00 2.00792646e+00
  1.34730625e+00 2.11885855e-01 1.77238977e+00 1.53045964e+00
  0.00000000e+00 5.28503275e+00 2.42535353e-01 1.91880333e+00
  4.87241536e-01 6.73200941e+00 7.62393653e-01 2.56716132e+00
  8.89152825e-01 1.68996263e+00 0.00000000e+00 2.52825809e+00
  1.65674806e-01 4.78201210e-01 3.93308401e+00 6.06679058e+00
  0.00000000e+00 1.37223613e+00 3.60396194e+00 6.00774810e-02
  7.25616664e-02 1.76277661e+00 0.00000000e+00 2.01351747e-01
  1.99337709e+00 1.65598422e-01 5.52199662e-01 3.18408704e+00
  8.31625938e-01 3.56339216e+00 5.92604429e-02 1.57152712e+00
  0.00000000e+00 5.80652714e+00 8.25903296e-01 1.22528362e+00
  5.06733917e-02 9.29307997e-01 4.89906454e+00 7.14550638e+00
  3.26819873e+00 3.05443764e-01 9.60414037e-02 1.93830454e+00
  6.35428607e-01 5.31720972e+00 7.03291833e-01 0.00000000e+00
  2.34880522e-01 6.81178856e+00 2.06370854e+00 4.03601027e+00
  3.85233426e+00 4.14934492e+00 7.62892532e+00 1.53801873e-01
  1.63321888e+00 1.32695687e+00 8.51174259e+00 2.19628644e+00
  1.89619839e+00 8.62886333e+00 6.20849490e-01 1.37161779e+00
  1.14488637e+00 2.50488615e+00 7.01260626e-01 0.00000000e+00
  1.18008904e-01 4.17216748e-01 5.45236111e-01 1.48482251e+00
  0.00000000e+00 0.00000000e+00 8.65627527e-02 7.73253155e+00
  2.24076176e+01 2.80177236e+00 2.68908358e+00 0.00000000e+00
  1.23243642e+00 2.35519934e+00 2.08355248e-01 2.32125908e-01
  8.15480423e+00 2.47965646e+00 5.04823700e-02 4.56495905e+00
  4.28425598e+00 5.20336771e+00 1.96178646e+01 2.84315252e+00
  4.13489008e+00 0.00000000e+00 5.99354267e+00 4.30875683e+00
  1.76114237e+00 2.09852409e+00 3.62924457e-01 5.11595011e+00
  1.29467783e+01 1.35135543e+00 6.48268509e+00 1.90435123e+00
  5.75239038e+00 2.42952180e+00 9.48130369e-01 0.00000000e+00
  2.33430433e+00 5.07582009e-01 1.34197540e+01 2.72936430e-02
  4.17042285e-01 1.94414690e-01 7.32135534e-01 2.44382548e+00
  4.23854351e-01 3.81445909e+00 2.54567146e+00 9.75641906e-02
  2.16752791e+00 1.78100206e-02 1.28092617e-01 1.94767976e+00
  5.49121082e-01 3.27417994e+00 2.86115742e+00 3.96168292e-01
  2.30695820e+00 4.62269068e+00 8.34377384e+00 4.59766293e+00
  2.39963263e-01 4.27147675e+00 6.94426727e+00 1.36182261e+00
  0.00000000e+00 0.00000000e+00 1.87790775e+00 2.07958913e+00
  1.12007034e+00 3.03168154e+00 6.96414852e+00 1.65551460e+00
  0.00000000e+00 3.60463524e+00 8.54811287e+00 3.34948611e+00
  0.00000000e+00 8.13157558e-02 3.48609686e-01 2.76594067e+00
  3.28046393e+00 1.59189570e+00 2.27919245e+00 1.09676409e+00
  3.93116862e-01 9.55348551e-01 3.23061132e+00 2.29487872e+00
  0.00000000e+00 0.00000000e+00 7.48435259e-01 1.73058832e+00
  9.73756027e+00 4.17839909e+00 3.41375649e-01 1.84546649e+00
  4.99716949e+00 6.71345174e-01 8.10257435e+00 1.71476626e+00
  2.86559319e+00 1.77526736e+00 4.82752037e+00 0.00000000e+00
  1.15657651e+00 1.20296821e-01 1.79716039e+00 9.85750008e+00
  0.00000000e+00 1.35116383e-01 8.31860662e-01 3.16951156e+00
  2.80150795e+00 1.10877800e+00 0.00000000e+00 3.08333230e+00
  8.11359310e+00 1.60749769e+00 2.21290708e+00 3.20713687e+00
  5.72350502e+00 2.35208440e+00 1.59931034e-01 8.37450743e-01
  2.80246186e+00 6.27599049e+00 1.74512148e-01 3.67724746e-01
  5.38495636e+00 1.24728107e+00 4.89339018e+00 5.30774593e-01
  1.61642361e+00 1.81166720e+00 3.50457048e+00 5.87323380e+00
  2.43206072e+00 1.22179329e+00 2.16505313e+00 1.19424915e+00
  1.46791780e+00 6.57107401e+00 3.72266889e-01 4.30599838e-01
  3.22057962e-01 1.02286139e+01 2.79276133e+00 1.53649464e-01
  0.00000000e+00 1.56921291e+00 1.94516599e+00 6.30178392e-01
  4.45861816e-01 5.73787153e-01 6.31783247e-01 4.48617458e+00
  1.27703309e-01 6.92224428e-02 4.26985949e-01 5.50729799e+00
  1.14119291e+00 0.00000000e+00 1.26860821e+00 2.10928345e+00
  7.68598890e+00 3.43646079e-01 9.26740456e+00 3.15390897e+00
  1.37310433e+00 1.76650357e+00 1.01865041e+00 5.49635983e+00
  2.23694348e+00 5.59657700e-02 1.71315265e+00 2.15309620e+00
  6.49241924e-01 2.39829612e+00 3.43356699e-01 7.13494253e+00
  4.51644421e+00 9.74942744e-02 5.57858849e+00 3.20055515e-01
  1.63471580e+00 3.86522084e-01 2.34210372e+00 5.33110714e+00
  3.52941561e+00 2.01723146e+00 5.49378014e+00 9.59683895e+00
  7.77350330e+00 1.92294717e+00 9.26155329e-01 1.33814240e+00
  4.34654140e+00 7.89912760e-01 1.49724022e-01 4.62514281e-01
  2.94804007e-01 1.93575174e-01 6.99000001e-01 4.85254574e+00
  9.81289864e-01 9.06929493e-01 1.95542264e+00 2.30111051e+00
  5.98043394e+00 5.20823765e+00 1.11153555e+00 1.04205215e+00
  3.93928862e+00 1.13904130e+00 1.38187334e-01 1.96239161e+00
  1.01878166e+00 6.75200343e-01 3.48913455e+00 3.31809902e+00
  4.40879613e-02 0.00000000e+00 5.01163149e+00 9.46879685e-02
  1.00220501e+00 1.78239489e+00 5.44296026e+00 9.91914570e-01
  7.54346561e+00 6.05657876e-01 7.06833315e+00 2.24515367e+00
  2.55051041e+00 9.33509636e+00 8.42912972e-01 6.35725856e-01
  6.55775404e+00 1.27680171e+00 3.75323147e-01 1.73374251e-01
  1.45621729e+00 8.07709932e-01 3.52190757e+00 2.24024630e+00
  1.33126974e+00 1.50704312e+00 3.00975060e+00 5.11199117e-01]]