[[8.28574598e-01 1.70548666e+00 2.99962580e-01 5.64583349e+00
  1.71335280e-01 5.14589977e+00 1.33707037e+01 7.38401318e+00
  1.75317931e+00 8.61226320e-02 3.99212182e-01 1.42894804e-01
  9.06296253e-01 8.54244804e+00 1.46289706e-01 6.38720512e-01
  3.21129948e-01 1.33579421e+00 3.92799306e+00 6.55371046e+00
  3.11777830e+00 1.47765231e+00 1.73851430e+00 9.31161046e-02
  0.00000000e+00 3.77893949e+00 5.72803736e-01 1.16212046e+00
  2.58823371e+00 2.88246131e+00 1.81324363e+00 1.70999384e+00
  8.05014849e-01 3.04711008e+00 0.00000000e+00 2.01726580e+00
  6.13674700e-01 2.11457205e+00 6.92245722e+00 1.81842399e+00
  2.99399525e-01 1.76653075e+00 5.78023863e+00 1.14075124e+00
  1.38120130e-01 1.52475834e+00 6.09960377e-01 3.83455485e-01
  8.52113664e-01 6.11060047e+00 1.46517730e+00 9.00328904e-02
  0.00000000e+00 2.80267143e+00 4.27522326e+00 3.32248425e+00
  1.02030058e+01 1.28862667e+00 2.15416104e-01 1.28288341e+00
  1.19439769e+00 1.42801929e+00 3.16944289e+00 1.31101770e+01
  5.35969782e+00 8.93150711e+00 0.00000000e+00 1.54076281e+01
  1.88344970e-01 1.18828726e+00 1.94247317e+00 8.82753193e-01
  0.00000000e+00 9.21890640e+00 1.01467252e+00 1.40527916e+00
  2.71319509e-01 3.22372764e-01 3.30715179e-02 4.70870018e+00
  1.30735502e-01 1.39073288e+00 1.80471861e+00 1.56213033e+00
  7.43862963e+00 1.05630815e+00 0.00000000e+00 3.05882597e+00
  8.08878231e+00 7.07696021e-01 4.91570711e+00 1.75574049e-01
  5.42485341e-02 1.35792553e+00 2.03903532e+00 0.00000000e+00
  1.94969940e+00 4.24812651e+00 6.31168890e+00 6.54249370e-01
  3.95750141e+00 1.39053810e+00 5.34003448e+00 8.93722057e+00
  2.17023611e+00 1.56550086e+00 2.78063297e-01 3.62154216e-01
  1.19536713e-01 1.36140096e+00 2.04327631e+00 3.14560962e+00
  8.16151202e-01 2.23556280e-01 9.97403502e-01 3.26614112e-01
  1.72604251e+00 2.94923115e+00 1.72034454e+00 1.02830009e+01
  8.24290454e-01 1.09478927e+00 5.26223838e-01 4.31280136e+00
  4.47036886e+00 3.80887121e-01 2.67280877e-01 1.75174162e-01
  1.25120652e+00 1.80798359e+01 8.60342383e-01 2.38439426e-01
  1.28348761e+01 1.22351623e+00 8.31570327e-02 3.28219819e+00
  1.43202353e+00 3.79802823e+00 6.66784585e-01 1.61365871e+01
  0.00000000e+00 5.49515390e+00 1.95252979e+00 2.32509041e+00
  2.66408610e+00 6.01857567e+00 5.49467683e-01 3.31779897e-01
  1.98952362e-01 4.90614548e-02 5.85987091e+00 1.69583201e-01
  1.92994249e+00 1.33292222e+00 1.72997981e-01 7.81323314e-01
  3.07234263e+00 2.72474837e+00 3.25525093e+00 7.90944219e-01
  1.97567391e+00 8.36426449e+00 7.73394299e+00 1.47143006e-01
  3.12464094e+00 1.62146389e+00 3.89168501e-01 3.59666467e+00
  5.94602525e-01 1.36536980e+00 9.14933741e-01 2.44437620e-01
  3.97989297e+00 6.32172465e-01 4.61706877e+00 5.22099066e+00
  0.00000000e+00 1.37626934e+00 9.19567108e+00 7.19555676e-01
  6.02622604e+00 5.07250977e+00 2.33134341e+00 4.74803805e-01
  2.28335690e+00 6.85781598e-01 3.99325609e-01 4.27131939e+00
  3.46794367e+00 2.55123210e+00 4.34391260e+00 1.54994488e-01
  0.00000000e+00 2.21651888e+00 5.68708956e-01 0.00000000e+00
  5.54192603e-01 7.53372574e+00 5.67895889e+00 0.00000000e+00
  3.28102612e+00 3.56481218e+00 1.93924546e+00 3.77633899e-01
  8.63175154e-01 7.53435850e-01 0.00000000e+00 4.37208772e-01
  1.01503289e+00 2.11521721e+00 2.61317110e+00 2.10459232e+00
  9.39968050e-01 7.31425810e+00 1.46982121e+00 4.68322945e+00
  1.58293679e-01 1.47149473e-01 1.56721854e+00 8.82441700e-01
  3.61998886e-01 3.95846725e+00 1.20280857e+01 1.68582630e+00
  7.03124809e+00 9.09618473e+00 1.47631764e-01 3.05731893e+00
  2.35049319e+00 7.89599597e-01 2.67255998e+00 3.12808752e+00
  7.27618992e-01 7.14712977e-01 2.81655550e+00 1.48012590e+00
  7.24682570e-01 9.45939255e+00 1.10548639e+00 2.82548008e+01
  1.72404468e-01 1.78990674e+00 6.36145782e+00 1.08267367e-01
  3.18569565e+00 2.09049664e+01 8.42017651e+00 0.00000000e+00
  4.91211700e+00 1.22920543e-01 6.72765636e+00 2.71666980e+00
  4.05388415e-01 1.36654878e+00 6.47818923e-01 2.78452694e-01
  1.61853492e+00 1.45846212e+00 5.87802768e-01 9.59215641e+00
  6.03027523e-01 5.18617332e-01 0.00000000e+00 2.27172807e-01
  2.70305395e+00 8.86912346e+00 0.00000000e+00 3.45971751e+00
  2.70045495e+00 2.42101789e+00 1.81890070e+00 0.00000000e+00
  1.29591637e+01 2.63745278e-01 1.06363690e+00 6.28969431e-01
  7.29698563e+00 1.63608766e+00 7.77183101e-02 2.72703958e+00
  3.48111606e+00 3.68908048e+00 6.92179155e+00 6.73476756e-01
  2.14771152e-01 0.00000000e+00 1.59065235e+00 1.76021278e+00
  5.06366444e+00 1.06958711e+00 4.01489615e-01 7.89477682e+00
  2.33388782e+00 3.74708563e-01 4.69904566e+00 1.51467144e+00
  1.05778956e+00 3.48127413e+00 1.80196619e+00 2.34896272e-01
  1.90630651e+00 7.51899719e-01 2.46168637e+00 0.00000000e+00
  2.02865195e+00 4.29133475e-01 9.03108954e-01 3.01875901e+00
  6.30951500e+00 1.50051534e+00 1.44861186e+00 1.03267884e+00
  1.26388204e+00 3.56199408e+00 9.11636448e+00 7.13573158e-01
  1.10669576e-01 4.89625406e+00 4.15292948e-01 1.09807348e+00
  1.46308794e+01 1.51219320e+00 5.41737080e-01 0.00000000e+00
  1.70362496e+00 3.83701682e+00 4.58991671e+00 7.31002331e-01
  0.00000000e+00 0.00000000e+00 1.19437587e+00 5.09238958e+00
  2.48790050e+00 8.84978294e-01 5.65691996e+00 2.06089354e+00
  1.02052617e+00 1.11121416e+01 0.00000000e+00 5.41464472e+00
  8.11065733e-01 7.58475214e-02 1.80020952e+00 1.18056517e+01
  1.19100817e-01 4.45195436e+00 1.77398777e+00 0.00000000e+00
  2.59856105e+00 2.91080666e+00 3.35509390e-01 1.86069563e-01
  0.00000000e+00 9.34928954e-01 1.20244920e+00 1.18273652e+00
  2.18015480e+00 7.54090834e+00 6.38899612e+00 4.27116007e-01
  7.91772270e+00 2.76916206e-01 2.89029218e-02 9.76987898e-01
  2.67872643e+00 2.14400959e+00 8.15182018e+00 4.42565203e-01
  1.46877146e+00 0.00000000e+00 9.48719084e-02 2.82238579e+00
  1.00909653e+01 7.03814220e+00 2.95440912e+00 6.97960281e+00
  1.09759319e+00 0.00000000e+00 8.67085382e-02 2.04804993e+00
  1.27348394e+01 1.36625326e+00 1.06914006e-01 3.52703738e+00
  2.46981430e+00 1.12643278e+00 1.03163409e+00 0.00000000e+00
  1.22609437e+00 4.30661297e+00 4.00172800e-01 6.41103327e-01
  6.45498180e+00 5.19856739e+00 0.00000000e+00 3.70581627e+00
  1.70479548e+00 1.34700727e+00 2.78804183e+00 8.60250771e-01
  1.69445503e+00 2.76325488e+00 0.00000000e+00 1.28433728e+00
  3.83367181e+00 9.99900341e-01 4.40007336e-02 6.93812466e+00
  1.61675715e+00 1.80660367e+00 1.79550254e+00 3.41398597e-01
  0.00000000e+00 2.43363171e+01 4.01058346e-01 0.00000000e+00
  2.05790591e+00 7.31923461e-01 5.31811190e+00 3.09837532e+00
  2.75405955e+00 8.33841264e-01 3.32310414e+00 7.60755205e+00
  4.44520235e+00 1.53674917e+01 5.92831230e+00 5.15147018e+00
  1.13594306e+00 5.05701017e+00 1.78562671e-01 2.97116756e-01
  5.34605694e+00 2.69288659e+00 0.00000000e+00 2.03569603e+00
  1.47156924e-01 2.15648317e+00 1.27065275e-02 1.87338710e+00
  1.44390810e+00 1.92749751e+00 5.66180870e-02 2.29946077e-01
  3.53246890e-02 1.88671255e+00 1.97631717e+00 7.19242096e-01
  6.96401522e-02 9.09354627e-01 2.25225902e+00 3.76073122e+00
  2.39278746e+00 2.70366549e-01 2.80655891e-01 4.15400314e+00
  1.41762896e+01 0.00000000e+00 1.28337145e-01 4.16407645e-01
  4.03988886e+00 3.94484258e+00 8.67221832e-01 3.95955116e-01
  3.64262867e+00 4.68008786e-01 0.00000000e+00 1.21105337e+00
  1.45605075e+00 2.25435066e+00 6.46847868e+00 3.43360877e+00
  1.13121696e-01 9.67372131e+00 1.77760673e+00 2.86804944e-01
  1.49076319e+00 5.77136055e-02 0.00000000e+00 7.20689952e-01
  1.17762113e+00 2.17286243e+01 5.03751659e+00 2.62009168e+00
  1.14601231e+00 6.74537134e+00 5.44638395e+00 1.76031542e+00
  8.65336657e-01 2.23020005e+00 8.09851837e+00 9.98773956e+00
  4.51038659e-01 4.72267449e-01 9.98397827e-01 2.65050268e+00
  7.22478008e+00 3.72364497e+00 4.62929249e+00 6.41350985e-01
  1.25664911e+01 4.97102261e+00 2.70327234e+00 2.18311405e+00
  1.89432132e+00 3.08713019e-01 8.08531380e+00 1.72087419e+00
  2.28386450e+00 9.69309688e-01 2.03270721e+01 4.39752191e-01]]