[[1.94884634e+00 3.09562993e+00 4.38241196e+00 6.58482850e-01
  1.04671097e+00 8.39030743e+00 5.41081285e+00 0.00000000e+00
  0.00000000e+00 2.31802297e+00 1.62678468e+00 6.86708570e-01
  2.88739252e+00 3.48588061e+00 0.00000000e+00 2.37135792e+00
  3.63539547e-01 6.81991577e-01 1.09647512e+00 3.07599497e+00
  6.12373687e-02 9.94512272e+00 6.11439562e+00 1.01228678e+00
  2.85004187e+00 5.40665150e+00 0.00000000e+00 0.00000000e+00
  8.20197582e+00 0.00000000e+00 8.42148140e-02 5.22919559e+00
  1.47632614e-01 5.32399130e+00 2.46814996e-01 6.74739659e-01
  1.69666612e+00 0.00000000e+00 3.48163342e+00 1.91389811e+00
  8.23417664e-01 1.78531408e+00 6.33827686e-01 8.04978669e-01
  1.98358428e-02 5.60755312e-01 5.32025337e+00 1.83603704e+00
  3.40356231e+00 2.06221595e-01 4.28259850e+00 1.57769299e+00
  2.57804489e+00 8.18053186e-01 8.93839598e-01 2.72988021e-01
  1.24847972e+00 4.47125387e+00 2.83207226e+00 7.70011991e-02
  0.00000000e+00 2.39573047e-01 2.85670495e+00 4.87124681e+00
  1.56847191e+00 1.14378130e+00 4.24889803e+00 5.83028197e-01
  7.53698409e-01 4.93533090e-02 6.98496485e+00 1.25695634e+00
  0.00000000e+00 3.63010216e+00 9.58538771e-01 4.87136126e-01
  1.03202915e+00 0.00000000e+00 1.65024936e+00 3.09614277e+00
  0.00000000e+00 9.01758289e+00 5.12546635e+00 1.12542582e+00
  2.34292030e+00 3.04170847e+00 1.06598400e-01 9.53627527e-01
  2.84701514e+00 4.44284528e-01 1.42777562e+00 1.72284532e+00
  2.32103086e+00 2.09238553e+00 8.93605590e-01 2.64906883e+00
  1.94635367e+00 1.18764842e+00 4.87129360e-01 1.39973330e+00
  4.87979919e-01 8.74879658e-01 9.84588432e+00 3.52720332e+00
  6.92164373e+00 2.28933115e-02 2.06062973e-01 1.77600503e+00
  2.27688026e+00 7.58828700e-01 6.89216316e-01 3.89462209e+00
  2.00579971e-01 4.99254465e+00 1.14407182e+00 3.39383149e+00
  2.29250097e+00 2.79684830e+00 0.00000000e+00 1.38971722e+00
  2.53029108e+00 0.00000000e+00 0.00000000e+00 0.00000000e+00
  2.77089238e+00 3.78635168e-01 0.00000000e+00 0.00000000e+00
  1.61228985e-01 1.10768805e+01 3.73142672e+00 0.00000000e+00
  1.09628611e+01 4.13401222e+00 9.19151604e-01 1.04443562e+00
  2.77829695e+00 5.27470350e-01 3.30865264e+00 3.79537463e+00
  3.21643949e+00 8.16708565e-01 1.69462502e-01 4.32664633e-01
  7.55859792e-01 3.29249859e+00 3.25276709e+00 2.41893315e+00
  2.61529636e+00 3.17902136e+00 1.75832736e+00 4.57966775e-01
  3.84315872e+00 2.31980577e-01 6.41203582e-01 1.85806513e+00
  5.33270657e-01 9.46367455e+00 3.17335241e-02 4.63881874e+00
  1.80588350e-01 1.75584960e+00 3.31172490e+00 1.93625331e+00
  1.16678822e+00 1.02169764e+00 1.02122650e-01 3.41875339e+00
  2.39331722e-02 3.49240804e+00 1.59463763e+00 2.25662637e+00
  9.26790333e+00 1.86749184e+00 2.09122586e+00 3.07934785e+00
  0.00000000e+00 8.29339886e+00 5.48905802e+00 0.00000000e+00
  1.45228982e+00 9.51299369e-01 3.33097553e+00 4.69557606e-02
  7.93829799e-01 4.21325827e+00 1.10454202e+00 2.50290543e-01
  1.02101269e+01 2.10664248e+00 8.61128712e+00 0.00000000e+00
  0.00000000e+00 4.34892750e+00 1.36150682e+00 1.80366725e-01
  4.52961400e-02 8.20507336e+00 3.36051285e-01 0.00000000e+00
  4.83504057e+00 8.29718471e-01 3.57101750e+00 1.00947046e+00
  1.39472032e+00 2.18992734e+00 2.41254258e+00 1.94937110e-01
  7.27796197e-01 2.83734531e+01 1.36926723e+00 3.80822092e-01
  1.58633307e-01 6.01395416e+00 3.99133205e-01 8.71609211e-01
  3.40616763e-01 0.00000000e+00 9.66099203e-01 7.30075300e-01
  3.57532167e+00 7.97505569e+00 3.20085406e-01 0.00000000e+00
  5.23635244e+00 5.20097208e+00 2.30385259e-01 7.89009392e-01
  0.00000000e+00 4.59084451e-01 2.05148652e-01 7.09977484e+00
  3.62006116e+00 2.82026172e+00 1.11204970e+00 4.48455667e+00
  3.96291280e+00 1.29253197e+00 6.85782337e+00 2.85322165e+00
  5.28038368e-02 4.25394440e+00 2.32370949e+00 1.84130692e+00
  8.48403633e-01 3.70478392e+00 2.64064980e+00 1.21094294e-01
  5.58163929e+00 9.31031227e+00 5.44771338e+00 2.18818396e-01
  7.07085282e-02 3.83058953e+00 8.19158673e-01 0.00000000e+00
  4.67481232e+00 4.78678405e-01 3.27246976e+00 1.73832262e+00
  8.48188102e-01 1.04463451e-01 1.02548885e+00 0.00000000e+00
  3.24015021e-01 4.23134506e-01 2.38292241e+00 0.00000000e+00
  1.57274055e+00 1.38495886e+00 5.84914684e+00 3.11485386e+00
  1.96054578e-01 1.35657382e+00 6.31512213e+00 1.38425863e+00
  3.02042937e+00 0.00000000e+00 2.40722388e-01 0.00000000e+00
  1.80992770e+00 1.16988885e+00 0.00000000e+00 9.24077258e-02
  6.82699823e+00 4.77901191e-01 4.11008167e+00 4.55104828e-01
  5.40881729e+00 2.64578962e+00 3.34536648e+00 1.86994183e+00
  1.15198231e+01 3.79653406e+00 2.36287904e+00 5.31066704e+00
  1.45576882e+00 4.62862819e-01 5.00324965e+00 0.00000000e+00
  6.25103188e+00 3.75877786e+00 7.96734631e-01 1.00596428e+00
  2.61880636e-01 1.62556529e-01 8.55578709e+00 2.18828797e+00
  2.92630959e+00 6.90846920e-01 2.57461238e+00 2.61676741e+00
  7.38389611e-01 7.32724518e-02 1.61790204e+00 2.70535445e+00
  2.95800781e+00 1.48663092e+00 1.34399727e-01 1.18383038e+00
  1.65056038e+00 3.27928734e+00 4.68102455e+00 8.39766979e-01
  5.51891804e-01 1.98698747e+00 3.61812043e+00 0.00000000e+00
  4.13541460e+00 6.77534699e-01 3.47146392e-01 9.12327349e-01
  0.00000000e+00 9.12087917e-01 4.33364916e+00 4.66165161e+00
  3.73121452e+00 1.59163344e+00 6.82626367e-01 1.35006821e+00
  9.46645164e+00 5.85486412e-01 6.31962895e-01 1.76179385e+00
  2.82217574e+00 8.92726183e-01 0.00000000e+00 0.00000000e+00
  1.92109156e+00 1.31604409e+00 1.04869388e-01 1.52486968e+00
  0.00000000e+00 2.31645489e+00 1.59693480e-01 5.80206096e-01
  1.18655048e-01 3.53797746e+00 1.00439215e+00 1.09649634e+00
  1.12698574e+01 1.22940123e+00 4.66038615e-01 7.82219076e+00
  2.17010951e+00 0.00000000e+00 1.05660925e+01 3.03268647e+00
  3.57522219e-01 1.90495387e-01 5.35689652e-01 2.89631677e+00
  1.15387201e+00 1.45895326e+00 3.35507202e+00 3.25154960e-01
  1.10248303e+00 2.00461006e+00 0.00000000e+00 6.37950993e+00
  8.70595515e-01 4.11826611e+00 3.26191664e-01 5.05401611e+00
  0.00000000e+00 5.64050150e+00 2.08545303e+00 6.86379015e-01
  2.74109507e+00 9.09707928e+00 8.24551821e-01 6.05436420e+00
  1.46235394e+00 6.66629982e+00 1.63111436e+00 1.64773607e+00
  7.43730739e-02 3.46552706e+00 5.16253090e+00 1.01375866e+00
  8.70455861e-01 1.19221220e+01 2.18617415e+00 3.08443642e+00
  4.22299445e-01 1.20598590e+00 0.00000000e+00 3.81887889e+00
  1.19595575e+01 6.02134645e-01 5.10701227e+00 4.26452589e+00
  0.00000000e+00 1.23697388e+00 1.51043057e+00 7.74254382e-01
  0.00000000e+00 1.95477694e-01 0.00000000e+00 0.00000000e+00
  2.47782528e-01 0.00000000e+00 1.14286172e+00 2.54286265e+00
  0.00000000e+00 2.20037317e+00 7.78927374e+00 1.53025019e+00
  1.99871719e+00 1.01756930e+00 1.94259632e+00 0.00000000e+00
  2.10815740e+00 5.95421124e+00 3.11835349e-01 7.43197680e+00
  8.39251041e-01 4.72624445e+00 0.00000000e+00 1.53978765e+00
  0.00000000e+00 3.02654862e-01 1.30956516e-01 2.18021148e-03
  3.79832792e+00 8.55916560e-01 1.35330486e+00 2.04710317e+00
  4.65161800e+00 8.32153633e-02 2.41753197e+00 3.65550256e+00
  3.39185095e+00 4.27323103e+00 7.29934633e-01 3.05911601e-01
  7.05013812e-01 1.90378988e+00 1.27673042e+00 3.69060540e+00
  1.31125116e+00 1.05631483e+00 3.28514743e+00 3.76912326e-01
  7.30394423e-01 2.99918032e+00 1.85522056e+00 1.74557781e+00
  2.79065442e+00 2.13184524e+00 5.27153254e-01 3.91585493e+00
  2.14833707e-01 3.84784889e+00 1.06651545e+00 5.82436323e+00
  0.00000000e+00 1.89838243e+00 1.30606323e-01 8.20237696e-01
  9.40126038e+00 1.49290478e+00 1.35933006e+00 3.42320442e+00
  2.69755268e+00 5.89080334e-01 4.41336147e-02 0.00000000e+00
  1.07309157e-02 2.23404622e+00 4.35576868e+00 2.19280005e+00
  1.80228269e+00 8.90230477e-01 5.98340452e-01 6.09859765e-01
  1.85027969e+00 4.34432602e+00 3.34211856e-01 1.49098706e+00
  1.62725031e+00 1.11913848e+00 2.12519503e+00 5.32495677e-01
  9.66454074e-02 0.00000000e+00 2.59604907e+00 6.17319298e+00
  9.33835685e-01 3.37102771e+00 1.38557696e+00 2.66870713e+00]]