[[2.33182263e+00 0.00000000e+00 7.63198376e-01 4.48671728e-01
  8.65406334e-01 1.98884547e+00 1.75596738e+00 3.36507671e-02
  2.22916335e-01 6.79830134e-01 1.87358424e-01 2.36672711e+00
  5.41859913e+00 2.56834447e-01 7.98249468e-02 1.59855819e+00
  1.16753173e+00 2.00177073e+00 2.18255782e+00 1.32726645e+00
  1.89334720e-01 1.01900978e+01 4.27631950e+00 2.28978917e-01
  2.58780241e+00 5.02157784e+00 1.13463860e+01 9.76319218e+00
  2.26602387e+00 7.15901709e+00 2.19792008e-01 3.02011240e-02
  3.66801620e+00 3.87307739e+00 3.13257873e-01 2.05380177e+00
  2.52120686e+00 9.27639753e-02 8.39960861e+00 1.81294000e+00
  3.88203239e+00 1.57928455e+00 3.66896367e+00 4.12694263e+00
  1.61954033e+00 9.22946513e-01 3.24628782e+00 2.30515575e+00
  3.32680702e+00 4.03238803e-01 8.93939495e-01 3.37920976e+00
  1.04511762e+00 8.14112782e-01 3.33844423e+00 1.58952248e+00
  3.46430254e+00 1.46743178e+00 2.06554127e+00 8.53721872e-02
  1.75132585e+00 9.97924283e-02 2.46920371e+00 4.48695183e+00
  4.74145450e-02 5.93367696e-01 1.17513525e+00 8.38730037e-01
  4.32725310e-01 3.59032893e+00 3.49501133e+00 2.04906797e+00
  6.53007686e-01 7.49190426e+00 6.29306889e+00 2.04656911e+00
  3.16895843e-01 6.14858903e-02 7.32722282e-01 0.00000000e+00
  0.00000000e+00 5.20373058e+00 1.96730363e+00 2.61811113e+00
  1.14020407e+00 1.85871601e+00 6.52671099e-01 2.94966787e-01
  3.04543328e+00 4.38152522e-01 1.21639562e+00 1.74941644e-01
  0.00000000e+00 1.01090479e+00 1.88475859e+00 9.30427834e-02
  1.90244949e+00 2.47657150e-01 1.18427825e+00 4.88243151e+00
  2.46453613e-01 6.74156094e+00 7.16650009e+00 7.53060484e+00
  1.56526279e+00 3.71732824e-02 2.46680570e+00 3.05642098e-01
  3.18038416e+00 8.08138013e-01 1.82042316e-01 1.23915088e+00
  1.07766271e-01 4.40163708e+00 1.52750039e+00 1.69890523e-01
  4.20315981e+00 3.14834863e-01 8.97334993e-01 1.31156063e+00
  0.00000000e+00 2.35175490e+00 1.10342038e+00 4.65366173e+00
  4.43219852e+00 3.78279757e+00 6.91095531e-01 3.87947969e-02
  2.58834958e+00 2.31402755e-01 2.18707353e-01 1.72144681e-01
  1.39789498e+00 8.94403636e-01 1.97932124e+00 2.01181054e+00
  3.50919485e+00 0.00000000e+00 1.28950381e+00 6.55353516e-02
  2.21743560e+00 0.00000000e+00 5.67247808e-01 3.51132226e+00
  3.68724442e+00 0.00000000e+00 3.60454035e+00 1.70849100e-01
  0.00000000e+00 1.10553277e+00 0.00000000e+00 1.52919459e+00
  1.41760898e+00 0.00000000e+00 1.40011179e+00 0.00000000e+00
  8.66148710e-01 2.12660265e+00 7.54701972e-01 1.09876263e+00
  5.45439720e-01 5.07278109e+00 1.98378873e+00 0.00000000e+00
  1.26932383e+00 2.17864251e+00 0.00000000e+00 2.86828208e+00
  3.66952121e-01 1.85195029e-01 8.32357883e+00 1.22813925e-01
  8.29121208e+00 6.23257101e-01 3.78065616e-01 2.74660826e+00
  2.73032039e-01 2.24757147e+00 5.63783312e+00 1.41677160e+01
  9.16901886e-01 1.03301120e+00 1.32244468e+00 1.43594384e-01
  0.00000000e+00 3.07164371e-01 4.63700294e-02 2.32521564e-01
  4.22530556e+00 4.43394870e-01 0.00000000e+00 0.00000000e+00
  0.00000000e+00 7.74499130e+00 6.61458969e-02 2.29310412e-02
  1.40719521e+00 2.24532723e-01 2.27731526e-01 1.37369586e-02
  6.71213961e+00 4.21343613e+00 4.92426968e+00 1.34927487e+00
  2.99309134e-01 9.26072121e-01 0.00000000e+00 9.90693092e-01
  1.30261219e+00 1.29234142e+01 1.41478848e+00 1.36271346e+00
  3.15343380e-01 2.79134542e-01 0.00000000e+00 1.29728305e+00
  4.88747627e-01 1.28056276e+00 6.41514659e-01 2.51115263e-01
  2.45844913e+00 5.23702145e+00 2.10705876e+00 4.18365747e-01
  2.65545011e+00 3.09336424e-01 2.72804737e+00 4.38488102e+00
  0.00000000e+00 5.87901235e-01 3.56968716e-02 3.51194239e+00
  6.09142661e-01 1.70263779e+00 5.73537529e-01 3.00582814e+00
  2.15444613e+00 1.05499673e+00 6.73057616e-01 3.28865081e-01
  1.56327295e+00 1.91974783e+00 1.07815647e+00 4.65739536e+00
  1.23859906e+00 6.09211969e+00 5.07940865e+00 1.34334683e+00
  2.52084780e+00 1.51626635e+00 4.70836830e+00 1.87083125e+00
  2.28395414e+00 5.37155342e+00 1.44138658e+00 1.32460222e-01
  2.41191077e+00 2.66615105e+00 4.16359615e+00 8.72015381e+00
  1.27434015e-01 0.00000000e+00 1.29771218e-01 7.75693989e+00
  3.52485681e+00 0.00000000e+00 1.88110161e+00 1.41713822e+00
  1.94842005e+00 5.47484756e-01 4.54743958e+00 0.00000000e+00
  2.44491768e+00 4.31718111e+00 5.25326133e-02 7.79250324e-01
  6.85490131e+00 2.33674690e-01 2.24004127e-02 1.34397492e-01
  2.91140842e+00 7.06779480e-01 8.50950181e-02 1.20923173e+00
  0.00000000e+00 4.83872555e-03 1.35789648e-01 1.82405436e+00
  2.28844213e+00 4.17441368e+00 2.46813595e-01 0.00000000e+00
  5.39241982e+00 7.80727959e+00 3.34231639e+00 1.14278638e+00
  6.10340476e-01 4.37888956e+00 0.00000000e+00 4.31314737e-01
  1.23100209e+00 3.97613406e-01 2.11179233e+00 0.00000000e+00
  6.62138343e-01 1.22009170e+00 7.99215019e-01 3.14604610e-01
  7.09090114e-01 5.16363323e-01 1.76982617e+00 1.30797148e-01
  2.33476385e-01 2.00516772e+00 2.20120959e-02 2.09619522e-01
  1.85226941e+00 4.74383688e+00 3.59490216e-01 0.00000000e+00
  1.29528418e-01 5.62495327e+00 9.19604540e-01 1.54716182e+00
  2.62418008e+00 1.54533303e+00 6.16199350e+00 4.29731101e-01
  3.89932156e+00 4.08952379e+00 3.13374847e-01 5.70281386e-01
  4.52850550e-01 8.03090930e-01 1.81818342e+00 2.61698222e+00
  1.50234485e+00 3.67511058e+00 2.70978093e+00 1.45155597e+00
  2.01475215e+00 5.53569853e-01 1.17859937e-01 1.02933705e+00
  1.56765032e+00 8.18015456e-01 1.52609468e+00 1.79549098e+00
  6.90508187e-01 0.00000000e+00 1.40750837e+00 9.29978848e-01
  2.71679974e+00 1.66833878e-01 9.41154510e-02 1.16303706e+00
  0.00000000e+00 3.62584114e+00 2.05131650e+00 3.50159854e-01
  8.12099552e+00 0.00000000e+00 1.17584028e+01 6.35262871e+00
  7.44262362e+00 3.10065794e+00 8.34901237e+00 1.41696000e+00
  1.63761747e+00 0.00000000e+00 0.00000000e+00 9.98455226e-01
  2.51695871e+00 0.00000000e+00 2.61629677e+00 4.90189344e-01
  1.02007377e+00 5.34084654e+00 2.57424235e-01 2.02161884e+00
  2.06845209e-01 9.81974125e-01 1.28937852e+00 2.46847820e+00
  6.47538519e+00 5.64296246e-01 7.81494319e-01 0.00000000e+00
  9.89780366e-01 4.45384550e+00 1.00525725e+00 1.61104906e+00
  2.62036133e+00 1.50076771e+00 0.00000000e+00 2.61506486e+00
  4.92766708e-01 2.68197942e+00 3.88044930e+00 1.45185304e+00
  3.32702637e+00 6.87267065e+00 2.40954518e-01 6.39818716e+00
  6.80184460e+00 2.60816127e-01 5.81080794e-01 3.94170642e-01
  1.20285891e-01 6.84849977e-01 2.66879678e+00 6.97998643e-01
  0.00000000e+00 0.00000000e+00 1.04092062e+00 2.29545206e-01
  5.36691332e+00 1.55625558e+00 1.31425190e+00 4.36722660e+00
  4.84629035e-01 0.00000000e+00 1.84009838e+00 2.80514002e+00
  1.54596508e+00 6.13078356e-01 1.44652665e+00 7.13219106e-01
  5.57885945e-01 2.17677489e-01 4.44698429e+00 3.43343997e+00
  1.68891830e+01 3.07455015e+00 1.13588142e+00 3.58543903e-01
  1.04643750e+00 2.35277939e+00 3.58327836e-01 3.82859826e-01
  2.37809110e+00 3.91543746e-01 4.55720097e-01 4.06260204e+00
  1.05939186e+00 2.54490852e+00 3.16416526e+00 1.52073669e+00
  5.44166230e-02 5.07691562e-01 5.65586388e-02 3.52848649e+00
  1.05770946e-01 2.45098948e+00 3.47098780e+00 6.06031455e-02
  4.32936728e-01 2.31729293e+00 5.85863531e-01 4.95105648e+00
  9.44893181e-01 1.45338988e-03 2.73651147e+00 8.92700970e-01
  0.00000000e+00 3.31565785e+00 3.12242055e+00 3.86751294e-01
  8.69797039e+00 6.44060791e-01 1.15946162e+00 1.79252058e-01
  3.51794434e+00 6.36204147e+00 1.19690967e+00 6.76861763e-01
  3.64322662e-01 3.39741850e+00 0.00000000e+00 5.97121894e-01
  4.34854358e-01 4.94428053e-02 9.91509110e-02 9.06778157e-01
  0.00000000e+00 5.38060009e-01 2.85847497e+00 3.51631188e+00
  1.43306005e+00 0.00000000e+00 1.17595959e+00 1.41120183e+00
  9.39565003e-01 5.41327477e+00 3.69920015e+00 7.77556598e-01
  4.47019768e+00 1.32322073e+00 3.24253726e+00 1.93538201e+00
  1.16128135e+00 4.16316777e-01 1.30518472e+00 3.89577955e-01
  5.80912638e+00 2.80198026e+00 1.50443125e+00 1.26222789e+00
  7.80223822e-03 1.61117291e+00 4.30896854e+00 9.43225443e-01]]