[[3.58774686e+00 2.88176560e+00 1.17826211e+00 7.04592884e-01
  2.49211550e+00 6.16118193e-01 9.78146172e+00 0.00000000e+00
  2.63377142e+00 7.54309118e-01 2.20534801e+00 3.51012278e+00
  0.00000000e+00 4.51409531e+00 1.57458365e-01 2.56999850e+00
  3.09500313e+00 4.26044106e-01 0.00000000e+00 2.38149142e+00
  9.34015095e-01 4.66679096e-01 2.75371313e+00 4.69053316e+00
  5.78909993e-01 5.95810318e+00 4.63130569e+00 1.25665396e-01
  4.64211702e+00 2.32553172e+00 0.00000000e+00 4.78368902e+00
  0.00000000e+00 3.87640452e+00 2.27047420e+00 4.71769333e+00
  4.19422340e+00 2.45278358e-01 4.99595261e+00 1.31630516e+00
  1.41877639e+00 3.40294391e-01 1.69954979e+00 1.08007956e+00
  8.89055610e-01 0.00000000e+00 3.00718403e+00 0.00000000e+00
  2.47421908e+00 3.71377945e+00 1.35839605e+00 1.51016533e+00
  4.69636684e-03 2.17080188e+00 0.00000000e+00 3.96789432e+00
  7.24365950e-01 5.53433895e+00 0.00000000e+00 2.63613164e-01
  1.04440403e+00 1.24059892e+00 1.03332586e+01 1.74119151e+00
  0.00000000e+00 3.65869492e-01 3.17857957e+00 1.27476490e+00
  4.99339771e+00 6.42719555e+00 1.50998831e+00 2.76209521e+00
  1.17444366e-01 1.45940650e+00 2.63905668e+00 1.74101651e+00
  1.79934755e-01 0.00000000e+00 7.65814185e-02 2.11092561e-01
  3.62637550e-01 1.54575882e+01 1.99889874e+00 1.42925704e+00
  4.48371029e+00 4.40452957e+00 4.92873788e-02 6.38331771e-01
  2.56552291e+00 2.09527388e-01 3.83719707e+00 7.51149237e-01
  6.27428442e-02 6.43842220e+00 3.89597714e-01 1.20151293e+00
  2.25974035e+00 2.36683226e+00 2.13867649e-01 7.80301690e-02
  2.36540407e-01 6.06781006e+00 2.41132689e+00 5.36033249e+00
  6.91370869e+00 3.27730012e+00 5.97057486e+00 2.10841283e-01
  9.54958379e-01 7.56426388e-03 4.55445242e+00 5.82104146e-01
  4.32393646e+00 1.15858305e+00 3.25968933e+00 6.96576655e-01
  2.76547742e+00 4.64737797e+00 4.02077138e-01 1.13244212e+00
  1.37709332e+00 1.82552204e-01 7.95572996e-01 6.00185204e+00
  0.00000000e+00 2.98479009e+00 5.69694936e-01 1.09349859e+00
  0.00000000e+00 1.88790207e+01 2.31679535e+00 0.00000000e+00
  2.34949917e-01 1.33097783e-01 1.28517056e+00 4.71727562e+00
  7.51066113e+00 1.60942185e+00 5.48169613e+00 2.22404647e+00
  1.11721230e+00 4.39400040e-02 1.68300462e+00 4.55292892e+00
  3.52708459e-01 1.41091323e+00 7.30054045e+00 2.18708801e+00
  3.88301969e-01 0.00000000e+00 6.35093868e-01 7.41283000e-01
  2.63389051e-01 1.02555332e+01 6.27427995e-02 0.00000000e+00
  4.47604239e-01 1.02069056e+00 0.00000000e+00 3.94214153e+00
  4.31342411e+00 4.60398483e+00 4.30007696e+00 1.13487589e+00
  2.66868615e+00 0.00000000e+00 8.38822663e-01 2.48957181e+00
  0.00000000e+00 2.54940414e+00 9.06641197e+00 2.21827960e+00
  1.13663065e+00 1.81436360e+00 3.88263845e+00 1.39440608e+00
  1.24564087e+00 1.04571402e+00 0.00000000e+00 2.84387708e+00
  1.57557428e+00 9.16330278e-01 2.06411600e+00 3.64852279e-01
  1.03830360e-01 1.19954944e+00 5.88151646e+00 1.14757729e+00
  1.13142252e+00 1.35287571e+00 1.51129160e-03 4.58300114e-01
  2.79362053e-01 5.30108690e+00 6.17793512e+00 5.83419943e+00
  6.06022239e-01 2.41350961e+00 4.29140896e-01 7.13699102e-01
  4.59795809e+00 0.00000000e+00 1.93514574e+00 4.64917564e+00
  1.77688682e+00 1.22801244e+00 5.58339596e-01 4.48675632e+00
  3.77422881e+00 6.26218170e-02 0.00000000e+00 0.00000000e+00
  2.34749928e-01 5.44917965e+00 7.48738766e-01 4.86331165e-01
  4.79216099e+00 1.51594782e+00 1.04611552e+00 1.63499916e+00
  8.61280411e-02 4.12972164e+00 1.67782378e+00 1.17595136e+00
  0.00000000e+00 1.66532218e+00 0.00000000e+00 2.71651208e-01
  9.78572071e-01 4.18675566e+00 7.67969862e-02 2.77376723e+00
  3.91790748e-01 4.83317852e+00 2.96114206e-01 4.29683065e+00
  8.52370071e+00 5.09838200e+00 5.15388727e+00 2.71284971e-02
  3.70530915e+00 0.00000000e+00 1.23991716e+00 1.24649107e+00
  7.47639656e-01 3.11427426e+00 2.79675007e+00 2.16049314e-01
  3.99472070e+00 6.05793381e+00 2.80359101e+00 1.99052739e+00
  6.59020007e-01 1.64565516e+00 4.92588341e-01 2.39082843e-01
  4.28837919e+00 5.53161049e+00 5.76712549e-01 0.00000000e+00
  2.76537627e-01 3.95462441e+00 6.99669719e-02 7.24111557e+00
  1.09210980e+00 3.04880643e+00 1.55237031e+00 2.84803605e+00
  1.25053263e+01 6.11997187e-01 8.66929913e+00 1.62756875e-01
  1.90070510e+00 9.72544402e-02 1.59913516e+00 3.65259480e+00
  2.82658505e+00 1.28429353e+00 7.96999812e-01 2.67646623e+00
  1.71889961e+00 0.00000000e+00 3.85129124e-01 3.88621998e+00
  7.72500849e+00 1.81993991e-02 4.38489676e+00 1.28111064e+00
  1.65749371e+00 4.57134366e-01 3.05103135e+00 2.64568353e+00
  8.71741772e+00 9.96066570e-01 4.32670259e+00 8.31912577e-01
  4.08523321e-01 1.61351204e+00 6.40242100e-01 4.23089355e-01
  3.37212706e+00 5.71265650e+00 6.78014374e+00 1.56867176e-01
  1.84282482e+00 4.36285067e+00 2.73823547e+00 5.65209627e-01
  2.92152524e-01 2.86736536e+00 3.51960659e+00 3.19714695e-01
  1.06991279e+00 2.11154580e+00 3.09444690e+00 2.69472122e+00
  6.35694790e+00 8.09265041e+00 2.00129056e+00 1.00297356e+00
  7.00785494e+00 6.62933111e+00 7.50905418e+00 5.24528408e+00
  2.06874108e+00 3.43662453e+00 4.49006701e+00 0.00000000e+00
  2.93566084e+00 0.00000000e+00 2.36293030e+00 2.70441413e+00
  2.99585605e+00 2.64366448e-01 1.31110001e+01 3.34617376e+00
  2.32895088e+00 1.89211309e+00 7.16624355e+00 1.01997650e+00
  2.28280210e+00 2.36622095e+00 2.57797152e-01 7.55366564e-01
  2.35960078e+00 1.94763184e+00 5.29769230e+00 4.55940151e+00
  2.70087171e+00 1.65989935e+00 1.74511403e-01 2.16552734e-01
  7.83516228e-01 4.41949844e+00 2.69478887e-01 1.18184972e+00
  4.26669931e+00 4.24614668e+00 0.00000000e+00 1.38694203e+00
  1.03170931e+00 8.34274113e-01 4.16138619e-01 1.52883596e+01
  1.70931232e+00 0.00000000e+00 8.84729481e+00 9.96788502e-01
  6.39208221e+00 9.49652767e+00 6.32095098e+00 2.05587077e+00
  1.13760161e+00 1.81678462e+00 1.36693215e+00 1.24899054e+00
  1.81543612e+00 7.45779848e+00 1.21310458e-01 5.63679218e+00
  6.18335295e+00 1.91154230e+00 0.00000000e+00 3.44506669e+00
  3.34326601e+00 1.33455133e+00 1.42742455e+00 1.75053322e+00
  1.44861603e+00 6.64891529e+00 2.49546766e+00 1.86995459e+00
  0.00000000e+00 1.26500607e+00 1.92087412e+00 1.77884269e+00
  5.35619736e+00 2.25540042e+00 6.50702953e+00 1.26689327e+00
  1.54743910e+00 4.43817377e+00 5.11896420e+00 1.32410908e+00
  5.04724979e-01 5.43449461e-01 3.51368710e-02 1.18099380e+00
  5.36435938e+00 5.65079165e+00 3.07370710e+00 1.24058366e+00
  0.00000000e+00 2.76096082e+00 5.47818780e-01 6.36564344e-02
  1.51413307e-01 8.82994890e-01 6.58315048e-02 1.10644245e+00
  6.00734234e+00 3.19226861e-01 4.35739458e-02 1.81478691e+00
  6.73547447e-01 3.46807957e+00 8.26835632e+00 2.53840828e+00
  2.65848207e+00 2.91054159e-01 2.30604365e-01 3.23460251e-01
  1.72211134e+00 6.70044005e-01 5.89398801e-01 2.64668703e+00
  3.14551783e+00 9.70920324e-01 4.93072391e-01 1.03341587e-01
  3.26648355e-01 2.06571674e+00 0.00000000e+00 5.78548372e-01
  6.18520379e-01 3.35973442e-01 5.39335251e+00 3.33287776e-01
  5.54652786e+00 1.52147189e-01 2.86494762e-01 4.31641674e+00
  6.74526930e-01 4.92714930e+00 1.17429600e+01 2.39587975e+00
  9.56033111e-01 1.08058882e+01 1.14647973e+00 1.69927216e+00
  9.52408791e-01 4.35738754e+00 4.58443022e+00 1.60052657e+00
  0.00000000e+00 7.48548794e+00 1.80519545e+00 5.36368191e-01
  1.65309608e+00 4.49365616e+00 2.00138712e+00 0.00000000e+00
  1.49042881e+00 1.45424092e+00 0.00000000e+00 6.80270958e+00
  4.89454657e-01 9.66017842e-02 2.45058775e+00 4.20184565e+00
  9.05140400e+00 1.43069577e+00 0.00000000e+00 2.63629866e+00
  0.00000000e+00 4.41498184e+00 0.00000000e+00 2.66264617e-01
  1.80613422e+00 1.07155669e+00 1.13701129e+00 4.82712221e+00
  3.08512950e+00 3.04144573e+00 3.87346530e+00 1.15305459e+00
  4.31252807e-01 3.03263158e-01 6.78613456e-03 7.01093554e-01
  1.29403985e+00 9.05953407e-01 3.40623975e+00 1.27655971e+00
  8.16300273e-01 8.72583330e-01 5.26673746e+00 5.88123128e-02
  3.64180565e+00 5.64337826e+00 4.04718256e+00 1.98583126e+00]]