[[1.18237662e+00 4.09383506e-01 2.93755174e+00 5.24585724e-01
  6.48580730e-01 4.07891703e+00 4.40588331e+00 5.60675001e+00
  7.86488891e-01 1.34341800e+00 1.12623894e+00 3.52731228e+00
  6.42796373e+00 1.39568162e+00 9.52279150e-01 1.64954567e+00
  2.71766428e-02 1.19659996e+00 0.00000000e+00 1.96391082e+00
  1.04009882e-01 5.47619247e+00 0.00000000e+00 1.74046171e+00
  1.18105066e+00 7.03410864e+00 4.28852129e+00 4.50692385e-01
  3.35382104e+00 1.28142333e+00 0.00000000e+00 3.47938204e+00
  7.43071198e-01 4.75224066e+00 0.00000000e+00 1.80443048e-01
  2.68794745e-01 0.00000000e+00 8.71499348e+00 9.82697487e-01
  1.30390465e+00 2.04057097e+00 8.80214500e+00 4.29133987e+00
  1.29515707e+00 7.29645789e-01 4.77346945e+00 1.79159832e+00
  2.25978088e+00 2.01995039e+00 6.60129726e-01 4.50233078e+00
  1.25976026e-01 6.01447964e+00 2.76338792e+00 2.80810452e+00
  1.43033648e+00 6.46854687e+00 6.37654448e+00 7.12232769e-01
  2.23169662e-02 1.10135935e-01 6.33101606e+00 4.33461547e-01
  1.04412317e+00 1.18025613e+00 1.67607510e+00 7.84899056e-01
  6.04654133e-01 1.90922487e+00 0.00000000e+00 2.90747786e+00
  2.66619229e+00 7.48641920e+00 2.97881508e+00 2.38641679e-01
  8.43773723e-01 7.96040148e-02 0.00000000e+00 1.08531427e+00
  1.19383514e-01 5.66276646e+00 2.96799755e+00 9.64577310e-03
  2.19828701e+00 2.81976199e+00 2.97570497e-01 5.48193097e-01
  1.13608980e+00 4.59472060e-01 1.30556067e-02 2.35865641e+00
  4.61696714e-01 4.19517183e+00 1.32439792e-01 5.49944639e-01
  1.28652647e-01 1.72877800e+00 2.75237298e+00 2.27337813e+00
  5.82850599e+00 6.20971489e+00 4.78743345e-01 5.68440294e+00
  8.41392726e-02 8.03529263e-01 1.20757592e+00 6.14210188e-01
  7.73335755e-01 3.10334533e-01 0.00000000e+00 1.22618902e+00
  0.00000000e+00 3.46159887e+00 1.21232235e+00 1.37015080e+00
  3.54610825e+00 1.62667406e+00 1.48077679e+00 2.11786127e+00
  1.23031044e+00 1.56446025e-01 0.00000000e+00 2.45811009e+00
  1.31844115e+00 3.73261499e+00 0.00000000e+00 0.00000000e+00
  1.15100002e+00 1.27171183e+01 1.16735125e+00 9.13178086e-01
  7.51075506e+00 5.90622544e-01 7.44760454e-01 1.77790880e+00
  1.78630203e-01 1.87997118e-01 2.64501739e+00 1.14946711e+00
  1.18284571e+00 2.79971933e+00 0.00000000e+00 1.39744520e-01
  9.61219406e+00 4.32959270e+00 2.99994111e+00 9.43201661e-01
  0.00000000e+00 4.36605334e-01 5.26597309e+00 0.00000000e+00
  2.27226996e+00 0.00000000e+00 0.00000000e+00 4.37201357e+00
  2.20013046e+00 4.08512545e+00 1.14251114e-01 5.78480601e-01
  1.07244229e+00 1.90322936e-01 2.48241186e+00 2.47714594e-01
  1.20029926e+00 1.77511144e+00 2.44803295e-01 2.38719058e+00
  2.09865499e+00 5.90951490e+00 1.31794322e+00 1.76921844e-01
  3.86989331e+00 0.00000000e+00 1.78021327e-01 2.02816248e+00
  0.00000000e+00 1.05220878e+00 4.61636856e-02 5.92054224e+00
  8.40303230e+00 9.54731226e-01 9.30246735e+00 5.67933857e-01
  4.89079446e-01 1.74989760e+00 3.69825912e+00 1.38125747e-01
  6.80036485e-01 2.45538902e+00 4.20356941e+00 0.00000000e+00
  0.00000000e+00 5.52285337e+00 0.00000000e+00 0.00000000e+00
  1.23857923e-01 1.00298109e+01 0.00000000e+00 2.75197864e+00
  2.57395434e+00 4.58819628e+00 0.00000000e+00 6.13648295e-01
  2.94037819e+00 1.42501307e+00 1.01886833e+00 4.70629990e-01
  9.57372069e-01 4.60977030e+00 2.18394494e+00 1.18005371e+00
  2.00719833e-01 3.36180598e-01 2.36943936e+00 3.00540471e+00
  5.36154330e-01 3.60553116e-01 2.32014966e+00 3.27693510e+00
  3.30808067e+00 5.49920702e+00 8.84078503e+00 2.39956349e-01
  3.43724656e+00 4.68642282e+00 2.00585052e-01 1.03214180e+00
  0.00000000e+00 9.97454897e-02 3.23730916e-01 4.78448057e+00
  8.21854591e+00 3.24523234e+00 3.92118454e+00 4.06718820e-01
  4.97219086e+00 2.78822112e+00 8.54465246e-01 6.90571690e+00
  4.57020104e-01 2.33976990e-01 2.64374256e+00 6.02002561e-01
  4.01044512e+00 2.84790850e+00 9.07228756e+00 1.37819719e+00
  4.42720842e+00 2.78829068e-01 4.09949446e+00 1.58398235e+00
  2.78131437e+00 5.83074510e-01 4.19381142e+00 1.35478973e+00
  1.06071308e-01 2.59565043e+00 3.10913253e+00 1.38803315e+00
  0.00000000e+00 1.47004262e-01 3.45180422e-01 3.32710481e+00
  2.16710234e+00 1.36486506e+00 1.80583608e+00 2.54803181e+00
  1.09865832e+00 1.23393595e+00 5.87548399e+00 0.00000000e+00
  3.05209422e+00 2.25165009e+00 2.82071543e+00 8.97925079e-01
  5.35385942e+00 3.05197358e-01 4.78087574e-01 4.04254723e+00
  7.91733027e+00 8.05538118e-01 3.64569283e+00 5.76761067e-01
  5.92544746e+00 8.56029466e-02 4.35492563e+00 1.05787551e+00
  1.54795289e+00 6.73465490e-01 1.61992359e+00 9.69935060e-01
  3.03560495e+00 6.58945179e+00 3.64497542e+00 1.63101542e+00
  2.96400285e+00 9.50175643e-01 1.35614228e+00 0.00000000e+00
  2.57533282e-01 1.98565960e+00 2.49234185e-01 1.59817159e+00
  2.17645097e+00 1.24466598e+00 1.54655063e+00 2.23540258e+00
  1.31434178e+00 1.73966372e+00 3.82123142e-01 2.36495271e-01
  2.68672085e+00 0.00000000e+00 2.44045591e+00 2.70730186e+00
  1.13585389e+00 4.68356085e+00 0.00000000e+00 3.05678415e+00
  3.34807777e+00 4.89334822e-01 3.99260902e+00 2.08395552e-02
  1.83678150e+00 3.05608344e+00 4.61716318e+00 4.83659320e-02
  2.99769592e+00 2.38258205e-02 3.26402813e-01 9.51566219e+00
  5.02906621e-01 3.02807832e+00 1.94841909e+00 2.86780882e+00
  5.85354757e+00 1.65965033e+00 1.52818644e+00 9.95361030e-01
  8.80433559e-01 6.67088270e-01 2.79049802e+00 4.89242172e+00
  3.84300351e+00 3.21768022e+00 5.06672096e+00 9.50886786e-01
  1.80870108e-02 5.06795549e+00 3.10330182e-01 9.23897564e-01
  7.00313628e-01 1.53990054e+00 5.34201097e+00 2.48958039e+00
  7.65142798e-01 4.50496387e+00 2.87229729e+00 2.47839481e-01
  2.12860131e+00 8.27533782e-01 2.88114691e+00 1.99350953e+00
  3.32410145e+00 3.53418970e+00 9.96430993e-01 6.42379618e+00
  9.98230055e-02 2.20564079e+00 1.72011733e+00 4.21399641e+00
  8.54120970e-01 3.09024453e-01 2.31901670e+00 9.77656543e-01
  9.62295756e-02 2.44414783e+00 4.18723059e+00 1.87289059e+00
  1.37490284e+00 3.89783812e+00 1.50536010e-02 1.53164160e+00
  6.37364507e-01 5.32065153e+00 6.77997649e-01 1.94043264e-01
  7.22290039e-01 9.13854313e+00 2.74192429e+00 5.52237391e-01
  1.99835920e+00 8.70210743e+00 0.00000000e+00 3.20868707e+00
  6.33847892e-01 5.24252892e-01 2.71050620e+00 2.78571677e+00
  7.54344404e-01 2.28508735e+00 3.22954321e+00 7.96543121e-01
  8.26440239e+00 1.35976064e+00 1.06005378e-01 3.42400312e+00
  7.51280963e-01 1.14224374e+00 3.73807859e+00 1.25462043e+00
  0.00000000e+00 1.13442683e+00 3.87985659e+00 7.20607340e-01
  3.17624593e+00 0.00000000e+00 4.49203348e+00 2.74615097e+00
  7.66797829e+00 2.84701943e-01 0.00000000e+00 3.08247495e+00
  9.50336754e-01 6.20107031e+00 2.64974356e+00 8.95796394e+00
  3.56717443e+00 1.18105459e+00 1.38606107e+00 4.27323294e+00
  3.55245805e+00 1.82738006e-01 2.49376759e-01 5.19450617e+00
  6.30830169e-01 1.46263480e+00 1.82638019e-01 1.31377864e+00
  0.00000000e+00 0.00000000e+00 0.00000000e+00 5.13832331e-01
  4.05744410e+00 2.06633925e+00 2.92115951e+00 2.94357687e-01
  3.93455696e+00 1.47615600e+00 7.54010022e-01 3.68331575e+00
  4.53449106e+00 1.94625890e+00 4.21420383e+00 5.74932992e-01
  8.07646513e-01 1.78914499e+00 3.09775203e-01 6.71366501e+00
  1.27402887e-01 3.00253105e+00 8.64820540e-01 1.56095728e-01
  0.00000000e+00 3.05207103e-01 7.96806097e-01 5.84706068e-01
  2.40393806e+00 5.84218860e-01 1.93972588e+00 5.49347591e+00
  2.49596500e+00 8.78023148e+00 2.48376224e-02 4.14975807e-02
  8.84318233e-01 3.36361861e+00 3.52463341e+00 2.87807584e+00
  4.77021188e-01 8.41885328e-01 9.73706841e-01 1.83715498e+00
  1.00880623e+00 2.50954008e+00 3.86598206e+00 1.50203586e+00
  2.78675222e+00 7.63283789e-01 6.52402306e+00 2.11555958e+00
  0.00000000e+00 2.73986340e+00 1.14591694e+00 5.90570569e-01
  5.55351019e+00 8.58821094e-01 2.17883736e-01 2.22628307e+00
  1.71169496e+00 1.45555019e+00 1.66243732e+00 3.79864430e+00
  5.53835106e+00 4.27096844e-01 1.96892798e+00 2.05870450e-01
  1.05301702e+00 1.63143957e+00 2.67520618e+00 9.96791244e-01]]