[[1.45097673e+00 1.21078289e+00 3.31256032e+00 1.19631693e-01
  8.57122600e-01 1.56793451e+01 4.11789608e+00 1.74240973e-02
  1.76462507e+00 6.19355202e-01 5.70467806e+00 3.01005030e+00
  2.69549751e+00 1.43299270e+00 7.49631524e-01 5.70452404e+00
  2.60279155e+00 2.67804146e+00 0.00000000e+00 6.84071684e+00
  5.57431102e-01 1.81876297e+01 5.65204620e-01 1.48577201e+00
  2.24924421e+00 8.61237144e+00 1.26940393e+00 7.57139683e-01
  2.99693555e-01 0.00000000e+00 9.24670324e-02 8.58594322e+00
  4.34169859e-01 6.67926168e+00 2.38618779e+00 1.27887166e+00
  4.87666368e+00 1.12371854e-01 7.30737114e+00 2.82512736e+00
  1.75795460e+00 0.00000000e+00 2.81802654e+00 9.56589508e+00
  2.57317852e-02 0.00000000e+00 4.96282101e+00 5.79111516e-01
  3.28320909e+00 2.90809655e+00 1.65668046e+00 4.27700251e-01
  9.55979824e-01 3.95743065e-02 2.97974825e+00 1.82532489e+00
  0.00000000e+00 1.09278841e+01 4.93914843e+00 4.22372699e-01
  2.87210107e-01 7.69241095e-01 1.32605171e+01 4.44002914e+00
  6.07783258e-01 1.03423320e-01 2.50983655e-01 6.09835863e-01
  1.29235053e+00 2.97470033e-01 1.15716696e+00 2.68266892e+00
  2.02032590e+00 1.42581737e+00 7.05488539e+00 0.00000000e+00
  1.42612672e+00 4.04394194e-02 2.15674639e+00 0.00000000e+00
  5.21555543e-01 1.54710340e+00 4.95634317e+00 2.83343387e+00
  8.03282166e+00 4.23780727e+00 1.68662167e+00 2.33240705e-02
  3.02650857e+00 0.00000000e+00 3.28679729e+00 1.21509232e-01
  3.25805092e+00 9.13498783e+00 4.08228278e-01 1.48341668e+00
  4.10045892e-01 3.00887156e+00 3.37271929e+00 2.04678035e+00
  3.20573807e+00 7.78829098e-01 1.07435493e+01 1.58782601e+00
  0.00000000e+00 2.06498718e+00 3.42446744e-01 1.55549431e+00
  1.49287975e+00 9.73078918e+00 1.54890609e+00 2.02313566e+00
  2.73643166e-01 1.68771863e+00 0.00000000e+00 5.59135735e-01
  4.86536884e+00 9.61919594e+00 3.08906317e-01 1.50876260e+00
  1.93926406e+00 0.00000000e+00 3.34236681e-01 8.42958546e+00
  0.00000000e+00 4.84032303e-01 6.18804805e-02 7.62321949e-02
  2.43502736e+00 9.57643986e+00 7.74359512e+00 8.04873466e+00
  3.01940989e+00 3.42750335e+00 1.24167109e+00 1.47626340e+00
  0.00000000e+00 1.53830934e+00 3.97061491e+00 3.26573461e-01
  0.00000000e+00 2.00903082e+00 0.00000000e+00 1.43563879e+00
  1.51240695e+00 0.00000000e+00 3.12744546e+00 2.97263980e-01
  5.65067418e-02 9.52647746e-01 1.20159798e+01 6.22278392e-01
  6.16873622e-01 0.00000000e+00 2.14223593e-01 5.17856836e+00
  0.00000000e+00 5.59976149e+00 0.00000000e+00 1.10801387e+00
  1.27183747e+00 1.10808158e+00 3.89786887e+00 5.88544083e+00
  6.73207855e+00 1.15205860e+00 4.40375060e-02 6.82900727e-01
  5.74259567e+00 8.86054134e+00 3.43532014e+00 1.19697356e+00
  6.42112780e+00 5.10367990e-01 1.34183156e+00 7.73978949e+00
  5.85992448e-02 3.52207065e+00 7.03159809e+00 3.06884336e+00
  0.00000000e+00 1.42980957e+00 5.59364557e+00 1.90605521e+00
  2.36814260e-01 1.88577640e+00 1.69718027e+00 1.10804021e+00
  2.44875216e+00 1.98794651e+00 7.79658747e+00 0.00000000e+00
  0.00000000e+00 8.81523228e+00 2.23505408e-01 3.12991953e+00
  0.00000000e+00 9.51511765e+00 6.46695614e-01 9.58996868e+00
  7.27262402e+00 5.37390757e+00 6.64259672e-01 1.24839313e-01
  7.99035847e-01 1.78245032e+00 4.46880722e+00 1.47649080e-01
  1.36840105e+00 1.34968672e+01 1.51027679e-01 3.79673630e-01
  2.41307825e-01 3.53478384e+00 3.36540848e-01 4.97489214e+00
  8.64456952e-01 3.24009490e+00 1.17893880e-02 3.95904732e+00
  1.60145724e+00 9.47227669e+00 3.19061661e+00 2.99725032e+00
  5.16343355e+00 8.89183640e-01 3.50493222e-01 7.44055748e+00
  1.15742695e+00 1.45707738e+00 0.00000000e+00 3.38659167e+00
  1.00137949e+00 3.82588410e+00 3.59755111e+00 4.58953905e+00
  7.39805984e+00 2.54451811e-01 2.14707875e+00 1.27738008e+01
  1.96840227e+00 3.30238247e+00 1.04794157e+00 1.47440886e+00
  1.62053847e+00 8.30889988e+00 2.51122856e+00 2.96712160e-01
  1.68409181e+00 2.88364220e+00 1.20089197e+01 2.04923797e+00
  0.00000000e+00 1.75681755e-01 4.67807531e+00 6.84682369e+00
  6.82996392e-01 3.04639292e+00 5.66811800e+00 4.20499444e-02
  0.00000000e+00 0.00000000e+00 0.00000000e+00 0.00000000e+00
  2.29866767e+00 1.27674246e+00 9.71453190e+00 2.05688143e+00
  4.11403990e+00 8.26659560e-01 5.51101637e+00 0.00000000e+00
  1.00879228e+00 8.90986979e-01 2.09030318e+00 2.09304285e+00
  5.07278204e+00 3.38378549e-01 2.83054543e+00 8.53321266e+00
  4.82568836e+00 3.95422935e+00 5.18920374e+00 3.03508472e+00
  6.28646851e+00 1.48841813e-01 1.24900827e+01 1.93929017e-01
  1.95036459e+00 4.72939682e+00 2.11338568e+00 2.84628534e+00
  1.04123201e+01 7.55300903e+00 1.77463591e+00 2.40853235e-01
  6.56619740e+00 3.07649040e+00 2.13722038e+00 0.00000000e+00
  9.09062147e-01 5.95264482e+00 6.82608306e-01 0.00000000e+00
  1.90658200e+00 2.52710700e+00 3.18856335e+00 6.00983739e-01
  2.85860395e+00 7.08664989e+00 7.01188087e-01 2.51823097e-01
  2.10018492e+00 1.00782859e+00 1.71225941e+00 3.88608170e+00
  7.49434471e+00 5.08813190e+00 1.37749088e+00 3.08874607e-01
  8.84055328e+00 1.21702087e+00 2.16903687e-01 3.63408566e-01
  2.65179420e+00 2.94368196e+00 6.78925037e+00 2.49977827e+00
  1.70085871e+00 2.03549981e+00 3.22744757e-01 6.15149260e+00
  7.52382398e-01 6.08554411e+00 7.57471085e+00 4.84783202e-01
  7.09928036e+00 1.96801877e+00 5.09280252e+00 7.46935785e-01
  4.61576253e-01 2.55474734e+00 1.30866563e+00 4.23416567e+00
  2.75784326e+00 5.40106535e+00 7.51059711e-01 1.42114472e+00
  5.22356331e-01 8.90682602e+00 1.08513975e+00 5.31979322e-01
  6.65563762e-01 7.13754702e+00 4.33837318e+00 9.80467260e-01
  9.24529552e+00 2.03449726e+00 7.19279814e+00 2.86974859e+00
  9.40598583e+00 2.06613600e-01 5.37193251e+00 6.88122236e-04
  8.67043304e+00 2.63839507e+00 1.05499620e+01 1.06157608e+01
  3.99102503e-03 9.30004978e+00 2.34194502e-01 7.51131535e-01
  1.18516998e+01 1.10149741e+00 4.56427717e+00 5.26119375e+00
  4.02698129e-01 1.90188634e+00 0.00000000e+00 1.08556833e+01
  2.34702849e+00 2.00360641e+01 0.00000000e+00 2.56541324e+00
  0.00000000e+00 2.55498362e+00 1.19827485e+00 2.53771603e-01
  1.60174444e-01 2.89880133e+00 7.53114986e+00 9.43870485e-01
  1.70726943e+00 3.69586349e-01 0.00000000e+00 1.24360955e+00
  3.64419842e+00 1.90157104e+00 6.40762520e+00 6.32096648e-01
  2.02457166e+00 9.57673645e+00 2.99622893e-01 3.49043775e+00
  4.67970657e+00 8.52513671e-01 0.00000000e+00 1.05193627e+00
  0.00000000e+00 1.30124366e+00 1.17875881e+01 2.91651988e+00
  0.00000000e+00 1.24313793e+01 5.10914135e+00 1.57897067e+00
  1.88162422e+00 7.43741655e+00 6.19490623e+00 2.29653645e+00
  9.68261623e+00 5.28906012e+00 1.12165594e+00 4.06443214e+00
  8.38676393e-01 2.33340859e+00 2.13275671e+00 1.90303302e+00
  0.00000000e+00 2.86171764e-01 8.14704061e-01 9.38950443e+00
  1.66997623e+01 3.90913582e+00 3.14245820e-01 7.01710606e+00
  1.91418958e+00 0.00000000e+00 7.84176588e+00 7.07844615e-01
  4.43331450e-02 1.80972859e-01 1.43091130e+00 1.42544055e+00
  1.96241820e+00 4.49406922e-01 1.02014732e+00 3.13145757e+00
  1.76843137e-01 1.62439555e-01 1.63895321e+01 9.32944489e+00
  3.68176270e+00 9.71075952e-01 1.20418406e+01 1.45413354e-01
  2.26749802e+00 5.93852997e+00 3.10767436e+00 5.90356779e+00
  2.20186543e+00 4.79935265e+00 3.46571088e-01 3.08070207e+00
  6.62101269e+00 1.47670734e+00 2.44300604e+00 1.60190785e+00
  1.38406527e+00 4.79861200e-02 1.44589269e+00 9.36325741e+00
  5.22632313e+00 5.59282398e+00 1.35614657e+00 4.10486579e-01
  7.25621045e-01 8.27285741e-03 3.00447083e+00 0.00000000e+00
  3.55022001e+00 2.04584455e+00 3.66058135e+00 2.58010173e+00
  4.54741287e+00 7.98785734e+00 4.65634137e-01 2.79318261e+00
  5.99353456e+00 2.44135761e+00 2.60288572e+00 6.43955898e+00
  0.00000000e+00 3.99615574e+00 1.12940562e+00 1.57943457e-01
  8.24304390e+00 2.22096086e+00 3.31475925e+00 1.77655149e+00
  6.05737448e+00 5.91847561e-02 2.22164321e+00 7.55955172e+00
  4.18537378e+00 7.62757540e-01 2.05220270e+00 1.57685041e+00
  3.08012843e-01 6.61510050e-01 3.78702593e+00 0.00000000e+00]]