[[3.57839370e+00 7.58158416e-02 1.75218725e+00 4.20090109e-01
  1.72950733e+00 8.26261580e-01 4.81949615e+00 2.63941705e-01
  7.65192091e-01 3.08196282e+00 4.45405531e+00 3.54875255e+00
  5.01326847e+00 4.47376281e-01 6.40545273e+00 3.17353415e+00
  1.07992196e+00 1.42301738e+00 6.75288916e-01 3.11688519e+00
  3.38343322e-01 4.27386665e+00 1.65820909e+00 2.37386152e-01
  1.92702079e+00 1.02905693e+01 7.42224360e+00 2.71273643e-01
  6.19867134e+00 1.84319866e+00 8.39003175e-02 5.21422923e-01
  2.23865700e+00 3.33339620e+00 1.84628260e+00 7.84350538e+00
  2.77683687e+00 1.80698395e-01 5.58696938e+00 7.63880968e+00
  1.01927996e+01 6.26942921e+00 1.61292434e+00 7.87367773e+00
  0.00000000e+00 1.07390501e-01 5.99757433e-01 0.00000000e+00
  1.25931001e+00 1.91610467e+00 1.34429967e+00 7.17367887e-01
  0.00000000e+00 5.21228254e-01 3.87636900e+00 4.40529966e+00
  4.11503494e-01 7.97713161e-01 2.10051370e+00 9.38564539e-01
  3.02221918e+00 3.28002501e+00 5.19431210e+00 3.16673684e+00
  1.82264209e+00 2.19244909e+00 0.00000000e+00 2.68875152e-01
  1.12924635e+00 4.00706768e-01 2.20218301e+00 5.72235048e-01
  0.00000000e+00 1.74867773e+00 1.77761626e+00 3.04628158e+00
  2.02183032e+00 0.00000000e+00 2.58816123e+00 0.00000000e+00
  9.56070423e-01 3.30028391e+00 2.97948980e+00 2.41863680e+00
  1.25350380e+00 6.23258495e+00 7.33210802e-01 1.89715791e+00
  2.53853416e+00 2.26785421e-01 8.47166252e+00 0.00000000e+00
  0.00000000e+00 3.41475201e+00 4.37975407e+00 2.35694677e-01
  4.17209435e+00 4.49404860e+00 6.57081699e+00 7.00899935e+00
  2.13104442e-01 1.70609939e+00 2.23151398e+00 2.09517932e+00
  7.24737048e-01 3.95001709e-01 4.92220432e-01 1.18122637e+00
  3.58097410e+00 3.98475915e-01 1.08970666e+00 5.02253056e-01
  1.63263452e+00 1.47494376e-01 4.11537933e+00 4.96559054e-01
  8.07711315e+00 7.85639095e+00 0.00000000e+00 1.38478196e+00
  1.47784793e+00 0.00000000e+00 1.10262585e+00 4.56115818e+00
  2.12509871e-01 8.73024583e-01 0.00000000e+00 7.71495104e-01
  6.09010398e-01 1.72667992e+00 2.34993434e+00 2.22816992e+00
  1.73022461e+00 6.14996970e-01 5.45874953e-01 3.10543346e+00
  3.06000876e+00 1.35247082e-01 5.84010482e-01 5.58099627e-01
  2.27221084e+00 5.24928212e-01 0.00000000e+00 5.82094955e+00
  1.47443688e+00 0.00000000e+00 2.50355506e+00 6.36603013e-02
  0.00000000e+00 2.62071157e+00 1.21590960e+00 1.14368832e+00
  2.90050793e+00 5.42190123e+00 7.81107664e-01 9.84242797e-01
  1.33357322e+00 1.31620131e+01 4.82283974e+00 1.82392526e+00
  4.51656044e-01 6.00010109e+00 4.67213821e+00 4.22632170e+00
  2.60265899e+00 2.45035625e+00 9.63920057e-02 1.31413484e+00
  6.29340792e+00 5.61899853e+00 1.06494522e+01 6.41440582e+00
  7.79941320e-01 5.12474585e+00 8.58738244e-01 1.95872104e+00
  4.51731491e+00 2.90118909e+00 4.98212099e-01 2.42031169e+00
  2.15399599e+00 9.47489738e-02 6.05267096e+00 1.16316535e-01
  5.41440368e-01 2.45182323e+00 1.66286230e-01 6.94658220e-01
  3.06463456e+00 2.98608065e+00 0.00000000e+00 2.10404110e+00
  1.71845078e-01 1.21832714e+01 1.73670411e+00 3.37307024e+00
  2.88310432e+00 3.78345656e+00 0.00000000e+00 1.21609621e+01
  1.05631580e+01 7.49579620e+00 2.55796731e-01 4.29928017e+00
  1.04481373e+01 2.39636803e+00 4.53804398e+00 3.18112791e-01
  4.80938530e+00 1.54972363e+01 2.61855507e+00 3.99142170e+00
  1.42358077e+00 2.79507542e+00 1.86581028e+00 6.82785809e-01
  6.15332901e-01 5.25480080e+00 1.78826308e+00 1.68312037e+00
  1.07593489e+00 8.69003582e+00 3.44065142e+00 0.00000000e+00
  2.13561416e+00 2.15855026e+00 4.10261250e+00 6.24574852e+00
  4.97565746e-01 1.65028960e-01 1.08785129e+00 3.37266445e+00
  5.55046558e+00 3.08399034e+00 8.32601905e-01 3.19473839e+00
  1.08889735e+00 1.35773659e-01 9.54265594e-01 1.63475323e+00
  4.06976789e-01 4.29822534e-01 5.13843060e-01 9.08350563e+00
  2.97361344e-01 1.13583720e+00 6.34356833e+00 1.02098286e+00
  1.98940277e+00 3.47795010e+00 1.12170095e+01 1.91017926e+00
  0.00000000e+00 4.78716993e+00 2.50873399e+00 5.58027411e+00
  1.29832067e+01 2.75270391e+00 3.40320659e+00 0.00000000e+00
  0.00000000e+00 0.00000000e+00 4.66748439e-02 9.03663859e-02
  9.12030518e-01 4.56953466e-01 1.20834053e+00 1.94177639e+00
  4.58956766e+00 1.45464003e-01 5.58743906e+00 4.41775918e-01
  8.28189313e-01 1.92013800e+00 4.28735852e-01 2.27393508e+00
  1.31973200e+01 5.56690037e-01 3.87946963e-01 1.60843611e+00
  4.71985292e+00 3.25729966e-01 1.37267962e-01 7.44137764e+00
  7.90136480e+00 0.00000000e+00 4.71451521e+00 4.36423445e+00
  3.54163384e+00 1.31724179e+00 1.64384827e-01 8.74504626e-01
  2.52282453e+00 4.29057789e+00 3.83845639e+00 4.33070612e+00
  0.00000000e+00 4.46220064e+00 2.73275065e+00 6.95102155e-01
  5.72423398e-01 8.64628029e+00 3.71683836e+00 4.97398424e+00
  5.33114767e+00 1.84026098e+00 0.00000000e+00 1.53048110e+00
  2.83350015e+00 1.90823197e-01 6.55110025e+00 7.02848017e-01
  5.25150537e-01 2.40252042e+00 1.19850814e+00 2.58259153e+00
  6.50649595e+00 3.95306635e+00 2.50724196e-01 8.76785338e-01
  6.45651102e+00 6.73892260e+00 4.73596144e+00 2.40953398e+00
  5.42767882e-01 1.65511459e-01 3.37002039e+00 0.00000000e+00
  3.98745894e+00 2.81831336e+00 1.20254350e+00 3.60096872e-01
  5.30604601e-01 4.83595657e+00 9.69331026e-01 5.63071156e+00
  4.75243902e+00 1.75594366e+00 2.45228961e-01 2.09099936e+00
  3.66759777e+00 1.48624420e+00 3.41198349e+00 4.81789589e+00
  6.16728592e+00 1.28426325e+00 2.47356272e+00 3.30570519e-01
  6.62377179e-01 6.97020340e+00 1.03672230e+00 3.76287758e-01
  7.77161360e-01 1.90493608e+00 4.40972424e+00 2.03816009e+00
  9.69037116e-01 4.01896906e+00 6.05129421e-01 1.31386828e+00
  1.94890857e+00 1.87796220e-01 6.34809113e+00 2.18513370e+00
  8.95207310e+00 4.00317252e-01 2.90268564e+00 2.60814333e+00
  1.53850543e+00 1.33328867e+01 1.15686126e-01 1.54133761e+00
  1.61020532e-01 6.15774107e+00 6.17847013e+00 2.92236544e-02
  7.60016727e+00 1.00611496e+00 0.00000000e+00 1.10615692e+01
  1.07547009e+00 1.52794361e+00 4.01115274e+00 9.49427187e-02
  1.86140442e+00 1.01103020e+00 1.15645790e+00 1.57527220e+00
  3.91009867e-01 6.25697041e+00 1.21807508e+01 4.61786175e+00
  4.86226368e+00 2.83799005e+00 1.39798224e+00 4.26883507e+00
  3.79358912e+00 1.48912239e+00 5.08159304e+00 1.78509736e+00
  7.58573413e-01 5.51724815e+00 6.84199238e+00 6.05201483e+00
  1.57261944e+00 6.02746582e+00 3.01280767e-02 2.12102318e+00
  0.00000000e+00 3.84880453e-01 2.27647877e+00 1.09783697e+00
  1.43254459e-01 2.52867985e+00 3.60119319e+00 4.02392298e-01
  3.62001681e+00 2.96996951e-01 5.33012772e+00 1.50592649e+00
  9.87403011e+00 1.37037969e+00 9.17105004e-02 1.44496167e+00
  9.49855030e-01 7.31333137e-01 5.90985954e-01 2.42199039e+00
  5.69510126e+00 7.21281230e-01 1.20130576e-01 2.17598110e-01
  9.27931881e+00 2.07362556e+00 4.76347828e+00 2.09621236e-01
  4.34212685e+00 0.00000000e+00 2.30301499e+00 3.26940632e+00
  0.00000000e+00 2.87436426e-01 1.14572024e+00 1.05483303e+01
  2.60168284e-01 3.56704444e-01 1.74680531e+00 6.56526864e-01
  4.02029896e+00 4.55400974e-01 6.00144677e-02 3.27408767e+00
  3.10214114e+00 7.50902748e+00 3.85967064e+00 9.76603925e-01
  3.10108602e-01 2.16269708e+00 1.92918873e+00 1.84029555e+00
  0.00000000e+00 2.75568628e+00 3.57447886e+00 5.19395781e+00
  2.37121034e+00 8.21111965e+00 9.45694149e-01 0.00000000e+00
  2.55255079e+00 3.28310043e-01 1.24994326e+00 3.40149093e+00
  3.63280559e+00 7.86519718e+00 3.39908712e-02 5.11511135e+00
  2.58333206e+00 3.87569338e-01 2.37478375e+00 1.21291988e-01
  1.99372470e-01 6.80724606e-02 4.95019150e+00 1.05375640e-01
  4.66267061e+00 7.49966431e+00 0.00000000e+00 3.31619191e+00
  2.94402027e+00 0.00000000e+00 6.48447466e+00 5.66377640e+00
  2.53273726e-01 0.00000000e+00 9.43710041e+00 1.03592563e+00
  3.19291043e+00 4.87391090e+00 3.74544764e+00 2.65796804e+00
  9.22923759e-02 1.07382618e-01 1.01394784e+00 2.71817446e+00
  3.35590529e+00 1.15061887e-02 6.42498016e-01 1.96102750e+00
  2.04984093e+00 3.41621995e+00 8.96036401e-02 1.61121821e+00]]