[[2.1863947e+00 9.6037589e-02 6.1523972e+00 2.1450232e-01 2.1756504e+00
  4.1118190e-01 9.2081785e-01 0.0000000e+00 1.3894103e+00 2.1598809e+00
  5.8184171e+00 1.9686519e+00 6.2053866e+00 1.1273168e+00 3.6549900e+00
  1.1622181e+00 6.4842349e-01 6.3527036e-01 7.2325176e-01 2.7516630e+00
  1.5496985e+00 5.4621010e+00 6.9364361e-02 0.0000000e+00 6.3252300e-01
  5.3826132e+00 3.6762950e+00 1.3672174e+00 3.5939689e+00 0.0000000e+00
  0.0000000e+00 1.3717254e-01 2.1751928e+00 1.4393443e+00 2.1266258e+00
  5.8250279e+00 6.2097163e+00 8.6767179e-01 9.0484505e+00 3.8443596e+00
  5.5933142e+00 5.6238132e+00 2.3786113e-01 8.1574984e+00 6.3438094e-01
  4.8684141e-01 2.7487111e+00 7.4627452e-02 1.7332582e+00 5.3628385e-01
  7.8338474e-01 1.4413740e-01 0.0000000e+00 6.6876575e-02 3.5782406e+00
  4.1220307e+00 6.9223022e-01 0.0000000e+00 0.0000000e+00 6.1519899e+00
  2.7037055e+00 2.5827851e+00 5.6103253e+00 3.2115996e+00 7.5079627e-02
  9.6440631e-01 3.3915225e-01 2.4000441e-01 5.1291356e+00 3.9116156e-01
  4.9869242e-01 2.7673522e-02 2.1003965e-01 9.3845069e-01 1.3534658e+00
  1.4309709e+00 8.3134276e-01 0.0000000e+00 6.1249118e+00 6.9181772e-04
  8.4769362e-01 2.0038800e+00 7.2970510e-01 2.3856666e+00 1.8841310e+00
  3.9404554e+00 6.2398279e-01 1.0606339e+00 3.0504220e+00 9.5305526e-01
  7.8656292e+00 4.2663726e-01 1.2739416e+00 5.5154152e+00 4.3459282e+00
  3.6628506e-01 5.7943907e+00 3.3762827e+00 1.3903096e+00 9.4623079e+00
  6.9025997e-03 2.5582564e+00 2.0819263e+00 1.0774366e+00 0.0000000e+00
  0.0000000e+00 1.1396747e+00 0.0000000e+00 3.0131431e+00 1.1217687e+00
  8.6090231e-01 2.5878489e-01 8.9282459e-01 2.9773545e-01 8.1372490e+00
  2.9165730e-01 7.3054633e+00 4.1111593e+00 0.0000000e+00 6.5937936e-01
  5.2511185e-01 1.8172707e-02 5.6100623e-03 5.9634194e+00 3.4352726e-01
  1.9917860e+00 5.7114697e-01 8.6687285e-01 8.1580412e-01 3.6458418e+00
  2.2811227e+00 4.3501196e+00 5.7963535e-02 8.2810676e-01 4.8191372e-02
  3.2374094e+00 4.9411221e+00 1.6728115e+00 2.8492099e-01 3.2685345e-01
  1.8680596e+00 7.7277279e-01 0.0000000e+00 7.3508611e+00 4.3343788e-01
  8.7256265e-01 2.1227846e+00 2.7455080e-01 0.0000000e+00 5.1207316e-01
  0.0000000e+00 1.2138320e+00 2.8798532e+00 2.9158494e+00 1.5275507e+00
  2.7332568e-01 1.1239901e+00 5.6004882e+00 3.3654395e-01 1.1672529e+00
  1.0047545e+00 3.4461470e+00 5.7419639e+00 2.6627944e+00 6.7225485e+00
  1.7612308e+00 0.0000000e+00 1.9264075e+00 2.3762558e+00 1.3141662e+00
  9.2092724e+00 5.3858681e+00 2.7257416e+00 1.8545040e+00 8.6136729e-01
  4.5125851e-01 4.7414489e+00 4.2865767e+00 3.4638069e+00 2.1866403e+00
  2.2707419e-01 0.0000000e+00 6.7839394e+00 2.3006988e+00 5.8103329e-01
  2.9176500e+00 8.3833486e-01 1.0216680e-01 1.3164709e+00 2.2149758e+00
  0.0000000e+00 0.0000000e+00 0.0000000e+00 1.7167208e+01 1.4177505e+00
  5.1926723e+00 3.0431936e+00 1.3539630e-01 0.0000000e+00 1.0281946e+01
  4.8398170e+00 6.3791647e+00 7.1570265e-01 2.5087554e+00 1.2519238e+01
  2.7806587e+00 2.8647921e+00 0.0000000e+00 5.0627437e+00 1.2778414e+01
  6.5979159e-01 3.3358519e+00 2.3002174e+00 3.4010632e+00 2.7510960e-02
  9.3408144e-01 9.7032137e-02 6.1893468e+00 2.1039918e-01 7.8866267e-01
  2.0251038e+00 1.1852621e+01 4.7682838e+00 1.6342899e-01 2.4965808e+00
  2.0020108e-01 3.6478474e+00 5.7909889e+00 1.5104650e+00 9.9184170e-02
  6.2409985e-01 3.7414989e+00 9.3687506e+00 5.5529505e-02 2.8863844e-01
  9.0679699e-01 1.3161575e+00 2.6471630e-01 6.4584875e+00 6.9727308e-01
  2.3810790e+00 0.0000000e+00 1.4915510e+00 7.3378887e+00 0.0000000e+00
  3.7959129e-01 5.0907044e+00 2.9970288e-01 3.2916358e-01 1.0132753e+01
  7.4238257e+00 6.8249792e-01 1.6090493e-01 4.4203110e+00 2.1118987e+00
  1.2084242e+00 1.6412930e+01 1.8197490e+00 2.6687295e+00 0.0000000e+00
  3.2191202e-01 0.0000000e+00 0.0000000e+00 6.5588228e-02 1.8052343e+00
  6.6880271e-02 6.6025651e-01 3.6547496e+00 3.2182424e+00 5.0106990e-01
  2.4597600e+00 6.0762931e-02 9.2060667e-01 8.8549101e-01 1.5015141e+00
  3.9111056e+00 2.0226161e+00 1.0950867e-01 1.0790739e-01 4.8444267e-02
  4.9949698e+00 1.7923861e+00 9.2753726e-01 8.6920843e+00 5.5957189e+00
  5.5948478e-01 3.5459158e+00 3.6584902e+00 3.6606495e+00 1.2846971e+00
  0.0000000e+00 7.8452706e-01 1.9418466e+00 3.1556949e-01 2.0895231e+00
  1.9585714e+00 0.0000000e+00 2.6212120e+00 2.0682752e+00 5.6428587e-01
  5.0833411e+00 9.7602091e+00 1.0497543e+00 5.1409960e+00 5.2973719e+00
  1.0580661e+00 0.0000000e+00 3.4892529e-01 1.7624254e+00 2.3167388e+00
  3.5608644e+00 8.2643425e-01 1.6236532e-01 2.1401043e+00 2.9604226e-02
  4.4979414e-01 7.3144207e+00 3.6253490e+00 6.4515185e-01 2.1437685e+00
  5.3827162e+00 8.0483780e+00 2.0536246e+00 2.3481927e+00 2.4504058e-01
  2.6079817e+00 3.7479359e-01 1.1148058e+00 8.2783642e+00 2.7109296e+00
  4.3972036e-01 1.6190986e-01 2.2289357e+00 5.3126550e-01 1.5859300e+00
  3.3576183e+00 0.0000000e+00 0.0000000e+00 2.1050753e-01 1.4204856e+00
  3.0660667e+00 1.7350328e+00 3.3682904e+00 8.3676547e-01 1.1997970e+00
  2.0259652e+00 4.2044711e+00 2.5662106e-01 2.3565187e-01 6.2543559e+00
  1.6194350e+00 3.6486742e+00 7.6715131e+00 5.6762252e+00 3.3003232e+00
  1.2822291e+00 2.9912596e+00 7.1452332e+00 0.0000000e+00 1.9423336e+00
  3.3068678e+00 4.6024930e-01 1.5180801e+00 1.8575099e+00 4.5827589e+00
  5.5160767e-01 1.2953575e+01 3.1777749e+00 6.5330036e-02 7.8177252e+00
  5.2610591e-02 1.3768812e+00 0.0000000e+00 1.6949126e+00 6.4609923e+00
  3.2531580e-01 6.7327213e+00 1.5098064e+00 0.0000000e+00 9.6307297e+00
  4.1286631e+00 6.0384393e-01 3.1217368e+00 1.3456410e-01 4.7755651e+00
  3.2031780e-01 1.4802465e+00 1.2242893e+00 7.3454380e-01 1.5638715e-01
  4.4114308e+00 1.8422109e-01 2.7856941e+00 2.6391478e+00 8.2254295e+00
  2.1590176e+00 4.9784513e+00 9.5099024e-02 5.3627195e+00 7.1222109e-01
  4.9491758e+00 1.9931068e+01 2.2914252e+00 8.6040373e+00 2.9717824e+00
  4.1548448e+00 0.0000000e+00 1.2053469e+00 2.5649052e-02 2.1519763e+00
  7.1967058e+00 5.9033823e-01 0.0000000e+00 6.2786636e+00 1.4865426e+00
  4.4402642e+00 2.7319810e+00 2.0722604e-01 1.1210591e+00 1.9909002e+00
  8.4449348e+00 1.3528533e+00 5.0010920e-01 1.8727378e+00 1.7888305e+00
  1.9940388e-01 1.0313827e+00 4.1774807e+00 3.5553613e+00 2.6620262e+00
  4.3810320e+00 1.7880436e+00 3.8573751e+00 3.8056264e+00 7.4260092e+00
  2.2285499e-01 3.1382608e+00 0.0000000e+00 8.3911574e-01 2.4554543e+00
  4.8141530e-01 5.1124465e-01 2.5779605e-01 9.9192686e+00 6.8430626e-01
  1.2338235e+00 1.1098380e+00 3.1937559e+00 0.0000000e+00 1.1328380e+00
  1.9188414e+00 7.0389342e+00 4.0805335e+00 4.0203242e+00 2.1555352e+00
  7.8379860e+00 4.2217472e-01 9.2189974e-01 1.5829051e+00 3.0131662e+00
  7.4189261e-02 2.2257562e+00 2.8016500e+00 6.4257874e+00 1.9770342e-01
  5.0487847e+00 4.3061275e+00 6.0732365e-01 3.7039137e+00 1.0501633e+00
  2.7164450e-01 8.6780018e-01 9.4506514e-01 4.6858397e+00 1.2719094e+00
  5.2190475e+00 2.3111427e+00 1.6255321e-02 2.8927672e+00 0.0000000e+00
  0.0000000e+00 9.7623366e-01 7.4818236e-01 2.6181071e+00 2.5452013e+00
  7.3613352e-01 1.6502147e+00 2.0337801e+00 5.7153422e-01 1.4017539e-01
  1.7177093e+00 2.9292235e+00 9.9911112e-01 0.0000000e+00 6.5954170e+00
  1.5476958e+00 7.5913107e-01 2.4872994e+00 1.4992861e+00 5.8409530e-01
  1.0162871e+00 1.2024217e+00 1.1363084e+00 1.8590760e+00 3.6521354e+00
  7.1964008e-01 2.3351693e+00 4.4430609e+00 5.3910217e+00 3.4334953e+00
  2.1416332e-01 9.4247140e-02]]