[[3.62385571e-01 2.65363932e-01 1.04686880e+01 7.81164885e-01
  6.80331802e+00 1.75515980e-01 9.69071484e+00 2.37301064e+00
  2.66708136e-01 3.61816621e+00 2.66301894e+00 2.72003078e+00
  3.89957762e+00 6.42000055e+00 7.59950280e-01 4.54391330e-01
  4.21501827e+00 3.93902588e+00 3.09739649e-01 2.54600525e+00
  1.52982101e-01 2.37030149e+00 3.64409757e+00 9.11876106e+00
  5.35707235e-01 5.95445490e+00 3.27692580e+00 2.44235516e+00
  2.56786060e+00 1.84697556e+00 3.31681609e+00 1.65638673e+00
  0.00000000e+00 4.83277225e+00 1.40461254e+00 8.18586648e-02
  3.06127936e-01 1.26242709e+00 4.21490717e+00 6.03344925e-02
  3.21051002e+00 2.80633904e-02 1.24297106e+00 2.42413831e+00
  1.33512366e+00 1.07188046e+00 1.72050357e+00 5.38251972e+00
  3.21752405e+00 7.59711266e-01 3.91027540e-01 7.38829076e-01
  0.00000000e+00 1.72036275e-01 3.05934221e-01 5.24271441e+00
  3.04316020e+00 1.08026333e+01 4.00125933e+00 1.52254164e+00
  8.27474415e-01 2.56385088e-01 6.34914351e+00 1.31113327e+00
  6.15380883e-01 2.55936718e+00 6.19159281e-01 2.07764268e+00
  6.61184192e-01 7.33033419e-02 4.44218181e-02 8.03147221e+00
  2.28384495e+00 3.52477217e+00 2.00046706e+00 1.23587787e+00
  3.01258564e-01 9.27284420e-01 9.53572392e-01 2.80562139e+00
  3.57931018e-01 2.38183618e+00 9.58395386e+00 9.74554157e+00
  6.09460211e+00 4.06461954e+00 0.00000000e+00 2.31629539e+00
  1.25031414e+01 2.11338210e+00 4.56184340e+00 6.65546703e+00
  2.80545443e-01 7.66183281e+00 1.06947243e+00 0.00000000e+00
  2.62494373e+00 2.52435422e+00 4.02978325e+00 1.16163845e+01
  2.66591787e-01 2.98861122e+00 5.63108730e+00 4.95186710e+00
  9.53958869e-01 1.56273448e+00 5.34493268e-01 1.64410400e+00
  3.28226590e+00 2.34635210e+00 5.10847855e+00 2.03566432e+00
  2.48801303e+00 1.38761878e-01 1.96405339e+00 0.00000000e+00
  8.37556458e+00 9.85637128e-01 2.84378648e-01 3.94777894e-01
  2.09434077e-01 7.05385923e+00 1.21109116e+00 4.72696209e+00
  1.62653601e+00 2.74672222e+00 1.60316217e+00 5.79566538e-01
  1.34377014e-02 1.56974783e+01 2.30454826e+00 3.27923107e+00
  1.15943060e+01 8.33211136e+00 1.34992051e+00 2.89105344e+00
  1.07509220e+00 7.19752407e+00 2.11299253e+00 3.40984368e+00
  2.41770792e+00 1.35758722e+00 0.00000000e+00 1.10608780e+00
  4.11068344e+00 1.81413460e+00 7.59656763e+00 1.63775575e+00
  1.22992866e-01 2.47886682e+00 2.99321723e+00 4.56994390e+00
  2.56695247e+00 2.17481151e-01 1.92929521e-01 2.69651008e+00
  6.62819052e+00 9.13725376e-01 1.53252602e-01 5.81843948e+00
  1.38411903e+00 3.77777028e+00 5.44042730e+00 4.13224459e-01
  1.89859605e+00 7.39318669e-01 2.52216983e+00 1.21258748e+00
  4.40624580e-02 2.67803162e-01 4.83774811e-01 2.15803456e+00
  1.86461937e+00 3.46330285e+00 6.04847968e-01 5.81003249e-01
  1.25446069e+00 2.78513670e-01 7.01646757e+00 1.61117899e+00
  1.02751529e+00 1.81236595e-01 6.19073915e+00 1.01782751e+00
  1.87556911e+00 9.26297843e-01 5.22800636e+00 5.37867010e-01
  7.92133272e-01 5.99763203e+00 8.69006634e+00 2.43640542e+00
  2.87013483e+00 8.10131788e-01 4.55668068e+00 3.84730148e+00
  1.76116419e+00 6.36530781e+00 8.67177868e+00 8.62696528e-01
  6.49722767e+00 1.03304833e-02 9.80091512e-01 4.52719355e+00
  8.17967796e+00 3.03036618e+00 9.30210352e-01 3.57595325e+00
  6.52242482e-01 1.82807469e+00 6.70513213e-01 1.04045594e+00
  0.00000000e+00 2.02192044e+00 1.11750937e+00 1.19584572e+00
  3.82083511e+00 4.52505827e+00 5.48011303e-01 1.40992785e+00
  2.85585833e+00 3.47907829e+00 5.16714573e-01 3.41362000e-01
  2.35057330e+00 3.94429660e+00 9.78145078e-02 3.19304299e+00
  4.52296555e-01 1.16776288e+00 7.39738607e+00 1.98446536e+00
  2.88933992e+00 6.45604849e-01 3.59526664e-01 8.23231161e-01
  1.52736845e+01 7.80854702e+00 1.17808568e+00 9.97029960e-01
  6.50289834e-01 1.96052730e-01 4.46760058e-01 5.50232553e+00
  1.50460529e+00 1.44569075e+00 5.11130810e+00 3.76955581e+00
  1.72176266e+00 4.47678614e+00 1.46742649e-02 1.85360301e+00
  2.78297997e+00 1.85979140e+00 1.65607047e+00 0.00000000e+00
  3.45472074e+00 7.86552966e-01 1.55108833e+00 1.59532452e+00
  1.91786003e+00 1.64048040e+00 1.91083729e+00 4.42381001e+00
  7.19885588e-01 3.64323944e-01 1.25160313e+00 2.99389935e+00
  1.55688038e+01 1.13872755e+00 3.60541511e+00 6.75154328e-01
  7.26815686e-02 3.29088092e-01 5.47520542e+00 4.00928497e+00
  2.81131625e+00 2.81502151e+00 7.70981073e-01 5.35570920e-01
  3.63155508e+00 3.12806630e+00 2.75662065e+00 3.82409143e+00
  0.00000000e+00 0.00000000e+00 8.31468391e+00 4.77595472e+00
  3.64832544e+00 4.10690784e+00 6.23563051e+00 1.31524339e-01
  4.93120193e-01 1.30185795e+00 3.62064815e+00 6.28126383e+00
  5.26241064e-01 5.59955180e-01 1.37105608e+00 1.11427657e-01
  2.93242192e+00 4.15650320e+00 2.95868087e+00 0.00000000e+00
  1.19804168e+00 6.50588179e+00 7.13343668e+00 1.47336125e+00
  1.04323231e-01 5.46747208e-01 3.18960476e+00 9.78930950e+00
  4.74947602e-01 7.12062299e-01 4.60999203e+00 1.84219748e-01
  1.78846419e+00 9.89937019e+00 1.27608371e+00 7.54807138e+00
  1.01974070e+00 5.36564648e-01 6.44488049e+00 2.95762420e+00
  5.08507824e+00 1.68525621e-01 4.70402050e+00 4.17737770e+00
  2.16318130e+00 1.95245826e+00 1.09123588e+00 2.12826777e+00
  1.72809541e+00 0.00000000e+00 6.94398785e+00 3.27483439e+00
  6.88048077e+00 3.57709551e+00 3.70925665e+00 1.77715218e+00
  5.63714981e+00 0.00000000e+00 4.84987307e+00 2.28673279e-01
  3.79596281e+00 6.54713869e-01 1.16603947e+00 4.61843920e+00
  4.04096127e+00 4.16094922e-02 1.94620073e-01 7.16682076e-02
  3.28832936e+00 3.01416588e+00 2.24638247e+00 1.00367412e-01
  1.09083700e+00 1.14417601e+01 3.14762092e+00 3.91488218e+00
  8.61172485e+00 1.23695433e+00 1.14505732e+00 9.85095692e+00
  1.66038108e+00 1.28432298e+00 1.55253830e+01 0.00000000e+00
  3.53709757e-01 5.69351816e+00 1.19772136e-01 1.19386649e+00
  5.65253925e+00 2.48916245e+00 3.07341123e+00 3.88232976e-01
  2.03989848e-01 7.20340014e+00 4.84212494e+00 8.12473476e-01
  5.66075850e+00 1.10597286e+01 7.82416439e+00 8.47609043e-01
  1.11828649e+00 9.91731763e-01 3.93001390e+00 1.05422962e+00
  2.49785423e+00 1.00081301e+01 0.00000000e+00 9.78745461e-01
  1.83981016e-01 5.70901930e-01 9.34226704e+00 2.66947746e-01
  2.62132478e+00 5.59621000e+00 3.53360224e+00 2.70481968e+00
  2.87382603e+00 1.00417209e+00 2.82042861e+00 5.09550428e+00
  5.41837788e+00 0.00000000e+00 3.80288064e-01 2.20589321e-02
  6.36280251e+00 5.43273509e-01 4.01053905e+00 3.62966728e+00
  2.34444261e+00 0.00000000e+00 9.72485602e-01 1.86291766e+00
  9.56359804e-01 3.13712168e+00 1.01925576e+00 1.65233529e+00
  2.21401021e-01 0.00000000e+00 0.00000000e+00 1.83773482e+00
  6.54317498e-01 1.48675191e+00 6.16139317e+00 8.47673535e-01
  9.62929547e-01 5.31590128e+00 2.09787178e+00 2.73620510e+00
  2.67749619e+00 2.15311599e+00 1.62623152e-01 6.13350439e+00
  3.84328872e-01 1.56469285e+00 7.66747952e-01 1.09317541e+00
  3.08879161e+00 6.13707900e-01 4.23400760e-01 2.75071883e+00
  1.52021155e-01 1.01751959e+00 1.56637859e+00 7.97537029e-01
  6.43015146e+00 5.33874691e-01 6.99865162e-01 4.43464279e+00
  2.69775176e+00 4.89362049e+00 7.13796854e+00 6.09149754e-01
  1.84287107e+00 3.03391457e+00 9.06501591e-01 4.48969889e+00
  1.34638131e+00 1.64755750e+00 7.59230703e-02 1.12585950e+00
  1.36949643e-01 5.94653082e+00 1.54978573e+00 1.80023289e+00
  1.26952815e+00 5.26082611e+00 3.04964828e+00 6.05144262e+00
  2.08016014e+00 5.34359589e-02 5.89800358e-01 2.08019590e+00
  0.00000000e+00 6.99754834e-01 5.80971003e+00 4.12395096e+00
  8.16237926e+00 2.80179310e+00 3.18353033e+00 8.62580585e+00
  1.65630853e+00 2.71075517e-01 4.21704865e+00 1.02856711e-01
  1.96244434e-01 5.06555319e+00 1.10612869e+00 8.07154179e+00
  5.09194803e+00 1.24721086e+00 7.03185558e+00 2.57755470e+00
  9.26001906e-01 1.04288495e+00 3.73358178e+00 3.05406153e-01
  1.86687779e+00 3.26528311e+00 2.28589630e+00 1.51982319e+00
  2.22394419e+00 7.98605382e-02 2.69957900e+00 3.18849593e-01
  3.76557422e+00 1.02904093e+00 2.49620748e+00 4.07442188e+00]]