[[1.06602883e+00 3.79926944e+00 6.65237665e+00 7.68473506e-01
  5.75376415e+00 7.84705877e-01 6.31635332e+00 2.35867310e+00
  3.13678694e+00 4.45322514e+00 3.86943793e+00 3.62021255e+00
  2.59817433e+00 6.52893734e+00 6.94401711e-02 1.89778817e+00
  2.10078812e+00 9.02293622e-01 6.06905632e-02 5.95961714e+00
  1.45578906e-01 8.67899597e-01 1.42474926e+00 1.15803051e+01
  7.42096901e-01 8.08227634e+00 5.00172520e+00 1.01999223e+00
  1.14970410e+00 4.90013452e-04 1.65554488e+00 2.01324439e+00
  0.00000000e+00 5.18580246e+00 2.60215139e+00 6.37385368e-01
  2.76272863e-01 5.67824244e-01 5.91714478e+00 3.54483634e-01
  2.12914872e+00 1.19250529e-01 4.41582352e-01 3.99696660e+00
  0.00000000e+00 1.10927284e+00 7.65673876e-01 2.06135273e+00
  7.26856756e+00 5.64561415e+00 1.67344415e+00 6.66551530e-01
  0.00000000e+00 2.92009544e+00 2.02471352e+00 5.03195524e+00
  2.69339299e+00 7.56047726e+00 4.27937841e+00 1.00912854e-01
  1.72833889e-03 7.65087426e-01 6.83717060e+00 3.32423496e+00
  0.00000000e+00 1.38383389e+00 1.62898576e+00 3.13342005e-01
  2.25397420e+00 3.35635996e+00 9.11233604e-01 4.22562504e+00
  0.00000000e+00 1.12357318e+00 1.69552290e+00 1.28764105e+00
  1.10286367e+00 1.88125646e+00 8.60708952e-01 2.19704366e+00
  1.57992458e+00 6.31289053e+00 4.33560038e+00 9.80375957e+00
  9.71315956e+00 4.88678265e+00 0.00000000e+00 9.57259715e-01
  9.91127586e+00 2.93787766e+00 3.90511560e+00 3.22073793e+00
  1.14088440e+00 1.23608942e+01 5.11401510e+00 4.33696508e-01
  3.49707913e+00 3.38153172e+00 1.57995975e+00 3.48347998e+00
  1.59147769e-01 3.68080211e+00 5.75957835e-01 7.63534546e+00
  6.12980425e-01 2.17662156e-01 3.70793152e+00 3.04287410e+00
  1.17068446e+00 2.37088394e+00 5.00517130e+00 2.26165819e+00
  1.80680847e+00 0.00000000e+00 3.26095343e+00 0.00000000e+00
  4.98074818e+00 1.83605587e+00 8.60603631e-01 9.21374679e-01
  1.23110867e+00 6.62841940e+00 1.92709267e+00 9.57688332e+00
  3.68531895e+00 2.68611360e+00 4.08906317e+00 2.02252054e+00
  1.13077784e+00 1.93764820e+01 3.33056974e+00 1.37912703e+00
  9.37380123e+00 9.30715656e+00 4.11835968e-01 2.54996681e+00
  2.77204800e+00 3.75958991e+00 6.78120434e-01 1.45936966e+01
  3.70135260e+00 2.05065846e+00 1.43019450e+00 3.90908313e+00
  5.86746216e-01 3.08464026e+00 1.08791904e+01 5.60509801e-01
  6.31365716e-01 1.28063071e+00 1.29435014e-03 3.45741701e+00
  1.15666080e+00 6.13607109e-01 1.79727361e-01 1.32620299e+00
  1.99485630e-01 2.25102687e+00 9.24003124e-01 7.06802225e+00
  8.30877185e-01 3.04812002e+00 7.70440531e+00 0.00000000e+00
  2.90747142e+00 4.11037445e+00 3.21462417e+00 2.03618646e+00
  2.72081524e-01 1.11390185e+00 2.44485950e+00 8.91059577e-01
  2.50025892e+00 7.18510771e+00 1.52416945e+00 5.66751957e-01
  0.00000000e+00 9.06355858e-01 3.95803404e+00 3.94311762e+00
  9.42889571e-01 9.11238611e-01 4.12382793e+00 3.40681696e+00
  1.84745944e+00 1.13420117e+00 4.66402245e+00 3.70697170e-01
  5.25190175e-01 4.88850415e-01 6.78813028e+00 3.55061126e+00
  2.51930046e+00 4.16102028e+00 8.32264519e+00 3.85770082e+00
  2.93294668e+00 4.75235033e+00 1.09594479e+01 0.00000000e+00
  8.35242844e+00 0.00000000e+00 1.09514189e+00 6.26147652e+00
  3.30256534e+00 3.24213862e+00 2.47001457e+00 4.66254807e+00
  2.52450252e+00 7.22244740e-01 2.09900841e-01 7.88693190e-01
  0.00000000e+00 7.72160244e+00 1.34005010e+00 1.74728894e+00
  6.15414619e+00 4.78143692e+00 1.83821633e-01 8.30000341e-01
  9.30077934e+00 9.00805759e+00 9.37390149e-01 7.93113649e-01
  1.06567037e+00 1.12828672e+00 0.00000000e+00 9.88567412e-01
  0.00000000e+00 1.14218938e+00 3.26086354e+00 3.24388504e+00
  1.51765919e+00 8.37152600e-01 8.46163630e-01 2.32320738e+00
  2.11835136e+01 3.29816079e+00 8.59521687e-01 1.86073518e+00
  3.12264025e-01 9.29220676e-01 2.16314745e+00 5.69138765e+00
  9.18261170e-01 1.30417287e+00 5.13489008e+00 2.05635095e+00
  0.00000000e+00 1.00073538e+01 0.00000000e+00 8.11772346e-01
  2.86567974e+00 4.97460318e+00 2.81670499e+00 0.00000000e+00
  3.38636875e+00 8.33004713e-02 2.03987288e+00 0.00000000e+00
  7.83316866e-02 5.56311464e+00 4.20942567e-02 4.32571793e+00
  1.43553913e+00 2.54099274e+00 2.95360982e-01 1.95123768e+00
  1.39002237e+01 3.43812287e-01 6.97308493e+00 3.04693103e+00
  1.91010034e+00 1.94352484e+00 4.52600861e+00 6.67814553e-01
  4.33176899e+00 4.38305283e+00 2.57167697e-01 2.50061464e+00
  7.17214537e+00 7.95086384e-01 8.53705108e-01 5.75035191e+00
  0.00000000e+00 0.00000000e+00 8.24032307e+00 7.45969105e+00
  2.56378007e+00 3.87904835e+00 7.84361982e+00 8.81794393e-01
  7.18732262e+00 3.40007365e-01 4.01493454e+00 5.55198097e+00
  3.51984680e-01 1.72079161e-01 2.02662301e+00 0.00000000e+00
  1.10518160e+01 8.37924862e+00 8.38997650e+00 0.00000000e+00
  3.01366854e+00 7.52552652e+00 7.19192982e+00 2.54085422e+00
  1.77653050e+00 8.33705485e-01 4.14843369e+00 4.29795504e+00
  1.94086337e+00 7.61548936e-01 7.22219801e+00 4.04878497e-01
  1.27149415e+00 4.88371181e+00 1.41766500e+00 6.69225931e+00
  2.74118137e+00 1.47055674e+00 7.07202816e+00 3.53867459e+00
  4.50251436e+00 7.36991704e-01 1.06148758e+01 1.97290099e+00
  2.02054763e+00 1.74918354e-01 1.47952425e+00 2.01801610e+00
  3.24537468e+00 1.12203531e-01 7.93626356e+00 5.36128569e+00
  5.10225439e+00 3.89072657e+00 7.69890356e+00 2.62810707e+00
  4.68242979e+00 1.30431128e+00 3.15385437e+00 3.16828227e+00
  2.86024976e+00 5.42406380e-01 4.71716118e+00 4.31444645e+00
  6.62368393e+00 1.37506962e+00 0.00000000e+00 0.00000000e+00
  3.32555223e+00 1.39895916e+00 2.54048753e+00 1.21089828e+00
  8.27537596e-01 8.46664143e+00 9.56268609e-01 2.91011882e+00
  4.18292809e+00 5.48931420e-01 5.74077010e-01 1.57739964e+01
  2.95442641e-01 1.69712627e+00 1.46100922e+01 0.00000000e+00
  5.54799438e-01 4.12860441e+00 4.58207875e-01 1.00395572e+00
  8.32975006e+00 2.39942098e+00 3.00431490e+00 8.67155790e-02
  2.77984619e-01 8.32867718e+00 5.10585117e+00 3.44361961e-01
  1.60134637e+00 1.31767893e+01 9.29099464e+00 2.20995975e+00
  1.08481801e+00 2.64819765e+00 3.82098293e+00 7.62161193e-03
  2.82780886e+00 1.32968302e+01 0.00000000e+00 2.86560267e-01
  1.74763486e-01 3.87642771e-01 6.09009790e+00 4.55865502e-01
  1.70733488e+00 6.93303156e+00 6.36546230e+00 2.85506248e+00
  8.56993854e-01 5.86512518e+00 1.06164134e+00 1.73097420e+00
  6.47297144e+00 0.00000000e+00 4.38620508e-01 3.05507362e-01
  4.04407310e+00 1.60958376e-02 4.82986164e+00 3.72326565e+00
  2.54609466e+00 2.65145540e+00 3.92637849e-01 1.17013693e+00
  0.00000000e+00 4.13533020e+00 0.00000000e+00 1.61174834e+00
  2.87989050e-01 3.09518605e-01 1.89304054e-01 3.80211115e+00
  2.18961978e+00 7.22297812e+00 5.45729733e+00 0.00000000e+00
  3.71975517e+00 2.91220713e+00 2.03024435e+00 4.22602510e+00
  2.94057631e+00 2.07255054e+00 1.59145370e-01 1.11634636e+00
  5.99551857e-01 2.70124841e+00 4.65645820e-01 2.83403230e+00
  4.12660980e+00 2.01666546e+00 4.19184625e-01 2.10209727e+00
  0.00000000e+00 2.48823361e-03 2.75393248e+00 1.80138052e+00
  4.74420309e+00 1.33041418e+00 4.45128649e-01 2.18630719e+00
  1.51914835e+00 6.18518925e+00 1.28775053e+01 3.64497602e-02
  1.04065475e+01 2.40557671e+00 1.79093456e+00 5.26643610e+00
  3.63856745e+00 3.54137778e+00 1.71095037e+00 5.13685405e-01
  1.93433702e-01 1.02171278e+01 2.43722773e+00 3.28407931e+00
  1.90843821e+00 4.38624954e+00 5.43552339e-01 6.97610474e+00
  2.32741880e+00 9.19528082e-02 0.00000000e+00 1.51082325e+00
  0.00000000e+00 2.25607085e+00 3.27766085e+00 4.27655458e+00
  1.08025026e+01 0.00000000e+00 2.30026627e+00 4.63158607e+00
  0.00000000e+00 1.85624614e-01 1.49655759e+00 3.76778662e-01
  2.21299186e-01 6.83556175e+00 3.09227061e+00 2.81711841e+00
  3.06390934e-02 7.61861503e-01 9.04028225e+00 2.17877007e+00
  3.85530186e+00 5.27613258e+00 3.16140008e+00 1.25155836e-01
  1.67588162e+00 2.19459915e+00 6.25890851e-01 2.25452542e+00
  9.44358408e-01 4.58152741e-01 1.82694137e+00 2.52924109e+00
  5.59920835e+00 4.45410395e+00 3.19247723e+00 2.22556877e+00]]