[[1.12638883e-01 1.54960155e+00 8.59385395e+00 8.29877138e-01
  5.50736856e+00 4.52726722e-01 6.35629463e+00 5.69171906e+00
  5.32877088e-01 1.72916627e+00 3.69098544e+00 1.25015318e+00
  3.36043000e+00 2.72583938e+00 0.00000000e+00 1.28344643e+00
  1.93163002e+00 2.89740372e+00 1.78461269e-01 4.25792599e+00
  4.60122572e-03 3.19190264e+00 3.39668393e+00 6.63413906e+00
  2.59775329e+00 5.69069481e+00 3.78754687e+00 1.47724643e-01
  2.92388320e+00 1.69145048e+00 3.80959463e+00 8.09190810e-01
  1.43588245e+00 5.53271723e+00 2.10562420e+00 0.00000000e+00
  1.24432385e-01 0.00000000e+00 3.63855410e+00 1.75916231e+00
  9.53862548e-01 1.50332594e+00 4.21068490e-01 9.13506603e+00
  1.53204083e-01 4.37469959e-01 1.63164067e+00 2.35610676e+00
  2.97305852e-01 8.30092132e-02 2.49468759e-01 8.85959685e-01
  2.43714705e-01 1.71386147e+00 9.32068169e-01 2.19556093e+00
  4.12859470e-01 6.01568365e+00 9.44785213e+00 4.46164894e+00
  2.01192901e-01 2.13118863e+00 4.28476095e+00 2.14613175e+00
  3.00813818e+00 3.83271068e-01 0.00000000e+00 7.60199010e-01
  6.11725688e-01 5.93496621e-01 1.46252501e+00 5.34537971e-01
  3.47157061e-01 4.02507305e+00 1.89994204e+00 2.48564863e+00
  1.84696043e+00 0.00000000e+00 2.40040922e+00 4.19145823e+00
  6.43099844e-01 5.72682762e+00 5.42719793e+00 6.54507303e+00
  9.63561726e+00 6.24614429e+00 8.76388233e-03 8.73735487e-01
  4.03254271e+00 3.34903359e+00 1.34007359e+00 3.50749516e+00
  1.19322336e+00 1.02204485e+01 6.19064331e+00 6.91824779e-02
  2.21642232e+00 9.80602026e-01 6.59869385e+00 4.51319838e+00
  8.53248060e-01 9.04009342e-01 7.62433434e+00 4.32041407e+00
  1.02363145e+00 6.59399748e-01 8.60487819e-02 2.12968206e+00
  3.55862141e+00 3.10563254e+00 1.47416234e-01 1.74245620e+00
  2.09566665e+00 7.77460039e-01 0.00000000e+00 0.00000000e+00
  9.06568813e+00 5.98188102e-01 1.11694761e-01 2.30621028e+00
  1.37783051e+00 4.21549082e+00 6.06377244e-01 4.49266624e+00
  3.24464846e+00 1.05173290e+00 4.34022933e-01 3.20084304e-01
  1.39872646e+00 8.49872398e+00 4.18604708e+00 2.01248860e+00
  9.78439236e+00 8.03328705e+00 1.18796992e+00 2.67612028e+00
  5.43348193e-01 1.20117676e+00 3.97048545e+00 6.29058838e+00
  6.02353477e+00 1.96687102e+00 3.09148043e-01 1.47835171e+00
  7.76818693e-02 2.93185997e+00 8.51286125e+00 5.76570332e-01
  6.77024722e-02 3.40753007e+00 3.31005245e-01 6.58039474e+00
  1.07015848e+00 5.68558872e-02 1.89353943e-01 2.58494163e+00
  2.08237505e+00 2.24065948e+00 8.46485317e-01 6.52492237e+00
  8.27639222e-01 7.12681437e+00 3.58904624e+00 2.49428153e-01
  3.73465800e+00 3.91643143e+00 2.55432773e+00 3.75766516e-01
  0.00000000e+00 5.94662189e-01 3.45645905e-01 1.66416228e-01
  2.93507910e+00 2.80108809e+00 3.28150660e-01 2.08061314e+00
  2.90058434e-01 3.28360081e-01 4.83698273e+00 5.31429529e-01
  6.08107448e-01 2.32439899e+00 3.22294211e+00 4.03252915e-02
  5.30684280e+00 2.22826123e+00 1.90674329e+00 1.46641135e-01
  3.62260628e+00 7.65282965e+00 8.62085819e+00 2.97830820e+00
  4.68178606e+00 1.56537938e+00 7.21559286e+00 1.70120454e+00
  7.47223759e+00 7.70077372e+00 7.36220646e+00 6.17476590e-02
  9.92521191e+00 8.00968766e-01 4.86392111e-01 2.08283830e+00
  5.18722820e+00 2.25590539e+00 1.16527271e+00 3.49667597e+00
  5.80459177e-01 4.84548092e+00 3.19162965e-01 8.11878502e-01
  1.90467268e-01 4.05446196e+00 7.95633125e+00 1.71226454e+00
  8.77058983e-01 5.24791218e-02 1.25262845e+00 2.45452404e+00
  3.12422585e+00 6.32067394e+00 1.50246274e+00 1.12176073e+00
  4.44314337e+00 6.33397698e-01 9.12200153e-01 1.31801522e+00
  1.74835131e-01 1.35453880e+00 1.44024944e+00 1.55552256e+00
  4.62676001e+00 0.00000000e+00 3.41876179e-01 1.47830081e+00
  7.73209572e+00 2.45150185e+00 1.54988968e+00 3.74019790e+00
  2.23667884e+00 4.57500505e+00 9.75516737e-01 6.28617382e+00
  0.00000000e+00 5.83732653e+00 6.72092152e+00 1.81426561e+00
  5.36550879e-01 2.65333557e+00 6.10219240e-01 1.01686871e+00
  4.05210912e-01 4.43374491e+00 3.80410695e+00 1.77477479e-01
  3.66845608e+00 3.19494337e-01 2.52480340e+00 1.20040171e-01
  1.65337932e+00 1.36378157e+00 3.37894827e-01 1.95834637e+00
  2.08002543e+00 2.86525458e-01 2.23773932e+00 2.15732646e+00
  1.10977268e+00 3.16504568e-01 5.36429596e+00 1.92717540e+00
  4.43719327e-01 2.00984216e+00 4.20357656e+00 1.50225446e-01
  4.22996378e+00 4.15905523e+00 2.07087946e+00 1.31792772e+00
  7.67327929e+00 6.78297281e+00 7.67309248e-01 1.82146370e+00
  1.09766352e+00 1.21740066e-01 1.42613850e+01 4.40433502e+00
  3.39057183e+00 4.68440962e+00 8.76666737e+00 4.85604823e-01
  7.17637300e+00 6.84080410e+00 4.00596046e+00 6.84215927e+00
  4.14683223e-02 1.58084321e+00 8.90784681e-01 1.59255967e-01
  6.40409440e-03 6.93647289e+00 1.10429800e+00 0.00000000e+00
  8.22516382e-01 8.82336712e+00 7.13890409e+00 1.33011234e+00
  1.21750511e-01 7.93943465e-01 3.85311580e+00 6.67194843e+00
  1.08521330e+00 1.36252372e-02 5.00394964e+00 6.75991654e-01
  3.19190240e+00 6.43346548e+00 1.55818313e-01 3.14910769e+00
  1.02348185e+00 4.80924487e-01 7.02307940e+00 4.36141539e+00
  3.91895843e+00 0.00000000e+00 1.04521561e+01 2.65695310e+00
  2.71043491e+00 5.24425030e-01 1.40073133e+00 4.95411634e-01
  9.97840047e-01 1.65897059e+00 1.09441118e+01 5.76233244e+00
  7.90040016e+00 2.70709109e+00 4.33330917e+00 1.81321013e+00
  5.47072363e+00 6.65074289e-02 5.67693901e+00 4.01790237e+00
  3.48456192e+00 9.08399761e-01 2.61367774e+00 2.29306650e+00
  4.42220640e+00 4.70024914e-01 0.00000000e+00 0.00000000e+00
  4.23143394e-02 5.79226971e-01 4.04075336e+00 4.03175652e-01
  6.56062603e-01 6.37146616e+00 3.06426048e+00 5.66759443e+00
  1.05360193e+01 1.82026637e+00 9.60986316e-01 3.86347127e+00
  6.22863626e+00 3.86443305e+00 4.46643543e+00 3.57509665e-02
  2.35278606e+00 1.86793315e+00 2.15221778e-01 2.09473395e+00
  3.24793124e+00 2.35476565e+00 4.74056780e-01 1.81011677e+00
  2.20561042e-01 3.77048230e+00 1.25805759e+00 1.89478648e+00
  5.50184071e-01 1.03789978e+01 6.13080025e+00 2.09310979e-01
  0.00000000e+00 6.20159435e+00 1.05968595e+00 2.69296914e-01
  5.49346542e+00 1.12052402e+01 2.04785490e+00 2.24547553e+00
  3.18418694e+00 6.08997762e-01 5.69311666e+00 5.25405705e-01
  3.42388487e+00 3.04686809e+00 2.08598447e+00 2.54168224e+00
  7.96577215e-01 3.19638848e+00 5.16261339e-01 1.03461361e+00
  6.83124781e+00 3.22739303e-01 1.57421720e+00 1.09635425e+00
  1.48292017e+00 1.22537518e+00 3.44580960e+00 3.14160848e+00
  2.13666797e+00 2.17423230e-01 1.13093562e-01 0.00000000e+00
  1.73873222e+00 3.27461004e+00 1.41967475e+00 9.75651205e-01
  0.00000000e+00 3.45576704e-01 2.20064616e+00 9.87741411e-01
  3.09006929e-01 2.35519671e+00 4.57206869e+00 9.80069220e-01
  1.13768196e+00 8.47818279e+00 5.03636122e+00 1.37070513e+00
  3.16111588e+00 8.90710926e+00 2.67804623e-01 1.88783252e+00
  8.03692400e-01 1.33411980e+00 8.04053307e-01 1.11852765e+00
  1.36973608e+00 1.32211602e+00 3.04735661e-01 7.92883813e-01
  1.37275875e-01 5.42782284e-02 1.05024195e+00 1.84470677e+00
  1.06280565e+01 1.38452005e+00 9.30830061e-01 7.62352049e-01
  2.18233228e+00 1.70982254e+00 6.21119022e+00 5.03014699e-02
  1.99089599e+00 2.76450109e+00 1.32614350e+00 1.00718145e+01
  3.91323358e-01 1.32906485e+00 9.90281999e-01 2.78381467e+00
  1.29691422e-01 4.59901047e+00 2.50346136e+00 1.36379528e+00
  2.44563770e+00 5.99105954e-01 7.25719929e-01 1.17970791e+01
  2.59679937e+00 1.09761751e+00 1.25179195e+00 1.82940710e+00
  0.00000000e+00 1.53823599e-01 3.60702610e+00 2.28244972e+00
  7.11203051e+00 2.76415586e-01 5.30265284e+00 5.30429423e-01
  1.85176104e-01 0.00000000e+00 4.07313251e+00 9.86906171e-01
  1.92092836e+00 3.35313082e+00 3.69291067e+00 2.94269824e+00
  1.65730864e-01 0.00000000e+00 1.09538136e+01 2.94102502e+00
  1.69530547e+00 7.38140345e-01 3.86380839e+00 5.69641531e-01
  1.85244346e+00 6.73045397e-01 0.00000000e+00 2.24823594e+00
  2.62995243e-01 1.48137718e-01 2.32155228e+00 5.31625032e-01
  9.76919055e-01 1.07796896e+00 2.95369887e+00 1.42494261e+00]]