[[2.35400796e+00 0.00000000e+00 5.28689814e+00 1.61264881e-01
  6.32352650e-01 1.39059508e+00 2.17505932e+00 3.52083415e-01
  6.15161180e-01 3.48951077e+00 1.91170537e+00 5.45159864e+00
  5.11554337e+00 7.17125797e+00 6.43871009e-01 1.31533747e+01
  1.98223817e+00 2.57803464e+00 9.42176104e-01 5.50953913e+00
  9.71663654e-01 7.43186474e+00 3.86339575e-01 1.99219775e+00
  2.91699100e+00 8.39132786e-01 7.94232368e+00 8.01892090e+00
  5.04666281e+00 2.45523906e+00 6.48716450e+00 1.61556602e+00
  3.84850907e+00 4.69828224e+00 2.04860377e+00 4.60391223e-01
  1.10145962e+00 9.24123883e-01 4.14333487e+00 8.79804939e-02
  3.37398553e+00 2.32126069e+00 1.14100444e+00 5.27970362e+00
  4.22085226e-01 1.87010944e+00 2.21109605e+00 1.33601472e-01
  2.40675473e+00 1.86162817e+00 1.65276897e+00 7.63097191e+00
  6.08297765e-01 4.36103439e+00 2.70486736e+00 3.30014420e+00
  1.90389359e+00 4.06970072e+00 6.41686440e-01 0.00000000e+00
  3.75847363e+00 3.70450974e+00 5.52863216e+00 3.98870468e+00
  3.51886868e+00 2.09555447e-01 2.80140549e-01 2.89061844e-01
  1.74520421e+00 7.02140510e-01 1.13014057e-01 2.30794644e+00
  8.08499157e-01 2.00337410e+00 2.14701653e+00 1.65745282e+00
  6.14344454e+00 2.21491262e-01 7.76271105e+00 3.58424044e+00
  2.19280124e-01 6.60411978e+00 1.30272694e+01 8.49286652e+00
  8.81033516e+00 1.27669916e+01 1.01997459e+00 1.22151911e+00
  9.07583141e+00 5.59055388e-01 1.37339678e+01 1.86504042e+00
  0.00000000e+00 1.30448456e+01 7.25400448e+00 2.30149102e+00
  3.27283716e+00 3.36228728e+00 8.05331135e+00 1.32854290e+01
  9.31609809e-01 4.41395432e-01 1.45154214e+00 3.27330852e+00
  0.00000000e+00 3.11220884e+00 1.72133756e+00 0.00000000e+00
  6.17085791e+00 6.52328014e+00 2.84494901e+00 9.43934083e-01
  1.13573682e+00 1.68326962e+00 6.06275976e-01 5.79805262e-02
  8.32723522e+00 3.52041364e-01 3.88093591e-02 1.32579970e+00
  2.49450707e+00 3.72209859e+00 1.86894834e+00 1.53155971e+00
  3.18923980e-01 7.04190254e+00 3.87057114e+00 1.42965102e+00
  2.26955485e+00 1.02016783e+01 1.48564398e+00 4.11179876e+00
  1.69837081e+00 1.16483555e+01 1.92899227e+00 1.46492863e+00
  6.48773134e-01 2.59471983e-02 0.00000000e+00 8.99598479e-01
  6.15735483e+00 1.08487451e+00 1.72069800e+00 4.42042685e+00
  2.19890785e+00 1.89597368e+00 4.25608683e+00 1.68219113e+00
  2.30923505e-03 2.34838772e+00 0.00000000e+00 4.90688467e+00
  4.81084824e+00 9.22721863e-01 2.49296999e+00 2.52222157e+00
  7.97288597e-01 1.52407837e+00 3.41406345e-01 1.84073949e+00
  5.18393338e-01 8.28071499e+00 4.04485321e+00 6.59933746e-01
  1.98773670e+00 4.15040398e+00 1.61367798e+00 2.93372583e+00
  1.81108379e+00 3.44159985e+00 3.68311739e+00 4.42042303e+00
  3.87405419e+00 1.26561058e+00 5.88277504e-02 2.27849483e+00
  1.19915783e+00 0.00000000e+00 1.70500934e+00 1.24606776e+00
  1.74194291e-01 5.96615374e-02 4.24704218e+00 2.86482024e+00
  1.53338945e+00 1.59031475e+00 2.61738205e+00 1.59914649e+00
  1.50894153e+00 8.60485744e+00 2.59304380e+00 5.08149767e+00
  2.73311257e+00 9.39975739e+00 7.62207603e+00 1.79253650e+00
  2.34434485e-01 1.23611641e+00 1.60975766e+00 8.28374767e+00
  8.48554611e+00 4.63787985e+00 1.21338837e-01 8.92589092e+00
  1.99727011e+00 8.65025282e-01 1.47527909e+00 4.62224388e+00
  3.79477024e+00 9.95677757e+00 1.38117835e-01 5.50500154e-01
  1.09129667e+00 5.80533504e-01 1.11720896e+01 8.60082984e-01
  2.78055286e+00 0.00000000e+00 1.86568141e-01 8.73455107e-01
  1.70213079e+00 6.68982315e+00 4.63973665e+00 2.87929714e-01
  9.00082684e+00 4.64825201e+00 4.00032949e+00 9.12898159e+00
  4.63398886e+00 2.79348350e+00 2.96784669e-01 8.77727091e-01
  5.45967627e+00 1.02520692e+00 4.12665159e-01 2.97188044e+00
  5.69962931e+00 4.95733356e+00 2.05189919e+00 1.48648107e+00
  3.06530178e-01 0.00000000e+00 2.21477151e+00 1.25191069e+01
  3.25583786e-01 9.00276423e-01 2.49146390e+00 6.65031672e+00
  1.07054901e+00 5.16698170e+00 2.40217710e+00 2.49255925e-01
  3.39960241e+00 1.37493193e+00 2.66205001e+00 3.85496426e+00
  8.42726231e+00 2.28456545e+00 3.16373587e+00 2.78708386e+00
  1.14978743e+00 6.89742267e-01 1.48009081e+01 2.06921005e+00
  1.16273379e+00 0.00000000e+00 7.06715965e+00 3.62270713e+00
  9.05630970e+00 1.27335727e+00 4.22382307e+00 0.00000000e+00
  3.73927534e-01 6.30737484e-01 8.99129450e-01 1.14797711e+00
  1.42740440e+01 5.04412079e+00 3.29155684e+00 3.53174984e-01
  7.92982244e+00 9.50569820e+00 4.57858133e+00 4.92849350e+00
  2.16818833e+00 0.00000000e+00 1.04134617e+01 2.44275665e+00
  7.13020658e+00 6.25648677e-01 7.10068750e+00 4.78154600e-01
  1.21929669e+00 1.97378308e-01 1.53012323e+00 8.23341179e+00
  8.85635078e-01 3.47297454e+00 1.19146693e+00 1.30845404e+00
  3.52712417e+00 5.13143015e+00 3.32182813e+00 1.65316641e-01
  7.05878735e-01 1.30534954e+01 1.36881523e+01 5.98412037e-01
  1.26615807e-01 1.17291200e+00 3.46103597e+00 1.03365517e+01
  1.51139796e+00 2.08245134e+00 2.22581148e+00 2.94924355e+00
  2.67730308e+00 4.14948988e+00 6.21644020e-01 1.56673825e+00
  7.20118475e+00 3.68489712e-01 3.53460979e+00 2.11924005e+00
  5.00484514e+00 1.98515737e+00 7.55621672e+00 2.43321705e+00
  2.07812285e+00 1.51422203e+00 2.63227367e+00 3.85193348e+00
  1.30158246e+00 3.00305390e+00 5.27314043e+00 4.31614351e+00
  7.39577579e+00 1.63693321e+00 4.02581024e+00 1.06620336e+00
  1.02219734e+01 0.00000000e+00 6.58279562e+00 5.52803054e-02
  2.38130069e+00 8.35237026e-01 3.90119338e+00 3.68943286e+00
  4.06845951e+00 4.45287418e+00 2.19880864e-01 5.52383602e-01
  1.15750771e+01 3.44527173e+00 2.15835094e+00 7.01659203e-01
  9.36883807e-01 7.22876167e+00 2.54688382e+00 7.32822466e+00
  3.77021885e+00 8.03423226e-01 2.57098627e+00 3.48462844e+00
  2.60979152e+00 5.89213014e-01 1.25258188e+01 1.81469131e+00
  1.22331715e+00 1.53102331e+01 5.55589437e-01 2.28074640e-01
  8.54930973e+00 7.56433427e-01 1.63424981e+00 7.97363520e-01
  3.92171502e+00 5.42718172e+00 2.90955019e+00 1.63918829e+00
  1.31981063e+00 1.23480835e+01 5.16297674e+00 7.56293833e-01
  4.20683098e+00 1.08666651e-01 6.79862499e+00 3.07013273e-01
  0.00000000e+00 9.02888715e-01 1.23566656e+01 5.91627479e-01
  4.63200617e+00 1.86225080e+00 5.59367418e+00 1.09866631e+00
  4.35140371e+00 5.38823462e+00 5.28523827e+00 1.16226435e+00
  7.32519865e+00 1.04135733e+01 4.46277887e-01 4.96954393e+00
  4.85958862e+00 9.61599052e-01 3.14551020e+00 4.31159210e+00
  1.37472999e+00 9.19008613e-01 5.16279554e+00 2.05890727e+00
  4.21138906e+00 1.94023645e+00 4.38523293e+00 3.72929287e+00
  1.63595831e+00 3.03683043e+00 1.24815865e+01 1.11328073e-01
  2.80620050e+00 1.62001681e+00 9.46309626e-01 2.88003325e+00
  3.94915152e+00 9.60308313e-01 4.76591825e+00 8.00274089e-02
  4.94173467e-01 4.76603222e+00 2.77711368e+00 2.98091221e+00
  4.65041697e-01 8.54811132e-01 7.60639161e-02 0.00000000e+00
  1.22623301e+00 7.33013332e-01 1.05495191e+00 2.12603450e+00
  1.20186520e+00 2.20110655e+00 8.94456208e-01 1.10930862e+01
  2.52692938e+00 2.67774272e+00 3.42823076e+00 1.48561490e+00
  5.52164507e+00 8.24579671e-02 3.40770555e+00 5.21598196e+00
  5.76964474e+00 7.13649321e+00 4.84460402e+00 0.00000000e+00
  4.84463841e-01 1.47107172e+00 5.08041334e+00 3.12736535e+00
  1.91725969e+00 1.80368412e+00 2.38165283e+00 1.19443274e+00
  1.80201650e-01 2.86042666e+00 2.10895991e+00 1.08102071e+00
  2.52989173e+00 8.93699169e-01 7.00097442e-01 1.14176712e+01
  2.60185719e+00 2.38635159e+00 7.48638332e-01 3.53806281e+00
  1.45937487e-01 6.91387713e-01 5.16002560e+00 1.25318491e+00
  2.03235805e-01 3.30550730e-01 2.71538258e+00 3.08933783e+00
  1.81388998e+00 2.57353783e+00 2.19119787e+00 2.93913364e+00
  1.60524845e+00 4.10295248e+00 2.62446785e+00 9.58851528e+00
  1.93554127e+00 1.28708541e+00 5.81580877e+00 1.73447359e+00
  1.03047013e+00 4.39052820e+00 2.18541956e+00 1.65558413e-01
  1.26256204e+00 1.04536343e+00 5.84467411e+00 9.73948717e-01
  4.54690027e+00 9.93215263e-01 1.83723438e+00 1.85575807e+00
  3.77719307e+00 4.44515133e+00 1.01928034e+01 9.93393481e-01]]