[[7.4073023e-01 4.7155863e-01 8.7802482e-01 1.8054454e-01 6.5562540e-01
  1.4041336e+00 3.8189211e+00 2.6686556e+00 3.3087382e+00 9.0749216e+00
  1.3105103e+00 1.3159734e+00 4.0389352e+00 3.2291172e+00 5.0840974e+00
  2.9091790e+00 0.0000000e+00 3.0204659e+00 2.3912165e-01 5.4721236e+00
  0.0000000e+00 7.1376152e+00 3.5417197e+00 5.7893615e+00 2.1710187e-01
  9.9417820e+00 6.7667761e+00 4.1414511e-01 3.1306255e+00 0.0000000e+00
  3.5035682e-01 0.0000000e+00 2.4639657e+00 7.6906600e+00 1.7363387e+00
  3.7113829e+00 1.6751829e+00 1.3941531e-01 9.7096157e+00 2.5983298e+00
  7.2254496e+00 3.6217439e+00 2.4383572e-01 1.3421342e+00 0.0000000e+00
  3.6044934e+00 1.0239960e+00 3.6097057e+00 3.9499586e+00 0.0000000e+00
  1.2477926e+00 2.6640347e-01 5.3071523e-01 9.7765634e-03 4.4927454e+00
  2.4386759e+00 9.7525352e-01 2.6674604e+00 8.3367901e+00 2.4767554e-01
  3.5411305e+00 3.7717726e+00 3.4552050e+00 4.0637660e+00 5.9286046e-01
  7.2446299e-01 2.7794221e-01 1.9322189e+00 0.0000000e+00 8.5796559e-01
  2.2069669e+00 4.7415400e+00 1.5335989e+00 1.2299459e+01 1.1888665e+00
  4.4115882e+00 8.6916202e-01 2.6034234e+00 1.2565933e+00 2.0351377e+00
  2.6219082e+00 9.2715645e+00 6.6808066e+00 1.4822925e+00 9.8215097e-01
  7.9763608e+00 2.2082722e-01 8.3281225e-01 4.8597193e+00 0.0000000e+00
  9.9182663e+00 6.5519152e+00 2.4930892e+00 2.5143713e-01 3.9769020e+00
  2.3715755e-01 4.8120432e+00 1.5295317e+00 5.5404701e+00 3.2484386e+00
  1.3933803e+00 2.4835947e+00 1.0617099e+01 1.0663371e+01 0.0000000e+00
  9.1855502e-01 3.9095287e+00 1.1096783e+00 2.9710917e+00 1.9671404e-01
  2.1720538e+00 4.9497695e+00 4.5625392e-01 0.0000000e+00 6.4625293e-02
  1.3829379e-01 3.3483441e+00 6.1836338e-01 0.0000000e+00 2.3144560e+00
  1.9162516e-01 8.1989384e+00 3.0652404e-01 3.6937919e+00 3.3276236e+00
  3.4828660e+00 1.1005073e+00 0.0000000e+00 3.0530946e+00 9.8056221e+00
  0.0000000e+00 2.4788930e+00 1.8202101e+01 7.1840502e-02 1.1065670e+00
  2.8868968e+00 0.0000000e+00 5.5086440e-01 2.3373210e+00 7.3354220e+00
  3.7786198e+00 4.2602442e-02 0.0000000e+00 1.8140920e+00 1.4083937e-01
  1.4372133e+00 6.7053075e+00 6.6779983e-01 0.0000000e+00 1.4094980e-01
  0.0000000e+00 1.8173360e+00 2.3225584e+00 5.7515316e+00 4.1460352e+00
  0.0000000e+00 3.8582152e-01 3.2466030e+00 7.5023556e-01 4.1483812e+00
  4.0781415e-01 7.3087668e+00 2.2406111e+00 0.0000000e+00 3.8002808e+00
  1.7081199e+00 1.9768499e-02 3.0610971e+00 1.9133809e+00 2.0878698e-01
  4.9130669e+00 1.4823017e+00 8.8715305e+00 2.5810142e+00 2.7290504e+00
  1.3997725e+00 3.5858417e+00 0.0000000e+00 1.3339037e+01 8.8035669e+00
  1.6815155e+00 1.0800041e+00 4.5525866e+00 1.5659535e-01 2.6358172e-01
  6.8771705e-02 0.0000000e+00 2.8495104e+00 5.2963157e+00 3.7876313e+00
  9.9641600e+00 3.2052269e+00 8.6150140e-01 8.7809019e+00 9.0547066e+00
  1.5244147e+00 2.8597829e+00 5.7934117e+00 1.1265384e+01 0.0000000e+00
  5.9085932e+00 1.5939693e+00 1.0204778e+00 1.0818634e+00 4.1943245e+00
  3.1523740e+00 1.5931891e+00 1.6198635e+00 3.3591771e-01 2.0190214e+01
  0.0000000e+00 3.2733707e+00 5.2284306e-01 7.1179662e+00 5.4577452e-01
  2.2483521e+00 1.5124803e+00 1.2770106e+01 2.0238645e+00 2.2298758e+00
  3.1035819e+00 4.4543900e+00 1.4370193e-01 3.0420631e-01 3.9752644e-01
  5.1963134e+00 4.3447556e+00 1.0651317e+00 0.0000000e+00 1.8120759e+00
  3.4294035e+00 7.8070122e-01 7.0765505e+00 2.1614587e+00 3.6298888e+00
  0.0000000e+00 0.0000000e+00 2.1261785e+00 6.6165549e-01 2.9797757e+00
  1.1310949e+00 0.0000000e+00 1.6867747e+00 5.3305912e+00 2.3895612e-01
  9.3555832e+00 1.1403147e+01 1.6452448e-01 9.7379351e+00 2.6502867e+00
  8.4417570e-01 2.6206896e+00 4.1960406e+00 3.9952257e+00 2.2401147e+00
  0.0000000e+00 2.3796074e+00 5.0506216e-01 5.4957757e+00 3.8946533e+00
  6.2107778e-01 1.9130248e+00 5.3110677e-01 2.0819440e+00 1.8616568e+00
  0.0000000e+00 2.7013794e-01 1.4454229e+00 2.2183640e+00 7.4334902e-01
  1.1512075e+01 6.4077295e-02 3.2615762e+00 5.4624534e+00 4.8096505e-01
  1.4695354e-01 8.2666702e+00 8.9971580e-02 0.0000000e+00 2.2663338e-01
  5.0056038e+00 2.4303212e+00 8.9093089e-01 4.9965434e+00 5.7723303e+00
  0.0000000e+00 1.8672708e+00 4.7609873e+00 1.8361189e+00 8.2402449e+00
  0.0000000e+00 6.9684178e-02 1.6353697e+01 1.1143156e+01 9.4181166e+00
  3.1687043e+00 1.6334344e+00 1.4342133e+00 0.0000000e+00 3.3560559e-01
  1.0854717e-01 7.8393154e+00 6.3132310e+00 4.9659961e-01 4.6637068e+00
  8.4207602e+00 1.0742415e+00 4.3001165e+00 1.4476683e+00 1.4403329e+00
  1.0590466e+01 1.2907460e+00 3.4371784e-01 2.2341881e+00 7.1283574e+00
  7.0520677e-02 9.8318422e-01 7.6897769e+00 9.1350508e-01 6.1600003e+00
  0.0000000e+00 1.0468021e+01 4.1811652e+00 2.9979272e+00 2.4554110e+00
  5.8798474e-01 1.1952871e+01 2.1208172e+00 1.7092210e+00 2.3561354e+00
  5.4624027e-01 5.0707293e-01 5.1606703e+00 0.0000000e+00 3.8849545e+00
  9.0587206e+00 4.5845504e+00 3.7171845e+00 1.3734971e+00 5.2728868e+00
  1.8090738e+00 2.5678435e-01 3.2947750e+00 4.4159298e+00 3.3386981e+00
  1.2423738e+00 1.3493789e+00 5.3395456e-01 4.3410158e+00 0.0000000e+00
  0.0000000e+00 1.9937282e+00 2.9507864e-01 4.4555092e-01 1.2462698e+00
  4.6282166e-01 0.0000000e+00 2.8314171e+00 2.3725355e+00 0.0000000e+00
  1.4107824e+01 0.0000000e+00 1.0699421e+00 4.9540401e+00 1.4898582e+01
  6.4959949e-01 3.5918262e+00 1.9528554e-01 1.2292905e+00 4.5976338e+00
  3.9832774e-01 9.7572929e-01 1.8294181e+00 8.9394039e-01 4.5220723e+00
  4.2648065e-01 5.1304121e+00 8.0910196e+00 4.2706518e+00 7.1219516e+00
  1.0166506e+00 8.7528503e-01 6.5745749e+00 5.2512485e-01 2.9273598e+00
  4.3977914e+00 8.3266068e-01 8.7703079e-02 1.7692546e+00 5.9441204e+00
  1.2587248e+00 2.7176116e+00 9.2010671e-01 3.3711438e+00 3.1302459e+00
  5.4094319e+00 1.2674531e+00 1.7473017e+00 5.8371453e+00 1.8841630e-01
  3.1410186e+00 7.6041174e+00 5.5308313e+00 1.2807142e+01 6.4134860e+00
  2.0966806e+00 3.5775122e-01 2.7072781e-01 1.9473698e+00 0.0000000e+00
  4.7850471e+00 1.6844398e+00 4.1293129e-01 0.0000000e+00 2.9862049e-01
  1.7661101e-01 2.9047992e+00 5.7458192e-01 6.7585953e-02 7.5121584e+00
  2.2175586e+00 1.6645704e-01 5.5441445e-01 4.6708226e+00 0.0000000e+00
  0.0000000e+00 3.3690774e+00 1.8068384e+00 8.2489386e+00 3.1225650e+00
  4.1618509e+00 1.7613690e+00 1.7351147e+01 5.3578753e+00 4.6557143e-01
  0.0000000e+00 4.1860941e-01 3.7643558e-01 0.0000000e+00 2.5388994e+00
  4.6456277e-01 7.2350138e-01 2.3605548e-02 6.2147264e+00 8.0430537e-02
  0.0000000e+00 1.6819755e+00 1.7591807e+00 2.8177390e-02 1.8241055e-01
  5.5747334e-02 3.0673816e+00 1.4036180e+00 4.4191875e+00 4.2548413e+00
  0.0000000e+00 1.3149323e+00 0.0000000e+00 4.3676300e+00 3.2207897e+00
  3.3231885e+00 2.1906025e+00 6.1119998e-01 7.5566226e-01 3.4946457e-01
  1.8218282e+00 1.8443087e-01 2.8315091e-01 4.7987299e+00 7.0408869e+00
  5.2933416e+00 4.2162294e+00 1.3638290e+00 5.8570151e+00 4.1576192e-01
  1.6133118e+00 0.0000000e+00 3.9194660e+00 4.1130967e+00 3.0264428e+00
  9.0745109e-01 5.9125721e-01 2.1026518e+00 1.4471107e+00 1.6357128e-01
  0.0000000e+00 2.2449987e-02 8.0350995e-02 2.1072733e+00 3.8107140e+00
  1.2822843e+00 8.0391083e+00 4.1793680e+00 0.0000000e+00 6.3026156e+00
  1.2046757e+00 4.0794835e+00 8.0872221e+00 3.9904411e+00 5.5255108e+00
  1.3059105e+00 2.9328785e+00 4.2589912e-01 1.4621075e-02 2.9267240e+00
  5.1313424e-01 3.0783699e+00 2.0312786e+00 3.0601797e+00 1.4574251e+00
  2.2616096e+00 1.0331202e+01]]