[[1.18971832e-01 1.56619215e+00 9.28591609e-01 7.60304809e-01
  2.23095596e-01 2.55835009e+00 5.37341547e+00 1.64048815e+00
  3.69152737e+00 3.05971146e+00 4.91447401e+00 1.52175605e-01
  5.25611782e+00 6.10790348e+00 4.37532234e+00 4.22942400e+00
  5.27342141e-01 1.41073811e+00 0.00000000e+00 4.29407930e+00
  0.00000000e+00 3.62295651e+00 2.62888885e+00 7.42916644e-01
  7.71831274e-01 1.06274586e+01 3.17577839e+00 8.84876996e-02
  4.01475048e+00 0.00000000e+00 1.51512802e+00 7.15988994e-01
  2.22605705e+00 7.58763647e+00 7.07160652e-01 6.06242180e-01
  5.31610918e+00 6.97872400e-01 5.26994658e+00 4.69506311e+00
  9.33103144e-01 5.80946827e+00 6.69653833e-01 3.71259475e+00
  4.34190869e-01 8.35777569e+00 5.04579067e-01 0.00000000e+00
  3.74621201e+00 8.74054241e+00 1.09332597e+00 0.00000000e+00
  1.20643191e-01 1.05110176e-01 9.09972966e-01 9.47588146e-01
  2.84018517e+00 8.07877159e+00 8.15209293e+00 2.00124550e+00
  1.57633293e+00 3.10198855e+00 5.77689981e+00 3.70530462e+00
  1.37249303e+00 2.95225096e+00 3.66137922e-01 2.24514857e-01
  2.68578863e+00 1.10319221e+00 2.68300831e-01 3.92284966e+00
  0.00000000e+00 1.29199505e+01 2.02853012e+00 4.65722466e+00
  6.76517105e+00 1.57438850e+00 4.28042978e-01 3.10153317e+00
  6.46276283e+00 1.82383716e+00 4.77194452e+00 1.94560051e+00
  2.83455300e+00 9.67827892e+00 0.00000000e+00 1.13558793e+00
  6.61605072e+00 1.36682141e+00 9.61045647e+00 7.11875439e+00
  4.05295038e+00 1.10950017e+00 8.08838558e+00 3.67276400e-01
  2.51755285e+00 3.96246123e+00 1.74762571e+00 4.70746803e+00
  5.22907257e-01 2.32375669e+00 5.53609800e+00 7.90523291e+00
  0.00000000e+00 1.14574730e+00 9.48706269e-01 2.23829463e-01
  6.37130976e+00 2.11136818e+00 2.88015127e+00 2.96787739e+00
  1.47067201e+00 6.82989731e-02 1.89174187e+00 1.31227756e+00
  1.65996342e+01 2.55746865e+00 7.36921906e-01 2.75388145e+00
  6.36778951e-01 3.18690610e+00 2.09133774e-01 9.83114719e+00
  0.00000000e+00 1.19951296e+00 6.42048538e-01 2.97620714e-01
  2.08352637e+00 2.58809447e+00 1.20552969e+00 2.87408829e+00
  4.71442795e+00 8.77282992e-02 1.78595483e-01 4.36798573e+00
  2.81020641e-01 2.00013518e+00 3.23721021e-01 1.48273306e+01
  2.41523361e+00 4.31984037e-01 9.00418401e-01 2.51220894e+00
  5.48226357e-01 1.57666898e+00 3.04001379e+00 1.84302062e-01
  1.55645740e+00 1.11996531e-01 4.46360493e+00 2.08599448e+00
  3.11227345e+00 3.33267283e+00 1.47159624e+00 4.85632539e-01
  6.38077402e+00 8.89210510e+00 1.37138832e+00 3.21120524e+00
  4.11436737e-01 6.82682896e+00 1.04210675e+00 0.00000000e+00
  4.53355551e+00 2.03009224e+00 0.00000000e+00 4.35857821e+00
  4.43302453e-01 3.19340134e+00 2.15535355e+00 4.10337973e+00
  1.07157147e+00 5.68045473e+00 5.90543747e-01 3.91164207e+00
  5.37148571e+00 7.77908623e-01 7.02160406e+00 4.74837542e+00
  5.20043564e+00 1.90901890e-01 4.77127504e+00 6.17746353e-01
  6.45522326e-02 5.78446746e-01 8.14244568e-01 9.27681923e-01
  1.30709171e+00 5.80655575e+00 5.36249542e+00 2.03967404e+00
  3.96491718e+00 3.14471722e+00 1.01057940e+01 1.76641035e+00
  6.02085638e+00 7.26531219e+00 1.25374746e+01 4.34857577e-01
  7.81951904e+00 0.00000000e+00 6.09969795e-01 4.67740804e-01
  9.96543884e+00 6.84326982e+00 5.38552046e+00 2.93360591e+00
  2.68282086e-01 2.66985869e+00 1.33619034e+00 6.78732872e+00
  9.87950340e-02 6.51094580e+00 1.60209310e+00 1.54647148e+00
  7.49082983e-01 1.52549276e+01 3.56468368e+00 3.79736090e+00
  6.98288560e-01 4.30522299e+00 1.75445366e+00 1.07113838e+00
  6.33276880e-01 1.17837877e+01 7.19652939e+00 9.97053266e-01
  8.87412071e-01 1.67215788e+00 2.08903170e+00 2.44287133e+00
  1.86070752e+00 1.81876278e+00 6.10621333e-01 6.61004841e-01
  1.37203662e-02 2.37703562e+00 1.49746692e+00 5.42953110e+00
  8.93185511e-02 0.00000000e+00 1.74590707e+00 3.40215182e+00
  4.23444986e-01 4.58552074e+00 6.94097042e+00 2.40695786e+00
  5.82779884e+00 7.04880238e+00 1.77436996e+00 2.01043940e+00
  4.72140551e+00 7.34847832e+00 3.61268997e+00 1.30607933e-02
  9.37463582e-01 2.74776435e+00 3.55308115e-01 3.00015640e+00
  7.02916503e-01 4.87335443e-01 0.00000000e+00 3.28206271e-01
  2.82067084e+00 6.79830742e+00 1.07135117e+00 2.31035089e+00
  6.48742914e+00 3.91054153e-01 8.69485950e+00 1.45029998e+00
  6.11025000e+00 2.74608994e+00 1.78706932e+00 1.98002368e-01
  1.71583843e+01 4.53290987e+00 2.89325571e+00 1.13548249e-01
  8.63821316e+00 1.04249573e+00 2.54626179e+00 2.02430272e+00
  4.26293135e+00 1.08908027e-01 1.98525846e+00 8.49158478e+00
  1.67004538e+00 3.87402463e+00 7.20877588e-01 0.00000000e+00
  1.33789182e+00 1.64843786e+00 6.40779638e+00 5.30479813e+00
  1.67212021e+00 3.58874984e-02 8.42209458e-01 2.40227127e+00
  5.16647387e+00 5.92253685e+00 1.08727503e+01 2.60046196e+00
  1.13187253e+00 9.09117413e+00 6.27066660e+00 7.46653080e+00
  1.39338529e+00 4.95036483e-01 1.04626236e+01 1.44153452e+00
  3.10218239e+00 3.40546608e+00 4.75407553e+00 0.00000000e+00
  0.00000000e+00 1.41901121e+01 1.70541298e+00 6.07395172e+00
  3.04260993e+00 9.13378334e+00 5.12564850e+00 1.70211399e+00
  3.50029159e+00 8.55515152e-02 4.49878120e+00 4.17768478e-01
  8.91149640e-01 0.00000000e+00 1.60777450e+00 1.55664575e+00
  8.46419239e+00 4.52600688e-01 3.69870114e+00 7.17005968e+00
  6.84093475e+00 6.97897530e+00 3.04789519e+00 2.49600315e+00
  2.26459682e-01 2.90009856e-01 1.22043109e+00 4.87550688e+00
  1.59293938e+00 1.51677374e-02 1.03394532e+00 3.10063362e+00
  1.51932633e+00 0.00000000e+00 9.34836566e-01 1.47926033e-01
  0.00000000e+00 2.24969554e+00 2.24338293e+00 8.23220134e-01
  2.04050684e+00 5.38463211e+00 2.03895855e+00 3.49684882e+00
  6.54499102e+00 2.38611889e+00 4.49308681e+00 1.07131672e+00
  6.44599628e+00 1.63536084e+00 3.98186207e+00 0.00000000e+00
  7.37594366e-01 1.22090130e+01 9.73076165e-01 3.11113466e-02
  3.71051908e+00 2.36432815e+00 1.15508103e+00 7.61639416e-01
  7.31013250e+00 8.32983112e+00 5.20459032e+00 3.81653118e+00
  3.07345963e+00 9.63641107e-01 4.64321947e+00 1.02166653e-01
  1.81039798e+00 6.51711369e+00 2.43025661e+00 1.62442058e-01
  1.89975214e+00 2.84026289e+00 2.90714073e+00 1.97661424e+00
  4.69231272e+00 2.94457346e-01 5.22433805e+00 5.96342564e+00
  4.63808441e+00 2.57645249e+00 1.00033283e+01 8.94084215e-01
  1.47446096e+00 5.71094322e+00 1.58577263e+00 2.89152455e+00
  5.58361053e+00 4.03904629e+00 2.18931127e+00 3.43679380e+00
  7.56436586e-01 1.02143359e+00 5.90001154e+00 2.71468925e+00
  1.79387367e+00 1.02495484e-01 5.73507965e-01 0.00000000e+00
  1.42890048e+00 1.54348099e+00 4.51641083e-02 3.78335094e+00
  3.41051340e+00 0.00000000e+00 1.51450920e+00 1.84997034e+00
  8.47452581e-01 2.11722708e+00 3.20852137e+00 3.48449898e+00
  3.44312000e+00 1.39114821e+00 3.57898903e+00 6.08774364e-01
  2.28962498e+01 2.42211604e+00 1.43980658e+00 4.81940985e+00
  3.85809612e+00 8.53305757e-01 5.94254911e-01 2.06847501e+00
  3.91357690e-01 1.62355691e-01 1.10930979e+00 6.19568729e+00
  3.51714045e-01 2.95647800e-01 2.13198161e+00 1.75636935e+00
  1.10456371e+00 1.88055253e+00 2.42784929e+00 4.82067490e+00
  2.23472023e+00 7.22122860e+00 3.32691312e+00 1.01379788e+00
  7.09614706e+00 2.77679133e+00 6.13254261e+00 1.88317704e+00
  5.19998980e+00 4.06903839e+00 6.04003407e-02 2.33614534e-01
  8.23853612e-01 4.55632591e+00 0.00000000e+00 6.00723863e-01
  1.05192423e+00 4.25808430e+00 1.19823284e+01 6.26915836e+00
  7.73792803e-01 8.27327633e+00 0.00000000e+00 1.17323864e+00
  0.00000000e+00 9.36701775e-01 5.33641720e+00 4.00499296e+00
  3.18892646e+00 5.57979822e-01 1.02990568e+00 2.91366053e+00
  0.00000000e+00 3.47189522e+00 9.05384243e-01 0.00000000e+00
  3.48246932e+00 1.15878940e+00 9.93842483e-01 6.45907927e+00
  2.16630244e+00 5.32285571e-01 6.61654806e+00 1.05824327e+00
  0.00000000e+00 1.27274780e+01 3.65881991e+00 1.89460146e+00
  9.68056500e-01 6.60598373e+00 1.64943731e+00 1.39420235e+00
  1.83978355e+00 0.00000000e+00 9.99307275e-01 1.10501826e+00
  2.54793954e+00 0.00000000e+00 2.59012318e+00 7.87397194e+00]]