[[2.04033151e-01 2.11915994e+00 8.61881638e+00 9.62738633e-01
  4.93934721e-01 6.95232010e+00 5.64375401e+00 1.50485706e+00
  1.67326343e+00 6.25874877e-01 4.13945675e+00 8.42218041e-01
  1.26886517e-01 3.17527056e+00 1.02505612e+00 2.95663953e+00
  1.43485224e+00 5.99668086e-01 0.00000000e+00 8.18929291e+00
  1.02727032e+00 1.04003849e+01 1.57084346e-01 1.75010931e+00
  1.32733107e+00 8.77901649e+00 0.00000000e+00 6.46529794e-02
  1.60258222e+00 0.00000000e+00 1.84002057e-01 7.16244161e-01
  2.14660311e+00 3.24355555e+00 1.95466924e+00 2.30346966e+00
  7.40724277e+00 3.61427933e-01 3.18822551e+00 3.96065164e+00
  5.44988811e-01 6.82838440e-01 7.64628887e-01 1.03378057e+01
  1.72388196e-01 0.00000000e+00 3.92775488e+00 1.74699008e+00
  1.66629279e+00 2.35529733e+00 2.47263432e+00 7.76514634e-02
  2.04117000e-01 0.00000000e+00 1.82219660e+00 4.04599333e+00
  1.44250345e+00 1.13168211e+01 9.53208351e+00 2.50187421e+00
  1.91267416e-01 0.00000000e+00 1.47984672e+00 7.82949591e+00
  9.08060908e-01 3.27568841e+00 3.43846154e+00 4.39225626e+00
  1.49810624e+00 4.76953316e+00 2.32932970e-01 5.60522127e+00
  6.56090379e-01 1.61205089e+00 6.53605163e-02 1.71389873e-03
  8.72349548e+00 9.79850590e-01 8.56667399e-01 4.87598705e+00
  4.21874666e+00 7.29294491e+00 5.81777716e+00 5.79284355e-02
  3.35534167e+00 1.25485647e+00 1.55647194e+00 2.17938963e-02
  1.19216566e+01 2.76226568e+00 4.76219952e-01 1.00157623e+01
  3.19212055e+00 1.15680103e+01 9.54756916e-01 1.46753979e+00
  9.35019016e-01 5.58624029e-01 2.47988892e+00 2.80174255e+00
  9.25945342e-01 2.66742170e-01 2.69403005e+00 3.29719305e+00
  8.82585585e-01 4.87527847e+00 2.07339811e+00 3.96018338e+00
  1.84172976e+00 4.57515335e+00 1.58336556e+00 7.65946865e-01
  0.00000000e+00 5.28286505e+00 0.00000000e+00 2.00051975e+00
  4.94558334e+00 5.19500613e-01 0.00000000e+00 4.96380377e+00
  1.76086831e+00 1.13617994e-01 1.46784830e+00 6.99571180e+00
  1.70614719e+00 2.39342880e+00 3.09335160e+00 5.23854256e-01
  1.23721666e+01 1.72216816e+01 2.40186429e+00 2.75952053e+00
  9.20009708e+00 3.65687799e+00 8.72921944e-01 1.46185744e+00
  1.78760338e+00 0.00000000e+00 2.42847614e-02 1.37656593e+00
  1.53302395e+00 2.06917143e+00 2.94044471e+00 7.45912671e-01
  4.06634378e+00 7.57622838e-01 9.16124821e+00 9.52899396e-01
  4.43401432e+00 8.87297615e-02 1.06230402e+01 4.76850927e-01
  2.33579421e+00 8.86891782e-02 2.11843938e-01 1.56774044e+00
  2.38776970e+00 1.86933887e+00 0.00000000e+00 3.05658531e+00
  0.00000000e+00 9.66508675e+00 1.22504675e+00 1.49925554e+00
  2.05834293e+00 5.49729967e+00 2.63759881e-01 5.64404368e-01
  7.40651667e-01 5.29057169e+00 5.75793648e+00 5.20552456e-01
  3.83717036e+00 1.95574656e-01 6.06962860e-01 2.81205988e+00
  1.21024258e-01 2.11489797e+00 1.91081703e+00 2.91969872e+00
  4.22806025e+00 6.85265958e-02 4.94266129e+00 1.71816540e+00
  5.70166230e-01 4.45205837e-01 5.65158272e+00 2.52438545e+00
  4.56112003e+00 3.41614604e+00 1.03790407e+01 1.05177805e-01
  1.76233733e+00 1.05757189e+01 2.32483196e+00 2.66779518e+00
  6.86859429e-01 7.84152365e+00 2.35937691e+00 0.00000000e+00
  1.47744346e+00 0.00000000e+00 2.13138127e+00 3.62064660e-01
  8.04677963e+00 2.84062684e-01 3.26952839e+00 5.66860259e-01
  1.47839904e+00 1.29123173e+01 2.23610806e+00 6.48739290e+00
  2.54127431e+00 6.20830441e+00 8.64541650e-01 1.10380459e+00
  1.33262157e+00 8.36251259e+00 1.30058622e+00 3.00147176e+00
  3.13274050e+00 7.66615534e+00 1.17460227e+00 8.38276386e+00
  1.24025738e+00 5.56900263e+00 0.00000000e+00 1.39088643e+00
  1.94159523e-01 4.40906620e+00 3.72605467e+00 3.37368655e+00
  5.15425265e-01 2.19631374e-01 5.86372328e+00 1.91002667e+00
  3.39309669e+00 1.02595921e+01 1.18986249e+00 2.51491380e+00
  2.47748256e+00 1.84466004e+00 1.70788472e-03 1.17713845e+00
  4.16894293e+00 1.56412029e+00 7.17352915e+00 0.00000000e+00
  2.02625012e+00 1.58408964e+00 4.15227699e+00 6.12181365e-01
  5.27577686e+00 4.15882885e-01 4.72162533e+00 2.12430501e+00
  1.40244484e+00 6.55337572e+00 1.42593992e+00 2.70733309e+00
  3.35351974e-01 1.77239239e-01 3.13669327e-03 2.58777571e+00
  1.10455143e+00 4.36436129e+00 7.59178758e-01 1.20613031e-01
  4.66599369e+00 1.20807767e+00 1.03030062e+01 1.28998601e+00
  5.78874409e-01 2.23116115e-01 4.01775122e+00 2.30102992e+00
  5.54114008e+00 9.45642054e-01 1.15449488e+00 3.46510792e+00
  6.56810856e+00 1.92550516e+00 3.57690954e+00 4.21700478e+00
  3.90181446e+00 0.00000000e+00 2.84117842e+00 7.19125032e-01
  2.91736317e+00 6.31027877e-01 0.00000000e+00 6.36001635e+00
  1.05560017e+01 6.75227070e+00 3.85038644e-01 5.65355444e+00
  4.38571692e+00 0.00000000e+00 3.96136785e+00 1.00604214e-01
  1.42716920e+00 4.68592072e+00 6.25098324e+00 9.45204496e-01
  1.49464202e+00 5.91738415e+00 4.71778727e+00 7.80283928e-01
  9.49569523e-01 2.51999092e+00 2.30655599e+00 8.05037618e-01
  3.00548434e+00 1.04977036e+00 2.71157312e+00 1.75199127e+00
  9.87449050e-01 7.01261139e+00 2.42968774e+00 4.59496355e+00
  1.52685440e+00 2.37003851e+00 3.41479397e+00 5.87302148e-01
  2.12663531e+00 2.48164487e+00 4.96031666e+00 4.67397898e-01
  9.62440744e-02 1.38509423e-01 4.98217136e-01 6.85302687e+00
  8.95488548e+00 1.71040177e+00 5.79534674e+00 7.33825982e-01
  4.82863331e+00 4.60424471e+00 6.56025350e-01 3.63569832e+00
  2.07796001e+00 1.08082879e+00 1.74881744e+00 1.60280323e+00
  7.55362034e-01 1.66100299e+00 6.76159203e-01 1.34064782e+00
  1.17106545e+00 6.54631972e-01 1.60576391e+00 2.61530447e+00
  3.17561984e-01 6.00441277e-01 3.40522480e+00 1.80075932e+00
  1.80113113e+00 5.26343107e+00 2.65389729e+00 5.07057190e-01
  3.72384715e+00 3.47365832e+00 6.68079424e+00 2.37897778e+00
  4.00431252e+00 8.58966732e+00 6.81740952e+00 1.68791401e+00
  3.13624203e-01 2.11522031e+00 1.09677561e-01 0.00000000e+00
  9.42339134e+00 1.09134865e+00 1.73874152e+00 5.04559183e+00
  2.51458317e-01 1.01840286e+01 1.70228526e-01 4.25197697e+00
  1.98571634e+00 1.60018291e+01 3.39919806e-01 2.24734202e-01
  2.70876455e+00 1.07923090e+00 1.71772468e+00 2.47065738e-01
  1.59580553e+00 5.16670585e-01 3.92079997e+00 3.38425326e+00
  4.05391645e+00 3.69186640e+00 2.82570982e+00 4.51569891e+00
  4.77752209e+00 8.38645518e-01 1.85425508e+00 1.89762974e+00
  6.09785199e-01 6.63583136e+00 1.39175057e+00 1.27650392e+00
  7.47043467e+00 1.51614577e-01 1.08591902e+00 6.44585848e-01
  1.66076243e+00 6.99911833e+00 3.16459417e+00 4.34507751e+00
  3.27766180e-01 3.65582347e+00 1.25737476e+00 9.70441937e-01
  2.33609900e-01 5.87608480e+00 3.60972434e-01 6.73997164e-01
  3.37511688e-01 3.11057210e+00 9.81949151e-01 4.88870907e+00
  2.75641155e+00 1.38206995e+00 3.90850854e+00 2.76665616e+00
  1.02892220e+00 5.75788498e+00 2.43328285e+00 8.13560772e+00
  9.61819553e+00 3.34050989e+00 2.10261703e+00 6.48843336e+00
  0.00000000e+00 3.91718435e+00 4.43648005e+00 1.36543071e+00
  1.41423404e+00 3.10831647e-02 1.96973121e+00 1.01400077e+00
  2.07189107e+00 8.75869751e-01 2.87257969e-01 6.31811619e-01
  2.29567420e-02 1.35687506e+00 8.67620182e+00 3.70229363e+00
  1.61082339e+00 1.80997455e+00 4.01365948e+00 1.49327338e-01
  4.09606504e+00 4.75107145e+00 0.00000000e+00 4.41587496e+00
  1.38865767e+01 8.14228594e-01 1.44760400e-01 3.49409008e+00
  4.85523987e+00 2.36344084e-01 3.68851632e-01 5.92885673e-01
  4.47575390e-01 1.06563115e+00 6.75185490e+00 6.53733969e+00
  1.90827727e+00 2.38733101e+00 8.41341019e-02 3.88638407e-01
  0.00000000e+00 3.08007240e-01 3.81394207e-01 1.41368496e+00
  4.13657904e+00 5.93447804e-01 9.31628942e-01 2.55399513e+00
  0.00000000e+00 2.98342514e+00 8.40137291e+00 2.03521609e-01
  4.88297033e+00 1.70662975e+00 7.70831645e-01 2.47734356e+00
  1.32950437e+00 2.44667149e+00 1.12446034e+00 2.40360841e-01
  8.30132580e+00 1.51684046e+00 1.63736597e-01 9.89613891e-01
  9.18894958e+00 2.99243140e+00 8.44640255e-01 1.24313569e+00
  2.98120952e+00 4.56508338e-01 3.49920821e+00 2.50936961e+00
  1.52553916e+00 6.35084331e-01 1.97865856e+00 5.02199650e-01]]