[[ 3.3220572   0.          1.7698348   1.3887314   3.6121979  11.858589
   3.1032538   1.9039699   1.0864458   1.338242    0.31056917  5.5338902
   2.775421    4.5026646   2.0389786   0.          0.03060937  4.293566
   4.935624    6.764882    1.0595372   6.020801    2.6805418   0.02904247
   1.0431082   8.695662    4.6756577   2.296181    3.886683    0.28803575
   0.41986248  0.86835456  3.6222823   4.4199114   0.13468184  4.9028325
   5.50046     1.4670843  13.971838    0.          5.986841    6.0563316
   6.7583637   1.5063802   0.          4.0801077   5.117565    7.1627283
   2.9076657   0.6290266   0.74481434  0.998419    5.4433126   0.5895972
   5.172445    3.6221805   9.134345    1.4574488   0.          1.298403
   0.10367104  1.4625157   4.4030895   7.6452594   2.3441443   4.0238066
   6.6420245   1.8806585   5.161691    6.488043    0.20325547  3.073979
   2.418957    8.758105    1.5775038   2.687902    3.317063    3.5977256
   6.9087377   0.14783758  0.          2.189204    4.8462996   2.0398817
   4.5822334   2.8872347   2.0402565   0.36869317  0.7048184   0.42449757
   3.7682903   1.2821617   1.1251869   2.3535707   0.30731502  2.2941003
   3.4701517   0.8925996   0.8741768   8.76591     2.069726    3.5205824
   3.8551514   2.9268181   1.4600447   0.55442023  0.3349897   1.3488674
   3.2500029   0.93023854  1.8321371   4.573963    0.          0.8068281
   1.197559    0.6558955   5.5969234   1.7038835   0.10157573  1.3540761
   0.04864617  1.0159384   4.290991    3.4033058   4.8073545   1.752424
   2.3556266   1.0892185   3.384255    5.2393446   2.0575864  10.607373
   8.182728    0.08326598  2.1358683   2.0292509   0.04784828  7.0982075
   3.0614898   1.2664576   1.6116542   2.316038    0.          2.035588
   5.0153995   1.9561982   1.2103413   1.851614    0.35848922  0.776782
   0.4639355   1.464527    2.9082823   1.3118738   2.2975612   0.5431599
   0.4033963  12.191998    0.38874006  0.04924118  3.9698124   2.612457
   4.2924824   3.6854424   1.3599769  11.521937    0.2219603   3.1572583
   0.05138388  3.0741832   1.8723764   1.4665915   0.80285084  0.14961031
   0.70818764  0.          2.0629356   1.3731437   2.637749    5.3528194
   1.208728    0.60834277  8.163943    0.4863557   0.4135058   1.6475409
   1.8629029   3.0223677   1.2110559   6.1929917   0.          0.
   0.20755838  5.345909    0.59943974  0.          4.641076    0.
   2.444347    0.36665556  1.0332651   2.614847    8.672126    0.28857893
  11.028149    3.962919    1.7330769   1.8171691   1.2089916   3.1058109
   1.8637615   9.979696    6.4028587   1.8191646   0.98208594  2.34218
   1.2205043   2.6585214   1.536117    1.6529931   3.293328   11.293312
   3.9077685   1.6006196   4.859836    1.6884009   4.013842    6.482054
   5.528495    4.4428897   7.9212976   3.5721743   0.95951355  1.8762668
   3.0585573   1.0572186   1.4104513   3.6878977   2.5970163   7.5435286
   1.9761885   1.4675044   0.6615024   6.3067355   1.3979956   5.588855
  11.494735    0.60429996  8.352145    0.5215874   5.7013407   1.9014324
   0.          2.3640096   0.40146232  0.          2.871971    2.4653597
  10.249604    6.9185634   0.54160213  0.7255822   0.03105051  2.1542099
   4.949256    2.2057862   0.81001323  1.1489877   5.1931424   2.4214418
   5.2965717   0.7615285   2.101833   12.177686    2.2895536   1.6264048
   4.2294946   0.71647596  0.05634858  1.8587734   4.427286    2.4655402
   0.28444034  0.12961549  2.1593294   2.4937108   1.5996841   6.256268
   3.731262    1.4852525   0.13203718  0.96552706 11.54569     7.4660683
   8.073822    3.5786552   0.30219048  0.4156456   4.2805667   0.76425064
   0.4523719   5.4605646   0.71926725  0.06232114 10.981159    2.2543728
   2.1062248   0.5152068   3.7507558   1.7499      3.8653169   0.5695855
   5.3517537   3.0229063   2.6601539   1.6290594   3.0472903   6.395461
   3.0158312   0.5666194   3.2558708   7.7139025   1.2040174   1.0704472
   1.686079    7.24021     9.431221    0.48512608  4.878114    0.
   0.27907443  4.4650126   0.5685106   6.0695744   1.939777    8.802427
   4.636772    8.926479    0.          6.696308    5.296582    0.9209134
   4.1726923   0.3677216   3.9960518   1.8919531   2.1835895   0.
   1.3208233   1.1087031   0.52445024  1.0410696   5.4361954   6.143571
   3.169498    0.5918136   0.62276924 10.4787035   7.5031385   1.4528217
   0.74868554  0.10744097  6.1800265   3.0354478   4.2184567   4.008099
   4.7397923   1.3358262   1.1340369   0.25814533  0.18747427  1.2697315
   9.399646    2.327217    8.580078    0.7665729   1.9490643   5.1258407
   0.         11.110196    6.810097   10.93785     0.33605534  1.9940164
   0.96568596  1.3776426   2.705112    0.42527795  0.03131347  1.5191946
   2.3697746   4.988542    5.0309258   5.3268127   4.632288    2.7478046
   2.5545163   0.6111217   2.4873955   0.68382996  2.083808    7.022231
   0.31512544  7.6638227   8.625811    0.17293811  0.          5.2863193
   6.978491    0.5305952   0.50084245  0.63795274  0.          1.3059931
   1.339547    1.2370652   1.2971462   0.          0.0990587   1.7436168
   0.7445827   1.7801517   0.7700056   5.732083    7.425924    4.659866
   6.8832417   4.8540106   0.          1.1723963   2.0563247   5.9856706
  22.557468    3.583706    0.22957797  3.6319337   1.7294266   4.6085434
   0.          2.434689    1.8436003   0.52435905  1.985776    2.1017985
   1.2856843   0.45763585  1.5180644   4.4425974   0.          1.0276434
   0.36151138  5.410191    0.          9.703043    3.0677228   1.2965707
   0.3296682   4.4944363   0.          1.109238    0.19770451  5.5634317
   2.4810066   0.35004324  0.9918534   1.7019192   2.3681746   2.304718
   7.1478214   2.4374602   0.6908149   0.74944705  0.11837882  4.5179667
   0.87546396  4.658682    0.42475444  6.965941    0.5215514   0.
   1.7037044   0.09229533  2.258712    4.1123195   0.2538324   4.0141497
   0.8656156   2.5668113   6.4090114   2.6534824   2.7600045   3.8804667
   0.5991131   2.5694304   7.2478256   1.4387971   1.1204056   0.9474056
   4.111038    1.1533762   5.5629654   1.7566601   1.0648239   0.96742684
   6.4741583   4.456125    7.5716596   0.24807267  1.4423996   1.7185518
   2.5667558   2.4173992 ]]