[[3.30073547e+00 2.03179407e+00 1.35027373e+00 5.78751206e-01
  8.79461646e-01 2.98789668e+00 3.36913276e+00 2.08950847e-01
  1.39401805e+00 9.82070863e-01 4.65341759e+00 4.07230902e+00
  1.14004314e+00 3.68600893e+00 2.29158211e+00 1.22618449e+00
  1.62733543e+00 6.78778124e+00 2.34636784e+00 5.21079969e+00
  2.39987552e-01 1.02611217e+01 1.93438685e+00 0.00000000e+00
  1.28652406e+00 9.21598434e+00 4.65818882e+00 2.92294502e+00
  1.47844434e+00 1.14489801e-01 7.07142428e-02 2.11111832e+00
  0.00000000e+00 1.25452650e+00 3.27164102e+00 4.02060318e+00
  6.18778658e+00 7.11730182e-01 1.35679255e+01 2.85357165e+00
  7.03950226e-01 5.21868324e+00 3.85592675e+00 2.04715490e+00
  6.47430837e-01 1.34215847e-01 1.78439379e+00 7.79687691e+00
  4.03851175e+00 3.37280560e+00 8.20458889e-01 6.69081092e-01
  1.37760818e+00 2.44196105e+00 1.48420429e+00 2.64820576e+00
  5.81513023e+00 8.86753321e-01 1.18086112e+00 2.92297745e+00
  5.29564843e-02 9.11072493e-01 7.93620205e+00 5.76662731e+00
  1.98123205e+00 2.71462941e+00 1.70861351e+00 3.07232642e+00
  4.11977911e+00 4.70860958e+00 3.24858809e+00 2.99991941e+00
  1.76537466e+00 5.87016249e+00 7.88012624e-01 4.79508352e+00
  2.29645920e+00 3.93877673e+00 3.73717141e+00 0.00000000e+00
  1.35644817e+00 3.18911815e+00 7.84069157e+00 2.16439581e+00
  1.01343527e+01 3.53161550e+00 1.24829829e+00 6.61368012e-01
  1.45293176e+00 9.28733528e-01 5.79362249e+00 2.61404514e+00
  6.87242389e-01 3.27008271e+00 8.13341498e-01 1.40410697e+00
  2.58657980e+00 3.37777591e+00 5.65883219e-01 1.41440463e+00
  1.26353168e+00 5.28633404e+00 1.13858099e+01 1.49444067e+00
  1.82913470e+00 2.82991219e+00 2.23897576e+00 2.12715673e+00
  5.34048653e+00 7.16912568e-01 2.92746991e-01 1.81651187e+00
  4.89278495e-01 4.83352751e-01 2.93425918e-01 0.00000000e+00
  5.12157011e+00 1.60365129e+00 0.00000000e+00 1.43759355e-01
  1.35118946e-01 1.49751171e-01 2.07304549e+00 7.12088585e+00
  3.97220969e+00 2.29267693e+00 6.09032452e-01 1.18775547e-01
  2.39334273e+00 6.88506413e+00 5.11879110e+00 3.19235873e+00
  4.89369869e+00 7.82791317e-01 6.53932273e-01 2.26272249e+00
  3.32250863e-01 7.03606829e-02 9.41090965e+00 1.72963068e-01
  2.59509921e+00 3.63405561e+00 6.19892329e-02 1.95803165e+00
  4.24492216e+00 5.18559456e-01 1.64980662e+00 5.34768164e-01
  0.00000000e+00 1.13090718e+00 1.09355509e+00 3.45571327e+00
  2.67464685e+00 4.31917620e+00 4.27621746e+00 1.05558515e+00
  4.18425769e-01 1.04680099e+01 9.11156014e-02 1.63938850e-01
  4.27241373e+00 1.58416700e+00 4.88192463e+00 6.31894875e+00
  4.82019138e+00 7.30857611e+00 5.02773747e-02 1.54710248e-01
  0.00000000e+00 4.72700834e+00 8.80757809e+00 1.37424481e+00
  3.45814705e+00 2.09968996e+00 1.15967429e+00 5.77607632e-01
  2.93418097e+00 4.21040964e+00 1.37456503e+01 1.60853529e+00
  1.91596019e+00 4.58923388e+00 5.07357645e+00 1.15537584e+00
  2.96053243e+00 1.58917499e+00 2.51272011e+00 2.00550273e-01
  2.41237974e+00 1.72719562e+00 3.13908911e+00 3.14108908e-01
  2.00137064e-01 7.83552885e+00 1.30964804e+00 2.24267697e+00
  2.03613353e+00 1.95754457e+00 7.69532025e-01 5.50970459e+00
  1.12800860e+00 2.75519180e+00 5.55274248e+00 3.01716280e+00
  8.74933910e+00 3.85694766e+00 9.32345569e-01 9.85082686e-01
  2.54561949e+00 2.28941131e+00 3.34228134e+00 3.33616638e+00
  4.11330366e+00 3.24954915e+00 2.12904191e+00 5.49023294e+00
  2.48990917e+00 5.79865551e+00 1.90359429e-01 1.29606843e+00
  1.60236394e+00 3.87466812e+00 7.83042312e-01 3.10971677e-01
  1.03865194e+00 1.43763208e+00 3.68090343e+00 6.85394144e+00
  2.00032473e+00 5.82449436e-01 5.53570700e+00 3.26847267e+00
  2.74310303e+00 0.00000000e+00 1.89894545e+00 3.01448250e+00
  2.09226274e+00 8.76316833e+00 1.23843992e+00 8.60870361e+00
  4.13338423e+00 3.26455307e+00 1.34397578e+00 5.99896240e+00
  2.69673777e+00 9.01462078e+00 8.58210373e+00 6.11351170e-02
  4.92239189e+00 4.56543446e+00 5.75073242e+00 2.40098977e+00
  0.00000000e+00 2.06562424e+00 1.84417129e+00 0.00000000e+00
  1.69100869e+00 1.39729655e+00 8.72533894e+00 3.62286067e+00
  3.29222941e+00 0.00000000e+00 1.15067475e-01 1.50925839e+00
  2.20048285e+00 8.51662278e-01 4.81732559e+00 0.00000000e+00
  6.56554031e+00 4.27664548e-01 2.34299207e+00 0.00000000e+00
  9.71211642e-02 1.00418549e+01 1.01903939e+00 1.44232535e+00
  4.72804451e+00 9.40301597e-01 0.00000000e+00 1.56508636e+00
  4.04139805e+00 3.65130949e+00 0.00000000e+00 2.62632751e+00
  4.23298073e+00 8.11519995e-02 3.89830923e+00 4.85186100e+00
  4.78285360e+00 5.09454584e+00 4.66358848e-03 7.09980011e-01
  8.09480667e+00 4.72472620e+00 4.54696083e+00 6.31041098e+00
  2.10701656e+00 3.54437733e+00 2.11746836e+00 3.84505481e-01
  3.30094743e+00 3.36441159e+00 3.98758054e+00 4.60371785e-02
  6.81225443e+00 1.01526439e+00 3.57556641e-01 7.03874528e-01
  1.19487298e+00 4.78121303e-02 5.38631344e+00 6.19763017e-01
  1.36101627e+00 6.28205729e+00 1.04403210e+00 1.29097387e-01
  3.29072070e+00 6.04950905e+00 1.90762579e+00 8.61420482e-03
  1.27245390e+00 1.11649551e+01 3.55216360e+00 3.55613875e+00
  1.89439964e+00 5.34495020e+00 8.74292946e+00 3.40663981e+00
  2.91886377e+00 0.00000000e+00 6.27659321e-01 4.36930323e+00
  1.21157374e-02 2.72627425e+00 5.13188267e+00 5.04362869e+00
  1.06286898e+01 2.37494135e+00 1.05839014e+00 9.16971493e+00
  4.84298944e+00 2.36897290e-01 4.07495022e+00 8.98955524e-01
  5.46077204e+00 1.68549240e+00 2.91125464e+00 4.20064926e-01
  8.55268002e-01 1.10585392e+00 1.51835525e+00 3.34970504e-02
  0.00000000e+00 8.25934696e+00 2.59921765e+00 1.14363468e+00
  1.69979617e-01 1.20596237e+01 8.24185944e+00 0.00000000e+00
  1.31336861e+01 4.56615448e-01 5.77600336e+00 6.47697401e+00
  7.59220123e+00 2.82088447e+00 7.38501644e+00 1.73424697e+00
  3.34643155e-01 6.30378306e-01 3.06667590e+00 2.22546268e+00
  1.11695766e+01 5.30196548e-01 6.24199581e+00 3.37076092e+00
  6.09108019e+00 5.71595478e+00 0.00000000e+00 8.08976078e+00
  5.25169277e+00 8.74601746e+00 8.14842403e-01 2.05399776e+00
  1.30761778e+00 1.53783584e+00 2.54583454e+00 9.03111994e-01
  4.40368652e+00 2.02738571e+00 1.21295428e+00 5.04028177e+00
  3.74743557e+00 4.12289238e+00 4.61613941e+00 2.57244706e+00
  9.49689388e-01 1.60762596e+00 3.28696489e+00 2.08576512e+00
  6.63522303e-01 1.28423214e+01 6.34522724e+00 1.38942223e+01
  5.73985577e+00 2.42982283e-01 0.00000000e+00 2.49476457e+00
  7.32583189e+00 1.82726145e-01 4.07405758e+00 4.86740768e-01
  0.00000000e+00 0.00000000e+00 2.23808002e+00 1.36855733e+00
  2.69101143e+00 1.84934154e-01 4.19750786e+00 4.30491924e+00
  2.61459780e+00 6.65089607e-01 6.48180485e-01 3.23255110e+00
  1.73935950e+00 8.68324041e-01 2.52614307e+00 4.08747721e+00
  0.00000000e+00 4.77252674e+00 1.77823603e+00 4.81127977e+00
  1.45930872e+01 4.79615021e+00 8.70952904e-01 4.62244320e+00
  2.81301689e+00 2.01372886e+00 4.02958542e-01 2.58814335e+00
  3.30751753e+00 1.63138390e+00 1.14242840e+00 2.43378925e+00
  2.88215208e+00 1.24575555e+00 7.62371206e+00 2.30158448e+00
  1.21490695e-01 0.00000000e+00 1.94896549e-01 5.43127823e+00
  2.07996702e+00 8.83052921e+00 3.68914604e+00 0.00000000e+00
  1.74021029e+00 3.65476799e+00 1.34909117e+00 2.88790512e+00
  3.10070181e+00 4.27227306e+00 6.58344209e-01 1.58700216e+00
  0.00000000e+00 1.99822342e+00 3.85057974e+00 2.48465165e-01
  4.21791458e+00 6.34503901e-01 1.58587456e+00 5.80439210e-01
  1.38199198e+00 4.77945328e+00 0.00000000e+00 4.11031866e+00
  1.86029506e+00 4.09480953e+00 9.36622620e-01 1.87178183e+00
  5.01075871e-02 1.37386274e+00 4.67998981e-01 6.20096064e+00
  4.98738855e-01 1.48077738e+00 3.60350460e-01 1.42831516e+00
  3.00675869e+00 1.13838243e+00 2.47645092e+00 7.24487543e-01
  0.00000000e+00 1.69679821e+00 3.41599965e+00 1.47292900e+00
  5.57781124e+00 4.29379606e+00 3.57254648e+00 2.51192760e+00
  4.35775614e+00 2.55161196e-01 1.32856956e-02 1.65435803e+00
  7.39859390e+00 1.64830589e+00 5.98775101e+00 3.28594875e+00
  3.05246687e+00 2.46967697e+00 5.44321489e+00 7.50509143e-01]]