[[3.20295334e+00 6.32737935e-01 8.66177797e-01 7.34208703e-01
  8.05532277e-01 8.73601437e+00 6.74362600e-01 9.49441552e-01
  9.72919047e-01 1.46513426e+00 2.61796951e+00 3.77698803e+00
  9.16765571e-01 0.00000000e+00 4.00636625e+00 4.91246164e-01
  4.51624125e-01 8.29356134e-01 5.21513581e-01 1.55462813e+00
  1.66293907e+00 8.45245266e+00 8.72434914e-01 1.87377915e-01
  6.88048124e-01 5.99994087e+00 3.59039712e+00 2.28719568e+00
  1.22358227e+00 1.81180716e+00 1.62078321e-01 4.31888294e+00
  2.12743878e-01 4.42198133e+00 4.02267843e-01 3.59065080e+00
  4.86157322e+00 1.10157859e+00 4.71953964e+00 7.39302337e-01
  4.97396946e-01 4.20234156e+00 3.03555894e+00 2.37989426e+00
  2.94117182e-01 1.70843184e+00 4.10425138e+00 4.67811203e+00
  2.88489914e+00 5.30767345e+00 3.42533898e+00 2.33012080e-01
  2.90534765e-01 2.12617946e+00 1.64847481e+00 2.61033559e+00
  4.76932526e+00 8.30156386e-01 1.00557053e+00 6.51377821e+00
  8.86359513e-02 2.27153921e+00 4.81957674e+00 3.90652680e+00
  1.09778440e+00 1.38308156e+00 6.04957533e+00 8.69257927e-01
  6.41403913e-01 8.03187370e+00 2.70777678e+00 1.79927588e+00
  5.15208578e+00 6.08449125e+00 4.27332640e+00 4.38960254e-01
  2.56747961e+00 4.48159409e+00 4.61975366e-01 3.23478669e-01
  7.66320705e-01 4.48456049e+00 4.29332113e+00 0.00000000e+00
  8.26349545e+00 9.10213888e-01 1.30365932e+00 3.21158282e-02
  4.62587476e-01 3.81912768e-01 1.06048644e+00 1.01267445e+00
  1.23642147e-01 4.89014149e+00 9.28841710e-01 7.33023643e-01
  4.29740995e-01 1.91393387e+00 1.79444313e+00 5.02705038e-01
  2.18913913e+00 3.35021687e+00 7.45122480e+00 1.66363275e+00
  1.02950773e+01 1.04971004e+00 0.00000000e+00 2.23857903e+00
  2.07973552e+00 1.07865274e-01 2.36411542e-01 3.31450415e+00
  2.94602606e-02 2.93973923e+00 5.75144470e-01 1.41335106e+00
  3.93831158e+00 2.58771586e+00 0.00000000e+00 6.81656361e-01
  3.14185582e-02 0.00000000e+00 1.68312311e+00 2.68671966e+00
  1.12894356e+00 1.40700722e+00 1.58897901e+00 2.37773582e-01
  2.01129556e+00 1.18475008e+00 5.08632374e+00 4.57148170e+00
  4.81061220e+00 3.16210270e-01 2.01249123e+00 8.59233677e-01
  1.51737261e+00 1.88939524e+00 1.34321392e+00 0.00000000e+00
  2.10532174e-01 1.72132671e+00 4.33410645e-01 1.10846810e-01
  2.57676625e+00 1.07384706e+00 7.53509855e+00 2.14199051e-01
  0.00000000e+00 1.83266506e-01 7.79645622e-01 6.59357965e-01
  2.05398083e+00 3.15258217e+00 7.09990487e-02 1.99398088e+00
  4.04216528e-01 1.06867924e+01 0.00000000e+00 1.22372735e+00
  1.71174741e+00 1.15769958e+00 5.21255398e+00 5.90353870e+00
  1.52189636e+00 2.16034636e-01 4.34907109e-01 2.63776034e-01
  0.00000000e+00 2.52430296e+00 5.35825825e+00 2.25425541e-01
  4.68717670e+00 3.67019683e-01 1.94076383e+00 2.65855402e-01
  3.18181783e-01 1.45909381e+00 4.81064844e+00 2.03750342e-01
  2.21395278e+00 1.83803701e+00 8.32544506e-01 2.08274908e-02
  1.50827825e+00 2.56331515e+00 6.97429061e-01 1.11065161e+00
  6.15617514e+00 6.88068807e-01 1.35840654e+00 8.47989395e-02
  7.17558980e-01 1.49997067e+00 7.86781490e-01 3.85008216e+00
  4.20639515e+00 5.95319986e+00 0.00000000e+00 4.90091182e-02
  1.81557202e+00 4.55872107e+00 2.74891472e+00 1.66486037e+00
  8.28298855e+00 1.68443954e+00 0.00000000e+00 1.02657688e+00
  2.30856299e+00 1.24897633e+01 1.72527146e+00 2.26436472e+00
  1.16882157e+00 1.16937184e+00 2.10190639e-02 9.29653645e-01
  1.74670446e+00 2.61620522e+00 2.66786218e+00 2.03656483e+00
  7.60011053e+00 4.11452103e+00 1.39010584e+00 1.46344507e+00
  3.00413847e+00 1.15349732e-01 8.20860505e-01 7.71704853e-01
  6.43050611e-01 2.28103176e-01 3.75872779e+00 3.17745280e+00
  1.05111015e+00 2.78186798e-02 1.54053342e+00 2.55282831e+00
  1.42320201e-01 1.79244244e+00 5.84295392e-01 4.33894128e-01
  1.34947014e+00 2.70138431e+00 1.23383713e+00 5.89492083e-01
  1.35719791e-01 7.99464130e+00 3.86830425e+00 2.51216441e-01
  4.48981094e+00 5.50625134e+00 3.23637795e+00 2.81335324e-01
  0.00000000e+00 1.43141222e+00 2.64190584e-01 3.38273644e-01
  3.01033092e+00 7.18579948e-01 1.27369452e+01 3.17685246e+00
  3.35777855e+00 2.69409919e+00 3.58810425e-01 2.79162288e+00
  3.62541628e+00 2.79574245e-01 1.54928088e+00 6.49364069e-02
  3.24163318e+00 8.30143929e-01 4.36999083e+00 6.76486790e-02
  1.97892711e-01 9.09796333e+00 3.74596739e+00 9.58269000e-01
  1.34652603e+00 1.22298074e+00 7.54646063e-02 1.33963299e+00
  1.57911670e+00 8.19990039e-01 0.00000000e+00 1.54087976e-01
  1.17137694e+00 2.12695867e-01 1.09315324e+00 8.84216309e-01
  4.12630463e+00 5.56053066e+00 1.76978379e-01 6.65576518e-01
  5.18371248e+00 7.78388262e+00 4.56061077e+00 2.71065140e+00
  9.48039591e-01 6.90083742e-01 6.02921581e+00 1.29547596e-01
  3.90318960e-01 1.99687278e+00 1.34684789e+00 0.00000000e+00
  6.23902607e+00 1.87219119e+00 1.92034769e+00 3.35224295e+00
  2.02490568e+00 5.50234020e-01 3.89582187e-01 1.15216923e+00
  5.72099805e-01 1.24223016e-01 1.49893939e+00 2.72692537e+00
  2.94587827e+00 5.85818338e+00 5.88542652e+00 2.09740543e+00
  1.30810249e+00 7.55860567e+00 1.88398182e+00 1.23599553e+00
  2.35181761e+00 7.18316317e+00 5.72035980e+00 1.47415602e+00
  3.48640227e+00 7.82231808e-01 2.32349887e-01 1.02757239e+00
  7.65992850e-02 1.83754480e+00 2.45205307e+00 6.26514912e+00
  4.71580601e+00 9.41954041e+00 1.91926336e+00 6.53703451e+00
  3.06662679e+00 1.11799896e+00 1.39278960e+00 2.91413754e-01
  4.31355238e+00 2.26833177e+00 1.00954115e+00 0.00000000e+00
  1.12659490e+00 2.04929233e+00 2.02848688e-01 7.06144154e-01
  4.20204014e-01 6.81807899e+00 6.62633300e-01 2.76634216e+00
  4.37527478e-01 4.43717813e+00 1.05558658e+00 2.93319285e-01
  8.98556423e+00 2.38576698e+00 5.65744066e+00 4.73203564e+00
  2.37473774e+00 4.28120565e+00 4.47807455e+00 1.19986200e+00
  2.32582718e-01 2.55072415e-01 2.89574981e+00 2.57295966e+00
  1.12100267e+01 4.84698653e-01 4.00448132e+00 9.06000793e-01
  2.25598860e+00 2.76119995e+00 0.00000000e+00 7.77795362e+00
  2.72429395e+00 1.24851871e+00 1.33551872e+00 3.58559442e+00
  2.14070415e+00 1.18874190e-02 1.21458435e+00 5.91397524e-01
  1.06383491e+00 1.33111405e+00 1.30838788e+00 7.34043419e-01
  5.76111265e-02 4.47374344e+00 1.88713360e+00 1.41323853e+00
  1.72812000e-01 1.30540538e+00 4.36036825e+00 1.99256098e+00
  2.43525362e+00 6.06535721e+00 9.00185406e-01 1.37159050e+00
  3.57972074e+00 0.00000000e+00 0.00000000e+00 2.71543711e-01
  1.35122280e+01 1.20466018e+00 2.57384396e+00 3.57252359e-01
  0.00000000e+00 2.13691145e-01 2.35090041e+00 1.87688208e+00
  0.00000000e+00 0.00000000e+00 1.64267218e+00 6.02332592e+00
  1.37736648e-01 2.86977440e-02 1.93883073e+00 1.38432264e+00
  2.73527908e+00 5.99230051e-01 3.82295823e+00 8.54479980e+00
  1.64594099e-01 4.46693707e+00 4.87807728e-02 3.13897085e+00
  1.56366415e+01 7.70794678e+00 3.74905914e-01 1.23790455e+01
  4.23085541e-01 3.95179653e+00 0.00000000e+00 2.88787770e+00
  3.09659243e+00 1.58400863e-01 1.58307278e+00 1.32675672e+00
  5.69925904e-01 1.65420425e+00 3.36528420e+00 2.51374483e+00
  1.08376610e+00 4.79105204e-01 2.30920196e+00 1.91063643e+00
  4.12786692e-01 1.27140713e+00 3.66160488e+00 0.00000000e+00
  1.53349924e+00 2.66444159e+00 9.22260284e-01 4.98798656e+00
  3.89146614e+00 1.00477695e+00 8.77287328e-01 1.95698297e+00
  0.00000000e+00 1.49966633e+00 8.23537707e-02 1.44032121e+00
  1.00528076e-01 6.42349839e-01 1.71985507e+00 9.81262103e-02
  1.52387035e+00 4.02248955e+00 0.00000000e+00 2.16877770e+00
  1.98269689e+00 2.16678500e+00 5.30757666e+00 2.29795313e+00
  5.81233799e-01 0.00000000e+00 1.98175418e+00 6.02905607e+00
  0.00000000e+00 7.01057911e+00 7.53477573e-01 1.61534529e-02
  3.01605153e+00 2.97733998e+00 1.22527635e+00 4.64686871e+00
  1.26194847e+00 4.13752365e+00 1.06769204e+00 1.36783278e+00
  1.22205887e+01 2.66973066e+00 1.68982792e+00 1.75246012e+00
  2.70561814e+00 2.04881859e+00 0.00000000e+00 7.20223069e-01
  4.47160006e+00 4.13720727e-01 1.06416917e+00 7.91418910e-01
  1.19550645e+00 1.47724009e+00 4.05008602e+00 9.00758684e-01]]