[[1.70612395e+00 2.57705379e+00 2.77147722e+00 1.43827581e+00
  0.00000000e+00 2.55332398e+00 2.65245152e+00 2.17420936e+00
  5.21665156e-01 1.00750673e+00 3.89854240e+00 6.76655054e-01
  4.81951761e+00 1.55107245e-01 2.44657350e+00 2.14014363e+00
  2.87717581e-01 1.28459036e+00 0.00000000e+00 2.65212727e+00
  3.27145267e+00 2.46691060e+00 0.00000000e+00 8.24107647e-01
  2.53106928e+00 8.43927097e+00 1.97669920e-02 3.90683323e-01
  1.84124255e+00 8.74954015e-02 9.99247283e-02 1.12228041e+01
  9.76145789e-02 8.05313015e+00 0.00000000e+00 4.06474686e+00
  1.09027481e+00 2.10709512e-01 2.65413857e+00 4.41936761e-01
  1.42101836e+00 2.19272688e-01 9.38318372e-01 2.76015234e+00
  1.26422453e+00 2.07948610e-01 1.86305404e+00 5.61502650e-02
  2.73869920e+00 1.42736089e+00 5.56275558e+00 2.40861535e-01
  6.28040016e-01 0.00000000e+00 4.20164013e+00 1.62196553e+00
  4.11029243e+00 2.46206474e+00 5.20547450e-01 1.62004685e+00
  0.00000000e+00 5.39268672e-01 1.78359628e+00 9.30789566e+00
  5.42792916e-01 6.03666961e-01 8.85379493e-01 5.53799748e-01
  4.57140326e-01 6.23553582e-02 7.74179280e-01 2.88899255e+00
  4.40213537e+00 8.37671340e-01 1.52566993e+00 3.28886241e-01
  2.94779837e-01 7.34207332e-01 1.66642797e+00 9.57067430e-01
  4.15283740e-01 6.75865698e+00 2.65453219e-01 4.32706833e+00
  5.56046724e-01 1.10794461e+00 2.22551361e-01 1.54630995e+00
  1.19656420e+01 3.14615250e-01 3.66855264e-01 3.76496816e+00
  2.68184686e+00 1.27312481e+00 6.36666045e-02 2.47451533e-02
  1.31249392e+00 2.67954612e+00 2.28544950e+00 1.78842711e+00
  1.00444627e+00 1.11481309e+00 1.03502071e+00 1.54357700e+01
  1.27424109e+00 0.00000000e+00 4.26874906e-01 1.41784966e-01
  1.62058324e-01 9.39129293e-01 9.91895008e+00 3.04225349e+00
  9.71699774e-01 1.80571234e+00 2.27575768e-02 1.69846788e-01
  4.47014713e+00 4.89012289e+00 1.81322154e-02 1.89539993e+00
  4.69152965e-02 7.87545025e-01 5.96417725e-01 6.13232231e+00
  0.00000000e+00 8.94856811e-01 9.19012278e-02 1.56196743e-01
  4.73358363e-01 2.01702290e+01 4.55807410e-02 0.00000000e+00
  7.04168272e+00 1.75254261e+00 1.06428421e+00 1.29402101e+00
  1.46475971e+00 0.00000000e+00 2.06230927e+00 8.15760791e-01
  2.11553555e-02 1.16853487e+00 3.73233646e-01 7.81520009e-01
  7.08497524e+00 6.51854634e-01 3.69624758e+00 1.33533001e+00
  3.53307575e-01 2.85001010e-01 1.54931679e+01 1.66653574e-01
  3.61984968e-01 1.64817262e+00 1.09587006e-01 1.82486087e-01
  2.07717276e+00 0.00000000e+00 1.35090268e+00 1.15902388e+00
  2.68490557e-02 4.56215954e+00 6.03968620e-01 1.53227344e-01
  2.55886030e+00 2.86979699e+00 3.93862784e-01 4.65795565e+00
  2.34576678e+00 6.44026470e+00 9.13512588e-01 0.00000000e+00
  4.42329550e+00 0.00000000e+00 2.99343228e+00 1.58962703e+00
  3.04309905e-01 1.78407407e+00 1.14466131e+00 9.15608764e-01
  7.58896291e-01 0.00000000e+00 1.50007570e+00 2.66994643e+00
  3.98955673e-01 2.73774338e+00 3.09640384e+00 7.31779575e-01
  2.01732922e+00 1.69184053e+00 4.75256109e+00 4.20833826e-01
  9.97553587e-01 1.10910978e+01 2.96554375e+00 1.84989381e+00
  0.00000000e+00 4.01219654e+00 5.55577135e+00 2.63947845e+00
  9.35419738e-01 0.00000000e+00 7.72925556e-01 3.37606907e-01
  0.00000000e+00 1.05910122e-01 8.73533189e-01 5.20974398e-01
  8.68729651e-01 5.66488886e+00 1.63338721e+00 1.55463243e+00
  5.81484795e-01 7.11573720e-01 1.38772488e+00 4.23371840e+00
  1.10350788e+00 1.73045158e+01 2.05281162e+00 2.12341118e+00
  3.20696330e+00 1.55841005e+00 4.71189022e-01 4.94662952e+00
  6.53047466e+00 9.78532028e+00 0.00000000e+00 1.40718329e+00
  2.12173894e-01 6.08603859e+00 3.85224193e-01 8.60300732e+00
  8.52805674e-01 2.81533027e+00 3.65922475e+00 1.15388274e+00
  2.87584209e+00 5.26910877e+00 1.96560156e+00 2.52999234e+00
  5.86238921e-01 0.00000000e+00 1.39425769e-01 1.80492079e+00
  2.03698087e+00 4.53808546e+00 5.57136774e+00 0.00000000e+00
  4.30667305e+00 1.49853611e+00 3.92387557e+00 9.89156306e-01
  3.11476374e+00 8.94628704e-01 6.64414406e-01 1.50784004e+00
  3.38712186e-01 6.36513978e-02 6.98775172e-01 1.66421723e+00
  3.68207723e-01 6.49318397e-01 3.34864743e-02 6.29161060e-01
  4.99597836e+00 1.33862476e+01 2.62914300e+00 1.11524928e+00
  4.10033798e+00 2.28744990e-04 1.51165028e+01 0.00000000e+00
  4.47271490e+00 4.73363400e+00 1.59122300e+00 3.47297978e+00
  8.12408268e-01 4.39889044e-01 4.74266052e-01 3.84201765e+00
  9.78286028e-01 1.77099454e+00 6.04128408e+00 3.45861936e+00
  7.37562513e+00 1.90967053e-01 5.93866825e-01 1.50571144e+00
  1.95741236e+00 5.39325094e+00 1.26060569e+00 2.30555892e+00
  1.01813726e+01 6.74804211e+00 3.03911161e+00 0.00000000e+00
  1.34318247e+01 1.68503666e+00 6.80973673e+00 0.00000000e+00
  4.45135534e-01 1.37085381e+01 3.30811334e+00 0.00000000e+00
  6.45948291e-01 2.99882627e+00 4.27751732e+00 4.34127235e+00
  9.44013372e-02 1.36016960e+01 3.70010227e-01 1.22028244e+00
  3.29616499e+00 9.82865632e-01 6.79288149e+00 1.43854916e+00
  1.10673809e+00 2.71182132e+00 1.76880503e+00 1.17646888e-01
  2.70645165e+00 1.31086469e-01 1.54577675e+01 0.00000000e+00
  1.69535279e+00 0.00000000e+00 5.20863104e+00 0.00000000e+00
  1.07557297e+00 4.22125638e-01 9.01655674e-01 1.44834375e+00
  3.17858267e+00 1.21585679e+00 6.66008139e+00 9.90707874e-01
  0.00000000e+00 3.97516870e+00 3.71436596e+00 1.49052215e+00
  4.44460958e-01 2.99787551e-01 7.39938676e-01 5.71560860e+00
  3.59639454e+00 5.34467220e-01 6.32862926e-01 4.00190830e+00
  1.48541570e+00 1.08351862e+00 4.22655439e+00 5.91760933e-01
  1.64155141e-01 2.80269170e+00 3.24092954e-01 1.40059865e+00
  2.50327730e+00 1.78269720e+00 1.70983064e+00 6.38693035e-01
  0.00000000e+00 1.55049491e+00 1.34208632e+00 8.34494770e-01
  2.66750789e+00 2.58530998e+00 5.68621778e+00 7.68131018e-01
  4.12515163e-01 1.09971237e+01 4.33367908e-01 4.01852465e+00
  8.64730358e+00 4.30414081e-01 2.97919333e-01 2.98755121e+00
  6.88789368e-01 7.45198631e+00 3.33999825e+00 1.57705641e+00
  7.99563169e-01 1.48410931e+01 0.00000000e+00 2.86378813e+00
  4.59170675e+00 1.76413178e-01 1.76798856e+00 0.00000000e+00
  1.50617957e-01 3.91885138e+00 8.18271828e+00 1.14337549e-01
  2.17072463e+00 4.65814114e+00 8.19668248e-02 5.31455088e+00
  2.87217438e-01 7.43263781e-01 4.14498186e+00 3.90236557e-01
  2.92317629e-01 2.21527958e+00 2.55558729e-01 1.33852386e+00
  3.00454211e+00 5.65964915e-02 0.00000000e+00 1.07625568e+00
  3.80177689e+00 1.46673167e+00 9.64491725e-01 1.00759578e+00
  2.85112071e+00 4.44149077e-02 0.00000000e+00 3.40992090e-04
  7.13385999e-01 3.34060740e+00 6.42723918e-01 2.17494869e+00
  7.36712170e+00 3.09300214e-01 1.52222538e+00 2.44846797e+00
  2.92696905e+00 1.38941193e+00 3.89190459e+00 1.96368361e+00
  7.52899230e-01 0.00000000e+00 1.07080750e-01 3.59461498e+00
  1.99039042e+00 4.49300003e+00 3.86763543e-01 0.00000000e+00
  5.55059612e-01 1.51307434e-01 4.81863618e-01 0.00000000e+00
  0.00000000e+00 3.28710508e+00 6.31040871e-01 4.43304479e-01
  2.77576995e+00 4.18086469e-01 3.36074185e+00 7.97621667e-01
  2.87480807e+00 3.82693619e-01 1.31222706e+01 4.07980204e+00
  3.37214065e+00 3.31059170e+00 4.66625261e+00 7.47236109e+00
  3.60571218e+00 1.66862607e+00 0.00000000e+00 4.98806715e-01
  3.50881529e+00 3.13244796e+00 1.11987829e+00 0.00000000e+00
  7.71010685e+00 3.41713667e-01 1.27798498e+00 2.14203525e+00
  8.00454617e-01 2.59700918e+00 3.96747708e+00 7.61974859e+00
  4.30571318e+00 5.26531172e+00 4.22325507e-02 1.38227379e+00
  1.13650985e-01 9.96512413e-01 2.55779934e+00 6.39102316e+00
  3.66469860e+00 4.61993784e-01 6.99742615e-01 2.50645781e+00
  5.46180582e+00 4.31494522e+00 1.61689341e+00 1.23583484e+00
  7.34221458e-01 8.41085792e-01 1.94685125e+00 1.11237717e+01
  4.12499332e+00 1.23490801e+01 1.36715937e+00 2.72411585e+00
  5.49283218e+00 2.68329549e+00 2.19183040e+00 2.01482034e+00
  4.57123518e+00 1.12816346e+00 1.76144004e+00 2.56299043e+00
  1.42293179e+00 2.27509308e+00 1.64088893e+00 1.87203777e+00
  2.21805111e-01 5.60404015e+00 3.15306401e+00 9.16597962e-01]]