[[9.11312044e-01 1.87169099e+00 2.02837706e+00 4.38292176e-01
  1.47421628e-01 6.76420832e+00 2.96799088e+00 3.90402126e+00
  5.83978748e+00 2.60875165e-01 1.08294681e-01 2.03938484e+00
  1.20967948e+00 2.03072682e-01 5.10721028e-01 7.81239152e-01
  1.95085990e+00 2.02420284e-03 8.08267891e-02 2.62896013e+00
  1.53911337e-02 1.61837559e+01 0.00000000e+00 4.21145298e-02
  1.36876926e-01 8.61558437e+00 4.29995835e-01 1.73873997e+00
  7.08182573e-01 0.00000000e+00 6.32488370e-01 4.60331500e-01
  9.57461774e-01 4.88068676e+00 4.11036640e-01 1.53088033e+00
  2.52286148e+00 0.00000000e+00 1.76480412e+00 1.85498223e-01
  1.57774534e+01 1.17169094e+00 6.89930737e-01 2.40417552e+00
  1.27655149e+00 0.00000000e+00 7.34872639e-01 2.40753174e+00
  4.95591307e+00 1.88040304e+00 1.38634586e+00 7.39310801e-01
  5.16961634e-01 8.74093950e-01 6.33367360e-01 2.11904263e+00
  4.29682064e+00 4.73971605e+00 4.56877375e+00 1.06456590e+00
  1.61850527e-01 7.88143694e-01 1.18074632e+00 3.70964289e+00
  0.00000000e+00 0.00000000e+00 4.82592010e+00 6.63302183e-01
  7.57997215e-01 2.91389966e+00 3.64694047e+00 2.05962014e+00
  3.29281831e+00 1.62900639e+00 3.40447354e+00 0.00000000e+00
  0.00000000e+00 2.46835089e+00 1.45761573e+00 2.84502435e+00
  1.10641515e+00 9.73982906e+00 4.64136696e+00 9.09107208e-01
  4.29505444e+00 3.24794197e+00 1.56813216e+00 2.31047526e-01
  4.24926376e+00 0.00000000e+00 6.49747133e-01 3.77862549e+00
  2.83280760e-01 4.30759239e+00 2.90562272e+00 4.24253702e-01
  7.67782629e-01 1.92699289e+00 2.95179582e+00 4.03107166e+00
  7.15208650e-02 7.68911779e-01 1.58976400e+00 4.73978472e+00
  0.00000000e+00 7.86932290e-01 8.75095129e-01 1.07010019e+00
  4.66747761e-01 2.58630562e+00 7.51030922e+00 4.26454830e+00
  2.74681878e+00 1.44959497e+00 2.26730585e+00 1.21144783e+00
  3.95986915e+00 9.33454037e-01 2.35138369e+00 6.04534626e-01
  1.20157182e-01 1.75274754e+00 8.99374858e-02 1.11285152e+01
  8.00732970e-01 3.60453367e+00 2.66530466e+00 4.82923031e-01
  6.77444077e+00 1.45379066e+01 2.19128299e+00 8.86225045e-01
  7.60679150e+00 9.80388880e-01 0.00000000e+00 1.07876170e+00
  3.71055126e-01 3.42733771e-01 2.87798071e+00 8.17649439e-02
  1.50247753e+00 7.50779688e-01 0.00000000e+00 1.99642348e+00
  5.75082254e+00 2.16726780e+00 2.96338081e+00 1.75050998e+00
  2.47243619e+00 0.00000000e+00 1.06727409e+01 2.48563480e+00
  9.91716564e-01 5.09088814e-01 2.10199809e+00 4.67501581e-01
  1.18967153e-01 9.99423265e-01 1.07884097e+00 3.81149721e+00
  1.04931092e+00 1.82898474e+00 5.81041718e+00 1.11736381e+00
  2.58046341e+00 2.49054480e+00 2.59261221e-01 2.21371508e+00
  2.70903766e-01 9.17484999e-01 3.27269137e-01 1.11535645e+00
  2.22683024e+00 5.87884140e+00 3.71251488e+00 5.23911572e+00
  0.00000000e+00 9.99662995e-01 2.19800949e+00 3.31608987e+00
  5.01111805e-01 1.75041437e-01 2.48768806e+00 7.48563945e-01
  1.00931668e+00 8.55161607e-01 2.95274591e+00 1.49161172e+00
  1.06731677e+00 0.00000000e+00 8.44716263e+00 0.00000000e+00
  3.85216498e+00 1.59104376e+01 2.12080669e+00 1.05149496e+00
  3.56205463e-01 2.94429612e+00 6.92869616e+00 7.56078225e-04
  3.36049795e+00 1.05230585e-01 1.61319649e+00 1.86043751e+00
  9.20110404e-01 1.45876324e+00 6.07359409e-01 2.05165014e-01
  0.00000000e+00 3.79476547e+00 1.43669236e+00 8.93743932e-01
  0.00000000e+00 2.57863450e+00 5.33058286e-01 4.08551407e+00
  1.61916792e+00 6.22342253e+00 2.31672481e-01 1.78820443e+00
  2.31588101e+00 1.31643381e+01 2.86625117e-01 1.13452482e+00
  3.79590964e+00 2.02115607e+00 4.78255332e-01 2.62962556e+00
  8.06242347e-01 5.00897264e+00 9.84628081e-01 4.84517574e+00
  7.73655355e-01 2.15225124e+00 1.52556527e+00 7.77941465e-01
  7.60294616e-01 1.86793470e+00 2.52646255e+00 0.00000000e+00
  6.80435747e-02 1.41555035e+00 4.10522163e-01 3.24045515e+00
  4.08965731e+00 1.52331948e+00 5.05478334e+00 3.26870829e-01
  5.99391997e-01 6.92778528e-01 3.55823636e+00 7.51137733e-01
  3.24214697e+00 8.97503853e-01 4.36839962e+00 6.65065050e-02
  3.27561527e-01 0.00000000e+00 1.56241143e+00 2.45050025e+00
  5.06020747e-02 1.20941088e-01 5.09930968e-01 1.21703327e+00
  1.45253968e+00 3.35842252e+00 1.03284359e+00 2.39982033e+00
  3.62063360e+00 1.52244782e+00 8.41745377e+00 0.00000000e+00
  3.27006578e-01 3.87886620e+00 2.55186129e+00 1.89712599e-01
  1.99950325e+00 8.48043323e-01 2.11479232e-01 1.99290109e+00
  8.31593323e+00 7.27012777e+00 1.00898771e+01 1.44907665e+00
  5.77403402e+00 1.19171150e-01 1.80845201e+00 8.42968225e-01
  3.24568200e+00 2.09784579e+00 5.47580779e-01 1.53678536e+00
  1.02954597e+01 1.34380293e+00 3.63882446e+00 0.00000000e+00
  4.66715193e+00 2.37924308e-01 0.00000000e+00 0.00000000e+00
  2.38060737e+00 3.74657512e+00 6.16057682e+00 1.56641233e+00
  0.00000000e+00 3.16269827e+00 4.31173706e+00 1.80762112e+00
  0.00000000e+00 4.40037870e+00 2.71234441e+00 9.54564154e-01
  1.66875851e+00 0.00000000e+00 2.18221521e+00 1.29267681e+00
  8.57753932e-01 6.80870962e+00 4.98500824e-01 2.31337094e+00
  0.00000000e+00 2.38633418e+00 4.16691923e+00 6.26386702e-01
  3.17742753e+00 4.19454718e+00 2.89337039e+00 0.00000000e+00
  1.03901386e+00 0.00000000e+00 2.16237783e+00 5.92951679e+00
  2.25250769e+00 8.72964561e-01 6.93819189e+00 5.01146138e-01
  3.58129144e+00 2.78030586e+00 7.07662106e+00 2.30740833e+00
  3.25944990e-01 0.00000000e+00 0.00000000e+00 2.70790911e+00
  1.42341709e+00 4.09950829e+00 0.00000000e+00 5.75930476e-01
  2.59804782e-02 1.38484955e+00 4.29334342e-02 7.81056464e-01
  1.43461274e-02 1.49452162e+00 2.17906046e+00 2.86839318e+00
  1.53212857e+00 4.37492943e+00 2.41861486e+00 7.01738477e-01
  3.17785233e-01 0.00000000e+00 4.53954577e-01 1.06856823e+00
  9.94649410e-01 7.44191229e-01 9.70294666e+00 1.95194483e-01
  1.19782425e-01 2.80909252e+00 1.58471629e-01 2.08961964e+00
  5.93959522e+00 1.72235227e+00 4.78599358e+00 1.79180133e+00
  1.03768039e+00 3.53208518e+00 2.03986835e+00 3.52829480e+00
  2.07630301e+00 4.62070560e+00 0.00000000e+00 2.56086397e+00
  9.29225862e-01 3.67428660e+00 2.74500132e+00 0.00000000e+00
  1.72925866e+00 1.87792242e+00 1.79502988e+00 1.19156599e+00
  3.96510124e+00 1.92545152e+00 2.20134690e-01 6.33604944e-01
  5.68199754e-01 1.96554518e+00 7.38105726e+00 2.14354634e+00
  1.54154301e+00 1.19930124e+01 2.13857865e+00 6.79096317e+00
  4.26254129e+00 1.27610457e+00 0.00000000e+00 1.30237210e+00
  5.01515381e-02 1.04662104e+01 6.71799374e+00 1.68130016e+00
  0.00000000e+00 2.11744142e+00 9.77100372e-01 7.24341035e-01
  0.00000000e+00 3.87594986e+00 0.00000000e+00 1.08539306e-01
  1.36330232e-01 7.65924633e-01 5.20420432e-01 4.97549534e+00
  8.62488091e-01 0.00000000e+00 1.00316882e+00 7.46234953e-02
  2.48787260e+00 1.65524495e+00 3.59917283e+00 1.59088552e+00
  1.29393015e+01 2.19780397e+00 0.00000000e+00 1.02673221e+00
  5.19485950e-01 2.38201261e+00 2.60461521e+00 4.13910103e+00
  1.92271113e+00 4.52030659e-01 3.15060556e-01 1.64415817e+01
  2.18528485e+00 4.04775739e-01 1.65985763e+00 2.02450848e+00
  0.00000000e+00 3.69585246e-01 7.19617891e+00 5.13673019e+00
  1.51266599e+00 7.69477338e-02 1.04285848e+00 5.01124263e-02
  2.94889927e+00 3.48011184e+00 1.07045941e-01 1.63778722e+00
  4.51888275e+00 5.87906957e-01 2.22567935e-02 2.84646243e-01
  4.73292732e+00 2.07290530e-01 1.12128055e+00 2.66443443e+00
  3.26810718e-01 2.02418596e-01 8.47145081e-01 1.79318655e+00
  1.64479427e-02 4.64973831e+00 1.67955339e+00 3.48036557e-01
  2.16902778e-01 2.63216925e+00 3.68519878e+00 5.97039104e-01
  6.32448852e-01 7.94621557e-02 1.62793279e+00 9.88503039e-01
  1.59955835e+00 1.33368361e+00 2.50080514e+00 2.10159440e-02
  1.13930964e+00 9.60521638e-01 1.60467899e+00 5.19176054e+00
  1.50539488e-01 4.04681349e+00 1.64813983e+00 4.22784472e+00
  4.88363177e-01 2.69508862e+00 5.46071231e-01 9.03619587e-01
  4.92672396e+00 1.34528649e+00 2.53489542e+00 1.86963809e+00
  1.10588837e+00 6.00322902e-01 8.92133594e-01 3.56834292e+00
  1.33608258e+00 2.34847426e+00 1.26147878e+00 6.04535997e-01]]