[[5.24070263e+00 8.20822120e-01 1.83640194e+00 1.24476540e+00
  9.92490649e-01 1.39762986e+00 5.68907452e+00 5.42629623e+00
  2.78943086e+00 0.00000000e+00 8.40103912e+00 5.82875204e+00
  2.84013844e+00 1.55245757e+00 2.36729360e+00 9.90305424e+00
  1.47975564e+00 3.55064559e+00 9.59173298e+00 5.63519144e+00
  0.00000000e+00 4.91778898e+00 5.84763527e+00 6.78417236e-02
  2.82450700e+00 8.64474487e+00 1.12302866e+01 2.63926125e+00
  6.61525869e+00 5.77773237e+00 7.42985010e-01 1.02766409e+01
  1.48619521e+00 5.73566675e+00 0.00000000e+00 2.49489564e-02
  4.86086988e+00 0.00000000e+00 5.32277155e+00 3.45921302e+00
  1.69362247e+00 5.87793970e+00 3.99932766e+00 9.50514412e+00
  1.50646126e+00 3.27929437e-01 2.56832457e+00 1.33441424e-03
  2.46825671e+00 6.51341558e-01 7.66512632e-01 5.40821314e+00
  3.58208641e-02 1.96770942e+00 4.37299252e+00 2.14167809e+00
  2.66752791e+00 9.72027969e+00 0.00000000e+00 1.87920839e-01
  7.60332167e-01 1.17830205e+00 2.23606277e+00 5.64777565e+00
  6.81724548e-01 4.80388021e+00 0.00000000e+00 1.71178520e+00
  5.48926830e-01 9.42089081e-01 3.52794111e-01 5.16314459e+00
  4.09917498e+00 6.77076149e+00 4.54764509e+00 2.14333224e+00
  1.83662200e+00 5.97678232e+00 1.83120382e+00 1.33135939e+00
  6.66295826e-01 8.00195217e+00 5.48809195e+00 1.39913952e+00
  2.26034403e+00 6.80798388e+00 0.00000000e+00 1.74037766e+00
  9.63828087e+00 1.99159056e-01 7.71642876e+00 3.99050379e+00
  0.00000000e+00 5.54278183e+00 2.40246519e-01 4.50572443e+00
  2.00103641e+00 9.58317566e+00 4.71169806e+00 3.96641159e+00
  4.72512841e-01 5.68015575e+00 7.75882196e+00 5.45837402e+00
  2.13452673e+00 0.00000000e+00 2.90961891e-01 0.00000000e+00
  1.38252563e+01 8.86943758e-01 4.01670265e+00 8.08186293e-01
  2.56158039e-02 0.00000000e+00 6.68996572e+00 1.24353445e+00
  9.51978493e+00 1.12804496e+00 4.77901316e+00 1.50719309e+00
  1.14480555e+00 3.49826694e+00 2.33408332e+00 4.73645878e+00
  9.09296036e+00 4.54575062e+00 0.00000000e+00 5.01254439e-01
  0.00000000e+00 1.71883602e+01 1.17120373e+00 5.38200915e-01
  4.98142815e+00 4.42801285e+00 1.28171337e+00 4.59012222e+00
  9.23702002e-01 2.67311871e-01 5.31343412e+00 7.07236481e+00
  2.45179355e-01 1.33845568e+00 1.54529616e-01 3.44851351e+00
  5.12371492e+00 3.38131964e-01 3.41482669e-01 1.63200784e+00
  2.12576333e-02 0.00000000e+00 3.75339746e+00 1.29383087e+00
  4.85960102e+00 7.50224769e-01 1.17649114e+00 4.74059582e+00
  1.33145440e+00 4.36682081e+00 2.09209490e+00 8.38336468e-01
  1.10338628e+00 7.63997602e+00 2.88865662e+00 2.25206542e+00
  5.58255148e+00 1.46930814e+00 3.63509506e-01 7.96110630e-01
  2.23756170e+00 2.08617830e+00 3.93502980e-01 4.14471292e+00
  8.25387669e+00 5.37318923e-02 1.11718547e+00 4.73699713e+00
  1.02488965e-01 3.40929127e+00 4.06609154e+00 1.58180249e+00
  7.02973664e-01 2.92752886e+00 4.83613014e+00 4.66656119e-01
  1.00159369e+01 1.92988980e+00 2.56137204e+00 5.45957386e-02
  3.45899034e+00 9.94896507e+00 0.00000000e+00 0.00000000e+00
  1.82932079e+00 2.64932775e+00 9.17852581e-01 8.18337977e-01
  0.00000000e+00 0.00000000e+00 1.36253047e+00 1.71903026e+00
  9.21774292e+00 2.19268465e+00 4.22521740e-01 4.02424812e+00
  1.08034801e+00 3.16577315e+00 3.99750447e+00 4.25482941e+00
  3.77934599e+00 3.79835343e+00 6.04634809e+00 3.34936523e+00
  0.00000000e+00 3.13115096e+00 2.43129992e+00 4.35812187e+00
  8.64059210e-01 4.43761051e-01 2.67529464e+00 1.95299053e+00
  1.99478877e+00 6.27544928e+00 1.51882076e+01 4.84262183e-02
  1.05771513e+01 2.65866017e+00 6.21076882e-01 9.60315895e+00
  8.45528507e+00 9.56380427e-01 3.15373564e+00 5.62374830e+00
  1.05225859e+01 6.36887312e-01 9.38367620e-02 4.57846737e+00
  4.54327154e+00 6.27021408e+00 4.90284115e-01 2.37658191e+00
  1.88065633e-01 3.58158499e-01 3.10577822e+00 7.17435360e+00
  9.59581792e-01 3.83179331e+00 5.42074108e+00 2.98430085e+00
  2.24817014e+00 1.81481731e+00 1.51969957e+00 2.52642125e-01
  1.87240005e+00 1.46356392e+00 1.36113787e+00 0.00000000e+00
  2.18501091e+00 1.53087378e-01 3.31488907e-01 3.78731568e-03
  7.68709850e+00 0.00000000e+00 1.00110996e+00 1.27777696e+00
  2.96886325e+00 3.15137553e+00 4.78465825e-01 2.90904641e+00
  5.69097900e+00 8.36662292e-01 8.29892731e+00 0.00000000e+00
  3.18882728e+00 1.82177097e-01 1.33370984e+00 3.32010317e+00
  2.35280380e+01 1.06093514e+00 0.00000000e+00 1.61575007e+00
  1.04314423e+01 1.85177565e+00 5.67404604e+00 7.93410242e-02
  3.24129939e+00 5.35950184e-01 9.44101238e+00 5.04576588e+00
  9.44120693e+00 3.96548486e+00 1.49806178e+00 6.02914333e-01
  5.34438467e+00 1.21151888e+00 4.71620226e+00 9.46853101e-01
  9.59576893e+00 4.64793968e+00 1.61955118e+00 1.51103988e-01
  1.18671679e+00 2.50828481e+00 1.15989685e+00 1.08219185e+01
  1.11189318e+00 1.63066947e+00 8.65056896e+00 1.56837761e+00
  1.66671462e-02 6.62470520e-01 3.78144711e-01 6.16418934e+00
  1.98909104e+00 2.99849677e+00 2.42290664e+00 1.26146579e+00
  1.55267322e+00 7.22780228e+00 0.00000000e+00 1.26505160e+00
  6.29619408e+00 6.90260553e+00 7.18276834e+00 8.81183594e-02
  4.27037287e+00 3.95254040e+00 9.83454132e+00 1.38827884e+00
  7.32210815e-01 1.29670516e-01 9.97870490e-02 7.92838812e+00
  1.34982693e+00 7.87642956e+00 7.78155136e+00 2.57913280e+00
  5.42480850e+00 1.90680504e+00 1.81430864e+00 6.10782528e+00
  5.60236979e+00 0.00000000e+00 6.31574512e-01 3.94938755e+00
  1.59782672e+00 3.18593836e+00 9.12515450e+00 2.42413902e+00
  1.37082219e+00 9.50851619e-01 2.20886111e+00 1.02551199e-01
  4.95505238e+00 2.72966003e+00 8.42835903e-01 1.04697061e+00
  1.91921949e+00 1.63891411e+01 1.88875067e+00 1.45609236e+00
  5.52675629e+00 1.04485989e+00 2.38648510e+00 5.19583511e+00
  6.40021896e+00 1.13485503e+00 1.53411140e+01 1.05786002e+00
  5.58508858e-02 5.45687675e-01 1.40497196e+00 4.49869108e+00
  0.00000000e+00 9.64687645e-01 1.83929729e+00 5.92600524e-01
  7.84780979e-01 6.80921555e+00 1.61913621e+00 2.46417165e+00
  3.52533889e+00 4.91529655e+00 3.87137127e+00 3.02241635e+00
  0.00000000e+00 2.88752413e+00 4.08069372e-01 5.66591136e-02
  4.04310226e+00 5.79830170e+00 4.55400753e+00 3.04391772e-01
  1.08100471e+01 4.43347502e+00 3.18972111e-01 1.92445529e+00
  8.70697117e+00 8.73152435e-01 4.07343912e+00 1.25247216e+00
  1.27670169e-01 4.07120419e+00 1.45347679e+00 1.10557556e+00
  4.13253546e+00 1.11887550e+00 1.53509617e-01 8.36813450e+00
  4.50011873e+00 3.55272937e+00 1.08049402e+01 1.00817966e+00
  1.04212275e+01 5.31891465e-01 2.10160685e+00 2.38083318e-01
  5.47808695e+00 1.43970120e+00 8.77444839e+00 2.61239290e+00
  6.58894300e+00 5.38626537e-02 1.05128467e+00 3.58057523e+00
  7.26201952e-01 1.68592012e+00 2.46347332e+00 1.69293761e+00
  1.36332047e+00 6.16343117e+00 7.68366456e-01 2.00684406e-02
  3.90685081e+00 2.71593761e+00 2.67737436e+00 6.59703350e+00
  1.12793283e+01 6.96423292e+00 2.67146856e-01 2.24389935e+00
  1.55800581e+00 1.30924368e+00 0.00000000e+00 3.44814181e+00
  1.33931637e+00 1.93504214e+00 2.71432805e+00 3.26166725e+00
  1.20352852e+00 8.13487470e-01 4.07291317e+00 8.26870251e+00
  2.35747075e+00 1.13363285e+01 3.02571988e+00 1.32375586e+00
  2.67766982e-01 2.26929855e+00 1.11718047e+00 9.06937599e+00
  4.64171469e-01 1.46427727e+00 1.32425547e+00 3.51925492e+00
  1.16623592e+00 4.61766034e-01 3.18869400e+00 7.22564220e-01
  5.83394337e+00 0.00000000e+00 4.54716253e+00 2.13624358e+00
  1.87270904e+00 1.40032425e+01 2.75669861e+00 3.45154643e+00
  0.00000000e+00 2.27206254e+00 3.56530190e+00 2.73720527e+00
  1.57727098e+00 0.00000000e+00 1.09271228e+00 1.08193958e+00
  1.28107548e+00 5.48504651e-01 2.56282735e+00 4.33270901e-01
  3.83863115e+00 1.52695453e+00 2.58239937e+00 3.01326585e+00
  1.84246063e-01 1.29137218e+00 3.06538224e+00 4.34027815e+00
  3.32680047e-01 4.11940050e+00 1.67025054e+00 1.01928842e+00
  4.02675390e+00 5.91785848e-01 4.28253919e-01 1.33107805e+00
  5.93517399e+00 8.01273882e-01 3.89834762e+00 5.20404291e+00
  6.45816863e-01 0.00000000e+00 9.56603050e+00 2.30890632e-01]]