[[1.79812813e+00 4.02054936e-01 4.06619215e+00 5.17747581e-01
  2.54017663e+00 0.00000000e+00 1.84021950e+00 6.54191613e-01
  7.85563707e-01 2.28879023e+00 1.22450805e+00 5.53485966e+00
  8.03220749e+00 5.23107243e+00 0.00000000e+00 2.02492261e+00
  4.16082531e-01 1.91267952e-01 8.19869116e-02 7.15720844e+00
  0.00000000e+00 3.72100663e+00 2.48057675e+00 8.71414661e+00
  1.88284409e+00 6.75865650e+00 5.58428478e+00 3.14235520e+00
  1.66118264e+00 2.73858213e+00 1.74310493e+00 4.58138913e-01
  2.32547307e+00 4.54461527e+00 3.05677676e+00 0.00000000e+00
  6.03322327e-01 0.00000000e+00 3.29354143e+00 1.41988695e+00
  7.66989088e+00 0.00000000e+00 5.42568862e-01 5.73553145e-01
  3.70080680e-01 1.62585509e+00 2.91990685e+00 2.61113048e+00
  7.23705435e+00 2.37336710e-01 1.55571416e-01 3.41055870e+00
  6.22744560e-01 2.21864510e+00 2.54458690e+00 4.85720730e+00
  3.06071281e+00 4.16761827e+00 8.72034550e+00 3.53208184e-01
  2.10846281e+00 6.29420638e-01 4.20126390e+00 4.70201826e+00
  0.00000000e+00 2.14250517e+00 2.59813736e-03 8.78326416e-01
  0.00000000e+00 0.00000000e+00 1.70403254e+00 3.27662158e+00
  4.32772666e-01 5.16217518e+00 7.71209240e-01 5.56638050e+00
  4.20777225e+00 0.00000000e+00 1.26114225e+00 4.18973535e-01
  5.18376112e-01 5.66485167e-01 9.87165034e-01 7.10895348e+00
  0.00000000e+00 7.04986334e+00 4.80062626e-02 1.41985226e+00
  1.18172395e+00 4.46093231e-01 3.66734910e+00 4.95480728e+00
  5.50203025e-01 1.56527400e+00 9.92006397e+00 3.25748777e+00
  4.07701874e+00 5.83400190e-01 2.91427881e-01 1.08376389e+01
  1.66438997e+00 4.35778236e+00 5.74581432e+00 2.93479586e+00
  0.00000000e+00 1.66295052e+00 2.74612576e-01 4.13902253e-01
  2.65952539e+00 1.74122965e+00 3.96404719e+00 8.99644566e+00
  5.82130134e-01 5.00257730e+00 8.55248690e-01 1.04329392e-01
  9.11518097e+00 6.75121605e-01 5.55464447e-01 2.31122398e+00
  1.03313923e+00 5.73156881e+00 0.00000000e+00 7.28762436e+00
  3.64147735e+00 1.86656690e+00 1.38010129e-01 0.00000000e+00
  1.05192482e-01 1.53294764e+01 2.74123102e-01 6.09218538e-01
  9.18024731e+00 2.91468096e+00 1.38125110e+00 4.06036758e+00
  4.13587987e-01 9.15664482e+00 1.74552059e+00 8.04808617e+00
  1.52835894e+00 3.76720786e-01 0.00000000e+00 3.34097219e+00
  2.18355227e+00 3.56952786e+00 2.22319412e+00 6.95384145e-01
  0.00000000e+00 1.24256778e+00 0.00000000e+00 6.17038155e+00
  4.72869903e-01 1.82745934e-01 5.32614827e-01 2.08146665e-02
  2.33873582e+00 1.33472121e+00 2.45311522e+00 8.58979416e+00
  1.39072633e+00 9.95067284e-02 2.37093401e+00 0.00000000e+00
  6.20371675e+00 4.83916759e+00 1.41320229e+00 6.67214775e+00
  2.21969932e-01 1.47098982e+00 2.35902524e+00 1.01714146e+00
  4.21837616e+00 1.00230436e+01 2.95517302e+00 4.91021967e+00
  9.25460041e-01 0.00000000e+00 6.77872753e+00 6.44900656e+00
  1.52704811e+00 8.84074271e-02 7.58226585e+00 8.78273010e-01
  1.22085318e-01 4.03836107e+00 2.76207781e+00 6.14272594e-01
  1.96700835e+00 1.82643688e+00 7.86309624e+00 1.20367134e+00
  2.66113377e+00 1.65391960e+01 1.03294361e+00 4.31428099e+00
  5.23489296e-01 3.87167549e+00 4.06287193e+00 1.06428817e-01
  4.02255106e+00 4.23158407e+00 4.47298676e-01 7.58262110e+00
  7.40516961e-01 4.05707836e+00 8.84885073e-01 3.05409217e+00
  6.62710845e-01 1.07145796e+01 1.04638970e+00 4.36817825e-01
  1.42547399e-01 1.05710185e+00 8.47429657e+00 2.27968335e+00
  3.28000605e-01 0.00000000e+00 2.39226890e+00 1.25766611e+00
  1.47958076e+00 3.85931706e+00 1.69404125e+00 2.21618056e+00
  2.46389794e+00 4.13058615e+00 9.64241564e-01 1.11188419e-01
  5.90458930e-01 3.23402023e+00 4.66059351e+00 2.36658955e+00
  8.68378353e+00 6.46353197e+00 1.77368510e+00 3.08942389e+00
  5.67123556e+00 1.03532958e+00 1.14085984e+00 2.17858338e+00
  2.21664000e+00 7.60042518e-02 2.57585883e+00 4.63210630e+00
  2.55376625e+00 6.09490967e+00 3.51751804e+00 5.97266102e+00
  3.25409865e+00 7.69393349e+00 2.81042784e-01 2.47251558e+00
  2.63426185e+00 4.61888313e+00 2.27779126e+00 1.04271591e-01
  3.27499986e-01 1.65158093e+00 3.48305583e+00 0.00000000e+00
  1.69607174e+00 2.04909652e-01 0.00000000e+00 4.03331375e+00
  2.82030344e+00 4.13891137e-01 9.36768770e-01 3.49558783e+00
  6.55894327e+00 1.94207370e+00 4.97224140e+00 6.55081496e-02
  2.24236870e+00 4.21508408e+00 2.89983034e+00 1.11153543e+00
  1.75607693e+00 2.65203118e-01 4.12701935e-01 3.14332581e+00
  4.22432804e+00 8.48750114e+00 3.63829994e+00 4.20107460e+00
  1.25520241e+00 2.32272476e-01 6.18113565e+00 6.42789841e+00
  1.88352716e+00 1.57761550e+00 1.92862999e+00 9.94236916e-02
  4.02975035e+00 3.01317310e+00 3.20341468e+00 6.43469286e+00
  0.00000000e+00 1.26430929e+00 1.17384948e-01 0.00000000e+00
  4.24221325e+00 2.49013498e-01 4.21909428e+00 2.23221040e+00
  0.00000000e+00 1.29452648e+01 9.99317169e+00 1.91601503e+00
  1.76950142e-01 4.78375107e-01 3.77064610e+00 9.41686213e-01
  5.70008039e-01 1.64223567e-01 1.61221352e+01 0.00000000e+00
  3.56672454e+00 8.90483952e+00 1.38442278e+00 4.18146896e+00
  5.78973711e-01 0.00000000e+00 1.10924578e+00 1.80981338e+00
  2.14785814e+00 5.94645560e-01 1.00478830e+01 2.60301352e+00
  1.28054166e+00 5.53772151e-01 2.08161545e+00 1.67456579e+00
  2.99412966e+00 4.59078455e+00 5.97207165e+00 4.83029413e+00
  6.80457115e+00 2.76017237e+00 1.03355808e+01 5.16506195e-01
  1.69204390e+00 2.08223891e-02 4.76099432e-01 3.11963582e+00
  2.45372486e+00 2.57359004e+00 1.26316464e+00 1.36583567e+00
  2.83527136e+00 2.77196299e-02 0.00000000e+00 0.00000000e+00
  2.90351480e-01 2.53459692e+00 1.04027200e+00 4.80205178e-01
  2.59632972e-04 8.68386841e+00 1.63301992e+00 4.15108204e+00
  2.54992914e+00 7.06512481e-02 0.00000000e+00 1.88270283e+00
  1.12900019e+01 3.97448850e+00 1.46825469e+00 0.00000000e+00
  6.01247311e-01 6.21141100e+00 8.81120622e-01 1.38655603e+00
  3.77744399e-02 2.30219379e-01 2.66027188e+00 3.60001230e+00
  9.99811471e-01 6.54669237e+00 7.93394947e+00 4.52987432e-01
  1.05424280e+01 5.38356066e+00 7.93497562e+00 3.98730874e+00
  3.72293258e+00 6.60213375e+00 1.56197441e+00 3.20049338e-02
  1.85621023e-01 6.99952185e-01 1.69629502e+00 1.69961739e+00
  6.04630327e+00 2.07779908e+00 1.71676242e+00 1.13069749e+00
  5.56298208e+00 1.04636049e+00 2.09427524e+00 3.53623247e+00
  6.38347983e-01 1.80693114e+00 0.00000000e+00 5.33842516e+00
  2.54226089e+00 1.53054819e-01 4.27324867e+00 3.42265248e+00
  5.40336251e-01 3.18594837e+00 5.78040361e+00 3.94822788e+00
  1.72589928e-01 3.84945959e-01 1.99875736e+00 1.68276891e-01
  6.11968517e-01 2.49951768e+00 3.10282278e+00 2.01072621e+00
  4.00781727e+00 4.17689800e-01 1.79827356e+00 3.38927388e+00
  0.00000000e+00 4.06431407e-01 3.75438762e+00 1.82193398e+00
  3.14959145e+00 1.22978401e+00 7.90953159e-01 1.58433223e+00
  2.48337936e+00 1.14265847e+00 0.00000000e+00 1.92234612e+00
  3.20691913e-01 2.50685525e+00 1.29563749e+00 1.95379764e-01
  2.61610246e+00 1.46990821e-01 6.33561075e-01 7.01307774e+00
  2.57142335e-01 1.13584101e+00 5.12736797e+00 1.03322172e+00
  8.05012131e+00 3.04261684e-01 1.73878491e-01 1.63546109e+00
  1.94699502e+00 4.72407484e+00 4.93491113e-01 1.01405874e-01
  6.23215103e+00 3.15149355e+00 1.05865180e+00 1.90356600e+00
  5.25976457e-02 3.96821350e-01 1.49732545e-01 8.29477668e-01
  0.00000000e+00 4.27508444e-01 2.61093944e-01 6.11650407e-01
  3.68476033e+00 2.02966332e+00 1.12574780e+00 7.02234221e+00
  2.50683022e+00 4.73706198e+00 4.31614108e-02 1.12081933e+00
  2.05476642e-01 1.54554594e+00 5.02743053e+00 4.75961781e+00
  8.75514793e+00 3.87404382e-01 2.23304927e-01 3.79945564e+00
  0.00000000e+00 0.00000000e+00 2.87932467e+00 1.88313015e-02
  1.23385191e+00 1.80988634e+00 1.81548703e+00 4.89773083e+00
  1.16602492e+00 1.13506019e+00 8.19980621e+00 1.11457407e+00
  1.34112453e+00 7.58131790e+00 4.09526205e+00 5.52129805e-01
  1.05003090e+01 2.56257820e+00 4.58224386e-01 6.55560732e-01
  2.19814873e+00 2.95744333e-02 9.53248787e+00 1.81671202e+00
  4.09626544e-01 1.21809781e+00 2.36446667e+00 3.91322327e+00]]