[[3.41973472e+00 1.03501511e+00 5.57183838e+00 0.00000000e+00
  3.16539907e+00 5.41274834e+00 7.40802765e+00 0.00000000e+00
  3.54055792e-01 8.14007473e+00 5.51627254e+00 2.33321294e-01
  5.32903290e+00 3.94694209e+00 2.24449325e+00 1.76068830e+00
  0.00000000e+00 3.42198968e-01 0.00000000e+00 1.34596682e+01
  7.89402485e+00 8.53884792e+00 7.05956841e+00 1.21634221e+00
  5.56362458e-02 6.31302834e+00 6.95904374e-01 2.85174036e+00
  5.52013779e+00 6.24712527e-01 6.33421123e-01 1.12035923e+01
  0.00000000e+00 3.09514970e-01 6.42134011e-01 9.35410881e+00
  5.67384720e+00 5.86203814e-01 7.41188717e+00 3.39024115e+00
  7.71983683e-01 5.08796871e-01 8.94418657e-01 1.73565614e+00
  1.05581093e+00 3.07381880e-02 3.62158394e+00 1.12522287e+01
  9.76213932e-01 3.64931774e+00 0.00000000e+00 8.59433785e-03
  7.83887684e-01 5.40996647e+00 1.21911335e+00 4.47760016e-01
  3.32369375e+00 4.94707060e+00 2.64787388e+00 0.00000000e+00
  2.14882582e-01 7.11601555e-01 5.54633045e+00 7.88772726e+00
  1.98266125e+00 6.06525004e-01 1.51392615e+00 7.99510360e-01
  4.58171457e-01 5.78311503e-01 8.48938227e-01 3.37463164e+00
  0.00000000e+00 8.69843006e+00 2.63070869e+00 1.57830822e+00
  8.90509069e-01 0.00000000e+00 5.00801742e-01 3.15889788e+00
  0.00000000e+00 2.22004843e+00 6.22278166e+00 2.72427154e+00
  3.23155299e-02 3.86141038e+00 0.00000000e+00 1.75885722e-01
  2.95487046e+00 7.95526981e-01 2.53327465e+00 4.22370166e-01
  3.76748896e+00 3.93977642e+00 6.23291492e-01 9.11157310e-01
  1.73236001e+00 3.10813212e+00 3.69297266e+00 8.46275330e+00
  1.25927731e-01 9.18017292e+00 1.20202713e+01 4.33880043e+00
  2.56209397e+00 1.37492940e-01 2.63140535e+00 5.99243820e-01
  7.69782782e-01 5.02960920e-01 2.85117197e+00 3.38546324e+00
  4.96621370e-01 2.41553831e+00 4.72974825e+00 4.66432542e-01
  6.09825420e+00 1.26106195e+01 1.40928831e-02 4.95741892e+00
  3.97014141e-01 1.22713411e+00 0.00000000e+00 8.40203094e+00
  0.00000000e+00 2.52532268e+00 0.00000000e+00 4.92856838e-02
  2.41996956e+00 6.29383278e+00 0.00000000e+00 0.00000000e+00
  9.16717625e+00 2.65396237e+00 2.65319109e+00 1.72616827e+00
  5.69209635e-01 2.59203196e+00 2.27449208e-01 2.38752365e+01
  2.04748705e-01 3.50609988e-01 0.00000000e+00 1.20110092e+01
  5.57840168e-01 4.45587969e+00 6.83877373e+00 6.37008333e+00
  0.00000000e+00 4.93417323e-01 3.00009966e+00 0.00000000e+00
  1.31268466e+00 1.67677820e-01 2.05720258e+00 2.64348364e+00
  2.32347417e+00 4.56326771e+00 2.73050964e-01 3.56422234e+00
  2.55309463e-01 1.50486696e+00 9.39220524e+00 6.13113451e+00
  5.18773174e+00 9.28181708e-01 0.00000000e+00 1.21106422e+00
  5.66005036e-02 3.12749052e+00 1.41455805e+00 4.03398648e-03
  1.05640182e+01 9.01748657e-01 0.00000000e+00 8.76839876e-01
  0.00000000e+00 4.67381668e+00 1.24654016e+01 2.65163469e+00
  3.57279468e+00 1.37406659e+00 2.29040456e+00 3.51477474e-01
  0.00000000e+00 8.38890493e-01 1.05606532e+00 0.00000000e+00
  9.97279525e-01 1.94680238e+00 1.17358274e+01 0.00000000e+00
  0.00000000e+00 2.05796242e+01 3.25767946e+00 4.76098967e+00
  0.00000000e+00 1.02723837e+00 3.72847766e-01 5.63084841e-01
  5.12548971e+00 1.02901182e+01 2.97615767e+00 9.51205969e-01
  6.78006601e+00 1.91520321e+00 0.00000000e+00 2.44353846e-01
  0.00000000e+00 6.49565649e+00 5.45643926e-01 8.24830174e-01
  8.94107223e-01 9.29164505e+00 1.18633962e+00 4.00683355e+00
  1.71576548e+00 1.84282279e+00 1.16442275e+00 3.78063464e+00
  3.70060706e+00 7.50633574e+00 1.06861556e+00 9.79931474e-01
  3.54801965e+00 1.04360676e+00 1.46369541e+00 8.01128149e-01
  0.00000000e+00 1.51683438e+00 9.65488374e-01 1.97683799e+00
  4.60814285e+00 2.43118119e+00 9.45470929e-01 7.34490347e+00
  9.79805851e+00 3.61862493e+00 4.34778881e+00 6.34346783e-01
  1.89628971e+00 0.00000000e+00 2.64194441e+00 2.56980389e-01
  3.72236855e-02 7.30646133e+00 6.50936556e+00 0.00000000e+00
  6.67160511e-01 8.18793011e+00 1.03226385e+01 3.37801123e+00
  3.65365744e-01 1.98757207e+00 1.85791230e+00 0.00000000e+00
  3.31740999e+00 1.82890224e+00 7.12116861e+00 7.21312881e-01
  1.19750273e+00 0.00000000e+00 0.00000000e+00 3.29218817e+00
  4.09167147e+00 6.40436530e-01 1.34905565e+00 1.17570782e+00
  4.69425201e+00 0.00000000e+00 3.16728830e+00 3.59718657e+00
  1.54226530e+00 3.87423062e+00 2.99670720e+00 8.73745561e-01
  6.19408607e+00 0.00000000e+00 3.96309286e-01 3.71285737e-01
  6.51163054e+00 8.61938775e-01 4.15114927e+00 1.56997085e+00
  2.62000132e+00 0.00000000e+00 1.19152510e+00 9.64867413e-01
  5.41980171e+00 2.15007448e+00 2.72211599e+00 4.62989902e+00
  0.00000000e+00 2.13371110e+00 2.96299338e+00 2.54457521e+00
  9.65832949e-01 2.15854838e-01 2.53359056e+00 0.00000000e+00
  2.34701385e+01 3.44829178e+00 5.17193556e-01 4.29764718e-01
  2.15287074e-01 8.74068022e-01 7.63146544e+00 3.73199844e+00
  6.27851200e+00 4.75488633e-01 2.75261855e+00 1.42660475e+00
  1.75704229e+00 3.57149839e+00 8.37521362e+00 0.00000000e+00
  1.10168874e+00 1.03610706e+01 1.40833974e-01 8.88176155e+00
  2.93517057e-02 6.33244467e+00 4.25528669e+00 4.73600745e-01
  2.92005992e+00 9.19111967e-01 9.06214905e+00 0.00000000e+00
  2.20084715e+00 8.82298291e-01 2.06952080e-01 4.33358097e+00
  1.55832887e+00 7.29989111e-02 5.21841955e+00 7.69082642e+00
  4.96365356e+00 5.71443033e+00 5.27610445e+00 3.12744117e+00
  5.16309071e+00 0.00000000e+00 0.00000000e+00 8.81215096e+00
  1.08901381e+00 3.58144134e-01 1.45000756e+00 3.03957731e-01
  1.03368652e+00 8.38272423e-02 0.00000000e+00 0.00000000e+00
  7.21422672e-01 1.78812528e+00 2.25910068e-01 4.88130711e-02
  0.00000000e+00 1.64923172e+01 9.06224442e+00 3.71805334e+00
  7.18354750e+00 0.00000000e+00 2.87995547e-01 1.49251795e+01
  9.84504509e+00 6.12585723e-01 2.39774818e+01 5.65132093e+00
  1.89880710e-02 9.94824409e+00 6.81794703e-01 1.43333897e-02
  4.43041515e+00 2.09748340e+00 4.27931595e+00 1.72899663e+00
  4.68386523e-02 3.05725504e-02 0.00000000e+00 3.39463615e+00
  1.93021142e+00 5.03851891e+00 8.77706930e-02 5.54553699e+00
  2.54938698e+00 7.89990664e-01 7.01395452e-01 1.56543446e+00
  2.34476566e+00 1.64744587e+01 1.71854448e+00 3.56197333e+00
  1.68713391e+00 4.42040157e+00 4.75838184e-01 3.92557669e+00
  4.58284283e+00 2.23475933e+00 4.05701160e+00 3.54487509e-01
  1.35011911e+00 2.08439865e+01 2.69805878e-01 2.03057728e+01
  7.00982857e+00 1.88430846e-01 0.00000000e+00 4.60205287e-01
  8.07940197e+00 0.00000000e+00 7.03664398e+00 2.94503355e+00
  0.00000000e+00 0.00000000e+00 1.29765797e+00 0.00000000e+00
  0.00000000e+00 4.76736873e-01 4.63791251e-01 3.31852078e+00
  7.69972146e-01 2.11961716e-02 0.00000000e+00 1.72101891e+00
  5.03996968e-01 3.11373115e+00 2.96983838e+00 4.19054842e+00
  7.81850767e+00 1.16423249e+00 7.44150782e+00 4.30595487e-01
  1.65973816e+01 2.14632422e-01 1.23088908e+00 1.33940754e+01
  1.16632007e-01 1.12711506e+01 7.95286670e-02 5.65703847e-02
  0.00000000e+00 0.00000000e+00 4.80311483e-01 1.71727867e+01
  2.02161336e+00 3.29754084e-01 3.30843377e+00 1.37232220e+00
  2.48050976e+00 1.76543784e+00 7.57539928e-01 4.26013947e+00
  2.55800200e+00 1.20184445e+00 2.87946343e+00 0.00000000e+00
  2.77223229e+00 4.96475458e+00 2.23770738e+00 8.05788517e+00
  3.12523270e+00 2.28317356e+00 3.39521861e+00 1.95284510e+00
  3.68280917e-01 7.58302784e+00 2.52485245e-01 2.81012118e-01
  1.13679028e+00 8.88602495e-01 5.33108711e+00 1.92064977e+00
  1.15445435e+00 2.55773878e+00 3.60016257e-01 3.49496245e+00
  1.66893196e+00 2.22630903e-01 6.10650182e-02 9.35050666e-01
  1.71320403e+00 0.00000000e+00 1.02938041e-01 2.06667972e+00
  2.07112694e+00 0.00000000e+00 2.11840129e+00 0.00000000e+00
  0.00000000e+00 2.09032154e+00 6.65901566e+00 1.19602003e+01
  0.00000000e+00 1.74357188e+00 8.07771087e-01 2.38620058e-01
  1.20572844e+01 1.88113320e+00 4.88176078e-01 5.71822584e-01
  2.55599046e+00 6.66775048e-01 0.00000000e+00 2.94914532e+00
  2.26917911e+00 2.49625158e+00 3.11581397e+00 5.85878849e+00
  1.40118146e+00 7.67099261e-01 1.75854170e+00 5.65560675e+00]]