[[4.8089474e-01 0.0000000e+00 1.1476810e+00 3.4085792e-01 8.7673903e-01
  3.1544206e+00 1.9494253e+00 2.3457842e+00 8.3936572e-01 2.0881798e+00
  9.6193826e-01 1.7947239e+00 2.7936039e+00 2.8863779e-01 1.7348311e+00
  1.4047651e+00 0.0000000e+00 3.1866300e+00 0.0000000e+00 3.1294961e+00
  1.5184836e+00 6.3402858e+00 3.3814116e+00 1.6574019e+00 1.0654902e+00
  4.3895931e+00 2.5952504e+00 9.8065358e-01 1.9175917e+00 1.7897303e+00
  6.2222630e-01 1.0679554e-01 1.3738246e+00 3.0827689e+00 2.8192549e+00
  2.2494908e-01 1.7650998e+00 6.1785907e-01 5.2434144e+00 1.7411895e+00
  1.3681738e+00 5.6296082e+00 2.8071067e+00 5.1137810e+00 5.3432580e-02
  1.2839657e+00 3.0114441e+00 2.3365870e+00 2.8829393e+00 1.6157377e-01
  2.0793006e+00 7.3204595e-01 5.7439916e-02 7.3114544e-01 4.2763157e+00
  7.2608209e-01 6.8497762e-02 3.1121802e+00 1.5063971e+00 0.0000000e+00
  1.3319112e+00 5.6440372e+00 5.5157833e+00 4.2853932e+00 5.8347958e-01
  2.4120283e+00 8.1556469e-01 4.9433684e-01 9.3119109e-01 7.4803948e-01
  7.5640965e-01 2.1454263e+00 3.8532634e+00 2.7432089e+00 9.9368095e-03
  3.4276824e+00 6.3586622e-01 8.7219501e-01 2.3316267e+00 7.9955137e-01
  1.7831889e+00 5.7111287e+00 4.5018263e+00 6.4039904e-01 8.1138021e-01
  6.5033932e+00 4.0383655e-01 1.0320557e+00 2.1506600e+00 3.3546701e-02
  3.9025891e+00 8.6989756e+00 5.1961362e-01 7.1115913e+00 1.9645407e+00
  4.5569089e-01 7.8693408e-01 1.2461543e+00 4.0834856e+00 2.3244684e+00
  6.1081138e+00 1.7100316e+00 9.5761509e+00 7.4119473e+00 0.0000000e+00
  1.2936143e+00 5.9278804e-01 4.6274824e+00 4.5594168e+00 4.4029007e+00
  2.7499321e+00 2.1401675e+00 4.2216846e-01 1.5386122e+00 0.0000000e+00
  9.4745535e-01 3.6042528e+00 1.0417354e+00 5.5976355e-01 1.4615219e+00
  0.0000000e+00 4.7676263e+00 0.0000000e+00 3.5447867e+00 2.4700365e+00
  5.0724573e+00 0.0000000e+00 3.2582879e-01 1.6085575e+00 1.4360902e+01
  4.8622310e-01 8.3996207e-01 1.5747960e+01 1.1535218e+00 3.0885980e-01
  2.3422472e-01 3.7025696e-01 1.1669456e+00 2.3448324e+00 0.0000000e+00
  8.1257308e-01 1.0120018e+00 0.0000000e+00 3.7923294e-01 5.3736534e+00
  7.9943991e-01 1.1896460e+01 6.8383366e-01 0.0000000e+00 1.8327913e+00
  5.0320721e-01 2.6192573e-01 7.7665651e-01 6.0758078e-01 3.8826472e-01
  1.7392948e-01 5.4106140e-01 7.4894180e+00 8.5831828e-02 1.2754567e+00
  8.2827145e-01 1.0823083e+00 2.4136810e+00 1.4934786e-01 2.2501285e+00
  1.4028989e-01 1.0744516e+00 3.9208727e+00 1.1177560e+00 2.4525874e+00
  3.1160026e+00 3.3115423e-01 8.4944735e+00 2.5547671e-01 1.9494991e+00
  2.0269794e+00 2.6317019e+00 0.0000000e+00 6.2433410e+00 1.6240885e+00
  8.0273497e-01 9.6673584e-01 3.3843265e+00 1.5534304e-01 1.5180922e+00
  1.1894342e+00 1.3921839e+00 1.9420732e+00 6.3837833e+00 3.3136284e+00
  8.8474407e+00 9.5642728e-01 1.2353145e+00 1.3371205e+00 4.5620470e+00
  4.6954837e-02 7.7104980e-01 1.2724328e+01 4.3849115e+00 5.5470335e-01
  6.7651100e+00 0.0000000e+00 2.0639965e-01 2.4035444e+00 2.8978040e+00
  3.3321662e+00 0.0000000e+00 2.9012272e-01 9.9841893e-01 1.5996801e+01
  7.2347715e-02 5.0600749e-01 1.5791993e-01 2.8028741e+00 1.2834530e+00
  5.8240156e+00 0.0000000e+00 5.5149665e+00 1.7342317e+00 2.2314725e+00
  2.7189634e+00 5.2577257e+00 5.8990479e+00 2.1245518e+00 2.0716689e+00
  3.8209298e+00 5.4331279e-01 2.9180402e-01 1.0080650e-01 7.3020142e-01
  1.6215934e+00 1.6178751e+00 1.2653490e+00 3.2695484e+00 3.0450878e+00
  2.9241719e+00 1.5436509e-01 1.8507186e+00 9.6913218e-01 3.5670106e+00
  4.0323409e-01 0.0000000e+00 1.2815672e+00 1.1501430e+00 1.1497269e+00
  8.2311888e+00 7.2371950e+00 2.1037085e+00 5.9794531e+00 1.1174207e+00
  2.1390991e+00 2.4570851e+00 1.5877502e+00 6.9428754e-01 1.8706473e+00
  2.3716810e-01 1.7694232e-01 3.5618162e+00 3.0570676e+00 4.6995038e-01
  5.5757461e+00 0.0000000e+00 0.0000000e+00 5.0817938e+00 1.1063784e+00
  3.9859011e+00 1.1068241e-01 4.4472504e+00 1.5274857e+00 8.6733848e-01
  5.6419621e+00 0.0000000e+00 4.7635608e+00 2.7071683e+00 4.8163390e+00
  1.2505342e+00 5.5322280e+00 1.7638612e-01 4.2702138e-01 2.2319324e-01
  3.5111971e+00 4.5807362e+00 1.4801002e+00 2.5972289e-01 4.6162782e+00
  4.1372958e-01 2.7433310e+00 2.0729356e+00 2.4750755e+00 6.4715304e+00
  1.6264629e-02 0.0000000e+00 8.0479431e+00 8.7499809e+00 5.2651687e+00
  1.6142945e+00 0.0000000e+00 6.6901857e-01 5.0111301e-03 1.2034166e-02
  9.8212078e-02 2.3049712e-01 6.1111526e+00 0.0000000e+00 2.3323040e+00
  7.9806433e+00 5.8706007e+00 5.4029506e-01 2.2919679e-01 0.0000000e+00
  4.8894687e+00 4.3395710e+00 1.7583408e+00 1.5504751e+00 2.2230685e+00
  9.9843639e-01 1.0360566e+00 4.0797291e+00 8.1747335e-01 6.0093975e-01
  4.6510723e-01 6.2694807e+00 1.5669163e+00 4.5518346e+00 3.3431821e+00
  1.0582982e+00 5.7436886e+00 2.3864994e+00 1.2098027e+00 0.0000000e+00
  6.3573408e-01 1.8109126e+00 2.9760540e+00 2.2579364e-01 4.3583412e+00
  6.8840556e+00 6.7148924e+00 4.0234776e+00 8.7187219e-01 1.1181524e+00
  3.4599438e+00 2.1358106e+00 2.7944009e+00 2.2540855e+00 2.4598513e+00
  5.2171330e+00 3.3707519e+00 2.7323332e+00 2.5729177e+00 1.8685760e+00
  5.7108557e-01 7.2662508e-01 5.2879745e-01 3.1993580e+00 1.5482448e+00
  1.4156483e-01 0.0000000e+00 2.2030661e+00 2.5777277e-01 3.9005369e-01
  1.1247891e+01 9.1560967e-02 1.8081194e-01 1.9522791e+00 7.3503232e+00
  4.4552588e-01 4.0559396e-01 5.6494850e-01 1.3174249e-01 4.6363754e+00
  1.0384364e+00 1.2486162e+00 4.6847672e+00 2.0425851e+00 6.6852194e-01
  5.4813021e-01 1.8718680e+00 5.8962669e+00 3.4947834e+00 5.3931293e+00
  3.8248024e+00 1.2953714e+00 1.1604675e+00 1.7492753e+00 1.2172098e+00
  7.5182450e-01 1.8685950e+00 1.3797960e-01 1.1727227e+00 2.0467098e-01
  3.2789621e+00 7.1264973e+00 1.3318019e+00 2.9427836e+00 2.6664472e-01
  3.4354625e+00 1.2302967e+00 9.8144156e-01 3.9552975e+00 5.9643316e-01
  1.7221171e+00 4.8074217e+00 4.8034782e+00 1.8949093e+00 8.1607475e+00
  5.3991860e-01 3.8339728e-01 7.9879433e-01 2.1296568e+00 1.0946681e+00
  2.2151403e+00 6.5764260e-01 7.0994511e-02 1.9392891e-01 1.7737439e-01
  1.8972766e+00 3.8119731e+00 3.6954129e-01 1.4525333e-03 3.9509850e+00
  5.7268085e+00 0.0000000e+00 3.5172534e+00 6.8560591e+00 0.0000000e+00
  9.5498127e-01 2.6461122e+00 2.1150861e+00 1.5752553e+00 4.7333166e-01
  0.0000000e+00 3.6278963e-02 1.2907052e+01 4.2855697e+00 2.9030806e-01
  1.5791413e+00 2.3588352e-01 0.0000000e+00 2.0998675e-01 8.2556480e-01
  9.3459678e-01 2.1851078e-01 1.9824776e-01 0.0000000e+00 6.2916803e-01
  9.5857382e-01 6.2878716e-01 1.1834279e+00 1.2574239e+00 5.4473370e-01
  4.8104745e-01 1.3448907e+00 8.5685188e-01 2.0621789e+00 6.9517136e+00
  1.1994380e-01 1.1950165e+00 9.8081082e-01 1.2701372e+00 6.6235957e+00
  3.7089157e-01 2.4185212e+00 1.3601637e+00 1.6809155e+00 2.2726956e-01
  1.3721490e-02 2.0995729e-02 2.2396771e-02 3.1130490e+00 2.2005346e+00
  1.3464569e+00 2.8647683e+00 6.3141522e+00 6.2540998e+00 0.0000000e+00
  3.3545704e+00 8.4305245e-01 2.2008216e+00 9.6626015e+00 1.7385131e+00
  3.3876252e-01 4.0526738e+00 1.4492915e+00 3.0478041e+00 0.0000000e+00
  4.3948808e+00 4.0435821e-01 2.0158601e-01 3.2880425e+00 3.0968468e+00
  1.1799666e+00 4.9367309e+00 5.4293245e-02 4.6004295e-01 2.5815706e+00
  1.1523534e+00 8.5028992e+00 3.9053490e+00 1.0789846e+00 6.5949416e+00
  2.6980538e+00 1.6203369e+00 5.2441692e-01 1.2886707e-01 6.3137811e-01
  1.5371412e-01 2.2157590e+00 5.2172667e-01 3.0271904e+00 1.1535224e+00
  2.7094932e+00 5.3953695e+00]]