[[1.27971816e+00 0.00000000e+00 4.48982894e-01 4.16302502e-01
  1.49311463e-03 1.11726046e+01 3.85421515e+00 3.64392966e-01
  6.93672466e+00 1.87517440e+00 9.04881120e-01 3.75007653e+00
  4.73539400e+00 1.60484111e+00 8.02899837e-01 6.42985010e+00
  0.00000000e+00 7.40461469e-01 2.24162173e+00 2.48288703e+00
  6.42818153e-01 8.33495617e+00 1.17928147e+00 3.01981235e+00
  7.86335945e-01 5.03711319e+00 1.03640270e+00 0.00000000e+00
  1.71452850e-01 0.00000000e+00 5.29088855e-01 2.92221880e+00
  9.85269070e-01 7.73556709e+00 0.00000000e+00 1.28116798e+00
  7.20447004e-01 0.00000000e+00 5.97361851e+00 1.88151300e+00
  1.35598183e+01 4.19879138e-01 1.92658544e+00 2.78183079e+00
  1.20434105e+00 0.00000000e+00 3.99435115e+00 4.64588356e+00
  1.32980347e+00 8.22372150e+00 4.31554765e-01 4.64580022e-03
  4.04089652e-02 3.58814836e+00 2.90501714e+00 6.54476643e-01
  1.70690501e+00 7.79047012e+00 1.80359209e+00 0.00000000e+00
  2.57846761e+00 3.82067025e-01 5.71345377e+00 2.13576579e+00
  7.98984289e-01 9.29533362e-01 5.23085546e+00 4.60751915e+00
  2.57054567e-01 2.65307808e+00 4.25607824e+00 1.93012917e+00
  6.52897358e-01 2.50715518e+00 9.53015208e-01 0.00000000e+00
  5.35579249e-02 3.89697641e-01 1.37999803e-01 4.78339434e+00
  1.04383302e+00 3.93392634e+00 4.55283141e-03 2.55685393e-02
  1.41281635e-01 4.28340530e+00 7.13370442e-01 8.61275569e-02
  1.39115036e+00 1.56312716e+00 2.93684101e+00 6.82775617e-01
  0.00000000e+00 1.37567949e+00 2.66698503e+00 5.90988457e-01
  6.57619089e-02 3.47645402e+00 3.01108074e+00 6.69914103e+00
  2.23182797e-01 2.35420036e+00 1.24886923e+01 4.35162640e+00
  2.20113676e-02 0.00000000e+00 8.23332548e-01 0.00000000e+00
  0.00000000e+00 5.34340620e-01 8.94310832e-01 7.07759428e+00
  8.16382654e-03 9.51216316e+00 1.85396880e-01 2.57236898e-01
  6.10565042e+00 4.76106739e+00 4.63844252e+00 3.09532070e+00
  1.54867675e-02 5.23445368e-01 0.00000000e+00 5.28641748e+00
  0.00000000e+00 3.42270911e-01 0.00000000e+00 0.00000000e+00
  1.47311640e+00 6.21540546e+00 9.43230242e-02 0.00000000e+00
  1.79285574e+00 5.14972746e-01 2.46081203e-01 1.90353072e+00
  0.00000000e+00 0.00000000e+00 8.77573109e+00 4.02472794e-01
  1.90730900e-01 1.64486226e-02 7.33908296e-01 1.79451787e+00
  1.38838792e+00 1.43125606e+00 2.02008963e+00 0.00000000e+00
  8.72495234e-01 7.17038155e-01 1.25321321e+01 2.95497090e-01
  9.55177546e-01 0.00000000e+00 9.83314037e-01 1.48550522e+00
  8.88553023e-01 7.25861609e-01 2.43026352e+00 2.09910776e-02
  9.87760484e-01 1.11711121e+00 4.86578035e+00 2.25149226e+00
  8.25360584e+00 1.63926649e+00 1.83853701e-01 5.50050449e+00
  7.60213196e-01 5.26985645e+00 5.98442972e-01 0.00000000e+00
  6.04489899e+00 7.15576935e+00 9.57753778e-01 4.71651888e+00
  0.00000000e+00 1.77812845e-01 1.03548431e+01 2.76885462e+00
  4.75172186e+00 5.62824547e-01 5.97148180e+00 2.31655426e-02
  3.14580202e-01 4.90918207e+00 7.53340244e+00 1.51780680e-01
  3.54155588e+00 8.30556154e-01 2.85172749e+00 0.00000000e+00
  1.40410221e+00 8.46864223e+00 1.85892731e-02 0.00000000e+00
  0.00000000e+00 5.84230781e-01 1.33650735e-01 0.00000000e+00
  2.95576262e+00 0.00000000e+00 1.35531411e-01 6.32408559e-02
  4.62247133e-01 3.16063732e-01 4.15949404e-01 1.33595192e+00
  0.00000000e+00 1.28459101e+01 5.24853277e+00 1.01958609e+00
  2.24160120e-01 1.52354431e+00 4.56200182e-01 4.20834631e-01
  0.00000000e+00 7.97437072e-01 3.53938103e+00 5.13193035e+00
  5.15376425e+00 9.32866096e+00 3.05771679e-01 3.77483630e+00
  9.51867104e-01 1.35124171e+00 1.41193464e-01 0.00000000e+00
  4.39491808e-01 3.64407229e+00 9.20295715e-01 2.22728062e+00
  2.32983828e+00 3.27158833e+00 2.08527923e+00 9.79798794e-01
  1.63415357e-01 4.21536112e+00 4.94538128e-01 3.49500036e+00
  6.05996430e-01 1.75136179e-01 2.67759013e+00 1.70820630e+00
  3.93762136e+00 1.34615250e+01 9.20291615e+00 5.12894750e-01
  4.41661596e+00 1.61844686e-01 1.95993412e+00 9.05169368e-01
  1.61704099e+00 1.53591907e+00 1.97302723e+00 2.61522841e+00
  5.33512771e-01 9.29226208e+00 5.14486742e+00 0.00000000e+00
  0.00000000e+00 2.58852029e-04 4.57318634e-01 2.69973248e-01
  4.91137886e+00 6.72163439e+00 6.00987561e-02 6.31772184e+00
  3.02584743e+00 1.73582089e+00 7.94896984e+00 0.00000000e+00
  6.18452489e-01 8.57562160e+00 1.11079919e+00 1.51925504e+00
  1.01190214e+01 0.00000000e+00 1.19978952e+00 4.57664347e+00
  6.57581568e+00 5.12492085e+00 1.31349421e+01 4.53219302e-02
  4.51298475e+00 5.72507642e-02 1.18325436e+00 0.00000000e+00
  1.80134523e+00 5.66101027e+00 0.00000000e+00 1.40356290e+00
  2.14230537e+00 6.04378080e+00 4.72995329e+00 0.00000000e+00
  3.13531518e-01 1.85719764e+00 0.00000000e+00 0.00000000e+00
  4.23369074e+00 3.92498001e-02 2.57848692e+00 3.92979532e-01
  1.50114261e-02 3.13547909e-01 3.68562818e+00 3.12517571e+00
  2.22518539e+00 0.00000000e+00 7.16526270e-01 3.00971699e+00
  1.26305223e-01 6.95689842e-02 4.21240997e+00 1.98124909e+00
  3.48418093e+00 8.17677116e+00 1.28366995e+00 1.87542963e+00
  1.72546554e+00 4.19651955e-01 3.79371643e+00 2.97137618e-01
  8.38862956e-01 5.98673153e+00 6.68336344e+00 0.00000000e+00
  0.00000000e+00 0.00000000e+00 8.69025216e-02 2.22731090e+00
  2.58112359e+00 1.78108621e+00 1.02083759e+01 1.24348772e+00
  1.01800323e+00 9.95759296e+00 6.59689665e+00 1.32467759e+00
  0.00000000e+00 6.27850220e-02 9.53043580e-01 2.05285120e+00
  1.10064137e+00 4.64298439e+00 1.28164577e+00 0.00000000e+00
  1.55656743e+00 8.82364154e-01 6.56033039e-01 1.34443521e-01
  0.00000000e+00 9.11509514e-01 5.70456386e-01 1.37621009e+00
  3.36578250e+00 5.41800117e+00 7.53408194e+00 2.84059674e-01
  1.99457417e+01 0.00000000e+00 5.22258568e+00 2.00406122e+00
  1.53887424e+01 3.17247629e+00 3.81407070e+00 2.30507588e+00
  2.53912043e-02 1.33340645e+00 1.30781591e+00 8.66424501e-01
  3.25539660e+00 9.71803367e-01 0.00000000e+00 6.10188770e+00
  1.19727004e+00 3.83974075e+00 0.00000000e+00 5.56129217e+00
  7.00907421e+00 8.66806507e-01 4.03464288e-01 7.15795040e-01
  1.65570128e+00 4.16829681e+00 1.18501019e+00 0.00000000e+00
  1.27598226e+00 2.70446062e+00 1.20454776e+00 3.57505226e+00
  8.47861707e-01 6.74501801e+00 0.00000000e+00 2.27679634e+00
  6.32276392e+00 3.10191369e+00 4.69784164e+00 1.65972555e+00
  7.97689021e-01 5.65775919e+00 0.00000000e+00 1.06441374e+01
  1.75945568e+00 3.39085197e+00 4.39580619e-01 1.54103196e+00
  8.03079545e-01 5.24680758e+00 7.43621826e+00 1.43604028e+00
  0.00000000e+00 1.58351198e-01 2.86939287e+00 0.00000000e+00
  1.43973386e+00 3.49301994e-01 0.00000000e+00 2.03013682e+00
  2.11335555e-01 5.15533209e-01 1.82761800e+00 5.52229452e+00
  0.00000000e+00 3.70780081e-01 1.37626052e+00 1.15550079e+01
  2.18897820e+00 0.00000000e+00 1.89270541e-01 7.35891223e-01
  7.00709248e+00 2.09852052e+00 1.90435994e+00 1.57451296e+01
  2.47333795e-01 4.09567261e+00 1.87661099e+00 1.57803452e+00
  0.00000000e+00 0.00000000e+00 2.74523354e+00 1.20968246e+01
  1.01437271e+00 1.00042067e-01 1.43822110e+00 1.63147047e-01
  6.81181848e-01 4.01142210e-01 2.09391093e+00 5.38681149e-01
  1.25979018e+00 1.75566459e+00 7.21478224e+00 2.51380897e+00
  3.39223003e+00 5.91573715e+00 1.81539491e-01 4.11157990e+00
  5.50483465e+00 2.51966810e+00 0.00000000e+00 1.80595541e+00
  0.00000000e+00 0.00000000e+00 3.01459074e-01 2.28962469e+00
  4.42425549e-01 1.01239912e-01 1.43923736e+00 2.06679082e+00
  2.11404696e-01 1.53546238e+01 0.00000000e+00 1.75454661e-01
  1.73332405e+00 0.00000000e+00 2.74278355e+00 1.95487130e+00
  0.00000000e+00 1.80908716e+00 2.01781929e-01 3.00650835e+00
  1.61597177e-01 9.01825964e-01 4.24037313e+00 0.00000000e+00
  8.65577936e-01 0.00000000e+00 1.36892235e+00 1.06700584e-02
  2.08142328e+00 7.47266865e+00 2.59652529e-02 8.67341280e-01
  4.11935282e+00 1.01501637e+01 5.22653908e-02 1.71993351e+00
  9.49512863e+00 1.21909320e-01 2.15869602e-02 6.06535006e+00
  6.99474633e-01 2.18156099e+00 1.20336885e+01 3.68672514e+00
  3.83473188e-01 7.22837865e-01 9.61085558e-01 1.58703697e+00]]