[[9.19378340e-01 7.60565996e-01 2.59474182e+00 1.45330310e+00
  9.38889086e-01 1.20196419e+01 4.86638641e+00 1.30192566e+00
  6.46461725e-01 4.09888268e+00 2.82592988e+00 5.70625067e-01
  7.89204359e+00 2.19772458e+00 0.00000000e+00 5.11083698e+00
  0.00000000e+00 2.95195007e+00 2.15892768e+00 2.39670801e+00
  1.36175841e-01 9.75784874e+00 1.50568187e-01 5.26780725e-01
  8.20529401e-01 4.78648281e+00 1.39488113e+00 2.36993957e+00
  3.98033357e+00 7.38223195e-01 8.92039537e-01 1.21846857e+01
  3.07170343e+00 1.08740020e+00 1.76410353e+00 5.64498711e+00
  6.29964399e+00 8.22782874e-01 2.09456396e+00 8.57001781e-01
  2.78029041e+01 1.02102435e+00 1.18695962e+00 1.41945660e+00
  8.60457063e-01 1.16495705e+00 7.17655420e+00 4.84228897e+00
  3.12474155e+00 1.01275997e+01 4.30840075e-01 5.30285776e-01
  0.00000000e+00 8.55131328e-01 6.46418691e-01 1.49054170e-01
  3.07756329e+00 7.15931845e+00 4.05125046e+00 5.15409946e-01
  4.06021774e-01 8.37484717e-01 4.48529541e-01 8.13141537e+00
  3.55289161e-01 7.57840967e+00 1.05794029e+01 1.23255980e+00
  1.41710615e+00 5.82319546e+00 2.36344481e+00 4.10089064e+00
  0.00000000e+00 8.80479240e+00 4.40377474e+00 0.00000000e+00
  2.25631189e+00 5.07659960e+00 3.88722509e-01 1.70566523e+00
  8.34348023e-01 2.06620765e+00 1.49329948e+00 1.20009029e+00
  2.54940260e-02 1.07198250e+00 2.87732172e+00 1.97569275e+00
  2.38544631e+00 7.04858875e+00 4.15026712e+00 4.80110741e+00
  7.58191705e-01 2.70075989e+00 2.17394829e-01 3.14375281e-01
  4.69094217e-02 4.44989383e-01 1.77309871e+00 1.06255159e+01
  4.13255692e-01 8.29335022e+00 1.15558720e+00 1.30951142e+00
  2.85514808e+00 1.24388409e+00 2.56534189e-01 5.35256088e-01
  1.68869102e+00 1.24498987e+00 2.66892314e+00 5.34426498e+00
  5.99979572e-02 9.38631535e+00 1.46216348e-01 5.64036727e-01
  8.35299969e+00 8.86781573e-01 3.89911026e-01 6.29044867e+00
  5.84063493e-02 6.25253767e-02 1.03676558e+00 3.48292518e+00
  2.56864667e+00 2.83330774e+00 1.22091985e+00 0.00000000e+00
  5.92323256e+00 4.07426453e+00 1.34402311e+00 4.70506668e+00
  6.88823283e-01 9.86755490e-02 3.81704283e+00 2.16774821e+00
  8.84417713e-01 5.27208626e-01 1.23485267e+00 6.69082212e+00
  3.68954301e-01 7.12969780e-01 1.90082228e+00 4.19531584e+00
  9.52390075e-01 2.88599348e+00 5.14714909e+00 7.32350647e-02
  7.63647139e-01 3.06237006e+00 1.36226511e+01 1.42889595e+00
  2.13415694e+00 0.00000000e+00 1.66001904e+00 2.12015700e+00
  2.72421646e+00 2.90694976e+00 2.43269420e+00 9.81875658e-01
  0.00000000e+00 4.67214680e+00 5.49552631e+00 3.76714301e+00
  5.48613358e+00 6.09941769e+00 1.72686428e-02 3.67745090e+00
  2.90951431e-01 3.93231297e+00 5.39732695e+00 4.00376749e+00
  1.00705070e+01 6.25214386e+00 5.49082235e-02 1.79343510e+00
  9.57027733e-01 6.55306354e-02 1.23613644e+00 8.08715534e+00
  4.64890337e+00 4.51471657e-02 1.60829008e+00 6.01722077e-02
  1.67473400e+00 1.48543179e+00 1.44226675e+01 2.41480112e-01
  1.85346007e+00 3.92428589e+00 4.26946618e-02 4.43754941e-02
  2.87352490e+00 5.67066860e+00 2.06466943e-01 1.12510705e+00
  6.08371533e-02 0.00000000e+00 1.39304411e+00 1.57942116e-01
  1.80115402e+00 0.00000000e+00 4.00119686e+00 2.76856422e-02
  3.35377526e+00 1.74706101e+00 2.80882627e-01 1.68938744e+00
  1.67616510e+00 2.31869869e+01 2.74007225e+00 5.32904911e+00
  2.16944647e+00 2.67219520e+00 1.22477126e+00 4.75376248e-01
  1.43798435e+00 1.25746453e+00 5.02398443e+00 1.53691757e+00
  7.95216560e-01 1.20603504e+01 7.81349719e-01 6.20796490e+00
  3.20693851e+00 4.53827763e+00 4.93039548e-01 1.35012615e+00
  3.73662025e-01 3.43116689e+00 1.08477318e+00 2.20453835e+00
  5.72647154e-01 8.90548038e+00 3.68446469e+00 2.46920913e-01
  2.25579572e+00 5.81326914e+00 1.80586088e+00 1.71140683e+00
  3.02674794e+00 4.37322408e-01 1.43328655e+00 9.43375683e+00
  5.56824112e+00 7.38844395e+00 5.60178661e+00 1.56480134e-01
  5.79344702e+00 2.61561871e+00 9.08851051e+00 2.62195563e+00
  0.00000000e+00 0.00000000e+00 1.96060622e+00 1.61181188e+00
  1.02453601e+00 2.23296911e-01 1.28426762e+01 0.00000000e+00
  0.00000000e+00 4.22506452e-01 3.98042798e-01 4.27406693e+00
  3.16750574e+00 1.13988895e+01 8.61584246e-01 4.24699366e-01
  5.96295834e+00 1.41914040e-01 6.88799667e+00 8.33056092e-01
  2.93781829e+00 5.75161505e+00 3.60415578e+00 8.57297480e-01
  1.55827065e+01 3.56219381e-01 8.85450721e-01 3.27185559e+00
  6.18534803e+00 3.92521572e+00 4.82746172e+00 1.36589646e+00
  2.65391421e+00 4.56595629e-01 2.06550837e+00 8.94659400e-01
  5.21470976e+00 4.48478043e-01 0.00000000e+00 3.93093228e+00
  1.56740820e+00 2.33772707e+00 3.08725500e+00 3.17270780e+00
  4.12047815e+00 3.59749645e-02 7.87519360e+00 2.02146351e-01
  6.02748060e+00 3.92978525e+00 1.38467729e+00 0.00000000e+00
  9.71972656e+00 3.03300667e+00 5.26685619e+00 2.24960661e+00
  1.24727763e-01 1.04393661e+00 2.64979571e-01 2.07122862e-01
  2.17335343e+00 2.63457775e+00 2.20955300e+00 9.13449898e-02
  1.14336002e+00 9.41110897e+00 5.64805126e+00 1.27637053e+01
  4.11131412e-01 2.80467296e+00 2.16015744e+00 3.86797041e-01
  1.57233953e+00 7.10155678e+00 7.18398666e+00 4.32995975e-01
  1.72748613e+00 0.00000000e+00 3.80695432e-01 1.90412247e+00
  6.06859589e+00 1.11163826e+01 1.15447359e+01 3.71112561e+00
  8.31449151e-01 7.28778696e+00 1.20983136e+00 3.32760787e+00
  3.41328001e+00 6.14289522e+00 4.51238275e-01 5.29328883e-01
  2.75694162e-01 2.05131245e+00 3.01823425e+00 2.91582406e-01
  1.20704782e+00 0.00000000e+00 4.27642673e-01 0.00000000e+00
  4.65501451e+00 3.15292382e+00 2.42764220e-01 4.47866231e-01
  2.88568926e+00 7.28003788e+00 6.10838366e+00 6.35177568e-02
  4.04003486e-02 1.13446832e+00 9.26214314e+00 5.13025951e+00
  5.89442730e+00 1.89192510e+00 1.17850924e+01 7.68495917e-01
  7.10927229e-03 1.06474543e+00 1.85248363e+00 0.00000000e+00
  2.86666989e+00 0.00000000e+00 1.76630104e+00 3.34386492e+00
  4.75687295e-01 7.84562635e+00 5.40625334e-01 7.77123833e+00
  3.17706084e+00 1.42924757e+01 1.72264650e-01 1.23790026e+00
  5.09908199e+00 5.72366762e+00 9.14228320e-01 5.43159917e-02
  0.00000000e+00 5.02770424e+00 6.26129293e+00 1.31121325e+00
  2.39335418e+00 7.66098976e-01 2.11577654e+00 3.16776323e+00
  5.76515722e+00 1.22402608e+00 3.22890806e+00 1.42163396e+00
  2.13892531e+00 5.98981857e+00 3.82694453e-01 1.23602829e+01
  6.04334879e+00 0.00000000e+00 4.95166272e-01 8.16604316e-01
  6.34918022e+00 4.22972822e+00 1.97863173e+00 3.16130280e+00
  9.75591689e-02 8.82522345e-01 3.31404591e+00 0.00000000e+00
  2.11950040e+00 1.22199523e+00 0.00000000e+00 2.66803551e+00
  0.00000000e+00 2.27475309e+00 1.31480038e+00 3.63920403e+00
  2.56025600e+00 4.08708781e-01 7.32112646e-01 6.21338367e+00
  1.04582930e+00 1.82085410e-02 2.57523155e+00 4.39109564e+00
  1.67900238e+01 0.00000000e+00 7.73910189e+00 9.68211174e+00
  2.58216888e-01 1.36111784e+01 7.41087258e-01 5.26285470e-01
  0.00000000e+00 0.00000000e+00 5.84609365e+00 1.73349991e+01
  2.75570488e+00 7.93877661e-01 5.67917252e+00 1.34937727e+00
  0.00000000e+00 7.51962841e-01 4.30840826e+00 3.22524190e-01
  0.00000000e+00 2.36241817e+00 5.45889318e-01 3.86504507e+00
  5.13749981e+00 1.54067755e+01 3.54999208e+00 4.38918352e+00
  1.17134018e+01 2.26204205e+00 8.39104843e+00 6.44788742e+00
  0.00000000e+00 7.45613813e-01 3.89268339e-01 3.03426790e+00
  2.98819876e+00 3.42338264e-01 9.81793213e+00 4.37376827e-01
  5.31623662e-01 7.04635954e+00 1.25485706e+00 2.26457858e+00
  1.86273158e+00 0.00000000e+00 8.54348004e-01 4.20926273e-01
  9.70073044e-02 4.17191721e-02 7.06536949e-01 1.36885136e-01
  0.00000000e+00 3.44390199e-02 9.13132572e+00 0.00000000e+00
  4.79454517e-01 0.00000000e+00 5.46723247e-01 1.56262159e-01
  6.90122902e-01 1.41741915e+01 3.48570794e-01 1.57499242e+00
  1.43229208e+01 5.16030407e+00 1.49214864e-01 1.96770799e+00
  1.21115074e+01 1.71960390e+00 1.52564204e+00 2.27277565e+00
  1.94564044e+00 8.75577450e+00 6.65797901e+00 4.26448658e-02
  9.33989227e-01 5.38746297e-01 1.73195970e+00 9.43153572e+00]]