[[3.4812391e-01 1.8653546e-01 2.1351900e+00 0.0000000e+00 1.1414804e-01
  3.9179478e+00 3.6371655e+00 0.0000000e+00 1.0685798e+00 2.6759246e-01
  4.6477108e+00 1.4086775e-01 5.4296470e+00 8.4508753e-01 5.2539182e+00
  5.7131286e+00 0.0000000e+00 9.6610403e-01 5.6236976e-01 1.9139893e+00
  4.7304363e+00 5.3700070e+00 5.0537696e+00 2.2400855e-01 1.0901780e+00
  2.3679812e+00 8.3578491e-01 1.0755975e-02 3.5122619e+00 3.1746346e-01
  6.9548798e-01 3.2345617e-01 1.4717325e+00 6.0224895e+00 3.0429955e+00
  7.6069385e-01 1.1433563e+00 0.0000000e+00 4.8580060e+00 4.7503495e-01
  4.9055061e-01 1.4339545e+00 1.7685246e+00 5.0540686e+00 0.0000000e+00
  3.4255271e+00 3.5174985e+00 2.2042665e+00 5.9677547e-01 2.0798805e+00
  2.4471326e-01 1.1672632e+00 2.0023544e+00 1.0425239e-01 6.3155804e+00
  1.2380686e+00 5.0053849e+00 1.4515523e+00 7.8750736e-01 0.0000000e+00
  4.3571422e-01 3.4339302e+00 3.4481425e+00 3.4223766e+00 1.9692059e+00
  1.1420913e+00 1.2802887e+00 3.4639788e-01 0.0000000e+00 1.5963452e+00
  3.5512123e-01 2.0260921e+00 0.0000000e+00 1.0977860e+01 9.0784597e+00
  1.0372967e+00 3.8038347e+00 0.0000000e+00 2.4856959e-01 1.5188828e+00
  3.0458808e+00 3.5163146e-01 7.1709743e+00 1.0888007e+00 5.8729529e+00
  5.6203499e+00 3.2196334e-01 7.3861635e-01 2.7764443e-01 1.5415384e-01
  7.0608158e+00 4.9557538e+00 1.3863662e-01 3.8823173e+00 2.5037773e+00
  4.1447529e-01 5.9136236e-01 3.0535095e+00 3.7958744e+00 8.5597664e-01
  2.1775084e+00 3.3368438e-02 1.6426997e+00 8.3442097e+00 0.0000000e+00
  2.0533477e-01 3.1328985e-01 1.8136061e+00 7.2050554e-01 2.2625210e+00
  7.3393607e-01 2.1867449e+00 1.6049901e-01 1.7447025e-01 1.8293186e+00
  2.0691600e+00 3.0142996e+00 3.1881869e-01 3.5780656e+00 2.2149448e+00
  2.1873217e+00 0.0000000e+00 1.6576527e-01 3.2811086e+00 0.0000000e+00
  3.1665633e+00 1.1928892e+00 1.1131117e+00 1.7654873e+00 1.4022062e+01
  4.1793952e+00 4.5927782e+00 2.3149905e+00 2.1243341e+00 6.1815441e-01
  5.8898640e-01 2.1799041e-01 6.8081111e-01 1.8882481e+00 1.6933675e+00
  8.4122312e-01 9.3895257e-01 0.0000000e+00 4.6701574e+00 9.2410386e-01
  6.2737912e-01 1.6248010e+00 3.7868375e-01 4.2086872e-01 0.0000000e+00
  0.0000000e+00 1.4693414e-01 1.2321528e+00 0.0000000e+00 2.6522825e+00
  2.6795535e+00 1.2703114e+00 1.7125559e+00 3.2314496e+00 3.4877195e+00
  0.0000000e+00 1.8435986e+00 4.2989469e+00 4.2590427e+00 3.5637033e+00
  4.4765387e+00 2.0426802e-01 1.8637258e+00 3.4708962e+00 5.5021530e-01
  4.8692899e+00 3.7627143e-01 4.1557364e+00 2.8622165e+00 4.6860784e-01
  5.2440405e-01 5.0382752e-02 9.3968201e-01 4.3698759e+00 1.8983550e+00
  3.6125472e+00 0.0000000e+00 7.0790205e+00 5.1519278e-02 0.0000000e+00
  2.0227094e+00 8.6093760e-01 7.2981852e-01 2.9611270e+00 1.0115885e+01
  8.6085625e+00 0.0000000e+00 2.5591907e-01 9.3357735e+00 3.4943601e-01
  2.1058068e-01 2.8679376e+00 0.0000000e+00 1.7737421e+00 5.2724800e+00
  5.0902472e+00 4.2426844e+00 0.0000000e+00 3.3654685e+00 2.3164406e+00
  6.6863608e+00 1.8641917e-01 4.5784054e+00 1.0851305e+00 8.5001850e+00
  7.6564538e-01 3.5983989e+00 0.0000000e+00 4.4317613e+00 2.2069898e+00
  2.9203486e-01 1.3260732e+00 1.6122537e+00 2.9566583e-01 1.4726706e+00
  1.0867655e+00 7.1386800e+00 2.3985853e+00 8.2822442e-01 4.5395141e+00
  5.2964717e-01 1.7944565e+00 1.3991338e+00 1.4690837e+00 7.4423976e-02
  8.8750762e-01 9.6710604e-01 2.1227038e+00 0.0000000e+00 1.9060796e+00
  0.0000000e+00 8.1487722e+00 3.4001417e+00 2.9076791e+00 5.0193876e-01
  0.0000000e+00 9.7004545e-01 3.0377674e+00 1.6648575e+00 1.4539785e+00
  6.2023926e+00 1.4880953e+01 1.4735805e+00 4.3572593e+00 3.8326538e+00
  2.4011314e+00 1.4419895e+00 3.5401168e-01 1.6873868e+00 1.9001082e+00
  1.7457390e-01 1.6914620e+00 1.0359331e+01 4.1959109e+00 8.0663824e+00
  0.0000000e+00 0.0000000e+00 2.3927493e-01 4.6731886e-01 9.5112190e+00
  3.2530132e-01 0.0000000e+00 2.1840422e+00 5.1154780e+00 7.1390843e-01
  2.9513102e+00 1.0197129e+00 2.8813887e+00 7.1994579e-01 1.7793421e-01
  1.3384587e+00 1.3432960e+01 8.3783969e-02 0.0000000e+00 2.4973597e-01
  7.9416995e+00 1.2404858e+00 8.3945284e+00 6.8291053e-02 1.6054208e+00
  5.9009548e-02 4.5246348e+00 4.9788904e+00 1.4275329e+00 1.2074212e+00
  1.2525139e+00 2.1227016e+00 3.9880445e+00 2.4983361e+00 1.8506469e+00
  1.6281176e+00 1.0613387e+00 1.1385515e+00 0.0000000e+00 4.5063640e-03
  4.3311834e+00 1.4549950e+00 1.6779541e+00 5.8861679e-01 8.8116157e-01
  3.8879994e-01 2.6097660e+00 2.1849117e-01 4.7064705e+00 0.0000000e+00
  1.9276336e+00 2.9055398e+00 1.4462160e+00 1.5993456e+00 4.6153636e+00
  4.1158202e-01 1.7142516e+00 5.9370537e+00 7.9889244e-01 3.7642401e-01
  2.2109356e+00 2.4988474e-01 0.0000000e+00 1.4852365e+00 7.0156002e-01
  4.4574347e+00 9.7166481e+00 4.5598173e-01 2.6267414e+00 4.6044827e+00
  0.0000000e+00 8.4849520e+00 2.1760206e+00 2.0056973e-01 5.1904254e+00
  4.4646339e+00 1.9571905e+00 4.6983555e-01 9.3974584e-01 1.8742832e+00
  1.9159846e-01 1.1693543e+00 3.4101260e+00 5.2101213e-01 1.7904252e+00
  3.9984434e+00 1.4924185e-01 0.0000000e+00 1.1607847e+00 3.2935891e+00
  0.0000000e+00 3.7087386e+00 1.9689540e+00 3.7950683e+00 3.1035287e+00
  9.2269564e-01 2.2996876e-01 7.1662736e+00 1.7309402e+00 1.0773472e+00
  1.9367666e-03 0.0000000e+00 3.1106243e-01 6.9167131e-01 3.8336213e+00
  2.3736029e+00 2.2615965e+01 3.6659310e+00 3.7104174e-01 6.2406855e+00
  5.0912607e-01 3.7005145e-02 4.0344844e+00 3.0293057e+00 3.7646456e+00
  2.6432383e+00 1.4666927e-01 1.6642414e+00 6.9318134e-01 9.1451712e+00
  2.5244546e+00 3.6887968e+00 3.1533489e+00 2.1848316e+00 3.2451835e+00
  2.9247046e-01 8.3717430e-01 2.9101193e-01 2.1053599e-01 1.0213581e+00
  2.5509131e-01 1.4884312e+00 6.5516596e+00 4.7568302e+00 7.1645248e-01
  2.6115770e+00 5.0620255e+00 1.4772378e+00 3.3789661e+00 3.0659556e-01
  2.7805007e+00 1.2877367e+01 9.4292343e-01 5.9252419e+00 6.5586629e+00
  6.0372156e-01 3.1299520e+00 1.9957691e+00 2.2578337e-03 0.0000000e+00
  8.2551994e+00 5.6349163e+00 0.0000000e+00 5.6488876e+00 2.6672163e+00
  1.9228640e+00 6.6709065e-01 3.7113419e-01 3.3452442e-01 1.4785882e+00
  1.6188495e+00 0.0000000e+00 1.6743302e+00 1.1583906e+01 3.2213039e+00
  5.3328502e-01 5.5272710e-01 1.1616967e+00 4.5223477e-01 1.5883340e-01
  6.8033857e+00 3.7222230e+00 9.7554278e-01 1.0944500e+00 2.7849936e+00
  1.8585688e+00 0.0000000e+00 5.1523823e-01 0.0000000e+00 1.0500760e+00
  1.2185409e-01 0.0000000e+00 2.3811316e-01 1.5397410e+00 4.5015538e-01
  4.9763599e-01 2.6260278e-01 2.5332072e-01 3.6959559e-01 8.8519186e-01
  3.7424561e-01 4.0837297e+00 3.6436327e+00 1.2712563e+00 5.9719718e-01
  6.1833587e-02 3.1925750e+00 1.0761322e+00 3.8551779e+00 3.4360597e+00
  0.0000000e+00 3.0884817e+00 1.8915361e+00 4.3343353e-01 2.2035911e+00
  4.2649412e-01 1.0390069e+00 5.3179460e+00 2.5707824e+00 1.3877683e-02
  9.8872524e-01 1.9886556e+00 1.3157196e+00 1.0670109e+01 1.5828849e+00
  9.2425585e-01 7.0565587e-01 0.0000000e+00 4.5362558e+00 0.0000000e+00
  9.4653749e-01 3.5605279e-01 1.8489987e+00 1.0308349e+00 4.8411012e-01
  8.1887645e-01 6.5936589e+00 9.9914193e-01 2.4118605e+00 1.4018526e-04
  3.1247215e+00 4.4723754e+00 0.0000000e+00 7.6374474e+00 2.7114673e+00
  1.5643833e+00 4.7385654e+00 9.3956680e+00 2.2518542e+00 2.3022699e+00
  7.1205878e+00 9.9949831e-01 9.9619637e+00 4.1370192e+00 4.7142925e+00
  8.8427057e+00 1.6159803e+01 4.5668101e-01 1.0325611e-01 9.4218247e-02
  2.8367083e+00 3.5091739e+00]]