[[4.28446233e-01 2.76841462e-01 7.61916578e-01 1.96085548e+00
  2.99683237e+00 8.31451511e+00 4.10786247e+00 1.59939313e+00
  1.33075213e+00 1.14550900e+00 1.83451343e+00 7.55427599e-01
  1.98239446e-01 3.53620338e+00 1.64774215e+00 3.18542391e-01
  1.77682304e+00 3.32123697e-01 8.64425063e-01 3.49835825e+00
  2.14898109e+00 3.72822666e+00 6.24960780e-01 7.30751991e-01
  5.74872553e-01 5.07307172e-01 6.77005351e-02 1.52757502e+00
  8.68037224e-01 4.95627451e+00 3.47444832e-01 3.43613863e+00
  1.18425235e-01 2.69258523e+00 1.52704632e+00 7.50267744e-01
  1.14592040e+00 1.81136727e+00 4.17566919e+00 1.36727786e+00
  8.62421608e+00 3.10074592e+00 1.57340121e+00 1.95949543e+00
  2.91772437e+00 3.72846556e+00 5.63501978e+00 5.54949462e-01
  0.00000000e+00 1.71029806e-01 1.38045857e-02 1.52527004e-01
  9.87886012e-01 1.91749489e+00 3.13374341e-01 2.62004495e+00
  5.11900365e-01 4.06671619e+00 1.20807612e+00 1.41420424e+00
  3.10480142e+00 1.27442241e-01 2.18715310e+00 1.46753490e+00
  0.00000000e+00 1.35999036e+00 5.85637999e+00 2.80434275e+00
  2.58054733e-02 5.16009092e+00 2.23737049e+00 4.99789286e+00
  6.97522545e+00 7.74341774e+00 4.55019265e-01 1.27667025e-01
  6.14607334e-01 4.50106382e-01 3.72214139e-01 3.47808361e-01
  1.11722374e+00 5.76931334e+00 3.05562162e+00 1.20473124e-01
  1.01827122e-01 2.32445359e+00 2.77001202e-01 2.02149177e+00
  4.35083270e-01 0.00000000e+00 4.23527002e-01 1.16125844e-01
  8.69723558e-01 1.92585647e+00 0.00000000e+00 1.34531152e+00
  1.58048362e-01 3.27142835e-01 7.41560578e-01 6.29259586e+00
  3.47822881e+00 2.89065480e+00 3.13330007e+00 1.55179453e+00
  7.65593338e+00 2.37665439e+00 9.95798409e-01 2.37731147e+00
  4.79783744e-01 1.23500562e+00 1.30636752e+00 7.49049038e-02
  4.25481224e+00 2.39592767e+00 2.29683384e-01 1.88397914e-01
  8.98921776e+00 5.48792791e+00 0.00000000e+00 1.28482294e+00
  2.17651832e-03 7.79363334e-01 2.75504446e+00 1.58085072e+00
  5.83874946e-03 7.45839417e-01 5.56329191e-01 0.00000000e+00
  1.38442147e+00 1.09230051e+01 2.59997338e-01 4.61208493e-01
  3.92101002e+00 4.43808399e-02 4.26169491e+00 2.16957784e+00
  4.06243563e-01 1.50582170e+00 7.47611225e-01 0.00000000e+00
  4.60133314e-01 2.86808062e+00 1.24963379e+00 8.04620266e-01
  4.70281601e+00 2.05235049e-01 2.23724079e+00 8.94002020e-01
  0.00000000e+00 4.34544146e-01 3.35100436e+00 5.92338324e-01
  5.44237554e-01 2.05593657e+00 2.68278289e+00 3.79727244e+00
  1.03953571e+01 1.70806599e+00 7.44215298e+00 2.09093969e-02
  4.45819092e+00 1.94999373e+00 4.59129190e+00 1.39879331e-01
  1.36451170e-01 0.00000000e+00 4.77320343e-01 1.56909025e+00
  2.98036361e+00 2.58514404e-01 6.07408857e+00 3.00821042e+00
  5.54297352e+00 5.58159053e-01 1.25098512e-01 3.03199863e+00
  5.59288502e-01 1.13772261e+00 1.92234910e+00 9.51457596e+00
  9.50430870e+00 5.28237186e-02 8.67406428e-01 1.04444826e+00
  0.00000000e+00 5.78904212e-01 3.54919553e+00 1.63101923e+00
  8.77776265e-01 6.25894725e-01 1.25653028e+00 0.00000000e+00
  8.93664122e-01 6.96998024e+00 3.40279490e-01 3.33619785e+00
  3.47332716e-01 7.16892481e+00 0.00000000e+00 2.12115869e-01
  5.37577868e-01 0.00000000e+00 2.18054175e+00 0.00000000e+00
  1.45670736e+00 2.29950413e-01 4.93498504e-01 8.74244928e-01
  1.91281486e+00 1.04361410e+01 1.50806785e-01 1.69271231e+00
  7.18853831e-01 8.43815088e-01 2.64540911e-01 2.52093196e+00
  1.13823357e+01 1.55489659e+00 1.90998173e+00 2.04237127e+00
  1.03278553e+00 4.84515095e+00 1.55163467e+00 5.82330084e+00
  6.96757317e-01 1.59070110e+00 1.34603977e+00 1.27983773e+00
  2.04349667e-01 3.00661862e-01 7.17628860e+00 1.56410217e+00
  3.66111994e-01 9.28268051e+00 6.06532860e+00 1.91509914e+00
  5.06192863e-01 5.23959017e+00 1.45235157e+00 2.60165882e+00
  3.14875150e+00 0.00000000e+00 1.92726815e+00 3.86306381e+00
  9.33337152e-01 2.29853582e+00 1.15325031e+01 1.46066177e+00
  3.18946671e+00 5.77225590e+00 7.60559142e-01 2.13198543e+00
  3.81584883e-01 1.53911889e+00 9.41658854e-01 0.00000000e+00
  1.74257314e+00 2.34646010e+00 8.09607029e+00 3.81774485e-01
  2.94766039e-01 0.00000000e+00 0.00000000e+00 3.66594124e+00
  3.81916332e+00 6.08133745e+00 7.94292879e+00 1.86790720e-01
  4.15499496e+00 7.91483998e-01 2.35853052e+00 1.67245674e+00
  1.15967083e+00 3.66907477e+00 1.65996313e+00 3.23396087e+00
  3.68440723e+00 2.38581389e-01 6.46609366e-01 3.48486662e+00
  2.90529108e+00 3.20769161e-01 2.58011818e+00 3.55014503e-01
  5.64600706e-01 1.52347580e-01 5.67615449e-01 1.05666292e+00
  8.16557825e-01 2.00748777e+00 4.45422083e-01 3.10065532e+00
  0.00000000e+00 2.42726064e+00 1.04841578e+00 6.35656536e-01
  1.03907120e+00 3.88937354e-01 1.76359773e+00 0.00000000e+00
  1.49999768e-01 2.78818429e-01 1.10178494e+00 0.00000000e+00
  5.21714497e+00 2.03342748e+00 1.48913205e+00 6.06349277e+00
  1.70643479e-01 1.67053306e+00 6.38826847e-01 0.00000000e+00
  4.20552939e-01 1.04945731e+00 7.83151388e+00 1.81134355e+00
  8.24351311e+00 9.93806458e+00 7.79428303e-01 2.54317999e+00
  3.74579263e+00 6.91231680e+00 1.40340531e+00 4.80651230e-01
  2.51204276e+00 4.79018450e-01 2.84747505e+00 0.00000000e+00
  1.89347935e+00 0.00000000e+00 1.54711232e-01 9.69580746e+00
  3.42751193e+00 7.85013139e-01 3.15431619e+00 5.34741831e+00
  2.52723885e+00 8.89683485e-01 8.93240273e-01 2.43110418e-01
  3.30708437e-02 4.14055204e+00 0.00000000e+00 1.06512439e+00
  2.38578701e+00 5.60675716e+00 2.56001401e+00 0.00000000e+00
  7.21217096e-01 0.00000000e+00 2.64712405e+00 1.48890591e+00
  9.53748286e-01 1.72851014e+00 3.17878008e-01 6.22603409e-02
  1.36177003e+00 1.59000814e+00 4.65549421e+00 4.72849011e-02
  4.09661293e+00 6.47822428e+00 7.35647583e+00 5.62411308e+00
  4.59494686e+00 4.45384979e+00 7.91004562e+00 4.78119373e+00
  9.95317936e-01 3.58783770e+00 1.27257240e+00 4.04985714e+00
  2.94771290e+00 8.51317793e-02 2.15774703e+00 9.57820892e-01
  1.62077773e+00 1.74896228e+00 2.51891565e+00 1.38581073e+00
  6.49214506e+00 5.03577702e-02 4.53939736e-01 2.99094033e+00
  0.00000000e+00 5.03739342e-02 3.86527479e-01 2.24853063e+00
  2.43089825e-01 1.87816656e+00 4.24232721e-01 4.12378788e+00
  2.23488986e-01 5.31795645e+00 6.73120141e-01 3.15882206e-01
  3.35615420e+00 0.00000000e+00 3.37316394e+00 2.33391619e+00
  1.22666025e+00 2.88397622e+00 4.08202791e+00 1.73085995e+01
  1.66179502e+00 5.07181846e-02 4.18777883e-01 3.98472023e+00
  7.22322559e+00 3.67011905e+00 1.83635247e+00 4.36999559e-01
  5.60705326e-02 6.65195405e-01 1.20409238e+00 1.90902084e-01
  2.20266438e+00 6.30508482e-01 6.88189566e-02 4.58986521e+00
  4.51756525e+00 5.06350040e-01 2.81799030e+00 7.64480925e+00
  2.16431570e+00 4.41390181e+00 3.94694686e+00 6.26234484e+00
  1.52340961e+00 3.99258919e-02 5.96173525e-01 5.79398251e+00
  2.33203006e+00 1.51446843e+00 1.04921007e+00 4.49900866e+00
  9.07189958e-03 2.14573073e+00 3.22395980e-01 4.15388644e-01
  4.13768627e-02 8.23550940e-01 2.04154086e+00 1.85121500e+00
  1.87126577e+00 1.68637604e-01 2.56121778e+00 2.50488615e+00
  4.36731607e-01 5.30009806e-01 5.44317365e-01 1.88081241e+00
  2.73156738e+00 2.70032668e+00 5.58770418e+00 1.42630443e-01
  4.28848743e+00 1.74594152e+00 3.49674702e+00 7.11767912e+00
  0.00000000e+00 3.17133474e+00 2.02610159e+00 3.61238575e+00
  2.80229330e-01 2.54451424e-01 2.81215739e+00 4.30613375e+00
  2.20828080e+00 2.82427239e+00 3.05261469e+00 2.93929763e-02
  3.19702029e-01 4.17046785e+00 7.12620914e-02 7.28909016e-01
  4.22939825e+00 2.12688732e+00 3.48617268e+00 2.69008011e-01
  0.00000000e+00 5.63410807e+00 3.16031486e-01 1.16512966e+00
  0.00000000e+00 5.53463745e+00 9.01897717e+00 2.84202695e-01
  2.84507847e+00 1.66440475e+00 1.00643325e+00 4.34108973e-01
  2.53192735e+00 1.03018567e-01 4.75886405e-01 2.71084309e+00
  4.54399681e+00 3.12115371e-01 4.79027957e-01 8.91518414e-01
  5.58590031e+00 3.07601094e+00 5.56959867e+00 6.53899145e+00
  2.99207377e+00 6.47461474e-01 1.22392712e+01 2.87162423e-01
  1.26072574e+00 6.92191601e-01 4.64118576e+00 7.58889735e-01]]