[[4.0400535e-01 0.0000000e+00 4.2563291e+00 2.7599511e-01 2.7202697e+00
  1.6774659e+00 4.9434214e+00 0.0000000e+00 3.3304358e-01 2.7243268e-01
  5.0216780e+00 6.0928047e-01 5.5826454e+00 2.3189988e+00 3.2481763e+00
  5.9073597e-01 1.1027988e+00 2.8085346e+00 1.5544103e+00 1.8877107e+00
  0.0000000e+00 4.9961338e+00 2.3400848e+00 2.1960609e-02 5.4379869e+00
  7.1794858e+00 8.3747463e+00 7.4884135e-01 4.6667423e+00 2.1119885e-01
  1.7589920e+00 6.9328060e+00 0.0000000e+00 1.7498714e+00 5.2774554e-01
  4.9425907e+00 3.7976902e+00 5.2338030e-02 4.4920087e+00 4.8870487e+00
  6.8739630e-02 1.1608453e+00 9.3238300e-01 2.0133507e+00 1.0249635e+00
  6.1565077e-01 1.4807898e+00 1.5443249e+00 2.3562279e+00 5.4569969e+00
  1.1151030e+00 6.8586022e-01 4.3570377e-02 1.3113440e+00 2.7455956e-01
  2.0443902e+00 2.2609358e+00 2.2253628e+00 1.9575970e+00 1.1269822e+00
  1.2631925e-02 1.4769887e+00 6.1865683e+00 2.8036201e+00 1.9412050e+00
  5.0160089e+00 5.3288794e-01 1.2991313e+00 3.3801329e+00 2.4638064e+00
  2.1660113e+00 2.0760539e+00 2.0375597e-01 4.7918878e+00 2.0390372e+00
  1.5138457e+00 1.4831097e+00 0.0000000e+00 1.1670921e+00 6.6539675e-02
  3.0783638e-01 2.4261782e+00 6.1902535e-01 2.9896891e+00 4.7209554e+00
  6.1761570e+00 0.0000000e+00 2.5380547e+00 1.9297450e+00 3.3046176e+00
  2.8938394e+00 3.8096504e+00 2.5214839e+00 4.4484382e+00 5.7372236e-01
  1.2488337e+00 5.6072074e-01 9.6741104e-01 3.5348225e+00 1.3308159e+01
  2.2449291e-01 4.9181170e+00 2.9053855e+00 8.5298258e-01 7.3561134e+00
  3.8479199e+00 1.5332575e+00 1.7586449e-01 9.8775834e-01 4.8101565e-01
  7.4776381e-01 0.0000000e+00 1.0735556e+00 5.0409275e-01 7.3220873e-01
  5.7259965e-01 4.5530229e+00 4.0043483e+00 2.3897737e-02 0.0000000e+00
  2.1864685e-01 1.1691999e+00 4.2430315e+00 8.4150152e+00 0.0000000e+00
  1.5280650e+00 1.2612207e+00 1.2111315e+00 1.8172334e-01 5.9311948e+00
  3.6176288e+00 0.0000000e+00 0.0000000e+00 1.7352549e+00 1.2666199e+00
  2.5717688e+00 1.8035692e+00 7.3032351e+00 1.1835103e+00 3.0824560e-01
  5.2988019e+00 3.3299476e-01 0.0000000e+00 6.9218154e+00 2.4899313e+00
  2.8302021e+00 1.8401656e+00 4.4007950e+00 0.0000000e+00 8.1392080e-01
  8.3675164e-01 3.1500790e+00 1.9340636e+00 9.4874781e-01 1.6261038e+00
  7.2815466e-01 3.3786914e+00 8.4797859e+00 4.5781035e+00 5.1723328e+00
  1.5260247e+00 8.0065435e-01 3.3957756e+00 4.1309056e+00 3.7367432e+00
  2.9575035e-01 2.1214771e+00 8.6870301e-01 5.3116608e-01 3.9257836e+00
  7.8264648e-01 3.1656945e+00 4.0792670e+00 6.5761685e-01 2.8161469e-01
  3.8389812e+00 4.0634412e-01 5.1639061e+00 2.9292514e+00 1.7815353e+00
  4.7343946e+00 0.0000000e+00 3.1623614e+00 3.3877337e-01 3.0538651e-01
  1.5073826e+00 1.4709886e+00 6.7352414e-01 1.8080460e+00 1.8999462e+00
  9.7673729e-02 7.1129274e-01 7.8671187e-01 4.9925838e+00 9.0761156e+00
  5.1770842e-01 2.2509251e+00 3.8964601e+00 5.7880276e-01 4.6408138e+00
  5.8871861e+00 4.3974738e+00 7.9246724e-01 4.6692166e+00 7.6714077e+00
  5.2641759e+00 1.7606826e-01 4.6954322e-01 5.2576170e+00 3.6579342e+00
  1.7214112e+00 9.4481552e-01 9.2390977e-02 3.8213687e+00 4.2942014e-02
  2.0982854e+00 4.0889378e+00 3.2878711e+00 8.9489949e-01 5.3202057e-01
  1.6342065e+00 1.7589889e+00 4.4574177e-01 1.1915394e-01 2.3090246e+00
  4.7559482e-01 0.0000000e+00 4.4628844e+00 1.6822056e+00 1.7693146e+00
  1.2198131e+00 3.8245971e+00 1.0406663e+00 5.9869301e-02 1.0444462e+00
  3.8296165e+00 5.9914508e+00 4.9534273e+00 6.3013139e+00 1.8670193e+00
  3.4917793e+00 5.2537316e-01 7.8344506e-01 3.2275240e+00 2.9449409e-01
  1.3390280e+00 5.1256576e+00 0.0000000e+00 1.3573934e+00 8.6785269e+00
  1.9934455e+00 1.1208581e+00 8.4399790e-01 4.6794710e+00 2.0066831e+00
  2.5698301e-01 9.4506435e+00 3.9092803e+00 2.8989074e+00 0.0000000e+00
  2.2460151e+00 1.3581831e-03 0.0000000e+00 6.6690147e-01 9.8502892e-01
  3.6348646e+00 5.4940639e+00 8.7339169e-01 3.0658455e+00 1.0438744e-02
  4.0487413e+00 8.6138271e-02 2.2263300e-01 5.7927160e+00 5.1841478e+00
  1.5785750e+00 1.3424317e+00 1.7008393e-03 3.7008077e-02 1.0902632e+00
  1.0476433e+01 6.6609251e-01 2.6906371e+00 4.0536861e+00 3.2934370e+00
  3.8762778e-01 4.2846308e+00 1.9006627e+00 4.1602707e+00 1.3825568e+00
  6.0715508e+00 0.0000000e+00 1.3718860e+00 6.5047967e-01 3.9546156e+00
  9.9703372e-01 6.6718626e-01 4.0106859e+00 1.3104242e+00 2.8581846e-01
  5.0075536e+00 8.7128830e+00 9.4698924e-01 2.0473531e-01 6.6393542e-01
  7.5761085e+00 5.4424257e+00 8.8650513e-01 1.1938486e-01 2.4241099e-01
  2.8747282e+00 3.4680882e+00 9.3451029e-01 2.1754551e+00 5.0450401e+00
  3.3805294e+00 4.1093521e+00 3.8500705e+00 1.8664210e-01 2.0245736e+00
  4.4839582e+00 4.2431583e+00 1.2261475e+01 2.6465061e+00 3.7193346e+00
  1.1293335e+00 3.0223918e+00 3.7528049e-02 5.2806644e+00 0.0000000e+00
  1.1898410e+00 2.8685842e+00 2.1984978e+00 0.0000000e+00 4.7158895e+00
  5.7382002e+00 4.1199927e+00 3.8185620e+00 6.2176733e+00 3.8752267e+00
  6.0303569e+00 8.1755948e-01 7.1966046e-01 1.1587050e+00 1.9177485e+00
  1.3346598e+00 1.4260784e+00 5.0368261e+00 7.1344227e-01 3.7298031e+00
  6.9427542e-02 0.0000000e+00 2.2380598e+00 7.6663938e+00 5.5473739e-01
  1.9799873e+00 1.8872161e+00 5.4160161e+00 2.2139382e+00 3.3240874e+00
  1.6174287e+00 9.4392349e-04 8.0056334e-01 7.8487902e+00 5.3433843e+00
  2.6258149e+00 7.3271298e+00 3.1050098e-01 5.2119929e-01 1.9099838e+01
  3.1552818e+00 1.5191862e-01 7.2169070e+00 2.9667778e+00 8.3987784e-01
  8.2342756e-01 7.5361425e-01 3.0662534e+00 2.7120678e-02 4.9731541e+00
  8.3003988e+00 3.5444415e+00 3.0524194e-01 5.6484348e-01 6.0821266e+00
  5.2976370e-01 1.7689546e+00 0.0000000e+00 2.8986256e+00 6.0259500e+00
  4.2655745e+00 6.1913881e+00 7.7358932e+00 9.0844744e-01 1.6499792e+00
  9.7720087e-02 3.7924638e-01 1.1345928e+00 7.0879235e+00 2.8655245e+00
  1.0776702e+00 6.7835932e+00 5.5767590e-01 6.2618570e+00 5.1302981e+00
  3.2014227e-01 1.8570107e-01 7.7158374e-01 7.9919109e+00 2.5335815e+00
  1.1333877e+00 1.9672230e+00 0.0000000e+00 0.0000000e+00 8.2016392e+00
  2.2407579e+00 1.9322964e+00 1.8751310e-01 3.8914142e+00 1.9007814e-01
  6.6177635e+00 5.4973312e-02 1.1324345e+00 3.0701602e-01 0.0000000e+00
  4.4736166e+00 1.5004430e+00 4.3284407e+00 0.0000000e+00 1.5816273e-01
  1.2766351e+00 6.3802797e-01 2.3899195e+00 3.2938979e+00 9.0842479e-01
  5.7381525e+00 3.2913380e+00 1.1105844e+00 1.9571196e-01 2.0785613e+00
  0.0000000e+00 4.1195104e-01 7.3788166e-01 3.2918801e+00 5.8720654e-01
  2.2328620e+00 4.8475342e+00 5.4118890e-01 6.0989547e+00 1.4839501e+00
  3.2253878e+00 3.4035470e+00 4.6697669e+00 6.3202753e+00 1.1835741e+00
  6.1184269e-01 5.0220699e+00 6.4315596e+00 6.9756961e-01 1.1710444e+01
  1.1546286e+00 1.7408781e+00 7.6473312e+00 5.3821487e+00 7.7370065e-01
  5.6464195e+00 3.9490714e+00 5.5347544e-01 3.2143567e+00 3.8430440e-01
  6.7712605e-01 1.8179984e+00 2.7861860e-01 4.9221001e+00 7.3841268e-01
  8.7372313e+00 1.2200250e-01 6.8291557e-01 1.0991681e+00 1.1201086e+00
  4.8713202e+00 2.3697581e-02 2.0596812e+00 2.4971025e+00 4.1803522e+00
  3.9787147e+00 2.6165164e-01 7.1699336e-02 2.2848561e+00 1.2502718e+00
  2.1180518e+00 1.1844388e+01 0.0000000e+00 2.0872552e+00 2.8509948e+00
  3.1935692e-01 3.0633373e+00 4.0549097e+00 3.4442325e+00 1.1533612e+00
  5.7599134e+00 3.6834630e-01 9.4567120e-02 1.5551971e+00 2.3555171e+00
  5.9302706e-01 2.6777525e+00 2.1007967e+00 1.5843266e+00 2.0280399e+00
  3.6538351e+00 1.4736309e+00]]