[[9.73987818e-01 5.73258214e-02 4.09547597e-01 2.99084961e-01
  3.84530711e+00 1.01026649e+01 1.43824100e+01 2.75831103e+00
  8.51368523e+00 1.04488122e+00 5.07924855e-01 1.85109878e+00
  9.11065388e+00 0.00000000e+00 0.00000000e+00 1.56728506e+00
  1.79649487e-01 2.78495979e+00 0.00000000e+00 6.17662954e+00
  6.84562111e+00 7.75854349e+00 0.00000000e+00 7.20544672e+00
  5.55903733e-01 1.79683077e+00 9.09325242e-01 9.67345047e+00
  1.12147272e+00 1.05544424e+00 2.31694818e-01 3.89395580e-02
  5.71543515e-01 4.28221464e+00 2.34534216e+00 2.15185833e+00
  4.81122226e-01 4.76051010e-02 2.79358864e+00 3.09733415e+00
  9.26926434e-01 1.15594223e-01 5.60267305e+00 2.31519699e+00
  5.64278603e+00 4.85543346e+00 2.52600169e+00 6.91996589e-02
  2.51432180e+00 3.04980189e-01 5.53249454e+00 6.17182064e+00
  2.76522785e-02 2.60130739e+00 6.19847441e+00 5.17718506e+00
  2.24658155e+00 1.78278649e+00 2.41186947e-01 5.94331101e-02
  9.07952309e-01 4.88664865e+00 1.63399947e+00 5.06564569e+00
  6.65682733e-01 2.02554369e+00 5.31669664e+00 7.17416811e+00
  2.66363263e-01 3.56494486e-01 2.68773198e+00 4.02994776e+00
  5.08342361e+00 7.10927153e+00 1.83902538e+00 7.05577433e-01
  2.30385494e+00 3.14999413e+00 6.10234320e-01 1.06128674e+01
  7.31056035e-01 1.94137454e+00 5.29196978e-01 2.10283548e-01
  8.92696476e+00 4.66545916e+00 3.07963014e-01 3.00963163e+00
  2.55533791e+00 6.33318901e-01 3.95525646e+00 1.70799172e+00
  1.73549175e+00 6.16550303e+00 7.37911016e-02 9.62445617e-01
  2.90409297e-01 3.21501851e-01 0.00000000e+00 4.21426773e+00
  2.56184936e+00 8.70666087e-01 1.91332960e+00 1.50926809e+01
  2.33034402e-01 4.25522476e-01 1.56747591e+00 7.39652967e+00
  2.73567414e+00 6.24807405e+00 4.01847690e-01 0.00000000e+00
  0.00000000e+00 2.27994728e+00 2.87111878e-01 5.48618555e+00
  3.04996967e+00 3.68715554e-01 3.54728341e-01 5.29051924e+00
  1.40307617e+00 0.00000000e+00 0.00000000e+00 3.63061142e+00
  4.80356589e-02 4.82728052e+00 4.02453750e-01 8.50068569e-01
  7.87754917e+00 1.13583660e+01 5.60887337e-01 2.00191236e+00
  1.69512787e+01 3.51508230e-01 1.46592200e+00 2.30553532e+00
  8.37824464e-01 2.25999975e+00 1.24077296e+00 6.72531202e-02
  1.52422667e-01 1.83261967e+00 3.08561623e-01 5.52746654e-01
  7.16413403e+00 3.38383818e+00 1.51308222e+01 2.15453529e+00
  3.18611749e-02 3.00742149e+00 2.21542507e-01 6.44070208e-01
  0.00000000e+00 0.00000000e+00 4.51509237e+00 2.13415456e+00
  1.18076932e+00 3.38549161e+00 4.86472070e-01 1.01895845e+00
  2.18258238e+00 1.74251151e+00 5.18397903e+00 2.93116784e+00
  1.67010236e+00 8.49490047e-01 2.23438114e-01 1.70632589e+00
  1.46447670e+00 2.87922072e+00 6.81340361e+00 1.53296816e+00
  1.04779119e+01 4.10108209e-01 4.91968811e-01 2.65977144e+00
  0.00000000e+00 1.42528310e-01 3.81240344e+00 1.14740267e+01
  5.98827958e-01 2.34340429e-01 1.01236124e+01 2.65134573e+00
  1.05341959e+00 2.43940139e+00 6.80261135e-01 5.85382402e-01
  1.04996243e+01 3.87466639e-01 1.34143343e+01 0.00000000e+00
  1.87257397e+00 4.46163607e+00 3.42108548e-01 9.11089480e-02
  3.44860554e+00 6.96377182e+00 2.12075666e-01 1.30525112e+00
  4.16063690e+00 7.46660757e+00 0.00000000e+00 0.00000000e+00
  8.25027376e-03 6.73716515e-02 0.00000000e+00 2.38831118e-01
  0.00000000e+00 1.26051140e+01 2.22797441e+00 1.10645390e+00
  7.85527766e-01 7.03790337e-02 8.79927635e-01 5.23316097e+00
  2.43018731e-03 4.88489807e-01 6.82867110e-01 1.55555880e+00
  5.36896229e+00 6.43480361e-01 6.57276821e+00 0.00000000e+00
  7.58203626e-01 4.66493082e+00 1.44955027e+00 8.01885545e-01
  0.00000000e+00 5.33749163e-01 4.97338533e-01 2.06198597e+00
  5.77087069e+00 3.39454353e-01 8.17203000e-02 4.42878056e+00
  0.00000000e+00 6.72321606e+00 2.30522418e+00 1.92224872e+00
  5.44313371e-01 0.00000000e+00 4.82326746e+00 1.98124397e+00
  3.61393237e+00 3.82225728e+00 5.01998949e+00 1.12739909e+00
  2.30238724e+00 0.00000000e+00 1.17325509e+00 3.57969761e+00
  0.00000000e+00 9.05689538e-01 2.21334147e+00 4.24545676e-01
  9.37173247e-01 1.25402665e+00 6.77785397e-01 2.80240703e+00
  2.02588797e-01 0.00000000e+00 1.66333508e+00 9.16548157e+00
  9.63225555e+00 2.00528693e+00 5.69253397e+00 1.02397995e+01
  7.72538662e-01 4.36656982e-01 4.15362692e+00 3.92502733e-02
  9.21284008e+00 1.91795087e+00 6.98920679e+00 1.65043676e+00
  5.57651758e+00 1.90928388e+00 2.27286860e-01 2.38884687e-01
  1.69487596e+00 7.66143417e+00 4.57727957e+00 3.59084696e-01
  3.45281982e+00 9.63708758e-02 3.55128467e-01 2.33498311e+00
  2.52411103e+00 3.90599346e+00 5.82110167e-01 3.07057118e+00
  1.84781349e+00 4.49166632e+00 8.89508247e+00 1.54696596e+00
  9.81052816e-01 3.65546393e+00 0.00000000e+00 0.00000000e+00
  9.01017010e-01 4.61988784e-02 2.13114095e+00 4.05899191e+00
  3.99005103e+00 8.33646476e-01 4.83608961e+00 1.20479965e+00
  1.13039696e+00 0.00000000e+00 2.31188011e+00 1.32262969e+00
  3.02324915e+00 1.04204524e+00 2.65096575e-01 9.54917622e+00
  9.88268018e-01 6.22808599e+00 3.25864530e+00 8.07756042e+00
  3.75988595e-02 1.68643892e+00 6.84707582e-01 4.84829473e+00
  7.20284986e+00 2.91721320e+00 1.07583857e+01 2.23810291e+00
  2.37899089e+00 3.04465652e-01 1.03523338e+00 3.53843522e+00
  2.36501408e+00 1.14869714e+00 4.47762728e+00 2.97817516e+00
  2.04946113e+00 1.22568607e+00 3.48512173e-01 2.04829663e-01
  3.41001964e+00 1.48350370e+00 6.82246625e-01 7.54246056e-01
  7.03426957e-01 7.35067749e+00 4.27127409e+00 1.32366705e+00
  8.35429192e-01 7.01899862e+00 0.00000000e+00 1.08277969e+01
  3.88851047e-01 2.58250618e+00 6.66067749e-02 7.06481397e-01
  3.11541557e+00 1.35401905e+00 2.32710314e+00 2.39932036e+00
  7.98677826e+00 8.58519197e-01 5.88127518e+00 3.78257966e+00
  7.15533972e-01 7.59994984e-01 5.86197758e+00 6.22963333e+00
  3.68833399e+00 5.96268535e-01 3.06016946e+00 4.44721222e+00
  0.00000000e+00 6.79625869e-01 3.06465805e-01 1.19179320e+00
  1.81923166e-01 2.28349622e-02 5.44017696e+00 4.77637529e+00
  4.36613941e+00 1.07837772e+00 2.07627177e+00 1.85356665e+00
  6.01545858e+00 4.10269380e-01 3.08188856e-01 3.92148554e-01
  7.49637187e-01 1.41853738e+00 1.84749520e+00 3.64429927e+00
  9.39089775e+00 4.17605639e+00 0.00000000e+00 9.26275551e-01
  1.85936701e+00 1.58504963e+00 4.98991632e+00 3.69646162e-01
  1.16997385e+00 6.89810371e+00 1.49912143e+00 2.37996793e+00
  4.22362709e+00 0.00000000e+00 6.77106500e-01 1.55919945e+00
  0.00000000e+00 1.31527388e+00 7.09223223e+00 1.93521917e+00
  0.00000000e+00 5.56047931e-02 1.58681795e-01 2.60151792e+00
  3.27696979e-01 2.14697814e+00 3.28786045e-01 4.74645233e+00
  5.03585148e+00 0.00000000e+00 2.20292497e+00 5.63499117e+00
  0.00000000e+00 5.34966625e-02 2.64887714e+00 1.55072320e+00
  1.03090000e+01 4.03469276e+00 1.46054411e+01 9.00511146e-01
  2.93259239e+00 5.78785038e+00 3.66999581e-02 1.79146290e+00
  0.00000000e+00 2.52316856e+00 1.02090742e-02 1.84041142e+00
  2.01003170e+00 1.09426677e+00 0.00000000e+00 1.21375775e+00
  7.89247084e+00 6.05514574e+00 3.45136493e-01 1.03061998e+00
  0.00000000e+00 3.61231685e+00 1.59767067e+00 4.83851480e+00
  3.19827652e+00 2.50608623e-02 5.42049944e-01 7.08207226e+00
  4.84981835e-01 5.94198167e-01 4.85378414e-01 4.27905416e+00
  0.00000000e+00 3.97738147e+00 2.20561957e+00 4.03309613e-02
  0.00000000e+00 8.20641100e-01 0.00000000e+00 6.28001750e-01
  4.62727022e+00 2.54177427e+00 2.08268905e+00 1.26183164e+00
  6.29948997e+00 7.21384525e+00 0.00000000e+00 1.99407232e+00
  7.42407608e+00 2.57737541e+00 8.43551731e+00 4.50304300e-01
  0.00000000e+00 0.00000000e+00 6.60995901e-01 0.00000000e+00
  3.58851701e-02 7.17287138e-03 5.59947491e+00 5.95181823e-01
  4.67303336e-01 1.93761742e+00 1.63773203e+00 3.72473657e-01
  8.99129510e-02 8.62970924e+00 1.31195152e+00 1.54892027e+00
  3.34798384e+00 8.96730840e-01 3.08592856e-01 5.13964653e+00
  7.50707340e+00 3.51703763e+00 1.29707069e+01 3.46098518e+00
  1.01615989e+00 4.33654451e+00 1.14228511e+00 3.96909237e-01
  6.95300996e-02 2.17408729e+00 9.88603413e-01 6.59523535e+00]]