[[3.5094085e+00 6.7944274e+00 5.1184006e+00 1.4780387e+00 2.1565797e+00
  3.2926314e+00 4.8988080e+00 4.6580672e+00 4.3786427e-01 4.0140772e+00
  6.2015219e+00 2.9515357e+00 6.7380548e-01 4.1099052e+00 0.0000000e+00
  1.6292830e+00 3.1592849e-01 6.0607600e-01 1.7089874e-01 6.0519838e+00
  9.5171505e-01 7.9862571e-01 2.6731327e+00 1.9493744e-01 0.0000000e+00
  2.7320862e+00 0.0000000e+00 4.0234089e-02 3.1897666e+00 1.9447914e-01
  1.5506454e+00 4.9272156e+00 2.4780252e+00 8.1700563e-01 1.3367793e-01
  5.0407030e-02 8.7045318e-01 1.9868863e-01 1.4212683e+00 5.2136999e-01
  8.7198764e-01 5.6357179e+00 1.4290725e+00 1.2438304e+00 0.0000000e+00
  1.3347948e+00 1.1323063e+01 5.3130312e+00 4.7398925e+00 1.4023113e+00
  5.2404529e-01 2.3782961e+00 9.1494274e-01 7.7726893e+00 4.6038966e+00
  4.8921461e+00 7.3339564e-01 2.8927646e+00 1.6180167e-01 8.2565838e-01
  1.2627380e+00 4.0428767e+00 7.5121198e+00 5.7852669e+00 3.5742979e+00
  1.9902954e+00 6.5645581e-01 9.5733881e-01 1.8751845e-01 2.3706024e+00
  6.0888081e+00 3.4376827e-01 0.0000000e+00 5.9520035e+00 1.9748876e+00
  1.8083928e+00 8.0193920e+00 2.3286180e+00 2.2366017e-02 5.7437139e+00
  3.4192898e+00 1.0862250e+00 1.0001065e+01 2.6299012e+00 3.8271708e+00
  1.5553172e+00 0.0000000e+00 2.8173933e+00 2.4280798e+00 1.1428220e+00
  5.4005475e+00 2.2544267e+00 4.1828999e-01 3.8416898e+00 4.0157261e+00
  6.8655543e-02 2.6335926e+00 3.5177901e+00 4.1343441e+00 7.8825384e-01
  1.7660310e+00 2.7756033e-02 1.2827284e+00 3.6913633e+00 9.7152136e-02
  3.2417226e-01 5.7965085e-02 1.8601198e+00 3.9426258e+00 1.9065058e+00
  7.1800977e-02 2.4057434e+00 6.7348891e-01 2.1114202e-01 7.3896027e-01
  3.6588317e-01 5.8120613e+00 1.5814584e+00 2.5288632e+00 9.8960131e-01
  2.4431477e+00 1.2163395e+00 3.5476197e-02 2.9691491e+00 5.9218259e+00
  4.7471514e+00 1.8868466e-01 1.1623193e+00 0.0000000e+00 1.8863293e+01
  5.0787673e+00 3.5211498e-01 3.6363158e+00 2.6337200e-01 5.7061396e+00
  4.2316183e-02 2.9037189e-01 1.5762656e+00 5.1560330e+00 3.9508462e-01
  2.5103214e-01 2.2814963e+00 7.3827010e-01 9.0595555e-01 1.3521339e+00
  2.9784033e-02 4.3765826e+00 4.3834519e-01 4.7961326e+00 0.0000000e+00
  1.0195001e+00 9.4058102e-01 1.2601678e+00 8.6581573e-02 2.7080229e-01
  2.1089494e+00 4.6169993e-01 2.0429990e+00 3.5238726e+00 7.0595199e-01
  6.0412234e-01 3.7151623e+00 3.0175231e+00 1.9659066e+00 9.7190452e-01
  2.2835445e+00 1.1873740e+00 1.4022303e+00 3.1930709e-01 1.6044062e+00
  9.5525134e-01 9.0458137e-01 3.7486634e+00 5.9391127e+00 1.7903118e+00
  4.6613092e+00 2.2188997e+00 1.1319757e+00 4.4391561e+00 2.6433280e-01
  2.3512666e+00 4.1541877e+00 2.7242534e+00 8.3705433e-02 9.7159920e+00
  8.1230478e+00 2.0911479e-01 3.3946773e-01 1.3551757e+00 1.8546823e+00
  3.6999826e+00 1.6247085e+00 4.5569844e+00 1.1741723e+00 4.6629734e+00
  8.8962293e-01 6.2672037e-01 4.2212739e+00 1.3999388e+00 2.4218204e+00
  7.9645419e-01 5.0406066e-05 3.1098631e-01 1.7198358e+00 2.1196632e+00
  4.4844885e+00 2.2156107e+00 2.8291416e+00 2.2593040e+00 1.1699232e+00
  1.1546961e+00 2.4298882e+00 1.1103742e-01 2.9018879e+00 6.4692444e-01
  2.4340941e-01 1.4930741e+00 0.0000000e+00 1.1754714e+00 2.3153255e+00
  1.6701801e+00 2.4806514e+00 5.9565592e+00 1.6583033e+00 7.2325702e+00
  1.9626017e+00 1.7296709e+00 4.1368198e+00 4.9855461e+00 2.5292933e-01
  3.2689779e+00 8.0942005e-01 2.2039919e+00 4.7871131e-01 5.3182149e-01
  1.3802258e+00 6.1965185e-01 4.7172513e+00 7.4068809e-01 2.6920860e+00
  1.4248952e+00 2.4906623e+00 4.8553505e+00 4.1667342e+00 7.0336962e-01
  6.8234921e+00 4.4044032e+00 7.4690485e-01 3.1558897e+00 5.4647341e+00
  1.4247223e+00 2.7993824e+00 4.3820572e-01 5.9431877e+00 5.4721742e+00
  0.0000000e+00 2.1092789e+00 1.0184826e+00 4.6622968e-01 5.8656228e-01
  2.1536732e+00 3.8885634e+00 3.2418184e+00 1.3838246e+00 5.0071201e+00
  8.4048665e-01 1.2173333e+00 8.5096925e-01 6.1373005e+00 8.8222706e-01
  3.3650920e+00 6.6079521e+00 1.4675273e+00 2.0378828e+00 1.0569276e+00
  1.4363855e+00 9.3051157e+00 1.0858214e-01 1.3035532e+00 2.2632561e+00
  5.9204664e+00 1.2675679e+00 3.6873467e+00 0.0000000e+00 5.8859092e-01
  1.1853489e+00 3.9051099e+00 1.6271026e+00 6.2158327e+00 4.2252011e+00
  1.3205277e+00 3.6844575e+00 4.7845140e+00 5.0391597e-01 4.0030794e+00
  1.8876750e+00 9.8449272e-01 7.8364938e-01 5.0748286e+00 0.0000000e+00
  2.5396528e+00 3.3600552e+00 3.4648440e+00 0.0000000e+00 1.2687039e+00
  2.0300260e+00 8.4386883e+00 2.5477867e+00 2.0508564e+00 3.6521137e+00
  7.0504513e+00 8.3793049e+00 4.9577713e+00 1.0916460e+00 2.5199211e+00
  2.3405223e+00 4.7661824e+00 9.9105015e+00 9.9681020e-01 3.9757180e-01
  0.0000000e+00 7.6603823e+00 9.3981867e+00 3.8608912e-01 1.4215394e+00
  1.5190201e+00 1.4626681e+01 2.0651293e+00 2.7097225e+00 0.0000000e+00
  1.5667155e-02 4.3476219e+00 7.6040804e-01 1.6320552e+00 6.2473564e+00
  1.6605530e+00 5.0766463e+00 4.7772512e+00 5.6857497e-01 1.2683356e+00
  7.9810300e+00 6.1525679e-01 6.0777938e-01 9.7401130e-01 2.4889126e+00
  1.0484873e+00 3.6496503e+00 0.0000000e+00 4.2984757e+00 5.9628487e-02
  1.4790897e+00 0.0000000e+00 0.0000000e+00 2.2858064e+00 2.9980500e+00
  3.1837192e-01 3.1127784e+00 6.9894452e+00 1.5392791e+00 2.2045362e+00
  1.8364033e+00 1.6849356e+00 2.0077350e+00 0.0000000e+00 3.9136727e+00
  1.0612117e+00 9.2153969e+00 0.0000000e+00 5.8168608e-01 1.2756747e-01
  3.1747062e+00 7.5257258e+00 5.8329339e+00 5.7608300e-01 3.0926225e-01
  9.9127312e+00 2.2271595e+00 3.9338591e+00 4.3520537e-01 5.4528012e+00
  1.1601090e+01 3.2648256e+00 9.0219349e-01 1.4971720e+00 8.5772157e-02
  1.1212659e+00 2.6561635e+00 1.2932165e-01 4.6368799e+00 1.8180958e+00
  1.1430037e+00 2.3678007e+00 3.0942135e+00 3.6790397e+00 9.1275632e-01
  5.2477539e-01 6.1599503e+00 5.9296173e-01 5.7657963e-01 2.0304413e+00
  2.0981381e+00 1.3788432e+00 1.7631048e+00 2.6195312e+00 5.6218867e+00
  2.4628789e+00 0.0000000e+00 4.4155574e+00 1.5305593e+00 1.7728872e+00
  8.6759824e-01 3.5227254e-01 4.9471703e+00 1.2049950e+00 2.7958179e+00
  4.4829240e-01 0.0000000e+00 1.7524855e+00 2.1942356e+00 1.0504748e-01
  1.1263139e-01 0.0000000e+00 4.2083664e+00 9.0186796e+00 1.6754091e+00
  1.9136206e+00 5.3096004e+00 1.4145319e+00 7.2777885e-01 1.6024389e+00
  1.4363743e-01 3.0196390e-01 2.0512478e+00 3.5635743e+00 1.4648207e-01
  4.5340071e+00 1.6226015e+00 2.3804174e-01 1.0645048e-03 1.4998485e+00
  0.0000000e+00 7.5722790e-01 4.2222735e-01 2.3736429e+00 1.1382827e+00
  1.6923574e-01 1.5634704e+00 1.0118371e+00 1.9570009e+00 1.4877554e+00
  1.0865770e-01 1.8133764e+00 3.4324379e+00 5.7005887e+00 1.2264212e+00
  7.9442614e-01 1.1262727e+01 5.4485435e+00 1.2592056e+00 5.4354792e+00
  6.5430492e-01 3.3073907e+00 1.2487379e+00 2.7514150e+00 1.5086572e+00
  6.5239888e-01 1.2916083e+00 5.7106724e+00 1.7311654e+00 1.1449135e-02
  2.7708476e+00 3.2966437e+00 3.1260723e-01 4.2726974e+00 3.0154796e+00
  3.1808794e+00 5.6742519e-02 8.7003857e-02 2.2133119e+00 1.5021613e+00
  8.2991874e-01 3.0927405e+00 2.5604534e+00 1.9046321e+00 3.1274896e+00
  7.8875047e-01 2.0306835e+00 4.8341300e-02 2.7863710e+00 4.3886695e+00
  3.4794898e+00 1.4339629e+00 2.0508807e+00 3.2408023e+00 1.7922809e+00
  2.9192283e+00 1.7679922e-01 5.6417441e+00 1.7659998e+00 5.4147404e-01
  1.4906068e+01 8.7090909e-01 5.9608275e-01 4.7425002e-01 3.0809978e-01
  7.6849699e-01 8.1045732e+00 5.7410111e+00 3.8399203e+00 9.8683588e-02
  4.7069635e+00 6.2539357e-01]]