[[2.02999091e+00 3.87395835e+00 1.61048338e-01 1.00136805e+00
  1.13189018e+00 8.77105236e+00 7.02312183e+00 4.54510212e+00
  4.22212362e+00 4.38799292e-01 3.76608396e+00 2.54425383e+00
  3.34006524e+00 2.53321362e+00 3.01226783e+00 1.95121574e+00
  7.55933642e-01 4.20722198e+00 1.38162911e+00 7.09415483e+00
  1.32564932e-01 6.48990345e+00 5.87186146e+00 1.81340623e+00
  1.82792082e-01 6.01443434e+00 1.24878597e+00 7.31143177e-01
  3.97538567e+00 3.02455235e+00 6.95327580e-01 7.88140595e-01
  6.89069703e-02 7.35096359e+00 1.39308357e+00 0.00000000e+00
  4.58215445e-01 0.00000000e+00 2.36633635e+00 1.74093950e+00
  0.00000000e+00 7.31460524e+00 3.13225806e-01 3.25363064e+00
  0.00000000e+00 3.86485457e+00 7.52618837e+00 2.60004735e+00
  6.32707453e+00 2.71349490e-01 1.52508125e+01 7.01404154e-01
  1.03650677e+00 1.91350818e+00 1.45300448e+00 4.52506161e+00
  5.01321197e-01 4.82529449e+00 0.00000000e+00 5.30537891e+00
  1.45214593e+00 1.01913300e+01 4.09822845e+00 5.40853834e+00
  3.48923612e+00 3.75128299e-01 2.70326042e+00 1.17646909e+00
  1.96003830e+00 1.14376672e-01 3.95637436e+01 1.13327876e-01
  0.00000000e+00 7.51063919e+00 2.97647619e+00 4.66500616e+00
  5.61351776e+00 5.92317760e-01 5.98211241e+00 7.95853043e+00
  4.69741869e+00 4.15501738e+00 6.10576963e+00 1.78309631e+00
  6.94014025e+00 5.34096098e+00 0.00000000e+00 1.16125397e-01
  3.01820374e+00 5.17909288e-01 8.43217087e+00 1.51377344e+00
  1.08413649e+00 7.28929186e+00 3.76620579e+00 1.91889238e+00
  7.45603991e+00 1.70336187e+00 5.25845385e+00 9.91801441e-01
  3.41693789e-01 1.53876156e-01 1.25860274e+00 9.30886173e+00
  7.82381654e-01 3.74174714e-01 6.65141463e-01 4.23100710e+00
  6.51265335e+00 1.12112105e+00 1.03289291e-01 2.76592612e+00
  9.04715896e-01 6.52106822e-01 2.19658375e+00 1.74355352e+00
  2.92514420e+00 2.05771708e+00 1.36837125e-01 6.50886238e-01
  3.44386625e+00 1.14081264e+00 0.00000000e+00 2.60740805e+00
  3.13664055e+00 4.41309786e+00 1.17433381e+00 0.00000000e+00
  0.00000000e+00 2.19584770e+01 4.34167910e+00 1.59930968e+00
  1.05672379e+01 1.07937539e+00 3.51955390e+00 2.51752734e+00
  2.18682957e+00 5.30568957e-01 6.46197844e+00 7.59410322e-01
  1.59830976e+00 9.91355610e+00 4.63869959e-01 6.07008040e-01
  3.09791946e+00 3.78045964e+00 5.45018721e+00 6.23049378e-01
  3.32055759e+00 4.78506356e-01 3.05112988e-01 3.15127635e+00
  1.81049538e+00 3.59165430e+00 0.00000000e+00 1.79997039e+00
  2.92901099e-01 4.44089985e+00 8.63088548e-01 6.02873945e+00
  4.78998601e-01 1.05054703e+01 4.30127001e+00 2.10426426e+00
  2.77843046e+00 1.99497676e+00 4.01246279e-01 2.21384549e+00
  9.87279177e-01 3.75022739e-01 3.01226258e-01 1.57686448e+00
  1.98017061e-01 1.92473831e+01 6.61062813e+00 4.58033609e+00
  8.11638737e+00 2.03436685e+00 7.63887787e+00 1.26072991e+00
  5.16078323e-02 6.22483730e+00 3.16588616e+00 4.22491848e-01
  9.65782738e+00 1.98164523e+00 9.79695201e-01 2.96241522e-01
  7.22243690e+00 1.86774564e+00 4.26400244e-01 5.12413025e-01
  2.32080892e-01 2.10296726e+00 6.51940441e+00 8.76253128e+00
  3.02604580e+00 5.32516956e+00 4.26513243e+00 2.75631994e-01
  3.68535948e+00 3.66954952e-01 7.05697298e-01 0.00000000e+00
  2.00902224e+00 1.47663307e+00 3.03004551e+00 5.55652905e+00
  3.62597871e+00 1.09568157e+01 1.67040363e-01 5.41089678e+00
  2.27367043e+00 3.36073637e+00 4.03395116e-01 1.14230609e+00
  2.82443810e+00 0.00000000e+00 3.94008338e-01 1.87728643e+00
  2.25203967e+00 2.14961839e+00 4.01022482e+00 6.65564775e-01
  6.04796076e+00 3.18244958e+00 3.33249521e+00 1.82024062e+00
  1.72532308e+00 2.02972627e+00 7.18445301e+00 2.30529451e+00
  4.00644159e+00 2.19814688e-01 1.19629455e+00 1.20156062e+00
  3.17415571e+00 3.47284770e+00 1.54880702e-01 4.15238810e+00
  2.55153656e-01 3.27022409e+00 1.02805793e+00 2.15889478e+00
  2.38057947e+00 5.20021582e+00 3.84512806e+00 1.62750438e-01
  3.96942568e+00 1.15837030e+01 1.68458867e+00 3.03834939e+00
  1.26616859e+00 5.73069239e+00 9.27010655e-01 0.00000000e+00
  5.37059355e+00 5.15455231e-02 2.20247582e-01 1.77341962e+00
  8.17142677e+00 5.04704428e+00 0.00000000e+00 0.00000000e+00
  1.47873795e+00 3.34951162e+00 2.98688745e+00 1.29619678e-02
  8.98219013e+00 2.04063988e+00 2.15856767e+00 9.82112885e+00
  4.96384919e-01 7.91304037e-02 2.22448850e+00 0.00000000e+00
  2.91392040e+00 8.64376426e-02 7.01420069e-01 4.22774792e+00
  3.76567364e+00 1.34150252e-01 1.36297441e+00 1.44034147e-01
  6.33543873e+00 1.17396688e+00 8.42417240e+00 8.95101726e-01
  6.64412165e+00 3.67551279e+00 9.42243457e-01 0.00000000e+00
  1.24104176e+01 2.83784151e+00 2.04546785e+00 7.56727123e+00
  4.15808868e+00 9.54697907e-01 4.69481182e+00 1.37807786e+00
  3.42947578e+00 2.54126763e+00 1.09604845e+01 2.39706850e+00
  6.71095610e+00 1.23819582e-01 8.68100166e+00 3.89896560e+00
  2.07841253e+00 6.09155893e-01 7.77641535e+00 5.49328041e+00
  2.91835737e+00 4.20524549e+00 2.76092958e+00 2.91178417e+00
  8.27759457e+00 2.51638150e+00 1.37302542e+00 9.04057145e-01
  3.52337003e+00 1.64591770e+01 1.47411954e+00 2.99749351e+00
  2.62656260e+00 1.11356819e+00 8.53512287e+00 2.78590750e-02
  5.24994707e+00 2.60374308e-01 2.31204435e-01 1.71166039e+00
  8.74306023e-01 2.61650300e+00 6.86565685e+00 1.07209206e+00
  6.73363256e+00 2.40915203e+00 1.11715727e-01 2.31295213e-01
  7.09268522e+00 1.82933822e-01 5.23594809e+00 2.92835534e-02
  4.10858059e+00 3.02166998e-01 3.73128271e+00 0.00000000e+00
  2.53937364e+00 1.45522151e-02 1.39343217e-02 1.84700871e+00
  2.23736787e+00 4.48475093e-01 1.70809937e+00 5.01577556e-01
  3.88035059e+00 5.98645258e+00 7.10532188e-01 1.82567406e+00
  8.15013885e+00 2.54775763e-01 1.09683268e-01 1.61433816e+00
  2.20247436e+00 6.61316752e-01 7.29549694e+00 1.40465039e-03
  1.71329844e+00 1.92579441e-02 1.74535739e+00 4.10005522e+00
  4.47559595e+00 7.32450902e-01 2.21422815e+00 2.63822842e+00
  3.15894270e+00 4.41403055e+00 1.32685453e-01 8.84037399e+00
  8.94499397e+00 2.92533851e+00 6.02294350e+00 2.16698790e+00
  2.91686535e-01 5.60626566e-01 2.40064740e+00 1.74652112e+00
  3.76639628e+00 2.71536469e+00 1.84289289e+00 6.35703468e+00
  2.28081441e+00 3.53518677e+00 1.07536840e+00 3.16845989e+00
  2.93385649e+00 1.85784519e+00 7.16629565e-01 1.82939029e+00
  2.52957249e+00 6.27931929e+00 1.58536744e+00 4.72846061e-01
  1.36409926e+00 4.24220896e+00 0.00000000e+00 3.50526714e+00
  5.61520195e+00 1.02121031e+00 4.83965969e+00 1.67371535e+00
  2.68517703e-01 2.27974176e+00 0.00000000e+00 6.51634336e-01
  5.41989684e-01 8.68406177e-01 9.43908632e-01 1.18721139e+00
  4.40804154e-01 8.76392517e-03 5.29292226e-01 1.89338934e+00
  1.63757229e+00 5.17330074e+00 4.87441349e+00 2.09571719e+00
  1.23865962e+00 3.88010788e+00 2.63900328e+00 8.47112477e-01
  3.12969279e+00 1.55042086e+01 6.35574460e-01 1.07492304e+00
  7.51408100e+00 5.32660723e-01 2.24975586e-01 4.40776730e+00
  0.00000000e+00 2.45588884e-01 9.96633470e-02 7.22148418e-01
  1.29608000e-02 1.24771744e-01 4.82479632e-01 1.15524280e+00
  3.55566835e+00 1.35150361e+00 0.00000000e+00 1.35571575e+00
  1.66942096e+00 9.53219318e+00 2.77473927e+00 7.24423677e-02
  9.82221222e+00 1.13709819e+00 1.62160647e+00 2.20933175e+00
  2.23266743e-02 7.53690863e+00 1.87107813e+00 1.46230078e+00
  7.97727644e-01 2.03316236e+00 2.00826049e+00 1.90329933e+00
  4.84590912e+00 2.54202867e+00 0.00000000e+00 7.21170473e+00
  1.12172282e+00 4.63768721e-01 9.49935734e-01 7.71781158e+00
  1.79914162e-01 1.70903432e+00 2.95160389e+00 1.35113865e-01
  4.76274371e-01 6.63948894e-01 5.91762543e+00 3.70028591e+00
  3.05940092e-01 2.12959409e+00 6.47352170e-03 2.95468062e-01
  1.82189131e+00 6.47040749e+00 4.62816620e+00 2.12502623e+00
  4.08210611e+00 2.24779487e+00 7.24263906e+00 5.23176718e+00
  3.72848898e-01 7.08267879e+00 1.53056180e+00 2.31654954e+00
  2.75055742e+00 2.13780427e+00 1.80766249e+00 1.12011719e+00
  3.40149671e-01 1.04855420e-02 7.16275978e+00 4.74439287e+00
  4.46241045e+00 1.57838273e+00 5.94891930e+00 0.00000000e+00]]