[[3.68687421e-01 3.59228301e+00 4.38302374e+00 6.32490218e-01
  1.96563280e+00 5.82884693e+00 9.56681442e+00 6.16988719e-01
  1.93207145e+00 9.16358173e-01 4.59219122e+00 6.75264239e-01
  2.85283828e+00 3.72969842e+00 7.45831537e+00 4.28783846e+00
  4.22391534e-01 3.27614427e+00 9.07007813e-01 4.78277683e+00
  3.49865699e+00 3.81709671e+00 9.71798539e-01 0.00000000e+00
  4.88377661e-01 5.64192438e+00 3.28561552e-02 9.54379290e-02
  8.46973658e-01 3.76850152e+00 8.09573606e-02 5.23609102e-01
  4.16619015e+00 4.36496115e+00 1.99355865e+00 9.39154387e-01
  1.45590651e+00 7.16700554e-02 2.57703257e+00 4.95548010e+00
  3.43570322e-01 0.00000000e+00 2.00020337e+00 3.30909228e+00
  1.87156391e+00 1.28855801e+00 2.26219869e+00 4.00919825e-01
  7.38852143e-01 9.15946102e+00 0.00000000e+00 0.00000000e+00
  8.34291875e-01 4.73218948e-01 2.87642074e+00 2.84703302e+00
  4.60421610e+00 1.33950806e+01 9.44066942e-01 8.12054157e-01
  2.99577498e+00 2.45762706e+00 8.64225769e+00 9.08361137e-01
  3.26337671e+00 7.58967733e+00 3.02934766e+00 6.34768629e+00
  9.29581001e-03 4.40612841e+00 1.47244227e+00 6.76319063e-01
  0.00000000e+00 1.25293789e+01 4.04549837e+00 0.00000000e+00
  1.13721979e+00 0.00000000e+00 2.28057146e+00 2.16378975e+00
  4.31299591e+00 1.42538869e+00 2.63919234e+00 5.30554727e-02
  8.87657940e-01 4.93866205e+00 1.36181355e+00 0.00000000e+00
  1.00346088e+00 0.00000000e+00 1.51037445e+01 9.92442846e-01
  0.00000000e+00 7.76700497e-01 2.25137379e-02 2.18039438e-01
  7.94233263e-01 5.52392340e+00 1.86160231e+00 3.03851337e+01
  2.25572085e+00 2.04948616e+00 3.85973787e+00 3.59911585e+00
  4.33474064e-01 1.47001231e+00 1.82182872e+00 0.00000000e+00
  4.07925665e-01 3.18856883e+00 6.98456585e-01 7.86939204e-01
  0.00000000e+00 1.42851830e+00 8.42487812e+00 1.49596524e+00
  7.60436249e+00 5.38990617e-01 1.77695835e+00 3.44563127e+00
  5.11121094e-01 1.17157161e+00 0.00000000e+00 1.97850847e+00
  0.00000000e+00 2.92594504e+00 0.00000000e+00 0.00000000e+00
  0.00000000e+00 6.67504263e+00 1.55622494e+00 2.10799265e+00
  1.42875361e+00 1.12234555e-01 4.86743562e-02 3.46508074e+00
  6.91136718e-02 5.95251560e-01 6.49806678e-01 2.51474261e+00
  6.03948951e-01 4.45309728e-01 3.40623307e+00 2.36725998e+00
  1.33656883e+00 1.65533710e+00 0.00000000e+00 3.78311314e-02
  2.98198056e+00 5.55750191e-01 1.59141910e+00 2.70168513e-01
  3.70561290e+00 2.19653815e-01 9.48651195e-01 1.99508381e+00
  6.06564474e+00 7.96835756e+00 8.68089199e+00 6.31017745e-01
  1.58683524e-01 6.38862991e+00 3.46707368e+00 7.65303373e+00
  5.90177822e+00 0.00000000e+00 0.00000000e+00 6.16297770e+00
  2.71725535e-01 8.16302586e+00 8.71480823e-01 5.19883728e+00
  4.71054745e+00 2.81948000e-01 1.39143229e-01 2.65245771e+00
  0.00000000e+00 1.56314838e+00 4.86617899e+00 2.93294978e+00
  8.93503952e+00 0.00000000e+00 1.18200083e+01 1.05177224e+00
  0.00000000e+00 3.85022640e-01 4.18064022e+00 9.63494182e-02
  6.56879485e-01 1.88150263e+00 0.00000000e+00 0.00000000e+00
  6.56331539e-01 5.01384258e+00 0.00000000e+00 0.00000000e+00
  1.68852580e+00 1.51992083e+00 0.00000000e+00 1.87638640e+00
  4.24627781e+00 2.13835165e-02 0.00000000e+00 0.00000000e+00
  5.88384581e+00 1.60800636e+00 0.00000000e+00 8.14340234e-01
  8.97218823e-01 2.71872759e+00 2.94539356e+00 3.29417825e+00
  4.10008639e-01 2.52549219e+00 2.59370267e-01 0.00000000e+00
  0.00000000e+00 1.61180234e+00 4.21441031e+00 1.53016877e+00
  1.63537383e-01 2.20882392e+00 5.61157084e+00 9.66444492e-01
  7.17176914e-01 2.99761534e+00 2.28363156e+00 0.00000000e+00
  5.61508656e+00 5.27759254e-01 1.23558021e+00 4.24653339e+00
  4.03333950e+00 1.36484432e+00 1.45224929e+00 3.22866011e+00
  9.39248443e-01 4.34609222e+00 1.47741699e+00 6.18992329e+00
  1.36488652e+00 0.00000000e+00 1.54341209e+00 2.00450563e+00
  5.26973844e-01 1.18331976e+01 6.27667999e+00 5.45612633e-01
  4.05163574e+00 7.13995743e+00 1.55635440e+00 6.20362139e+00
  1.71604395e-01 2.39056659e+00 1.88750148e+00 1.19807625e+00
  4.57551527e+00 1.49529829e+01 1.41012859e+00 3.28486133e+00
  6.38131380e-01 1.90920925e+00 0.00000000e+00 2.31747723e+00
  1.58417523e+00 0.00000000e+00 1.25339007e+00 5.17213583e+00
  5.79671669e+00 1.60395765e+00 6.44026279e+00 3.77210283e+00
  6.08555460e+00 1.38769472e+00 3.38407564e+00 2.51191068e+00
  1.32651119e+01 2.78672874e-01 4.73533720e-01 8.03880990e-02
  4.56142521e+00 3.19801235e+00 1.18871403e+00 1.40954033e-01
  3.08108211e+00 0.00000000e+00 5.88218033e-01 2.33305645e+00
  9.71207440e-01 4.57010001e-01 0.00000000e+00 1.39311063e+00
  5.90192854e-01 4.11046839e+00 2.94819450e+00 1.34308326e+00
  6.31226420e-01 3.15638930e-01 2.43358806e-01 1.75779089e-01
  3.23901153e+00 0.00000000e+00 3.08624196e+00 3.99073863e+00
  1.17575216e+00 0.00000000e+00 1.19417131e+00 4.27469760e-01
  5.03331137e+00 0.00000000e+00 7.89440918e+00 0.00000000e+00
  0.00000000e+00 0.00000000e+00 5.02938032e-01 0.00000000e+00
  7.88293242e-01 8.06624413e+00 6.52558661e+00 5.34542799e+00
  4.25431490e+00 2.01853186e-01 1.29441783e-01 2.77259254e+00
  3.60199189e+00 5.10491800e+00 4.74160528e+00 0.00000000e+00
  2.97480679e+00 4.62228632e+00 2.81363609e-03 5.70133877e+00
  1.07465875e+00 6.10111177e-01 4.04355621e+00 2.21211290e+00
  3.27655959e+00 2.47680140e+00 5.00124335e-01 1.03876376e+00
  2.23489022e+00 1.59093276e-01 0.00000000e+00 7.79692054e-01
  1.58250511e+00 6.75775766e+00 0.00000000e+00 0.00000000e+00
  2.81729072e-01 0.00000000e+00 1.42932343e+00 3.35508204e+00
  3.91035110e-01 3.98715329e+00 1.74895421e-01 2.76775330e-01
  2.26712346e+00 1.35857296e+01 2.88984084e+00 6.56205416e-01
  9.67312455e-01 2.15887591e-01 5.87152910e+00 5.45795059e+00
  3.70552683e+00 3.25441766e+00 3.18154669e+00 2.57743120e+00
  1.70202982e+00 5.29594088e+00 1.17097951e-01 1.86219478e+00
  0.00000000e+00 1.84149790e+00 0.00000000e+00 6.00881636e-01
  8.79743602e-03 2.49237156e+00 0.00000000e+00 5.26183081e+00
  8.21473789e+00 2.72409534e+00 1.24821043e+00 5.57544649e-01
  4.21501446e+00 1.36684015e-01 2.26065230e+00 1.17407776e-01
  2.60668015e+00 1.12662721e+00 0.00000000e+00 6.97745180e+00
  1.22813625e+01 6.31334209e+00 0.00000000e+00 6.53483963e+00
  1.92524433e+00 1.68410385e+00 1.30450761e+00 9.63935554e-01
  3.78125119e+00 7.92180157e+00 6.05701494e+00 8.79461575e+00
  1.51079679e+00 0.00000000e+00 0.00000000e+00 1.85324061e+00
  8.78745914e-02 2.82561690e-01 8.57278252e+00 9.80457723e-01
  0.00000000e+00 1.49256900e-01 2.92404461e+00 2.45521522e+00
  0.00000000e+00 3.56066108e-01 0.00000000e+00 9.65493321e-01
  8.44674706e-01 7.32802570e-01 5.96519053e-01 2.62097263e+00
  4.31053251e-01 1.31039977e+00 7.95403600e-01 7.04228926e+00
  5.14002657e+00 0.00000000e+00 2.63297319e+00 1.38137722e+00
  2.50043321e+00 1.75190818e+00 4.02378893e+00 1.74766083e+01
  4.05713701e+00 5.98935080e+00 4.78451371e-01 1.88289189e+00
  1.08480370e+00 0.00000000e+00 1.78146660e+00 8.56814289e+00
  1.22589849e-01 2.43134767e-01 9.20376256e-02 4.81995568e-02
  6.41391563e+00 6.26272261e-01 0.00000000e+00 5.84695196e+00
  4.11209583e+00 4.87686348e+00 3.32134664e-01 2.61582708e+00
  3.62217951e+00 4.55381775e+00 0.00000000e+00 4.90558672e+00
  5.11625242e+00 2.27237368e+00 8.48406887e+00 2.71989417e+00
  0.00000000e+00 0.00000000e+00 1.06632340e+00 0.00000000e+00
  6.17349291e+00 7.36792982e-01 9.23232257e-01 4.85981442e-03
  2.51176906e+00 1.22754927e+01 0.00000000e+00 2.89126968e+00
  4.90258026e+00 3.35124373e-01 8.56950879e-01 2.31718397e+00
  3.01208287e-01 2.68058062e+00 6.00192726e-01 2.42461634e+00
  0.00000000e+00 6.05861950e+00 2.48979640e+00 0.00000000e+00
  1.67124629e+00 3.17065924e-01 9.14068580e-01 4.64591932e+00
  6.61344826e-01 8.14568233e+00 4.19281435e+00 7.53350496e-01
  1.19817173e+00 2.33379889e+00 3.23028266e-01 5.92018986e+00
  3.29100513e+00 2.39094782e+00 7.78366947e+00 8.13426018e+00
  4.97423124e+00 9.51858222e-01 2.39986277e+00 4.20668088e-02
  4.38648850e-01 0.00000000e+00 2.32615542e+00 4.01630497e+00]]