[[2.78953123e+00 1.95755517e+00 2.83869100e+00 2.97608584e-01
  7.50866413e-01 5.01284122e-01 7.23964214e+00 3.41523838e+00
  2.69251108e+00 3.70086163e-01 2.33961916e+00 2.13654637e+00
  5.71008146e-01 1.46775293e+00 6.02467442e+00 6.87980604e+00
  0.00000000e+00 0.00000000e+00 0.00000000e+00 1.15017617e+00
  3.40929079e+00 2.63865757e+00 6.19293451e-01 9.85070243e-02
  7.69080639e-01 1.29541264e+01 2.65476394e+00 0.00000000e+00
  1.95560247e-01 6.08819544e-01 9.02846515e-01 0.00000000e+00
  1.08230734e+00 2.86290050e+00 2.44106520e-02 9.18188930e-01
  3.58265114e+00 1.98548418e-02 9.81412983e+00 9.56922531e+00
  4.59144741e-01 1.14488208e+00 3.60845232e+00 3.28211331e+00
  1.27004430e-01 4.00621319e+00 2.47263598e+00 3.11698258e-01
  5.12056303e+00 1.15824497e+00 2.33094454e+00 1.77136250e-03
  2.34694228e-01 3.74583274e-01 8.10648084e-01 5.11696815e+00
  8.04297626e-01 2.35558987e+00 2.29178667e+00 1.92152441e+00
  3.32897669e-03 1.22172081e+00 6.45930004e+00 3.02477956e+00
  4.63970470e+00 8.30478096e+00 3.14578563e-01 1.57407417e+01
  1.08323956e+00 3.84921384e+00 3.03496671e+00 2.52877593e-01
  4.42517340e-01 1.32175589e+01 0.00000000e+00 7.37882435e-01
  0.00000000e+00 1.62972182e-01 2.68375516e-01 8.13922215e+00
  1.19118936e-01 1.98909247e+00 2.95612979e+00 0.00000000e+00
  9.79862630e-01 2.33187890e+00 1.20121658e+00 1.61923742e+00
  4.32853842e+00 0.00000000e+00 4.55923128e+00 6.26453936e-01
  2.87381220e+00 1.65312922e+00 3.02637070e-01 1.81366086e+00
  6.55316830e-01 3.01899934e+00 5.13726950e+00 6.19259644e+00
  3.95066500e-01 9.60164145e-02 3.77299309e+00 1.58702028e+00
  6.49943304e+00 5.15708256e+00 5.04531205e-01 0.00000000e+00
  1.68469477e+00 5.18366218e-01 4.32363421e-01 2.34988904e+00
  2.43617386e-01 2.50622094e-01 5.36493397e+00 6.64366901e-01
  5.88801956e+00 2.94195843e+00 1.87499797e+00 4.88246584e+00
  2.49001950e-01 4.80385208e+00 0.00000000e+00 5.63998985e+00
  7.95399189e+00 2.99277484e-01 3.37779307e+00 0.00000000e+00
  0.00000000e+00 1.89817924e+01 1.93798959e-01 4.16819714e-02
  3.31711173e-01 1.73359543e-01 6.33310795e-01 3.28015208e+00
  9.71818745e-01 1.20414424e+00 8.09662819e+00 2.61378002e+00
  1.39782166e+00 2.38568157e-01 7.33504105e+00 2.23837185e+00
  1.52581205e+01 7.92751014e-01 7.09205568e-01 0.00000000e+00
  2.23957562e+00 2.55442858e-01 1.55298197e+00 1.50738072e+00
  5.27714789e-02 3.95675562e-03 8.27823937e-01 1.28388202e+00
  8.39347780e-01 4.54851389e+00 5.30905962e+00 2.60902643e+00
  1.24767534e-01 5.78020000e+00 3.93756294e+00 0.00000000e+00
  5.74953175e+00 1.85843360e+00 3.00959063e+00 5.61357069e+00
  1.35333747e-01 3.95259595e+00 0.00000000e+00 1.46210343e-01
  5.39784956e+00 8.75027370e+00 1.81797504e+00 4.09846210e+00
  0.00000000e+00 9.01232660e-02 1.19987183e+01 2.26915908e+00
  3.23241448e+00 9.15167853e-02 5.54929256e+00 1.38913107e+00
  2.65141785e-01 4.46858835e+00 3.09716702e+00 3.66119766e+00
  1.17442560e+00 5.20937026e-01 1.94559488e-02 4.90773153e+00
  1.01096144e+01 5.52911234e+00 3.05767941e+00 6.53752834e-02
  2.68169105e-01 5.37805033e+00 7.28023815e+00 0.00000000e+00
  2.09533715e+00 0.00000000e+00 8.33440423e-01 8.74166310e-01
  8.37071800e+00 6.40862525e-01 0.00000000e+00 4.00102043e+00
  3.11093718e-01 5.17671776e+00 6.51965904e+00 1.51062369e+00
  1.10315070e-01 5.82539129e+00 0.00000000e+00 0.00000000e+00
  1.00266922e+00 2.88019180e-01 4.86108139e-02 1.18236780e+00
  0.00000000e+00 3.18426394e+00 3.62824368e+00 0.00000000e+00
  1.83800682e-01 4.71617174e+00 5.50211430e-01 1.80317879e-01
  1.59736037e+00 2.41154552e+00 1.58575580e-01 1.95161903e+00
  3.53380156e+00 5.66607654e-01 5.56949914e-01 1.49788105e+00
  4.50661093e-01 8.70534897e+00 1.79842782e+00 4.52880907e+00
  1.76308170e-01 3.04943562e+00 4.55984211e+00 7.59607136e-01
  6.25418842e-01 1.00762196e+01 6.37575817e+00 1.06820834e+00
  5.98761749e+00 4.82337284e+00 2.53554249e+00 3.88703257e-01
  0.00000000e+00 3.54343057e-01 3.31371307e-01 0.00000000e+00
  1.14504445e+00 5.08016348e-01 1.13053095e+00 0.00000000e+00
  2.71406078e+00 3.45061731e+00 0.00000000e+00 3.00010681e-01
  8.91633320e+00 5.48062897e+00 0.00000000e+00 3.27862144e+00
  1.26493001e+00 5.93774796e-01 3.82216263e+00 0.00000000e+00
  1.81685030e+00 1.37478328e+00 3.14184546e+00 4.73923087e-02
  5.25124121e+00 1.43416119e+00 0.00000000e+00 6.45851910e-01
  6.00534391e+00 6.26608312e-01 1.56080425e+00 1.12252450e+00
  1.31808150e+00 2.62555689e-01 1.13508141e+00 2.33372664e+00
  1.33880532e+00 4.50206637e-01 8.83081462e-03 6.28592491e-01
  3.24905324e+00 7.14526892e-01 4.30196190e+00 1.68646172e-01
  6.02897406e-01 7.78222442e-01 1.01016533e+00 6.22858107e-01
  3.89165211e+00 1.40533566e+00 7.46379566e+00 1.61387897e+00
  6.11839890e-01 2.73432994e+00 3.68559003e-01 1.10116708e+00
  4.80390453e+00 5.33135533e-01 6.39428377e-01 3.12236238e+00
  1.80594993e+00 1.14434049e-01 7.69701004e+00 3.15108411e-02
  8.06567609e-01 8.83250332e+00 3.72379017e+00 7.87702274e+00
  3.00777245e+00 2.95356941e+00 6.78892040e+00 1.42115009e+00
  1.10921764e+00 1.34503794e+00 7.62970924e+00 1.55851233e+00
  5.63878536e-01 0.00000000e+00 1.42002320e+00 2.09488654e+00
  2.10314798e+00 1.20940968e-01 9.48087692e+00 5.64724505e-01
  1.16187954e+00 9.32793331e+00 2.73202991e+00 2.28180027e+00
  3.49430710e-01 0.00000000e+00 0.00000000e+00 2.63480574e-01
  2.06701279e+00 4.68487167e+00 2.11176586e+00 0.00000000e+00
  1.77180791e+00 7.97279477e-02 0.00000000e+00 4.48692471e-01
  1.32647705e+00 0.00000000e+00 9.87069607e-01 2.09141716e-01
  1.80846274e-01 8.25322247e+00 1.03898072e+00 6.50424838e-01
  6.63433909e-01 0.00000000e+00 3.20243931e+00 9.59214211e-01
  2.21876693e+00 2.95411110e+00 2.34106522e+01 9.99751866e-01
  6.35526478e-02 0.00000000e+00 6.82490826e-01 6.13149226e-01
  0.00000000e+00 3.72038174e+00 6.20865710e-02 6.33903360e+00
  1.77255857e+00 1.94933683e-01 1.94953963e-01 2.20277977e+00
  1.54817200e+00 7.02318311e-01 6.57716870e-01 2.36111856e+00
  8.24826717e+00 0.00000000e+00 4.42418456e-01 0.00000000e+00
  1.18772256e+00 9.22544062e-01 5.51553965e-01 2.78482080e+00
  9.23495674e+00 1.26529753e+00 6.41671777e-01 2.14796591e+00
  8.89654160e+00 1.96238315e+00 1.63741517e+00 1.90073538e+00
  1.24801481e+00 1.21027021e+01 1.27509511e+00 3.93902826e+00
  5.03962612e+00 0.00000000e+00 0.00000000e+00 2.61084616e-01
  2.51717329e+00 2.81673729e-01 7.63218641e+00 1.06957005e-02
  6.60107136e-02 6.91800788e-02 2.48117268e-01 0.00000000e+00
  4.07478549e-02 1.25356281e+00 2.30643439e+00 1.44256139e+00
  0.00000000e+00 6.27582610e-01 8.28327179e+00 4.58574581e+00
  2.39342377e-02 6.35834515e-01 5.07132769e-01 1.13964319e+01
  4.57824135e+00 2.93183446e-01 6.60129833e+00 6.62672877e-01
  1.59029789e+01 3.98260665e+00 0.00000000e+00 4.52428484e+00
  6.41276932e+00 0.00000000e+00 8.35442245e-02 3.69437385e+00
  1.21093667e+00 5.14539108e-02 8.91229957e-02 1.27376413e+00
  1.48947775e-01 3.16306889e-01 0.00000000e+00 7.60521352e-01
  1.37640846e+00 4.03669327e-01 9.45391655e-01 0.00000000e+00
  3.31904268e+00 2.63791394e+00 2.59914160e+00 1.81788671e+00
  5.96792793e+00 8.82066727e+00 8.61226976e-01 5.57634020e+00
  9.81100500e-01 4.24043059e-01 5.97256422e-01 2.55897593e+00
  8.39485741e+00 0.00000000e+00 2.49473214e-01 2.21071690e-01
  3.30036688e+00 6.24840707e-02 7.25547266e+00 1.05753221e-01
  0.00000000e+00 1.66628399e+01 1.05776298e+00 8.05724114e-02
  0.00000000e+00 2.92605549e-01 1.32010912e-03 1.16296625e+00
  5.29823005e-01 6.21026158e-01 6.32001352e+00 2.38615656e+00
  0.00000000e+00 5.38576126e+00 4.51782107e-01 1.12782501e-01
  4.29452844e-02 0.00000000e+00 9.64200139e-01 7.56976557e+00
  5.98801851e-01 6.18533516e+00 2.89242554e+00 1.30707848e+00
  8.21872614e-03 6.75054979e+00 8.94620180e-01 1.09895587e+00
  1.17594376e+01 3.89497611e-03 3.54504418e+00 0.00000000e+00
  5.51469278e+00 2.53785700e-01 7.00518310e-01 2.73934031e+00
  4.09638822e-01 1.01628959e+00 9.95147109e-01 1.41369712e+00]]