[[1.27280593e-01 1.16517651e+00 3.21032238e+00 7.32118011e-01
  1.47722745e+00 1.56025231e+00 3.43731904e+00 4.17261720e-01
  3.23491645e+00 1.88070798e+00 1.51467240e+00 1.89581501e+00
  3.96500826e+00 6.37355137e+00 0.00000000e+00 2.70131803e+00
  4.88969755e+00 2.10416174e+00 1.92260838e+00 3.18996882e+00
  0.00000000e+00 2.20267868e+00 1.62714589e+00 2.23549461e+00
  5.56834862e-02 5.16608620e+00 6.01724863e+00 3.62607527e+00
  4.34496355e+00 2.70114869e-01 1.40149975e+00 1.59623313e+00
  6.71899140e-01 5.32598066e+00 3.55931211e+00 3.29598427e+00
  0.00000000e+00 3.11548978e-01 3.94598317e+00 2.07342005e+00
  7.09002638e+00 2.49870586e+00 4.61704493e+00 3.93325329e+00
  1.15852118e+00 1.45087290e+00 5.93741083e+00 8.49140704e-01
  4.03371716e+00 2.19346905e+00 6.53273106e-01 5.42289972e+00
  4.50414279e-03 4.61013412e+00 1.90887082e+00 5.23161793e+00
  3.21329737e+00 8.91932678e+00 3.19283557e+00 0.00000000e+00
  2.15335107e+00 1.08435357e+00 3.91776967e+00 2.17102432e+00
  0.00000000e+00 6.18383741e+00 2.07752013e+00 5.40034920e-02
  3.43205762e+00 1.00979865e+00 1.26172423e+00 1.57304287e+00
  4.33433914e+00 1.18741357e+00 3.26985812e+00 4.39757913e-01
  1.70000255e+00 3.04664493e+00 1.53927100e+00 1.27316266e-01
  0.00000000e+00 1.89002597e+00 6.27370262e+00 3.27083886e-01
  1.19195259e+00 6.04380035e+00 8.01033616e-01 9.82117951e-01
  7.72074509e+00 5.73755980e-01 1.88554883e+00 2.44348311e+00
  0.00000000e+00 1.09244919e+01 2.14917374e+00 1.10155880e+00
  1.24016583e+00 1.87535465e+00 2.05509281e+00 5.03348780e+00
  1.03181982e+00 4.66489649e+00 3.59012127e+00 7.76167679e+00
  7.58169699e+00 5.81682026e-01 1.29766285e+00 1.82757664e+00
  4.69241238e+00 1.53183556e+00 5.38566637e+00 3.43395209e+00
  1.03711033e+01 1.99922025e+00 1.74891448e+00 0.00000000e+00
  9.37943172e+00 3.62192929e-01 1.43930227e-01 4.83392954e+00
  6.27879560e-01 2.90350819e+00 4.88920975e+00 3.79143667e+00
  2.28320813e+00 7.26870871e+00 1.79009605e-02 0.00000000e+00
  1.93776739e+00 1.20567169e+01 3.35441422e+00 7.97700822e-01
  4.87543488e+00 2.03654647e+00 5.55354166e+00 7.44110775e+00
  8.79343092e-01 4.67056179e+00 5.44682145e-02 3.75144839e+00
  9.35993791e-01 1.02526391e+00 1.07359159e+00 4.03989172e+00
  1.88428652e+00 3.06348228e+00 2.52197337e+00 1.73151255e-01
  0.00000000e+00 3.20807624e+00 4.01582861e+00 8.20304298e+00
  3.52025843e+00 4.64196539e+00 1.67692518e+00 1.96409857e+00
  3.70673561e+00 2.30051351e+00 2.13329077e+00 3.40112858e-02
  2.45289993e+00 0.00000000e+00 4.82460451e+00 9.00276080e-02
  5.56496763e+00 4.26851034e+00 1.46627617e+00 9.04672241e+00
  1.83429146e+00 5.16509581e+00 1.08406811e+01 2.53813457e+00
  4.17323875e+00 1.58392906e+00 1.59372553e-01 3.59476102e-03
  2.34257907e-01 4.34458303e+00 2.37209678e+00 1.10307550e+01
  5.39251566e+00 1.04476833e+00 4.81744385e+00 1.16645873e+00
  3.93975705e-01 6.22781324e+00 8.92228246e-01 3.14219022e+00
  1.86416936e+00 2.75029469e+00 4.38314104e+00 1.43857384e+00
  1.78218758e+00 6.08077669e+00 2.49458313e+00 3.25548267e+00
  1.16253185e+00 6.22130346e+00 9.76775885e-01 2.39995813e+00
  7.45776951e-01 1.32693374e+00 1.01235723e+00 1.55425274e+00
  5.86076641e+00 1.60464108e+00 4.26662064e+00 1.19973361e+00
  3.45201492e+00 4.85184860e+00 6.03130758e-01 2.74291825e+00
  2.26066917e-01 1.63547754e+00 6.73364282e-01 1.51792502e+00
  8.28639030e+00 1.35954809e+00 1.88034248e+00 4.18859512e-01
  1.41936576e+00 5.88485098e+00 1.50077760e+00 5.32075167e+00
  2.56567645e+00 1.29036407e+01 1.52637875e+00 1.91965842e+00
  1.18862212e-01 7.36633837e-01 4.60404754e-01 1.40112185e+00
  6.76662159e+00 4.76882839e+00 2.41748381e+00 2.94185519e+00
  5.16253424e+00 6.69827652e+00 2.92119575e+00 2.72469431e-01
  4.54342270e+00 2.97019035e-01 4.45154399e-01 4.84496403e+00
  1.91287577e+00 1.14627779e+00 3.78713250e+00 2.09649944e+00
  2.31201172e-01 4.98388433e+00 9.97903466e-01 4.98482853e-01
  3.73206139e+00 3.75539732e+00 2.98370671e+00 1.62460364e-03
  1.22617352e+00 1.37073684e+00 4.51723146e+00 1.77470636e+00
  5.87946355e-01 2.21235648e-01 2.97827077e+00 5.91587067e+00
  3.28078747e+00 4.01332647e-01 2.79662585e+00 5.00264788e+00
  9.82542801e+00 6.91842854e-01 1.05182076e+00 7.34124005e-01
  3.79481506e+00 2.68437195e+00 1.15618575e+00 2.24622416e+00
  1.06482399e+00 6.10853434e+00 3.17458677e+00 1.24289298e+00
  2.44609070e+00 2.84426308e+00 1.20993698e+00 2.73651457e+00
  1.23115981e+00 2.87881970e-01 3.65288281e+00 1.47060430e+00
  4.31689310e+00 1.45276439e+00 1.11130023e+00 2.27637142e-01
  1.37507105e+00 1.79081762e+00 1.19030774e+00 3.95184326e+00
  1.28041267e+00 4.32942104e+00 5.33324337e+00 0.00000000e+00
  4.93454170e+00 3.04935169e+00 5.47187471e+00 9.76658240e-02
  5.15726280e+00 3.26963377e+00 3.32109380e+00 7.20838010e-02
  4.29644883e-01 1.44604695e+00 1.53625345e+00 2.80025315e+00
  0.00000000e+00 2.79784369e+00 3.89530039e+00 8.76289546e-01
  1.05801687e+01 8.32728481e+00 6.43896982e-02 4.08227414e-01
  3.98283696e+00 0.00000000e+00 5.88381624e+00 4.54183006e+00
  2.81421304e+00 1.70115542e+00 4.01754427e+00 1.40955493e-01
  6.66465044e+00 1.70038319e+00 1.96990088e-01 3.29149294e+00
  6.18625462e-01 1.68040419e+00 9.71861744e+00 4.26973486e+00
  3.77913404e+00 4.46551800e+00 2.57824326e+00 3.09609580e+00
  5.29549170e+00 6.11697137e-02 2.58928823e+00 1.76242054e+00
  2.86464667e+00 3.58621597e+00 1.08680642e+00 1.48728883e+00
  4.68744135e+00 6.37349367e-01 1.43014383e+00 0.00000000e+00
  0.00000000e+00 9.53243792e-01 2.06018829e+00 1.16688204e+00
  2.49498948e-01 6.74816656e+00 1.17350399e+00 5.85225821e+00
  7.61550665e+00 6.67202377e+00 2.34926939e+00 6.27894640e+00
  2.01919317e+00 9.66779649e-01 9.31069469e+00 6.96209669e-01
  3.97981668e+00 8.24142742e+00 1.09669149e+00 1.12620986e+00
  1.57876396e+00 1.39144385e+00 3.29651380e+00 4.76476479e+00
  1.10779643e-01 6.02610636e+00 6.30787277e+00 3.82717967e+00
  3.53160405e+00 2.53716445e+00 2.02129340e+00 1.74989915e+00
  2.94693232e-01 4.30988026e+00 1.15901482e+00 5.35284185e+00
  1.18399858e+00 3.93955207e+00 1.37166595e+00 6.84026599e-01
  1.34992778e+00 8.51674736e-01 3.47244143e+00 4.57125008e-02
  5.73280716e+00 3.04660654e+00 3.85067320e+00 3.03560305e+00
  4.72520733e+00 5.59039974e+00 2.04618812e+00 8.66992283e+00
  1.36292100e+00 1.65878081e+00 4.81652081e-01 3.57439661e+00
  9.18180525e-01 6.30328512e+00 4.86893082e+00 6.19011104e-01
  2.64304686e+00 2.97750860e-01 6.72275484e-01 0.00000000e+00
  2.23689795e+00 1.73669493e+00 1.77871311e+00 1.94180763e+00
  3.55878019e+00 1.31295836e+00 1.82658064e+00 5.22597408e+00
  1.07256532e+00 2.61713886e+00 4.71922636e+00 2.82520771e+00
  2.32099223e+00 2.23847127e+00 7.14047194e-01 3.30862141e+00
  1.95341647e+00 8.23939264e-01 1.64345205e-02 3.45139861e+00
  1.55371404e+00 1.31987655e+00 3.15773159e-01 8.84287477e-01
  3.30785364e-01 3.91632080e+00 5.71145117e-01 4.37078047e+00
  5.69822645e+00 4.76744413e+00 4.59353781e+00 1.40707898e+00
  0.00000000e+00 5.25300920e-01 3.63615584e+00 6.14622641e+00
  3.22777796e+00 8.07154655e+00 3.97623801e+00 4.32308197e-01
  1.23406911e+00 3.47368550e+00 1.24441115e-02 1.47115221e+01
  2.27255630e+00 3.17317295e+00 6.92584419e+00 2.30885386e+00
  0.00000000e+00 1.15091896e+00 8.15786457e+00 3.07642293e+00
  3.54452896e+00 1.99767256e+00 2.14771867e+00 3.35786366e+00
  8.56172204e-01 1.12384164e+00 3.23287535e+00 3.97500634e+00
  1.74907041e+00 3.04129124e+00 4.11893320e+00 3.65500593e+00
  6.16806889e+00 1.07535005e+00 1.22750843e+00 8.43701661e-01
  7.35225260e-01 3.95726967e+00 9.34962463e+00 1.56302536e+00
  2.32758164e+00 2.03533292e+00 2.22753119e+00 2.60584265e-01
  7.35099554e+00 5.70393324e-01 2.20806193e+00 3.34740782e+00
  6.50828481e-01 9.98865545e-01 1.16468394e+00 8.68590057e-01
  2.61896181e+00 1.98927343e+00 1.92109799e+00 2.33022738e+00
  3.20306706e+00 6.85571790e-01 2.11531186e+00 1.98211777e+00
  2.02195668e+00 1.62756741e+00 3.14023948e+00 4.48919153e+00]]