[[2.04966855e+00 0.00000000e+00 5.88768065e-01 1.96645606e+00
  8.66052818e+00 5.29839218e-01 9.05324078e+00 4.55252552e+00
  1.58642817e+00 4.02955383e-01 8.68025422e-01 4.71528739e-01
  4.42023563e+00 5.52195406e+00 0.00000000e+00 1.25973630e+00
  1.58358723e-01 9.48304176e-01 4.32938598e-02 3.18713951e+00
  0.00000000e+00 9.28043067e-01 1.19616342e+00 1.21961174e+01
  2.78620601e-01 3.94618154e+00 1.50030642e+01 9.08057880e+00
  5.49279988e-01 2.31898260e+00 2.13717446e-01 5.54521084e-02
  8.84059537e-03 3.69298077e+00 6.12883902e+00 0.00000000e+00
  0.00000000e+00 7.31477797e-01 5.72094965e+00 1.52725899e+00
  3.40093827e+00 2.34957767e+00 1.35064395e-02 3.15078354e+00
  8.14551532e-01 2.81839728e+00 2.09560096e-01 2.11709785e+00
  5.54552746e+00 5.45094023e-03 9.40220594e-01 8.69468868e-01
  0.00000000e+00 2.17846125e-01 2.07956553e+00 4.35328579e+00
  5.87848663e+00 5.12531137e+00 1.09188356e+01 7.46892750e-01
  3.24615002e+00 3.75493860e+00 3.85994053e+00 4.46706563e-02
  0.00000000e+00 4.43059206e+00 3.65019962e-02 4.62380123e+00
  2.04816058e-01 2.07889819e+00 1.15824451e+01 4.82984811e-01
  6.39328432e+00 5.00041389e+00 3.15540266e+00 2.86821413e+00
  5.64632177e-01 4.95382279e-01 4.50294644e-01 5.56231663e-02
  6.17875874e-01 4.62658316e-01 5.81119823e+00 1.50870216e+00
  1.53007424e+00 6.46884489e+00 4.30437505e-01 2.33436203e+00
  6.61294699e+00 3.23628858e-02 3.08434319e+00 3.75843421e-02
  1.40016925e+00 7.17804953e-02 6.72795153e+00 3.08240682e-01
  1.76489472e+00 1.94012189e+00 1.77653670e-01 4.86145258e+00
  2.17307791e-01 9.58497906e+00 1.74151957e+00 1.01041355e+01
  1.24902499e+00 2.07938600e+00 3.11534309e+00 7.87418962e-01
  8.43712568e-01 3.61780405e-01 1.25242043e+00 3.59297514e+00
  2.43204951e+00 3.45439762e-01 2.68138766e-01 6.82086870e-02
  1.17625799e+01 1.10744941e+00 9.06767324e-02 1.24359727e+00
  3.42581600e-01 1.05619583e+01 1.22091472e-01 1.00582018e+01
  7.60881603e-01 2.45297408e+00 1.09848773e+00 2.15893880e-01
  0.00000000e+00 5.58890533e+00 4.48415905e-01 3.96033376e-01
  4.85570526e+00 1.58749372e-01 0.00000000e+00 5.34170389e+00
  1.87265635e+00 3.40513825e+00 1.49448609e+00 2.56342912e+00
  1.11437464e+00 2.42065668e-01 2.28336596e+00 4.36640978e+00
  9.15874913e-02 1.30528927e+00 1.00541449e+01 4.93865252e-01
  0.00000000e+00 1.31124711e+00 0.00000000e+00 2.41028190e+00
  1.65432945e-01 1.24819660e+01 7.81109557e-02 5.39843202e-01
  7.81385154e-02 1.16826916e+00 3.12720656e+00 3.59564400e+00
  8.37851405e-01 1.64515769e+00 8.41943836e+00 0.00000000e+00
  3.21801853e+00 3.22659802e+00 4.14937943e-01 3.84195256e+00
  0.00000000e+00 5.11802375e-01 1.86858630e+00 0.00000000e+00
  7.05572081e+00 1.47981281e+01 6.16967618e-01 2.30095506e+00
  3.66962051e+00 3.25973511e-01 8.79840851e+00 2.06565113e+01
  6.41705871e-01 3.33592844e+00 1.04992211e+00 1.72861502e-01
  4.07622427e-01 4.39270067e+00 1.61297286e+00 2.06360102e+00
  1.35396636e+00 2.04420805e-01 2.04304624e+00 1.40675509e+00
  8.29822922e+00 6.90635729e+00 0.00000000e+00 3.38162923e+00
  1.61880457e+00 1.03936644e+01 3.26854897e+00 0.00000000e+00
  2.20407581e+00 1.41779795e-01 7.90045595e+00 6.58748388e-01
  3.34670901e+00 1.00005746e+00 1.20015371e+00 7.61485577e+00
  1.09016585e+00 1.03966465e+01 1.03253949e+00 1.29850328e+00
  7.37007618e-01 5.09078205e-01 3.19239974e+00 0.00000000e+00
  5.03018808e+00 3.05286407e-01 1.49561214e+00 1.02033567e+00
  3.45510840e-02 1.03594470e+00 1.73091209e+00 3.30346465e-01
  0.00000000e+00 7.07891703e+00 2.24194407e+00 1.09187818e+00
  1.11417033e-01 5.93332100e+00 1.58048916e+00 3.82788450e-01
  3.88597345e+00 4.31672001e+00 1.81815076e+00 7.95516431e-01
  2.25981879e+00 2.92129636e+00 5.39742184e+00 5.29990554e-01
  1.00052845e+00 5.04698083e-02 1.48079467e+00 5.60241508e+00
  8.86167228e-01 2.64117312e+00 1.05400867e+01 7.18180752e+00
  2.01592851e+00 1.36615050e+00 0.00000000e+00 1.75060976e+00
  7.37058699e-01 1.32859831e+01 1.43466377e+00 0.00000000e+00
  1.34751809e+00 1.95959717e-01 3.75086904e+00 2.71714473e+00
  3.77003765e+00 2.41759515e+00 0.00000000e+00 8.28851318e+00
  3.16835403e-01 0.00000000e+00 1.16796017e+00 6.78116894e+00
  6.84330511e+00 2.25795269e+00 3.76286006e+00 6.00803077e-01
  1.18696415e+00 4.34479427e+00 9.80033696e-01 1.02914059e+00
  1.54662571e+01 1.06958377e+00 2.14259297e-01 2.25766158e+00
  5.09663296e+00 3.46646929e+00 8.86184978e+00 4.67169106e-01
  2.15732408e+00 2.17788084e-03 1.80868828e+00 6.12493229e+00
  1.33518386e+00 6.01813793e+00 1.81750739e+00 7.93472230e-01
  9.61694062e-01 1.10975146e-01 2.18133521e+00 9.12065506e+00
  4.20267463e-01 1.59726405e+00 0.00000000e+00 1.43459916e+00
  5.10167742e+00 0.00000000e+00 9.17395687e+00 0.00000000e+00
  4.27094698e+00 1.13267622e+01 9.10388470e+00 1.16189897e+00
  0.00000000e+00 4.48113155e+00 5.26600122e+00 3.19894463e-01
  2.76357681e-01 4.97811937e+00 5.52085543e+00 1.77734345e-02
  2.05758333e+00 9.36099052e+00 5.32175922e+00 3.36515880e+00
  1.01418960e+00 4.43840742e+00 7.88935423e-01 4.11785507e+00
  3.16162276e+00 2.79229313e-01 7.42550278e+00 5.00976801e+00
  2.81877160e+00 1.56118298e+00 8.45386565e-01 1.33950400e+00
  7.25686073e+00 0.00000000e+00 2.81943750e+00 4.79233837e+00
  5.86231661e+00 1.50775833e+01 4.50421906e+00 2.24358559e+00
  3.33173847e+00 2.11681515e-01 8.30505118e-02 8.37529242e-01
  2.08282614e+00 3.51346433e-01 1.38497877e+00 4.49233294e+00
  2.43648005e+00 0.00000000e+00 5.26308864e-02 1.21254885e+00
  3.03047419e-01 3.81394058e-01 3.87899667e-01 1.46075889e-01
  3.05232525e-01 3.59236884e+00 3.04577541e+00 1.63337088e+00
  9.13495302e-01 0.00000000e+00 6.58190918e+00 9.46627331e+00
  6.94644833e+00 1.05937794e-02 6.05355024e+00 9.80614051e-02
  9.21968877e-01 1.34273684e+00 2.01982546e+00 6.78474188e-01
  1.11247015e+00 2.17556894e-01 1.02113567e-01 1.39500484e-01
  3.18587065e+00 8.81531906e+00 1.68337212e+01 8.66418898e-01
  1.08172035e+00 3.69452149e-01 5.48606205e+00 3.03523636e+00
  4.23792315e+00 4.92562056e+00 3.44995230e-01 0.00000000e+00
  3.17232585e+00 3.65172195e+00 8.75075996e-01 2.08514977e+00
  1.89418602e+00 2.12843060e+00 1.20334017e+00 1.71985638e+00
  7.62069881e-01 2.39387488e+00 4.15598297e+00 3.54135782e-01
  4.32277155e+00 6.57109022e-01 2.52686381e+00 9.15820980e+00
  4.72543812e+00 7.25626945e-01 2.63932586e-01 1.03852773e+00
  4.99388027e+00 1.44170952e+00 2.89280868e+00 1.45392156e+00
  7.01332651e-03 0.00000000e+00 0.00000000e+00 0.00000000e+00
  4.61951065e+00 7.59856880e-01 1.40993223e-01 8.33673573e+00
  1.45351619e-01 1.68184325e-01 3.16807449e-01 3.18605423e+00
  4.03166980e-01 8.59554529e-01 1.75663865e+00 7.13759422e-01
  7.73705864e+00 4.13593674e+00 2.25437593e+00 1.51110744e+00
  7.19696808e+00 8.79352033e-01 0.00000000e+00 1.58572531e+00
  2.56301332e+00 2.35581231e+00 0.00000000e+00 6.29732609e-01
  2.61405158e+00 5.22108555e-01 0.00000000e+00 4.33634567e+00
  7.65691817e-01 9.43081915e-01 6.79871655e+00 5.23365498e-01
  2.85297251e+00 4.88574237e-01 6.44178540e-02 6.16928525e-02
  5.24741188e-02 5.49467754e+00 3.39551282e+00 0.00000000e+00
  9.58033752e+00 1.74483407e+00 5.23055121e-02 1.76469207e+00
  3.16473579e+00 1.89179122e-01 8.35626423e-01 1.44637418e+00
  0.00000000e+00 2.68566394e+00 0.00000000e+00 3.75780010e+00
  3.11837053e+00 5.51074266e+00 0.00000000e+00 3.79050303e+00
  2.34886885e+00 8.44454002e+00 2.86091655e-01 3.60710835e+00
  0.00000000e+00 2.05877304e+00 5.90486908e+00 7.41490459e+00
  3.01081848e+00 2.33631190e-02 4.35861826e-01 3.09607315e+00
  0.00000000e+00 1.99845040e+00 1.61854649e+00 4.02271867e-01
  0.00000000e+00 0.00000000e+00 1.76822722e+00 0.00000000e+00
  2.56482053e+00 3.24966025e+00 1.92596447e+00 4.71223801e-01
  1.84497929e+00 8.04785919e+00 3.23005581e+00 2.43893337e+00
  1.70199490e+00 1.30107069e+00 1.37173748e+00 1.33179474e+00
  1.32789695e+00 1.08762078e-01 5.85934639e+00 1.98724675e+00
  1.07320726e+00 3.12758684e+00 2.22059202e+00 8.89850521e+00]]