[[7.2937374e+00 1.0099018e+00 7.6691920e-01 0.0000000e+00 5.0105271e+00
  2.5775158e+00 1.8420807e+00 3.0724758e-01 1.6078886e-01 7.9785660e-02
  1.2856098e+00 1.9432197e+00 1.1855901e+00 2.8318646e+00 0.0000000e+00
  7.3158807e-01 1.1148746e+00 3.1392586e-01 0.0000000e+00 5.0847673e+00
  0.0000000e+00 2.3201606e+00 1.4459479e+00 1.1678605e+01 6.0847074e-01
  2.2777915e+00 8.6872139e+00 4.4843755e+00 8.9181423e-01 3.9897707e+00
  3.1141689e-01 0.0000000e+00 2.7187970e-01 5.8671908e+00 2.0556622e+00
  1.5641311e+00 6.7213130e-01 1.7131446e-02 6.0255094e+00 8.5249150e-01
  1.6907783e+00 7.0470661e-01 5.5946571e-01 3.3626468e+00 0.0000000e+00
  1.3701771e+00 2.3089506e-01 5.9176922e-01 1.7182170e+00 1.5250274e+00
  2.7392088e-02 1.7382822e+00 2.9763150e-01 3.0707164e+00 1.5965992e+00
  2.6369789e+00 4.0581002e+00 4.4539809e+00 3.3633945e+00 4.4839091e+00
  5.0975666e+00 3.9981639e+00 8.2754078e+00 6.2698631e+00 4.0110286e-02
  2.5983713e+00 0.0000000e+00 4.6249204e+00 6.9350414e-02 4.5671382e+00
  1.8920767e+00 5.3998427e+00 0.0000000e+00 1.8048005e+00 1.0675763e+00
  1.5356278e+00 4.6430147e-01 9.0131819e-02 4.6234217e-01 3.6252391e-01
  1.3606827e-01 4.1356915e-01 4.2253647e+00 4.3837600e+00 1.1530896e+01
  7.0827417e+00 5.3941142e-02 5.7811427e-01 5.0358176e+00 1.3925986e+00
  2.0336313e+00 3.5554616e+00 1.9788206e-01 2.7333071e+00 6.0073810e+00
  6.6493541e-02 9.6928084e-01 1.1999143e+00 2.7008498e+00 7.4804001e+00
  3.8562140e+00 3.5365844e+00 1.6170008e+00 4.4565291e+00 1.7326476e-01
  5.9502139e+00 1.8391311e+00 1.4489294e+00 1.1449068e+00 5.5865932e-01
  6.8806858e+00 5.7276428e-01 4.5283942e+00 6.6454716e+00 6.0284305e-01
  0.0000000e+00 8.4959831e+00 3.8909420e-01 0.0000000e+00 3.0405739e-01
  3.0395219e-01 5.3121829e+00 2.4746132e-01 1.2519502e+01 2.4688759e-01
  1.9268144e+00 9.5593840e-02 3.6749789e-01 1.1364747e+00 8.1491833e+00
  8.6809826e-01 5.2004439e-01 6.5400276e+00 2.4379306e+00 1.7558761e-01
  1.5960616e+00 1.0823330e+00 1.3053427e+00 1.7815530e+00 1.0332463e+01
  3.3279960e+00 7.0603037e-01 2.9981585e+00 8.0464439e+00 1.0157418e+00
  0.0000000e+00 5.7104492e+00 0.0000000e+00 0.0000000e+00 1.9882862e-02
  0.0000000e+00 4.3189497e+00 8.0647373e-01 5.4424210e+00 7.4178196e-02
  1.6321796e+00 3.7332207e-01 1.4832209e+00 3.3994079e-01 5.1794281e+00
  6.4795333e-01 7.4728996e-01 3.1110201e+00 0.0000000e+00 1.1729418e+00
  5.5293113e-01 1.5897075e+00 1.0589771e+00 1.5026879e+00 2.5506024e+00
  8.0038729e+00 4.5758390e-01 1.3699840e+00 1.4755224e+01 2.5582213e+00
  8.5416585e-01 8.0672628e-01 0.0000000e+00 4.9100938e+00 1.0028987e+01
  2.0192485e-01 6.6015460e-02 5.5187950e+00 0.0000000e+00 0.0000000e+00
  2.9394417e+00 2.7452343e+00 2.3526955e-01 1.9444107e+00 5.4073101e-01
  4.5301905e+00 2.4871914e+00 2.3440866e+00 5.7692919e+00 1.4602042e+00
  6.3700886e+00 4.7230940e+00 1.3614152e+01 1.1037017e+00 0.0000000e+00
  2.2037210e+00 4.8388630e-01 4.7778530e+00 5.8234572e+00 2.0180938e+00
  1.4140985e+00 0.0000000e+00 6.6857467e+00 4.8475206e-02 2.1594918e+00
  4.4769403e-03 0.0000000e+00 1.4534467e-01 7.0889086e-01 4.6184096e+00
  4.8275164e-01 3.7162559e+00 0.0000000e+00 1.5594630e+00 1.7680846e+00
  6.9252414e-01 7.4809613e+00 5.2331510e+00 0.0000000e+00 4.1411903e-02
  3.7231753e+00 2.6311777e+00 1.5224375e+00 0.0000000e+00 1.1425406e+00
  3.1494944e+00 1.2655222e+00 8.6182788e-02 2.6182571e-01 1.1768723e+00
  2.8539062e+00 3.6664350e+00 2.1700985e+00 1.3748142e-01 1.2080187e+00
  1.7463217e+00 3.0786359e+00 2.2140939e+00 3.8527193e+00 4.8506123e-01
  8.9141953e-01 1.0114124e+01 1.8976953e+00 3.6835334e+00 3.7042336e+00
  7.7310860e-02 4.0059480e-01 3.1806712e+00 8.6210117e+00 1.0819541e+00
  2.3971483e-01 3.1674232e+00 2.1862450e+00 1.1085715e+00 0.0000000e+00
  4.2578597e+00 1.8043300e+00 4.3781450e-01 7.0686984e+00 6.8909258e-01
  4.7178927e-01 1.1942582e+00 8.4250641e+00 1.1035200e+01 1.1431235e+00
  4.4975963e+00 5.3317070e-01 2.8514159e-01 3.2329731e+00 3.9044676e+00
  6.4412630e-01 9.6120129e+00 3.3604636e+00 0.0000000e+00 6.0499944e-02
  4.4261246e+00 3.2838326e+00 1.6780397e+01 2.6052783e+00 5.4785621e-01
  0.0000000e+00 6.4585280e+00 6.2274189e+00 2.0165246e+00 1.5373271e+00
  3.1875916e+00 4.8286429e-01 2.4671671e+00 0.0000000e+00 3.0752659e+00
  7.5768027e+00 1.3220847e+00 1.9576610e+00 3.0516201e-01 1.5348749e+00
  6.9772758e+00 1.7884336e-01 3.4929118e+00 0.0000000e+00 2.2628984e+00
  1.2260094e+01 6.5381808e+00 4.9273118e-01 6.6225123e-01 3.4133027e+00
  1.9023848e+00 6.7429650e-01 1.9388597e+00 6.2733231e+00 1.2871399e+00
  3.0181572e+00 3.0171845e+00 8.4362335e+00 3.0753665e+00 5.3246374e+00
  3.9792080e+00 3.6884229e+00 1.8749708e-01 4.1537032e+00 3.8260632e+00
  1.4746729e+00 6.8420925e+00 2.8756609e+00 1.5215778e+00 4.6686435e+00
  6.4944661e-01 1.5501359e-01 2.6712830e+00 4.0739986e-01 8.7823067e+00
  3.0492394e+00 5.9991331e+00 8.3324928e+00 5.7972059e+00 3.1957197e+00
  2.2122636e+00 1.1869793e+00 0.0000000e+00 1.6674432e+00 4.3700986e+00
  3.3466560e-01 1.2202555e+00 3.9352007e+00 9.9511538e+00 1.7653178e+00
  8.4469087e-02 4.5680171e-01 0.0000000e+00 7.1860814e-01 0.0000000e+00
  3.3670709e-01 3.3347359e-01 6.6058307e+00 1.2091887e+00 3.5467136e+00
  7.8900170e+00 6.1018623e-02 3.2921543e+00 7.8921089e+00 6.8808784e+00
  3.3067992e+00 1.1371207e+01 7.1334499e-01 2.2003371e-01 6.0753193e+00
  3.4238112e+00 0.0000000e+00 6.5850878e+00 3.3711687e-02 2.2615406e-01
  2.1186714e+00 1.1007925e+00 6.6760941e+00 5.5006566e+00 1.3601573e+00
  3.8178205e+00 8.3498430e-01 7.1157932e+00 3.0131276e+00 6.2601604e+00
  9.0049893e-02 1.5092480e+00 0.0000000e+00 9.9822277e-01 3.2976494e+00
  3.1340542e+00 2.3913677e+00 2.3086321e-01 1.4442210e+00 2.3134992e+00
  2.6398950e+00 5.9543362e+00 2.4044621e+00 1.6771418e+00 1.8417420e+00
  4.0164232e+00 4.3361120e+00 3.7681065e+00 7.1916590e+00 6.9365120e+00
  2.5854012e-01 3.7164539e-01 1.4258470e-01 1.0606048e+00 1.4134492e+00
  3.3118145e+00 1.8093550e+00 2.5733558e-02 3.1290203e-01 3.4640169e-01
  3.5959301e+00 2.5869150e+00 1.2183368e+00 1.5721009e+00 6.2347670e+00
  1.3864970e+00 5.0543702e-01 1.2116339e+00 3.7293887e+00 4.1187721e-01
  2.3262890e-01 3.1735106e+00 1.6436741e-01 1.5519688e+00 2.5083199e+00
  5.5638719e+00 1.1565080e+00 7.5042543e+00 8.6495149e-01 0.0000000e+00
  2.2991838e+00 7.6254529e-01 5.0719142e-01 2.5753295e-01 1.0925155e+00
  3.4410770e+00 2.0514412e+00 5.6206220e-01 1.2635109e+01 0.0000000e+00
  1.1909194e+00 2.6250129e+00 1.3631914e+00 5.4173965e+00 4.7861613e-02
  0.0000000e+00 4.6953085e-01 2.0282612e+00 1.4409591e+00 5.7344928e+00
  2.2972131e-01 6.2554512e+00 6.3730536e+00 7.1759236e-01 9.9177301e-01
  5.6145940e+00 5.7762218e-01 9.9655114e-02 1.3103155e+00 0.0000000e+00
  4.7151380e+00 1.2683238e-02 5.5688095e+00 9.8837590e-01 4.7547073e+00
  3.5278967e-01 9.2551565e-01 1.1936864e+00 3.5683918e+00 0.0000000e+00
  2.4519544e+00 8.0456577e-02 2.3098932e-01 5.3211141e+00 4.3684430e+00
  3.5421731e+00 0.0000000e+00 3.2636264e-01 3.7749381e+00 0.0000000e+00
  4.0615859e+00 4.3903928e+00 2.8668916e+00 0.0000000e+00 3.5132232e+00
  4.3245659e+00 1.0282646e+00 1.5235299e+00 8.0676954e-03 1.4583399e+00
  1.6881964e+00 4.2562623e+00 1.7951745e+00 4.9342055e+00 1.4947505e+00
  5.3802633e+00 1.9816766e+00 1.1108840e+00 1.2068665e-01 1.4200566e+00
  0.0000000e+00 1.5484490e+01 1.1510170e+00 1.5275913e+00 3.6943038e+00
  4.3715258e+00 4.4722610e+00]]