[[1.55893818e-01 6.84717536e-01 0.00000000e+00 0.00000000e+00
  7.49406385e+00 7.79969573e-01 2.56106496e+00 4.58333224e-01
  2.55807614e+00 4.56771135e-01 1.51013219e+00 1.41058254e+00
  2.29983950e+00 2.48613143e+00 0.00000000e+00 1.12761807e+00
  6.90949917e-01 1.12046242e+00 3.79745454e-01 4.57299328e+00
  0.00000000e+00 9.42458820e+00 2.21681738e+00 8.21809196e+00
  4.80231225e-01 2.53252101e+00 6.41535711e+00 5.87953329e+00
  7.64215648e-01 3.08464336e+00 1.89198196e-01 4.41291071e-02
  3.31934482e-01 5.28360653e+00 6.93089771e+00 0.00000000e+00
  0.00000000e+00 7.79400885e-01 9.31001091e+00 2.99752027e-01
  1.91938515e+01 9.67709541e-01 0.00000000e+00 4.03128958e+00
  0.00000000e+00 5.23277330e+00 3.01499844e+00 0.00000000e+00
  2.43493676e+00 0.00000000e+00 7.46836001e-03 2.85542631e+00
  0.00000000e+00 2.60102773e+00 6.74688518e-01 7.46269274e+00
  5.04788578e-01 6.59319258e+00 4.62481308e+00 1.93889785e+00
  4.89294863e+00 4.74343920e+00 4.09837770e+00 2.00329661e+00
  0.00000000e+00 0.00000000e+00 1.14333309e-01 8.37611221e-03
  1.91893205e-01 8.54193926e-01 1.43451750e+00 2.38206959e+00
  1.04208598e-02 1.43267941e+00 5.23385286e-01 5.47345209e+00
  3.93095517e+00 0.00000000e+00 5.91766775e-01 5.60166121e-01
  1.96918333e+00 0.00000000e+00 3.02504373e+00 1.50485784e-01
  1.15764630e+00 4.36702204e+00 0.00000000e+00 1.70570076e+00
  4.86045504e+00 3.78970504e-01 1.74088287e+00 6.05898857e+00
  3.14177662e-01 1.01337862e+01 1.15641952e+00 2.51232445e-01
  2.86209285e-01 8.92837942e-01 1.48778832e+00 9.29909611e+00
  7.86393762e-01 1.92472184e+00 2.66913009e+00 7.37073231e+00
  0.00000000e+00 1.77064359e+00 5.34909439e+00 9.29282457e-02
  2.46924043e+00 2.13332725e+00 5.52727461e+00 2.46325564e-02
  8.23391974e-01 5.88889599e+00 2.13693425e-01 0.00000000e+00
  5.70604467e+00 0.00000000e+00 0.00000000e+00 6.18849754e-01
  5.36556482e-01 6.41083908e+00 3.97974938e-01 5.71656418e+00
  6.71659112e-01 3.87391043e+00 7.11118221e-01 2.17912123e-01
  2.59110868e-01 1.14620552e+01 8.53815019e-01 9.60270643e-01
  5.07402897e+00 2.43121251e-01 9.35163975e-01 2.19806403e-01
  2.01711202e+00 1.39832187e+00 1.59072548e-01 1.10358038e+01
  5.37017405e-01 6.33319557e-01 8.51722419e-01 3.10683250e+00
  9.76112068e-01 1.82236421e+00 2.76934981e+00 0.00000000e+00
  0.00000000e+00 3.43431115e+00 7.22076476e-01 1.24955684e-01
  4.15496230e-01 9.67577839e+00 1.58028722e+00 6.64947331e-01
  1.12397587e+00 8.64016652e-01 1.06245816e-01 2.49157846e-01
  5.66962779e-01 2.90931970e-01 1.03427925e+01 0.00000000e+00
  1.97056341e+00 1.55288398e+00 6.73476830e-02 2.27960300e+00
  7.57516146e-01 3.21915261e-02 7.02110434e+00 4.56128091e-01
  3.57315254e+00 1.37970650e+00 0.00000000e+00 1.15265083e+00
  3.86946344e+00 0.00000000e+00 2.45925617e+00 1.36341810e+01
  2.24404484e-02 3.92390676e-02 6.38083696e+00 4.14399296e-01
  6.76401734e-01 2.29018927e+00 1.13195813e+00 1.30897605e+00
  3.10697556e+00 4.34052557e-01 3.12662864e+00 8.46056700e-01
  1.98747933e+00 1.44040680e+01 1.40838826e+00 9.50944710e+00
  2.04030681e+00 5.27053070e+00 7.72464812e-01 0.00000000e+00
  4.27848005e+00 0.00000000e+00 7.13115275e-01 3.81258774e+00
  6.43512309e-01 3.42423677e+00 1.45650589e+00 4.58875084e+00
  2.49545312e+00 1.45253162e+01 5.43749511e-01 9.00778115e-01
  1.45144220e-02 1.99942994e+00 1.11279428e+00 1.43251002e+00
  2.98707056e+00 4.18837249e-01 5.42134047e-01 4.90793705e-01
  3.71022820e-01 1.63808403e+01 1.77235329e+00 1.80549169e+00
  0.00000000e+00 5.38815784e+00 2.50766015e+00 7.29639471e-01
  0.00000000e+00 6.28109038e-01 2.02909207e+00 5.84632456e-01
  2.21123600e+00 1.60660756e+00 6.80633962e-01 1.04384601e+00
  5.18281281e-01 4.47217751e+00 6.45783472e+00 7.49243736e-01
  1.78974521e+00 3.16762060e-01 2.15223169e+00 1.01973171e+01
  1.33451486e+00 2.99093914e+00 5.31964970e+00 2.40870547e+00
  1.23529935e+00 5.49333858e+00 0.00000000e+00 1.96832633e+00
  3.65060306e+00 4.09718180e+00 4.04139853e+00 0.00000000e+00
  3.14355040e+00 3.52638841e+00 2.97865534e+00 1.04878366e+00
  3.74413681e+00 5.84968686e-01 0.00000000e+00 5.43519878e+00
  5.84547937e-01 2.41809487e+00 4.51745018e-02 8.49223900e+00
  3.90020514e+00 1.68398082e-01 6.25850773e+00 4.24562991e-01
  1.40282702e+00 1.23878527e+00 0.00000000e+00 4.93734312e+00
  9.71049690e+00 0.00000000e+00 7.52368093e-01 6.33374870e-01
  7.23574448e+00 2.77053952e+00 7.08920956e+00 7.21962154e-01
  0.00000000e+00 0.00000000e+00 3.94653344e+00 6.24258995e+00
  2.79905701e+00 1.01076722e+00 3.56495917e-01 4.93688077e-01
  6.08742535e-01 6.49931312e-01 2.43266463e+00 3.19926739e+00
  6.13325417e-01 6.78164661e-01 0.00000000e+00 0.00000000e+00
  6.09989786e+00 1.36938974e-01 2.95218325e+00 5.77786341e-02
  2.34119892e+00 6.09890747e+00 2.47698888e-01 5.18830836e-01
  3.01206112e-03 2.02976298e+00 6.45973587e+00 0.00000000e+00
  1.35571405e-01 4.01013422e+00 6.51306629e-01 0.00000000e+00
  8.56286526e-01 7.51150179e+00 1.77326667e+00 4.40410757e+00
  2.99743867e+00 6.93394756e+00 0.00000000e+00 3.89070821e+00
  1.92276514e+00 1.63922524e+00 2.98405170e+00 1.67261720e+00
  1.67530000e+00 5.42041957e-01 8.90943706e-01 3.74660563e+00
  4.48302555e+00 7.06646919e-01 4.58323097e+00 5.39071226e+00
  2.35324788e+00 1.05391376e-01 7.03266919e-01 3.30047756e-01
  2.61520696e+00 2.23624885e-01 1.14929402e+00 1.95881259e+00
  2.02818632e+00 2.91586459e-01 4.99328709e+00 8.03975105e-01
  4.86777020e+00 2.66263008e-01 2.10669264e-01 2.43326688e+00
  6.11073256e-01 0.00000000e+00 9.89885032e-01 0.00000000e+00
  7.21551001e-01 3.29423928e+00 1.63456225e+00 1.65043128e+00
  6.82520294e+00 4.93692368e-01 7.03368473e+00 6.70767832e+00
  3.94369578e+00 3.18995208e-01 7.81977177e+00 2.24509481e-02
  0.00000000e+00 3.21371341e+00 5.24546385e-01 0.00000000e+00
  1.87741554e+00 3.93675476e-01 1.59089184e+00 7.56463528e-01
  1.53058517e+00 7.48275900e+00 6.91477871e+00 1.69356227e+00
  0.00000000e+00 8.76734436e-01 5.15428734e+00 1.08482480e+00
  2.78724098e+00 5.34902692e-01 6.67472005e-01 1.67063817e-01
  3.03655267e-01 9.04012859e-01 9.35266465e-02 2.16193271e+00
  1.34587562e+00 3.26908493e+00 2.26314092e+00 1.24659491e+00
  1.22563350e+00 2.23736525e+00 4.27214003e+00 2.88392663e-01
  7.86048353e-01 1.42614212e+01 2.02436304e+00 1.22283363e+01
  1.04945016e+00 1.49101579e+00 2.57124811e-01 0.00000000e+00
  3.81621271e-01 1.57402694e+00 8.07593632e+00 1.05096197e+00
  0.00000000e+00 1.43829836e-02 3.33684057e-01 0.00000000e+00
  2.40939522e+00 1.17202497e+00 2.56100427e-02 2.66134167e+00
  4.60246265e-01 4.60049771e-02 5.50021604e-02 2.98860502e+00
  4.78650108e-02 8.34505185e-02 1.35674894e+00 3.51880863e-02
  2.85447717e+00 3.23778963e+00 5.97871780e+00 5.23027992e+00
  2.10043669e+00 1.29318190e+00 0.00000000e+00 2.27939177e+00
  1.48653877e+00 1.85189581e+00 5.88931441e-01 1.76379025e+00
  9.50492620e-01 5.65716624e-01 0.00000000e+00 1.44884930e+01
  9.08408940e-01 1.21731915e-01 1.38447618e+00 4.05185938e+00
  0.00000000e+00 4.31300521e-01 1.02229822e+00 1.79723501e+00
  1.90307751e-01 7.45151711e+00 6.51360226e+00 1.19863796e+00
  7.24100292e-01 1.44007146e+00 5.64867926e+00 5.78905869e+00
  8.15553308e-01 1.26997626e+00 1.66287720e-01 5.92916667e-01
  0.00000000e+00 3.43436265e+00 1.11274093e-01 8.54131401e-01
  9.61543322e-01 4.99658537e+00 0.00000000e+00 2.33730125e+00
  7.22271919e-01 1.97254503e+00 0.00000000e+00 5.44296741e+00
  0.00000000e+00 0.00000000e+00 2.99216652e+00 1.62197411e+00
  0.00000000e+00 0.00000000e+00 1.20568812e+00 3.87991443e-02
  0.00000000e+00 1.45035207e+00 3.68194771e+00 7.14427173e-01
  3.02491844e-01 7.36765742e-01 1.90357459e+00 8.47459316e-01
  2.53256202e+00 0.00000000e+00 4.49092579e+00 7.57583320e-01
  6.46112978e-01 3.62494612e+00 5.78209236e-02 7.22363472e-01
  4.28855610e+00 2.27822542e+00 1.30127287e+00 1.07451573e-01
  6.12006378e+00 1.75876409e-01 4.85729790e+00 1.32966268e+00
  3.47231936e+00 9.15642262e-01 2.79123974e+00 4.75267363e+00]]