[[8.38547826e-01 0.00000000e+00 4.00506878e+00 6.95378557e-02
  1.26849070e+01 5.88428020e-01 3.55279827e+00 3.27290034e+00
  2.11856890e+00 4.05034208e+00 2.45222479e-01 1.13737714e+00
  5.03163958e+00 3.98342156e+00 0.00000000e+00 1.16567516e+00
  1.59935594e+00 5.11117518e-01 6.41456544e-01 5.51612568e+00
  0.00000000e+00 1.48973808e+01 8.24969530e-01 8.15898037e+00
  3.69517356e-01 1.24576998e+01 1.56308661e+01 2.07332206e+00
  5.63430727e-01 0.00000000e+00 6.50051594e-01 1.08370852e+00
  1.64526582e+00 7.99085712e+00 2.72324300e+00 9.03906763e-01
  2.97625363e-02 0.00000000e+00 5.53901100e+00 2.55376267e+00
  4.23819017e+00 2.10541701e+00 2.05248579e-01 4.57810020e+00
  1.16698849e+00 2.02989817e-01 2.43981862e+00 3.37051272e+00
  7.67759740e-01 1.19195163e+00 1.61400092e+00 2.95222640e+00
  7.23208427e-01 1.59367114e-01 1.89986360e+00 4.54738379e+00
  4.68746138e+00 3.00491095e+00 1.15040245e+01 2.51571059e+00
  1.36425531e+00 3.26921076e-01 2.82081318e+00 7.82718563e+00
  0.00000000e+00 5.41855526e+00 0.00000000e+00 5.84621859e+00
  8.38234946e-02 1.99879956e+00 0.00000000e+00 1.55861509e+00
  1.05878248e+01 6.16067648e+00 1.56753957e+00 3.01455069e+00
  3.53308082e+00 3.93252164e-01 8.59671116e-01 0.00000000e+00
  2.15732343e-02 2.11772680e+00 5.30397415e+00 0.00000000e+00
  0.00000000e+00 2.32177925e+00 7.60641038e-01 5.93854487e-01
  5.71300840e+00 0.00000000e+00 2.56557846e+00 4.13536727e-01
  3.03749621e-01 5.93759584e+00 1.22248471e+00 7.04575896e-01
  2.70096376e-03 2.47422862e+00 7.17721045e-01 1.02809315e+01
  1.90746105e+00 1.03971539e+01 3.09725881e+00 9.83100414e+00
  1.24585857e+01 4.54357958e+00 3.39556241e+00 1.80976427e+00
  8.89913440e-01 6.73047125e-01 1.81651497e+00 3.62406182e+00
  2.18110847e+00 3.78488064e-01 5.53601563e-01 9.95319068e-01
  1.06532011e+01 0.00000000e+00 9.19809759e-01 1.94972992e+00
  3.21214765e-01 1.29617310e+01 5.94355822e-01 1.04056978e+01
  2.78326392e+00 2.22646093e+00 1.37101874e-01 0.00000000e+00
  1.22485101e+00 2.27080917e+01 5.50326928e-02 4.17158413e+00
  6.95341253e+00 4.47213113e-01 5.94263494e-01 2.19940019e+00
  1.40336454e-01 4.65058517e+00 1.40021980e+00 4.68679857e+00
  2.06762886e+00 9.44711268e-01 0.00000000e+00 1.16676068e+00
  5.97212362e+00 1.27771401e+00 1.34038782e+00 1.14075050e-01
  7.00025335e-02 2.59758854e+00 1.22556806e+00 2.24954629e+00
  1.93690133e+00 5.44333124e+00 2.60104924e-01 7.08832383e-01
  1.75213885e+00 6.64898062e+00 2.73894119e+00 6.23331249e-01
  5.53739108e-02 2.58378774e-01 4.86440754e+00 6.60093129e-01
  3.13004327e+00 3.77339578e+00 3.30805087e+00 6.31992960e+00
  5.91137648e-01 3.54307032e+00 3.27278423e+00 0.00000000e+00
  9.35415077e+00 2.02590561e+00 0.00000000e+00 7.08406162e+00
  6.60946906e-01 9.92865443e-01 2.85555196e+00 1.59383783e+01
  3.09593511e+00 3.87926370e-01 1.12990246e+01 1.58433783e+00
  0.00000000e+00 1.06582272e+00 2.65343928e+00 5.49726725e+00
  7.34147310e+00 1.97874355e+00 4.22340012e+00 2.23047352e+00
  5.72945356e+00 6.27028418e+00 0.00000000e+00 0.00000000e+00
  2.76754355e+00 1.21421432e+01 6.36146879e+00 0.00000000e+00
  4.48210096e+00 3.98361397e+00 2.10235834e+00 3.85067439e+00
  3.17349839e+00 2.29616117e+00 7.98838854e-01 5.32666874e+00
  2.60540175e+00 1.18495569e+01 2.46795177e+00 8.58897626e-01
  0.00000000e+00 8.36658180e-01 5.08498096e+00 1.70781231e+00
  9.44332027e+00 3.76395392e+00 6.02428734e-01 7.75036335e-01
  8.04985821e-01 9.68896103e+00 2.67156363e+00 2.16492534e+00
  1.10490322e+00 9.82263184e+00 9.04224575e-01 0.00000000e+00
  0.00000000e+00 1.09979355e+00 2.42520618e+00 2.13408828e+00
  1.07864456e+01 2.56554794e+00 4.33299112e+00 3.29247808e+00
  2.52195883e+00 4.91609478e+00 2.93020034e+00 2.17750216e+00
  4.75842524e+00 6.30314648e-01 1.64864135e+00 3.72571230e+00
  3.02358127e+00 4.66516876e+00 1.22949715e+01 2.17581367e+00
  1.32272577e+00 4.22998548e-01 3.84840429e-01 8.85593653e-01
  4.61514282e+00 3.35624218e+00 3.06344295e+00 0.00000000e+00
  1.90999672e-01 1.35018396e+00 6.70908153e-01 3.33312750e+00
  1.05974360e+01 2.51323271e+00 0.00000000e+00 4.89809942e+00
  6.32397234e-01 0.00000000e+00 7.83841491e-01 8.18488979e+00
  5.53784990e+00 0.00000000e+00 4.09425545e+00 0.00000000e+00
  2.40967250e+00 3.52825952e+00 2.29863763e+00 1.21579981e+00
  1.35776377e+01 3.02602315e+00 2.33906731e-01 1.41541088e+00
  9.66957951e+00 1.93015742e+00 7.43107367e+00 2.06898665e+00
  8.61470342e-01 0.00000000e+00 2.72348976e+00 6.12653780e+00
  1.49005437e+00 2.14423561e+00 1.24683177e+00 2.67115664e-02
  1.79446489e-02 2.35715675e+00 4.07068110e+00 1.54192853e+00
  2.79839814e-01 2.18555689e+00 1.49605513e+00 1.12529588e+00
  1.23797023e+00 2.54365385e-01 2.09355688e+00 1.42834711e+00
  7.16258287e-02 1.29091215e+01 2.79740834e+00 2.18635693e-01
  0.00000000e+00 2.61390281e+00 6.80585480e+00 4.86929417e-02
  2.76040614e-01 2.22736883e+00 8.09975243e+00 2.38253191e-01
  3.85254955e+00 1.59691048e+01 2.69511580e-01 6.09913349e+00
  1.10840440e+00 5.07049370e+00 5.43942261e+00 5.94330835e+00
  4.29728746e+00 0.00000000e+00 1.14044199e+01 2.41529989e+00
  5.09090233e+00 4.83888674e+00 4.53069955e-01 9.48225403e+00
  4.60172653e+00 3.15912485e-01 8.78765392e+00 4.23803902e+00
  4.40065002e+00 5.43883848e+00 4.83517599e+00 2.98875666e+00
  2.96396899e+00 0.00000000e+00 0.00000000e+00 2.54771209e+00
  2.20634985e+00 3.80627227e+00 1.51531982e+00 1.87275076e+00
  9.28563774e-01 1.14036836e-01 0.00000000e+00 1.73877251e+00
  3.40087682e-01 1.72886327e-01 3.44777346e-01 0.00000000e+00
  0.00000000e+00 9.14225388e+00 5.72792101e+00 1.71371257e+00
  7.01251924e-01 1.47338152e+00 5.97397614e+00 6.76836920e+00
  5.22247267e+00 1.83014762e+00 6.11440706e+00 8.95323083e-02
  3.45270991e+00 1.14561832e+00 9.01257813e-01 3.78725410e-01
  0.00000000e+00 2.85300165e-01 5.65215886e-01 3.27324979e-02
  6.83095604e-02 5.20314693e+00 9.36451721e+00 2.36836886e+00
  1.92818344e+00 1.14670968e+00 5.36474943e+00 6.01326168e-01
  7.12389708e+00 2.63521051e+00 1.28087401e-01 2.43775821e+00
  3.29761314e+00 4.04550648e+00 0.00000000e+00 6.85842466e+00
  1.27560797e+01 3.03990483e+00 0.00000000e+00 1.70108140e+00
  8.89437914e-01 1.60680389e+00 3.55710721e+00 6.57035971e+00
  4.78983283e-01 1.05906296e+01 1.23278105e+00 4.30594110e+00
  8.45011520e+00 0.00000000e+00 2.38950416e-01 1.76838577e+00
  2.43856335e+00 5.18063688e+00 3.08329391e+00 2.35614944e+00
  0.00000000e+00 1.81082219e-01 2.89100623e+00 0.00000000e+00
  1.57937264e+00 1.92870185e-01 6.79652500e+00 7.40465450e+00
  2.40441990e+00 1.00430894e+00 1.15854144e+00 3.71741462e+00
  1.99991357e+00 7.72057241e-03 1.12553835e+00 5.16174459e+00
  9.43732643e+00 4.39651680e+00 8.59247875e+00 8.95695746e-01
  7.25103998e+00 2.47216129e+00 5.13652503e-01 5.64314556e+00
  5.37173450e-01 3.51289463e+00 3.30786616e-01 1.65894639e+00
  2.85073972e+00 3.24231076e+00 1.13905382e+00 3.51738811e+00
  1.92158210e+00 2.66554952e+00 7.67378378e+00 6.78475618e-01
  1.60419500e+00 8.73857379e-01 8.80726278e-01 1.34947014e+00
  2.32157111e+00 2.42981911e+00 4.81325656e-01 4.14755464e-01
  2.48648787e+00 2.32060477e-01 7.59657383e-01 1.71170349e+01
  3.14866400e+00 1.47474766e+00 2.26706266e-01 0.00000000e+00
  0.00000000e+00 8.12093019e-01 4.03479606e-01 5.75644255e+00
  3.04055244e-01 5.75540161e+00 2.09594324e-01 4.17204237e+00
  1.87698269e+00 2.58666086e+00 0.00000000e+00 2.83678985e+00
  0.00000000e+00 5.93243980e+00 2.72879457e+00 7.93651295e+00
  0.00000000e+00 3.24925110e-02 6.32899463e-01 2.48573780e+00
  0.00000000e+00 8.05156946e-01 2.16081929e+00 6.08782768e-02
  2.98358154e+00 2.15554744e-01 3.98562402e-01 3.09494925e+00
  2.71190464e-01 4.78837967e+00 6.99873209e+00 1.84845209e+00
  6.51163960e+00 1.20551014e+00 1.85965788e+00 1.75940049e+00
  1.46436605e+01 3.24069595e+00 1.50319219e+00 2.69175744e+00
  6.53820992e+00 5.59298694e-01 6.35420609e+00 2.62624288e+00
  7.50466883e-01 1.32821405e+00 3.31296396e+00 9.90313244e+00]]