[[3.65661550e+00 5.81359005e+00 1.10056984e+00 3.54102552e-01
  0.00000000e+00 3.96665382e+00 4.46058416e+00 2.25616312e+00
  0.00000000e+00 0.00000000e+00 1.23392141e+00 1.32072663e+00
  3.27538699e-01 4.50257063e+00 0.00000000e+00 4.64912462e+00
  2.29862857e+00 0.00000000e+00 0.00000000e+00 4.01262379e+00
  6.87735319e+00 1.37744389e+01 2.42718792e+00 0.00000000e+00
  4.57170868e+00 3.72692037e+00 0.00000000e+00 5.67318344e+00
  4.10796309e+00 8.23867798e-01 2.05987883e+00 1.03374326e+00
  5.26196718e+00 2.97018266e+00 1.03505242e+00 6.21419728e-01
  1.23395598e+00 8.76139581e-01 6.70904219e-01 3.28364581e-01
  2.90227985e+00 5.09142065e+00 3.49937558e-01 7.52631092e+00
  2.72379041e+00 1.15423334e+00 1.79984951e+00 2.18098119e-01
  9.91494283e-02 1.84304500e+00 2.97582984e+00 1.07561350e+01
  6.18013763e+00 1.24811137e+00 6.20090532e+00 4.25719595e+00
  3.13348150e+00 1.00651646e+01 1.41050637e+00 7.11584568e-01
  2.68871260e+00 1.59206355e+00 6.32554770e+00 2.55254793e+00
  2.97165364e-01 9.85175908e-01 0.00000000e+00 8.28198493e-01
  3.31320345e-01 1.86626554e+00 4.15426083e-02 0.00000000e+00
  3.37299109e+00 7.60152626e+00 9.41469133e-01 5.58177888e-01
  9.12705213e-02 1.47874141e+00 5.80219316e+00 3.85461736e+00
  0.00000000e+00 1.51259422e+00 6.81280327e+00 2.39572501e+00
  2.83119917e+00 6.14409590e+00 1.48266888e+00 1.33414972e+00
  5.98891211e+00 5.86066365e-01 2.96837544e+00 4.65781307e+00
  6.50258839e-01 3.27752972e+00 3.36065197e+00 6.50615752e-01
  7.86411047e-01 1.33697593e+00 2.89921355e+00 1.03961773e+01
  1.60248709e+00 2.87939042e-01 1.60158551e+00 2.72909236e+00
  3.57524157e-01 1.48558080e+00 8.04457366e-01 0.00000000e+00
  3.45598054e+00 1.23689938e+00 5.40951550e-01 1.43003047e+00
  1.14422262e+00 1.50436246e+00 1.78309691e+00 0.00000000e+00
  1.08808050e+01 7.77223110e-01 1.76374555e+00 2.62892962e+00
  1.39951646e+00 1.96681559e+00 9.26893950e-01 2.84872198e+00
  2.34099507e+00 4.60742617e+00 1.72670871e-01 0.00000000e+00
  7.78119659e+00 1.48564663e+01 2.88863391e-01 2.24038458e+00
  6.83682203e+00 2.59443998e+00 2.21924043e+00 6.65591383e+00
  4.25364435e-01 5.90102434e-01 1.47079110e+00 1.68333352e-01
  8.86490536e+00 1.76434803e+00 1.00255871e+00 1.95685065e+00
  1.30613589e+00 1.68379331e+00 1.00974441e+00 2.11763954e+00
  3.66165590e+00 2.72857356e+00 5.10781431e+00 2.05957270e+00
  5.11449146e+00 3.35607386e+00 1.44292510e+00 2.23513675e+00
  2.74421191e+00 2.60989428e-01 1.31789255e+00 1.33298472e-01
  3.98081467e-02 9.01771927e+00 1.59771585e+00 1.26618969e+00
  1.27375591e+00 2.33969045e+00 5.37867367e-01 5.21492195e+00
  2.42527270e+00 3.49296689e+00 9.03598785e-01 3.64033604e+00
  1.10397792e+00 6.10765874e-01 1.23891853e-01 5.80880046e-01
  1.46169090e+00 5.57737684e+00 4.08320755e-01 3.86214066e+00
  1.72730649e+00 1.57013625e-01 6.40898228e+00 1.77008450e+00
  2.55705976e+00 4.71374810e-01 4.60101080e+00 1.33404982e+00
  1.10959733e+00 1.96430564e+00 1.05545893e+01 0.00000000e+00
  1.48493862e+00 1.50191250e+01 6.11058891e-01 2.58248776e-01
  3.79397035e-01 1.76442564e+00 4.97748792e-01 1.38791859e+00
  2.95214868e+00 2.82372475e+00 2.90429568e+00 5.40140009e+00
  3.70760322e+00 8.26523244e-01 7.45550573e-01 1.69018817e+00
  5.26229191e+00 5.87029171e+00 2.25271392e+00 2.68278432e+00
  6.15518153e-01 3.51563215e-01 5.22701216e+00 0.00000000e+00
  2.78230286e+00 3.20487469e-01 5.83906472e-02 2.77098119e-01
  1.10149455e+00 5.21663046e+00 3.50031447e+00 3.92361999e-01
  3.74714565e+00 3.45627165e+00 2.60747194e+00 8.50785828e+00
  2.16417527e+00 6.39741182e-01 2.70292372e-01 6.11515522e+00
  4.21103382e+00 8.08176100e-02 2.93394399e+00 3.46015143e+00
  3.35364461e+00 6.24248266e+00 1.71818852e+00 9.78830242e+00
  2.74778342e+00 1.82671142e+00 5.39144468e+00 8.82957745e+00
  2.43594480e+00 5.37950420e+00 3.93902206e+00 7.13531065e+00
  7.82331288e-01 3.69674659e+00 2.23199391e+00 0.00000000e+00
  2.25414920e+00 3.01279259e+00 6.82638693e+00 0.00000000e+00
  3.00670266e+00 0.00000000e+00 2.43852472e+00 4.09295797e+00
  1.35194564e+00 2.22660378e-02 6.40453291e+00 3.23057628e+00
  7.09498310e+00 0.00000000e+00 6.86799645e-01 2.52727747e+00
  6.53477621e+00 3.82063955e-01 4.57043982e+00 0.00000000e+00
  2.98994422e+00 9.42044020e-01 8.12477875e+00 4.48633909e-01
  5.95422363e+00 3.91348743e+00 3.82649231e+00 2.54013300e+00
  1.16257133e+01 6.96107340e+00 8.87496185e+00 2.03529239e+00
  1.28569508e+00 0.00000000e+00 3.72384214e+00 4.41300333e-01
  6.92939663e+00 9.37462598e-02 2.43142223e+00 9.41325283e+00
  2.72888280e-02 1.11377144e+01 2.08910748e-01 5.02978992e+00
  7.37014055e-01 5.86953998e-01 9.46302533e-01 0.00000000e+00
  2.38292599e+00 3.23709631e+00 6.31492376e+00 1.14193249e+00
  6.88831627e-01 4.05926323e+00 3.11184454e+00 5.93705475e-01
  6.90796196e-01 3.36488271e+00 2.96392798e-01 4.44468200e-01
  2.70108283e-01 7.25112724e+00 1.40477765e+00 2.38726377e-01
  4.82560444e+00 8.44955540e+00 3.14826578e-01 4.64789152e+00
  5.66826873e-02 2.03542137e+00 3.86262727e+00 1.90372884e+00
  2.08792329e+00 4.19251919e+00 1.26857624e+01 3.70543480e+00
  6.03100824e+00 4.94024420e+00 0.00000000e+00 5.29246902e+00
  1.51695713e-01 6.62271917e-01 3.01545906e+00 4.00347662e+00
  2.72379786e-01 5.02702427e+00 2.14448714e+00 1.30816555e+00
  8.75617313e+00 3.37269217e-01 8.39825988e-01 8.40738595e-01
  6.61481798e-01 1.00655818e+00 1.01704888e-01 2.17655301e-01
  6.88736960e-02 0.00000000e+00 7.40901113e-01 1.56436908e+00
  3.18113627e-04 1.12919366e+00 1.90665901e+00 3.02926421e+00
  1.17779350e+00 9.82037544e+00 1.07016611e+00 1.59028363e+00
  6.06056079e-02 2.82332635e+00 3.00269294e+00 3.66628075e+00
  2.18749499e+00 3.79107070e+00 6.25762939e+00 2.03078437e+00
  5.08578491e+00 0.00000000e+00 7.39248157e-01 2.52919841e+00
  1.76554620e+00 3.79840024e-02 3.30629349e-01 6.04599476e-01
  3.27741194e+00 0.00000000e+00 0.00000000e+00 1.20280218e+00
  1.97126615e+00 9.51289952e-01 1.47053525e-01 1.01952755e+00
  1.45879054e+00 0.00000000e+00 3.00921845e+00 0.00000000e+00
  1.71586347e+00 7.22771108e-01 6.33405209e-01 1.73690498e+00
  1.12549028e+01 5.06867838e+00 1.47153258e+00 8.14575374e-01
  3.26701832e+00 2.12296939e+00 4.51215172e+00 1.65626988e-01
  3.32468057e+00 1.00842085e+01 2.01377892e+00 2.00695014e+00
  1.36401663e+01 2.97164023e-01 2.01292172e-01 5.69593668e+00
  1.11725211e+00 5.49619579e+00 4.92205143e+00 1.23657465e+00
  4.27986145e+00 4.30628836e-01 7.48765516e+00 2.63687348e+00
  1.71354748e-02 4.53290510e+00 7.08680773e+00 8.70746598e-02
  1.59550321e+00 4.44789380e-01 2.51021528e+00 4.92876625e+00
  7.24689066e-01 2.67448139e+00 2.41877723e+00 3.32702017e+00
  1.82661521e+00 2.02655151e-01 1.62939358e+01 1.11818695e+00
  4.14539766e+00 3.12107468e+00 8.20290327e-01 1.21334291e+00
  1.55153796e-01 3.01935935e+00 1.17481783e-01 1.70443356e+00
  1.93095636e+00 2.06508589e+00 3.11042964e-01 4.86671972e+00
  6.61530304e+00 4.42938375e+00 1.26012707e+00 1.17447674e+00
  0.00000000e+00 8.68529320e-01 2.72336435e+00 8.29544735e+00
  6.49242496e+00 2.24389577e+00 1.94328606e-01 9.82566655e-01
  2.05438304e+00 3.19169521e+00 1.17891312e-01 7.43290138e+00
  1.74179327e+00 1.46780598e+00 9.09189522e-01 1.33966160e+00
  6.33912444e-01 1.60445166e+00 1.69040120e+00 6.31512344e-01
  1.04706249e+01 3.19735050e-01 9.32663739e-01 1.73809361e+00
  1.05474100e-01 7.92134047e+00 4.31945372e+00 1.54876494e+00
  1.82785943e-01 1.41541183e+00 1.47686124e+00 1.86184835e+00
  2.85648912e-01 7.80083477e-01 0.00000000e+00 7.91139901e-01
  2.57622927e-01 0.00000000e+00 3.37613225e+00 2.13267148e-01
  2.12315392e+00 1.30510688e+00 1.44592273e+00 6.91917133e+00
  5.06428766e+00 2.91918826e+00 2.28656650e+00 1.03950238e+00
  3.33234370e-01 1.89579892e+00 1.44872749e+00 6.16061807e-01
  7.61447191e+00 9.35053289e-01 8.52953339e+00 1.10096180e+00
  2.91684127e+00 1.17106485e+00 6.44134378e+00 2.33294749e+00
  2.98719907e+00 6.93893015e-01 2.04904675e+00 1.42794538e+00]]