[[8.95843697e+00 2.10246348e+00 4.76602972e-01 0.00000000e+00
  1.98409766e-01 1.00434995e+00 1.98625636e+00 3.32508063e+00
  4.21326065e+00 1.44449854e+00 1.31173611e+00 9.27938819e-01
  2.15340161e+00 4.28534448e-01 1.84637308e-01 2.98085183e-01
  1.11070371e+00 8.66176307e-01 2.05637097e+00 1.11406124e+00
  1.69408292e-01 2.21336365e+01 2.94875279e-02 1.30309701e+00
  1.69943595e+00 8.33172703e+00 5.30349553e-01 1.33949494e+00
  8.21719691e-02 3.98959517e+00 4.26473349e-01 3.18657160e-02
  1.98862344e-01 5.02892399e+00 6.17735505e-01 1.19717133e+00
  1.15133047e+00 9.39267397e-01 9.34013367e+00 1.48853397e+00
  6.59143019e+00 2.43092418e-01 6.50925398e-01 2.50769424e+00
  2.71814561e+00 9.39696312e-01 4.65318650e-01 7.36006498e-01
  3.73968577e+00 1.52338159e+00 1.89457655e+00 0.00000000e+00
  0.00000000e+00 3.50203180e+00 2.07482719e+00 1.61817491e+00
  1.89275074e+00 8.97905064e+00 9.52972397e-02 1.53224051e-01
  4.80776697e-01 5.96702039e-01 6.06543732e+00 7.61475682e-01
  1.89775094e-01 2.31818199e+00 9.57443953e-01 5.81328869e-01
  1.69314766e+00 5.97458267e+00 1.01518707e+01 7.10410476e-01
  4.58347940e+00 3.21750927e+00 7.99666548e+00 4.68131483e-01
  7.20685244e-01 1.23204970e+00 0.00000000e+00 9.33799684e-01
  1.60494637e+00 3.55749416e+00 6.92815483e-01 1.36182472e-01
  7.73057508e+00 3.97884107e+00 4.61102819e+00 3.28675413e+00
  3.15366530e+00 0.00000000e+00 3.02060318e+00 5.47926463e-02
  1.64395660e-01 2.37974334e+00 0.00000000e+00 1.35443640e+00
  4.55170184e-01 3.93889189e+00 5.41758490e+00 2.99833441e+00
  1.27457321e+00 4.57598829e+00 7.07578516e+00 6.05983496e+00
  0.00000000e+00 0.00000000e+00 2.03291833e-01 1.03507686e+00
  0.00000000e+00 9.39248562e-01 2.23760390e+00 5.57694626e+00
  7.98841417e-01 4.36453253e-01 5.62949292e-02 0.00000000e+00
  4.21139908e+00 7.70909595e+00 3.80606413e+00 2.93922114e+00
  1.13430083e-01 1.51032135e-01 3.88808191e-01 1.44600859e+01
  0.00000000e+00 9.50306177e-01 3.04075658e-01 6.37677237e-02
  0.00000000e+00 1.30616102e+01 3.52771187e+00 3.18088818e+00
  1.12522163e+01 6.68241903e-02 3.11267018e-01 3.22009087e+00
  9.45397094e-02 1.40168548e+00 8.94365692e+00 7.78458071e+00
  5.41041009e-02 2.15553737e+00 5.67120934e+00 1.71856773e+00
  2.89928293e+00 1.81913376e-02 5.85082626e+00 1.42798102e+00
  1.16556481e-01 8.65547001e-01 5.74278593e+00 1.05994456e-01
  3.57376623e+00 0.00000000e+00 4.93789986e-02 8.04283142e+00
  2.77313858e-01 3.51852632e+00 9.09003615e-02 1.41771412e+00
  2.01805949e-01 6.80951071e+00 5.73510885e+00 4.05944777e+00
  3.93434215e+00 2.93517971e+00 7.25513279e-01 2.45193195e+00
  1.08964957e-01 1.88584054e+00 3.71701978e-02 3.64190519e-01
  5.16204071e+00 1.43156061e+01 1.01068556e+00 8.50272253e-02
  1.85253751e-02 1.16701114e+00 4.51088285e+00 8.64556026e+00
  1.57554471e+00 1.88170636e+00 2.47858095e+00 9.81903911e-01
  9.86391783e-01 2.22514558e+00 6.56525660e+00 2.07336998e+00
  3.55801702e+00 9.67893600e-02 3.58794165e+00 0.00000000e+00
  4.29021835e+00 3.48088145e+00 0.00000000e+00 2.73870558e-01
  1.74720192e+00 6.42857885e+00 3.87639195e-01 8.96618664e-01
  3.62625456e+00 2.55155087e-01 0.00000000e+00 8.30539167e-02
  6.60524702e+00 1.17650039e-01 7.16678429e+00 3.53509188e-01
  1.36079621e+00 7.19077110e+00 1.06309521e+00 4.06305671e-01
  3.98278147e-01 1.92832434e+00 1.54560494e+00 4.82139587e-01
  5.47457039e-01 6.41185379e+00 8.60532701e-01 5.59967375e+00
  4.21005756e-01 6.50223613e-01 3.20747948e+00 1.51864779e+00
  7.98076466e-02 2.59253836e+00 0.00000000e+00 2.38472581e+00
  1.69928288e+00 3.62337780e+00 1.02427316e+00 2.89801598e+00
  4.85411197e-01 4.67603922e-01 5.23901224e+00 3.62476259e-01
  0.00000000e+00 4.75704098e+00 3.39907837e+00 6.21288717e-01
  1.16593969e+00 1.69926077e-01 1.62665009e+00 4.93887901e+00
  3.70134163e+00 8.10697937e+00 9.89190388e+00 1.54509115e+00
  2.86688733e+00 4.17512000e-01 2.13466048e+00 3.61429715e+00
  0.00000000e+00 4.29677296e+00 3.75400925e+00 4.74926186e+00
  4.67424870e-01 0.00000000e+00 5.99137640e+00 1.35311389e+00
  0.00000000e+00 4.41218853e-01 1.39153168e-01 1.00219584e+00
  4.39504433e+00 4.59674883e+00 5.13167334e+00 6.91829634e+00
  4.66113615e+00 1.51266026e+00 4.74461651e+00 0.00000000e+00
  2.92932749e+00 1.92086291e+00 2.71716118e+00 7.76840985e-01
  4.38890409e+00 1.13050938e+00 8.41640960e-03 1.68488770e+01
  2.33844614e+00 2.09912753e+00 1.52387829e+01 1.59699035e+00
  3.18352389e+00 1.75072312e-01 1.06642389e+01 6.71716809e-01
  1.53200185e+00 7.98478842e+00 1.53073025e+00 2.41188169e+00
  1.26907289e+00 4.28609848e+00 2.42630863e+00 1.06671624e-01
  5.67963648e+00 2.01112914e+00 4.94863361e-01 0.00000000e+00
  2.14220619e+00 3.57354832e+00 9.50553226e+00 0.00000000e+00
  0.00000000e+00 2.85084701e+00 4.37266380e-02 4.42049122e+00
  1.97891140e+00 3.36470246e+00 1.69839036e+00 3.69025588e-01
  2.28781557e+00 6.17864318e-02 7.25490761e+00 1.20240903e+00
  1.82237661e+00 1.20529852e+01 2.19758296e+00 1.07520020e+00
  5.35797119e+00 3.27454001e-01 8.33591175e+00 6.58101916e-01
  1.43056703e+00 0.00000000e+00 3.92151690e+00 8.03578019e-01
  4.70015049e+00 1.52271971e-01 1.06643319e+00 7.52811050e+00
  6.05585158e-01 8.96547985e+00 7.85821152e+00 2.84922385e+00
  2.51705170e-01 4.85284996e+00 1.54519367e+01 3.70496798e+00
  5.24054021e-02 3.69911492e-01 3.74421269e-01 7.58024883e+00
  4.54762173e+00 2.14816713e+00 1.68718469e+00 5.94701648e-01
  2.02412629e+00 4.79292631e-01 2.28584170e+00 0.00000000e+00
  0.00000000e+00 1.97631109e+00 1.24384403e+00 4.42517966e-01
  7.75304794e+00 3.06199455e+00 6.12339449e+00 0.00000000e+00
  6.80278540e+00 2.10868940e-01 8.08184052e+00 8.39580774e-01
  8.11439133e+00 1.70976222e+00 7.82874918e+00 6.42318547e-01
  9.02655005e-01 3.88491106e+00 2.15793669e-01 4.68159533e+00
  6.94728994e+00 5.95834367e-02 5.19046164e+00 3.45921326e+00
  8.60490143e-01 2.20606875e+00 3.53420329e+00 9.39600319e-02
  1.65899706e+00 6.51643324e+00 1.60689497e+00 3.45125651e+00
  1.30649555e+00 2.02126074e+00 2.04447699e+00 0.00000000e+00
  3.24479938e-01 8.03655720e+00 4.32587194e+00 2.54660416e+00
  1.20156455e+00 2.98976111e+00 1.72230649e+00 2.18794370e+00
  5.06259394e+00 7.09719300e-01 9.44500923e+00 1.10540426e+00
  1.58345199e+00 3.03733110e+00 3.49897027e+00 4.28286076e+00
  2.20503807e+00 3.28839183e+00 0.00000000e+00 8.68953392e-02
  1.59999311e-01 1.45426130e+00 2.70561242e+00 2.07605672e+00
  2.02163294e-01 1.15721436e+01 3.18973698e-02 4.01789218e-01
  2.37618566e+00 3.31756115e+00 2.38516545e+00 6.82225370e+00
  6.26927912e-02 5.76079178e+00 3.64164948e+00 5.56446171e+00
  1.64169371e+00 8.87067497e-01 3.46499944e+00 3.63517189e+00
  3.81519389e+00 2.14541054e+00 1.24415725e-01 7.20940113e+00
  1.24209604e+01 1.98286283e+00 1.24789581e+01 6.24312592e+00
  1.36842442e+00 1.25895715e+00 9.87339783e+00 2.33953476e+00
  7.01177180e-01 1.97535670e+00 8.01728070e-01 2.74401760e+00
  4.51941341e-01 0.00000000e+00 2.73361778e+00 1.42673612e+00
  6.54806757e+00 2.75819153e-01 7.21927309e+00 7.58835673e-01
  3.20602393e+00 3.71662736e+00 9.81136990e+00 5.82323217e+00
  3.72460532e+00 2.59318423e+00 3.15289646e-01 2.21446753e+00
  4.44094086e+00 9.31365788e-01 1.32022333e+00 2.44903356e-01
  4.81281668e-01 9.85382378e-01 5.42535722e-01 6.01175547e+00
  4.11335802e+00 6.30886734e-01 3.50561649e-01 2.20920992e+00
  5.94447184e+00 2.02797279e+01 5.53740382e-01 4.06096101e-01
  4.98983800e-01 2.55300188e+00 4.86372471e+00 8.68357849e+00
  0.00000000e+00 1.90970734e-01 1.05166447e+00 1.95695496e+00
  1.07440464e-01 6.10293007e+00 3.72818017e+00 3.45148712e-01
  1.11472654e+00 7.18515694e-01 4.09084845e+00 2.87162566e+00
  0.00000000e+00 4.24460590e-01 1.08306098e+00 6.28615570e+00
  1.17102957e+01 6.42874384e+00 1.00811970e+00 1.74192655e+00
  4.39141130e+00 3.56562808e-02 5.40126204e-01 7.11603832e+00
  3.80118513e+00 8.19760561e-02 4.51899290e+00 2.74732900e+00
  6.74599230e-01 2.43073606e+00 3.18143797e+00 4.31106150e-01]]