[[7.7074111e-01 2.3068613e-01 3.4405628e-01 0.0000000e+00 1.6532602e+00
  2.8453515e+00 2.2615411e+00 1.0545210e+00 3.8921714e+00 2.5308948e+00
  4.0447664e-01 2.8090284e+00 1.7947323e+00 1.5956738e+00 0.0000000e+00
  1.0523647e+00 2.0737019e+00 1.3967619e+00 2.2433116e+00 3.1728699e+00
  1.2059443e+00 1.3304839e+01 7.1529157e-02 3.3831757e-01 8.3232415e-01
  6.9352384e+00 2.2861104e+00 1.6605841e+01 1.3211735e-02 2.5091798e+00
  5.9972148e-02 6.8561089e-01 9.3229167e-02 4.2538986e+00 5.6235826e-01
  0.0000000e+00 1.6607411e+00 1.7398767e+00 6.7985086e+00 3.2482066e+00
  1.9432012e+00 5.6697106e-01 0.0000000e+00 5.6106038e+00 5.6853688e-01
  8.6957276e-01 4.7208053e-01 1.7547414e+00 5.5536566e+00 2.4157314e+00
  1.8593097e-03 1.6851135e+00 2.4824418e-01 3.9952924e+00 9.8729175e-01
  8.3423986e+00 1.3170649e+00 4.8024235e+00 1.6147169e-01 1.8406841e-01
  8.7588251e-01 2.7087355e-01 2.1594548e+00 1.9339753e+00 3.6062151e-01
  0.0000000e+00 0.0000000e+00 5.7096940e-01 1.6081483e+00 3.1726797e+00
  1.3045715e+00 1.0139823e+00 0.0000000e+00 9.6404487e-01 2.5348654e+00
  4.3841591e-01 2.1839383e+00 9.0942127e-01 7.9950802e-02 9.8841548e-01
  2.5528288e-01 1.8411121e+00 5.1519961e+00 5.7908380e-01 4.9241867e+00
  2.8508298e+00 4.5083570e+00 3.3136559e+00 3.1804740e+00 9.8245800e-02
  1.5918157e+00 1.4972541e-02 3.3185083e-02 4.1440439e+00 5.6102657e-01
  6.3135731e-01 5.2891809e-01 3.5841234e+00 1.0755339e+00 7.1413984e+00
  3.2829043e-01 1.7250921e+00 1.2221085e+01 3.3609886e+00 2.0564958e-01
  8.4157782e-03 1.1697833e-01 1.7366517e+00 0.0000000e+00 3.7376313e+00
  4.2476568e+00 1.9134064e+00 5.6835324e-01 3.7036190e+00 2.1844618e+00
  5.0285183e-02 5.1311445e+00 4.0883470e-01 3.0067345e-01 3.2697854e+00
  2.6093155e-01 2.7977843e+00 1.5092223e+00 7.3345146e+00 0.0000000e+00
  2.5351322e+00 3.2233357e+00 0.0000000e+00 1.3152089e+00 1.2437390e+01
  3.2536879e+00 5.5282135e-02 2.2426851e+00 6.0238516e-01 2.6513475e-01
  2.3377485e+00 6.3364077e-01 1.5926824e+00 6.3251722e-01 9.1173687e+00
  1.4955273e+00 6.1341006e-01 3.6087618e+00 4.6478457e+00 1.5590315e+00
  7.5283659e-01 5.3384271e+00 1.6323014e-01 0.0000000e+00 2.0466931e-01
  1.6577572e+00 1.1416337e+00 1.7945970e+00 1.1771167e-01 6.5222859e-01
  3.7564557e+00 3.2724028e+00 4.8263330e+00 6.2313342e-01 1.7627716e-01
  2.9647675e+00 2.0282550e+00 1.1778897e+01 7.5830060e-01 1.3236653e+00
  1.9278667e+00 2.2675005e-01 1.9766602e-01 0.0000000e+00 2.1034274e+00
  1.6213393e+00 1.0270066e+00 7.9368334e+00 1.4579947e+00 5.5782478e-02
  1.4626430e+00 6.6495341e-01 4.5993376e-01 1.2718059e+01 1.2074838e+01
  3.3642593e-01 0.0000000e+00 2.9518278e+00 2.0829272e+00 4.4579997e+00
  1.3859992e+00 4.0664859e+00 6.4070708e-01 1.7286630e+00 8.6114460e-01
  2.1800425e+00 2.9316848e-02 2.8153176e+00 1.2630050e+01 0.0000000e+00
  1.2953362e+00 7.1726149e-01 2.9091442e+00 5.2617604e-01 0.0000000e+00
  1.4695537e+00 1.4837210e+00 0.0000000e+00 1.2507811e+00 1.2920675e+00
  2.1611610e-01 7.9297113e-01 1.8737152e+00 1.0240772e+00 3.2651787e+00
  2.5615859e-01 4.9771044e-01 3.9100203e-01 2.5540986e+00 1.2123504e+00
  7.6603964e-02 3.3900723e-01 0.0000000e+00 8.1067961e-01 1.6296010e+00
  3.1128080e+00 5.0082150e+00 0.0000000e+00 3.5595438e-01 2.4687013e-02
  5.9126820e-02 3.5627306e-01 1.9936448e+00 2.6315427e-01 5.1615162e+00
  1.9389252e-01 2.8577712e+00 2.0960902e-01 2.5692110e+00 1.3093382e+00
  1.4203085e-01 2.7591035e+00 5.5601563e+00 1.8847077e+00 6.0699213e-02
  9.1016686e-01 1.7523508e+00 9.5974255e-01 3.0313697e+00 2.1802747e+00
  9.3950357e+00 8.3655128e+00 2.3584013e+00 1.4591660e+00 1.1204745e+00
  3.1344099e+00 8.0529815e-01 0.0000000e+00 2.0974908e+00 3.4096019e+00
  2.9078884e+00 2.3409710e+00 0.0000000e+00 6.7947874e+00 2.5298352e+00
  1.1970988e-02 9.5800096e-01 0.0000000e+00 6.3568439e+00 1.1753665e+00
  5.5211812e-01 1.8250856e+00 3.0249896e+00 1.7622988e+01 9.2381185e-01
  2.2189112e+00 1.3555374e+00 3.5228915e+00 1.3011876e+00 2.6261562e-01
  1.7336049e+00 5.4629250e+00 3.1125364e+00 1.4697577e-01 3.3792820e+00
  6.1018777e+00 4.3000193e+00 1.0528978e+01 3.0980022e+00 2.0073860e+00
  0.0000000e+00 6.1104312e+00 8.6860836e-01 5.0553608e-01 6.2837620e+00
  1.0241923e+00 8.9455372e-01 4.0763783e-01 6.9136577e+00 1.1918479e+00
  1.4103817e+00 1.4525684e+00 7.3078990e-01 1.8223917e-01 2.0692194e-01
  3.7128756e+00 6.8852425e-02 1.0244597e+01 1.7102575e-02 0.0000000e+00
  2.1267121e+00 0.0000000e+00 1.8736820e+00 3.1719425e-01 5.9515339e-01
  1.6073889e+00 1.7325909e+00 6.1660856e-01 0.0000000e+00 1.4874190e+00
  0.0000000e+00 1.8401356e+00 6.5568233e+00 5.7516680e+00 1.1734043e+00
  2.0068521e+00 1.5940536e-02 1.4817504e+00 1.4709238e+00 2.7028177e+00
  3.1397126e+00 5.4638863e+00 1.2291020e+00 9.4754946e-01 8.2726181e-01
  6.0875374e-01 5.3654475e+00 2.1033604e+00 4.7522678e+00 4.0936618e+00
  2.2005165e+00 1.5094947e+00 2.2717264e+00 7.7242336e+00 3.1988974e+00
  0.0000000e+00 2.6844566e+00 1.2683205e-02 2.2981167e+00 2.5821123e+00
  2.0558591e+00 1.7556384e-02 1.3271408e+00 2.8406830e+00 2.8118320e+00
  0.0000000e+00 7.5478232e-01 3.6093442e+00 1.5756224e+00 1.0314834e+00
  2.0315373e-01 3.8821154e+00 5.8043623e+00 1.0943574e+00 7.8479135e-01
  1.4976712e+01 0.0000000e+00 4.2051291e+00 1.4217128e+00 9.7713289e+00
  4.8933917e-01 1.7956024e+01 1.9140655e-01 8.8627245e-03 5.6002909e-01
  1.5378912e-01 0.0000000e+00 6.3742757e+00 4.3286249e-01 3.0182545e+00
  1.6179806e+00 5.0788695e-01 1.2885857e+00 2.0083845e+00 1.7582983e-01
  1.3489834e+00 5.9363346e+00 2.9143341e+00 1.8826959e+00 1.1619709e+00
  6.3716781e-01 4.3154845e+00 3.6388817e-01 4.9283892e-02 4.5335779e+00
  1.7751099e+00 3.0562093e+00 4.6643203e-01 1.7467240e+00 1.6915017e+00
  1.1587311e+00 1.7906148e+00 2.8834469e+00 8.5998154e+00 2.1335928e+00
  2.4666555e+00 1.0706775e+01 3.6867633e+00 9.7600765e+00 1.6670150e+00
  1.5853424e+00 4.6762022e-01 8.1420578e-03 0.0000000e+00 2.2621913e-01
  4.2622223e+00 1.4332191e+00 3.4647760e-01 6.9916530e+00 2.8956419e-01
  2.1731219e+00 3.9615815e+00 3.5210958e+00 1.9402933e+00 3.2560463e+00
  0.0000000e+00 3.0234032e+00 4.6937898e-02 2.2093852e+00 3.3348310e+00
  1.9545095e+00 1.8709112e+00 1.9027240e+00 3.3879774e+00 1.2214283e+00
  1.5432892e+00 5.6838603e+00 1.1675890e+01 1.9708459e+00 4.1747460e+00
  2.6674483e+00 1.3949805e+00 2.2119594e+00 5.3720622e+00 4.1634159e+00
  3.1041689e+00 1.0365934e+00 1.5513591e+00 6.4973402e+00 4.2749497e-01
  2.2564545e+00 1.0465635e+00 2.0416765e+00 5.9583616e-02 0.0000000e+00
  2.7774153e+00 1.5422947e+00 2.4822943e+00 5.2772365e+00 7.3992963e+00
  2.2514017e-01 2.2053866e+00 2.9597881e+00 4.7322628e-01 1.2289504e+00
  2.4323568e+00 1.2561189e-01 9.8369724e-01 3.7048465e-01 0.0000000e+00
  1.2842518e+00 1.1406769e-01 2.1500478e+00 1.5261739e-01 6.9838190e-01
  3.4367457e-01 1.0546380e+00 4.1275990e-01 6.9371719e+00 0.0000000e+00
  9.9935774e-03 5.3029734e-01 0.0000000e+00 1.7048376e+00 2.0096841e+00
  0.0000000e+00 2.2543374e-01 2.9408662e+00 2.0232022e+00 0.0000000e+00
  3.4610918e+00 1.4628590e+00 1.1366085e+00 3.1689623e-01 8.9697844e-01
  1.3823378e-01 4.1586261e-02 1.7745752e-02 1.1942770e+00 7.2994334e-01
  2.7336946e+00 6.3811789e+00 2.4936430e+00 3.6664733e-01 3.3062199e-01
  1.5515670e+00 9.7253174e-02 6.4271855e-01 4.6108780e+00 3.3824136e+00
  1.0914576e+00 3.3013866e+00 5.6869407e+00 2.7271470e-01 1.7848932e+00
  2.7220507e+00 9.5213693e-01]]