[[ 0.41223538  3.0057416   0.8036881   0.          3.292772   10.287056
   3.7405527   1.0165951   0.14379074  2.2429821   3.9897358   1.3563762
   3.2656481   3.8583703   2.2290113   3.405265    0.          0.4095132
   1.1853131   9.100394    0.13721095  8.111873    0.          0.55767953
   2.959487    6.0099463   0.          0.          2.7146068   0.
   0.381461    7.9245653   6.2304935   3.490511    0.49819604  0.09288073
   8.593518    0.1689777   6.1663904   2.2335727   4.012134    0.
   2.3902714   2.4480097   0.          3.21498     8.617561    1.9770682
   2.061723    0.63788027  0.26178542  0.7685872   0.9751153   2.264325
   3.2137134   0.36560792  0.          3.6488738   0.8452265   0.6408575
   0.59727407  0.7650197   8.310912    6.2645106   6.5754843   0.5762971
   3.1654613   0.22534822  0.3522619   2.8720005   3.9805834   0.23614578
   0.         10.501317    1.1760731   3.0484881   3.205904    1.4619714
   0.          8.986539    4.110369    0.49179482  2.3933687   0.3905234
   4.408942    9.226883    0.47350463  0.          0.69805926  1.6494746
   4.354691   10.132236    6.340067    2.9080524   2.5052104   0.
   0.919019    0.8869802   0.54056823  4.9668007   0.42806178  0.07228959
   8.61628     3.4078631   0.          0.40573615  0.          0.
   0.41127747  0.          1.3669153   1.7588389   0.1476465   6.271134
   0.3261347   3.7470121  11.194849    0.8528159   9.560454    0.0517069
   1.9058025   0.6218135   1.1849642   6.3192124   5.307406    3.5762677
   0.14317816  0.          1.8339295   8.999082    2.0543575   1.9343048
   2.881823    0.06995505  2.8213305   1.5920314   1.8247728   0.6531165
   5.9431195   0.67106503  1.3969895   2.8801048   3.5327516   4.0031996
   0.7780133   0.60659486  3.0773363   0.18642725  3.958972    1.2101568
   0.13715746  0.08335959  2.8909912   0.07956768  0.          3.3452237
   0.57293844  1.13505     1.9683603   1.8096083   0.23677106  7.973331
   1.8393149   2.9397967   8.770454    5.2728596   0.18132757  3.3787239
   0.          3.8140957   0.9556144   0.          7.171147    6.499683
   0.83952355  3.2713132   0.          0.         11.985859    1.0867581
   5.9176126   1.0262454   4.273808    0.7344938   3.6618009   1.0322137
   0.9333454   1.3801676   1.0101894   3.6428173   4.7932286   0.
   0.5453257  14.613476    1.494191    1.0394105   0.17326865  4.0182047
   0.          1.3266515   3.1069417   0.          0.7868611   0.8258253
   2.889628    1.2994943   1.9997497   2.2603867   0.26351854  5.5433674
   1.0063233   5.245514    1.148029    3.442621    0.71707416  0.53074163
   0.8887037   0.80122143  2.2622476   4.074185    1.084731    3.2511058
   0.          0.03627082  5.597768    0.26424477  0.07946646  0.3619059
   1.540279    1.7553391   1.5539675   0.          0.75998306  0.63902503
   3.8789122   0.85685045  0.52626365  8.267278    4.4353642   0.6664678
   0.32250294  5.0727334   4.128127    1.2382959   2.9329815  12.842127
   5.6851315   2.5667894   5.7437086   1.1905811  13.972599    4.539824
   0.8074214   3.5944014   5.610604    3.4957066   2.5317793   1.6585304
   5.013779    0.8378697   0.35669315  0.          0.          0.
   1.2235454   5.282673    3.3771033   0.          4.772812    0.3475896
   3.2148488   2.8770816   0.11694543  1.265368    1.5889474   0.30602813
  10.08049     0.          0.5583874   2.4046872   7.555151    0.34820637
  10.819112    1.6076635   3.2577736   0.          3.9895744   0.60253286
   1.6568499   4.280894    0.          5.460007    0.7572355   7.930198
   4.9656897   0.08239613  0.          0.52298176  0.05651819  0.
   8.895757    6.0938168   2.7294447   0.          0.81621164  0.8901602
   2.7651753   3.4362884   2.8247786   1.4363043   2.4170756   0.5957489
  10.961092    0.36598292  8.968546    0.          3.815462    9.328279
   3.9491935   2.1912963   4.550509    2.6918821  12.526815    0.
   0.23238038  0.9282212  11.426307    0.24392864  2.5250027   0.
   1.5021247   2.354413    0.901986    5.2785645   5.133872    2.2993095
   1.6326996  10.510316    9.14459     0.9802671   1.1490657   1.1528533
   0.41932046  2.5701516   0.61138296  0.1536834   1.4640132   0.
   4.988785    0.6219693   2.2911277   1.4777371   0.          3.7750285
   2.5620716   0.04126444  0.12137108 10.592729    2.9449482   1.5751611
   8.621967    0.          1.1155336   1.1114211   7.009688    0.85688597
  13.818897    5.8895473   0.          0.02435504  4.8196936   0.68191993
   6.4207745   0.3454294   0.55263835  4.7124224   0.          2.9447336
   0.          5.625837    1.4060146   8.940068    0.          0.
   0.73795754  0.8178981   2.4915338   0.09052217  2.0644934   2.460891
   2.8625226   3.912977    4.5743623   8.065551    0.41695458  0.38513896
   4.4384155   0.5055199   0.9995816   0.2290346   1.4849752  10.576254
   0.         14.056107    5.537746    2.116971    0.          0.42505273
   0.          0.03740972  2.9398146   3.8755667   0.17231287  5.964754
   4.453759    0.7318346   0.86043954  0.25273016  0.          1.77876
   0.43637776  3.3927965   0.06151754  4.8458333   1.314445    3.2612498
   8.385185    4.716045    0.63684994  0.5413836   2.845594    3.5534515
  14.384091    3.195262    0.90745336  4.6445146   0.63636565  5.6651707
   1.2470173   3.659897    0.          0.          3.1661499   5.804364
   2.4743752   0.          1.3534855   2.773365    1.0870259   2.7195935
   0.6995577   1.3823339   3.0414743   2.7316658   5.3734174   1.1468008
   1.6626201   9.845622   12.1884575   4.1662006   4.8649306   0.42394716
   0.5695117   0.          6.421104    0.25806823  0.          0.22611547
   2.84339     0.63237923  1.0899861   3.327377    0.09611645  4.9195285
   3.1673245   3.8623412   0.27197054  0.10542599  0.59634703  1.7188982
   0.          0.87099856  0.04818751  4.4637876   0.09462258  0.02094461
   0.39271078  0.11672293  4.06674     0.18160439  2.3623126   0.8375469
   0.3672705   4.1685967   0.          1.2736857   3.6701052   7.79482
   0.47652397  0.33506754  4.257637    0.26145253  1.4936006   0.35129887
   6.265646    1.3439635   3.4086328   4.304721    0.92351705  0.41595736
   3.6213565   1.163242  ]]