[[7.9858422e-01 3.1681535e+00 1.7058285e-01 2.4105082e-01 1.6099157e+00
  3.0004988e+00 2.4724603e+00 1.2734909e+01 2.2182233e+00 4.1671038e+00
  1.0451401e+00 3.0621278e+00 1.6459823e+00 2.6820364e+00 2.0962720e+00
  1.9894379e+00 0.0000000e+00 7.7681983e-01 1.5779383e-02 5.1660590e+00
  0.0000000e+00 1.9177965e+00 2.6068947e+00 0.0000000e+00 2.1553037e+00
  1.2579540e+01 5.4151452e-01 0.0000000e+00 1.0676132e+00 3.0247596e-01
  3.4260169e-01 3.5637650e-01 4.5626411e-01 3.7689848e+00 9.2616431e-02
  0.0000000e+00 3.0117178e+00 1.1397569e+00 5.4667516e+00 4.2175674e+00
  5.0573375e-02 1.2124909e+00 1.0912298e+00 4.9764957e+00 0.0000000e+00
  3.5812929e+00 3.0907938e+00 0.0000000e+00 2.7205832e+00 2.7771516e+00
  1.6996342e+00 2.6678684e+00 3.7907016e+00 8.2927771e-02 3.5509989e+00
  7.8428012e-01 2.9037998e+00 3.7544229e+00 1.7726563e+00 1.7175841e-01
  2.9722576e+00 2.1167605e+00 7.5907636e+00 4.7693048e+00 1.6357173e+00
  3.9730654e+00 0.0000000e+00 5.1758103e+00 2.9993339e+00 4.3205400e+00
  1.3318299e+00 2.9204845e+00 0.0000000e+00 7.1696854e+00 6.8596582e+00
  4.2712307e+00 6.7715877e-01 0.0000000e+00 3.7880704e-02 7.5915083e-02
  1.1423676e+00 2.2421336e+00 2.0961533e+00 4.5616540e-01 4.1134019e+00
  6.8147526e+00 1.1312147e+00 2.6212921e+00 2.3887050e+00 3.5284359e+00
  5.8722439e+00 2.0407677e+00 7.2271216e-01 1.6376522e+00 5.2303982e+00
  4.0259030e-01 4.4045702e-01 7.7432734e-01 1.1329684e+00 9.3013506e+00
  3.4138927e+00 4.3482685e+00 8.1007338e+00 3.6643515e+00 0.0000000e+00
  0.0000000e+00 4.7515068e+00 7.2619855e-01 2.2060348e-01 5.5978310e-01
  0.0000000e+00 2.8169045e+00 2.0939149e-01 4.2733945e-02 2.5350409e+00
  8.6757880e-01 5.1002302e+00 2.4486067e+00 4.4866533e+00 2.2698662e+00
  3.6798888e-01 1.2776575e+00 7.9282254e-01 6.5778360e+00 7.3054051e+00
  2.5110888e-01 0.0000000e+00 3.3824041e-01 4.9618852e-01 4.0438876e+00
  1.1434993e+00 2.7355313e+00 2.2633748e+00 8.3224803e-02 6.5043873e-01
  2.4857745e+00 7.1010005e-01 3.4784857e-02 1.4302754e+00 4.2469707e+00
  1.1731813e+00 1.5174170e-01 7.1050137e-01 6.6400528e+00 8.8383889e-01
  5.6805482e+00 1.0698164e+00 8.0448680e-02 8.4961373e-01 2.3294255e-02
  2.4597239e-01 2.0257018e+00 5.3071780e+00 2.7634952e+00 5.6390822e-01
  1.8043535e+00 4.6600524e-01 4.1694984e+00 1.3894459e+00 9.5994359e-01
  4.8232481e-01 3.4668236e+00 1.9640486e+00 0.0000000e+00 3.6774473e+00
  2.9596059e+00 1.0501225e-02 2.6725349e+00 0.0000000e+00 7.1195188e+00
  5.4150319e-01 2.6357310e+00 3.4909885e+00 2.7716875e+00 1.4793178e+00
  3.9439282e+00 3.5132292e-01 3.8900617e-01 7.0596213e+00 6.7372285e-02
  1.9736531e+00 6.8528807e-01 6.6693678e+00 1.1501323e+00 6.1896386e+00
  6.0680664e-01 6.5460324e-01 2.9968803e+00 1.6092681e+00 8.7506813e-01
  2.2757174e-01 0.0000000e+00 0.0000000e+00 4.4927425e+00 1.4981619e-01
  0.0000000e+00 7.3908871e-01 3.0600309e+00 6.9556341e+00 0.0000000e+00
  4.1985044e+00 2.4504302e+00 1.6774049e+00 1.8103606e+00 7.6268997e+00
  2.1919971e+00 2.4696755e+00 4.9529371e+00 3.7591970e-01 9.2862529e-01
  7.6419806e+00 6.3867860e+00 3.3018264e-01 5.1311932e+00 2.3073046e-01
  0.0000000e+00 7.0605409e-01 1.4543936e+00 7.7395177e-01 2.6204183e+00
  1.0729811e+00 1.3798372e+00 8.7463021e-01 1.5993159e-02 1.5705848e+00
  7.7915115e+00 2.8004570e+00 3.4170187e+00 2.3731258e+00 1.6739432e+00
  2.7371299e+00 2.9095783e+00 1.5424336e+00 7.2001594e-01 1.5608255e+00
  1.1953104e-02 3.3995454e+00 5.0276122e+00 3.1715417e-01 9.0816170e-01
  2.1697380e-01 2.4436109e+00 2.5329113e+00 2.2665977e+00 1.2885337e+00
  6.0754795e+00 8.1504240e+00 1.3617079e+00 3.8962748e+00 3.7177467e+00
  3.9403687e+00 6.0213070e+00 7.5253153e-01 4.4704919e+00 3.9728851e+00
  2.3518002e+00 4.1482583e-01 3.4934843e+00 4.1939783e+00 3.0385916e+00
  1.5585358e+00 1.5738852e+00 0.0000000e+00 3.7323015e+00 1.1769201e+00
  0.0000000e+00 0.0000000e+00 2.3889554e+00 4.6295691e+00 4.3566132e-01
  2.4081037e+00 0.0000000e+00 4.1905367e-01 2.6780949e+00 3.5920606e+00
  1.1402129e+00 1.0902634e+01 1.6946898e+00 6.8074238e-01 1.5099138e-01
  8.3487349e+00 6.0591698e-01 3.6958110e+00 1.7429984e+00 3.9333434e+00
  1.5833172e-01 7.2113085e+00 4.4819736e+00 9.4703418e-01 5.0201135e+00
  1.4789718e+00 1.5951345e+00 4.4588518e+00 3.1626394e+00 3.2153475e+00
  1.1756155e+00 6.6026354e-01 1.1192952e+00 2.9843029e-01 3.1669483e-01
  9.7524729e+00 3.4566519e+00 6.4532552e+00 2.5369198e+00 1.3467376e+00
  2.4371600e+00 4.5754373e-01 3.9295597e+00 7.1503072e+00 5.0745547e-01
  4.6284227e+00 1.8787958e-02 2.4166200e+00 2.0679100e+00 4.1697949e-01
  1.2741934e+00 3.4363708e-01 9.0738621e+00 2.2118332e+00 5.6797266e+00
  3.1374176e+00 4.8368597e+00 9.4360155e-01 2.7435086e+00 1.2259942e+00
  7.0757017e+00 2.7020054e+00 2.2410512e+00 2.0987146e+00 5.6858730e+00
  1.2047727e+00 3.4480102e+00 1.6007674e+00 2.0222359e+00 2.4980624e+00
  2.5636845e+00 3.8321161e-01 9.4443388e+00 4.2199469e+00 1.1037431e+00
  6.7749584e-01 0.0000000e+00 3.9867023e-01 3.4122822e+00 9.6638161e-01
  1.1855992e+00 2.2686639e+00 8.5375190e-01 2.7384727e+00 1.8330646e-01
  0.0000000e+00 1.3393332e+00 0.0000000e+00 1.1950433e+00 4.7969413e+00
  3.5943538e-02 3.5793593e+00 9.3767853e+00 2.6453846e+00 2.7817936e+00
  4.4815874e+00 0.0000000e+00 4.3485222e+00 3.7557273e+00 4.9984021e+00
  3.9562478e+00 4.6300683e+00 1.1267363e+00 2.0690852e-01 1.8075807e-02
  1.0910800e+00 7.9460520e-01 2.2081285e+00 4.3302808e+00 1.1520923e+00
  1.4229674e+00 2.6283314e+00 3.1329551e+00 1.2762871e-01 4.9096999e+00
  2.2342486e+00 1.1198263e-01 2.0215819e+00 4.2738805e+00 4.6484151e+00
  3.6282358e+00 5.0727725e+00 0.0000000e+00 0.0000000e+00 1.5955594e+01
  1.5595164e+00 3.9756680e+00 7.8913183e+00 3.3468285e+00 2.0779753e+00
  8.3665152e+00 3.3144612e+00 1.6009761e+00 3.3576083e+00 4.7778997e+00
  2.9988656e+00 5.5511231e+00 2.4485791e+00 9.3726492e+00 7.8167577e+00
  5.3559585e+00 1.3105622e-01 3.4055543e+00 3.7443258e-02 1.1903344e+00
  5.2535973e+00 2.1389189e+00 0.0000000e+00 1.7630388e+00 2.2352159e+00
  1.9710369e+00 0.0000000e+00 5.7081169e-01 2.6872654e+00 1.1156722e+00
  2.2432804e+00 0.0000000e+00 3.2963128e+00 5.0501409e+00 1.2591791e-01
  1.1964239e+00 3.5399585e+00 1.3225789e+00 1.5940191e-01 2.5064415e-01
  6.2778988e+00 4.0542116e+00 1.3605932e+01 1.1813668e+00 6.3337082e-01
  4.0948186e+00 1.6158239e+00 4.4500628e+00 3.0792603e+00 5.4573307e+00
  5.4282851e+00 2.3645784e-01 9.4795150e-01 2.6039901e+00 1.2801376e-01
  6.6047430e-01 2.5920084e+00 1.2754151e+00 4.9733200e+00 2.7260765e-02
  0.0000000e+00 1.3451848e+01 3.0918663e+00 4.0757461e+00 1.8517812e+00
  1.4804971e+00 8.0306225e+00 1.0193702e+00 5.6963396e+00 4.3770294e+00
  5.4102354e+00 8.6702162e-01 1.1631397e+00 5.0557870e-01 3.4266660e+00
  2.5027158e+00 0.0000000e+00 3.1605642e+00 2.5400581e+00 3.1112306e+00
  1.6479148e+00 2.7721885e-01 1.3189881e+00 7.4746008e+00 1.3931427e+00
  5.7750833e-01 0.0000000e+00 3.0612326e+00 5.8198619e-01 2.6823416e+00
  2.4289255e+00 0.0000000e+00 3.3448718e+00 1.8955059e+00 5.2728909e-01
  4.3516570e-01 4.7242534e-01 1.1080340e+00 6.0337156e-01 4.2155418e-01
  7.1347032e+00 6.3556848e+00 3.1872649e+00 3.7090962e+00 1.3608333e+00
  2.3302810e+00 0.0000000e+00 3.8971729e+00 1.7041296e+00 3.7890623e+00
  2.4421315e+00 3.8093832e+00 4.3027487e+00 2.2258308e+00 4.3543940e+00
  1.1610087e+00 7.9715624e+00 1.4616029e+00 2.8535638e+00 1.7317134e-01
  4.7756934e+00 2.0337048e+00]]