[[1.4920288e+00 8.6469412e-01 5.3322089e-01 1.1387018e+00 9.3984663e-01
  1.5010355e+00 7.3201904e+00 4.1465034e+00 1.2234221e+00 4.8177619e+00
  1.4302368e+00 1.0376316e+00 3.2986481e+00 4.4455490e+00 3.4746554e+00
  1.0209782e+00 0.0000000e+00 2.4538200e+00 5.6068916e+00 2.4218311e+00
  1.9676816e-01 8.6869068e+00 1.3676975e+00 3.0217141e-01 2.3278978e+00
  4.9087019e+00 1.1992579e+00 0.0000000e+00 2.9045076e+00 1.4752764e+00
  4.4911041e+00 3.6431808e-02 8.9459431e-01 1.0036657e+01 8.1472522e-01
  0.0000000e+00 8.2559043e-01 1.4824417e-01 5.9725957e+00 2.4717836e+00
  8.7217134e-01 1.0011236e+01 1.2112377e+00 5.4020257e+00 7.3435003e-01
  3.4040191e+00 1.1556005e+00 5.0288320e-01 3.7173514e+00 3.0874228e+00
  4.9524689e+00 9.5961058e-01 4.3129054e-01 1.0433663e+00 4.7313571e+00
  4.9331384e+00 5.9933536e-02 8.5213203e+00 1.8777422e+00 2.2071680e-01
  5.6102949e-01 6.1316109e+00 2.1667891e+00 5.4964495e+00 7.4317390e-01
  2.5369184e+00 3.4415182e-01 4.2018580e+00 1.5506710e+00 4.2023873e+00
  2.1568849e+00 1.4098369e+00 4.0077071e+00 5.9562235e+00 5.7168169e+00
  3.5552976e+00 9.4677377e-01 1.2534072e-01 2.5809267e-01 7.9936278e-01
  5.7370663e+00 4.7925863e+00 4.0005336e+00 2.4079144e+00 0.0000000e+00
  1.1294686e+01 1.9438492e+00 1.6448846e-01 1.7928015e+00 5.9011871e-01
  4.5433850e+00 1.7224692e+00 3.3852770e+00 1.6863632e+00 3.7171898e+00
  3.0530980e-01 4.1657915e+00 4.0485845e+00 5.4427166e+00 0.0000000e+00
  1.2953700e+00 9.2264843e-01 7.4466100e+00 7.4307308e+00 9.2162833e-02
  0.0000000e+00 4.0105848e+00 2.6352751e+00 2.8326321e+00 8.1383389e-01
  1.1721951e+00 1.8466892e+00 7.5448740e-01 1.7274199e-01 3.3529184e+00
  9.5054877e-01 2.1059358e+00 1.8296996e+00 1.2470247e+00 4.9408311e-01
  1.3468710e+00 6.2516350e-01 7.8361171e-01 3.5376353e+00 1.2063302e-01
  2.5074170e+00 8.2585949e-01 3.6153969e-01 7.2538114e-01 7.5581322e+00
  0.0000000e+00 2.9194489e+00 2.8748217e+00 0.0000000e+00 1.9119620e+00
  5.5357748e-01 8.5179776e-01 0.0000000e+00 1.4604913e+00 0.0000000e+00
  4.4924841e+00 9.5595241e-01 4.7771835e+00 1.1389103e+00 2.5081120e+00
  4.7176409e-01 5.0690289e+00 1.7025516e+00 8.1753463e-01 3.9275625e+00
  7.5893205e-01 2.5985548e+00 4.4786491e+00 5.9126601e+00 2.8895482e-01
  8.5868444e+00 3.1850684e-01 8.0818186e+00 2.0192949e-01 1.3833185e+00
  7.8978217e-01 6.9725246e+00 1.0262488e+00 1.7765700e+00 1.4479131e+00
  9.9106342e-01 0.0000000e+00 6.7566137e+00 4.8735785e+00 4.3523809e-01
  1.9810277e+00 6.5430379e-01 3.7225006e+00 4.4112415e+00 2.5452569e+00
  3.2168515e+00 3.9643314e+00 0.0000000e+00 5.9586225e+00 3.3396471e+00
  2.0487831e+00 1.5097497e-01 6.9034266e-01 2.6394337e-01 6.6153699e-01
  2.0918720e+00 3.5453936e-01 6.5667105e-01 6.9936767e+00 2.9050300e+00
  0.0000000e+00 6.8938416e-01 2.1411366e+00 3.2461083e+00 3.2539568e+00
  1.4616363e+00 5.0102320e+00 2.7347217e+00 1.4167461e+00 8.3451557e+00
  1.1390117e+01 0.0000000e+00 4.1689318e-02 2.6552749e-01 2.6915090e+00
  4.2762780e+00 2.6950123e+00 4.1459732e+00 3.6466808e+00 1.7844959e+01
  2.7437335e-01 3.4485140e+00 3.7522918e-01 4.7184048e+00 6.4213701e-02
  0.0000000e+00 2.3216897e-01 3.4470961e+00 1.0769342e+00 1.7015957e+00
  5.2806334e+00 3.4712281e+00 1.9826425e+00 7.2047377e-01 8.3872324e-01
  2.5967679e+00 6.6216426e+00 2.2678621e+00 4.9406725e-01 1.9130436e-01
  3.6905792e+00 2.8869448e+00 5.2386146e+00 3.8075572e-01 1.5206909e+00
  7.6646680e-01 2.9351500e-01 2.3076327e+00 0.0000000e+00 7.3465806e-01
  7.9876587e-02 8.5022449e-01 1.6404886e-03 1.3326066e+00 5.0732464e-01
  2.4489062e+00 4.0836949e+00 8.7564707e-01 5.3867164e+00 2.5266731e+00
  1.3216259e+00 5.7434115e+00 0.0000000e+00 5.6887851e+00 2.0594227e+00
  1.3580868e+00 3.4914249e-01 6.3103051e+00 1.9591507e+00 5.1625361e+00
  2.1807303e+00 4.5904937e-01 9.3517023e-01 2.4977415e+00 6.3375502e+00
  1.5812311e+00 7.5946083e+00 7.0660651e-02 1.8148100e+00 1.1272707e+00
  7.6591334e+00 1.7632730e+00 5.7931060e-01 2.5128365e+00 1.0672449e+00
  7.4462390e-01 1.4280660e+01 1.4448767e+00 1.2309132e+00 2.1173475e+00
  3.5011995e+00 1.9274507e+00 4.6278560e-01 7.5845921e-01 8.0191832e+00
  1.6542016e-01 3.5183737e+00 4.9303331e+00 2.4550281e+00 4.5083337e+00
  3.7183480e+00 1.4851487e+00 1.3851177e+01 7.8327751e+00 6.6500311e+00
  1.7949579e+00 3.9063933e-01 4.6950575e-02 0.0000000e+00 1.1673756e+00
  2.7274311e+00 4.7442551e+00 1.1750473e+00 0.0000000e+00 3.3132846e+00
  3.5236034e+00 3.6055534e+00 5.8950601e+00 3.6036451e+00 5.2447289e-01
  1.1726318e+01 1.6281433e+00 1.6541159e+00 4.0081021e-01 6.1139631e+00
  2.0408893e+00 2.5977592e+00 4.2229123e+00 3.9780971e-02 1.9127573e+00
  3.0483566e-02 6.1684422e+00 5.4685163e+00 5.3719324e-01 3.8464406e+00
  3.8303375e-01 6.6127753e+00 6.2822092e-01 5.7955742e+00 1.4063064e-02
  1.2653985e+00 2.5075443e+00 1.8788537e+00 9.9320263e-03 2.5046048e+00
  6.1861629e+00 3.3097917e-01 9.9442720e-01 1.0266991e+00 5.0520697e+00
  1.7390554e+00 1.4110600e+00 4.3951573e+00 3.9808735e-01 1.2997649e+00
  6.9099027e-01 1.6279526e+00 1.0262215e+00 1.5322224e+00 3.4160931e+00
  1.8075684e+00 2.8286996e+00 1.4154520e+00 2.7646222e+00 3.2775617e+00
  3.3568077e+00 4.3672420e-02 4.8852525e+00 9.6363954e-02 5.4076236e-01
  5.5172400e+00 2.1033024e-02 2.4830355e-01 7.2984946e-01 9.3205166e+00
  8.3905733e-01 3.8363364e+00 5.0142157e-01 1.3801464e+00 1.2566581e+01
  1.8714197e-01 1.3006729e+00 2.5848670e+00 1.6097084e-01 1.2544442e+00
  2.4408207e+00 8.1292048e+00 1.8199668e+00 9.5894642e+00 1.7704595e+00
  2.9554996e+00 1.3471127e+00 3.9871774e+00 6.4100885e-01 4.6447353e+00
  1.2691694e+00 1.6758432e+00 8.3367741e-01 2.4554323e-01 9.6997690e+00
  4.8599362e+00 2.1022587e+00 1.8738576e+00 3.3371863e-01 1.4289494e-01
  5.7010770e+00 2.8869267e+00 1.4613287e+00 1.2241524e+00 3.3563980e-01
  3.1708655e+00 6.9007006e+00 4.9988738e-01 2.1327219e+00 2.2362072e+00
  5.6122804e+00 8.0509663e-02 4.8859138e+00 3.0970889e-01 1.1812122e+00
  2.2617984e+00 7.9026133e-01 2.6648264e+00 7.9936618e-01 3.5343578e+00
  0.0000000e+00 4.2778869e+00 9.6643209e-01 1.0028247e+00 7.1033382e-01
  1.2236588e+00 5.1566750e-01 2.5048616e+00 2.0508349e+00 7.7179670e-01
  0.0000000e+00 4.6846695e+00 2.7209256e+00 2.0643156e-02 1.9959345e+00
  9.9615860e-01 5.2482790e-01 3.5918262e+00 7.4517512e+00 1.5935248e+00
  1.0504063e+00 4.0491238e+00 0.0000000e+00 4.2847472e-01 4.2526455e+00
  0.0000000e+00 1.9998542e+00 2.3471090e-01 0.0000000e+00 4.3087575e-01
  5.3961385e-02 7.6512671e-01 1.3095740e+00 7.1407604e-01 1.4459746e-03
  3.5577092e-01 1.9141608e+00 5.9702072e+00 8.8283234e+00 3.0806928e+00
  4.5170579e+00 1.0917034e+00 1.1984593e+00 1.3235986e+01 4.4163971e+00
  0.0000000e+00 1.8524454e+00 0.0000000e+00 7.5355060e-02 0.0000000e+00
  5.4762621e+00 2.3305020e+00 5.8171189e-01 3.7666728e+00 1.3258686e+00
  3.2154896e+00 4.3344216e+00 5.0972185e+00 2.4299867e+00 6.9225512e+00
  3.6715474e+00 1.3506877e-01 3.4828317e+00 9.4072828e+00 2.5877452e+00
  2.1351114e-01 4.2809179e-01 4.3124733e+00 1.2807347e+00 0.0000000e+00
  2.7916104e-01 3.5447791e-02 1.5074985e+00 4.3682265e+00 1.2960515e+00
  1.8509533e+00 7.6869574e+00 4.7373061e+00 1.2279180e-01 8.8289871e+00
  9.2674986e-02 4.0364802e-02 8.8443604e+00 2.1391022e+00 6.0110092e+00
  1.1460466e+00 3.1747160e+00 2.6854679e-01 7.7071261e+00 3.1326027e+00
  2.1914807e-01 3.8928831e-01 3.8161750e+00 3.2662151e+00 2.2453024e+00
  2.3121305e+00 3.3761854e+00]]