[[1.40369785e+00 9.08798695e+00 3.88664675e+00 1.20755267e+00
  6.72599450e-02 9.39742374e+00 4.52338600e+00 9.83883286e+00
  8.78347516e-01 1.03355753e+00 4.61674356e+00 3.21032333e+00
  1.43214002e-01 5.77677822e+00 3.71104217e+00 6.04384184e+00
  3.96332574e+00 3.74496388e+00 1.36629808e+00 7.46261406e+00
  2.17928100e+00 1.03807316e+01 6.38199043e+00 1.51547603e-02
  0.00000000e+00 5.11017990e+00 0.00000000e+00 6.01316929e-01
  1.32603407e+00 1.68359661e+00 1.73741972e+00 1.13233101e+00
  2.72900271e+00 2.81625843e+00 4.34052992e+00 0.00000000e+00
  6.79357469e-01 0.00000000e+00 4.57861662e+00 3.03652620e+00
  1.05084229e+00 3.85158420e+00 4.66335678e+00 5.41475821e+00
  0.00000000e+00 4.01839447e+00 8.46849060e+00 0.00000000e+00
  1.54539549e+00 1.23586750e+00 9.72950220e-01 1.20276380e+00
  3.47237158e+00 2.10825980e-01 6.77901602e+00 4.28044891e+00
  8.83832741e+00 3.15313101e+00 2.56372154e-01 2.69545794e-01
  3.50089431e+00 5.67737770e+00 4.61425114e+00 6.15067959e+00
  3.29724550e+00 8.67878342e+00 0.00000000e+00 2.58247733e+00
  1.64817286e+00 3.86837095e-01 1.86184978e+00 1.04212546e+00
  2.52486157e+00 7.11901999e+00 5.52751732e+00 1.82266131e-01
  1.18617117e+00 5.52775800e-01 2.03686213e+00 3.64161873e+00
  4.76792306e-01 3.50515395e-01 3.40393186e+00 2.02519536e+00
  1.97840071e+00 6.27288961e+00 1.49010670e+00 4.37106085e+00
  4.94671011e+00 0.00000000e+00 5.09594345e+00 5.53307867e+00
  1.62066209e+00 8.21900940e+00 8.53549862e+00 2.60123467e+00
  2.96870518e+00 3.12655067e+00 1.36790419e+00 2.25977111e+00
  1.84763932e+00 1.17226267e+00 1.25628166e+01 4.21727800e+00
  1.36390877e+00 3.43763649e-01 8.41275096e-01 3.43115664e+00
  8.55562150e-01 3.34016085e+00 7.66447663e-01 1.67065173e-01
  5.41312322e-02 1.74378657e+00 1.21270514e+01 4.25406955e-02
  2.45306826e+00 3.81278515e+00 4.38065243e+00 7.61011410e+00
  8.79837811e-01 5.80258322e+00 4.72876489e-01 4.82387245e-01
  8.99915791e+00 4.39582968e+00 9.99594390e-01 0.00000000e+00
  3.57526660e-01 2.31272125e+01 0.00000000e+00 4.64027834e+00
  1.00152607e+01 2.59421420e+00 2.80728316e+00 5.29585028e+00
  1.84470868e+00 1.45035946e+00 5.84644258e-01 7.20856476e+00
  2.16179514e+00 2.64079309e+00 5.98737262e-02 4.36709309e+00
  1.54910696e+00 3.38632178e+00 3.11578679e+00 6.94974542e-01
  1.80393434e+00 3.91395473e+00 1.62449408e+00 1.58525407e+00
  3.33361816e+00 1.00966299e+00 4.76197577e+00 2.36800098e+00
  2.79038429e+00 2.77994585e+00 2.09140015e+00 3.54428381e-01
  1.96984196e+00 1.08077526e+01 2.36199498e-01 8.96535158e-01
  4.02818346e+00 4.21147257e-01 1.51588476e+00 3.00779557e+00
  0.00000000e+00 1.01053858e+00 6.32912874e-01 7.48332357e+00
  1.22771797e+01 0.00000000e+00 1.12334704e+00 2.42613029e+00
  1.95246291e+00 5.24868631e+00 1.37746983e+01 4.45719910e+00
  4.64730358e+00 2.48213196e+00 8.13564205e+00 7.05018938e-01
  5.64270020e+00 7.54085875e+00 6.37325108e-01 2.85489130e+00
  5.75650454e+00 4.14752436e+00 1.73581553e+00 0.00000000e+00
  1.14212596e+00 5.66590118e+00 1.42334938e-01 7.75896490e-01
  2.67162061e+00 1.75862998e-01 9.11274624e+00 0.00000000e+00
  3.86131191e+00 3.34801465e-01 0.00000000e+00 5.06145000e-01
  3.08521080e+00 1.31317639e+00 2.93345857e+00 3.83896530e-01
  8.63795400e-01 5.59923887e+00 2.34779167e+00 4.18152714e+00
  1.68157175e-01 7.90534401e+00 4.09194648e-01 1.44121662e-01
  1.17920828e+00 0.00000000e+00 1.12356591e+00 2.32426000e+00
  4.31355333e+00 3.89222813e+00 7.28743267e+00 6.07348585e+00
  6.16335583e+00 3.17042065e+00 1.88441351e-01 2.21584129e+00
  3.94453168e-01 5.04261374e-01 3.55837792e-01 1.84851742e+00
  1.08628702e+01 4.09699738e-01 1.79301238e+00 2.28746510e+00
  4.72846031e+00 6.04587364e+00 5.65281534e+00 8.14072609e+00
  5.54496861e+00 0.00000000e+00 5.17376328e+00 1.20799673e+00
  1.87049019e+00 1.43137751e+01 2.87918282e+00 3.21423769e-01
  1.70330858e+00 2.95127654e+00 2.99320674e+00 6.28475487e-01
  4.22021955e-01 4.77042484e+00 1.21519032e+01 0.00000000e+00
  8.41058064e+00 1.16411853e+00 4.48079288e-01 7.46127796e+00
  2.54063392e+00 2.46243477e+00 0.00000000e+00 2.59796053e-01
  7.28424454e+00 4.26815182e-01 2.23614597e+00 3.08791208e+00
  1.77214980e+00 5.65169692e-01 1.58453584e+00 9.52321589e-01
  7.87246370e+00 7.66710877e-01 1.43369961e+00 4.47677326e+00
  7.66830778e+00 5.30211210e-01 1.30104649e+00 3.26615155e-01
  1.52440262e+01 3.30099988e+00 6.16827583e+00 1.46163359e-01
  2.59515309e+00 0.00000000e+00 6.67318106e+00 3.21172595e+00
  3.01551628e+00 5.04498672e+00 8.12709868e-01 5.71551132e+00
  1.44460082e+00 3.65880060e+00 1.47356701e+00 1.84632051e+00
  8.11201394e-01 3.58134627e+00 2.08445406e+00 0.00000000e+00
  4.45942116e+00 2.59628445e-01 1.31145799e+00 7.66902447e+00
  4.36801612e-01 1.47254479e+00 4.78552532e+00 0.00000000e+00
  4.92616415e+00 2.52190804e+00 7.92392313e-01 4.30079126e+00
  1.92078099e-01 2.77308631e+00 3.79624128e+00 1.16017744e-01
  6.75331640e+00 4.19971991e+00 4.58788681e+00 1.74474728e+00
  6.24040937e+00 1.61275280e+00 2.87918067e+00 4.76474047e+00
  2.08536553e+00 5.06146908e+00 2.78301120e+00 4.04768467e+00
  7.09722042e+00 4.10654354e+00 2.52498478e-01 1.26556625e+01
  4.47967148e+00 8.64782512e-01 3.21472096e+00 7.14466190e+00
  8.66282642e-01 0.00000000e+00 3.16731548e+00 1.26700854e+00
  1.84769249e+00 0.00000000e+00 4.08223438e+00 2.51202631e+00
  1.03656091e-01 7.99160528e+00 2.12542996e-01 0.00000000e+00
  1.53422737e+00 9.73804742e-02 4.01205301e-01 2.04298472e+00
  1.31148589e+00 1.55248833e+00 5.58634186e+00 1.32676810e-01
  1.10102880e+00 1.02727594e+01 4.14744902e+00 1.85085759e-01
  1.30740767e+01 4.16606474e+00 9.50198054e-01 2.86035895e+00
  6.05387163e+00 1.91700709e+00 6.74930620e+00 0.00000000e+00
  2.97117114e+00 6.30894899e-01 6.56491071e-02 2.63176870e+00
  0.00000000e+00 4.52544260e+00 2.91684699e+00 3.08433151e+00
  6.21481001e-01 1.12267220e+00 0.00000000e+00 4.44978571e+00
  9.31501198e+00 1.45361245e+00 3.54571033e+00 4.23663616e+00
  4.47016537e-01 7.35290575e+00 7.95926154e-01 7.25239754e-01
  2.69641829e+00 1.64068937e-01 6.91385660e-03 3.19384122e+00
  8.47224140e+00 5.07480907e+00 8.24734509e-01 1.31702077e+00
  5.40171576e+00 7.65900731e-01 7.82034323e-02 3.98727393e+00
  4.31490612e+00 1.40060005e+01 2.54584074e-01 1.00440454e+00
  8.13725567e+00 4.61299706e+00 3.42610359e+00 1.13726883e+01
  1.30212903e-01 1.91345322e+00 1.07834263e+01 2.39195013e+00
  1.86291134e+00 1.57606220e+00 3.64276457e+00 1.47698388e-01
  1.83867955e+00 8.89074421e+00 4.27341413e+00 2.12167573e+00
  1.37282407e+00 6.02814555e-01 1.53535247e+00 8.15528774e+00
  2.21638131e+00 1.26099360e+00 1.64207160e+00 7.39916372e+00
  7.79465389e+00 3.81859112e+00 6.49732304e+00 3.18944120e+00
  2.45830044e-01 9.26692367e-01 1.10421717e+00 4.60820389e+00
  0.00000000e+00 1.08437090e+01 7.71122813e-01 4.38021660e+00
  2.65729046e+00 9.52524483e-01 9.96374562e-02 3.98840022e+00
  8.81569505e-01 3.58124208e+00 1.57264158e-01 2.51183128e+00
  1.16578555e+00 1.43672431e+00 1.73275316e+00 6.45835972e+00
  3.45130992e+00 1.37071824e+00 4.04581165e+00 1.77243078e+00
  2.75177789e+00 9.38361883e-01 6.29436374e-01 7.45264626e+00
  9.13050678e-03 5.04510355e+00 2.08265162e+00 9.36194801e+00
  1.24449730e+00 2.90959507e-01 1.75543523e+00 4.74450320e-01
  4.30269718e+00 1.23212826e+00 1.29604554e+00 8.92571449e-01
  6.68474555e-01 9.15822697e+00 3.12213135e+00 3.56217003e+00
  2.53758579e-01 4.68343854e-01 2.70996004e-01 2.86871958e+00
  4.52757001e-01 1.05898857e+01 5.43585658e-01 1.61865711e+00
  0.00000000e+00 0.00000000e+00 3.19504261e+00 8.13967735e-02
  4.79209995e+00 1.95041049e+00 2.58946729e+00 3.99276948e+00
  2.99500346e+00 3.75772595e+00 9.12336159e+00 1.64853156e+00
  1.09755027e+00 8.69898319e-01 5.39938736e+00 2.44173455e+00
  1.29238348e+01 1.81622994e+00 5.99838448e+00 1.65422356e+00
  9.53557587e+00 2.69852805e+00 3.94065619e+00 6.13918245e-01
  2.34346795e+00 2.22221684e+00 9.99425983e+00 1.90468633e+00]]