[[2.31849790e-01 2.08826900e+00 3.19038928e-01 0.00000000e+00
  1.60889193e-01 7.04202414e+00 3.02965379e+00 0.00000000e+00
  2.50852942e-01 1.31280923e+00 9.63188350e-01 2.59235859e+00
  5.45283973e-01 3.93333626e+00 0.00000000e+00 1.66948450e+00
  1.23229361e+00 0.00000000e+00 1.35417926e+00 3.93385959e+00
  6.62167835e+00 2.06455708e+00 2.26069510e-01 0.00000000e+00
  2.20028305e+00 4.00212431e+00 9.65223670e-01 3.86288881e-01
  1.55193901e+00 2.07298085e-01 4.90195304e-02 1.59768426e+00
  4.19423485e+00 1.71620822e+00 0.00000000e+00 5.62471485e+00
  5.28443623e+00 2.64874995e-01 9.52479541e-01 2.58423328e-01
  6.44036829e-01 2.73069549e+00 3.73051214e+00 1.04390025e+00
  4.77311039e+00 7.24695921e-02 8.80489826e+00 5.99824762e+00
  3.41032982e+00 4.24523163e+00 8.55668709e-02 5.29782867e+00
  1.30076599e+00 5.46536207e+00 3.16955233e+00 3.17846847e+00
  1.11912596e+00 6.48811293e+00 1.20237541e+00 7.30560160e+00
  2.38173250e-02 0.00000000e+00 6.51034689e+00 5.20986891e+00
  2.09329200e+00 5.68632984e+00 1.99268532e+00 1.17562008e+00
  1.64482176e+00 3.29183960e+00 8.44742775e-01 5.50285935e-01
  1.63337874e+00 9.16878510e+00 8.93773288e-02 0.00000000e+00
  1.38801587e+00 0.00000000e+00 6.25755596e+00 3.45387197e+00
  2.95922846e-01 3.56248474e+00 7.11820459e+00 0.00000000e+00
  2.50217891e+00 1.09272707e+00 1.01460707e+00 2.01313090e+00
  5.78208590e+00 7.98600912e-02 2.78717995e+00 6.38588220e-02
  4.52861935e-01 8.22053254e-01 4.37265545e-01 8.34515840e-02
  2.95084178e-01 2.90169811e+00 7.57630229e-01 3.18951893e+00
  2.67431808e+00 1.14084625e+00 3.12435508e-01 5.95012665e+00
  3.74414086e+00 2.74066496e+00 4.28139836e-01 2.59478951e+00
  2.34849930e-01 2.06350341e-01 2.50478101e+00 3.39264560e+00
  1.12921737e-01 6.21990538e+00 3.27242327e+00 2.12956637e-01
  3.18918014e+00 3.93780828e+00 6.35215461e-01 1.90391457e+00
  9.80858862e-01 1.43903959e+00 2.21340060e+00 3.84210491e+00
  2.16673017e+00 4.25976706e+00 1.24406472e-01 0.00000000e+00
  3.89506251e-01 5.46149302e+00 1.75623012e+00 1.68312991e+00
  8.79196644e+00 1.45981228e+00 8.76686335e-01 2.18997526e+00
  2.16697939e-02 1.93100739e+00 2.56147242e+00 2.31480107e-01
  5.05763960e+00 1.05197437e-01 1.87886095e+00 1.45278370e+00
  1.61444509e+00 2.46621192e-01 1.28711033e+00 4.76584524e-01
  0.00000000e+00 6.72076177e-03 7.87533331e+00 4.78496253e-01
  1.51517236e+00 0.00000000e+00 4.22155797e-01 1.86167300e+00
  1.74193406e+00 1.95889997e+00 5.32510579e-01 0.00000000e+00
  0.00000000e+00 6.78637207e-01 1.49991238e+00 3.86787128e+00
  3.77058482e+00 1.07933211e+00 1.01883382e-01 3.37578249e+00
  1.69360912e+00 1.56586099e+00 1.17472911e+00 7.32435405e-01
  5.65827703e+00 3.07307839e+00 1.11690235e+00 3.56071770e-01
  0.00000000e+00 2.15243220e+00 2.60323882e+00 1.70595336e+00
  7.33416510e+00 3.08875114e-01 2.11493397e+00 1.55626222e-01
  4.53629792e-01 8.53020012e-01 5.14936066e+00 5.20908356e-01
  1.53878689e+00 1.17790198e+00 7.87851274e-01 1.00887135e-01
  0.00000000e+00 1.92497301e+00 8.07533562e-02 0.00000000e+00
  4.27707672e-01 2.78961277e+00 2.62885690e-01 4.13830376e+00
  1.07779831e-01 6.02941704e+00 8.44003737e-01 4.94697452e-01
  4.63737011e+00 3.07920158e-01 0.00000000e+00 1.30645144e+00
  0.00000000e+00 1.45549452e+00 9.14696813e-01 4.99303699e-01
  0.00000000e+00 1.69642437e+00 2.20641518e+00 0.00000000e+00
  1.10330224e+00 0.00000000e+00 3.89705467e+00 1.11288393e+00
  0.00000000e+00 2.11736894e+00 3.44017434e+00 3.55058283e-01
  3.24976611e+00 5.95786870e-01 7.55358338e-01 6.72824085e-01
  2.55299282e+00 0.00000000e+00 5.22874498e+00 5.02640438e+00
  4.46320581e+00 7.15033188e-02 1.12511963e-01 0.00000000e+00
  2.18970895e-01 1.25282764e+01 1.64398050e+00 3.52763128e+00
  2.08996344e+00 1.09447557e-02 9.05378628e+00 9.49737310e-01
  1.75437570e+00 7.92957115e+00 1.33493109e+01 4.06144714e+00
  2.12640429e+00 6.06299973e+00 8.86586094e+00 2.94135273e-01
  0.00000000e+00 3.12111592e+00 1.00515330e+00 0.00000000e+00
  4.80012000e-01 4.45783520e+00 0.00000000e+00 8.76803637e-01
  2.84396768e-01 8.58656287e-01 1.61137924e-01 2.12371498e-01
  1.32630718e+00 2.99577177e-01 2.02267218e+00 1.68758595e+00
  1.08816071e+01 1.00284457e+00 4.94207096e+00 0.00000000e+00
  3.15820217e+00 2.67260242e+00 2.69053578e+00 1.64900982e+00
  2.61060357e+00 9.42957640e-01 0.00000000e+00 1.66472748e-01
  9.72998428e+00 2.81400371e+00 4.42250061e+00 1.46583104e+00
  1.03026442e-01 1.57797839e-02 2.37996292e+00 1.26270905e-01
  3.06504297e+00 1.23892522e+00 0.00000000e+00 4.81736135e+00
  5.28242923e-02 5.71950495e-01 5.56119633e+00 2.53083277e+00
  7.81686258e+00 2.51483297e+00 8.12110484e-01 0.00000000e+00
  4.04423666e+00 1.56652093e-01 9.31922734e-01 1.20258236e+00
  1.30116355e+00 9.24553514e-01 1.05858958e+00 2.92723000e-01
  3.26540327e+00 5.19944191e+00 0.00000000e+00 3.66382480e-01
  1.84564710e-01 6.96561337e-02 2.47572136e+00 6.64225996e-01
  4.09719181e+00 1.94145393e+01 1.49278569e+00 0.00000000e+00
  1.40380490e+00 6.07964933e-01 5.05735493e+00 2.58704972e+00
  1.05794109e-02 7.45913446e-01 6.43107033e+00 0.00000000e+00
  4.82634068e+00 1.59152102e+00 0.00000000e+00 2.92168546e+00
  6.03873432e-01 0.00000000e+00 7.00470352e+00 2.80350471e+00
  7.36373305e-01 1.50776138e+01 7.96670973e-01 1.00012789e+01
  2.01391268e+00 0.00000000e+00 8.87856305e-01 2.57660961e+00
  1.78953338e+00 3.45816851e-01 1.36617041e+00 0.00000000e+00
  2.85977864e+00 9.49120522e-01 7.98003674e-01 2.30087590e+00
  0.00000000e+00 2.28109509e-01 2.08402348e+00 5.21331966e-01
  5.31660259e-01 1.21029434e+01 5.27651644e+00 0.00000000e+00
  5.58007181e-01 1.34235239e+00 1.47083783e+00 1.19450986e+00
  3.52900577e+00 7.19755888e+00 1.24357681e+01 5.03363419e+00
  0.00000000e+00 5.15328944e-01 8.43711078e-01 5.24261808e+00
  0.00000000e+00 2.30375290e-01 2.56088257e+00 3.40488553e+00
  9.63338137e-01 6.16584979e-02 1.26501811e+00 5.60068703e+00
  1.41841459e+01 8.33609760e-01 0.00000000e+00 3.24219060e+00
  4.13600826e+00 1.49370122e+00 1.46174407e+00 8.20274651e-02
  2.66983628e+00 1.01207447e+00 0.00000000e+00 2.14434743e+00
  2.06520651e-02 6.42346239e+00 9.20821369e-01 1.14056662e-01
  2.53012538e+00 7.00059474e-01 1.78627920e+00 2.32621169e+00
  3.86488247e+00 1.58802295e+00 4.75719309e+00 7.43198013e+00
  4.15540600e+00 0.00000000e+00 8.13025162e-02 3.74574494e+00
  2.35708284e+00 5.02006149e+00 9.95585859e-01 0.00000000e+00
  0.00000000e+00 5.94344616e-01 9.21822357e+00 3.30964971e+00
  1.18688762e-01 8.06036055e-01 3.88995349e-01 7.82242298e-01
  3.74474812e+00 6.93648815e-01 2.08453655e+00 9.71381378e+00
  3.12378669e+00 5.88746727e-01 5.39105797e+00 7.36452007e+00
  4.16094017e+00 9.09479797e-01 5.17598009e+00 1.32853556e+00
  1.13438635e+01 0.00000000e+00 5.86374998e-01 1.25821323e+01
  1.88888454e+00 1.91367030e+00 8.08032453e-02 9.44180608e-01
  6.51311427e-02 1.99711740e-01 1.38754398e-01 1.11352170e+00
  1.79943562e+00 9.32972431e-01 2.04845810e+00 2.94750005e-01
  9.54908729e-01 8.76432508e-02 2.98718739e+00 4.44452095e+00
  4.80133390e+00 6.15193367e-01 9.42120433e-01 4.08970982e-01
  1.07098131e+01 1.46454668e+00 0.00000000e+00 5.31448698e+00
  2.83824849e+00 6.65482163e-01 2.36619204e-01 0.00000000e+00
  8.50887969e-02 0.00000000e+00 5.86124837e-01 1.06525004e+00
  5.91976309e+00 2.04716578e-01 1.07906735e+00 0.00000000e+00
  2.83246011e-01 9.48151779e+00 7.49920797e+00 2.62187034e-01
  1.77799058e+00 6.26381016e+00 0.00000000e+00 8.62632930e-01
  0.00000000e+00 7.28954887e+00 1.45417905e+00 8.62157917e+00
  7.71129072e-01 6.35142684e-01 7.68320513e+00 7.11973459e-02
  2.28973889e+00 0.00000000e+00 4.81560230e+00 2.11601138e+00
  3.25816345e+00 2.72556281e+00 2.97612786e-01 9.52746153e-01
  2.81381631e+00 2.20724177e+00 1.76360512e+00 7.37880707e-01
  1.28322544e+01 6.45918012e-01 8.33579456e-04 6.42496943e-01
  1.34933591e+00 3.01332021e+00 8.86341858e+00 1.23788643e+00
  2.42621213e-01 8.69464874e-02 2.99167204e+00 2.74559307e+00]]