[[9.7061962e-02 1.7288101e+00 1.9163386e+00 3.9533427e+00 0.0000000e+00
  2.9097698e+00 7.6868029e+00 3.2314789e+00 3.8260112e+00 1.6116363e-01
  7.3139673e-01 1.8659247e+00 3.5667355e+00 1.3838691e+00 1.9992487e+00
  2.8062096e+00 3.9168909e-01 2.8484867e+00 4.5249839e+00 6.0469456e+00
  6.9979888e-01 9.3066669e-01 2.2483613e+00 0.0000000e+00 5.1417983e-01
  3.3445187e+00 0.0000000e+00 1.0489171e-01 4.2420440e+00 1.1519092e+00
  6.8716639e-01 2.7183270e+00 5.8437598e-01 2.1401269e+00 7.3315108e-01
  1.3265300e-01 0.0000000e+00 3.4445157e+00 3.4346447e+00 8.1149089e-01
  2.1596591e+00 2.5251377e+00 1.7423137e+00 3.5365510e+00 2.1541238e-01
  2.1057210e+00 3.4661713e+00 4.3112869e+00 4.3360462e+00 8.3748446e+00
  0.0000000e+00 1.9719142e-01 2.0698135e-01 3.7871222e+00 8.2311296e-01
  3.8132825e+00 2.4235537e+00 1.1999878e+01 1.0473446e-01 1.3985282e-01
  2.6736885e-01 1.6783173e-01 1.8904409e+00 4.3862014e+00 6.2144804e-01
  6.7288175e+00 5.4189487e+00 2.3889220e+00 6.2221122e-01 2.6248457e+00
  8.8537186e-01 3.3429513e+00 2.0568740e+00 1.1875109e+01 4.7967482e+00
  0.0000000e+00 1.1015191e+00 0.0000000e+00 1.5582000e-01 3.0664761e+00
  3.6136630e+00 5.5988669e-01 2.3246653e+00 1.4169599e-01 0.0000000e+00
  2.7926341e-01 3.9280030e-01 3.0010114e+00 2.4634929e+00 1.9933307e+00
  4.6395102e+00 4.1575950e-01 6.0837036e-01 1.7769076e-01 2.6251522e-01
  4.1866684e-01 1.8708380e+00 5.2805061e+00 4.5606737e+00 1.2321009e+01
  1.0190804e-01 4.7680914e-01 2.9268878e+00 1.6462463e+00 1.1879954e+00
  0.0000000e+00 8.3706779e-03 0.0000000e+00 5.2898574e+00 2.3277029e-01
  3.9056807e+00 2.1499259e+00 2.5311739e+00 3.5190764e-01 4.2615190e+00
  9.1323353e-02 7.1260200e+00 4.0509543e+00 4.5289483e+00 4.5581827e+00
  2.2551627e+00 8.0623066e-01 1.9123834e+00 6.0632992e+00 0.0000000e+00
  9.4936872e-01 4.8413303e-01 1.7526895e-01 1.8850524e+00 7.0499182e+00
  2.0968916e+00 3.6893854e-01 1.1690754e+00 2.3122373e+00 1.4590825e+00
  5.6061964e+00 8.4354579e-01 7.5657082e+00 7.6566952e-01 1.4814783e+00
  6.3420910e-01 1.4969307e-01 5.1985202e+00 4.6799817e+00 3.1556296e+00
  1.9045582e+00 5.7506129e-02 1.0542372e+00 1.6364377e+00 0.0000000e+00
  3.9021614e+00 8.5898650e-01 3.0508528e+00 4.5577535e-01 1.0083576e+00
  4.0810409e+00 6.7236166e+00 0.0000000e+00 5.2668676e+00 1.0721074e+00
  6.5790480e-01 3.3668540e+00 2.3496761e+00 1.8508081e+00 4.2810874e+00
  8.7780094e-01 2.8273496e-01 6.4177303e+00 3.6332674e+00 7.4434671e+00
  0.0000000e+00 2.7726827e+00 4.9254823e+00 2.0767393e+00 1.2559986e-01
  4.6689477e+00 9.2572254e-01 5.5750704e-01 4.7469134e+00 1.5687515e+00
  1.1674691e+01 2.0563959e-01 1.2283329e+00 2.6921943e-01 0.0000000e+00
  1.2963206e-01 5.1677470e+00 6.8571800e-01 7.0945364e-01 8.9434919e+00
  1.4387155e+00 3.3548936e-01 7.5480884e-01 4.7742820e+00 4.5095511e-02
  5.0097615e-01 2.2283967e-01 2.4826233e+00 3.7457752e+00 3.5991855e+00
  7.8577036e-01 4.5267561e-01 0.0000000e+00 1.1616185e+00 1.0926852e+00
  1.0696154e+00 5.3457737e-01 3.1623263e+00 2.3473232e+00 3.8297412e+00
  2.9518688e+00 6.0171647e+00 3.2598799e-01 2.0249596e+00 2.8966758e+00
  0.0000000e+00 1.9271224e+00 2.4998646e+00 2.6281028e+00 1.3424374e+00
  1.1984109e-01 6.1398804e-01 4.6425366e-01 4.0192208e+00 1.8755850e+00
  3.2087197e+00 1.0336783e+00 7.4004787e-01 4.5022602e+00 0.0000000e+00
  3.2530484e+00 2.6207032e+00 4.9036474e+00 5.7807314e-01 1.0910394e+00
  1.2088758e+00 2.9492092e+00 1.5348816e+01 5.9885578e+00 8.3650112e-01
  3.3695798e+00 1.7368025e-01 3.9217691e+00 4.6572342e+00 1.3702331e+00
  5.5640783e+00 7.1247725e+00 4.8129921e+00 1.2257149e+00 3.4141076e+00
  1.1185540e+00 3.7355802e+00 3.7508929e-01 5.7379560e+00 1.8843765e+00
  1.3831521e+00 8.4402311e-01 3.7526021e+00 5.8867812e+00 1.5356795e+00
  8.4201795e-01 1.4424469e-01 0.0000000e+00 9.3047762e-01 4.7163682e+00
  6.1196942e+00 0.0000000e+00 3.4900382e+00 7.5426550e+00 1.2496400e+00
  5.5383701e+00 2.2916849e+00 3.1314209e+00 5.3636599e+00 2.0956738e+00
  1.6152179e+00 9.2436533e+00 5.3440624e-01 0.0000000e+00 1.1131941e+00
  1.9948975e+00 8.0301547e-01 5.3220832e-01 8.7961972e-02 4.7632689e+00
  0.0000000e+00 3.4553881e+00 2.0522959e+00 2.3972406e+00 1.1603339e+00
  1.0008688e+00 6.1573949e+00 5.2302855e-01 6.6439700e-01 3.3086853e+00
  6.3988721e-01 1.2959055e+00 7.2026357e-02 8.1531626e-01 3.4246919e-01
  1.1363989e+01 4.8417687e-01 3.1571391e+00 9.6054667e-01 2.3801353e+00
  6.0276973e-01 2.6484048e+00 1.7935891e+00 7.3095965e+00 7.2892362e-01
  2.5728315e-01 1.9101137e+00 5.1024300e-01 7.0471472e-01 2.8392713e+00
  1.5125610e+00 2.1741066e+00 1.4128122e+01 1.4885951e-02 7.1022172e+00
  3.6067655e+00 1.1104778e+00 7.5893939e-02 1.6954371e-01 3.1403795e-01
  1.7875305e+00 1.0114741e+01 5.6820792e-01 2.4916950e-01 0.0000000e+00
  1.3568501e+00 6.3822150e+00 2.8653674e+00 3.8045859e+00 8.0784464e+00
  2.9095450e-01 1.2300770e-01 4.8952193e+00 4.8964512e-01 5.6224573e-01
  2.7239776e+00 0.0000000e+00 1.6878157e+00 3.0886965e+00 1.1793238e+00
  2.3584659e+00 2.4307647e+00 0.0000000e+00 9.7337157e-01 5.2031946e-01
  1.1433942e-01 5.4856080e-01 1.0032513e+00 2.9324862e-01 3.4047198e+00
  4.5137957e-01 8.4262842e-01 1.2257968e+01 1.1981990e+00 1.8055929e+00
  9.9013412e-01 1.4048208e+00 2.1388221e+00 4.8983026e-01 2.2547054e+00
  3.0607088e+00 1.1736018e+01 1.1211348e+00 2.2267537e-01 4.4085350e+00
  4.7877312e-02 1.3161366e+00 3.1795499e+00 3.8968732e+00 3.9812069e+00
  2.2383623e+00 8.7090403e-01 9.2028636e-01 5.2038012e+00 3.9588706e+00
  4.0828514e+00 3.1948855e+00 8.4327638e-02 1.4824184e+00 8.0342382e-01
  5.4782166e+00 8.4152955e-01 1.0731617e+00 4.0999690e-01 2.5729530e+00
  7.2395965e-02 8.2036924e-01 7.8292263e-01 2.1501808e+00 4.7894630e-01
  1.1758552e+00 6.6608782e+00 2.2840829e-01 5.0308876e+00 5.0638819e-01
  2.2885320e+00 3.1945314e+00 0.0000000e+00 1.0287195e+01 1.5070331e+00
  4.7297934e-01 0.0000000e+00 3.4433258e+00 1.4863058e+00 5.6630411e+00
  5.9308619e+00 1.6160630e+00 0.0000000e+00 3.3672044e+00 3.2908714e+00
  0.0000000e+00 4.0304846e-01 1.6239567e+00 2.4801606e-02 1.5061163e+00
  1.2677083e+00 2.3196146e-01 7.1490861e-02 5.1851854e+00 3.4342520e+00
  1.4747850e+00 6.2026863e+00 4.7833004e+00 1.8420175e+00 8.0601171e-02
  1.9068278e-01 4.1388598e-01 1.5231352e+00 0.0000000e+00 3.0739017e+00
  1.4102059e+01 2.6482515e+00 5.1949179e-01 8.7810892e-01 1.3087146e+00
  0.0000000e+00 3.2821276e+00 6.3236523e-01 1.8344578e+00 3.6135305e-02
  8.4777647e-01 6.0236973e-01 9.3501186e-01 3.0899444e+00 1.6528230e+00
  1.9515615e+00 3.0323696e+00 1.6429505e+00 4.0586286e+00 4.0333638e-01
  3.2493286e+00 9.2140512e+00 3.0360706e+00 7.9710698e-01 5.0882611e+00
  2.5117455e+00 2.9595482e+00 1.8671939e+00 0.0000000e+00 4.1654614e-01
  6.0070920e-01 4.3698616e+00 1.6229224e+00 3.7441831e+00 2.3366981e+00
  3.1819553e+00 2.7893982e+00 0.0000000e+00 6.4774146e+00 1.3162114e+01
  1.8592178e+00 6.3543886e-01 8.1362325e-01 7.4306378e+00 1.1018342e+00
  1.2172455e+00 2.5230134e-01 5.4706483e+00 7.2344375e+00 1.6233779e+00
  9.9154097e-01 6.7808132e+00 1.7394689e-01 1.8608844e-01 2.9651794e-01
  8.0321970e+00 4.8509393e+00 1.9899250e+00 8.2216177e+00 0.0000000e+00
  8.4910131e-01 7.1254708e-02 4.9217768e+00 3.1949124e-01 8.6649552e-02
  8.7514620e+00 1.9585646e+00 4.0167913e+00 9.6096125e+00 3.7568469e+00
  8.2305307e+00 8.6446962e+00 3.6354226e-01 7.8683954e-01 9.2069620e-01
  3.9524193e+00 4.3587170e+00]]