[[0.00000000e+00 2.20204544e+00 1.20816219e+00 1.68974388e+00
  0.00000000e+00 1.76047611e+00 1.70041704e+00 3.65322083e-01
  6.53301144e+00 1.74065876e+00 3.62658215e+00 1.72040343e+00
  1.90730786e+00 3.40331006e+00 3.98541480e-01 5.18170547e+00
  0.00000000e+00 6.99640632e-01 0.00000000e+00 2.77543426e+00
  0.00000000e+00 4.82688999e+00 0.00000000e+00 2.68648601e+00
  6.98340535e-01 7.28909683e+00 4.22318554e+00 1.16877151e+00
  0.00000000e+00 5.37548900e-01 6.90117717e-01 0.00000000e+00
  1.75811100e+00 7.94497299e+00 1.07339168e+00 0.00000000e+00
  1.11072063e+00 2.14542121e-01 1.17269726e+01 3.80413938e+00
  2.15922546e+00 3.10739875e+00 2.06022000e+00 8.11493301e+00
  4.46808860e-02 6.12934732e+00 9.16428328e-01 0.00000000e+00
  4.83524370e+00 2.42312402e-02 4.71469259e+00 2.91436672e-01
  3.56970429e-01 0.00000000e+00 3.92261553e+00 1.09506392e+00
  4.47998136e-01 3.31969476e+00 2.80048800e+00 2.62408435e-01
  5.74933004e+00 6.10821187e-01 9.34296417e+00 4.77873564e+00
  9.38830301e-02 9.71451521e-01 0.00000000e+00 1.96437728e+00
  7.53916979e-01 1.01637006e+00 8.55112743e+00 4.00492620e+00
  2.75206774e-01 7.06149340e+00 3.21069646e+00 6.54878092e+00
  4.34752560e+00 1.28824067e+00 1.04024947e-01 1.69371808e+00
  3.00284338e+00 5.72137928e+00 3.50873375e+00 2.93984890e+00
  5.66445112e+00 1.21551304e+01 6.50790811e-01 4.74767476e-01
  3.39488316e+00 1.23889756e+00 7.76552153e+00 3.82685757e+00
  2.47585043e-01 2.62302041e+00 8.69177723e+00 4.15623695e-01
  5.90088940e+00 2.42272830e+00 2.42152214e+00 2.06260085e+00
  4.13745499e+00 3.94839573e+00 1.56217110e+00 6.34505749e+00
  1.72237515e-01 1.27511275e+00 1.07272303e+00 1.36740670e-01
  2.87564802e+00 6.12494040e+00 1.67750204e+00 3.33793163e-01
  8.92695904e-01 1.28904417e-01 1.07878482e+00 1.05635393e-02
  5.81657124e+00 3.43421221e-01 1.07665110e+00 2.42370415e+00
  6.18953764e-01 6.53845453e+00 1.39526933e-01 1.09658136e+01
  0.00000000e+00 1.66019857e+00 1.33258832e+00 2.88720913e-02
  0.00000000e+00 7.28455734e+00 2.85195851e+00 5.04984474e+00
  5.74317408e+00 3.69294584e-02 0.00000000e+00 7.44412959e-01
  7.74110377e-01 0.00000000e+00 3.02656651e+00 1.62812119e+01
  7.41168499e-01 7.48172522e-01 1.09096193e+00 1.65024722e+00
  6.31746244e+00 5.23268878e-01 6.90704727e+00 4.04386640e-01
  0.00000000e+00 1.00990987e+00 0.00000000e+00 3.70818567e+00
  4.45047235e+00 4.40223646e+00 8.75735208e-02 1.44758105e+00
  3.33534509e-01 4.08437157e+00 1.07936335e+00 4.15030098e+00
  5.06019443e-02 6.82392168e+00 6.09393978e+00 7.67453432e-01
  3.11224747e+00 8.53950882e+00 0.00000000e+00 2.18749881e+00
  1.32234961e-01 2.91008377e+00 6.74804449e+00 2.00786918e-01
  8.39606762e-01 1.02420826e+01 5.29724455e+00 5.93256998e+00
  1.22432387e+00 9.25280690e-01 3.41519547e+00 8.47888851e+00
  4.56091583e-01 9.23334658e-02 5.28182173e+00 2.07823014e+00
  3.17323536e-01 1.92312717e+00 4.49528551e+00 8.23627377e+00
  4.18063211e+00 1.72217321e+00 7.28947544e+00 1.79018140e+00
  3.39710593e+00 6.57812071e+00 2.63607049e+00 0.00000000e+00
  4.17872429e+00 5.56838179e+00 8.23014450e+00 1.29884994e-02
  1.23018141e+01 3.59666020e-01 9.76417065e-01 7.26309824e+00
  1.30419350e+01 6.35445786e+00 8.99033928e+00 2.36444259e+00
  2.72715747e-01 8.07427311e+00 6.52365506e-01 1.62598741e+00
  1.27747583e+00 5.24885654e+00 2.41551727e-01 1.00529087e+00
  7.63598144e-01 1.13400593e+01 1.64912522e+00 2.57330203e+00
  1.04386508e+00 1.15488405e+01 4.46232557e+00 9.54195201e-01
  1.94786623e-01 4.48271990e+00 9.16447449e+00 6.66430235e-01
  5.76885462e-01 1.58983564e+00 2.37899852e+00 2.76697922e+00
  3.37666750e+00 8.44167292e-01 2.38250422e+00 0.00000000e+00
  2.00656191e-01 7.51733124e-01 6.53369073e-03 9.40575409e+00
  0.00000000e+00 8.73494521e-02 1.11454494e-01 6.31375074e+00
  1.35541904e+00 5.67053020e-01 5.11184311e+00 0.00000000e+00
  4.41085386e+00 5.59225678e-01 8.70059878e-02 3.32003713e+00
  3.35914946e+00 3.70662260e+00 4.00200129e+00 6.77053273e-01
  4.93168682e-01 7.25791156e-01 2.60472953e-01 4.33834821e-01
  0.00000000e+00 6.36881888e-02 3.53726923e-01 1.83871877e+00
  1.27834725e+00 7.76451492e+00 1.97603059e+00 2.22242141e+00
  3.57861757e+00 1.62908113e+00 6.90879488e+00 0.00000000e+00
  7.04298735e-01 3.65813553e-01 3.97246778e-01 2.71020353e-01
  1.43048162e+01 0.00000000e+00 1.54166669e-01 1.95233631e+00
  9.23760891e+00 3.83423972e+00 8.78385246e-01 5.88447857e+00
  1.28331590e+00 4.29174721e-01 4.68587923e+00 2.79617882e+00
  4.13960333e-05 3.84046507e+00 8.49971175e-01 1.57650888e-01
  2.52203827e+01 2.56468797e+00 4.08906794e+00 8.87500823e-01
  1.36552796e-01 1.69509029e+00 0.00000000e+00 2.07392883e+00
  0.00000000e+00 6.45601225e+00 5.04373693e+00 9.12374377e-01
  2.66011167e+00 7.56930208e+00 1.90432286e+00 1.85411978e+00
  1.62506425e+00 0.00000000e+00 1.01848211e+01 2.44330645e+00
  1.45537663e+00 3.28963608e-01 5.83297300e+00 8.96571517e-01
  2.99972630e+00 1.26628418e+01 9.06030297e-01 8.82087111e-01
  3.03127956e+00 6.25952911e+00 1.17508876e+00 2.35369150e-02
  3.83974218e+00 2.16412449e+00 4.67613173e+00 1.34166276e+00
  3.62271547e+00 0.00000000e+00 1.07112181e+00 3.07071972e+00
  5.34532261e+00 2.18888640e+00 2.15839982e+00 4.33282518e+00
  7.97107601e+00 4.16217232e+00 3.44326282e+00 1.93953228e+00
  8.39983374e-02 1.17438495e+00 4.63414192e+00 9.72259808e+00
  2.22529006e+00 1.83728397e-01 2.12768868e-01 2.11866903e+00
  4.57176542e+00 3.45034385e+00 7.02578127e-02 4.31673855e-01
  3.88302386e-01 2.99762249e+00 9.37084770e+00 9.19323802e-01
  6.09356523e-01 2.85119557e+00 5.71761656e+00 1.23908484e+00
  2.98523688e+00 5.26764333e-01 1.98078299e+00 9.61093307e-01
  1.05620041e+01 8.64682317e-01 7.90199852e+00 2.13539338e+00
  2.96867639e-01 1.42722197e+01 2.51310527e-01 0.00000000e+00
  5.65977192e+00 2.44471264e+00 8.80226231e+00 3.54447293e+00
  1.31924028e+01 6.29588175e+00 9.99617863e+00 1.57608247e+00
  9.61031616e-01 4.93645477e+00 3.71570873e+00 1.63952589e+00
  1.09192514e+00 4.39388227e+00 2.58378530e+00 3.79345536e+00
  1.17359769e+00 2.19350863e+00 1.12289658e+01 2.08225369e+00
  2.63280344e+00 1.36984289e+00 3.05803657e+00 8.60645866e+00
  2.36835551e+00 8.48491669e-01 2.35557008e+00 2.55637312e+00
  1.77570438e+00 1.73622739e+00 4.60278702e+00 3.05483198e+00
  8.95804787e+00 9.61021042e+00 1.28093398e+00 7.46426046e-01
  8.48723128e-02 9.01104212e-01 4.53356457e+00 4.25988483e+00
  2.54416418e+00 5.04705906e+00 0.00000000e+00 1.80911884e-01
  3.18730640e+00 6.04902625e-01 7.52607703e-01 2.33635235e+00
  2.93796468e+00 1.72043407e+00 1.97296739e+00 4.29411602e+00
  9.59206164e-01 2.89078975e+00 2.57947755e+00 1.95999444e+00
  1.53620493e+00 2.30654693e+00 1.86212599e+00 3.95100069e+00
  2.08515396e+01 1.00157547e+01 1.42167068e+00 2.32547593e+00
  1.23472834e+00 1.60154569e+00 1.03774130e+00 2.48918104e+00
  1.73381972e+00 0.00000000e+00 5.69764450e-02 0.00000000e+00
  0.00000000e+00 0.00000000e+00 1.38572490e+00 5.55900872e-01
  1.09581256e+00 7.22829103e-01 3.57753992e-01 3.53372693e+00
  2.76267219e+00 3.58908963e+00 8.62241268e+00 1.28002977e+00
  1.67769265e+00 3.67676944e-01 8.34404850e+00 2.93664813e-01
  3.93951297e+00 4.14162159e+00 0.00000000e+00 0.00000000e+00
  1.88744754e-01 3.17914915e+00 1.69975626e+00 1.54053211e+00
  2.94100833e+00 6.60632908e-01 1.15476263e+00 5.95915127e+00
  7.05723953e+00 7.51647377e+00 8.96141052e-01 4.04946655e-02
  1.26794147e+00 2.99213219e+00 9.33282375e+00 7.15793896e+00
  7.40327179e-01 0.00000000e+00 0.00000000e+00 0.00000000e+00
  2.09326353e-02 3.84978056e+00 0.00000000e+00 5.01651955e+00
  3.19666123e+00 7.81694591e-01 5.26927471e+00 5.96783686e+00
  5.90996206e-01 1.22389138e+00 7.38224697e+00 1.96483934e+00
  7.23246217e-01 5.38212824e+00 2.63627505e+00 4.60479784e+00
  6.27294332e-02 2.96155024e+00 1.30266488e+00 3.40247917e+00
  1.61653388e+00 0.00000000e+00 2.09819317e+00 6.61644399e-01
  2.29710102e+00 1.10059857e+00 1.58191013e+00 2.71455359e+00]]