[[3.79183149e+00 2.09277344e+00 2.08712220e+00 3.12859952e-01
  1.08474088e+00 1.54731798e+00 4.94158983e+00 3.51031113e+00
  1.05361233e+01 4.55798090e-01 3.05572939e+00 2.18689346e+00
  2.82623363e+00 4.10525370e+00 7.05027103e-01 6.84170055e+00
  3.44383216e+00 8.37008476e-01 1.96475720e+00 4.91518593e+00
  0.00000000e+00 3.65352702e+00 1.05377197e+00 8.70902538e+00
  5.13871908e-01 1.06458063e+01 5.63586426e+00 5.98346090e+00
  1.82154703e+00 2.55739141e+00 5.78849614e-01 0.00000000e+00
  5.97479939e-01 9.96804619e+00 2.09298229e+00 2.24252582e-01
  3.81701136e+00 2.04285789e+00 1.00292072e+01 8.72564983e+00
  1.38272285e+00 2.06489372e+00 1.86355782e+00 9.06270599e+00
  6.80145979e-01 3.88161206e+00 2.55893064e+00 1.93505251e+00
  3.89923811e+00 1.63495973e-01 2.83607674e+00 1.12438476e+00
  3.08806330e-01 7.04535190e-03 1.92571306e+00 4.03215170e+00
  2.05416381e-01 5.79650402e+00 5.67100191e+00 1.03785647e-02
  2.26839781e+00 2.65819252e-01 9.14103889e+00 3.36407471e+00
  3.99873763e-01 2.55316353e+00 8.95810783e-01 4.80027485e+00
  1.30106461e+00 3.01770091e+00 1.71216640e+01 2.32446623e+00
  1.52177227e+00 3.98731828e+00 3.74127722e+00 2.07799387e+00
  2.85587221e-01 1.83592069e+00 7.74006665e-01 7.22363532e-01
  3.73852324e+00 1.84894812e+00 1.64752293e+00 1.18143320e+00
  5.44107389e+00 8.66194344e+00 1.57750499e+00 2.24574089e+00
  8.19861794e+00 1.38642073e+00 3.11545134e+00 2.05908561e+00
  2.13610202e-01 3.34373498e+00 5.23720169e+00 5.12084126e-01
  4.03172874e+00 1.25976980e+00 3.86470985e+00 4.98617935e+00
  2.63479185e+00 5.01095104e+00 4.04308939e+00 5.89642477e+00
  0.00000000e+00 2.18178093e-01 2.35507727e+00 9.58145618e-01
  6.00181055e+00 1.00383682e+01 3.25516534e+00 2.83850640e-01
  4.27474380e-01 1.13637841e+00 1.59136891e-01 4.84063298e-01
  1.04678602e+01 4.64665794e+00 2.27669358e+00 1.39434052e+00
  2.03822292e-02 5.85155201e+00 8.77943695e-01 1.11729870e+01
  0.00000000e+00 1.74692392e+00 2.19004154e+00 0.00000000e+00
  6.10970736e-01 6.08467388e+00 3.58742690e+00 6.62304640e-01
  2.18753791e+00 2.09778643e+00 8.24702024e-01 7.95686781e-01
  4.32378912e+00 8.74601245e-01 2.40143824e+00 1.30553551e+01
  4.84949768e-01 5.09660721e-01 2.17706537e+00 4.20856047e+00
  2.47215605e+00 5.59519649e-01 7.05169296e+00 0.00000000e+00
  0.00000000e+00 1.46507561e-01 1.47116244e+00 1.70306718e+00
  2.41488910e+00 7.42733240e-01 1.14907306e-02 3.29091120e+00
  1.07109487e+00 4.35749960e+00 3.70765209e+00 3.29653120e+00
  1.29537666e+00 4.67253780e+00 7.00564098e+00 1.17979562e+00
  3.27232552e+00 3.03111362e+00 0.00000000e+00 2.22542739e+00
  1.21020051e-02 1.77580988e+00 7.81499910e+00 8.87372792e-01
  3.76335359e+00 1.01469393e+01 1.47349191e+00 5.74920273e+00
  2.21844893e-02 0.00000000e+00 8.48849201e+00 1.07655001e+01
  4.31488895e+00 0.00000000e+00 8.04698277e+00 1.93012536e+00
  3.88869137e-01 2.51795268e+00 5.15059757e+00 2.30636859e+00
  2.20186973e+00 7.56280708e+00 4.40066195e+00 6.31606877e-01
  1.78297579e+00 4.44760180e+00 7.42559373e-01 3.49599481e+00
  1.33252966e+00 5.38877821e+00 3.36034536e+00 0.00000000e+00
  1.12888594e+01 0.00000000e+00 2.77293269e-02 2.20981359e+00
  8.61395168e+00 5.53511715e+00 6.49735308e+00 3.79054976e+00
  2.41631651e+00 8.09712410e+00 1.08420181e+00 3.80176157e-01
  1.35222405e-01 2.17845893e+00 2.14759022e-01 1.41981316e+00
  0.00000000e+00 7.45623446e+00 1.92992055e+00 3.56752491e+00
  3.31855565e-02 5.13243771e+00 1.52959549e+00 2.15611172e+00
  1.47882116e+00 3.49712801e+00 5.06001425e+00 4.12036705e+00
  1.03029895e+00 1.33578956e+00 1.12764215e+00 3.92593598e+00
  2.71951580e+00 3.93272877e+00 2.66123080e+00 3.49586201e+00
  3.22355866e-01 5.33417702e-01 6.01516306e-01 5.62031651e+00
  8.20424736e-01 2.19374609e+00 6.24099791e-01 6.67823219e+00
  2.30541801e+00 3.11028337e+00 5.23098707e+00 4.31216285e-02
  1.36061060e+00 4.14583302e+00 1.77832711e+00 7.53748703e+00
  4.23571873e+00 5.37386417e+00 5.65219784e+00 1.05121982e+00
  1.49162042e+00 1.54046774e-01 2.25328636e+00 8.35799426e-02
  0.00000000e+00 1.37692666e+00 0.00000000e+00 2.99911189e+00
  5.36021662e+00 5.21585560e+00 1.21701062e+00 4.59177589e+00
  4.55140591e+00 1.32495022e+00 5.81624889e+00 9.60344002e-02
  7.66613245e-01 2.63325167e+00 2.62419343e+00 8.30838203e-01
  1.21700516e+01 1.85179305e+00 3.31114978e-01 1.38047314e+00
  3.20425725e+00 1.42947888e+00 1.64986134e+00 4.80773783e+00
  5.15677881e+00 4.06235665e-01 8.82395077e+00 1.76715851e+00
  2.00028345e-01 5.14430332e+00 1.23899293e+00 1.34077430e-01
  2.57229614e+00 2.32394052e+00 5.45842695e+00 4.40025091e+00
  1.46062505e+00 1.79140365e+00 2.05810905e-01 2.00550064e-01
  4.89653558e-01 1.66763496e+00 1.44215097e+01 1.03752697e+00
  2.67166424e+00 3.93066001e+00 1.18748128e-01 1.40184641e+00
  1.14222676e-01 3.51152718e-01 1.96678519e+00 8.68274927e-01
  1.79693198e+00 1.86967134e-01 2.15153122e+00 4.14974689e-01
  4.13921309e+00 1.38573570e+01 2.67168903e+00 6.49835253e+00
  4.64936733e+00 8.30675721e-01 9.37684715e-01 2.23462963e+00
  4.98795414e+00 2.32818270e+00 4.56418896e+00 2.37690520e+00
  2.39616275e+00 5.84706888e-02 0.00000000e+00 2.49766922e+00
  3.58976531e+00 5.06221867e+00 6.08681822e+00 1.75337315e+00
  4.81980228e+00 4.53115511e+00 2.37648606e+00 1.09508671e-01
  6.46304965e-01 1.47686267e+00 6.43399620e+00 6.66826916e+00
  3.12232852e+00 6.05101109e-01 3.26074409e+00 2.14792085e+00
  3.11615777e+00 1.09337318e+00 1.03226341e-01 1.57325554e+00
  4.31829244e-01 1.96092188e+00 8.87277031e+00 0.00000000e+00
  3.95685005e+00 1.77892137e+00 2.28869104e+00 3.96306896e+00
  6.96808672e+00 3.89569134e-01 5.16813755e+00 2.20978713e+00
  8.55830193e+00 5.55823386e-01 2.65793657e+00 5.41179597e-01
  6.88443720e-01 8.71528435e+00 4.85110641e-01 6.73419654e-01
  5.89865303e+00 3.95034365e-02 8.13501740e+00 2.65308928e+00
  5.52244854e+00 8.00806999e+00 8.13524437e+00 1.49733925e+00
  2.23494396e-01 9.53729153e-01 3.62009478e+00 2.86751604e+00
  2.92198920e+00 4.40422916e+00 3.05471396e+00 2.86152625e+00
  2.27663493e+00 7.08352900e+00 3.74620342e+00 1.58298373e+00
  1.92820013e+00 1.11670770e-01 4.27728891e+00 3.22617364e+00
  6.15106058e+00 2.08308434e+00 4.28697300e+00 1.33556986e+00
  4.83834362e+00 2.76303101e+00 6.26116514e+00 9.75347805e+00
  3.15025020e+00 9.19370270e+00 5.00305891e+00 1.57215381e+00
  1.15241075e+00 4.80313659e-01 3.14337039e+00 3.62009168e+00
  2.03094935e+00 2.04566622e+00 4.31506187e-02 1.01531279e+00
  3.25427008e+00 2.01739264e+00 8.03381622e-01 3.25993729e+00
  1.08740187e+00 7.51853704e-01 5.61260414e+00 5.19766951e+00
  0.00000000e+00 9.08859849e-01 5.40657878e-01 1.07301664e+00
  2.53109860e+00 7.72835732e-01 3.32707334e+00 8.65136445e-01
  1.42581205e+01 1.73664260e+00 1.34809792e+00 5.11084199e-01
  3.82660151e+00 4.05664110e+00 3.20686865e+00 6.12197256e+00
  1.97349989e+00 1.55724794e-01 1.71903348e+00 3.60586452e+00
  6.49004459e-01 1.06182449e-01 2.56030607e+00 1.05070662e+00
  1.21674550e+00 1.26957214e+00 1.15569270e+00 7.26386118e+00
  2.74647689e+00 7.36052275e+00 1.07508125e+01 2.20375824e+00
  5.96891642e+00 3.28961825e+00 6.17314482e+00 3.83557725e+00
  5.76573658e+00 1.59733725e+00 1.19210827e+00 1.77856743e+00
  0.00000000e+00 3.24280190e+00 3.23907584e-01 5.25690174e+00
  9.50118840e-01 7.27364540e-01 5.57301092e+00 4.48973227e+00
  1.39249372e+00 1.54107752e+01 5.84087744e-02 0.00000000e+00
  7.26249218e-01 1.63796556e+00 5.72621441e+00 3.47546291e+00
  1.09220803e+00 2.51367521e+00 1.45972085e+00 0.00000000e+00
  1.98639423e-01 2.55674577e+00 1.86390877e-01 2.24976921e+00
  1.24020827e+00 8.51116478e-01 2.13782978e+00 1.08994615e+00
  1.00773609e+00 1.92989516e+00 2.24828577e+00 2.06497407e+00
  1.13854992e+00 3.83747125e+00 1.25576466e-01 2.40604448e+00
  4.53828394e-01 9.70106423e-01 3.44092697e-01 4.16220570e+00
  4.45624113e+00 0.00000000e+00 2.81827307e+00 5.31184721e+00
  2.39864349e-01 7.07803011e-01 3.33284402e+00 2.83906531e+00]]