[[9.37952995e-01 8.47847080e+00 2.99298835e+00 4.44132894e-01
  1.93976140e+00 6.67441940e+00 6.42447472e+00 1.52719879e+00
  3.73347545e+00 7.46076524e-01 3.36625338e+00 1.07295728e+00
  2.06779456e+00 2.31692028e+00 6.96369886e-01 8.60217285e+00
  3.11563849e+00 5.67731202e-01 0.00000000e+00 4.95888138e+00
  1.20361924e+00 2.26775363e-01 6.49079800e+00 4.35516310e+00
  5.21109819e+00 4.50700998e+00 0.00000000e+00 6.64313698e+00
  6.00377655e+00 3.09306335e+00 2.32111311e+00 5.00604010e+00
  5.75566411e-01 5.21045494e+00 5.68136406e+00 1.86694264e-01
  2.38140631e+00 8.78774703e-01 6.02601051e+00 2.16030574e+00
  1.28233194e-01 0.00000000e+00 1.17928341e-01 3.76094437e+00
  0.00000000e+00 2.63227558e+00 8.15893888e-01 9.20938015e-01
  6.06008244e+00 3.17152739e+00 2.11867854e-01 1.53425002e+00
  2.68647254e-01 2.10668638e-01 1.25715673e+00 5.92538834e+00
  3.65478015e+00 1.09484138e+01 3.46072984e+00 2.59605229e-01
  2.31633162e+00 3.31385207e+00 9.83497238e+00 7.91523981e+00
  4.61945206e-01 3.53075576e+00 3.21299028e+00 7.33187199e+00
  2.53233123e+00 1.39608288e+00 4.76519918e+00 6.46474600e+00
  1.82262570e-01 2.63587666e+00 8.90180707e-01 2.27072644e+00
  3.17501616e+00 3.73325300e+00 5.71842813e+00 6.41484642e+00
  2.83898854e+00 4.58362007e+00 3.72115493e+00 4.11696911e+00
  1.58101225e+01 5.39166880e+00 0.00000000e+00 1.49674773e+00
  8.83699608e+00 1.83465600e-01 4.35346508e+00 4.59457350e+00
  0.00000000e+00 1.45533919e+00 1.70349431e+00 0.00000000e+00
  3.29129028e+00 3.46981525e+00 4.92373800e+00 4.55222273e+00
  7.30249107e-01 6.92856610e-01 2.08097816e+00 1.59121490e+00
  1.68911886e+00 3.01071262e+00 0.00000000e+00 1.29196918e+00
  7.14026213e+00 3.56830955e+00 5.65370846e+00 8.69501382e-02
  4.26545286e+00 3.08289528e+00 8.22892249e-01 9.43515062e-01
  4.50120020e+00 6.29441500e-01 5.69096327e-01 1.80211353e+00
  4.89703417e-01 6.31367445e-01 1.13621128e+00 1.40732651e+01
  3.61970142e-02 4.59007215e+00 4.54856724e-01 8.70628580e-02
  4.36533356e+00 1.20626783e+01 2.73693061e+00 1.66603386e+00
  1.17052927e+01 6.70465755e+00 8.87948334e-01 3.52286863e+00
  6.17868185e+00 0.00000000e+00 1.69072533e+00 1.33237517e+00
  8.99186707e+00 7.01007307e-01 4.02604532e+00 5.81850433e+00
  2.69539905e+00 8.54084492e-01 2.23394537e+00 1.71047914e+00
  1.78069115e+00 1.36586964e+00 0.00000000e+00 5.51825714e+00
  1.01845138e-01 6.48814344e+00 0.00000000e+00 2.84603357e+00
  9.26560700e-01 1.59307837e-01 3.33004296e-01 4.07969284e+00
  1.01498151e+00 7.88569689e+00 3.39390588e+00 4.24619627e+00
  1.16300261e+00 3.87247348e+00 2.13217810e-01 0.00000000e+00
  4.61655283e+00 3.58055449e+00 4.85209560e+00 2.34507775e+00
  2.41610527e+00 8.60206890e+00 5.72330594e-01 5.79835713e-01
  3.37792587e+00 1.25919056e+00 3.96328092e+00 5.60972738e+00
  0.00000000e+00 0.00000000e+00 9.58688068e+00 6.22246325e-01
  4.19358253e+00 1.83803451e+00 5.07999039e+00 2.54519939e+00
  6.84319258e-01 3.52562022e+00 1.06932564e+01 1.13502944e+00
  6.40056610e-01 2.82508159e+00 1.51709974e-01 4.49992895e+00
  9.79281664e-01 7.24802303e+00 7.55236340e+00 8.27569306e-01
  2.93811226e+00 2.84682602e-01 1.81353259e+00 1.12681675e+00
  4.22409916e+00 4.29381037e+00 4.29123864e-02 4.49706650e+00
  7.69418144e+00 1.78967923e-01 6.75885499e-01 2.06356859e+00
  6.27610207e-01 6.53324604e+00 4.22687531e-02 1.54915166e+00
  0.00000000e+00 5.43342447e+00 1.75663114e+00 9.89373982e-01
  1.48010540e+00 5.72220039e+00 5.00169098e-01 2.26506519e+00
  6.47391129e+00 8.76163387e+00 2.91871476e+00 3.64058232e+00
  2.11929631e+00 2.68722844e+00 2.77918601e+00 7.81953955e+00
  0.00000000e+00 1.43651128e+00 5.20143390e-01 2.33499241e+00
  4.51282072e+00 9.69565201e+00 3.94617295e+00 2.41749525e-01
  1.91221154e+00 5.87497139e+00 3.21280718e+00 3.02259827e+00
  1.55055761e+00 3.51892734e+00 9.29913902e+00 8.82961571e-01
  8.58265221e-01 1.66215839e+01 1.02998590e+00 3.99520898e+00
  2.32960844e+00 4.68459463e+00 8.28007221e-01 8.64382267e-01
  1.70453787e+00 2.05622625e+00 5.59281819e-02 7.94121802e-01
  6.85104942e+00 4.85848635e-01 0.00000000e+00 2.05205202e+00
  2.11434507e+00 2.18783760e+00 7.07960308e-01 1.44287574e+00
  1.24700613e+01 4.66804028e-01 2.33427453e+00 1.03942120e+00
  9.70271677e-02 6.34880841e-01 7.12202215e+00 2.71397710e+00
  4.05565119e+00 2.36201382e+00 3.47499323e+00 7.56229997e-01
  3.94921184e+00 1.20555532e+00 1.08560228e+00 1.60674055e-04
  7.77570307e-01 0.00000000e+00 6.59826279e+00 2.82921720e+00
  4.12231207e+00 8.26893091e-01 1.27164578e+00 2.27495694e+00
  2.76680613e+00 9.97594357e-01 1.93770635e+00 5.98461342e+00
  2.47117925e+00 5.08673429e-01 3.50010896e+00 1.35337949e-01
  7.14618063e+00 2.06245732e+00 1.39704552e+01 0.00000000e+00
  1.24326873e+00 3.27620769e+00 5.30094671e+00 6.80222332e-01
  2.32891798e+00 0.00000000e+00 2.08036208e+00 4.02829504e+00
  7.07583785e-01 1.71840715e+00 2.48446226e+00 4.08406353e+00
  3.50647306e+00 5.97314453e+00 3.46917844e+00 3.51387644e+00
  8.65257645e+00 8.95246506e+00 1.77363551e+00 5.87975597e+00
  2.14657426e+00 5.49959040e+00 2.07880950e+00 7.16434717e-01
  3.19781184e+00 6.70325041e-01 1.31580615e+00 1.71674693e+00
  2.74531871e-01 2.11465669e+00 1.45593491e+01 2.77950025e+00
  3.07603335e+00 3.87197256e+00 3.06659937e+00 5.54001093e+00
  6.47504234e+00 2.95115495e+00 2.62066245e-01 3.51037407e+00
  2.09497094e+00 1.02157044e+00 9.63444471e-01 8.26339245e-01
  1.56306934e+00 2.25204778e+00 5.24302006e-01 4.62850714e+00
  2.68890768e-01 0.00000000e+00 1.09585905e+00 6.38227165e-01
  4.71443653e+00 2.29665709e+00 2.64311045e-01 2.28044057e+00
  6.04579496e+00 5.87773979e-01 7.43152857e+00 6.04373169e+00
  1.92180490e+00 9.27741751e-02 1.79949608e+01 2.66416490e-01
  1.50849593e+00 1.84581101e+00 1.37293011e-01 2.01709104e+00
  6.49640846e+00 2.34034133e+00 4.87521172e+00 4.00352192e+00
  3.57708907e+00 1.49688911e+00 4.91698790e+00 6.68905592e+00
  3.93512702e+00 4.30266762e+00 4.97314095e-01 9.48389530e-01
  1.65861559e+00 3.63275021e-01 2.59082127e+00 0.00000000e+00
  4.77103770e-01 3.59871697e+00 6.16646335e-02 4.57741737e+00
  5.25686860e-01 5.51810384e-01 2.50516152e+00 1.88199416e-01
  2.52659321e+00 4.85160875e+00 5.26204157e+00 1.18921220e+00
  1.50258684e+00 4.70078945e+00 2.82676888e+00 8.52226794e-01
  6.27188265e-01 4.80485409e-01 0.00000000e+00 3.86826485e-01
  4.66072321e+00 1.05592477e+00 1.03354588e+01 1.61860418e+00
  1.60234883e-01 7.71856022e+00 5.30797720e-01 6.69802284e+00
  3.47645998e+00 6.58309126e+00 0.00000000e+00 2.65704966e+00
  0.00000000e+00 8.30865875e-02 1.61129248e+00 4.02118874e+00
  1.01305127e+00 4.28430289e-01 7.77473211e+00 3.89292121e+00
  2.56694770e+00 2.65569597e-01 5.32123613e+00 6.63343295e-02
  8.19525623e+00 2.86350518e-01 2.95712620e-01 4.76809692e+00
  2.65137935e+00 1.14486790e+00 7.01403081e-01 1.80148768e+00
  1.41829014e+00 8.96139431e+00 7.79726386e-01 2.28211617e+00
  5.59519649e-01 8.15415904e-02 1.00271404e+00 2.61150837e+00
  2.32929230e-01 3.36468130e-01 1.21803284e+00 6.83234072e+00
  3.70476174e+00 1.68060052e+00 9.57801437e+00 2.07621717e+00
  5.41471767e+00 2.09734154e+00 3.46768677e-01 3.31953359e+00
  9.49702549e+00 1.42013836e+00 1.61496997e+00 8.41553509e-01
  9.88191783e-01 3.58623457e+00 1.86916411e-01 2.33037543e+00
  4.45853615e+00 2.89577222e+00 0.00000000e+00 5.09141445e+00
  6.39533937e-01 3.17559648e+00 2.95038843e+00 3.87093019e+00
  4.31585103e-01 5.70343637e+00 5.65499830e+00 0.00000000e+00
  4.83846474e+00 1.16459465e+00 3.54117703e+00 2.12210584e+00
  3.62182707e-01 6.46403360e+00 6.61276817e-01 1.43900776e+00
  7.43696615e-02 4.66143036e+00 4.28558016e+00 3.86742425e+00
  4.20004225e+00 2.16147041e+00 2.01921010e+00 1.53932202e+00
  4.00832653e+00 6.05395460e+00 0.00000000e+00 1.93189549e+00
  7.54966688e+00 2.20858026e+00 4.93932009e+00 4.25844193e+00
  1.18953333e+01 1.50942123e+00 3.83569026e+00 5.94462872e-01
  9.07763422e-01 1.72538972e+00 3.98094249e+00 1.76723167e-01]]