[[9.50442672e-01 6.80770731e+00 4.15584946e+00 5.02658546e-01
  1.77745831e+00 3.22922492e+00 7.44468307e+00 1.28735507e+00
  5.75188971e+00 2.34619355e+00 2.19188571e+00 0.00000000e+00
  4.09335166e-01 1.59521139e+00 1.36438623e-01 1.41357982e+00
  1.85452080e+00 4.10334527e-01 9.49063823e-02 3.45811844e+00
  3.38186884e+00 1.62877488e+00 5.49273920e+00 0.00000000e+00
  1.40759933e+00 3.49005961e+00 0.00000000e+00 3.61545229e+00
  3.09733176e+00 2.40704834e-01 1.88912249e+00 6.29519999e-01
  7.59986266e-02 3.21880507e+00 1.07265556e+00 4.14488196e-01
  0.00000000e+00 7.72334874e-01 1.31533527e+00 1.39774489e+00
  5.61688805e+00 2.98581338e+00 0.00000000e+00 6.90833807e+00
  8.02086651e-01 1.29008162e+00 1.95734692e+00 1.04509473e-01
  4.14250040e+00 2.26471335e-01 3.17763209e-01 5.08158207e-01
  5.29340267e-01 4.85077500e-02 4.64909077e+00 2.55237913e+00
  2.36681604e+00 7.62931776e+00 1.45314240e+00 0.00000000e+00
  1.06400514e+00 1.41753507e+00 7.30866337e+00 4.07017422e+00
  8.32673311e-02 3.47960997e+00 1.38083172e+00 1.39421690e+00
  0.00000000e+00 2.34657645e+00 4.51099110e+00 1.38576353e+00
  1.95680523e+00 6.92138910e+00 4.62952137e+00 2.62691879e+00
  5.00482142e-01 3.70880032e+00 1.67845085e-01 2.74620748e+00
  2.26537037e+00 1.09174180e+00 5.69199371e+00 2.20138335e+00
  1.06497812e+01 2.18967724e+00 0.00000000e+00 1.56907332e+00
  1.07570095e+01 0.00000000e+00 5.94565821e+00 2.12584567e+00
  0.00000000e+00 2.24687266e+00 3.50748682e+00 0.00000000e+00
  1.28308225e+00 1.39064312e+00 7.03873825e+00 5.37250328e+00
  0.00000000e+00 0.00000000e+00 1.46963954e+00 6.80383873e+00
  8.55670869e-01 5.81043959e-01 1.38801730e+00 1.46789360e+00
  7.32981539e+00 3.59296131e+00 1.97519124e+00 1.84261560e+00
  1.68402946e+00 8.00324976e-01 7.79188037e-01 4.48308587e-02
  2.47460127e+00 1.31515956e+00 2.42377758e+00 2.69470549e+00
  3.35683003e-02 2.50730109e+00 2.80143041e-02 1.09790316e+01
  0.00000000e+00 3.01611924e+00 8.26168060e-01 0.00000000e+00
  4.64809704e+00 1.45442867e+01 4.04085255e+00 4.95871067e-01
  9.18077278e+00 1.58816886e+00 9.32115316e-02 2.74673104e-01
  1.86174512e+00 1.06464529e+00 1.19140759e-01 4.26700056e-01
  1.38704395e+00 1.58719242e-01 2.51293373e+00 5.18242931e+00
  9.62997139e-01 3.04575384e-01 1.00502396e+00 4.08538520e-01
  2.17994499e+00 9.88773108e-01 1.37162495e+00 9.12504256e-01
  1.33136785e+00 0.00000000e+00 7.21922755e-01 2.22021818e+00
  7.66998911e+00 1.29557002e+00 3.04687023e-02 3.91801447e-01
  1.35526266e-02 7.76999664e+00 8.28572845e+00 9.12377656e-01
  3.81539702e+00 3.08055830e+00 0.00000000e+00 9.98245716e-01
  1.70118678e+00 5.68006563e+00 4.40619373e+00 4.12592679e-01
  5.37991476e+00 1.00623274e+01 1.25702095e+00 2.19690347e+00
  2.54917949e-01 3.59317303e+00 5.98071909e+00 3.69207239e+00
  6.17328703e-01 5.29912055e-01 7.37169456e+00 1.70512468e-01
  1.62207961e+00 5.52137673e-01 1.47234762e+00 0.00000000e+00
  1.59938204e+00 4.86501932e+00 8.47447014e+00 1.70147645e+00
  8.77413511e-01 9.04040337e+00 3.79930902e+00 3.10883880e-01
  4.68852073e-01 7.91611052e+00 1.06263762e+01 9.66864005e-02
  5.27763844e+00 2.80999631e-01 4.43059325e-01 2.85942554e+00
  1.79972827e+00 5.33520842e+00 2.60704830e-02 2.72503972e+00
  4.10327375e-01 4.70213175e+00 1.59391388e-01 9.95253921e-01
  0.00000000e+00 3.63382244e+00 0.00000000e+00 1.13580041e-01
  3.70659113e-01 5.19535351e+00 1.35788894e+00 3.31242299e+00
  1.31040841e-01 1.02575006e+01 1.06846416e+00 8.66633177e-01
  5.48329496e+00 1.26605368e+00 1.27974200e+00 2.60640550e+00
  5.75282611e-02 2.55125761e-01 2.67832994e-01 3.16429782e+00
  4.11721587e-01 9.52202082e-02 1.82139492e+00 2.50944185e+00
  2.39552069e+00 5.81755638e+00 3.75120640e+00 2.98404992e-01
  5.43781042e-01 6.79457331e+00 6.63062811e-01 4.38978338e+00
  8.95555019e-01 1.89551198e+00 9.64774513e+00 2.48673514e-01
  1.85566604e+00 1.67042756e+00 0.00000000e+00 1.02375543e+00
  1.56384122e+00 7.11479855e+00 3.83878064e+00 0.00000000e+00
  3.67687315e-01 4.55246162e+00 5.28896689e-01 1.48233402e+00
  2.16429695e-01 6.24861121e-01 0.00000000e+00 3.43603396e+00
  8.85045707e-01 0.00000000e+00 2.70010740e-01 3.31953549e+00
  1.26074448e+01 3.03764045e-02 3.09925842e+00 1.87309206e+00
  1.67103016e+00 7.32749999e-01 3.93945479e+00 1.10588193e+00
  6.63929176e+00 3.37113857e-01 2.75549948e-01 5.69353299e-03
  6.83187437e+00 2.63785028e+00 6.14429188e+00 9.25173104e-01
  2.38904548e+00 0.00000000e+00 6.71903229e+00 3.42378640e+00
  6.82195711e+00 2.16304851e+00 3.62483001e+00 6.20691872e+00
  3.01669312e+00 8.06897700e-01 1.60599124e+00 2.28499651e+00
  1.74941671e+00 3.75211328e-01 1.28061712e+00 1.40300676e-01
  5.28271627e+00 1.33712220e+00 1.83519578e+00 0.00000000e+00
  5.51446438e-01 1.67797136e+00 4.70068455e+00 1.54183805e+00
  1.46921062e+00 1.89061928e+00 2.07785249e+00 1.94393754e+00
  7.64751360e-02 7.56948069e-02 7.59680688e-01 3.90826249e+00
  2.52811313e+00 7.51292658e+00 2.84521103e-01 6.04525280e+00
  9.11850452e-01 7.23103285e-01 1.61289465e+00 3.06263614e+00
  3.54048443e+00 1.62734699e+00 8.90513229e+00 1.50152016e+00
  4.70887393e-01 2.46492076e+00 0.00000000e+00 5.09883499e+00
  2.81502199e+00 6.03573084e-01 9.09929752e+00 2.00273490e+00
  4.55214679e-01 1.96140337e+00 1.27681124e+00 1.62283623e+00
  2.95891285e+00 0.00000000e+00 8.55820775e-01 4.92442703e+00
  1.14622056e+00 1.03970623e+00 8.94125283e-01 7.09642842e-02
  2.28017354e+00 2.23689198e+00 3.51525433e-02 2.61286736e+00
  0.00000000e+00 0.00000000e+00 1.60785329e+00 1.48045141e-02
  5.55878353e+00 6.31079340e+00 2.99375200e+00 1.16243291e+00
  3.30703306e+00 7.80056059e-01 1.37240386e+00 1.41949260e+00
  2.26854062e+00 1.74678609e-01 1.01542330e+01 1.83398817e-02
  0.00000000e+00 2.10812473e+00 1.49083182e-01 1.56366444e+00
  6.30421972e+00 1.12357926e+00 3.83297324e+00 3.63284469e+00
  3.19284856e-01 0.00000000e+00 1.43135822e+00 6.06794357e+00
  4.02848005e+00 1.54031265e+00 6.24336958e-01 1.70829251e-01
  2.09118247e+00 0.00000000e+00 1.83249104e+00 1.39578685e-01
  2.39462256e-01 4.77529955e+00 1.44357264e+00 6.23316097e+00
  4.90168810e+00 7.21229374e-01 9.26135004e-01 7.81401634e-01
  3.76285195e+00 2.61921382e+00 1.17220592e+00 1.07829720e-01
  9.84363630e-02 4.60466242e+00 5.83304501e+00 3.44737434e+00
  2.05181503e+00 4.38081324e-01 1.97208345e+00 3.31245929e-01
  1.69636536e+00 2.52899027e+00 5.29717350e+00 2.88173747e+00
  5.72403550e-01 8.26980877e+00 2.85935938e-01 3.25510025e+00
  0.00000000e+00 3.73811507e+00 0.00000000e+00 3.50103354e+00
  0.00000000e+00 1.73263919e+00 1.71858296e-02 3.22574353e+00
  2.93808579e-01 0.00000000e+00 9.46269512e-01 1.29422724e+00
  5.62413597e+00 9.03400779e-02 7.18675137e+00 3.70470464e-01
  4.26012421e+00 4.55178052e-01 8.04076418e-02 3.31209421e+00
  3.62489298e-02 0.00000000e+00 0.00000000e+00 3.43685269e+00
  1.23118174e+00 5.04510701e-01 0.00000000e+00 9.36323357e+00
  3.73847298e-02 1.81011900e-01 5.61057568e-01 1.09277427e+00
  0.00000000e+00 3.42205524e-01 2.90736628e+00 8.21465397e+00
  3.07241321e+00 1.10193677e-01 3.61734080e+00 1.90878141e+00
  1.32623947e+00 9.77284789e-01 2.11906537e-01 6.70427847e+00
  8.17729568e+00 4.12859297e+00 1.46352148e+00 1.21468818e+00
  3.59911382e-01 1.69143665e+00 1.03253222e+00 2.19014788e+00
  1.70308077e+00 2.75973034e+00 2.41544151e+00 6.49996638e-01
  4.92932647e-01 6.55866146e+00 1.76276743e+00 3.45526010e-01
  0.00000000e+00 2.92093897e+00 5.47923040e+00 1.55605793e+00
  2.12982774e+00 1.27764598e-01 4.50357199e+00 1.94619715e+00
  5.39824724e-01 5.28013945e+00 6.17384481e+00 2.31295139e-01
  5.55951893e-01 1.47620702e+00 2.99307847e+00 4.95313025e+00
  1.59733891e+00 1.33594620e+00 1.38752759e+00 2.33181548e+00
  5.66214609e+00 2.29747176e+00 7.03746676e-02 2.41881633e+00
  5.75148964e+00 1.87892807e+00 4.41375399e+00 1.75952625e+00
  3.88567519e+00 3.83109063e-01 6.71628428e+00 1.89485109e+00
  3.00033420e-01 1.01814592e+00 1.82473516e+00 5.86202323e-01]]