[[1.31679034e+00 0.00000000e+00 3.87127471e+00 5.05870759e-01
  0.00000000e+00 2.43284726e+00 4.20917654e+00 3.77205276e+00
  4.97585011e+00 3.71722984e+00 5.60483408e+00 2.24362746e-01
  8.24523449e+00 8.42688751e+00 7.51390791e+00 1.00874662e+01
  0.00000000e+00 6.35285854e-01 1.74823189e+00 1.77686393e+00
  0.00000000e+00 3.80108452e+00 7.16420829e-01 7.42547631e-01
  1.56783855e+00 9.34251595e+00 6.40939951e+00 3.35862208e-03
  2.05906796e+00 1.32485819e+00 1.05009556e+00 2.87127876e+00
  9.11774695e-01 1.04458523e+01 1.72591901e+00 0.00000000e+00
  1.25684667e+00 1.60574913e-03 8.41209412e+00 4.51750898e+00
  4.22167242e-01 1.43302679e-01 1.35827136e+00 5.45674706e+00
  0.00000000e+00 1.99937141e+00 1.80488431e+00 1.21682242e-01
  1.08480060e+00 1.67570579e+00 3.58080745e+00 5.35092540e-02
  5.61983824e-01 6.62078440e-01 3.43538141e+00 1.27645791e+00
  2.86326504e+00 5.90758705e+00 1.27712650e+01 0.00000000e+00
  4.27116901e-01 8.34572375e-01 8.32347965e+00 6.35054779e+00
  1.15045857e+00 2.00232935e+00 0.00000000e+00 6.09767199e+00
  3.42460871e+00 4.25948292e-01 6.24751759e+00 2.50298333e+00
  2.50487256e+00 8.06384373e+00 1.52506518e+00 3.99230301e-01
  4.16608524e+00 0.00000000e+00 7.03702748e-01 6.43658876e-01
  4.97937053e-01 8.93679142e-01 7.21579552e+00 4.21461010e+00
  1.07185328e+00 8.37722683e+00 5.40841103e-01 1.03745258e+00
  1.54656005e+00 0.00000000e+00 7.04292011e+00 3.01970959e-01
  3.75580001e+00 2.16656700e-01 3.89028251e-01 2.81415015e-01
  2.39493418e+00 3.72359538e+00 1.15928669e+01 5.32353354e+00
  1.40593636e+00 3.84360051e+00 5.14055347e+00 7.82366800e+00
  7.42096961e-01 1.95342338e+00 1.14300358e+00 2.09248996e+00
  2.12436748e+00 3.37167954e+00 5.27022648e+00 1.10009146e+00
  5.04803658e-01 0.00000000e+00 3.60083371e-01 4.07929242e-01
  5.06433308e-01 6.36631727e+00 0.00000000e+00 1.61222601e+00
  5.65100685e-02 5.28763056e-01 2.62009621e+00 1.40098925e+01
  0.00000000e+00 1.23351848e+00 0.00000000e+00 2.32926514e-02
  0.00000000e+00 4.05315447e+00 2.70791531e+00 3.41844869e+00
  4.62007999e+00 2.21863627e+00 4.31136221e-01 2.49193645e+00
  3.59991282e-01 8.93318117e-01 2.74155807e+00 3.57492304e+00
  1.40386558e+00 2.71456265e+00 1.96885601e-01 5.25849533e+00
  2.97804892e-01 1.66838753e+00 1.41757393e+00 2.74417132e-01
  0.00000000e+00 1.37939051e-01 3.38105464e+00 0.00000000e+00
  1.95136380e+00 2.19580817e+00 2.81410789e+00 4.67128849e+00
  4.21146274e-01 1.18244400e+01 2.98883438e+00 4.13673496e+00
  3.53401279e+00 2.80597353e+00 4.65050507e+00 3.23977292e-01
  4.36688566e+00 2.16532540e+00 4.68205154e-01 4.84018707e+00
  1.17266064e+01 2.04368520e+00 1.10110819e+00 5.41985464e+00
  8.50437164e-01 2.70566392e+00 1.71784854e+00 4.04586744e+00
  0.00000000e+00 4.56906796e-01 6.80097437e+00 3.60511351e+00
  2.80625629e+00 4.84569252e-01 1.92485666e+00 2.45154560e-01
  2.04121411e-01 8.34287941e-01 2.93063283e-01 0.00000000e+00
  3.91522551e+00 1.02005730e+01 5.64120150e+00 7.51945555e-01
  1.39442876e-01 5.90502787e+00 7.57128894e-01 9.98051703e-01
  3.23029685e+00 1.63160076e+01 3.66195250e+00 8.47160530e+00
  1.08505659e+01 8.78697109e+00 0.00000000e+00 1.90304935e-01
  4.61549950e+00 4.23885107e+00 5.48185825e+00 1.49330902e+00
  0.00000000e+00 4.53532648e+00 3.21176887e-01 7.10639238e+00
  1.56599987e+00 8.04997826e+00 7.66852424e-02 4.91392803e+00
  5.40603256e+00 7.21656418e+00 1.21458673e+00 2.91081357e+00
  3.00040460e+00 3.60333657e+00 1.11862683e+00 1.10728216e+00
  7.02859282e-01 1.01706190e+01 2.62482071e+00 5.55735111e+00
  4.98682261e-01 3.05093360e+00 4.44997740e+00 2.94069648e-01
  4.83780479e+00 4.88885975e+00 6.56207466e+00 1.73121583e+00
  1.31991825e+01 8.73580337e-01 3.04662324e-02 1.91069996e+00
  0.00000000e+00 3.54687750e-01 8.75511646e-01 2.50181293e+00
  7.47154534e-01 7.53783703e+00 6.40662241e+00 7.53619194e-01
  6.75582886e+00 7.25447655e+00 1.66454661e+00 1.82076180e+00
  1.87236035e+00 6.30311680e+00 2.96902132e+00 2.37038708e+00
  4.76094306e-01 5.96234083e+00 3.30984497e+00 4.74844408e+00
  4.75951254e-01 0.00000000e+00 2.40692213e-01 0.00000000e+00
  9.94060612e+00 4.32012606e+00 3.64253402e+00 7.70434260e-01
  2.51009583e+00 4.75754797e-01 6.51586866e+00 0.00000000e+00
  5.69811773e+00 7.62315845e+00 0.00000000e+00 2.40797311e-01
  1.17578497e+01 3.88905823e-01 9.47732329e-01 4.78329277e+00
  7.11822319e+00 1.19990933e+00 1.52264845e+00 3.84409338e-01
  4.58157396e+00 4.32865500e-01 7.19536352e+00 1.12499583e+00
  1.36041605e+00 3.70638132e+00 5.08021474e-01 1.64519858e+00
  3.63700032e+00 3.72630334e+00 7.08673573e+00 3.33227777e+00
  8.21630657e-01 6.53680372e+00 4.80951339e-01 0.00000000e+00
  9.33351219e-01 1.27353640e+01 1.17468987e+01 2.50375599e-01
  9.84609699e+00 5.65434933e-01 0.00000000e+00 3.58697295e+00
  4.30387306e+00 5.45176804e-01 3.69353437e+00 1.11389470e+00
  5.34685850e-01 1.08154130e+00 1.16796188e+01 1.00443840e+00
  1.90758276e+00 8.25638390e+00 8.93716514e-01 6.03456080e-01
  5.48049068e+00 2.57006586e-01 1.84180486e+00 2.10457253e+00
  2.14470482e+00 6.19355202e-01 1.42458665e+00 4.63310536e-03
  1.46697354e+00 0.00000000e+00 3.72197449e-01 4.68921566e+00
  3.86941314e+00 1.63202000e+00 5.61470270e+00 2.29447126e+00
  5.62169027e+00 6.52861929e+00 1.03263378e+00 6.58476114e+00
  4.89315465e-02 1.02508903e+00 1.26507311e+01 1.24366789e+01
  4.04986715e+00 3.74986577e+00 3.13135481e+00 5.45814574e-01
  1.78324330e+00 7.38840532e+00 4.20941174e-01 5.39519727e-01
  0.00000000e+00 4.09591645e-01 1.10905962e+01 0.00000000e+00
  2.45933264e-01 6.21850157e+00 2.06153560e+00 6.52290642e-01
  8.18512058e+00 0.00000000e+00 1.06739676e+00 3.22665596e+00
  9.15426636e+00 6.76615763e+00 5.08959293e+00 6.18443668e-01
  0.00000000e+00 1.84518719e+01 5.80229759e-01 9.42492127e-01
  5.83421659e+00 1.27697587e+00 5.15663671e+00 2.18490267e+00
  6.37499809e-01 1.99086714e+00 7.06430006e+00 4.55172968e+00
  3.08417153e+00 7.67105055e+00 4.50180721e+00 1.98566329e+00
  2.48305130e+00 2.70036387e+00 1.17357743e+00 1.75963676e+00
  4.02873129e-01 2.94705844e+00 3.83310366e+00 1.14555812e+00
  1.52267003e+00 1.16434181e+00 3.03651273e-01 5.62567329e+00
  3.79237556e+00 2.12444782e+00 4.43187952e+00 1.55187511e+00
  3.32166719e+00 6.15201473e+00 2.20434889e-01 3.41956997e+00
  5.55511713e+00 2.85786331e-01 0.00000000e+00 4.90896654e+00
  3.90741777e+00 1.23773038e-01 3.16445804e+00 1.75902700e+00
  0.00000000e+00 1.99780333e+00 3.27467942e+00 5.42277135e-02
  5.44468832e+00 2.63336580e-02 7.60169506e+00 7.67610884e+00
  1.19062042e+01 3.47670108e-01 1.34665215e+00 6.76607704e+00
  2.05142453e-01 2.14723611e+00 2.67497683e+00 4.39044762e+00
  2.72472143e+00 1.39426100e+00 1.43782389e+00 7.70273495e+00
  2.54259949e+01 1.42723405e+00 5.38553715e-01 3.73543310e+00
  3.94154072e+00 0.00000000e+00 1.24924910e+00 2.37354803e+00
  4.59595844e-02 0.00000000e+00 1.26151335e+00 1.53049707e+00
  1.98017788e+00 9.38512981e-01 4.95228624e+00 1.18226719e+00
  6.84629142e-01 1.06345952e+00 1.47487235e+00 7.19310760e+00
  5.78937912e+00 7.95810938e+00 2.05879807e+00 1.05986968e-01
  1.53567343e+01 1.29653132e+00 5.47034073e+00 7.34439421e+00
  0.00000000e+00 3.07891035e+00 9.63385180e-02 5.97346246e-01
  1.43201068e-01 9.22424984e+00 5.71841955e-01 2.63917351e+00
  4.84516907e+00 7.69718885e-01 1.12588148e+01 1.04240570e+01
  2.86157870e+00 1.35365028e+01 5.08411705e-01 4.94532943e-01
  3.38181287e-01 2.73945856e+00 6.05068970e+00 4.86413129e-02
  3.87639666e+00 1.85105729e+00 7.05783463e+00 2.13150904e-01
  4.51245356e+00 4.60193777e+00 0.00000000e+00 3.15318203e+00
  2.49271178e+00 4.81716365e-01 1.20161085e+01 8.90163994e+00
  2.08157825e+00 3.72285485e-01 3.35256124e+00 8.13250899e-01
  7.37340021e+00 1.02846603e+01 2.84859133e+00 4.63653898e+00
  1.27644253e+00 1.69270647e+00 2.01459026e+00 9.32215977e+00
  4.45780849e+00 1.06366470e-01 2.00025463e+00 2.75813937e+00
  8.87681484e-01 2.16361597e-01 5.66136742e+00 6.26001930e+00]]