[[6.78656995e-01 1.01683044e+00 3.17349672e+00 2.65708715e-01
  3.24461311e-02 2.19834065e+00 6.15416479e+00 3.17604470e+00
  3.19238281e+00 2.47642231e+00 6.14272261e+00 1.90252125e-01
  3.91376376e+00 5.58310747e-01 6.82965565e+00 7.05547333e+00
  0.00000000e+00 1.82482386e+00 2.14048624e-01 1.09953773e+00
  1.75736874e-01 4.81826544e+00 6.96857870e-01 4.94683981e+00
  2.22750640e+00 1.36406832e+01 3.99389887e+00 1.65390953e-01
  2.64521050e+00 2.77592957e-01 1.34635806e+00 4.71956015e+00
  1.71973157e+00 7.70883131e+00 9.39836442e-01 2.86514580e-01
  1.44264185e+00 0.00000000e+00 1.43734379e+01 7.87386656e+00
  6.08250523e+00 2.49150610e+00 9.30995405e-01 4.40967941e+00
  1.09122884e+00 1.26444435e+00 5.92790127e-01 1.18069530e-01
  3.55698037e+00 0.00000000e+00 1.04247487e+00 4.33953106e-01
  1.10215113e-01 1.59838095e-01 2.91726279e+00 4.88125980e-01
  1.79768538e+00 5.74532461e+00 5.95326471e+00 4.71792132e-01
  1.86798751e-01 1.20914543e+00 4.59038448e+00 5.10526562e+00
  2.82966763e-01 2.57816315e-01 5.73374987e-01 1.92512250e+00
  4.77884799e-01 2.27298236e+00 1.37951937e+01 2.82136631e+00
  3.23277450e+00 5.17129993e+00 2.19809794e+00 3.86014819e-01
  2.68574309e+00 2.61694431e+00 3.14773247e-02 2.14190617e-01
  8.51795971e-01 5.81402206e+00 2.24054265e+00 2.23834991e+00
  1.44308722e+00 1.31243038e+01 3.04933768e-02 3.04638296e-01
  1.41974652e+00 0.00000000e+00 3.96651506e+00 4.94156361e+00
  1.57054913e+00 2.98255301e+00 6.52069032e-01 1.25322938e-01
  3.03459263e+00 2.39062595e+00 9.25478458e+00 3.85351634e+00
  2.60893609e-02 3.47741127e+00 9.94811153e+00 5.08618641e+00
  2.06708002e+00 4.48989677e+00 9.95968580e-01 1.89826146e-01
  6.87534142e+00 4.79841143e-01 7.48477459e-01 5.31610370e-01
  9.80040431e-01 0.00000000e+00 1.90957651e-01 4.02626634e-01
  4.45679665e+00 7.18952417e-01 0.00000000e+00 3.17972040e+00
  8.32473934e-01 4.96298105e-01 1.48391020e+00 8.11737823e+00
  0.00000000e+00 7.87981451e-01 8.47688019e-02 0.00000000e+00
  1.29169881e+00 5.14084530e+00 0.00000000e+00 1.33585978e+00
  3.38024020e+00 2.05729914e+00 5.08923948e-01 2.49838972e+00
  9.80600476e-01 0.00000000e+00 4.32279110e+00 1.63969100e+00
  3.09272265e+00 2.02547312e-01 1.24996650e+00 9.35021210e+00
  1.26833510e+00 2.79116273e-01 6.71394527e-01 1.08865015e-01
  0.00000000e+00 3.17173839e+00 2.45372796e+00 2.80390978e-01
  1.87865341e+00 4.07284975e+00 4.98264933e+00 4.95121050e+00
  0.00000000e+00 7.32575130e+00 0.00000000e+00 3.08406091e+00
  8.42735767e-01 2.49311996e+00 2.34207058e+00 2.58296871e+00
  6.58194113e+00 5.87720919e+00 0.00000000e+00 2.80436110e+00
  5.72956276e+00 1.69637334e+00 4.30429745e+00 4.81657457e+00
  3.19630474e-01 9.52461720e+00 3.21622539e+00 3.62548852e+00
  3.39578360e-01 1.46936798e+00 1.87764950e+01 1.57992804e+00
  1.16687715e-01 0.00000000e+00 4.43023872e+00 2.92762280e-01
  5.07607907e-02 1.64729267e-01 0.00000000e+00 1.23597527e+00
  5.76817894e+00 8.34999943e+00 4.66404009e+00 7.77328193e-01
  3.82899344e-01 2.35822754e+01 2.50710011e+00 1.53969914e-01
  1.23267031e+00 1.09865475e+01 2.45912004e+00 5.52384996e+00
  1.05503836e+01 1.58705306e+00 0.00000000e+00 0.00000000e+00
  2.03869462e+00 3.83752203e+00 2.74046087e+00 1.19524455e+00
  5.36018133e-01 1.02174997e+01 4.64691073e-01 8.87507439e+00
  1.73248482e+00 7.68892002e+00 0.00000000e+00 1.82404244e+00
  3.01788712e+00 6.61211824e+00 1.51706052e+00 1.45026433e+00
  3.45484996e+00 5.47185087e+00 0.00000000e+00 6.70343220e-01
  7.06185460e-01 7.53320503e+00 3.12479949e+00 2.20334220e+00
  0.00000000e+00 3.85306978e+00 1.59408033e-01 1.61777174e+00
  1.64945304e+00 5.65950871e+00 5.61672783e+00 1.24428284e+00
  4.49482489e+00 1.16516441e-01 6.06904328e-01 4.94603515e-01
  1.50230801e+00 5.62705934e-01 1.25567484e+00 3.99581838e+00
  1.63152552e+00 7.93699980e+00 8.83421516e+00 0.00000000e+00
  5.71081066e+00 1.79125071e+00 7.29481936e-01 8.04169297e-01
  1.81623232e+00 4.75828838e+00 7.45956719e-01 6.44860566e-01
  3.84902382e+00 2.25799775e+00 1.13695145e+00 1.42429209e+00
  1.06655610e+00 2.59912834e-02 6.27803355e-02 1.16401762e-01
  3.84999609e+00 4.64284301e-01 4.51742172e+00 1.69832289e+00
  1.56879568e+00 2.02860165e+00 4.60843992e+00 0.00000000e+00
  6.05025351e-01 4.92095375e+00 1.01578355e+00 1.12832093e+00
  1.45112095e+01 1.82284141e+00 5.62560022e-01 2.68999457e+00
  4.24843216e+00 1.57430661e+00 0.00000000e+00 1.35963500e+00
  1.63065135e+00 0.00000000e+00 2.87554288e+00 9.00500417e-01
  1.85492873e+00 5.11829805e+00 3.83304685e-01 2.01942146e-01
  8.81351376e+00 7.93019867e+00 3.84269428e+00 4.19936657e-01
  1.91612077e+00 1.85818362e+00 1.83507085e+00 0.00000000e+00
  3.77533865e+00 1.44770479e+01 4.66826010e+00 2.15558171e-01
  8.97843647e+00 2.95828789e-01 2.12794289e-01 2.25532603e+00
  7.81080425e-01 1.92722008e-01 8.10041046e+00 8.69167671e-02
  2.21691906e-01 0.00000000e+00 4.66669083e+00 0.00000000e+00
  3.45213223e+00 8.89499664e+00 7.39496350e-01 1.24334589e-01
  7.67184794e-01 4.05648565e+00 5.45411968e+00 8.41201961e-01
  2.89413142e+00 3.51391807e-02 1.30057573e+00 0.00000000e+00
  1.82972968e+00 2.02973199e+00 5.84507644e-01 5.69302750e+00
  2.30875683e+00 4.83195782e+00 4.53383636e+00 3.34620905e+00
  2.66487741e+00 1.04019511e+00 5.20152092e-01 2.73514414e+00
  3.97499323e-01 2.15910316e-01 7.70801544e+00 5.60931587e+00
  3.89696527e+00 4.99243170e-01 2.81455845e-01 1.32928044e-01
  1.62282252e+00 9.89322901e-01 7.79879987e-01 1.47861934e+00
  0.00000000e+00 1.45031378e-01 8.03383255e+00 3.92280370e-01
  2.16666125e-02 6.23975277e+00 2.11903954e+00 6.96038723e-01
  1.67630787e+01 0.00000000e+00 3.57316399e+00 3.62344742e+00
  7.74445581e+00 1.47034183e-01 1.00184526e+01 0.00000000e+00
  0.00000000e+00 1.16476669e+01 8.22462380e-01 5.27687788e-01
  2.19189286e+00 2.28096709e-01 9.16980457e+00 1.70148861e+00
  1.91975772e+00 4.98020887e+00 4.58521128e+00 5.58855581e+00
  3.35168123e-01 2.31623411e+00 1.94848156e+00 6.21326387e-01
  7.12542677e+00 3.80353719e-01 9.53333795e-01 1.96749365e+00
  0.00000000e+00 4.91016865e+00 3.86017776e+00 1.70670533e+00
  3.22358108e+00 5.74619722e+00 0.00000000e+00 8.49882221e+00
  1.59247124e+00 7.66188145e-01 2.13240027e-01 7.25065053e-01
  1.31084132e+00 1.81590214e+01 8.76247120e+00 1.16129885e+01
  3.73121953e+00 3.93317282e-01 0.00000000e+00 8.10027242e-01
  6.38200140e+00 2.86389571e-02 1.23180065e+01 1.65713656e+00
  1.51247546e-01 0.00000000e+00 3.51079035e+00 1.10937893e+00
  3.12246084e+00 0.00000000e+00 4.93314648e+00 3.98888326e+00
  4.93105841e+00 3.99766974e-02 3.55979413e-01 2.45210433e+00
  0.00000000e+00 1.46004045e+00 7.77193189e-01 3.47740889e+00
  3.48795795e+00 5.18035173e-01 2.99669456e+00 4.75636625e+00
  1.33483286e+01 7.29716206e+00 1.07647002e+00 1.45871985e+00
  1.69917357e+00 0.00000000e+00 2.20557526e-01 1.73683727e+00
  0.00000000e+00 2.92878568e-01 7.72089362e-01 6.25519800e+00
  1.77098021e-01 0.00000000e+00 5.19578171e+00 1.23873711e+00
  4.47286636e-01 0.00000000e+00 8.34349096e-02 5.34111786e+00
  4.79808426e+00 4.34729290e+00 4.09368229e+00 1.70053184e-01
  1.06188500e+00 9.00459290e-01 1.32098484e+00 6.19892216e+00
  3.15625572e+00 1.26480556e+00 2.78720975e+00 1.68604326e+00
  2.08991838e+00 5.18171835e+00 5.30014873e-01 1.24670875e+00
  3.62265515e+00 1.31854081e+00 2.93615794e+00 6.53361440e-01
  6.09766483e-01 7.54728460e+00 1.42818436e-01 1.53050709e+00
  0.00000000e+00 0.00000000e+00 5.21791029e+00 1.03760982e+00
  2.61160326e+00 0.00000000e+00 5.15212631e+00 0.00000000e+00
  7.34793365e-01 3.77609825e+00 8.80715013e-01 1.78308165e+00
  1.35381985e+00 0.00000000e+00 4.61049414e+00 7.21712589e+00
  1.62333667e+00 1.33916408e-01 1.93131626e+00 1.23314691e+00
  5.28061533e+00 4.40299225e+00 8.06573272e-01 1.45557117e+00
  2.80074954e-01 3.30661893e-01 2.15949625e-01 3.43515038e+00
  8.59761810e+00 0.00000000e+00 6.07733846e-01 3.50422072e+00
  2.86144912e-01 1.28687465e+00 0.00000000e+00 5.28189087e+00]]