[[2.39405942e+00 1.81007862e+00 1.32943201e+00 2.55532593e-01
  0.00000000e+00 2.01305771e+00 4.70885038e+00 9.63050365e-01
  2.58043551e+00 4.33567667e+00 5.02253485e+00 2.33048558e-01
  6.74683285e+00 5.88936138e+00 4.09940958e+00 1.37263870e+01
  6.46690786e-01 3.80529612e-02 9.86823618e-01 6.79386675e-01
  6.06108546e-01 3.01953340e+00 0.00000000e+00 2.99635887e+00
  1.17334020e+00 4.98290586e+00 4.41925287e-01 0.00000000e+00
  1.62628126e+00 0.00000000e+00 1.98389009e-01 7.69990683e+00
  4.22646761e-01 8.87772179e+00 7.46053278e-01 1.69346404e+00
  2.52764726e+00 4.20678705e-01 4.41810656e+00 1.78220022e+00
  4.07794762e+00 4.97056961e-01 2.02869773e-01 5.88557386e+00
  1.37337244e+00 4.70439148e+00 5.08351684e-01 8.99695754e-01
  2.15250278e+00 6.78275228e-01 4.21988249e+00 8.09854120e-02
  1.01985562e+00 2.05185518e-01 4.13275146e+00 1.78262675e+00
  8.08894336e-01 3.24687505e+00 1.74426913e+00 0.00000000e+00
  8.79156590e-01 2.87778640e+00 3.69501853e+00 6.03185654e+00
  5.62007073e-03 2.27418327e+00 2.70003176e+00 3.71241474e+00
  1.17902696e+00 3.76941919e-01 1.16888905e+01 5.88357210e-01
  1.58172393e+00 2.80300665e+00 4.22466278e+00 3.97406399e-01
  3.52753782e+00 1.29365230e+00 1.19367385e+00 3.45005965e+00
  7.30370665e+00 2.00589752e+00 4.95094299e+00 4.93384123e+00
  1.37726831e+00 8.48618031e+00 2.59531170e-01 3.31525278e+00
  2.54916883e+00 7.30405599e-02 1.00697765e+01 2.14173770e+00
  3.00711679e+00 1.45725095e+00 0.00000000e+00 1.02999568e-01
  7.44258344e-01 4.84067822e+00 6.51647282e+00 2.66054463e+00
  1.83086503e+00 3.98620939e+00 4.22660780e+00 9.44058704e+00
  4.65650606e+00 1.36819348e-01 4.75043535e-01 7.05341041e-01
  1.13736618e+00 6.03001937e-02 7.32415819e+00 4.15050840e+00
  8.54671657e-01 0.00000000e+00 1.12001550e+00 5.04499555e-01
  2.19816566e+00 2.32220387e+00 3.23781967e-02 6.17402613e-01
  3.47686142e-01 3.95579994e-01 1.37516189e+00 6.34838247e+00
  0.00000000e+00 4.53686571e+00 5.17491162e-01 1.68455768e+00
  7.11708486e-01 8.22067547e+00 4.13352823e+00 5.42359447e+00
  8.34799290e+00 0.00000000e+00 3.27278435e-01 3.94759750e+00
  2.87352175e-01 1.21586776e+00 1.40291071e+00 1.66605973e+00
  1.90338612e+00 1.37987077e+00 2.66499138e+00 4.02430153e+00
  8.34558606e-02 1.49673849e-01 2.58082724e+00 1.78310826e-01
  2.81120211e-01 8.48522782e-01 1.20162845e+00 2.21999049e-01
  1.41906190e+00 8.53922248e-01 1.40627170e+00 4.22951508e+00
  9.48595464e-01 7.06677055e+00 3.00757456e+00 9.62565303e-01
  6.12307501e+00 6.50148487e+00 4.98354244e+00 1.36126137e+00
  6.21404076e+00 1.36487317e+00 0.00000000e+00 4.78614426e+00
  2.93025374e+00 2.68619084e+00 5.77245092e+00 3.74351025e+00
  2.13516593e+00 4.56564379e+00 2.68496895e+00 3.94568980e-01
  0.00000000e+00 6.63054609e+00 5.03127432e+00 4.59484386e+00
  8.76204133e-01 0.00000000e+00 1.28145647e+00 5.53903639e-01
  1.54159510e+00 6.20409846e-01 1.02989674e+00 1.19885623e+00
  1.91801906e+00 4.46592951e+00 9.51031590e+00 5.08582413e-01
  1.75445116e+00 3.55588508e+00 2.04489875e+00 2.57231086e-01
  5.50970733e-01 1.28610506e+01 2.85620809e+00 5.73563814e+00
  6.57543373e+00 4.34769392e-01 2.88324928e+00 3.78519714e-01
  3.00659609e+00 6.04106843e-01 1.98010159e+00 3.93315697e+00
  2.09146285e+00 8.13192177e+00 2.71619316e-02 8.18189335e+00
  3.29423022e+00 4.07053709e+00 9.42118526e-01 9.97203588e-01
  1.88215792e+00 1.06319675e+01 3.39283276e+00 1.69867551e+00
  1.30633497e+00 2.56065249e+00 1.99927998e+00 4.42438078e+00
  2.82101011e+00 7.40102291e+00 1.57744968e+00 4.30709410e+00
  2.43876010e-01 1.72102451e+00 3.55330706e+00 3.14225125e+00
  3.20396733e+00 4.71418810e+00 3.48384595e+00 3.02697349e+00
  4.34736061e+00 3.32095957e+00 2.74368733e-01 3.13592410e+00
  0.00000000e+00 3.05564612e-01 1.45216569e-01 2.71250820e+00
  1.47257030e+00 4.55352116e+00 7.95858192e+00 1.39303327e+00
  4.54200506e+00 3.44065523e+00 2.72325110e+00 3.37500000e+00
  3.90183544e+00 8.37874413e+00 4.38719541e-01 1.73414552e+00
  2.79318476e+00 3.18344402e+00 9.82535744e+00 6.41327047e+00
  8.30499589e-01 0.00000000e+00 0.00000000e+00 3.75335932e-01
  6.84621239e+00 5.89045668e+00 5.71556044e+00 9.43973362e-01
  4.71270418e+00 7.97849059e-01 6.93818712e+00 7.17189550e-01
  2.98923826e+00 4.43706894e+00 1.17309606e+00 1.62014708e-01
  4.61185169e+00 5.68252742e-01 3.32136512e-01 2.24931860e+00
  4.33813000e+00 1.59311485e+00 4.02151012e+00 3.38051248e+00
  6.68252087e+00 2.33900696e-01 1.95752966e+00 3.18559432e+00
  2.34510612e+00 4.29079723e+00 1.24764895e+00 2.15545845e+00
  2.21319413e+00 1.52359247e+00 4.20475483e+00 2.82275021e-01
  5.71450591e-01 1.46640766e+00 6.71637917e+00 0.00000000e+00
  8.55367541e-01 1.44698124e+01 9.34471798e+00 0.00000000e+00
  6.35050058e+00 1.44199014e+00 4.95638639e-01 2.58451605e+00
  1.81060934e+00 1.33456409e+00 1.04711545e+00 2.33566284e+00
  1.67137706e+00 1.47047460e+00 6.24647379e+00 4.43742394e-01
  3.14923811e+00 5.12355185e+00 3.34003687e-01 4.06494021e-01
  2.54182506e+00 4.88647127e+00 9.69411755e+00 1.53208405e-01
  3.34185171e+00 3.38478327e-01 1.61231422e+00 0.00000000e+00
  3.30466747e+00 3.37534606e-01 6.14924908e-01 3.80786967e+00
  3.76139498e+00 2.36447120e+00 4.22446728e+00 4.00816870e+00
  1.29675174e+00 7.21397495e+00 1.69699919e+00 5.71551371e+00
  8.94567370e-01 7.11539984e-01 9.51603472e-01 6.71349096e+00
  6.15951347e+00 1.09332120e+00 4.05431938e+00 1.54655004e+00
  5.85410547e+00 1.33591759e+00 4.09213591e+00 2.41083241e+00
  0.00000000e+00 5.54478526e-01 2.44524479e+00 1.30415961e-01
  2.68113804e+00 5.18597364e-01 5.73301256e-01 0.00000000e+00
  7.94508839e+00 0.00000000e+00 1.61467588e+00 3.40785289e+00
  7.56151485e+00 3.00929360e-02 5.34094572e+00 8.14714372e-01
  1.12747818e-01 1.48586016e+01 6.68369055e-01 7.18224525e-01
  5.63138866e+00 4.81935024e-01 2.46251345e+00 2.63847446e+00
  2.76692599e-01 3.02798748e+00 4.44590425e+00 9.10681057e+00
  9.06850636e-01 7.81958199e+00 1.11020470e+00 4.28949386e-01
  3.97036123e+00 5.81781805e-01 2.32461739e+00 3.49121720e-01
  1.84530959e-01 1.49426126e+00 4.79472828e+00 2.74578333e+00
  1.38162166e-01 3.21425080e+00 2.82966042e+00 5.63741589e+00
  4.47168636e+00 1.41233301e+00 8.30466926e-01 3.06534958e+00
  2.89972758e+00 1.49805248e+00 1.18343675e+00 5.38428068e+00
  7.96709013e+00 2.56513387e-01 0.00000000e+00 4.34514475e+00
  5.34193516e+00 0.00000000e+00 2.56518126e+00 2.07134962e-01
  2.31906486e+00 3.53436798e-01 5.05145967e-01 2.14656562e-01
  3.08244038e+00 8.93350691e-02 9.26206410e-01 4.22106075e+00
  4.16286373e+00 6.75116628e-02 9.19171929e-01 3.60710549e+00
  9.25447404e-01 2.62438250e+00 3.05506396e+00 1.68959057e+00
  6.29066086e+00 1.39264226e+00 1.51953205e-01 5.12804604e+00
  1.68855972e+01 2.34507632e+00 1.08747661e+00 2.20061016e+00
  1.67667544e+00 0.00000000e+00 7.65813112e-01 3.55552435e-01
  0.00000000e+00 9.28560048e-02 1.60079491e+00 5.81650257e+00
  1.08446226e-01 1.45658165e-01 5.46459913e-01 8.72971296e-01
  1.60235381e+00 4.31593686e-01 3.66468477e+00 3.25407791e+00
  7.21903706e+00 6.17792082e+00 2.82935357e+00 3.69979954e+00
  7.43802881e+00 1.89897474e-02 9.17914295e+00 4.06482267e+00
  1.71840918e+00 3.14023542e+00 1.86637628e+00 9.80213881e-01
  1.14683139e+00 7.57697487e+00 5.77659667e-01 1.26644635e+00
  1.62532330e+00 1.57302940e+00 5.59848356e+00 6.92934799e+00
  1.19180524e+00 7.63984585e+00 0.00000000e+00 1.38905549e+00
  1.49229065e-01 1.57437503e+00 3.19320202e+00 4.45414400e+00
  5.08263540e+00 1.99813795e+00 2.99541450e+00 2.34382129e+00
  1.67199802e+00 2.22060204e+00 3.34594190e-01 1.92665249e-01
  1.09138286e+00 1.28647578e+00 5.58552313e+00 8.04630852e+00
  5.44588900e+00 3.13985676e-01 4.19620126e-01 2.75421071e+00
  7.92926598e+00 5.22840643e+00 4.12530661e+00 3.97142434e+00
  1.50657141e+00 2.27759242e+00 1.68687022e+00 2.63358760e+00
  2.76643348e+00 2.05178127e-01 3.22037935e+00 4.33602858e+00
  5.96134722e-01 4.26323271e+00 2.12908864e+00 5.36301422e+00]]