[[3.91526043e-01 9.82491374e-02 1.44533861e+00 2.93102354e-01
  5.14479637e-01 1.32613373e+00 5.75595665e+00 6.83093488e-01
  1.94021559e+00 3.41013575e+00 4.68202353e+00 2.70504355e+00
  2.08582115e+00 1.95738864e+00 5.59711981e+00 1.01181507e+00
  0.00000000e+00 2.06700516e+00 6.81450367e-01 1.24763322e+00
  0.00000000e+00 3.27612066e+00 1.45259774e+00 1.74974906e+00
  1.13256931e+00 9.09812546e+00 5.35521650e+00 0.00000000e+00
  2.54358411e+00 0.00000000e+00 8.88270140e-01 2.39331722e+00
  1.60259485e+00 5.60028267e+00 1.75771832e-01 3.50108051e+00
  2.66263056e+00 0.00000000e+00 1.18236256e+01 4.33977699e+00
  3.46814752e-01 3.39518666e+00 1.84203303e+00 7.77021122e+00
  1.30727184e+00 1.34358609e+00 1.31920421e+00 3.74113321e-01
  1.45586848e+00 3.19031239e-01 5.51386738e+00 1.84826344e-01
  0.00000000e+00 1.69344768e-01 3.54537725e+00 3.61319923e+00
  2.90143251e+00 2.96845484e+00 2.18777943e+00 0.00000000e+00
  1.31716998e-02 1.30401564e+00 6.13349867e+00 9.22261047e+00
  1.21918164e-01 3.91146970e+00 0.00000000e+00 1.43201023e-01
  0.00000000e+00 2.49372959e+00 4.82359982e+00 1.00565338e+00
  4.13643360e+00 4.56234264e+00 2.00635052e+00 4.28464264e-01
  9.09374475e-01 4.10619545e+00 0.00000000e+00 5.61338626e-02
  1.07011542e-01 3.95420408e+00 4.80685711e+00 2.91320652e-01
  1.80739176e+00 5.94012070e+00 8.80581975e-01 6.55316174e-01
  3.08599281e+00 0.00000000e+00 3.27740049e+00 3.48275995e+00
  1.92415512e+00 6.96857262e+00 4.92132396e-01 4.33686972e-01
  4.28267300e-01 7.37003744e-01 4.19194031e+00 2.64726567e+00
  1.62228715e+00 6.86421537e+00 9.67734623e+00 4.95618820e+00
  0.00000000e+00 9.94615495e-01 1.98795307e+00 1.78252220e+00
  2.91911077e+00 5.68348527e-01 6.04871273e-01 2.54654932e+00
  1.63688082e-02 0.00000000e+00 4.16415185e-01 1.59553766e+00
  4.46698380e+00 1.95080623e-01 0.00000000e+00 2.16821313e+00
  2.95632601e-01 1.10176611e+00 0.00000000e+00 9.40029812e+00
  0.00000000e+00 1.38854182e+00 0.00000000e+00 0.00000000e+00
  6.49022639e-01 1.57657604e+01 4.98444103e-02 5.83911598e-01
  9.08415794e+00 2.24201012e+00 5.72293103e-01 6.79265082e-01
  0.00000000e+00 1.20503098e-01 9.58713710e-01 1.50679564e+00
  2.78511971e-01 5.21752238e-01 0.00000000e+00 1.77346027e+00
  3.47127654e-02 0.00000000e+00 4.94107437e+00 5.99563181e-01
  0.00000000e+00 1.15942255e-01 4.15567458e-02 1.80759227e+00
  3.81540489e+00 0.00000000e+00 3.38843673e-01 3.07998347e+00
  3.87204349e-01 6.57717466e+00 0.00000000e+00 1.49287671e-01
  8.02309871e-01 9.24419403e-01 2.78167653e+00 3.28121114e+00
  3.76649499e+00 6.81304550e+00 3.89312267e-01 3.26978898e+00
  1.36408079e+00 2.62385535e+00 3.76586032e+00 3.42775273e+00
  1.09795237e+01 2.71829456e-01 7.04520702e-01 9.50806439e-01
  0.00000000e+00 0.00000000e+00 8.94032478e+00 3.12942529e+00
  1.81194043e+00 9.24983740e-01 1.38831825e+01 8.53767693e-01
  1.11148432e-01 1.77562046e+00 5.98359287e-01 2.31987715e+00
  8.33224773e+00 9.99579144e+00 1.31325543e+00 1.62826270e-01
  1.52474046e-01 2.08986449e+00 6.34028101e+00 0.00000000e+00
  9.55064416e-01 7.42152691e+00 1.26344717e+00 1.41234827e+00
  1.00022058e+01 3.23481131e+00 0.00000000e+00 1.16678968e-01
  5.96219492e+00 5.44871902e+00 1.78324854e+00 1.03067470e+00
  4.41175178e-02 2.10230846e+01 2.14018330e-01 2.21698952e+00
  3.91422920e-02 1.49903512e+00 1.38282761e-01 2.89917397e+00
  2.30955139e-01 6.40042543e+00 6.11972451e-01 1.40868068e+00
  8.10271931e+00 4.62428617e+00 3.53074050e+00 6.53666258e-02
  2.84534931e+00 6.94751787e+00 1.35712087e+00 2.76515603e+00
  0.00000000e+00 1.36188817e+00 7.86799788e-01 2.26000476e+00
  7.38089371e+00 1.41542804e+00 4.39109039e+00 2.15845203e+00
  5.15817022e+00 9.11271858e+00 7.18316078e-01 3.85307288e+00
  3.08398843e-01 2.37313509e-01 1.17097056e+00 4.45014648e-02
  5.47143316e+00 9.62123489e+00 1.55717964e+01 3.67567927e-01
  2.35597253e+00 1.11353427e-01 4.92045879e-01 4.30926859e-01
  8.25545266e-02 1.84571600e+00 4.26676464e+00 2.61496603e-01
  5.24253584e-02 4.00775611e-01 1.80147672e+00 3.27697778e+00
  3.97164449e-02 0.00000000e+00 0.00000000e+00 9.78514433e-01
  1.31250191e+00 6.58829987e-01 2.59748721e+00 1.14640415e+00
  2.40401596e-01 3.30741075e-03 4.70321798e+00 0.00000000e+00
  6.92895949e-01 2.82315874e+00 2.27137661e+00 1.56694508e+00
  1.33400059e+01 1.50163066e+00 7.65794277e-01 2.09075272e-01
  7.16362762e+00 2.20331287e+00 2.00556231e+00 2.19451404e+00
  3.69689137e-01 5.78354411e-02 1.49402714e+00 1.20542538e+00
  1.92263436e+00 6.43327427e+00 0.00000000e+00 3.48704755e-01
  5.68633318e-01 6.99005175e+00 4.14770460e+00 0.00000000e+00
  1.05932856e+00 1.92593539e+00 2.37182885e-01 0.00000000e+00
  9.37347472e-01 5.93794632e+00 3.03684831e+00 2.63621539e-01
  2.74756789e+00 3.51160139e-01 2.01476598e+00 1.48669636e+00
  7.94200599e-01 0.00000000e+00 3.84467435e+00 1.26287425e+00
  3.17260951e-01 7.18421191e-02 6.10111523e+00 1.58812010e+00
  1.72215223e-01 8.73636818e+00 5.98917305e-01 3.73028278e-01
  3.04936099e+00 1.94188952e+00 4.40280390e+00 1.36390901e+00
  4.13489771e+00 1.13958120e+00 4.39727354e+00 1.25558519e+00
  1.23930562e+00 1.12490082e+00 1.92215398e-01 7.97276688e+00
  2.02117062e+00 0.00000000e+00 2.86624885e+00 2.52201414e+00
  1.24724197e+00 2.97857761e+00 1.20898139e+00 4.26285696e+00
  8.57834160e-01 9.44869399e-01 4.70577717e+00 3.37460732e+00
  2.71807241e+00 2.49307179e+00 1.96884647e-01 1.96062595e-01
  7.67094135e-01 2.76728702e+00 0.00000000e+00 4.65571105e-01
  6.00883700e-02 3.49337983e+00 3.97549224e+00 0.00000000e+00
  1.00631617e-01 6.94166279e+00 1.48621726e+00 4.23525065e-01
  1.49675264e+01 0.00000000e+00 1.30439043e+00 1.89415789e+00
  6.00520992e+00 2.78351545e-01 4.68017721e+00 8.77271771e-01
  5.45785069e-01 8.33507538e+00 6.00198686e-01 1.69618475e+00
  2.60939538e-01 4.26663339e-01 2.57912326e+00 3.39920193e-01
  1.98302075e-01 3.26814294e+00 1.37818992e+00 3.36636329e+00
  3.36955011e-01 1.79508054e+00 4.37257814e+00 9.80643630e-01
  1.74907696e+00 1.31012881e+00 1.51299274e+00 2.45904416e-01
  8.60225037e-02 2.15680337e+00 1.92226720e+00 1.07201576e+00
  1.03389940e+01 3.68524790e+00 1.02988350e+00 4.44743013e+00
  2.35395622e+00 1.92274129e+00 2.10037184e+00 1.43287265e+00
  1.40745342e+00 6.83242035e+00 2.06577849e+00 1.88076425e+00
  8.20896339e+00 8.05345953e-01 8.85404885e-01 5.85339928e+00
  3.08865070e+00 1.05279958e+00 2.51486778e+00 2.92709422e+00
  6.01989388e-01 8.64162762e-03 8.57830882e-01 5.67470014e-01
  2.17684722e+00 2.47872751e-02 5.42214727e+00 4.68987370e+00
  4.33986473e+00 2.19622985e-01 8.71999681e-01 5.75994909e-01
  0.00000000e+00 0.00000000e+00 8.44877621e-04 5.83470201e+00
  6.18818820e-01 2.27217698e+00 4.15129566e+00 4.84468251e-01
  1.95006371e+01 7.17455435e+00 1.99408218e-01 8.99598718e-01
  9.22021031e-01 2.75916636e-01 6.12019412e-02 4.21837717e-01
  0.00000000e+00 5.17048061e-01 1.44023800e+00 4.65915680e-01
  1.09721750e-01 0.00000000e+00 5.20582247e+00 1.60624528e+00
  0.00000000e+00 1.64400175e-01 0.00000000e+00 2.97184443e+00
  3.80312109e+00 3.66133404e+00 1.41370809e+00 1.13725853e+00
  2.71566659e-01 4.18844700e-01 1.99838877e+00 8.34766388e+00
  0.00000000e+00 3.23115325e+00 9.49647009e-01 1.91478527e+00
  0.00000000e+00 9.97686028e-01 1.25203550e+00 1.59496874e-01
  3.01281404e+00 6.91022038e-01 2.87208366e+00 3.33316684e+00
  4.21474266e+00 5.65446138e+00 9.82771292e-02 2.73383290e-01
  1.77723959e-01 3.55945015e+00 2.49055552e+00 1.08295095e+00
  0.00000000e+00 1.02287017e-01 8.68997753e-01 2.73481280e-01
  6.58491850e-01 2.91916102e-01 1.15673006e+00 4.95341271e-02
  2.82720923e+00 2.69852805e+00 6.56926811e-01 5.21711683e+00
  3.34341042e-02 4.93791103e-01 2.19054651e+00 1.98518085e+00
  3.31023598e+00 9.78402138e-01 8.74913275e-01 4.74765205e+00
  9.24175799e-01 3.57147312e+00 2.04184547e-01 4.18290108e-01
  6.25569391e+00 0.00000000e+00 3.34485412e-01 7.61863232e-01
  4.28887576e-01 1.58586890e-01 3.51346469e+00 2.33399653e+00]]