[[2.77358842e+00 5.45044720e-01 8.56600881e-01 9.11623910e-02
  1.28558010e-01 5.79424095e+00 3.51734787e-01 4.27782345e+00
  1.43909132e+00 1.21899343e+00 2.39790156e-01 4.06509787e-01
  2.18162417e+00 1.66075611e+00 0.00000000e+00 2.62312937e+00
  7.48293579e-01 8.44611049e-01 5.09359036e-03 4.41440153e+00
  0.00000000e+00 5.87225199e+00 0.00000000e+00 1.73657668e+00
  9.62279290e-02 3.48864746e+00 0.00000000e+00 3.67659986e-01
  1.76601911e+00 1.63839012e-01 1.33834094e-01 2.01845169e+00
  6.02424800e-01 1.77685559e+00 9.18799102e-01 8.96026865e-02
  2.04395032e+00 7.67059088e-01 5.38956463e-01 5.02616465e-01
  7.28105497e+00 2.34253824e-01 7.48016357e-01 1.55244327e+00
  0.00000000e+00 6.78837419e-01 5.31372488e-01 1.65264952e+00
  4.46601391e+00 0.00000000e+00 1.33207425e-01 2.37955856e+00
  1.77577570e-01 1.29939720e-01 3.11466336e+00 8.35146427e+00
  1.13130760e+00 1.45086918e+01 4.07000589e+00 1.64913833e-01
  2.41056755e-01 1.47246766e+00 2.73266006e+00 4.52803659e+00
  5.44934332e-01 3.55000138e+00 2.83642077e+00 5.52362502e-01
  1.66187954e+00 2.46773672e+00 2.71095920e+00 2.45513725e+00
  4.76764345e+00 2.42462039e+00 2.61391997e-01 1.55969933e-01
  9.49341655e-01 2.21295908e-01 9.01706696e-01 2.21010375e+00
  5.68291068e-01 1.48355627e+00 1.26160240e+00 1.02733545e-01
  3.24039602e+00 1.68677318e+00 3.64397556e-01 2.63654375e+00
  3.23776412e+00 1.01470745e+00 1.61979616e+00 4.07016039e+00
  7.44142056e-01 3.29916477e+00 8.26361217e-03 9.28438067e-01
  1.95020482e-01 1.54783368e+00 7.31322914e-02 3.59246945e+00
  1.13745511e+00 1.12029469e+00 2.44686365e+00 6.04493189e+00
  1.94427454e+00 4.41616058e-01 0.00000000e+00 1.98402798e+00
  2.46460533e+00 5.61589777e-01 4.98398876e+00 3.92813444e+00
  3.03996801e-01 8.37735844e+00 6.62617207e-01 3.63596618e-01
  6.40585899e+00 3.55442911e-01 5.57327318e+00 9.64007020e-01
  2.96245337e-01 1.92954779e+00 0.00000000e+00 5.40318632e+00
  5.90656877e-01 1.43949878e+00 0.00000000e+00 0.00000000e+00
  5.54774714e+00 1.35472116e+01 1.96272647e+00 0.00000000e+00
  1.26774015e+01 1.38923037e+00 0.00000000e+00 1.28057289e+00
  5.36987901e-01 1.11675823e+00 2.19098115e+00 1.16318798e+00
  1.62572110e+00 0.00000000e+00 1.24988735e+00 2.30189157e+00
  3.18041420e+00 3.05210352e+00 2.10979295e+00 4.13303673e-01
  6.26597047e-01 1.23614764e+00 3.69507647e+00 1.22799504e+00
  2.55959392e+00 5.55487931e-01 1.61184478e+00 4.89722192e-01
  1.43508542e+00 0.00000000e+00 3.05097163e-01 2.53997326e-01
  3.72695923e+00 3.15698528e+00 1.33092904e+00 0.00000000e+00
  1.55740619e+00 2.55798459e+00 7.88242463e-03 3.57323122e+00
  3.13259149e+00 2.19357896e+00 1.12593138e+00 1.20261955e+00
  4.90370131e+00 3.44089079e+00 5.82503438e-01 7.58445144e-01
  3.03744316e-01 0.00000000e+00 1.27351141e+00 9.51987362e+00
  2.03188610e+00 6.98614299e-01 1.95416760e+00 5.46909750e-01
  1.00632060e+00 5.12490213e-01 6.77790737e+00 8.71528447e-01
  2.64419842e+00 8.20659578e-01 1.22498589e+01 0.00000000e+00
  1.56950161e-01 1.47474442e+01 7.66642615e-02 1.43076789e+00
  7.57507503e-01 3.88304257e+00 7.06717968e-01 0.00000000e+00
  3.52526617e+00 0.00000000e+00 1.86627698e+00 3.60580534e-01
  6.24374342e+00 1.90048158e-01 1.46257889e+00 1.96170032e+00
  9.26283598e-01 4.47099781e+00 3.26606679e+00 4.02168751e+00
  1.61656573e-01 3.37696362e+00 1.39154696e+00 1.37500083e+00
  0.00000000e+00 1.61294699e+00 5.62772214e-01 1.15969682e+00
  1.56705558e-01 6.37640810e+00 1.23795080e+00 6.62452602e+00
  6.79577887e-01 4.86227274e+00 0.00000000e+00 1.19335246e+00
  2.01628551e-01 1.06097043e+00 8.82362068e-01 1.30893707e+00
  0.00000000e+00 6.49302900e-01 1.75128698e+00 1.25774240e+00
  0.00000000e+00 3.73663044e+00 3.71079278e+00 6.65861011e-01
  2.03888321e+00 8.05585742e-01 5.11654437e-01 4.04499054e+00
  5.29191303e+00 1.02161956e+00 4.64381790e+00 1.60979772e+00
  5.79128027e-01 1.64899850e+00 3.08510518e+00 1.20197034e+00
  5.30833673e+00 2.01663041e+00 1.73452818e+00 0.00000000e+00
  2.47300208e-01 4.52173948e-01 1.03994429e+00 3.35628223e+00
  9.24572229e-01 0.00000000e+00 2.74364084e-01 3.32602978e+00
  3.33783579e+00 5.25731945e+00 2.16137961e-01 4.25709200e+00
  6.24842453e+00 1.42217803e+00 3.05222511e+00 0.00000000e+00
  1.09457374e+00 4.74913645e+00 1.78154469e+00 5.49708176e+00
  3.88082480e+00 2.95342654e-01 1.70038581e-01 2.97584057e+00
  3.69671726e+00 3.33985662e+00 7.41321981e-01 0.00000000e+00
  4.09534693e+00 0.00000000e+00 3.81795883e+00 3.26165676e+00
  6.00960255e-01 3.00933552e+00 1.68334767e-01 4.20107508e+00
  1.84967363e+00 2.08436656e+00 2.30865741e+00 3.14776450e-01
  1.83813667e+00 9.93413985e-01 4.19476926e-01 0.00000000e+00
  4.36258173e+00 8.02963018e-01 4.94205809e+00 0.00000000e+00
  7.71942556e-01 3.93375015e+00 1.18902683e+00 3.50500494e-01
  0.00000000e+00 6.25452220e-01 2.41789746e+00 4.54560935e-01
  7.60119081e-01 0.00000000e+00 8.43835890e-01 1.36917233e-01
  2.06085110e+00 9.60469627e+00 1.01473522e+00 5.69802403e-01
  1.61882922e-01 1.59331226e+00 1.74244344e+00 1.23492338e-01
  1.06225513e-01 1.17307341e+00 4.00721264e+00 7.94615299e-02
  0.00000000e+00 2.40898728e+00 1.48261583e+00 4.30297518e+00
  4.49320412e+00 3.80680680e+00 3.34210634e+00 2.33311439e+00
  3.56866717e-01 6.43175316e+00 4.22264671e+00 2.44253540e+00
  5.33071041e-01 4.51241076e-01 3.47117752e-01 9.47397327e+00
  5.61034344e-02 1.92900944e+00 7.28537261e-01 6.36743069e-01
  5.97053230e-01 0.00000000e+00 7.56619275e-01 8.36320817e-01
  8.80038217e-02 2.15568677e-01 1.54516196e+00 1.09302807e+00
  2.98582959e+00 6.70846176e+00 1.15999401e+00 1.61756024e-01
  3.47756529e+00 5.84610581e-01 1.38117189e+01 0.00000000e+00
  4.49673843e+00 1.41599894e+00 7.69777584e+00 6.26448989e-01
  1.73106715e-01 0.00000000e+00 8.00356030e-01 1.30805719e+00
  6.38343430e+00 4.73579131e-02 2.46970701e+00 1.11132181e+00
  9.84090447e-01 2.93038225e+00 1.01858454e+01 3.47033203e-01
  1.34935296e+00 7.30340958e+00 1.94764093e-01 2.25267720e+00
  2.81530643e+00 3.45711589e+00 9.44439352e-01 3.24275531e-02
  9.28121924e-01 3.92123550e-01 1.11658537e+00 1.54904965e-02
  3.90777513e-02 4.94201303e-01 5.51371002e+00 9.63352501e-01
  1.07798612e+00 1.56783295e+00 6.14109325e+00 4.53291535e-01
  5.13529837e-01 6.67622948e+00 7.37956583e-01 4.89822292e+00
  4.46483421e+00 0.00000000e+00 1.63983321e-04 3.57392758e-01
  1.60541415e-01 6.56494904e+00 8.27536488e+00 1.31186283e+00
  0.00000000e+00 6.81759894e-01 1.19779122e+00 0.00000000e+00
  1.06280065e+00 1.33766389e+00 0.00000000e+00 8.20921302e-01
  4.36138344e+00 3.09929550e-01 8.77313972e-01 8.54566669e+00
  7.33830810e-01 7.88311101e-03 4.37019205e+00 3.80523491e+00
  1.03742254e+00 1.13049316e+00 3.81331038e+00 1.43118536e+00
  1.00934887e+01 7.35776842e-01 3.04576588e+00 1.37912645e+01
  0.00000000e+00 3.90728140e+00 2.60013604e+00 5.30708790e-01
  0.00000000e+00 4.80214715e-01 1.69612586e+00 4.21031475e+00
  3.41777635e+00 2.13950729e+00 7.40553427e+00 2.25596642e+00
  1.11043119e+00 5.19432360e-03 9.42162323e+00 6.29251671e+00
  2.33772397e+00 9.88896906e-01 2.87797356e+00 1.66512311e+00
  1.48276120e-01 4.47371304e-01 1.03601813e+00 2.85504651e+00
  9.25839329e+00 1.06507254e+00 2.71203555e-03 5.12101129e-02
  3.32394168e-02 3.57860476e-01 1.86945581e+00 6.22902215e-01
  1.05101395e+00 1.08640146e+00 3.07898700e-01 1.68824613e+00
  1.06561673e+00 9.38986778e+00 1.21774101e+01 7.12380290e-01
  1.43856809e-01 9.36520472e-02 8.87626708e-01 2.68201494e+00
  0.00000000e+00 4.60192144e-01 0.00000000e+00 2.74466014e+00
  1.36592343e-01 0.00000000e+00 1.70939338e+00 1.06977947e-01
  1.15321314e+00 3.51388842e-01 4.23114681e+00 2.65877426e-01
  1.90815687e+00 1.41763926e+00 2.18194795e+00 1.74900556e+00
  2.93625760e+00 2.52850652e+00 3.18987906e-01 3.99521977e-01
  7.74969244e+00 2.59995125e-02 1.96981692e+00 5.23637247e+00
  6.76355314e+00 8.46542954e-01 9.44683075e-01 4.38778281e-01
  1.07456219e+00 1.28812110e+00 2.91734409e+00 2.21313810e+00]]