[[5.1915110e-03 1.3629731e+00 4.9033771e+00 9.3069196e-02 5.9162068e-01
  3.7912445e+00 1.8861861e+00 3.0543814e+00 6.0133123e+00 1.9999903e+00
  0.0000000e+00 1.0336659e+00 1.4593597e-01 1.6205052e+00 0.0000000e+00
  2.0515046e+00 0.0000000e+00 1.4727812e+00 5.4132879e-02 3.3942680e+00
  4.5534581e-02 7.4318204e+00 0.0000000e+00 0.0000000e+00 1.5204127e+00
  5.2412071e+00 0.0000000e+00 2.2828715e+00 2.4834359e+00 7.6093066e-01
  0.0000000e+00 2.6907308e+00 3.1135108e+00 1.4795058e+00 4.4089943e-01
  0.0000000e+00 1.1106471e+00 2.5862775e+00 6.2341285e+00 1.4719589e-01
  6.5976753e+00 7.6152515e-01 1.9784847e+00 3.8388257e+00 1.7862566e-01
  3.7905004e-02 6.3093691e+00 5.9887177e-01 1.9804728e+00 1.6724143e+00
  1.4289510e-01 1.9645087e+00 1.9354001e-01 0.0000000e+00 3.1807058e+00
  4.5003409e+00 1.2818058e+00 1.4496589e+01 5.1736274e+00 2.4283085e+00
  0.0000000e+00 0.0000000e+00 3.2187183e+00 6.7887559e+00 8.1292510e-02
  4.1363144e+00 3.1532977e+00 8.0462694e-01 1.6075604e+00 1.7735982e+00
  0.0000000e+00 1.3703781e+00 1.1657920e+00 7.3986268e+00 2.0189421e+00
  0.0000000e+00 9.2981863e-01 0.0000000e+00 1.4834346e+00 5.3899298e+00
  8.3416444e-01 4.2055604e-01 0.0000000e+00 1.4032881e-01 0.0000000e+00
  5.0789642e-01 0.0000000e+00 3.1036213e-01 9.5136061e+00 1.3714513e+00
  2.3464191e+00 2.9509747e+00 1.3101783e-01 5.6621499e+00 4.2557806e-01
  0.0000000e+00 8.4505522e-01 2.4402912e+00 0.0000000e+00 9.3407383e+00
  2.5159853e+00 1.0957376e+00 1.0664684e+01 5.2642736e+00 1.3594227e+00
  0.0000000e+00 0.0000000e+00 6.3622676e-02 3.2725468e+00 1.5910590e+00
  1.5253943e+00 4.9736600e+00 0.0000000e+00 1.0231180e+01 1.6351122e+00
  1.1782283e-01 3.4745078e+00 2.8403265e-02 2.8542626e+00 5.0726647e+00
  0.0000000e+00 4.6005235e+00 0.0000000e+00 6.2015934e+00 3.0947316e+00
  7.9321998e-01 1.4263245e+00 6.9715783e-02 6.1163168e+00 4.7069278e+00
  3.1894401e-01 0.0000000e+00 5.0624585e+00 2.1392899e+00 0.0000000e+00
  1.5317839e+00 2.3483332e-02 7.9928589e-01 1.9173774e+00 5.1249628e+00
  2.1737799e-01 0.0000000e+00 7.3615355e+00 3.7861538e+00 1.2219124e+01
  2.4533339e+00 3.2181375e+00 1.6669485e-01 3.6159534e+00 0.0000000e+00
  1.6470388e+01 0.0000000e+00 1.7118016e+00 0.0000000e+00 1.5949819e+00
  0.0000000e+00 1.9364079e+00 3.0509927e+00 5.2544278e-01 7.2931921e-01
  1.1308048e+00 6.4082179e+00 1.7292805e+00 0.0000000e+00 1.3576229e+00
  3.9693835e+00 0.0000000e+00 1.0784752e+01 1.3364893e-01 4.9339929e+00
  9.7240061e-01 1.2171249e-01 9.2881308e+00 9.0361118e-02 6.9765478e-01
  0.0000000e+00 0.0000000e+00 3.5871342e-01 8.9282579e+00 1.3471729e+01
  6.9989834e+00 9.5618069e-02 1.8264184e+00 2.2962791e-01 5.4865849e-01
  3.1439385e-01 1.4659247e+01 1.1815166e+00 1.2658545e-01 5.3838050e-01
  8.9290438e+00 0.0000000e+00 3.0229886e+00 7.5938087e+00 1.5833522e-01
  2.0270953e+00 0.0000000e+00 5.5005193e-01 2.5531313e+00 0.0000000e+00
  0.0000000e+00 0.0000000e+00 4.2360601e+00 2.6953976e+00 7.1652932e+00
  1.2748981e-01 3.8219950e-01 5.1624674e-01 1.1981305e+00 4.5834632e+00
  5.1090569e+00 3.8310230e+00 1.7639121e-01 4.3543100e+00 5.9918201e-01
  5.9032387e-01 2.1467693e-01 2.4210267e+00 2.4872468e+00 5.2567035e-01
  1.0208571e+00 1.0966534e+01 2.2293676e-01 7.6178794e+00 2.0524566e+00
  2.5120604e+00 0.0000000e+00 5.3213125e-01 0.0000000e+00 1.1039613e+00
  2.4425903e-01 2.5563869e+00 1.5789381e+00 3.9980483e-01 2.5839128e+00
  1.3873001e+00 3.5702285e-01 2.1344464e+00 3.4346833e+00 6.1568803e-01
  1.1682523e+00 2.2716417e+00 1.4016531e+00 1.8091868e+00 3.6432364e+00
  3.2781017e+00 8.0837069e+00 1.3732865e+00 1.4665334e+00 1.3064461e+01
  3.2366357e+00 1.4652832e+00 5.7532878e+00 1.5671873e-01 2.6545247e-01
  3.1035511e-02 2.7463675e-01 3.4471941e+00 5.1863785e+00 2.7930858e+00
  9.1532475e-01 0.0000000e+00 0.0000000e+00 6.8120809e+00 9.8358974e-02
  1.3145959e+01 0.0000000e+00 1.6069722e+00 4.5654149e+00 2.3886299e-01
  3.5656521e+00 0.0000000e+00 1.9582168e+00 1.0332066e+00 3.2284253e+00
  2.4211087e+00 6.2302351e+00 1.8315732e-01 0.0000000e+00 9.7477466e-01
  4.8052545e+00 2.6991465e+00 3.9586062e+00 4.7731018e-01 1.5358359e+00
  0.0000000e+00 6.2501025e-01 1.3149146e+00 1.9164479e+00 7.5040603e+00
  0.0000000e+00 8.5978832e+00 2.9848697e+00 3.4686821e+00 3.7145622e+00
  1.1632107e+00 1.0447232e+01 8.4946108e-01 1.7485647e+00 4.3765351e-01
  7.6125422e+00 2.7567008e-01 1.1192209e+00 2.6996450e+00 5.2283680e-01
  9.5962181e+00 7.7300382e+00 0.0000000e+00 3.0538073e+00 5.6504784e+00
  2.6756597e-01 3.0420728e-03 7.0444077e-01 4.5531370e-02 4.6223998e-01
  0.0000000e+00 1.4136881e+00 7.2485538e+00 3.9886434e+00 5.9697108e+00
  2.1330902e-02 5.8593142e-01 1.0703802e+00 5.2709717e-01 3.9615211e-01
  2.2741656e+00 5.7974429e+00 1.3288106e+00 1.8427847e-01 0.0000000e+00
  4.2279714e-01 1.6809839e-01 6.6756945e+00 2.1333849e+00 6.2229743e+00
  1.9592643e-01 0.0000000e+00 1.0041876e+01 3.9131205e+00 5.0956392e+00
  1.8817917e-01 0.0000000e+00 0.0000000e+00 1.3169686e+01 6.9572985e-02
  9.8179084e-01 6.0357362e-01 5.2052200e-01 1.7662429e+00 2.6045177e+00
  6.7964089e-01 2.6139762e+00 0.0000000e+00 0.0000000e+00 1.3015589e+00
  2.0372248e+00 2.5823407e+00 8.1297808e+00 8.6371775e+00 6.7791092e-01
  9.0365372e+00 2.0568827e-01 5.0196743e+00 4.5823923e-01 2.9199231e+00
  1.9078624e+00 1.1081156e+01 1.3906262e+00 0.0000000e+00 0.0000000e+00
  2.9219082e-01 7.1179283e-01 1.5808136e+00 5.1360595e-01 3.1795113e-03
  5.8908606e+00 3.6320623e-02 2.2766054e+00 1.0160472e+01 2.3050954e+00
  3.2616849e+00 8.6644688e+00 6.8072565e-02 2.9474430e+00 9.1410887e-01
  1.1609268e+01 2.8064990e-01 5.3908539e-01 3.5873091e+00 0.0000000e+00
  2.5758833e-01 1.5155360e+00 1.7302194e+00 9.9960691e-01 4.2241492e+00
  3.7373680e-01 2.7384143e+00 9.6883196e-01 2.9031100e+00 2.9572928e+00
  4.9202320e-01 8.0728855e+00 0.0000000e+00 6.3023562e+00 8.5709763e+00
  3.6704853e-01 0.0000000e+00 1.2627323e+00 7.1420997e-01 4.4158134e+00
  7.8886175e+00 9.3821788e-01 5.2858275e-01 1.4368958e+00 2.0385971e+00
  0.0000000e+00 1.6333780e+00 1.6580408e+00 0.0000000e+00 1.1777705e-01
  1.5043148e+00 1.3612580e-02 4.5473691e-02 4.1638312e+00 2.2543576e+00
  7.1506119e-01 1.2622982e+00 2.9621840e+00 4.9196825e+00 5.2185053e-01
  1.0017726e+01 5.3934777e-01 1.8030563e+01 4.0564457e-01 3.4911206e+00
  1.3030555e+01 7.3272936e-02 6.9914818e+00 1.6542919e+00 1.9184836e+00
  4.5723912e-01 0.0000000e+00 4.2990300e-01 4.7788372e+00 1.7748252e+00
  3.1325259e+00 5.5029120e+00 1.2691551e+00 1.6281899e+00 1.4197588e+00
  1.5001742e+01 6.8235989e+00 7.6349920e-01 1.1044966e+00 6.4238157e+00
  6.9606562e+00 6.1308014e-01 1.5210190e+00 0.0000000e+00 3.3240507e+00
  9.8020191e+00 1.1156678e+00 2.4440797e-01 0.0000000e+00 0.0000000e+00
  0.0000000e+00 5.0206155e-02 1.0229971e+00 7.6413023e-01 1.3288791e+00
  8.1320131e-01 8.1313723e-01 2.6269561e-01 5.2637386e+00 1.9075172e+01
  1.5206230e-01 0.0000000e+00 1.2984196e+00 7.2222561e-01 3.6133606e+00
  1.3055506e+00 1.1197275e+00 1.5815088e-01 1.0493120e+01 0.0000000e+00
  0.0000000e+00 3.9632320e+00 1.0338204e+00 1.6458142e+00 0.0000000e+00
  1.2257624e+00 2.5367072e-01 4.9698763e+00 1.7687296e+00 0.0000000e+00
  2.8536816e+00 0.0000000e+00 3.8777742e+00 1.2303274e+00 0.0000000e+00
  4.2537670e+00 1.2662254e-01 3.4834415e-01 1.6593795e+00 4.2021518e+00
  1.2513207e+00 6.5454960e+00 1.0172930e+00 2.9054603e-01 1.7285068e-01
  4.3783660e+00 5.1650324e+00]]