[[3.93503159e-01 3.69299293e+00 3.79355860e+00 2.59199798e-01
  1.28571972e-01 4.18631363e+00 6.98800564e-01 3.98463774e+00
  7.06235170e+00 4.87915158e-01 0.00000000e+00 7.34465599e-01
  0.00000000e+00 3.10652804e+00 0.00000000e+00 1.54519665e+00
  1.54902404e-02 2.47597933e+00 1.08196235e+00 2.83165073e+00
  2.15178800e+00 1.00336180e+01 0.00000000e+00 3.13009214e+00
  1.06056285e+00 3.00332975e+00 0.00000000e+00 2.86103702e+00
  3.46970558e+00 2.74521798e-01 1.94452989e+00 0.00000000e+00
  1.07031631e+00 2.45563674e+00 6.44616457e-03 0.00000000e+00
  1.51536119e+00 8.77611756e-01 7.25481987e+00 1.08205545e+00
  1.38511066e+01 1.69087219e+00 9.61765707e-01 6.09973335e+00
  1.29669204e-01 2.29720712e-01 4.37498760e+00 0.00000000e+00
  1.02374995e+00 7.10214019e-01 4.78598952e-01 1.80508733e+00
  8.81295264e-01 4.15945798e-01 2.53595924e+00 2.57891560e+00
  4.17878103e+00 1.10311565e+01 4.17518663e+00 8.87855709e-01
  0.00000000e+00 0.00000000e+00 1.79209101e+00 4.70913792e+00
  0.00000000e+00 3.54142046e+00 3.37737226e+00 1.43950969e-01
  2.58324623e+00 1.98829031e+00 2.09793162e+00 1.51531518e+00
  2.55427265e+00 6.72512627e+00 3.23814178e+00 0.00000000e+00
  1.17508388e+00 0.00000000e+00 1.96369612e+00 3.33818626e+00
  4.25045311e-01 4.36829656e-01 1.23260140e+00 3.13768476e-01
  2.39092422e+00 2.34087896e+00 3.51865470e-01 4.03287977e-01
  9.38851738e+00 5.06407246e-02 2.93928695e+00 2.10860610e+00
  2.48931065e-01 4.54712200e+00 6.97481558e-02 2.07223758e-01
  1.32510722e-01 1.19289255e+00 7.48680383e-02 8.34939861e+00
  1.41591048e+00 0.00000000e+00 1.22602158e+01 4.61170816e+00
  1.23192072e+00 0.00000000e+00 3.25575233e-01 2.94200957e-01
  3.84913731e+00 1.80185467e-01 1.79166198e+00 3.92038155e+00
  0.00000000e+00 1.11122570e+01 2.82977915e+00 6.54642761e-01
  7.60413218e+00 0.00000000e+00 1.10984695e+00 2.08937907e+00
  0.00000000e+00 2.57313037e+00 3.44116926e-01 6.01297188e+00
  1.77197552e+00 1.23688316e+00 1.85721040e+00 9.37034264e-02
  6.84505987e+00 5.48149014e+00 9.17396009e-01 5.33924401e-01
  7.66207504e+00 2.71365881e+00 3.59903544e-01 1.72918081e+00
  7.43537322e-02 2.17667907e-01 5.55292428e-01 1.69748485e+00
  5.84119916e-01 0.00000000e+00 9.82456970e+00 5.52108717e+00
  5.12475920e+00 3.17762876e+00 1.39267528e+00 6.34785742e-02
  3.75199986e+00 1.18421841e+00 1.08848333e+01 0.00000000e+00
  4.56157351e+00 0.00000000e+00 1.57306910e+00 1.02835000e+00
  3.89305532e-01 2.00015759e+00 6.31322145e-01 3.35280895e-01
  1.79507899e+00 3.36071491e+00 3.76515937e+00 1.90774184e-02
  1.76405215e+00 2.64006543e+00 2.85186499e-01 8.47054195e+00
  2.17486906e+00 1.78938663e+00 1.59661770e+00 1.42795050e+00
  9.25242043e+00 1.13248277e+00 4.26003933e-01 1.20544374e-01
  0.00000000e+00 1.56639069e-01 1.06823807e+01 7.76864433e+00
  4.39237118e+00 3.14412355e-01 1.72614408e+00 0.00000000e+00
  0.00000000e+00 6.78114817e-02 5.22462702e+00 7.79811591e-02
  2.33626676e+00 6.34821355e-01 3.68103218e+00 1.12249815e+00
  3.61516142e+00 7.20002985e+00 1.32730469e-01 1.98188543e-01
  9.83136892e-03 0.00000000e+00 3.65485620e+00 0.00000000e+00
  8.55384290e-01 0.00000000e+00 6.50105047e+00 1.48025525e+00
  4.55185080e+00 1.41677821e+00 5.37860990e-01 4.12729979e-01
  2.38215327e+00 1.09863253e+01 6.21818876e+00 5.22332048e+00
  6.82107359e-02 1.97240323e-01 2.18260002e+00 2.84742564e-01
  1.15180172e-01 3.94655436e-01 2.12789536e+00 5.51143348e-01
  5.61857700e+00 6.46080685e+00 2.26929832e+00 3.73848152e+00
  7.22812951e-01 5.11107588e+00 2.66015410e-01 5.48204541e-01
  1.93154395e+00 1.41815042e+00 4.71523315e-01 1.00431466e+00
  3.07449400e-01 3.82224731e-02 4.32721674e-01 1.67944777e+00
  3.61564398e-01 3.82491660e+00 6.78555918e+00 7.31912434e-01
  2.88122803e-01 6.94890118e+00 3.62253141e+00 1.82606947e+00
  2.01097226e+00 1.10062551e+01 4.87264013e+00 1.44253504e+00
  2.65196061e+00 4.25841999e+00 1.81169581e+00 9.05630708e-01
  5.12185621e+00 8.11283350e-01 9.11232471e-01 0.00000000e+00
  7.00515687e-01 3.69452596e+00 4.00666666e+00 4.43389845e+00
  2.82991743e+00 0.00000000e+00 0.00000000e+00 7.59618759e+00
  6.79422259e-01 3.40808177e+00 3.77226598e-03 3.78256106e+00
  3.52251506e+00 2.20804483e-01 3.59379601e+00 0.00000000e+00
  1.83687353e+00 4.91410613e-01 1.83377790e+00 2.16300941e+00
  9.15620232e+00 1.04525304e+00 9.20743346e-02 0.00000000e+00
  6.71608448e+00 2.18387318e+00 4.05837154e+00 2.72693306e-01
  2.04546243e-01 0.00000000e+00 1.86346030e+00 2.40035105e+00
  2.35317826e+00 7.17729330e+00 1.07841194e+00 6.42246914e+00
  1.61598098e+00 8.72965908e+00 2.32010293e+00 4.44556808e+00
  7.35453463e+00 1.70194292e+00 1.54065061e+00 8.55385303e-01
  6.52128553e+00 1.11955464e+00 1.01132679e+00 1.41254437e+00
  5.29865623e-01 8.63529015e+00 7.33087730e+00 1.46942866e+00
  4.07842970e+00 3.17865372e+00 0.00000000e+00 2.10144237e-01
  1.71211612e+00 2.55712700e+00 1.86177266e+00 1.20063412e+00
  1.01876152e+00 6.72264481e+00 2.44609690e+00 5.36663580e+00
  6.41104341e-01 0.00000000e+00 6.34032249e-01 5.48580885e-01
  1.04480827e+00 1.14646816e+00 6.27329683e+00 7.46338367e-01
  2.93811094e-02 5.43106377e-01 2.66303957e-01 1.73863208e+00
  4.44271517e+00 1.05706036e+00 3.67019558e+00 1.96200275e+00
  0.00000000e+00 7.35214663e+00 2.25050187e+00 7.71259546e+00
  1.77122748e+00 7.51357853e-01 2.08720133e-01 9.15859222e+00
  1.37206778e-01 2.45364308e+00 1.20056915e+00 0.00000000e+00
  1.85504055e+00 3.53220034e+00 0.00000000e+00 1.85212147e+00
  0.00000000e+00 0.00000000e+00 1.60664773e+00 0.00000000e+00
  0.00000000e+00 6.43876076e+00 3.51966858e+00 6.11909509e-01
  1.97107964e+01 2.17703557e+00 3.98623228e+00 2.34863138e+00
  5.85819244e+00 2.66874170e+00 8.62616634e+00 3.60831827e-01
  4.70918640e-02 3.48362684e-01 6.63031191e-02 7.86847353e-01
  2.57036114e+00 1.52282521e-01 4.68279198e-02 5.10344887e+00
  1.06247336e-01 6.01876557e-01 1.17941637e+01 2.05803037e+00
  1.87721896e+00 1.02420950e+01 1.70498621e-02 2.62693572e+00
  1.10493016e+00 9.05099678e+00 3.21519464e-01 0.00000000e+00
  7.01061785e-01 0.00000000e+00 1.15599585e+00 1.15230799e+00
  3.48573470e+00 1.84790277e+00 4.95414495e+00 7.50447631e-01
  1.61436605e+00 7.86615789e-01 3.99773526e+00 4.97001266e+00
  9.47035432e-01 1.02959423e+01 0.00000000e+00 3.65321350e+00
  1.17052965e+01 1.71600223e+00 1.06790818e-01 2.85766816e+00
  6.52563274e-01 6.14824009e+00 1.08311110e+01 6.25132680e-01
  8.98502916e-02 3.58193755e+00 2.14010334e+00 0.00000000e+00
  1.08071709e+00 7.37027764e-01 0.00000000e+00 1.21410280e-01
  2.83465564e-01 9.50855110e-03 5.91553569e-01 3.19417906e+00
  1.64150393e+00 1.33684587e+00 6.97076917e-01 3.76347589e+00
  3.47494221e+00 1.13764346e+00 9.65541077e+00 3.61490369e-01
  1.51332893e+01 2.09086847e+00 1.07842922e+00 7.46973085e+00
  1.64868212e+00 1.12610936e+00 2.13055402e-01 6.99188948e-01
  0.00000000e+00 1.16858192e-01 1.24940276e+00 2.54804468e+00
  3.66561723e+00 3.82881236e+00 2.81223130e+00 2.29446816e+00
  5.92752278e-01 2.00527668e+00 1.02092657e+01 4.85294867e+00
  3.02421260e+00 8.22884083e-01 7.59891415e+00 4.38071966e+00
  2.25153744e-01 1.79447389e+00 0.00000000e+00 6.01351929e+00
  6.95599985e+00 9.76092041e-01 1.46467018e+00 4.42293644e-01
  0.00000000e+00 1.08599905e-02 1.28298163e-01 1.40719044e+00
  8.39515626e-01 7.01373339e-01 1.37166515e-01 1.46759301e-01
  9.08569872e-01 7.10645676e+00 2.13352394e+01 0.00000000e+00
  0.00000000e+00 1.20194590e+00 3.10494274e-01 1.94854772e+00
  1.36990750e+00 1.01539779e+00 2.91479254e+00 8.33453846e+00
  1.93250790e-01 0.00000000e+00 6.66281557e+00 0.00000000e+00
  3.24984264e+00 0.00000000e+00 2.60216975e+00 0.00000000e+00
  1.43279636e+00 3.54914993e-01 0.00000000e+00 2.17172170e+00
  4.85659450e-01 1.44116378e+00 1.98841214e+00 1.11986354e-01
  6.19271708e+00 3.70709181e-01 3.60179234e+00 2.31835818e+00
  3.17073750e+00 1.80814469e+00 6.46457100e+00 2.79189974e-01
  5.61000288e-01 6.81261897e-01 1.00160694e+01 1.88557315e+00]]