[[1.10738985e-01 1.03571022e+00 3.55023885e+00 1.72182098e-01
  3.52576107e-01 3.66009140e+00 3.12728047e+00 3.89685535e+00
  1.45913374e+00 8.96424949e-01 2.57576555e-01 1.63782686e-01
  1.98176897e+00 2.03720975e+00 6.03483534e+00 3.81330442e+00
  1.72445762e+00 2.83358335e-01 0.00000000e+00 3.72743201e+00
  3.48494619e-01 1.41914740e+01 4.94437504e+00 5.07826805e-01
  1.47798932e+00 5.27960682e+00 4.70731974e+00 0.00000000e+00
  3.70229578e+00 2.99837446e+00 2.77264738e+00 6.42929256e-01
  6.52355313e-01 5.14307022e+00 7.44736195e-01 6.29883885e-01
  0.00000000e+00 0.00000000e+00 2.61740303e+00 1.50726211e+00
  3.51927662e+00 2.72438073e+00 1.62318277e+00 1.04250126e+01
  3.10608983e-01 7.88747370e-02 2.59757471e+00 2.12009525e+00
  5.61619997e-01 0.00000000e+00 6.91820002e+00 1.22820020e+00
  0.00000000e+00 0.00000000e+00 2.70116138e+00 3.20642591e+00
  9.74037743e+00 8.11511135e+00 7.34850073e+00 1.78853154e+00
  2.80865312e-01 1.62425137e+00 3.59543562e+00 5.25967216e+00
  0.00000000e+00 5.39955187e+00 1.79087329e+00 2.48003268e+00
  3.47881794e+00 2.92687082e+00 1.50902998e+00 3.17411900e+00
  6.43188429e+00 1.54869986e+01 1.84290683e+00 2.69122064e-01
  0.00000000e+00 3.80508512e-01 3.82394910e-01 1.20228136e+00
  5.18806159e-01 3.42378640e+00 9.06915665e+00 1.38045585e+00
  1.43701181e+01 3.31098008e+00 8.08852196e-01 9.64767456e-01
  3.99111295e+00 0.00000000e+00 4.57158566e+00 3.53809786e+00
  2.77687073e-01 7.92599630e+00 2.90801853e-01 1.87301561e-01
  5.47729842e-02 5.97679043e+00 7.21802950e+00 1.17055380e+00
  2.43383776e-02 2.53556442e+00 4.65048999e-01 7.86281538e+00
  5.13171625e+00 6.97364283e+00 1.52938950e+00 1.44217110e+00
  2.35269880e+00 3.33941960e+00 1.51695931e+00 1.34554660e+00
  5.49460292e-01 9.74378169e-01 9.47916150e-01 3.92540067e-01
  5.52995205e+00 0.00000000e+00 1.31534457e+00 3.38452983e+00
  0.00000000e+00 4.53652287e+00 2.01348448e+00 8.20817375e+00
  1.98596567e-01 2.22980642e+00 6.08915746e-01 5.30223131e-01
  1.75559199e+00 1.42271366e+01 2.68313789e+00 2.97163367e-01
  1.19300900e+01 3.01574779e+00 1.73675045e-01 1.13702941e+00
  7.63771355e-01 1.91476047e-01 1.02124524e+00 1.16292663e-01
  1.06057787e+00 1.67727399e+00 2.65755391e+00 3.95010614e+00
  1.99418473e+00 0.00000000e+00 3.92748022e+00 9.88758206e-02
  1.63725793e-01 6.89012483e-02 7.21026802e+00 2.19638848e+00
  3.17168069e+00 9.40191209e-01 1.46797264e+00 2.90141821e+00
  1.54864347e+00 2.11318541e+00 2.26923203e+00 6.38405085e+00
  1.54161602e-01 6.53470635e-01 7.55542660e+00 5.06338775e-02
  9.41165447e+00 9.75657880e-01 5.03058851e-01 5.46653569e-01
  2.80583096e+00 0.00000000e+00 2.60066247e+00 4.56110120e-01
  3.29361367e+00 1.46151114e+00 0.00000000e+00 5.03870323e-02
  0.00000000e+00 1.35330319e+00 8.14447498e+00 6.18048859e+00
  7.16423321e+00 1.22497082e+00 8.90916061e+00 0.00000000e+00
  0.00000000e+00 1.15797055e+00 1.45346844e+00 0.00000000e+00
  4.53490591e+00 2.10284606e-01 5.50561714e+00 8.71664107e-01
  4.74513721e+00 5.94318485e+00 1.12179017e+00 6.50956690e-01
  2.71117926e-01 7.04743195e+00 5.13833666e+00 1.67551541e+00
  7.97772598e+00 3.86983252e+00 8.11651707e-01 1.40794671e+00
  1.07292976e+01 3.32868385e+00 3.08044612e-01 1.54946196e+00
  2.10338187e+00 2.46063232e+01 8.52970660e-01 6.20287657e+00
  0.00000000e+00 2.04092431e+00 3.34980100e-01 4.53284055e-01
  3.72843242e+00 6.05216122e+00 4.44787323e-01 1.71908939e+00
  2.36777139e+00 6.53769612e-01 1.24223471e+00 4.69475079e+00
  4.59386855e-01 1.88736761e+00 3.93112041e-02 6.77645206e-01
  2.36009955e+00 5.22182047e-01 3.68420959e-01 1.45592999e+00
  1.79748833e+00 6.58595800e-01 3.85251546e+00 1.80221140e+00
  1.57636809e+00 9.25693321e+00 2.25946846e+01 4.04655170e+00
  1.05041289e+00 1.72548211e+00 2.12511373e+00 2.73096919e+00
  8.73186469e-01 1.55398226e+01 5.32161045e+00 7.89953828e-01
  1.26538134e+00 5.47485971e+00 1.23028409e+00 2.94943476e+00
  4.24564981e+00 3.03194237e+00 4.44398785e+00 0.00000000e+00
  1.51756227e+00 7.12051392e+00 8.49015892e-01 1.23309488e+01
  3.51844096e+00 0.00000000e+00 0.00000000e+00 4.88952541e+00
  1.11108446e+01 0.00000000e+00 1.73685396e+00 1.63185844e+01
  1.77144301e+00 0.00000000e+00 2.47417641e+00 0.00000000e+00
  5.57315016e+00 8.99052143e+00 1.53477323e+00 6.69928932e+00
  9.83089066e+00 2.56559086e+00 1.80554330e-01 4.25417215e-01
  9.84246159e+00 3.42595220e+00 6.81212091e+00 1.30730903e+00
  3.80321413e-01 0.00000000e+00 1.95469046e+00 4.84830350e-01
  1.16122608e+01 7.73238599e-01 2.43618035e+00 1.90171644e-01
  1.98419476e+00 6.74442387e+00 2.63981295e+00 1.33861041e+00
  3.23918080e+00 8.68994057e-01 1.61059782e-01 0.00000000e+00
  3.55581701e-01 5.85347056e-01 2.89400864e+00 2.05387045e-02
  1.98581803e+00 6.19505692e+00 6.11065483e+00 1.06703556e+00
  1.62549150e+00 1.63777918e-01 9.46457461e-02 1.18294466e+00
  5.79952836e-01 6.98462605e-01 1.02963982e+01 6.02149010e-01
  2.60310173e+00 1.97282906e+01 3.53841484e-01 4.51955050e-01
  2.58507657e+00 2.33143520e+00 5.54355478e+00 3.95719171e+00
  5.59479761e+00 0.00000000e+00 9.93165684e+00 0.00000000e+00
  0.00000000e+00 1.65523314e+00 0.00000000e+00 9.29989719e+00
  8.06196404e+00 4.60510068e-02 8.42650509e+00 5.96873713e+00
  3.38901901e+00 4.47205734e+00 6.33380592e-01 5.64935875e+00
  1.02042329e+00 6.42016754e-02 6.89468801e-01 7.84000492e+00
  2.05186009e+00 5.77570629e+00 3.71144176e+00 1.07111424e-01
  9.60273147e-01 5.62614381e-01 0.00000000e+00 1.60232735e+00
  1.77345082e-01 0.00000000e+00 2.33045006e+00 0.00000000e+00
  0.00000000e+00 4.25825739e+00 1.35003054e+00 5.84178977e-02
  8.34671617e-01 1.24838054e+00 1.51564991e+00 5.51110506e+00
  1.69478500e+00 1.60991216e+00 1.28542576e+01 5.80241740e-01
  1.26666874e-01 8.85013199e+00 0.00000000e+00 1.90751231e+00
  7.94319868e+00 1.02151942e+00 1.00860965e+00 2.94545674e+00
  1.81142658e-01 1.01940036e+00 7.91571379e+00 2.34494233e+00
  2.76339388e+00 1.65878141e+00 1.76012516e+00 0.00000000e+00
  5.06421804e+00 2.45865449e-01 2.11227149e-01 1.29631758e-01
  1.35978043e+00 7.85179663e+00 7.99602509e-01 1.03597164e+00
  4.84864855e+00 3.12421870e+00 4.08875036e+00 3.82440567e+00
  2.09961629e+00 2.49013090e+00 8.55496979e+00 5.65544605e-01
  4.85517412e-01 9.68245029e+00 1.95187080e+00 2.77152991e+00
  5.86278009e+00 1.03990451e-01 0.00000000e+00 2.15842962e+00
  7.60904980e+00 4.75716591e+00 2.72057676e+00 2.25257754e+00
  2.12490141e-01 4.30548713e-02 2.15324283e+00 1.84580624e-01
  1.18544674e+00 6.04689932e+00 9.24161613e-01 1.46395719e+00
  3.47527170e+00 1.49963260e-01 4.70737845e-01 5.33676624e+00
  3.67359519e+00 6.71691716e-01 3.08425903e+00 1.07251749e+01
  1.86380100e+00 5.68114996e+00 6.22527838e+00 5.61243534e+00
  1.21392965e+00 3.90645862e+00 0.00000000e+00 4.27969408e+00
  5.50735667e-02 0.00000000e+00 1.95324630e-01 1.63002098e+00
  3.19316566e-01 1.31394517e+00 6.77266642e-02 2.67481923e-01
  4.01614428e-01 1.52667022e+00 2.89733863e+00 1.27393767e-01
  1.32464540e+00 2.56319404e+00 8.42072773e+00 3.25551558e+00
  3.28014922e+00 2.54622173e+00 9.61114615e-02 0.00000000e+00
  1.45053458e+00 1.40312636e+00 4.25202280e-01 1.25590010e+01
  5.68854237e+00 3.52455139e-01 1.35557592e+00 2.18995118e+00
  2.70986259e-02 3.27599086e-02 3.29607129e+00 3.34304404e+00
  4.99275255e+00 7.92933404e-01 1.28999496e+00 3.84553862e+00
  8.51575732e-01 1.18821049e+01 6.77511120e+00 1.45489180e+00
  3.90100569e-01 1.05691183e+00 4.67496014e+00 2.68967700e+00
  9.77345228e-01 0.00000000e+00 2.27171469e+00 3.33055234e+00
  0.00000000e+00 1.97799015e+00 6.80593491e+00 2.31764525e-01
  7.88405418e-01 8.82708490e-01 2.24428892e+00 9.99020863e+00
  2.06615746e-01 4.53954268e+00 2.95376015e+00 2.95774603e+00
  6.28578758e+00 1.42061174e+00 1.93173516e+00 1.10706627e+00
  1.96996040e+01 2.16505453e-01 1.89803374e+00 3.88932991e+00
  1.35420570e+01 5.67179561e-01 2.02141690e+00 5.49209774e-01
  0.00000000e+00 1.17774093e+00 5.48197269e+00 5.17470390e-02]]