[[1.61987114e+00 1.51747656e+00 2.80916899e-01 0.00000000e+00
  4.69190255e-03 7.30889618e-01 5.92898369e+00 4.55756092e+00
  1.02715623e+00 2.47518033e-01 1.59811807e+00 4.89847660e-01
  3.07773137e+00 3.59401584e+00 6.88181281e-01 4.31679630e+00
  3.05158687e+00 0.00000000e+00 0.00000000e+00 1.19607067e+00
  0.00000000e+00 2.45794106e+00 5.81031561e+00 1.97075260e+00
  4.51753616e-01 4.03169632e+00 1.69468856e+00 2.93052578e+00
  2.82565308e+00 3.23735523e+00 1.93952942e+00 4.50562429e+00
  9.90933850e-02 3.34028292e+00 8.43882203e-01 5.25932312e-01
  2.31846809e+00 9.46593523e-01 3.42780280e+00 7.02446938e-01
  1.75677925e-01 4.10657644e-01 2.14900494e+00 4.36485147e+00
  7.18010128e-01 1.78164279e+00 4.65718299e-01 3.06112766e-01
  3.49775529e+00 1.28399062e+00 1.53380498e-01 1.39471400e+00
  1.58609636e-02 6.78306401e-01 2.18913174e+00 2.28703880e+00
  2.29591846e+00 6.85317945e+00 2.70443082e+00 1.01189792e+00
  0.00000000e+00 1.29450548e+00 5.02171183e+00 3.09987092e+00
  1.86786890e-01 1.60472906e+00 5.36579430e-01 4.25381374e+00
  1.66574264e+00 4.75102282e+00 2.28087187e+00 4.49341202e+00
  2.10855579e+00 9.04970074e+00 5.59075785e+00 2.35100222e+00
  6.25860617e-02 2.13345838e+00 3.62183094e-01 0.00000000e+00
  0.00000000e+00 7.51741171e+00 3.98424101e+00 6.22612476e+00
  9.54977131e+00 6.62370014e+00 9.80191529e-02 1.54685271e+00
  4.51758528e+00 1.44165635e+00 3.60597467e+00 1.46553767e+00
  0.00000000e+00 2.63410115e+00 1.14295876e+00 2.36249372e-01
  3.86979914e+00 2.76386523e+00 5.47099686e+00 2.82398367e+00
  3.34884107e-01 1.61645520e+00 3.82027459e+00 3.47492385e+00
  8.57643425e-01 4.22969151e+00 5.81925631e+00 0.00000000e+00
  3.54757762e+00 1.20984697e+00 2.16411471e+00 6.99675262e-01
  1.42979133e+00 0.00000000e+00 9.83760297e-01 5.95448792e-01
  9.00642574e-01 1.26621890e+00 1.70667529e-01 1.00984025e+00
  8.82907391e-01 4.72348881e+00 2.88646650e+00 1.46513271e+01
  1.17648780e+00 4.36704874e+00 7.47647345e-01 1.70070040e+00
  6.82293177e-01 4.06171942e+00 7.54277587e-01 2.96374768e-01
  1.62015457e+01 1.54954493e+00 5.67597747e-01 2.06999278e+00
  5.94702196e+00 2.83745795e-01 1.09576106e+00 7.59940434e+00
  2.27536821e+00 1.63324475e-01 6.01435006e-01 5.92133617e+00
  1.22130847e+00 7.65079677e-01 2.48663831e+00 2.63959980e+00
  0.00000000e+00 4.38134491e-01 6.25665933e-02 6.02879810e+00
  1.59352529e+00 3.93216968e+00 7.53517926e-01 3.41555774e-01
  1.76558173e+00 6.83072627e-01 2.02166319e-01 3.01401591e+00
  4.83677417e-01 8.42250443e+00 3.23144937e+00 5.56753855e-03
  2.66527009e+00 8.43586802e-01 0.00000000e+00 6.35033250e-01
  9.83516872e-01 1.75280142e+00 1.19933343e+00 1.90895331e+00
  2.04713750e+00 8.83941841e+00 1.07767105e+00 0.00000000e+00
  0.00000000e+00 1.81172285e-02 9.81005764e+00 6.17905807e+00
  7.01359093e-01 5.67158580e-01 5.63950121e-01 6.44329906e-01
  1.43472540e+00 1.26305664e+00 1.97834063e+00 2.12719965e+00
  1.31041825e+00 3.49428684e-01 8.91668987e+00 3.98108721e+00
  1.62297416e+00 4.03793907e+00 9.30339098e-01 1.03061781e+01
  1.65640628e+00 7.20561504e+00 3.61625671e+00 0.00000000e+00
  3.24960017e+00 7.65352607e-01 2.91535544e+00 4.09905720e+00
  1.95586157e+00 2.26265121e+00 0.00000000e+00 1.56142104e+00
  3.41834283e+00 1.75952315e+00 1.68151155e-01 2.32079864e+00
  2.18944162e-01 3.52791023e+00 3.93711478e-01 2.29532456e+00
  2.13015962e+00 6.23921490e+00 3.07067484e-01 5.55518448e-01
  3.27093720e+00 3.17924023e+00 2.26689264e-01 0.00000000e+00
  6.83026090e-02 3.06277347e+00 1.18188822e+00 5.06517172e+00
  3.79517317e-01 2.60937786e+00 1.94109952e+00 6.03494453e+00
  0.00000000e+00 0.00000000e+00 3.81496131e-01 2.97859406e+00
  5.28477430e+00 1.41451275e+00 4.86750394e-01 1.43614256e+00
  2.30648279e+00 3.85583425e+00 8.94241869e-01 3.17774558e+00
  3.84517759e-01 2.64922929e+00 8.04560089e+00 1.08248758e+00
  1.00416589e+00 1.49658365e+01 2.02358127e+00 7.84215450e-01
  6.12804937e+00 8.46591377e+00 4.52532470e-01 0.00000000e+00
  1.06631875e+00 2.93765813e-01 6.58233023e+00 8.06044006e+00
  1.45321035e+00 2.01649010e-01 1.15005240e-01 3.88071275e+00
  7.67018461e+00 0.00000000e+00 5.25854051e-01 1.81223333e+00
  3.82578087e+00 1.17466487e-01 5.01386642e+00 0.00000000e+00
  4.41282690e-01 6.37646866e+00 6.03653288e+00 1.61349118e+00
  2.08822346e+00 1.77771771e+00 0.00000000e+00 6.92958236e-01
  3.28351164e+00 1.15609193e+00 7.83286989e-01 1.12642026e+00
  3.20443034e+00 2.68662989e-01 2.24108624e+00 1.98111618e+00
  3.69819045e+00 2.43507552e+00 2.87380385e+00 0.00000000e+00
  5.85822535e+00 1.19899726e+00 3.45541048e+00 3.55173111e-01
  1.36188662e+00 1.21335542e+00 1.46191951e-03 3.25301021e-01
  1.19617195e+01 1.97103131e+00 7.17108154e+00 0.00000000e+00
  3.35146284e+00 3.94392323e+00 9.13619280e-01 1.49538302e+00
  1.70905602e+00 1.64270714e-01 1.86663103e+00 4.74510288e+00
  1.26561928e+00 3.74382210e+00 3.58629078e-01 2.55189276e+00
  3.39924097e+00 8.58396721e+00 7.37654090e-01 1.75572002e+00
  2.08839464e+00 1.19556694e+01 6.26037598e+00 6.65033913e+00
  2.22575808e+00 4.11396170e+00 4.47540045e+00 1.18581021e+00
  4.40250921e+00 3.11900830e+00 1.74931502e+00 1.59863904e-01
  2.52071929e+00 1.40876547e-01 5.66135693e+00 1.90664840e+00
  1.09524906e+00 3.55716515e+00 3.57162285e+00 2.41252518e+00
  3.90162539e+00 8.87686163e-02 6.82408571e-01 4.21894360e+00
  2.25909305e+00 1.47884321e+00 5.21192729e-01 4.21988058e+00
  1.95884454e+00 0.00000000e+00 0.00000000e+00 1.58832765e+00
  1.47156823e+00 2.04909910e-02 1.11328721e+00 1.07853198e+00
  1.17802083e+00 1.03466349e+01 6.16719782e-01 5.93880534e-01
  7.75429678e+00 0.00000000e+00 1.17158830e+00 7.88045883e+00
  4.57649469e+00 2.46982026e+00 1.23393173e+01 0.00000000e+00
  0.00000000e+00 2.20430827e+00 9.24138963e-01 1.59968150e+00
  1.27448931e+01 4.60829169e-01 1.04284430e+00 2.44466949e+00
  1.66704261e+00 4.37029600e+00 5.30652094e+00 2.20783305e+00
  1.70355892e+00 1.03443646e+00 1.75190985e+00 2.37906742e+00
  5.33318758e+00 5.16275942e-01 1.72657716e+00 0.00000000e+00
  1.49294853e+00 8.02455425e+00 6.42798603e-01 9.22524810e-01
  0.00000000e+00 8.38446319e-02 2.20426345e+00 2.44655681e+00
  3.36039042e+00 5.43048525e+00 5.12582970e+00 1.47459537e-01
  2.00303221e+00 1.01086922e+01 2.41244175e-02 4.10569000e+00
  9.20096397e+00 3.40270489e-01 0.00000000e+00 4.24665928e-01
  3.91402006e+00 1.67183721e+00 2.10756087e+00 7.00557558e-03
  5.53797223e-02 4.61139381e-02 3.15220267e-01 2.12586784e+00
  2.82669753e-01 5.02270555e+00 2.11054087e+00 1.22657359e+00
  9.07724977e-01 1.95737407e-01 2.05852532e+00 7.63582182e+00
  1.54422975e+00 4.97530252e-01 4.76447964e+00 1.43510842e+00
  0.00000000e+00 2.68948531e+00 3.30704308e+00 2.84567547e+00
  1.58916674e+01 6.86870337e-01 0.00000000e+00 1.49068642e+00
  5.83223224e-01 4.15753424e-01 3.17458600e-01 1.30448163e+00
  3.20724177e+00 1.80032372e-01 5.73197782e-01 3.32824230e+00
  0.00000000e+00 6.55166209e-01 2.34589219e+00 1.16861224e+00
  7.09726930e-01 2.22787812e-01 5.81096485e-02 6.08493471e+00
  3.56715870e+00 2.64268517e+00 1.08775556e+00 3.79587054e-01
  4.45093966e+00 1.97829735e+00 2.50399590e+00 2.14089179e+00
  4.55388260e+00 2.67704669e-02 4.97332990e-01 4.78808373e-01
  6.59394741e-01 3.89619040e+00 1.11878887e-02 6.84574366e-01
  9.87717152e+00 2.28011894e+00 1.16485715e+00 4.52706099e+00
  1.40751076e+00 6.49896574e+00 1.77966404e+00 2.51644468e+00
  0.00000000e+00 2.90250874e+00 4.60473680e+00 3.86025429e+00
  6.56970680e-01 3.02510977e-01 1.21167564e+00 1.33105564e+00
  0.00000000e+00 5.95806658e-01 0.00000000e+00 2.19179797e+00
  1.75459281e-01 3.59979129e+00 4.33732653e+00 1.06608238e+01
  2.58472466e+00 9.49754655e-01 2.87234211e+00 1.92199302e+00
  4.49803543e+00 4.66058588e+00 2.86493659e-01 1.39509642e+00
  1.78763366e+00 6.71807885e-01 1.46171129e+00 7.12510586e-01
  3.92262340e+00 5.36202967e-01 3.51959944e+00 1.32307887e+00
  4.11370087e+00 1.18185842e+00 7.68142223e+00 2.53399229e+00]]