[[1.50828087e+00 1.48964226e-01 1.83899271e+00 7.35385790e-02
  9.60300207e-01 7.34915018e+00 2.08410525e+00 1.22996128e+00
  3.98476608e-02 5.65876722e-01 2.23974276e+00 9.46476996e-01
  1.94421697e+00 3.69676304e+00 2.28927732e+00 1.14141130e+00
  1.35522857e-01 4.58380878e-02 1.00057982e-01 4.41619968e+00
  9.26245809e-01 7.41751099e+00 6.28138828e+00 0.00000000e+00
  1.04927397e+00 7.92914963e+00 0.00000000e+00 3.45574230e-01
  6.67532563e-01 0.00000000e+00 0.00000000e+00 8.55443552e-02
  1.13793445e+00 2.69447708e+00 0.00000000e+00 2.04227686e+00
  7.72881806e-01 1.10012248e-01 3.78748465e+00 2.27720618e-01
  3.77987361e+00 1.36714435e+00 8.51670086e-01 1.66811073e+00
  0.00000000e+00 7.20515668e-01 1.31380931e-01 4.15869427e+00
  4.14420557e+00 2.51526833e+00 1.13013363e+00 3.90217215e-01
  6.61030114e-01 1.03615828e-01 4.37922621e+00 4.47579145e+00
  1.40590465e+00 2.52695441e-01 9.16569233e-01 2.37512767e-01
  3.66962504e+00 1.03042388e+00 8.44189167e+00 6.97363520e+00
  9.40540075e-01 1.73111570e+00 0.00000000e+00 6.82334423e+00
  0.00000000e+00 3.47823501e+00 3.86492634e+00 9.66520488e-01
  0.00000000e+00 2.44275856e+00 2.06519079e+00 3.73465395e+00
  4.31802943e-02 9.12450910e-01 1.48394048e-01 2.88827729e+00
  1.16361968e-01 4.50259179e-01 5.62354088e+00 1.61288589e-01
  1.63772869e+00 4.57861900e+00 4.48791414e-01 2.29898977e+00
  6.10866725e-01 3.16057801e-01 3.69737530e+00 1.44380128e+00
  2.99402326e-01 1.39506888e+00 6.55558538e+00 4.99540605e-02
  1.70729625e+00 1.67451763e+00 2.55071378e+00 3.49995232e+00
  5.13432503e-01 7.36965239e-01 4.07279301e+00 5.42345166e-01
  0.00000000e+00 1.60586512e+00 3.24145007e+00 1.79428136e+00
  0.00000000e+00 2.89197117e-01 1.05545819e+00 1.44687736e+00
  0.00000000e+00 0.00000000e+00 1.68030155e+00 1.21435389e-01
  2.00655508e+00 2.59110022e+00 1.19845402e+00 2.10470295e+00
  5.81906319e-01 5.36642456e+00 1.48955417e+00 1.16632195e+01
  1.68956776e+01 1.32677269e+00 2.04515743e+00 1.51760101e+00
  8.55545819e-01 8.55082989e+00 8.51722479e-01 3.03517163e-01
  9.71988964e+00 1.99673712e-01 0.00000000e+00 1.62808418e-01
  5.01908362e-01 5.74565983e+00 3.82355213e-01 3.38248491e-01
  1.76812422e+00 6.95409700e-02 1.48489594e+00 1.38850403e+00
  7.93872416e-01 0.00000000e+00 1.57180941e+00 7.28467226e-01
  7.69144118e-01 8.51420820e-01 1.04045801e-01 1.10468149e+00
  2.62701631e+00 8.89624581e-02 1.77688047e-01 5.91288693e-02
  4.51012641e-01 1.41142696e-01 3.73538107e-01 3.82600427e+00
  0.00000000e+00 1.78478158e+00 5.39409220e-01 0.00000000e+00
  9.19219017e-01 2.09252524e+00 0.00000000e+00 6.39660716e-01
  4.88678873e-01 1.45820534e+00 1.97654724e+00 0.00000000e+00
  5.92034149e+00 1.17940426e+01 1.53117824e+00 1.04649949e+00
  1.00150309e+01 0.00000000e+00 9.90835094e+00 2.63917518e+00
  0.00000000e+00 3.49645242e-02 1.91868281e+00 7.09495544e-01
  4.04052734e+00 9.65410322e-02 1.94331968e+00 3.59057498e+00
  1.73013663e+00 4.69944745e-01 1.48607123e+00 2.02960260e-02
  8.08707893e-01 9.43783665e+00 1.59306526e+00 2.90597439e-01
  4.13919538e-01 1.13358700e+00 1.42199125e+01 0.00000000e+00
  2.98474622e+00 0.00000000e+00 6.99108934e+00 1.90583444e+00
  5.56588411e+00 2.38559866e+00 3.82441700e-01 8.22123289e-01
  4.62328941e-01 4.59354353e+00 2.36277789e-01 1.88989902e+00
  1.02864400e-01 2.75746036e+00 7.42518187e-01 0.00000000e+00
  1.45397508e+00 2.12669432e-01 1.12620616e+00 1.23758888e+00
  2.03347087e+00 3.06595850e+00 1.07204512e-01 0.00000000e+00
  5.23327291e-01 8.86275828e-01 1.90828049e+00 5.81667757e+00
  5.71566045e-01 1.39826000e+00 9.05801868e+00 2.32142043e+00
  1.86416149e+00 2.75799334e-01 1.11362785e-01 6.09246671e-01
  5.00325322e-01 4.44180584e+00 1.14007258e+00 8.51203740e-01
  4.37123448e-01 4.73157763e-01 2.32795501e+00 3.76163840e+00
  1.12361896e+00 9.52611256e+00 1.11174278e+01 3.26631337e-01
  3.01130891e+00 2.18696952e+00 1.05322564e+00 2.00316608e-01
  2.89035648e-01 8.18056488e+00 2.31895471e+00 0.00000000e+00
  1.93784222e-01 1.44758666e+00 2.27610803e+00 3.90411043e+00
  1.78286694e-02 4.99420166e-01 0.00000000e+00 7.91661143e-01
  1.68302190e+00 1.36554170e+00 0.00000000e+00 2.52323300e-01
  5.03147316e+00 8.26126710e-02 3.09623599e+00 0.00000000e+00
  1.05804317e-01 7.52672017e-01 4.01672506e+00 2.04525399e+00
  2.11550903e+00 8.16219926e-01 0.00000000e+00 2.44083032e-01
  4.28738356e+00 5.64112282e+00 1.20090122e+01 1.97468626e+00
  8.32691014e-01 1.70628026e-01 1.29774559e+00 2.63210893e+00
  1.27825344e+00 8.74405980e-01 0.00000000e+00 2.12913132e+00
  4.87571669e+00 3.20626521e+00 1.84598041e+00 1.68827906e-01
  2.69369744e-02 1.87835842e-02 2.98940444e+00 0.00000000e+00
  5.41358423e+00 7.15648353e-01 3.70439935e+00 0.00000000e+00
  1.83289707e+00 3.78030467e+00 4.16490972e-01 6.96136534e-01
  2.19319797e+00 0.00000000e+00 3.11539435e+00 1.28944743e+00
  7.92514861e-01 1.34788859e+00 9.72324467e+00 0.00000000e+00
  1.82338548e+00 4.43518543e+00 2.75260425e+00 0.00000000e+00
  1.31557524e+00 3.90067482e+00 1.71189737e+00 2.98452950e+00
  4.80567396e-01 4.55890322e+00 8.11481667e+00 3.52634716e+00
  1.08317375e-01 3.37550569e+00 1.69705972e-01 2.25124264e+00
  1.27288327e-02 0.00000000e+00 1.80663538e+00 2.96633530e+00
  0.00000000e+00 1.32855625e+01 1.30752563e+00 3.69678116e+00
  4.35956359e-01 0.00000000e+00 1.00380385e+00 6.78131342e-01
  7.99048364e-01 6.55525267e-01 7.35112071e-01 0.00000000e+00
  2.51629066e+00 0.00000000e+00 9.18480307e-02 0.00000000e+00
  5.82743454e+00 2.05616570e+00 3.94210339e+00 6.39739037e-01
  1.43562868e-01 7.11091757e+00 7.16235638e-01 4.80859607e-01
  4.48364168e-01 0.00000000e+00 1.50312856e-01 2.31484079e+00
  8.96794415e+00 9.40607429e-01 8.46102238e+00 2.86169678e-01
  0.00000000e+00 0.00000000e+00 0.00000000e+00 0.00000000e+00
  1.11378536e+01 3.57704282e+00 2.07273304e-01 1.18201387e+00
  3.44022512e+00 7.95475245e+00 3.12449247e-01 3.10319328e+00
  1.14210339e+01 5.25774062e-01 2.65631294e+00 2.76471376e+00
  2.17944670e+00 8.52648675e-01 3.64814258e+00 0.00000000e+00
  1.99599117e-02 9.45362854e+00 2.99859464e-01 4.09351254e+00
  8.24056053e+00 1.46687135e-01 1.40697885e+00 3.34208465e+00
  1.93444526e+00 1.67248583e+00 5.54655504e+00 2.26880193e+00
  5.72016382e+00 5.38970137e+00 0.00000000e+00 3.22693157e+00
  5.57998466e+00 2.90587425e+00 1.26307154e+00 1.62715709e+00
  0.00000000e+00 4.70011353e-01 7.21272290e-01 7.54779220e-01
  5.94208896e-01 1.51060696e+01 0.00000000e+00 2.51098394e+00
  1.87459147e+00 2.72955477e-01 1.03022538e-01 1.88407552e+00
  0.00000000e+00 3.09877634e-01 2.73876619e+00 4.26189327e+00
  1.81046963e+00 2.45980084e-01 9.18241787e+00 6.99684322e-01
  0.00000000e+00 2.14946842e+00 3.82367158e+00 2.19172835e+00
  5.87644291e+00 1.49205947e+00 2.54188836e-01 4.74107325e-01
  5.73444307e-01 2.08076930e+00 1.21166483e-01 2.90820837e+00
  4.58250427e+00 0.00000000e+00 9.42141235e-01 3.51656866e+00
  2.98791081e-01 6.29814982e-01 4.86812234e-01 3.64231300e+00
  3.64542514e-01 1.11491615e-02 0.00000000e+00 1.76504230e+00
  2.35866070e+00 3.26618850e-01 1.70582786e-01 3.04750085e-01
  9.34291172e+00 3.43958884e-01 9.37792540e-01 7.86123499e-02
  4.09247398e+00 8.88711587e-02 1.14969552e+00 2.92986274e-01
  3.17727780e+00 2.16762185e-01 0.00000000e+00 4.37691402e+00
  2.19183803e+00 3.99249077e+00 2.01707888e+00 4.64786816e+00
  2.24975014e+00 5.17829847e+00 4.87957382e+00 1.12856269e+00
  3.40448245e-02 2.39496660e+00 1.58274293e-01 4.91970927e-01
  0.00000000e+00 8.79201293e-02 1.68772340e+00 1.09314175e+01
  0.00000000e+00 0.00000000e+00 5.95189929e-02 1.16856344e-01
  0.00000000e+00 2.40807700e+00 2.69207287e+00 2.70803332e+00
  2.55862713e+00 1.95844936e+00 1.22559762e+00 1.35083413e+00
  1.74654019e+00 1.21371307e+01 4.53724003e+00 1.14825726e+00
  6.85683346e+00 8.46726775e-01 7.10118890e-01 0.00000000e+00
  9.26225090e+00 1.81189418e+00 1.88911705e+01 2.47917962e+00
  2.67898679e+00 2.42246509e-01 2.04495597e+00 0.00000000e+00]]