[[3.22839761e+00 2.83051896e+00 4.90006876e+00 4.57409829e-01
  7.44430542e-01 3.43379235e+00 3.18645525e+00 1.84679198e+00
  7.31757581e-01 1.36391234e+00 4.65872669e+00 1.07804766e+01
  6.75648594e+00 6.62692845e-01 2.19598055e-01 2.42881370e+00
  6.79048252e+00 1.05777144e+00 2.06001830e+00 4.57311773e+00
  5.12555647e+00 3.21039462e+00 3.55032992e+00 1.14457426e+01
  1.51749420e+00 1.75439954e+00 4.19865656e+00 1.86492836e+00
  4.27791214e+00 6.61667299e+00 4.03134871e+00 1.67907369e+00
  0.00000000e+00 6.82566881e+00 2.30548054e-01 0.00000000e+00
  3.98588324e+00 7.14504346e-02 1.13632643e+00 4.17368555e+00
  9.66106415e+00 4.89306068e+00 3.57805896e+00 3.80614400e+00
  2.83709615e-01 7.24859629e-03 1.95372939e+00 0.00000000e+00
  5.36471367e+00 1.69184780e+00 6.81511402e-01 6.89593363e+00
  2.35692096e+00 2.30078554e+00 2.37640405e+00 1.72614896e+00
  3.73297119e+00 4.31011152e+00 2.04723835e+00 6.04873836e-01
  3.63302082e-01 3.07318807e+00 9.00042820e+00 6.29772329e+00
  1.24219151e+01 1.60927129e+00 0.00000000e+00 5.31367302e-01
  4.61211109e+00 6.17379141e+00 4.43478966e+00 7.57751083e+00
  1.81435859e+00 3.00987744e+00 7.37617207e+00 7.36496747e-01
  1.41516373e-01 1.69006795e-01 2.40691900e+00 4.33188486e+00
  6.77637041e-01 9.06739426e+00 4.17989779e+00 5.31244230e+00
  1.07630911e+01 4.87214327e+00 2.70602733e-01 2.72679138e+00
  5.96568680e+00 1.14950442e+00 4.78768396e+00 1.75046599e+00
  3.76087874e-02 8.02436447e+00 5.46533537e+00 3.08718681e+00
  1.31634736e+00 4.08506536e+00 1.23445320e+01 3.70346284e+00
  1.07300675e+00 1.47888863e+00 1.16077268e+00 1.04146776e+01
  9.16400969e-01 1.10791779e+01 0.00000000e+00 2.22577858e+00
  4.49118090e+00 1.04603279e+00 2.19076252e+00 2.08855510e-01
  6.22624731e+00 2.60723948e+00 3.91716099e+00 7.08088338e-01
  5.60616398e+00 1.96881020e+00 5.51789775e-02 2.60761902e-02
  5.12317848e+00 5.44952774e+00 4.29254234e-01 1.03800087e+01
  3.82764769e+00 3.46709418e+00 7.47204900e-01 8.74548912e-01
  5.33734858e-01 1.72907906e+01 4.15199566e+00 2.49881363e+00
  9.09245872e+00 4.08112574e+00 2.69196653e+00 4.41637945e+00
  6.10827589e+00 6.67292833e+00 6.32100677e+00 1.32756948e+00
  2.90745735e+00 3.99091101e+00 1.80131173e+00 3.51008773e+00
  5.45585537e+00 5.16097009e-01 5.26333237e+00 7.93870783e+00
  4.69872189e+00 5.43391180e+00 2.14486313e+00 7.83351612e+00
  3.65796150e-05 3.01970553e+00 7.10235417e-01 1.95710289e+00
  2.49171472e+00 1.41630709e+00 1.07280850e+00 4.20080185e+00
  3.36363959e+00 5.84829092e+00 2.12387514e+00 2.93906260e+00
  5.50068903e+00 1.85116577e+00 1.93170178e+00 0.00000000e+00
  1.09385657e+00 5.02729654e+00 8.69971514e-02 2.52373743e+00
  4.27409649e+00 1.72816372e+00 1.89559090e+00 1.16541424e+01
  9.52353835e-01 6.60713577e+00 3.09014273e+00 2.43612027e+00
  8.78589571e-01 6.73514754e-02 4.17274523e+00 0.00000000e+00
  9.56386757e+00 6.81194603e-01 1.15534270e+00 1.69126701e+00
  5.81610775e+00 1.31993895e+01 4.93839645e+00 3.19276762e+00
  1.28039932e+00 5.51310778e+00 1.06040895e+00 1.53152657e+00
  2.35185337e+00 1.13283777e+01 2.60507822e+00 8.32073784e+00
  4.69128990e+00 1.15866823e+01 4.53510189e+00 5.35784340e+00
  0.00000000e+00 2.04357719e+00 3.57256740e-01 8.08871937e+00
  4.26897192e+00 1.18392820e+01 1.97448337e+00 1.38668227e+00
  1.84703386e+00 8.46567631e-01 9.32006359e+00 1.04287601e+00
  2.56802607e+00 0.00000000e+00 1.49611995e-01 1.57063389e+00
  5.00609589e+00 5.73318911e+00 5.64179325e+00 2.72920370e-01
  8.60772038e+00 8.00617409e+00 9.85350966e-01 1.31729374e+01
  0.00000000e+00 1.76452887e+00 4.40453053e-01 2.51000667e+00
  2.50644350e+00 0.00000000e+00 5.49321294e-01 3.45231199e+00
  1.36653233e+01 1.60097337e+00 1.82323036e+01 2.24621248e+00
  2.64470434e+00 2.77603745e+00 3.84039903e+00 5.75548983e+00
  1.91230333e+00 9.35415745e+00 2.93714619e+00 8.12202549e+00
  1.38983500e+00 8.93837154e-01 1.11237507e+01 6.05586886e-01
  1.06511474e+00 1.64481366e+00 3.54562378e+00 2.92728233e+00
  4.13982868e+00 6.66963980e-02 1.04217303e+00 1.03524697e+00
  4.20670557e+00 0.00000000e+00 1.71847382e+01 3.20566446e-01
  3.62229633e+00 0.00000000e+00 3.90267229e+00 3.88142157e+00
  9.95217419e+00 3.74977422e+00 5.87060976e+00 0.00000000e+00
  2.04078960e+00 1.84179592e+00 2.85561037e+00 9.88085628e-01
  2.53868198e+00 1.25221395e+01 6.88183546e+00 4.70177710e-01
  1.00399094e+01 1.69164639e+01 5.93623590e+00 2.88146973e+00
  2.02218986e+00 2.90863901e-01 2.09008141e+01 3.19266796e+00
  1.24881477e+01 1.33160818e+00 3.75988674e+00 5.44816113e+00
  2.41883874e+00 1.22779250e+00 4.46879387e+00 1.29854326e+01
  7.06647396e-01 7.28862238e+00 1.89961278e+00 2.77255034e+00
  5.78455567e-01 7.41507339e+00 8.40529346e+00 3.26504499e-01
  2.71405220e+00 2.43644738e+00 1.87087078e+01 3.06785941e-01
  1.33636379e+00 4.42200613e+00 2.91893929e-01 1.05486202e+01
  9.41402435e-01 8.62191868e+00 7.22737885e+00 5.98773146e+00
  2.42377543e+00 1.05772495e+01 2.19356894e+00 1.33474982e+00
  3.49457979e+00 1.38023412e+00 2.83102894e+00 1.99800229e+00
  1.38607788e+00 4.27274418e+00 8.26095104e+00 3.67328405e+00
  6.27799082e+00 2.03737572e-01 3.70375896e+00 2.10870790e+00
  2.05683613e+00 6.68966484e+00 6.06849766e+00 1.49652147e+01
  7.44559526e+00 4.53317022e+00 4.43266201e+00 2.90357065e+00
  1.07188644e+01 8.64677057e-02 7.21510029e+00 3.29478443e-01
  1.08695090e+00 2.68577647e+00 4.08767366e+00 3.24862576e+00
  0.00000000e+00 6.88234186e+00 1.69978797e+00 3.75329518e+00
  3.28612590e+00 2.52578855e+00 2.67579269e+00 1.12541997e+00
  8.29823494e+00 3.49934459e+00 7.38602161e-01 6.73466253e+00
  3.87989378e+00 2.04443049e+00 1.41300046e+00 2.44633651e+00
  7.01457739e-01 4.85358143e+00 7.99866199e+00 6.57310772e+00
  5.32811499e+00 7.07344055e-01 4.64539826e-01 5.69150925e+00
  5.46848345e+00 1.91635525e+00 5.17541051e-01 9.13004637e-01
  9.18125689e-01 1.05926478e+00 2.04564548e+00 1.76757669e+00
  1.09274757e+00 1.21252317e+01 2.65726042e+00 2.00013161e+00
  1.34794645e+01 0.00000000e+00 3.12117410e+00 6.08562171e-01
  2.12908387e+00 5.53191471e+00 3.67729783e+00 1.13803816e+00
  7.69388628e+00 3.27558565e+00 0.00000000e+00 4.87747103e-01
  1.16764867e+00 3.31031632e+00 1.16469231e+01 8.93159270e-01
  5.48200512e+00 3.87652707e+00 3.85572243e+00 5.04651117e+00
  1.13119125e+01 4.64780509e-01 1.60160542e+00 1.41636282e-01
  4.27393627e+00 2.20257664e+00 1.58341932e+00 4.36542940e+00
  4.73491967e-01 0.00000000e+00 9.62611103e+00 5.64594555e+00
  6.56584442e-01 2.27354503e+00 1.17176895e+01 1.04146278e+00
  2.36292982e+00 3.55973572e-01 1.67505527e+00 7.76440203e-01
  1.01494598e+00 2.44893813e+00 2.61417007e+00 4.38943356e-01
  1.38481617e+00 2.29096150e+00 5.13464880e+00 3.16430640e+00
  2.25152731e+00 3.57971025e+00 0.00000000e+00 3.01553965e+00
  3.12886786e+00 1.40581775e+00 6.66742921e-01 2.34438825e+00
  2.42629075e+00 1.09714584e+01 2.14425993e+00 4.64794159e+00
  5.46534634e+00 2.57110834e+00 3.53207397e+00 6.03790617e+00
  7.76539087e+00 8.84154987e+00 4.59222412e+00 5.21656275e+00
  6.14552450e+00 9.54427361e-01 2.15002465e+00 2.78519709e-02
  5.93460679e-01 2.88432837e-01 7.06304669e-01 1.44301634e+01
  6.60703957e-01 1.64466870e+00 3.96051621e+00 2.67075586e+00
  2.82410812e+00 6.14058971e+00 1.26460667e+01 3.91372919e+00
  2.24584579e+00 1.09086573e+00 3.06581140e+00 5.64719486e+00
  1.20233955e+01 9.77392197e+00 1.70709148e-01 9.47077394e-01
  1.40109167e-01 0.00000000e+00 2.81653643e+00 0.00000000e+00
  6.54891372e-01 5.47884130e+00 5.46509552e+00 1.57386795e-01
  7.69808769e+00 6.42204046e+00 0.00000000e+00 5.51724911e+00
  1.61406112e+00 1.27993309e+00 7.49171591e+00 5.88607311e+00
  1.64153707e+00 5.60450649e+00 7.43294096e+00 1.23408365e+00
  3.92376208e+00 2.38560009e+00 5.58560228e+00 0.00000000e+00
  1.15995512e+01 7.59287179e-01 8.53522682e+00 1.57465863e+00
  2.05199695e+00 4.16924238e-01 1.86604762e+00 9.59029555e-01
  3.50895405e+00 1.33428555e+01 8.69615841e+00 1.24291874e-01]]