[[1.84275341e+00 0.00000000e+00 0.00000000e+00 0.00000000e+00
  7.16305077e-01 8.41441154e+00 1.23636365e+00 1.25490099e-01
  2.33871269e+00 1.42163426e-01 2.82956153e-01 2.13473535e+00
  3.31375432e+00 3.45876503e+00 0.00000000e+00 1.60084617e+00
  3.91122699e-01 0.00000000e+00 1.22560406e+00 2.31719184e+00
  2.24110293e+00 9.55667782e+00 2.02931002e-01 1.17291868e+00
  1.49419153e+00 7.91247892e+00 6.12355709e-01 2.38269067e+00
  2.46505588e-01 3.64267707e-01 6.42013967e-01 8.13225031e-01
  2.09333688e-01 6.18948793e+00 1.94305107e-01 2.24511642e-02
  6.47223091e+00 5.12234792e-02 5.62202978e+00 1.45102426e-01
  2.14675865e+01 1.99050829e-01 1.92147565e+00 1.13082135e+00
  7.22347021e-01 2.25739554e-01 7.07987905e-01 7.89226055e-01
  5.80092192e+00 1.08645105e+00 4.55776185e-01 7.38208592e-01
  7.71576464e-01 1.13415551e+00 1.99972796e+00 5.91700435e-01
  4.46258688e+00 3.44740272e+00 7.18461037e-01 8.33102129e-03
  2.30649281e+00 1.43065071e+00 1.64194691e+00 5.83920908e+00
  1.66320547e-01 4.48804903e+00 6.72164440e+00 1.03128994e+00
  4.33088273e-01 4.82801723e+00 7.77776623e+00 2.17936397e+00
  1.41644681e+00 2.06192851e+00 2.25628281e+00 1.59572518e+00
  2.41299883e-01 3.34407949e+00 0.00000000e+00 2.19030237e+00
  6.62483156e-01 1.14568889e+00 3.58233547e+00 0.00000000e+00
  4.37962151e+00 1.57542503e+00 3.90311241e+00 2.46008968e+00
  4.89584494e+00 0.00000000e+00 3.31348658e-01 1.88832462e+00
  1.25589871e+00 1.35456944e+00 1.54912723e-02 6.44024685e-02
  2.36515217e-02 5.31414330e-01 0.00000000e+00 1.53658361e+01
  1.32250631e+00 8.90910149e-01 3.83989692e+00 7.03921270e+00
  0.00000000e+00 4.34624004e+00 2.27671638e-01 1.24080777e+00
  0.00000000e+00 4.73632216e-01 3.77968836e+00 1.71718132e+00
  1.29589856e-01 3.33322668e+00 4.60034817e-01 3.76927048e-01
  5.95592117e+00 2.53475809e+00 3.61710382e+00 3.27272177e-01
  0.00000000e+00 0.00000000e+00 2.16048256e-01 1.19849005e+01
  1.07621968e+00 9.29472327e-01 5.36802232e-01 8.38686109e-01
  5.84757328e+00 3.28372788e+00 2.74999857e-01 2.83486210e-02
  8.77975178e+00 2.96246521e-02 0.00000000e+00 9.93808746e-01
  4.24654216e-01 7.40142107e-01 4.01912212e+00 8.36090863e-01
  7.66749382e-01 0.00000000e+00 2.06822157e+00 2.81447434e+00
  5.18107831e-01 1.57915938e+00 4.20845795e+00 4.47582513e-01
  1.06736384e-01 2.51196194e+00 1.53508234e+00 3.11007857e+00
  1.40675700e+00 5.02653122e-02 2.18887836e-01 1.86800730e+00
  3.75001490e-01 2.83919096e+00 7.77930260e-01 2.24821663e+00
  1.21025648e-03 1.93919313e+00 1.28565252e+00 3.65159845e+00
  7.10372627e-01 1.77617991e+00 2.14365363e-01 3.12288857e+00
  6.04699105e-02 1.51044977e+00 1.75288215e-01 0.00000000e+00
  7.54782438e+00 1.53392878e+01 1.36169195e+00 1.23453128e+00
  1.81064919e-01 0.00000000e+00 2.84119225e+00 5.73287106e+00
  3.01651502e+00 4.74054456e-01 2.02974105e+00 1.98748693e-01
  2.01894093e+00 2.28776383e+00 6.76059389e+00 3.73583174e+00
  1.97628140e+00 4.33253944e-01 3.56871104e+00 0.00000000e+00
  0.00000000e+00 8.01721096e+00 2.85011269e-02 1.20978229e-01
  3.65179276e+00 9.91541481e+00 3.86178076e-01 0.00000000e+00
  2.20177031e+00 3.50721240e-01 1.57083571e+00 1.06551923e-01
  3.50274944e+00 1.17316043e+00 3.29382563e+00 3.90743232e+00
  1.52374303e+00 1.06156807e+01 2.74763680e+00 2.74932712e-01
  0.00000000e+00 1.73786664e+00 1.34440958e+00 0.00000000e+00
  3.00542694e-02 6.29654348e-01 8.16013396e-01 2.79503894e+00
  5.50359249e-01 8.33795452e+00 2.01356435e+00 1.41949832e+00
  9.09912288e-01 4.18216181e+00 3.20529565e-02 3.16375232e+00
  1.60785317e+00 3.69164610e+00 2.46684027e+00 2.21571159e+00
  2.60514528e-01 2.67214251e+00 1.79064119e+00 1.07661344e-01
  0.00000000e+00 3.14927769e+00 3.28972638e-01 6.57917857e-01
  1.92800283e+00 1.09370135e-01 7.97369182e-01 1.17159042e+01
  5.83788300e+00 6.36555195e+00 4.28936529e+00 3.09529334e-01
  9.72533941e-01 3.91043711e+00 4.49803305e+00 1.91833949e+00
  1.66664813e-02 2.08812618e+00 2.95318782e-01 2.19024444e+00
  2.46430580e-02 4.46868509e-01 1.13201742e+01 5.29275036e+00
  2.46089682e-01 3.10030192e-01 5.81467012e-03 1.73056340e+00
  3.78846955e+00 1.40698135e+00 0.00000000e+00 2.04440928e+00
  5.53044271e+00 5.00382006e-01 4.03324652e+00 0.00000000e+00
  2.60519624e+00 6.74148893e+00 3.68709922e+00 1.00277090e+00
  4.70880127e+00 3.23512197e+00 4.01602149e-01 8.10466576e+00
  2.50883222e+00 2.65231013e+00 1.17107534e+01 1.08124852e+00
  1.18661225e+00 0.00000000e+00 0.00000000e+00 2.20598364e+00
  2.71026850e-01 4.70006657e+00 6.42217338e-01 1.04866314e+00
  2.36836171e+00 1.32184613e+00 2.34801722e+00 1.21933305e+00
  8.67133915e-01 5.62561333e-01 0.00000000e+00 0.00000000e+00
  3.83985996e-01 3.88884805e-02 1.05599823e+01 0.00000000e+00
  0.00000000e+00 1.88008416e+00 0.00000000e+00 1.18989325e+00
  1.05285895e+00 0.00000000e+00 1.46418244e-01 5.31029284e-01
  4.72855717e-01 8.25345933e-01 2.09494129e-01 0.00000000e+00
  2.32871041e-01 1.03109484e+01 1.05827703e+01 4.42302316e-01
  1.19514072e+00 6.98769450e-01 2.92699456e+00 2.26437569e+00
  3.65338475e-02 6.65844059e+00 4.89533424e+00 4.90174979e-01
  5.34308434e-01 0.00000000e+00 6.01610661e-01 2.21165165e-01
  3.17739129e-01 2.51762295e+00 2.77847624e+00 1.22562492e+00
  8.36160064e-01 1.16262445e+01 1.07412367e+01 2.43881321e+00
  1.81715369e-01 4.93420772e-02 1.57922193e-01 6.83803204e-03
  9.85049665e-01 1.87312055e+00 2.14538121e+00 1.28845429e+00
  2.03722388e-01 4.74161446e-01 4.58887853e-02 2.77818418e+00
  1.93966284e-01 4.41937590e+00 8.92218947e-01 1.69231877e-01
  1.83732975e+00 6.48604774e+00 1.82327461e+00 9.79824245e-01
  1.48423421e+00 0.00000000e+00 1.35631561e+01 6.16023779e-01
  8.39044380e+00 2.27562475e+00 2.94975400e+00 1.23133004e+00
  0.00000000e+00 0.00000000e+00 1.51401913e+00 6.76682115e-01
  9.45201492e+00 1.41931027e-01 3.48636341e+00 2.69970202e+00
  3.03214002e+00 3.48105502e+00 3.76726300e-01 5.56769490e-01
  2.98011756e+00 2.32601643e+00 9.77192461e-01 3.38717437e+00
  4.85966253e+00 0.00000000e+00 5.77270126e+00 0.00000000e+00
  2.51840740e-01 4.98397303e+00 6.67151868e-01 1.23069894e+00
  2.02783728e+00 3.78752410e-01 4.13736880e-01 1.88329235e-01
  2.38533115e+00 3.82302022e+00 7.98065615e+00 2.21190572e+00
  3.00481892e+00 2.41039753e+00 8.38980615e-01 1.09014578e+01
  6.61228848e+00 1.11967742e-01 0.00000000e+00 2.17265487e+00
  4.63341922e-01 9.48681891e-01 1.02100933e+00 1.16968858e+00
  0.00000000e+00 0.00000000e+00 1.55771637e+00 1.61718845e+00
  1.76626861e-01 1.19464886e+00 0.00000000e+00 4.57625329e-01
  0.00000000e+00 1.38251662e-01 2.34629154e+00 9.98053646e+00
  8.60232294e-01 0.00000000e+00 3.30831099e+00 1.12103415e+00
  4.36484575e-01 6.35840356e-01 8.02138209e-01 5.56299162e+00
  1.50549469e+01 7.05677569e-01 4.85211849e+00 8.44977570e+00
  1.59465337e+00 5.66196251e+00 5.27942944e+00 3.36407483e-01
  2.06458792e-01 1.18994132e-01 4.82744503e+00 2.04955196e+01
  5.69519341e-01 4.02998865e-01 4.54665989e-01 4.96322393e+00
  0.00000000e+00 2.56757904e-02 4.92757607e+00 2.39783192e+00
  2.94886494e+00 4.07740259e+00 9.21118438e-01 2.45849818e-01
  1.09874392e+01 1.09432638e+00 4.89823639e-01 2.58263126e-02
  4.52423668e+00 4.70094085e-02 0.00000000e+00 0.00000000e+00
  0.00000000e+00 4.55410093e-01 1.02642700e-01 4.56380320e+00
  2.42500377e+00 0.00000000e+00 4.89816554e-02 2.43390277e-01
  2.26860642e+00 9.36746216e+00 3.65012020e-01 3.18888515e-01
  5.25888634e+00 2.42342758e+00 4.47279066e-01 1.32987046e+00
  0.00000000e+00 1.68192312e-01 0.00000000e+00 1.30096054e+00
  0.00000000e+00 5.71058273e+00 2.68259674e-01 1.77232936e-01
  3.71632934e-01 0.00000000e+00 4.02728140e-01 2.94809937e-01
  3.17255378e+00 1.93659294e+00 1.48614123e-01 4.93639410e-01
  5.92468643e+00 1.75861015e+01 9.07749355e-01 9.60540354e-01
  9.86717796e+00 3.34494300e-02 7.93790638e-01 1.36788082e+00
  1.62199914e+00 0.00000000e+00 7.87034988e+00 2.55663943e+00
  5.38489997e-01 1.16851687e+00 3.32679129e+00 4.56315565e+00]]