[[1.47886291e-01 4.31072855e+00 3.59754026e-01 0.00000000e+00
  0.00000000e+00 2.14890552e+00 4.13295507e+00 0.00000000e+00
  2.71156073e+00 1.20572731e-01 9.24433351e-01 1.63990283e+00
  1.64513206e+00 8.12661052e-01 0.00000000e+00 9.06404614e-01
  1.20677888e+00 7.38438666e-02 9.87563003e-03 6.36444902e+00
  2.70604277e+00 2.48947010e+01 0.00000000e+00 3.23951244e-01
  2.81972146e+00 4.89199162e+00 3.16193141e-03 0.00000000e+00
  6.31139874e-01 2.21837491e-01 9.81389284e-02 1.26967704e+00
  2.21563864e+00 5.17930841e+00 3.48696373e-02 5.94742584e+00
  5.09839487e+00 0.00000000e+00 5.41071224e+00 5.09565115e+00
  1.44308972e+00 9.16941583e-01 2.75951719e+00 1.13054886e+01
  9.25013185e-01 3.64780188e-01 1.07718766e+00 1.66329443e+00
  6.78328037e-01 0.00000000e+00 6.34385204e+00 5.37292540e-01
  5.33827782e-01 7.94234157e-01 3.80417275e+00 3.71692634e+00
  1.75763056e-01 3.93571186e+00 1.16127646e+00 5.31954706e-01
  0.00000000e+00 1.71302080e-01 6.61049461e+00 2.00112510e+00
  3.60031962e+00 0.00000000e+00 8.33467364e-01 0.00000000e+00
  0.00000000e+00 3.96673918e-01 6.58515513e-01 1.92830133e+00
  0.00000000e+00 5.72959614e+00 3.65192151e+00 0.00000000e+00
  0.00000000e+00 0.00000000e+00 0.00000000e+00 5.88616467e+00
  1.50024027e-01 1.52434790e+00 1.71470690e+00 3.70335549e-01
  2.58158708e+00 4.86091137e+00 1.26394749e+00 7.50891328e-01
  6.29200172e+00 1.43079853e+00 2.06125474e+00 5.05062962e+00
  1.18387222e-01 5.12323856e+00 5.94115928e-02 3.42896760e-01
  6.42513856e-02 3.94040138e-01 3.97808957e+00 9.28457546e+00
  9.27563131e-01 0.00000000e+00 2.71266389e+00 5.67312193e+00
  0.00000000e+00 1.43424394e-02 4.39973027e-01 1.62329957e-01
  0.00000000e+00 9.03227687e-01 2.31526330e-01 3.33265096e-01
  0.00000000e+00 8.61812055e-01 3.51767302e-01 1.51146686e+00
  9.17632008e+00 3.43585387e-02 1.48227572e-01 3.46695113e+00
  9.43556204e-02 6.43031951e-03 0.00000000e+00 4.21138859e+00
  0.00000000e+00 5.30197477e+00 0.00000000e+00 0.00000000e+00
  3.20497465e+00 1.22507496e+01 1.83243406e+00 0.00000000e+00
  1.41232753e+00 1.96022890e-03 4.59656626e-01 1.35758877e+00
  2.89867967e-01 2.12305814e-01 0.00000000e+00 1.08824360e+00
  3.75728399e-01 2.13058043e+00 2.05040407e+00 3.51453042e+00
  3.67912364e+00 8.03755224e-01 4.56072903e+00 5.43626666e-01
  2.29666018e+00 2.39930600e-01 3.81645441e+00 4.97038692e-01
  4.98957098e-01 0.00000000e+00 1.23797214e+00 4.83942747e+00
  2.17611670e+00 8.44944835e-01 1.80357552e+00 2.08777142e+00
  0.00000000e+00 9.10274792e+00 5.68813610e+00 8.28958416e+00
  4.15326595e+00 4.74454498e+00 6.16793931e-02 2.74927092e+00
  3.46115851e+00 4.80880308e+00 5.14294863e-01 6.29751623e-01
  3.67687750e+00 3.30111593e-01 0.00000000e+00 2.04570484e+00
  0.00000000e+00 5.81743270e-02 4.47303867e+00 1.86732173e+00
  1.57158256e+00 3.72091606e-02 8.29270554e+00 1.83224165e+00
  1.09400759e-02 4.19338894e+00 3.93920970e+00 5.90314984e-01
  8.15039158e-01 2.06705093e+00 7.45664120e+00 2.61150450e-01
  4.50890839e-01 2.41275482e+01 2.53620982e+00 7.32859224e-02
  1.13969171e+00 1.39336348e+00 6.86184242e-02 9.43118572e+00
  3.45158958e+00 5.89698493e-01 0.00000000e+00 2.57252622e+00
  2.96167922e+00 1.68305591e-01 0.00000000e+00 1.19333434e+00
  4.95324165e-01 2.82494221e+01 9.01502490e-01 1.02675386e-01
  6.46513775e-02 1.99010658e+00 1.18793964e+00 1.91138506e-01
  0.00000000e+00 3.31536770e+00 1.85802817e-01 1.38256168e+00
  2.59819365e+00 4.09534645e+00 3.73022825e-01 4.78827447e-01
  1.70461166e+00 1.46519434e+00 1.91117734e-01 1.46125579e+00
  1.43185270e+00 1.78688848e+00 5.51567562e-02 2.83745468e-01
  6.02682161e+00 1.16625988e+00 7.07410872e-01 0.00000000e+00
  1.91829848e+00 1.11807621e+00 3.80448788e-01 4.29490089e+00
  4.86388147e-01 3.20760179e+00 7.17228770e-01 1.38827837e+00
  2.15410018e+00 3.59836912e+00 6.07268906e+00 2.76623636e-01
  1.87013447e-01 1.11414760e-01 1.06903515e+01 3.18158805e-01
  0.00000000e+00 4.23402190e-02 7.14767790e+00 3.33679104e+00
  2.39434648e+00 1.65428412e+00 7.27776051e-01 0.00000000e+00
  0.00000000e+00 0.00000000e+00 3.22951764e-01 1.12845397e+00
  3.46059489e+00 2.48809099e+00 1.91071987e+00 3.55064702e+00
  1.79951108e+00 0.00000000e+00 5.08041954e+00 0.00000000e+00
  1.48876347e-02 2.13220239e+00 2.75497055e+00 2.33386350e+00
  1.01644897e+01 6.57460213e-01 3.93802881e-01 3.75015593e+00
  1.12885628e+01 6.42786694e+00 1.63086166e+01 3.17053747e+00
  1.02313948e+00 1.54533924e-03 4.95022726e+00 0.00000000e+00
  2.75472856e+00 2.15519118e+00 8.23931038e-01 8.75697041e+00
  6.00188792e-01 1.03451815e+01 1.89153278e+00 1.16731897e-01
  1.64014888e+00 1.78302419e+00 0.00000000e+00 2.37285495e-01
  3.08528423e+00 3.31255078e+00 9.94734168e-01 7.04267561e-01
  8.09349120e-01 1.72622308e-01 2.93647671e+00 1.88784152e-01
  2.62873220e+00 2.83294380e-01 5.53660206e-02 2.99972963e+00
  1.44690406e+00 9.61220801e-01 2.51616240e+00 2.79242325e+00
  5.60410559e-01 5.90354681e+00 2.17429423e+00 2.42530584e+00
  0.00000000e+00 4.47989181e-02 4.63175201e+00 0.00000000e+00
  2.71325564e+00 4.26498801e-01 6.65492296e+00 8.87274265e-01
  0.00000000e+00 7.40983367e-01 2.43216734e-02 3.96139288e+00
  5.31829536e-01 8.84388268e-01 5.07844257e+00 7.44651854e-01
  0.00000000e+00 2.34189343e+00 1.83490992e+00 1.25465643e+00
  0.00000000e+00 0.00000000e+00 0.00000000e+00 2.18504000e+00
  2.83669615e+00 3.99875927e+00 4.25459957e+00 8.14615469e-03
  1.74641204e+00 8.21344090e+00 5.51043935e-02 1.09916794e+00
  0.00000000e+00 1.18206704e+00 1.38783860e+00 1.61493033e-01
  4.86217070e+00 6.24094868e+00 1.73350823e+00 2.77075505e+00
  3.33289564e-01 0.00000000e+00 2.64293647e+00 0.00000000e+00
  6.89301968e+00 1.21596050e+00 9.36494255e+00 4.26234198e+00
  1.58802021e+00 9.62180042e+00 9.34117556e-01 8.69277775e-01
  9.94138241e-01 5.63519669e+00 5.08226693e-01 1.69017506e+00
  2.56141138e+00 0.00000000e+00 0.00000000e+00 4.49806309e+00
  3.97487938e-01 5.70975494e+00 0.00000000e+00 9.59186722e-03
  6.78766680e+00 4.35828194e-02 1.31775427e+00 4.83379900e-01
  8.87805700e-01 1.99975729e+00 7.83726120e+00 1.40945244e+00
  1.50808306e+01 5.95685005e+00 2.60376573e-01 2.09256458e+00
  4.26511243e-02 1.37747133e+00 2.69607139e+00 2.75429487e-01
  4.68493551e-01 1.92179127e+01 2.83502078e+00 6.40018749e+00
  8.49356556e+00 3.96989614e-01 6.30869865e-01 7.62274444e-01
  2.43850946e-01 3.65032077e-01 6.16718960e+00 3.87213659e+00
  1.05979994e-01 0.00000000e+00 2.84371877e+00 1.51426578e+00
  0.00000000e+00 3.91028738e+00 7.09746718e-01 2.35549167e-01
  1.00483024e+00 1.07706749e+00 3.50698352e-01 2.16035652e+00
  3.20741385e-02 1.13308573e+00 6.25974238e-01 9.36248720e-01
  3.91583872e+00 1.59283265e-01 1.11044025e+01 1.33990014e+00
  1.30964806e-02 3.07871532e+00 1.99933314e+00 8.83724838e-02
  0.00000000e+00 1.93038493e-01 0.00000000e+00 4.61281776e+00
  5.39196789e-01 0.00000000e+00 0.00000000e+00 7.30702734e+00
  5.63108861e-01 2.81309414e+00 1.09567142e+00 5.88105142e-01
  0.00000000e+00 8.72871131e-02 4.38492489e+00 8.30420494e+00
  4.69578266e+00 5.36636591e-01 2.57114744e+00 4.36804724e+00
  4.19750452e-01 3.14452976e-01 3.65284592e-01 3.40821815e+00
  1.93831432e+00 1.49155712e+00 4.12030429e-01 3.17208982e+00
  5.70763159e+00 1.95614710e-01 3.55072188e+00 2.22863376e-01
  2.09678602e+00 0.00000000e+00 5.65748870e-01 1.35538161e+00
  3.25919771e+00 7.06992865e+00 6.22355007e-02 0.00000000e+00
  2.72452974e+00 0.00000000e+00 1.47214317e+00 1.31533372e+00
  0.00000000e+00 0.00000000e+00 2.98584175e+00 3.14407051e-02
  4.20456648e+00 0.00000000e+00 2.11658335e+00 6.86412096e-01
  2.25911427e+00 2.19240770e-01 1.14954495e+00 1.30661221e+01
  9.12389159e-01 6.94200182e+00 1.31766963e+00 1.47973335e+00
  1.30759084e+00 4.03005505e+00 3.79347712e-01 4.89159413e-02
  6.78986406e+00 1.03964202e-01 9.66853678e-01 4.87489367e+00
  4.30078936e+00 3.05033946e+00 2.60662389e+00 5.32317734e+00
  1.56320453e-01 0.00000000e+00 6.19520247e-01 2.48926550e-01]]