[[1.0613369e+00 1.1918985e+00 6.6887820e-01 4.7564039e+00 2.0815411e+00
  6.4038831e-01 4.8146195e+00 4.3875337e+00 2.5813363e+00 2.2066174e+00
  1.3471340e+00 1.3826045e+00 2.7692432e+00 2.2377262e+00 2.4510181e-01
  3.7694578e+00 0.0000000e+00 3.3165934e+00 3.9552599e-02 5.2986798e+00
  6.2401421e-02 5.2144680e+00 3.3145394e+00 3.3574228e+00 4.3181890e-01
  2.8581469e+00 0.0000000e+00 1.2719120e+00 3.8821402e-01 1.5946078e-01
  1.3232270e+00 0.0000000e+00 1.7487957e+00 3.8762417e+00 3.4692240e+00
  2.9372415e-01 2.6700795e+00 8.6034544e-02 7.9314256e+00 3.9625349e+00
  1.9713980e+00 4.0991163e+00 2.4011347e+00 6.6294122e+00 0.0000000e+00
  4.5569115e+00 1.3412396e+00 1.0640706e+00 3.0385721e+00 9.2304182e-01
  3.9900794e+00 0.0000000e+00 3.5739022e-01 4.2969022e-02 2.9147494e+00
  2.7747333e+00 1.8819407e+00 1.5242041e+00 2.8563423e+00 0.0000000e+00
  5.1060572e+00 6.0363817e+00 1.3771685e+01 7.0290785e+00 8.2841944e-03
  1.3083215e+00 0.0000000e+00 3.8719282e+00 4.8411784e+00 2.3891360e-01
  3.9037912e+00 5.7079535e+00 0.0000000e+00 7.3589535e+00 1.7229840e+00
  6.5550795e+00 8.5889739e-01 2.1950276e-01 3.9648886e+00 5.8856568e+00
  3.4552002e+00 6.7510790e-01 3.7282360e+00 1.2134428e+00 1.1205546e+01
  1.2233914e+01 1.0246825e+00 5.7221633e-01 2.0539238e+00 6.7330313e-01
  1.3961234e+01 7.9170408e+00 2.1141710e+00 2.6723442e+00 5.4686871e+00
  4.0082413e-01 1.6190541e+00 1.8005335e+00 4.2154784e+00 4.1073523e+00
  1.9968598e+00 2.8941903e-01 1.0757399e+01 5.4345155e+00 0.0000000e+00
  3.2321591e+00 1.0941823e+00 6.1944145e-01 6.8687391e+00 1.7478466e+00
  2.0905745e-01 2.6741368e-01 1.2517943e+00 0.0000000e+00 6.2220317e-01
  3.3207449e-01 2.5198441e+00 1.8223806e-01 3.0570977e+00 2.3759625e+00
  1.4159077e+00 5.1680479e+00 1.7552531e+00 1.0766137e+01 3.0127215e-01
  4.5914540e+00 7.7917382e-02 7.5127715e-01 9.5394599e-01 4.2662234e+00
  4.8826036e+00 1.1257910e+01 1.5209867e+01 2.3989031e-02 2.7228472e-01
  4.8214799e-01 1.8072870e-01 0.0000000e+00 2.5688438e+00 1.6892937e+01
  2.3110218e+00 2.5138059e+00 0.0000000e+00 3.4708059e+00 2.6236031e+00
  1.3501115e+00 3.2106285e+00 3.6920658e-01 6.0140169e-01 2.9157772e+00
  1.1002365e-01 2.0453074e+00 5.9221894e-02 2.9912636e+00 9.3038690e-01
  2.3004146e+00 8.1511647e-01 1.6289591e+00 7.1700615e-01 9.6679747e-01
  8.9300132e-01 6.6967978e+00 2.7947018e+00 7.7010924e-01 4.3310523e+00
  1.1161193e+01 0.0000000e+00 6.7455590e-01 6.9151086e-01 5.2100902e+00
  1.6307758e-01 3.6756477e+00 2.1641369e+00 1.0020948e+01 1.4505240e+00
  4.1521711e+00 7.4856796e+00 0.0000000e+00 1.8642765e+01 8.2941742e+00
  7.5826108e-02 8.5358959e-01 9.4307489e+00 1.7286160e+00 2.6490254e+00
  1.0958427e+00 6.2639470e+00 4.9241004e+00 6.0500088e+00 1.5913701e+00
  8.0553513e+00 0.0000000e+00 3.2560077e-01 6.3236203e+00 9.4153297e-01
  1.8021737e+00 4.0619926e+00 3.6969926e+00 9.5535831e+00 8.7944090e-02
  8.8545151e+00 0.0000000e+00 7.6643491e-01 1.6467830e+00 5.4487963e+00
  5.4049506e+00 1.2202386e+00 1.4224176e+00 5.7316527e-02 3.2071455e+00
  3.6453462e+00 3.4935863e+00 3.3961415e-01 6.1103106e+00 3.5503137e-01
  2.0513828e+00 1.7016124e+00 3.3027911e+00 6.9840521e-01 7.7533078e-01
  3.1789100e+00 4.9062796e+00 6.4391738e-01 1.1030148e+00 4.4161794e-01
  8.5046124e-01 9.0326748e+00 1.4282466e+00 6.0012561e-01 2.8793485e+00
  2.2423570e+00 2.1785743e+00 7.3419136e-01 0.0000000e+00 9.5947748e-01
  0.0000000e+00 0.0000000e+00 3.8731101e+00 0.0000000e+00 1.0638429e+01
  9.7827561e-02 9.5373857e-01 1.6799955e+00 2.3946593e+00 1.3467468e+00
  8.3034945e+00 9.3545933e+00 1.9888800e+00 8.7441092e+00 4.1745691e+00
  4.9129292e-01 3.1412795e+00 1.8657241e+00 3.6655326e+00 5.0782900e+00
  0.0000000e+00 0.0000000e+00 1.9091071e+00 1.9341668e+00 7.7396804e-01
  8.5343009e-01 3.2614970e-01 0.0000000e+00 2.0635648e+00 2.5362699e+00
  3.9887216e+00 0.0000000e+00 1.0894393e+00 1.7712823e+00 1.0609121e+00
  4.1558771e+00 5.0338322e-01 1.9576195e+00 1.9607922e+00 5.5395384e+00
  2.5665743e+00 1.0613776e+01 1.1163754e-01 2.5140995e-01 1.2382737e+00
  7.5590272e+00 1.7670869e+00 7.7398825e-01 1.6870645e+00 1.4931830e+00
  4.6168858e-01 4.2316504e+00 3.8594432e+00 3.0677682e-01 4.7566729e+00
  0.0000000e+00 0.0000000e+00 3.5463827e+00 1.0678096e+01 5.4823112e+00
  1.7592244e+00 0.0000000e+00 1.8628058e-01 0.0000000e+00 2.7701194e+00
  9.1312466e+00 2.1815312e+00 3.4086843e+00 4.2596731e-01 2.0413673e+00
  6.2806826e+00 5.8882968e-03 1.7158365e+00 2.1806512e+00 0.0000000e+00
  1.1559731e+01 5.0626874e+00 2.8859768e+00 2.6819022e+00 3.4586744e+00
  3.6429647e-01 9.4499335e-02 4.4588375e+00 1.6850349e+00 7.1468604e-01
  1.7419796e+00 7.8090000e+00 8.4577787e-01 2.8767495e+00 2.6978405e+00
  2.8931477e+00 4.2296453e+00 5.6252937e+00 1.9196802e+00 3.3825964e-01
  2.2329424e-01 5.6502790e+00 4.5339971e+00 9.0874857e-01 4.9895697e+00
  3.3424044e+00 9.1032457e+00 9.0928650e-01 2.4788620e+00 1.3048208e+00
  3.3046961e-01 2.3026824e+00 7.8431082e-01 6.0418134e+00 2.0847843e+00
  5.7456291e-01 2.8840375e+00 1.7288698e+00 3.1765225e+00 1.7462185e-01
  0.0000000e+00 4.8673728e-01 2.1312609e+00 3.0051932e+00 6.9304478e-01
  3.7682536e-01 2.7790973e+00 9.0853853e+00 3.1174550e+00 2.4868917e+00
  9.9344053e+00 3.2504994e-01 1.4418386e+00 8.5825127e-01 1.4033119e+01
  1.8350052e+00 6.7561998e+00 4.8228059e-02 5.8651280e-01 2.9590373e+00
  2.6365629e-01 0.0000000e+00 7.0254378e+00 5.4559808e+00 3.4327838e+00
  2.2038059e+00 8.3078604e+00 5.2040620e+00 2.1925099e+00 3.8966656e+00
  1.7111901e+00 0.0000000e+00 3.2640421e+00 9.3247825e-01 9.7637898e-01
  2.7590075e+00 3.7508881e+00 1.6145504e+00 3.3060050e+00 8.1000161e-01
  2.7422760e+00 1.1580306e+01 6.8930297e+00 3.8309026e-01 3.8514574e+00
  5.5413718e+00 4.3022351e+00 1.0391656e+00 3.3519433e+00 1.9159150e+00
  6.2889051e+00 9.4498167e+00 1.1309006e+00 4.2551155e+00 7.1443906e+00
  6.7349787e+00 3.0879681e+00 3.9395916e+00 7.0195514e-01 8.7434316e-01
  5.6128831e+00 1.4451311e+00 1.0264452e+00 9.5130764e-03 9.5361238e-03
  3.1786528e+00 2.5619042e+00 2.3860426e+00 0.0000000e+00 1.0266961e+00
  2.4655812e+00 1.7543900e-01 1.1518273e+01 5.5853825e+00 9.6572453e-01
  0.0000000e+00 5.8038163e-01 2.7014253e+00 2.8050923e-01 1.0293632e+00
  1.4124295e+00 5.4655933e-01 1.7031033e+01 8.2623339e+00 0.0000000e+00
  7.1841681e-01 5.0475091e-01 2.4299889e+00 3.1156176e-01 4.7168713e+00
  2.1031160e+00 7.3015690e-01 1.7730786e+00 1.7177839e+00 3.5598189e-02
  1.0845098e+00 5.0940607e-02 2.4344687e+00 1.4056063e+00 5.2970612e-01
  0.0000000e+00 4.8344316e+00 3.1488230e+00 1.2994539e+00 7.6116204e+00
  0.0000000e+00 3.9277282e+00 1.7960988e-01 4.7383018e+00 4.5475883e+00
  3.2296102e+00 1.2698722e+00 9.1161722e-01 5.9394874e-02 0.0000000e+00
  6.0762592e-02 8.4056407e-02 2.1894683e-01 8.0207224e+00 4.8447752e+00
  1.0767236e-01 6.2546148e+00 7.0782394e+00 4.7692847e+00 8.0217355e-01
  1.2237904e+00 0.0000000e+00 4.0359488e+00 9.2614374e+00 1.4069457e+00
  2.0615785e+00 1.8858764e-02 4.4792138e-02 1.8566970e+00 1.3349387e-02
  1.8544580e+00 0.0000000e+00 2.3005185e+00 2.8519959e+00 3.9525118e+00
  2.8980594e+00 2.4828486e+00 1.5151014e+00 1.5251110e+00 6.4581356e+00
  1.0417055e+00 3.0739319e+00 8.0283585e+00 3.0167823e+00 1.0031870e+01
  3.4603088e+00 2.9240572e+00 1.5429087e+00 2.6716554e+00 7.1415625e+00
  3.1995142e-01 3.1907327e+00 1.1647856e+00 4.3257542e+00 6.2052184e-01
  3.4583743e+00 5.8427680e-01]]