[[3.86342347e-01 5.53708029e+00 3.27300858e+00 2.30540013e+00
  6.45857525e+00 1.20044422e+00 7.23740864e+00 3.27388215e+00
  9.11179125e-01 3.59254789e+00 4.19656324e+00 1.70848596e+00
  5.29994130e-01 7.16882372e+00 1.51851404e+00 3.43359470e+00
  6.53208196e-01 2.53865671e+00 1.12729251e-01 2.56188798e+00
  5.27587295e-01 1.25905263e+00 2.15156245e+00 6.01251237e-02
  1.15437973e+00 4.60040331e+00 3.69388044e-01 5.65582216e-01
  3.59660363e+00 1.13751912e+00 2.52940692e-03 6.94704950e-01
  4.23428106e+00 1.16932786e+00 6.69196510e+00 0.00000000e+00
  1.28555512e+00 5.83796144e-01 3.31426096e+00 5.26325822e-01
  4.39160204e+00 3.23164749e+00 2.65567636e+00 4.65549135e+00
  7.47830793e-02 4.06989384e+00 6.31975365e+00 4.99970675e+00
  1.49289203e+00 6.39528608e+00 1.16370702e+00 1.04115379e+00
  1.76722372e+00 1.67914867e+00 1.77915132e+00 3.08458042e+00
  1.09906685e+00 1.45372474e+00 9.38577831e-01 1.96151519e+00
  3.06611806e-01 1.10912919e+00 6.51548052e+00 3.02152419e+00
  5.70894814e+00 6.88854170e+00 1.08740532e+00 2.84140849e+00
  2.95095325e+00 1.99054658e+00 0.00000000e+00 5.36430216e+00
  0.00000000e+00 4.60429716e+00 9.39937115e-01 4.04542446e+00
  4.99812269e+00 4.60506201e-01 6.43470049e-01 3.45017695e+00
  5.93056631e+00 1.23525405e+00 7.03978682e+00 1.37825727e+00
  1.91284633e+00 2.22071075e+00 0.00000000e+00 2.63461995e+00
  4.83274794e+00 1.11494839e+00 1.61864722e+00 5.51384449e+00
  1.30540341e-01 4.82886076e+00 5.75535107e+00 8.34941387e-01
  4.08892012e+00 2.50988102e+00 1.87131560e+00 1.89801776e+00
  1.65444505e+00 3.06365043e-01 5.49685001e-01 5.84193563e+00
  6.15977764e-01 2.37732634e-01 0.00000000e+00 1.02541590e+00
  4.01525736e+00 1.98854482e+00 1.63630080e+00 7.36038685e+00
  3.22987127e+00 2.20615845e-02 7.12329522e-02 2.43596172e+00
  4.86893797e+00 8.05189967e-01 5.05414963e-01 1.23321176e+00
  3.89362812e+00 2.70910887e-03 0.00000000e+00 5.81813335e-01
  5.33472443e+00 4.69494629e+00 2.40759924e-01 8.92672017e-02
  8.58154356e-01 1.95835400e+01 7.82566166e+00 2.95174956e+00
  9.68445110e+00 4.72604334e-01 5.41676855e+00 5.24948692e+00
  7.74074793e-01 5.77015543e+00 7.47492909e-01 6.69309199e-01
  1.99674976e+00 2.17937207e+00 5.47241151e-01 4.22379941e-01
  4.58221245e+00 2.62388945e+00 9.08924401e-01 1.92818093e+00
  5.65664005e+00 6.96133673e-01 1.97068423e-01 3.90967441e+00
  3.79920888e+00 1.61814535e+00 7.95524009e-03 1.14702380e+00
  4.58413869e-01 1.22886336e+00 4.77483034e+00 3.12830210e+00
  4.76559639e+00 4.03793144e+00 5.22182226e-01 1.10311222e+00
  4.99419689e+00 4.85907882e-01 3.63075733e-01 8.18423080e+00
  0.00000000e+00 4.22453785e+00 1.08424294e+00 1.88079774e+00
  1.54661882e+00 9.57706571e-02 4.36985642e-01 8.20539892e-01
  3.52171826e+00 1.32354259e+00 3.67889166e+00 6.47393346e-01
  2.94722080e+00 3.73422337e+00 6.17670870e+00 8.26287627e-01
  6.71069813e+00 3.39921999e+00 1.50706029e+00 7.52967656e-01
  0.00000000e+00 5.31828642e-01 3.03026414e+00 1.24526072e+00
  1.16636086e+00 3.59552073e+00 3.17954803e+00 2.10294533e+00
  9.95620131e-01 5.58493376e+00 4.40939569e+00 1.24223626e+00
  4.70518619e-01 2.31535107e-01 1.33701003e+00 2.02421141e+00
  6.20403290e+00 1.92067397e+00 3.88748193e+00 2.30406404e+00
  3.83467579e+00 1.46396983e+00 1.72512090e+00 1.03250515e+00
  4.67642337e-01 7.78755331e+00 0.00000000e+00 3.47709417e-01
  4.08509582e-01 3.32166880e-01 2.59464979e-01 2.10330200e+00
  2.60561442e+00 5.28935337e+00 1.20104914e+01 2.15373516e+00
  1.96696317e+00 1.15362453e+00 3.72015309e+00 8.37514758e-01
  5.67583227e+00 1.52913064e-01 4.25083065e+00 3.79926419e+00
  1.63969457e+00 0.00000000e+00 8.12365040e-02 5.32438457e-01
  4.18974280e-01 6.79250956e+00 7.39289880e-01 8.51394653e+00
  1.12475586e+00 3.41451216e+00 1.92950523e+00 3.63401055e+00
  1.86647332e+00 1.68693081e-01 6.38502836e+00 1.15935040e+00
  9.97926831e-01 9.29486179e+00 5.80452633e+00 4.16896725e+00
  0.00000000e+00 1.39768767e+00 5.76028681e+00 7.62976825e-01
  4.31247997e+00 3.82171392e-01 1.11125553e+00 3.36972922e-01
  2.47273773e-01 4.30769348e+00 3.38975996e-01 1.87313688e+00
  3.60456204e+00 2.94082355e+00 7.07714677e-01 1.33139515e+00
  2.95224309e+00 1.03113107e-01 2.31867695e+00 1.60291994e+00
  7.91694117e+00 2.50312662e+00 2.75108552e+00 4.57193851e+00
  3.87267494e+00 2.02653170e+00 9.64432955e-01 1.44918656e+00
  6.00981522e+00 1.55818260e+00 3.66730833e+00 1.79427636e+00
  7.97843695e+00 1.19853354e+00 3.49513960e+00 2.82394314e+00
  4.23912001e+00 8.46313715e-01 2.90966868e+00 4.54656839e+00
  1.54785049e+00 6.59970105e-01 2.07003355e+00 4.60178661e+00
  0.00000000e+00 3.86425436e-01 7.25220490e+00 0.00000000e+00
  1.85242772e+00 2.98863816e+00 1.34991360e+00 2.15032768e+00
  8.58714581e-01 3.00411296e+00 8.69493866e+00 5.13347685e-01
  3.20651436e+00 3.74489099e-01 5.87859344e+00 5.05262613e+00
  3.49320173e+00 1.34952748e+00 1.20181715e+00 2.58258653e+00
  1.96818066e+00 2.83692598e+00 1.25867105e+00 3.97139072e+00
  5.37600040e-01 3.03126192e+00 3.29041052e+00 3.10749841e+00
  3.42178643e-01 1.59237790e+00 7.89412975e+00 2.57367635e+00
  2.99634910e+00 1.72250199e+00 2.12571478e+00 2.39369774e+00
  0.00000000e+00 3.01298189e+00 5.95803690e+00 3.11905217e+00
  2.44819617e+00 7.97941971e+00 3.65798235e+00 3.91528559e+00
  4.49266291e+00 9.91012007e-02 7.94938445e-01 7.46475816e-01
  1.31724250e+00 2.98288035e+00 2.72721791e+00 4.06191468e-01
  3.89075041e+00 5.01335919e-01 6.77436829e-01 1.67563127e-03
  0.00000000e+00 2.88287878e+00 8.69006157e-01 1.15881562e+00
  4.70387459e+00 7.40291357e+00 2.33084941e+00 5.45014191e+00
  9.49017525e-01 5.59643865e-01 1.02074277e+00 1.13668668e+00
  4.25350040e-01 9.99125123e-01 1.00107346e+01 1.95433553e-02
  1.66565180e+00 0.00000000e+00 1.72635555e+00 4.38920736e+00
  5.82891178e+00 6.48055696e+00 1.01837248e-01 1.71222079e+00
  2.61156464e+00 3.84826446e+00 1.69525831e-03 8.65476894e+00
  1.28576670e+01 4.62823629e+00 8.63331676e-01 1.50839543e+00
  1.97804853e-01 3.09014201e+00 1.69509315e+00 2.34497890e-01
  2.03401804e+00 7.35031724e-01 2.03118467e+00 4.11897278e+00
  4.63411808e+00 3.10990214e+00 1.22010028e+00 0.00000000e+00
  2.70319819e+00 5.59525132e-01 2.36829662e+00 1.40819633e+00
  5.96018791e-01 5.65705156e+00 1.69386041e+00 3.27680945e+00
  3.66796041e+00 3.14398265e+00 0.00000000e+00 9.41575813e+00
  0.00000000e+00 1.14071178e+00 2.99736142e+00 9.04911458e-01
  9.42450404e-01 4.54033947e+00 4.16788483e+00 6.86736032e-02
  1.07281961e-01 2.11928225e+00 5.47897041e-01 2.62817115e-01
  1.62290740e+00 9.19825077e-01 2.43412387e-02 7.59527254e+00
  1.34161070e-01 4.55381727e+00 6.37551117e+00 5.28392267e+00
  5.57748139e-01 6.01296246e-01 1.59182477e+00 1.86675465e+00
  2.25439095e+00 3.90214515e+00 7.68632367e-02 1.25181222e+00
  6.09816551e+00 1.00308633e+00 6.02537036e-01 3.36195135e+00
  4.28599387e-01 1.86397028e+00 7.37507701e-01 1.54744160e+00
  2.14440838e-01 6.68529749e-01 1.98536968e+00 2.74393511e+00
  7.42288470e-01 5.40148199e-01 5.02762794e-01 2.82521701e+00
  3.35393167e+00 8.81520271e+00 3.57783270e+00 9.59062397e-01
  7.59736657e-01 2.79407239e+00 2.47779989e+00 4.01058578e+00
  3.33895743e-01 4.66222239e+00 7.25315690e-01 2.67123413e+00
  5.08238220e+00 1.22829330e+00 4.34623510e-01 2.25645018e+00
  2.40666270e+00 3.69134855e+00 2.02360821e+00 3.29696846e+00
  1.55994833e+00 3.73960304e+00 1.91477323e+00 5.96178722e+00
  2.59316623e-01 1.39403772e+00 2.24787402e+00 2.43626642e+00
  4.33595991e+00 6.66048193e+00 1.69407010e+00 1.04825602e+01
  1.27712286e+00 1.63295496e+00 1.70025265e+00 2.18521938e-01
  3.80257559e+00 8.12590122e+00 5.29718041e-01 4.14751911e+00
  2.98235774e+00 2.12955141e+00 4.44589901e+00 9.09070015e-01
  2.57790613e+00 4.80623245e+00 5.45743990e+00 1.78954220e+00
  3.90061021e+00 3.92930269e+00 3.28367329e+00 1.95265818e+00
  1.34446239e+00 1.05222285e-01 2.76901960e+00 1.77087390e+00
  4.67644167e+00 2.56092691e+00 3.20839667e+00 8.52864742e-01]]