[[1.35380292e+00 5.42062342e-01 1.04715645e+00 4.43787813e+00
  6.68683720e+00 3.28792000e+00 1.11593027e+01 2.75879121e+00
  1.68778682e+00 1.01111948e+00 7.56861305e+00 1.12691069e+00
  5.61653233e+00 4.91562271e+00 6.99576759e+00 2.34831572e+00
  7.73309827e-01 1.31416738e+00 2.85759473e+00 5.53931856e+00
  6.02139533e-01 1.90895295e+00 2.92299724e+00 0.00000000e+00
  1.38310230e+00 3.40786433e+00 2.84199119e-01 3.52139771e-02
  4.44821835e+00 4.44338083e-01 3.31805684e-02 0.00000000e+00
  2.88382030e+00 2.12965107e+00 3.93768930e+00 1.16622627e+00
  9.40143645e-01 1.05822988e-01 1.58278954e+00 6.32817388e-01
  7.17169940e-01 4.21738291e+00 3.20488906e+00 1.19489884e+00
  0.00000000e+00 3.22424316e+00 8.52857471e-01 3.10989904e+00
  1.29638505e+00 1.31328475e+00 5.85022974e+00 0.00000000e+00
  0.00000000e+00 1.10974848e+00 2.90895057e+00 2.17852855e+00
  6.50740194e+00 0.00000000e+00 3.42049360e-01 9.84483123e-01
  3.23274803e+00 3.30418944e-01 6.97466803e+00 6.22448254e+00
  1.78621590e+00 7.66666842e+00 1.27985895e+00 5.98071861e+00
  2.95599461e+00 1.33107342e-02 1.56200104e+01 9.08081904e-02
  4.04299885e-01 9.90158749e+00 9.61166173e-02 4.18932486e+00
  4.63260531e-01 3.60327736e-02 2.75165105e+00 3.39333677e+00
  4.88819027e+00 1.49212992e+00 5.18441248e+00 4.43234980e-01
  1.83780864e-01 3.96823621e+00 0.00000000e+00 1.41642189e+00
  5.24989891e+00 2.32476974e+00 5.84396315e+00 3.79990363e+00
  0.00000000e+00 1.72086072e+00 8.97139835e+00 2.24422264e+00
  4.99837494e+00 3.17612314e+00 2.93348670e+00 1.43686223e+00
  2.22427654e+00 3.77081084e+00 5.72836161e+00 3.10077333e+00
  1.70801902e+00 9.68707204e-02 2.83879071e-01 4.43271488e-01
  1.32193232e+00 1.04143620e+00 3.39253855e+00 6.24845362e+00
  1.97032320e+00 2.73192883e-01 2.01321316e+00 2.56843477e-01
  3.35837841e+00 3.32336235e+00 2.38063169e+00 2.03568554e+00
  2.23322463e+00 6.01621807e-01 8.96021307e-01 4.73507595e+00
  4.59182310e+00 2.37437272e+00 4.11395393e-02 2.41139159e-01
  4.14066277e-02 1.22577972e+01 2.08422653e-02 2.44394038e-02
  2.05201745e+00 3.96250367e-01 1.97129250e-01 4.31035185e+00
  2.60699701e+00 5.64952755e+00 5.53399277e+00 1.59343934e+00
  1.18980622e+00 1.93710673e+00 5.42549670e-01 4.27309561e+00
  3.81366444e+00 1.24548092e-01 2.35151339e+00 9.32444185e-02
  3.58669758e-01 1.03458881e+00 3.52637053e-01 2.78589606e+00
  3.13317871e+00 5.89175415e+00 1.37841076e-01 1.92247772e+00
  1.13620746e+00 1.73054874e+00 7.42424917e+00 6.88671708e-01
  5.39165914e-01 3.53660274e+00 3.57733583e+00 5.69045067e-01
  7.93789530e+00 1.94244945e+00 5.43240309e-01 3.65412927e+00
  1.97655424e-01 2.61744350e-01 9.40597832e-01 0.00000000e+00
  1.04502811e+01 8.93167591e+00 2.89315701e+00 1.49319768e+00
  1.09773521e+01 3.38309550e+00 1.13344116e+01 6.66249275e-01
  3.69706821e+00 2.02366686e+00 5.88847339e-01 2.34029517e-01
  4.46526003e+00 7.16261959e+00 8.34378839e-01 3.40340912e-01
  3.46683931e+00 1.24907529e+00 6.74682200e-01 5.71263470e-02
  6.96062386e-01 3.15248585e+00 1.87653244e+00 6.51831865e+00
  4.14344549e-01 9.97794420e-02 6.13464785e+00 4.30107355e+00
  1.13535035e+00 3.96150738e-01 3.50887728e+00 2.44813204e-01
  2.87945533e+00 6.28026187e-01 1.37056565e+00 1.15893936e+00
  2.22893000e+00 3.41907835e+00 5.23792887e+00 1.63926506e+00
  4.52498883e-01 4.71780014e+00 1.26600012e-01 2.06339431e+00
  1.63503110e+00 4.70379543e+00 8.15671325e-01 2.50170422e+00
  1.30070508e+00 1.67165071e-01 8.12481403e+00 5.93369102e+00
  4.27016020e-01 3.62183118e+00 1.42543125e+00 3.18139958e+00
  6.93885040e+00 4.25114107e+00 1.71184230e+00 1.70363605e+00
  3.61141634e+00 5.47707379e-01 7.92899311e-01 4.92030859e+00
  2.11806241e-02 1.30968628e+01 7.75133467e+00 7.76498270e+00
  2.48469830e+00 0.00000000e+00 3.90433741e+00 1.87898302e+00
  1.03299594e+00 1.11802502e+01 4.24892855e+00 9.55771387e-01
  2.55850720e+00 2.47687435e+00 5.06581593e+00 4.09673500e+00
  1.82793784e+00 4.67357492e+00 4.73954630e+00 0.00000000e+00
  2.43007684e+00 3.95415306e+00 3.57780480e+00 1.02578795e+00
  1.91546500e-01 2.73654461e-01 0.00000000e+00 1.78466749e+00
  3.13686919e+00 1.11795330e+01 0.00000000e+00 2.04609662e-01
  4.56300592e+00 6.25660539e-01 1.09026897e+00 5.62888575e+00
  5.15734386e+00 3.43871498e+00 8.41533720e-01 1.63527024e+00
  2.25292230e+00 6.72520876e-01 1.25547573e-01 2.52407968e-01
  1.33499861e+00 2.33010459e+00 6.89382505e+00 0.00000000e+00
  1.26200986e+00 7.49536604e-02 2.33919501e+00 5.84495258e+00
  2.84002113e+00 5.26471758e+00 2.08310395e-01 1.06891477e+00
  3.82948726e-01 2.45532823e+00 4.49184513e+00 3.39891481e+00
  2.07877710e-01 1.99158156e+00 5.14099073e+00 0.00000000e+00
  2.66017127e+00 3.99148643e-01 7.91000509e+00 9.76284027e-01
  5.66761494e-01 6.86704576e-01 6.84462690e+00 2.78338492e-01
  4.49659348e+00 0.00000000e+00 6.38824034e+00 5.65446806e+00
  1.39226341e+00 6.06317949e+00 2.44789910e+00 1.93472385e+00
  1.08148518e+01 1.19873381e+01 3.59340817e-01 6.50435388e-01
  2.70854354e+00 4.54325819e+00 6.11722279e+00 1.19773066e+00
  1.33315957e+00 3.03274107e+00 1.08308754e+01 5.19774973e-01
  4.85422105e-01 0.00000000e+00 5.53119540e-01 3.17844200e+00
  8.45522642e-01 3.70564604e+00 7.73986387e+00 4.39243364e+00
  2.85327649e+00 8.68724251e+00 7.28594303e+00 2.10210586e+00
  2.84417200e+00 0.00000000e+00 1.37861609e-01 2.58997703e+00
  1.99804437e+00 5.15564013e+00 6.72724068e-01 1.92332640e-01
  4.07447147e+00 1.44348431e+00 9.65442121e-01 2.31001481e-01
  1.76339626e+00 4.00929356e+00 9.88117635e-01 0.00000000e+00
  0.00000000e+00 5.79410601e+00 2.01614308e+00 5.96207976e-01
  3.18368912e+00 2.57382095e-01 0.00000000e+00 3.51441264e+00
  6.20875502e+00 2.49787593e+00 9.93963623e+00 4.38532293e-01
  3.44797468e+00 7.72736430e-01 5.48626482e-02 2.38534474e+00
  5.21211576e+00 1.08233061e+01 4.72005643e-02 6.97658730e+00
  1.21347928e+00 3.19166493e+00 8.62763450e-02 1.15028496e+01
  1.03913717e+01 7.71317530e+00 4.11476994e+00 1.26318979e+00
  1.66136503e-01 2.12124014e+00 1.32396793e+00 0.00000000e+00
  1.10063978e-01 7.00897074e+00 1.17693591e+00 9.24511242e+00
  6.21243429e+00 4.67510700e+00 3.82415920e-01 6.80959821e-01
  2.17423868e+00 5.06831694e+00 3.83417225e+00 5.81467688e-01
  3.16717815e+00 1.40776718e+00 0.00000000e+00 2.27095056e+00
  4.22019720e+00 6.68117952e+00 2.16405201e+00 5.48198271e+00
  0.00000000e+00 2.52769828e+00 8.89535308e-01 4.68460582e-02
  1.96381521e+00 1.01543772e+00 3.13360244e-02 0.00000000e+00
  3.98158574e+00 9.07640159e-01 2.50335544e-01 6.07607961e-01
  3.11645579e+00 6.36412740e-01 1.05799234e+00 5.97740126e+00
  2.72862935e+00 2.40327835e+00 7.67912006e+00 2.97684097e+00
  0.00000000e+00 7.24509418e-01 7.03034878e-01 2.28531671e+00
  3.30886459e+00 1.46379840e+00 3.39170694e-01 9.05192137e-01
  4.08664942e+00 9.68357265e-01 2.21002579e+00 4.39355195e-01
  4.67650503e-01 6.96390033e-01 1.21196814e-01 3.98718029e-01
  9.95225366e-03 3.70978713e-01 5.63130826e-02 0.00000000e+00
  4.44129992e+00 0.00000000e+00 1.34036332e-01 2.11285353e+00
  2.55492353e+00 1.00902281e+01 4.51530933e-01 4.69851553e-01
  1.34260092e+01 5.22586918e+00 0.00000000e+00 1.88608563e+00
  1.23383141e+00 2.09139538e+00 3.21650481e+00 1.27984107e+00
  5.57556534e+00 1.96302199e+00 3.44259799e-01 2.93408775e+00
  5.59732533e+00 9.93300140e-01 1.23565209e+00 6.03903818e+00
  0.00000000e+00 6.28257227e+00 4.15985155e+00 7.89711761e+00
  0.00000000e+00 1.95827091e+00 1.88951933e+00 1.14692521e+00
  5.23404896e-01 4.51579094e+00 3.80972481e+00 1.15757675e+01
  3.19594860e+00 3.43543291e-01 2.95787024e+00 4.13117222e-02
  0.00000000e+00 0.00000000e+00 3.36000538e+00 3.63261652e+00
  3.26659250e+00 6.73816395e+00 2.98794675e+00 2.89299035e+00
  1.28302968e+00 7.84421396e+00 3.37548947e+00 1.11958706e+00
  8.27842331e+00 2.08966494e+00 7.04355896e-01 1.89191960e-02
  1.78167164e+00 1.73421061e+00 6.19255638e+00 5.66805184e-01
  5.58692694e+00 3.62699413e+00 5.25807714e+00 3.37084562e-01]]