[[4.1243992e+00 3.2014351e+00 1.4123122e+00 0.0000000e+00 3.9859192e+00
  4.4084287e+00 6.0643406e+00 3.6979055e-01 3.3229218e+00 5.9038854e-01
  1.3041167e+00 1.2149736e+00 1.0771651e+00 2.9493994e-01 1.5079850e-01
  4.7280160e-01 4.0983210e+00 4.4527103e-04 7.4963433e-01 4.9858642e+00
  1.4955078e+00 6.5656495e+00 1.9297761e+00 3.6098480e-01 0.0000000e+00
  7.1155152e+00 9.6289909e-01 2.4794910e+00 9.5075405e-01 3.8606565e-02
  3.7471530e-01 0.0000000e+00 3.3874168e+00 6.8536156e-01 6.8344460e+00
  5.4028449e+00 2.7365816e+00 1.8778752e-01 1.0471292e+00 4.7646302e-01
  5.4609942e-01 5.2103633e-01 2.6491451e+00 2.2593229e+00 0.0000000e+00
  2.7881186e+00 1.3893012e+00 2.8402324e+00 9.7919840e-01 1.8152965e+00
  3.8195584e+00 9.9837518e-01 1.9206634e+00 3.9126329e+00 1.0905803e+00
  4.2495832e+00 3.6342425e+00 3.0886638e+00 2.6683593e-01 7.7921853e+00
  2.1364353e+00 1.4504001e+00 2.0129316e+00 6.4079728e+00 1.4464087e+00
  6.2227011e+00 4.0602183e+00 7.6076072e-01 0.0000000e+00 1.3653713e+00
  4.9762955e+00 3.6359471e-01 1.4782989e-01 4.8961501e+00 3.2313099e+00
  5.8173448e-01 1.3498214e+00 1.1816708e+00 1.4421245e-01 3.2725263e+00
  3.0538540e+00 3.0713010e-01 4.7356906e+00 0.0000000e+00 2.0465934e+00
  1.4182425e+00 1.9551431e+00 4.9568610e+00 4.4581771e+00 3.2923722e-01
  2.9283886e+00 2.9579444e+00 0.0000000e+00 1.4838399e+00 5.5031247e+00
  3.9846191e-01 1.0147464e+00 1.8402889e-01 3.5239933e+00 7.5858541e+00
  5.7820415e+00 1.6758977e-02 2.4835126e+00 2.8189342e+00 1.4353679e+00
  0.0000000e+00 1.4129170e+00 5.1389484e+00 4.3860057e-01 3.0602064e+00
  3.3359458e+00 3.4474862e+00 4.5130486e+00 5.6053674e-01 3.1249425e-01
  1.1574484e+00 4.2686958e+00 2.8455463e-01 4.8661447e-01 5.8384209e+00
  1.2167310e+00 9.5151442e-01 6.7225057e-01 2.3799834e+00 7.0811720e+00
  4.5935564e+00 5.2147973e-01 2.1962051e-01 2.8574328e+00 1.0758300e+01
  7.3410958e-01 1.6054984e+00 5.9234805e+00 5.9209902e-02 2.9350722e+00
  4.6385131e+00 2.2233286e+00 6.6607723e+00 1.4564161e+00 1.0131929e+00
  0.0000000e+00 2.8389221e-01 7.2357082e-01 3.5106394e+00 6.9975603e-01
  2.1415474e+00 3.4882060e-01 0.0000000e+00 2.9106355e+00 0.0000000e+00
  1.6291729e+00 2.9633789e+00 3.3115299e+00 6.4568901e-01 8.3044916e-02
  3.6189425e-01 8.4567970e-01 3.7648445e-01 5.2903976e+00 2.9629459e+00
  4.9480820e+00 3.6265857e+00 3.1255932e+00 1.1574714e+00 5.6682215e+00
  3.9061165e+00 6.6419148e-01 1.8017646e+00 1.6828749e-02 8.4729922e-01
  5.0242329e+00 0.0000000e+00 3.5486560e+00 8.9118681e+00 2.0703144e+00
  1.7715506e-01 0.0000000e+00 2.3241155e+00 1.9363562e+00 1.7845352e+00
  2.6085606e+00 7.1445584e-02 4.4467902e+00 8.4086871e-01 3.4571235e+00
  1.6684829e+00 8.6763805e-01 4.1051218e-01 2.0023832e+00 5.2170855e-01
  2.0817075e+00 4.8393998e-01 1.8200052e+00 1.8813019e+00 2.0488636e+00
  4.8753567e+00 3.8334394e+00 6.0633254e+00 3.1162353e+00 0.0000000e+00
  0.0000000e+00 2.0714745e-01 3.0191717e-01 5.8163452e+00 3.4437346e+00
  1.3649408e+00 8.1441694e-01 1.2118333e-01 2.4858551e+00 1.3164343e+00
  3.5069045e-01 1.4567102e-01 5.5447686e-02 8.1712013e-01 0.0000000e+00
  1.1511874e+00 7.7144295e-01 1.2848071e+00 2.1614127e+00 7.6166642e-01
  3.1933851e+00 4.2126176e-01 9.4370413e+00 4.4018641e+00 2.4048699e-01
  1.1072481e-01 1.5528427e+00 2.5630491e+00 2.2530065e+00 4.4312820e-01
  2.6369138e+00 7.5217026e-01 1.9753203e+00 3.1015202e-01 0.0000000e+00
  4.6441994e+00 4.4402599e+00 8.9457865e+00 9.1897345e-01 1.2628138e+00
  3.9412761e+00 1.1531121e+00 7.9424629e+00 2.3632491e+00 4.1870469e-01
  4.0116539e+00 8.5485382e+00 1.2613026e+00 3.7916589e+00 3.3444229e-01
  5.1789241e+00 1.1249106e+00 1.9170227e+00 2.8761985e+00 1.0325324e+01
  8.2434773e-01 6.9120388e+00 6.2714076e-01 3.2985380e+00 8.6387134e-01
  8.9367554e-03 2.9068463e+00 2.3520682e-02 3.2098632e+00 3.4229107e+00
  2.7421084e-01 9.0899020e-02 2.1204023e+00 3.8847780e+00 2.8027191e+00
  7.2365600e-01 3.3376586e+00 3.1947737e+00 2.1749854e+00 3.9462268e+00
  2.4831481e-01 5.1758647e-01 8.9334536e-01 0.0000000e+00 3.5714713e-01
  8.3461361e+00 1.2609791e+01 1.9232506e+01 1.6578566e+00 7.1730363e-01
  1.1883019e+00 2.2743707e+00 2.4557955e+00 5.8634214e+00 1.4612858e+00
  0.0000000e+00 2.2290266e+00 1.1192125e+00 5.1921523e-01 9.9645376e-01
  2.3290768e+00 0.0000000e+00 8.2962394e-01 4.2571611e+00 0.0000000e+00
  1.8388312e+00 4.5289779e-01 9.1590977e-01 2.3424268e+00 1.5062764e+00
  7.3000062e-01 1.1532688e+00 4.6416324e-01 1.7764330e+00 2.3958815e-02
  1.4171464e+00 4.2306356e+00 2.4676476e+00 4.3874516e+00 1.3216847e+00
  1.5835195e+00 7.5627360e+00 1.0676179e+01 8.2565278e-01 1.8957998e+00
  3.5825616e-01 6.5700346e-01 1.3759587e+00 3.6027808e+00 1.7834828e+00
  6.5190310e+00 7.4105110e+00 7.6830134e-02 2.1018984e+00 1.2339842e+00
  0.0000000e+00 1.8940914e+00 4.3510344e-02 1.4113117e+00 1.0230418e+01
  3.0397255e+00 1.1888087e+00 1.4037706e+01 3.6449993e+00 7.5353332e+00
  5.8378860e-02 0.0000000e+00 4.7705445e-01 1.5378894e-01 2.8863716e+00
  6.2218652e+00 1.9164466e+00 0.0000000e+00 3.7720122e+00 8.1717741e-01
  1.5487476e-01 1.2895569e-01 4.9936613e-01 1.6085711e+00 5.3885341e-01
  0.0000000e+00 1.3256891e+00 6.7182131e+00 1.5749320e+00 2.5746412e+00
  3.8936522e+00 2.0115337e+00 5.6789821e-01 1.8050742e+00 7.2870970e-01
  1.8575613e+00 1.4965679e+01 1.1240451e+00 1.4026433e+00 0.0000000e+00
  1.3325964e+00 2.2486551e+00 1.9928751e+00 5.6822858e+00 3.4171373e-01
  1.5574548e+00 7.9384392e-01 3.7049887e+00 3.2687310e-02 1.0965807e+01
  9.9193764e+00 1.4589964e+00 2.9137979e+00 3.9789553e+00 3.6351115e-02
  6.0867822e-01 3.2342699e+00 1.1304010e+00 1.1398126e+00 2.4176571e+00
  2.5208676e+00 4.6047459e+00 4.2875457e+00 3.7019722e+00 3.6821070e-01
  2.2762159e-01 3.0677586e+00 1.3437501e+00 6.8405092e-01 2.0881758e+00
  3.7357473e+00 1.8669434e+00 1.1207516e+00 7.7307596e+00 6.2730980e+00
  2.9785590e+00 3.1320081e+00 9.7994270e+00 1.7375128e-02 3.1031232e+00
  1.0597482e+00 1.3735037e+00 0.0000000e+00 1.0577427e+00 6.2285775e-01
  1.7067385e+00 0.0000000e+00 1.9533376e+00 0.0000000e+00 1.8041459e-01
  0.0000000e+00 8.4349501e-01 6.1443019e+00 2.0018356e+00 1.9752651e+00
  9.2988670e-01 4.3156223e+00 3.5337422e+00 1.9346455e+00 7.2609752e-01
  2.2372980e+00 2.0566459e+00 3.3169720e+00 1.1152798e+00 0.0000000e+00
  8.8375092e-01 4.5055671e+00 5.5641764e-01 9.2624462e-01 2.9307923e+00
  3.4892571e+00 9.8637700e-01 0.0000000e+00 1.4842463e+00 0.0000000e+00
  1.9558208e+00 0.0000000e+00 1.9901828e-01 0.0000000e+00 0.0000000e+00
  2.4080385e-01 3.7547295e+00 2.6861081e+00 1.6090989e+00 3.6469448e-01
  0.0000000e+00 2.1491495e+01 1.6113008e+00 9.9929994e-01 2.9098885e+00
  7.4992073e-01 1.5620617e+00 2.5444331e+00 6.4978275e+00 2.4521697e+00
  1.2311344e+00 1.4313989e+00 3.0250072e+00 1.0282207e+00 1.1057655e+00
  1.0973935e+00 2.2307971e+00 0.0000000e+00 3.7240231e+00 7.7171683e-01
  2.9278605e+00 2.3413210e+00 5.6292897e-01 3.0116751e+00 1.2708212e+00
  9.6966732e-01 2.1366282e+00 1.6038636e+00 1.0323859e+01 1.2343906e+00
  9.0305144e-01 9.7543621e+00 8.5042901e-03 0.0000000e+00 2.4047446e+00
  1.4818445e+00 4.4230466e+00 1.7949510e-01 5.6385428e-01 3.2108033e+00
  2.4111068e+00 9.2786312e-01 2.6821022e+00 4.8768935e+00 1.8068100e+00
  1.0830427e+01 1.6134887e+00 4.4636303e-01 0.0000000e+00 4.0265709e-01
  6.5022826e-02 1.6748857e+01 3.0367055e+00 2.1776280e+00 1.6467602e+00
  1.8357199e-01 2.4746194e-01]]