[[1.46314073e+00 3.59009790e+00 5.32659054e+00 4.91293579e-01
  1.98573828e-01 1.19688120e+01 3.89080787e+00 1.43495232e-01
  4.10263395e+00 1.96548164e+00 1.47722590e+00 5.82296073e-01
  1.74963498e+00 3.38770723e+00 7.54451007e-02 1.14131391e+00
  3.01162124e-01 9.34855580e-01 6.93693757e-02 1.25115166e+01
  4.73823119e-03 1.02612495e+01 0.00000000e+00 2.35167050e+00
  9.88926351e-01 4.89525890e+00 3.87598544e-01 1.93246627e+00
  1.96097326e+00 0.00000000e+00 6.12416327e-01 5.47800636e+00
  3.23362201e-01 1.68361807e+00 1.84291840e+00 1.49493718e+00
  2.74500346e+00 2.29720855e+00 5.26961040e+00 1.36903584e+00
  1.04867339e+00 1.07480466e-01 7.61841297e-01 6.05227518e+00
  1.30036247e+00 1.35957524e-01 5.68254995e+00 3.50318527e+00
  2.42797065e+00 3.26924109e+00 2.26384544e+00 1.58798337e+00
  2.13179708e+00 7.71699607e-01 3.25754356e+00 4.63909245e+00
  3.99108410e+00 1.13072624e+01 5.47821665e+00 6.54918432e-01
  7.10052490e-01 4.00852084e-01 3.87736392e+00 1.18683023e+01
  0.00000000e+00 1.23476124e+00 5.39963770e+00 2.25977230e+00
  3.40413094e+00 1.39955854e+00 2.38837451e-01 1.13332176e+00
  0.00000000e+00 7.19367933e+00 4.03435278e+00 8.62338692e-02
  3.26845479e+00 3.17559987e-02 2.77993155e+00 2.87060523e+00
  2.71795481e-01 3.31602764e+00 1.37405252e+00 0.00000000e+00
  1.51672614e+00 3.03202343e+00 5.89871597e+00 6.16352081e-01
  7.57428408e+00 8.18205738e+00 1.10465539e+00 1.69558764e+00
  1.17066436e-01 2.74113584e+00 9.38267171e-01 5.30180754e-03
  1.12453485e+00 2.11664510e+00 0.00000000e+00 4.61626911e+00
  2.75362873e+00 5.82712364e+00 1.17644320e+01 4.27474594e+00
  0.00000000e+00 0.00000000e+00 1.86323542e-02 1.78213194e-01
  1.40876555e+00 5.44502544e+00 0.00000000e+00 3.39276648e+00
  1.19661056e-01 8.93726349e+00 5.12883842e-01 3.50451112e-01
  5.73840475e+00 2.47916698e+00 1.20447910e+00 6.01192236e+00
  1.09401715e+00 6.85958803e-01 7.76847780e-01 1.15048218e+01
  4.49017382e+00 1.37869790e-01 3.90382707e-02 7.42316425e-01
  1.30560160e+00 7.35057163e+00 4.20368004e+00 5.41483974e+00
  6.54329681e+00 1.20909071e+00 2.06600595e+00 3.65823174e+00
  9.57510293e-01 1.18899167e+00 1.61685121e+00 1.05733690e+01
  3.05761099e-01 0.00000000e+00 3.79546523e+00 4.74413252e+00
  4.58521158e-01 6.49500561e+00 2.82255554e+00 2.32801080e-01
  3.95021486e+00 2.07475638e+00 1.65650578e+01 1.06464744e-01
  1.72240555e+00 3.82956445e-01 5.27927391e-02 0.00000000e+00
  4.82038307e+00 6.56324565e-01 2.05311465e+00 1.58632469e+00
  0.00000000e+00 3.95834279e+00 3.13791776e+00 2.01680839e-01
  2.37137508e+00 6.77856112e+00 6.86528906e-02 1.09275608e+01
  2.52657682e-01 1.00789919e+01 1.81213737e+00 0.00000000e+00
  7.49751186e+00 2.15000696e-02 3.40285778e-01 1.50364805e-02
  2.30338216e+00 3.39257032e-01 5.01598310e+00 5.98417330e+00
  3.47292209e+00 1.16704357e+00 3.43049407e+00 3.86464186e-02
  1.02068067e+00 9.74767268e-01 1.38076458e+01 3.04054707e-01
  6.18235707e-01 6.14985132e+00 9.42878628e+00 0.00000000e+00
  0.00000000e+00 1.46750154e+01 0.00000000e+00 2.77687001e+00
  7.84066856e-01 8.66264403e-01 1.59624445e+00 0.00000000e+00
  3.50004506e+00 0.00000000e+00 7.48931408e+00 8.99266779e-01
  3.47261238e+00 0.00000000e+00 1.31296885e+00 3.68448520e+00
  2.28815079e+00 1.21451473e+00 3.31532121e+00 3.38229132e+00
  3.15685701e+00 4.17517233e+00 2.33712763e-01 1.13456398e-01
  0.00000000e+00 8.64570856e-01 3.37608957e+00 1.54464769e+00
  5.45447469e-01 5.26120567e+00 1.07391918e+00 6.58599854e+00
  9.22717476e+00 5.14776230e+00 6.38976872e-01 4.72527170e+00
  1.73283100e+00 7.32422352e-01 2.00846100e+00 2.79657936e+00
  7.92170167e-01 4.23778415e-01 3.59527206e+00 1.70557761e+00
  2.46919632e+00 3.65198255e+00 3.08290601e+00 3.03073287e+00
  3.80002952e+00 4.66924191e+00 2.26771927e+00 1.56228077e+00
  3.50500464e+00 1.87882268e+00 7.75904608e+00 1.06232405e+00
  1.67733324e+00 3.24851918e+00 1.06723185e+01 1.91894186e+00
  2.09155393e+00 2.21254539e+00 1.42440176e+00 3.19745827e+00
  1.43938434e+00 2.95550561e+00 2.26244426e+00 2.68571234e+00
  8.84159327e-01 2.79420662e+00 0.00000000e+00 4.00256968e+00
  1.98190308e+00 3.99195981e+00 0.00000000e+00 1.87427831e+00
  2.96506166e+00 1.23302810e-01 1.27341661e+01 3.53624821e-01
  3.84874225e-01 1.23609829e+00 2.07048917e+00 1.06302178e+00
  4.32963848e+00 1.07027435e+00 4.82986450e-01 2.12597561e+00
  5.62395477e+00 1.10265160e+00 3.47206736e+00 1.46948791e+00
  3.07055783e+00 2.06042185e-01 9.69819665e-01 1.38840938e+00
  9.48450565e-01 6.12938023e+00 8.13247785e-02 4.88572264e+00
  5.44682169e+00 6.98848677e+00 4.04676533e+00 1.09516895e+00
  6.37244129e+00 3.14381719e-01 1.76182270e+00 1.56914985e+00
  1.11029119e+01 9.43103552e-01 4.73954964e+00 2.06434727e+00
  6.17589235e-01 1.33201003e+00 2.86277461e+00 5.35480595e+00
  7.00347137e+00 9.16459084e+00 5.17718554e-01 0.00000000e+00
  9.57028210e-01 9.90166962e-01 3.18641329e+00 0.00000000e+00
  2.80323005e+00 8.95359421e+00 9.25274277e+00 4.99778938e+00
  0.00000000e+00 1.87981653e+00 1.06153488e+00 4.52476144e-01
  6.42747641e-01 1.07721233e+01 9.52852440e+00 2.88276243e+00
  2.07561278e+00 2.39009261e-01 1.55192327e+00 6.99595785e+00
  2.71085930e+00 8.33756828e+00 4.20867634e+00 2.84994030e+00
  0.00000000e+00 5.66778946e+00 7.08504391e+00 9.41520631e-01
  1.20797738e-01 1.05439208e-01 3.18918705e-01 5.48615170e+00
  9.40707386e-01 6.61045074e-01 1.54330442e-02 1.05228424e-02
  2.70953393e+00 3.16853613e-01 1.25271320e+00 9.95747447e-01
  0.00000000e+00 8.44040394e-01 1.27430797e+00 1.06127989e+00
  7.59057760e+00 8.58723640e+00 9.82828236e+00 2.49881172e+00
  3.87107468e+00 4.14291471e-01 1.02600775e+01 1.57823658e+00
  4.79161119e+00 4.63779974e+00 1.30176105e+01 1.67466474e+00
  4.02385116e-01 0.00000000e+00 2.82271355e-01 5.32777369e-01
  1.76131678e+00 1.77514851e+00 3.34682798e+00 2.26790690e+00
  3.15347046e-01 3.17046285e+00 3.37563425e-01 4.23201752e+00
  1.03431129e+00 1.55322790e+01 7.95481443e-01 1.03026085e+01
  1.20374990e+00 1.47513762e+01 9.87739742e-01 8.50228667e-02
  1.07794476e+00 1.29353535e+00 9.91717279e-02 1.56896567e+00
  3.47013474e+00 2.44402575e+00 5.37202072e+00 2.71886015e+00
  9.71863985e-01 2.04082608e+00 6.89717388e+00 1.48815525e+00
  4.70858002e+00 7.78355312e+00 0.00000000e+00 4.81358576e+00
  4.06379175e+00 1.37678850e+00 0.00000000e+00 2.05722952e+00
  0.00000000e+00 3.87937236e+00 6.06311464e+00 4.02155590e+00
  3.98271158e-03 3.17217207e+00 0.00000000e+00 0.00000000e+00
  9.87045914e-02 6.63967323e+00 1.29325032e-01 4.27782440e+00
  1.26167023e+00 1.96235967e+00 2.76944351e+00 5.15209579e+00
  3.79302025e+00 1.18348002e-01 7.82686090e+00 1.82992697e+00
  2.13854241e+00 1.47533178e+00 8.39180279e+00 4.04133844e+00
  1.87307358e+01 1.00656652e+00 4.57938480e+00 8.66259384e+00
  1.08800507e+00 1.24990044e+01 4.40006685e+00 2.74251485e+00
  2.48999104e-01 1.83411157e+00 9.12600160e-01 4.70107555e+00
  2.46798396e+00 3.79359603e+00 6.72970438e+00 1.13308215e+00
  3.32601762e+00 1.13924408e+00 1.02426586e+01 7.51072168e+00
  4.47847635e-01 1.07318985e+00 6.17448950e+00 3.07649159e+00
  6.49147177e+00 2.37022233e+00 0.00000000e+00 4.04427958e+00
  1.48596029e+01 1.80810034e+00 3.96159142e-01 0.00000000e+00
  0.00000000e+00 3.05194438e-01 6.53435349e-01 3.46863389e+00
  4.45439398e-01 1.72770345e+00 5.21152496e+00 1.87646699e+00
  1.26341963e+00 6.93624687e+00 1.65725632e+01 4.56730366e-01
  3.58631778e+00 2.70702744e+00 0.00000000e+00 3.95808744e+00
  4.25130272e+00 0.00000000e+00 0.00000000e+00 1.26368189e+00
  0.00000000e+00 0.00000000e+00 2.75538349e+00 7.63132930e-01
  5.75606060e+00 2.94244140e-01 4.17854643e+00 1.61396623e-01
  6.56303024e+00 6.89062929e+00 2.37572217e+00 1.82173097e+00
  6.06894121e-02 1.87940478e+00 3.41492333e-02 9.63714898e-01
  4.80198526e+00 1.46960151e+00 2.17736149e+00 2.55880499e+00
  2.72921729e+00 3.93834084e-01 1.00853224e+01 8.53517950e-01
  1.12269986e+00 1.41105056e+00 5.42360640e+00 3.19051832e-01]]