[[2.72257423e+00 2.75539351e+00 1.34521365e+00 3.71792436e-01
  1.01822829e+00 8.18061054e-01 2.81430221e+00 5.51247358e+00
  5.01214886e+00 1.84120722e-02 4.91969538e+00 7.17972577e-01
  1.19121456e+00 1.31214876e+01 1.64352536e+00 1.85152638e+00
  8.21769893e-01 7.40868449e-01 0.00000000e+00 1.34436226e+00
  2.73623538e+00 7.20904231e-01 6.28659308e-01 2.49707150e+00
  3.21793139e-01 5.14125347e+00 9.46301222e-01 9.70040143e-01
  8.60191941e-01 1.16188467e-01 1.19678640e+00 6.92106056e+00
  1.31071079e+00 6.49463177e-01 4.43568993e+00 8.73145282e-01
  6.56256676e-01 2.48040700e+00 4.34083271e+00 5.03989756e-01
  3.47599602e+00 1.89756668e+00 1.60181725e+00 3.07638264e+00
  4.15998966e-01 2.72898245e+00 5.31468582e+00 1.14246762e+00
  3.74430561e+00 1.79444468e+00 9.39925432e-01 8.64174128e-01
  1.31469131e+00 0.00000000e+00 6.17508125e+00 9.60675001e-01
  9.79267716e-01 1.62365401e+00 1.69262495e-02 1.47504032e+00
  1.71005130e+00 4.56264526e-01 3.70619035e+00 5.17881107e+00
  0.00000000e+00 9.62930870e+00 3.64722872e+00 5.48414707e+00
  2.70310283e+00 1.56985208e-01 6.75416470e+00 1.58549213e+00
  1.16176665e+00 1.32713413e+01 1.47841430e+00 4.96704737e-03
  2.73845816e+00 4.70351189e-01 2.99687600e+00 3.77149582e+00
  2.91120124e+00 6.83196068e-01 1.21016331e+01 5.74135351e+00
  2.02344537e+00 1.84296966e+00 6.16652632e+00 1.61597884e+00
  5.71821642e+00 0.00000000e+00 5.42748642e+00 8.32961738e-01
  0.00000000e+00 6.72946721e-02 1.30080685e-01 3.65823582e-02
  2.99593949e+00 3.30615330e+00 6.79592609e-01 8.56511116e+00
  2.24202418e+00 2.44770837e+00 3.86819434e+00 6.26190758e+00
  9.10056770e-01 2.52061099e-01 2.51740289e+00 2.36529946e-01
  4.19465876e+00 6.09674072e+00 2.35296869e+00 3.32097977e-01
  4.09884691e-01 2.88063407e-01 3.18723828e-01 0.00000000e+00
  4.45951414e+00 3.44686556e+00 0.00000000e+00 2.77097273e+00
  0.00000000e+00 1.37800312e+00 1.87479508e+00 6.86255360e+00
  5.46447158e-01 5.51028442e+00 3.05241871e+00 4.07493934e-02
  8.56254280e-01 9.20941257e+00 1.18302953e+00 8.69624519e+00
  1.60059967e+01 1.90508974e+00 1.47504830e+00 1.23370552e+00
  4.51661348e+00 9.80976820e-01 1.29941416e+00 2.58935022e+00
  4.33420688e-01 1.64454818e-01 5.23143673e+00 3.13973212e+00
  1.68895912e+00 4.48518783e-01 2.83542705e+00 0.00000000e+00
  1.08791244e+00 0.00000000e+00 0.00000000e+00 7.17457294e-01
  2.10835290e+00 3.26542020e+00 2.03135192e-01 1.96968400e+00
  5.01067257e+00 7.43178487e-01 2.59546995e+00 5.27741098e+00
  1.11192572e+00 5.62311125e+00 1.99185586e+00 0.00000000e+00
  1.99261034e+00 4.14131975e+00 2.67940074e-01 3.94462109e+00
  1.16565514e+00 2.95103288e+00 3.34092069e+00 1.47635257e+00
  5.42765474e+00 5.08921623e+00 2.60086823e+00 6.85804427e-01
  0.00000000e+00 8.41533318e-02 6.03279161e+00 4.54976273e+00
  6.31422043e+00 1.37138116e+00 6.21612012e-01 2.58578372e+00
  3.19838595e+00 1.63848317e+00 4.26794767e+00 2.48669100e+00
  1.56173557e-01 4.71486187e+00 5.32296562e+00 8.36303532e-01
  4.82112741e+00 8.82033706e-01 0.00000000e+00 1.59426463e+00
  3.20291829e+00 3.64061952e-01 1.02048426e+01 0.00000000e+00
  6.23476934e+00 0.00000000e+00 3.21974087e+00 1.93538189e+00
  1.10679150e+01 1.71217906e+00 7.58158922e+00 7.17180550e-01
  2.87452054e+00 4.18719721e+00 4.57216454e+00 5.04007339e+00
  5.32848883e+00 5.43892479e+00 5.66225410e-01 4.53489095e-01
  1.23683062e+01 8.67163849e+00 1.97969675e+00 1.94302455e-01
  1.45861006e+00 5.55133486e+00 7.25073290e+00 1.31878674e+00
  2.68986392e+00 1.32039487e+00 6.79798317e+00 5.26616812e+00
  1.65644681e+00 5.40621710e+00 2.82348013e+00 2.23751593e+00
  7.70804501e+00 9.26392078e-01 5.71978092e+00 7.19475806e-01
  1.20374947e+01 4.06107855e+00 2.03815651e+00 8.75910282e+00
  3.91725469e+00 0.00000000e+00 1.61682940e+00 6.31446171e+00
  3.06045151e+00 7.60360670e+00 8.01587009e+00 2.32033515e+00
  2.72529912e+00 9.11956882e+00 3.15278411e-01 2.95083737e+00
  6.49268055e+00 6.03779936e+00 2.57299042e+00 2.30233267e-01
  4.63099152e-01 7.12264717e-01 4.86708343e-01 7.91556740e+00
  4.61286962e-01 7.38538146e-01 3.54621917e-01 1.98085570e+00
  3.29941201e+00 2.12759018e+00 0.00000000e+00 1.38670599e+00
  3.84409571e+00 1.06111288e+00 5.80973864e-01 2.93866253e+00
  3.48201609e+00 1.16644979e+00 4.07657290e+00 5.38722217e-01
  5.54396629e+00 4.91942823e-01 0.00000000e+00 2.27620935e+00
  2.38070869e+00 7.66951889e-02 4.39217567e+00 3.91364843e-01
  5.78081235e-03 6.24652028e-01 1.94648623e+00 3.06678987e+00
  7.02278852e-01 7.30825806e+00 0.00000000e+00 1.08236706e+00
  9.83570933e-01 1.13964176e+00 8.99976254e-01 1.63155270e+00
  4.66025352e+00 0.00000000e+00 5.82279503e-01 5.62241115e-02
  4.75642490e+00 1.13872185e+01 0.00000000e+00 1.35042536e+00
  9.72879696e+00 5.64266634e+00 1.85096309e-01 8.60749781e-01
  1.81098735e+00 1.19977725e+00 1.92257494e-01 1.79125965e+00
  1.86425614e+00 8.69624078e-01 3.18390822e+00 1.13495372e-01
  3.14104533e+00 9.03809071e+00 1.30118752e+00 2.91969776e-01
  7.53001153e-01 4.91463333e-01 9.98515606e-01 1.28816879e+00
  9.42519903e-01 3.52878094e+00 2.47569299e+00 1.51552483e-01
  4.02763939e+00 2.52469826e+00 0.00000000e+00 2.09570479e+00
  1.82124233e+00 5.52609491e+00 5.53909969e+00 1.89899802e+00
  9.09615278e-01 4.07665682e+00 0.00000000e+00 9.63473260e-01
  6.54156953e-02 3.12695444e-01 1.11351042e+01 4.04984665e+00
  2.36811191e-02 6.46494627e-01 0.00000000e+00 8.65413696e-02
  3.23064804e+00 1.10319622e-01 4.68589973e+00 2.30619740e+00
  7.54108143e+00 1.04639518e+00 1.10522718e+01 6.14027306e-02
  9.05449092e-01 5.00217295e+00 5.69641924e+00 2.65863895e-01
  1.48638797e+00 6.68471813e-01 1.55060112e+00 4.54727507e+00
  3.13040948e+00 3.67638040e+00 1.38997202e+01 0.00000000e+00
  0.00000000e+00 9.11212206e-01 7.62894213e-01 2.49685550e+00
  4.60860634e+00 3.14449191e+00 6.31129313e+00 2.65963340e+00
  8.17949176e-01 5.87497997e+00 1.00690536e+01 1.81812799e+00
  2.69049597e+00 2.95674419e+00 5.58117342e+00 2.33934617e+00
  0.00000000e+00 3.47060728e+00 2.41422653e+00 2.47645450e+00
  1.49383426e+00 1.96445572e+00 1.22956347e+00 5.66545200e+00
  8.76439452e-01 7.34543622e-01 5.07553101e+00 1.38009608e+00
  1.54062951e+00 4.18067843e-01 1.12484241e+00 1.22342837e+00
  7.99749279e+00 7.90904164e-01 7.98193365e-02 9.25668907e+00
  1.28503585e+00 2.13314223e+00 0.00000000e+00 6.40956354e+00
  2.58291435e+00 4.88581955e-01 1.00780325e+01 2.57938409e+00
  3.33993053e+00 1.09427843e+01 1.59319475e-01 4.67923313e-01
  3.39564180e+00 4.99502134e+00 0.00000000e+00 1.22247076e+00
  1.24886727e+00 2.79870224e+00 8.39081097e+00 1.17648249e+01
  9.63219833e+00 1.36880088e+00 3.30820131e+00 4.18636942e+00
  7.15730727e-01 1.13313079e+00 5.16228557e-01 6.72155762e+00
  2.26621127e+00 2.18408123e-01 5.00510991e-01 3.94552183e+00
  6.90530062e-01 1.50036883e+00 3.40860076e-02 0.00000000e+00
  5.07987179e-02 1.08985591e+00 2.90740460e-01 1.02363932e+00
  0.00000000e+00 3.70165735e-01 3.93095948e-02 2.27587557e+00
  7.39345884e+00 1.18023121e+00 1.38217640e+00 7.79079342e+00
  1.32782757e+00 4.06515837e+00 2.05569983e+00 7.97554612e-01
  5.05480337e+00 9.43781257e-01 1.86784279e+00 6.46727514e+00
  1.99750173e+00 3.17966080e+00 2.80347896e+00 0.00000000e+00
  0.00000000e+00 6.44385147e+00 6.61874175e-01 7.68584824e+00
  5.22570467e+00 2.78048635e+00 7.99618244e-01 6.89728212e+00
  3.77965420e-02 1.49717245e+01 2.21466789e+01 1.55882680e+00
  2.21017694e+00 4.03436750e-01 3.98277617e+00 6.33702660e+00
  3.91911602e+00 1.35330362e+01 0.00000000e+00 4.18445873e+00
  9.73588109e-01 0.00000000e+00 7.40146494e+00 3.96761566e-01
  4.28803205e-01 7.32095063e-01 3.80090213e+00 1.88497055e+00
  3.88323045e+00 7.33882636e-02 1.23760700e+00 4.12694979e+00
  2.83085197e-01 3.11604595e+00 1.13275754e+00 3.56731176e+00
  3.55018210e+00 1.14998662e+00 1.15108652e+01 1.14663792e+00
  7.74461079e+00 2.68835831e+00 1.12949638e+01 0.00000000e+00
  2.68486428e+00 8.98042500e-01 3.28681707e+00 4.13247490e+00]]