[[7.09127426e+00 1.04078472e+00 3.55533622e-02 2.22735032e-01
  0.00000000e+00 5.54200470e-01 1.71729908e+01 4.03897667e+00
  1.67883039e-01 8.67233813e-01 7.63717985e+00 1.63186085e+00
  5.23963785e+00 1.59893913e+01 5.56848717e+00 7.48328209e+00
  0.00000000e+00 7.84493461e-02 1.65346885e+00 1.74892592e+00
  2.40741521e-01 2.76279402e+00 1.34300917e-01 2.80840397e-01
  3.02416873e+00 2.17151785e+00 0.00000000e+00 1.17306101e+00
  4.56248999e-01 2.54339218e+00 9.05440748e-03 2.85637379e-01
  4.07341719e+00 6.20828032e-01 5.88095427e-01 7.98424304e-01
  8.40800405e-01 3.27484560e+00 1.50307071e+00 8.60070884e-01
  2.12619901e-01 6.04133010e-01 3.16737199e+00 9.29769933e-01
  9.84261394e-01 3.18246484e+00 2.49068379e+00 4.96387339e+00
  3.22416210e+00 3.32665849e+00 1.71934223e+00 0.00000000e+00
  1.11985296e-01 1.65560758e+00 3.49275279e+00 2.19981879e-01
  7.29217947e-01 5.26929903e+00 0.00000000e+00 1.98189631e-01
  1.43096209e-01 1.04417944e+00 2.57448554e+00 3.41827321e+00
  0.00000000e+00 7.62234449e+00 5.04769683e-01 5.20099592e+00
  2.26116109e+00 2.38126874e-01 6.71211183e-01 1.85734108e-01
  2.52340817e+00 1.20290327e+01 3.66288990e-01 2.94987839e-02
  1.65344566e-01 1.56887448e+00 3.15056629e-02 9.17130756e+00
  9.89250720e-01 3.17501950e+00 4.35581207e+00 6.74857259e-01
  1.87243485e+00 4.02782202e+00 5.43538570e-01 3.13457322e+00
  2.68879986e+00 4.29924059e+00 3.14688730e+00 1.64051354e-01
  7.68533349e-02 8.79092634e-01 7.35236704e-01 9.62726474e-02
  2.13467336e+00 2.93646169e+00 4.34959203e-01 7.47025728e+00
  1.51059365e+00 8.87626171e+00 1.78889811e+00 5.81484365e+00
  1.19950369e-01 0.00000000e+00 8.31621826e-01 6.07852042e-01
  1.00280404e+00 5.75617647e+00 9.69823658e-01 3.18288398e+00
  0.00000000e+00 8.55979174e-02 1.01686037e+00 1.01975918e+00
  1.18537259e+00 5.70404673e+00 0.00000000e+00 7.19354057e+00
  1.78300843e-01 2.77059019e-01 0.00000000e+00 4.60888815e+00
  5.10759056e-02 2.72210503e+00 0.00000000e+00 1.35131645e+00
  0.00000000e+00 1.38682623e+01 1.11658192e+00 0.00000000e+00
  1.16133213e+01 3.90615612e-01 0.00000000e+00 4.39842749e+00
  0.00000000e+00 2.20947647e+00 2.44746399e+00 4.18084669e+00
  1.17648280e+00 1.88398147e+00 2.01631451e+00 1.22157526e+00
  2.72923052e-01 2.67818928e-01 7.62934589e+00 1.34498405e+00
  0.00000000e+00 4.75885153e-01 5.18795061e+00 2.60383010e-01
  1.67388153e+00 4.50529382e-02 1.95947722e-01 1.12167048e+00
  1.93049455e+00 4.39839661e-01 5.37318754e+00 3.86568487e-01
  1.66615379e+00 4.36068344e+00 8.24401474e+00 2.16317153e+00
  4.37243986e+00 1.78746653e+00 7.64187723e-02 2.30300236e+00
  2.33316377e-01 2.06687450e+00 0.00000000e+00 0.00000000e+00
  8.63435650e+00 3.35727558e-02 2.63260388e+00 3.91980320e-01
  4.65072727e+00 4.33803529e-01 3.49192500e+00 8.33945930e-01
  1.27622471e+01 7.42025900e+00 4.03169775e+00 1.40034986e+00
  1.02789557e+00 2.55409884e+00 1.62037814e+00 2.46613234e-01
  3.01954341e+00 5.49561083e-01 6.71942091e+00 0.00000000e+00
  4.05624819e+00 1.34426579e-01 6.03652000e-01 0.00000000e+00
  0.00000000e+00 3.81550074e+00 1.07491183e+00 8.89594734e-01
  2.28425503e+00 1.96423495e+00 4.18668365e+00 7.95920074e-01
  3.31747866e+00 0.00000000e+00 0.00000000e+00 0.00000000e+00
  0.00000000e+00 3.88462710e+00 0.00000000e+00 3.44833404e-01
  2.50863194e+00 1.69157732e+00 1.32634938e+00 2.29415369e+00
  0.00000000e+00 9.87440109e+00 4.05275011e+00 2.68058777e-01
  2.13288546e+00 7.37358868e-01 5.25774145e+00 7.65680894e-02
  0.00000000e+00 9.23931837e-01 1.69920945e+00 6.50957286e-01
  2.28158283e+00 2.03155756e+00 3.89116907e+00 3.19129038e+00
  8.99549866e+00 3.28742057e-01 6.58296406e-01 4.45482671e-01
  0.00000000e+00 7.51907921e+00 6.25834227e-01 1.70272331e+01
  1.32286716e+00 0.00000000e+00 1.22180474e+00 2.45625949e+00
  2.97273588e+00 4.91688204e+00 9.19010925e+00 1.65915322e+00
  4.73002768e+00 0.00000000e+00 1.90491581e+00 5.58715010e+00
  0.00000000e+00 3.81563759e+00 2.07090691e-01 0.00000000e+00
  2.99226314e-01 4.09745835e-02 8.67940724e-01 1.50270343e+00
  1.46061793e-01 1.73632801e-01 3.20479721e-01 2.81959057e+00
  1.58727813e+00 7.98087168e+00 1.23680460e+00 5.85140419e+00
  3.56005120e+00 2.43861532e+00 5.44304228e+00 2.71050525e+00
  7.80584526e+00 3.26868176e+00 3.69944930e+00 8.97377357e-02
  5.85681391e+00 3.27743053e-01 1.34309083e-01 3.27307820e+00
  3.49788189e+00 3.71119857e+00 6.17700672e+00 5.64839505e-02
  7.32909620e-01 3.38009536e-01 5.52284718e-01 7.83841968e-01
  1.15746748e+00 5.24540997e+00 9.16653693e-01 1.90053344e+00
  2.90931773e+00 0.00000000e+00 5.50741434e+00 5.24880253e-02
  9.32682455e-01 2.83370686e+00 4.96668398e-01 0.00000000e+00
  1.11301410e+00 1.58422697e+00 5.60269403e+00 0.00000000e+00
  8.35671711e+00 1.10619932e-01 1.68148804e+00 0.00000000e+00
  1.44905853e+00 2.69508898e-01 3.61438417e+00 7.12048531e+00
  1.97691154e+00 2.35638952e+00 8.19095612e+00 1.22785091e+00
  5.48437643e+00 1.03371000e+01 0.00000000e+00 4.00099963e-01
  3.50121760e+00 3.92572927e+00 5.59330034e+00 5.75530052e-01
  5.78777409e+00 7.74955750e-01 1.48238049e+01 1.62416446e+00
  3.31474036e-01 0.00000000e+00 1.39799106e+00 2.57704329e+00
  2.85867333e+00 1.76314378e+00 5.15505648e+00 1.45349276e+00
  4.29847574e+00 1.36359901e+01 0.00000000e+00 2.40223575e+00
  1.93938899e+00 3.18859100e-01 0.00000000e+00 4.82012558e+00
  1.87486660e+00 6.79665184e+00 1.65778136e+00 1.37430739e+00
  5.10510635e+00 9.21064734e-01 2.46020579e+00 0.00000000e+00
  8.56033027e-01 3.30974150e+00 1.61853284e-01 4.56094086e-01
  7.88470805e-01 4.93832111e+00 6.38533545e+00 0.00000000e+00
  0.00000000e+00 1.81219038e-02 0.00000000e+00 0.00000000e+00
  1.71304071e+00 5.70888138e+00 6.48028564e+00 1.76205242e+00
  4.14880067e-02 0.00000000e+00 3.20277786e+00 5.86138058e+00
  1.59718490e+00 3.68552160e+00 0.00000000e+00 3.63575339e+00
  1.81556058e+00 2.12687445e+00 2.39641964e-02 4.15048885e+00
  7.22167540e+00 1.08540332e+00 5.66991679e-02 3.67144346e+00
  0.00000000e+00 1.01726894e+01 1.04331875e+00 0.00000000e+00
  2.96403098e+00 2.26702952e+00 2.79739571e+00 2.74972701e+00
  7.66529942e+00 1.83573616e+00 8.82027090e-01 7.02074957e+00
  2.18663096e+00 3.26595235e+00 4.64853048e+00 0.00000000e+00
  1.96813619e+00 1.05539191e+00 0.00000000e+00 1.08091640e+01
  8.16295433e+00 1.43885374e-01 0.00000000e+00 1.28789253e+01
  1.79298207e-01 2.51442969e-01 1.25045478e+00 9.16067719e-01
  5.43376732e+00 1.71295643e+00 3.95205587e-01 0.00000000e+00
  5.12484312e-01 2.57936168e+00 2.01169387e-01 2.25314355e+00
  2.41688657e+00 3.01308334e-01 3.89885759e+00 4.68432474e+00
  3.82106185e+00 1.18161373e+01 6.90542126e+00 3.43197560e+00
  4.61517429e+00 3.01740456e+00 0.00000000e+00 1.89549047e-02
  7.00202703e+00 2.39358187e+00 0.00000000e+00 5.79514790e+00
  1.42784941e+00 5.10868788e+00 0.00000000e+00 1.50495970e+00
  3.69387984e+00 0.00000000e+00 4.50005801e-03 2.10782036e-01
  6.70247316e-01 3.29242498e-01 5.19081891e-01 4.67044443e-01
  5.10063314e+00 1.12515724e+00 1.44635093e+00 2.50831890e+00
  2.49375153e+00 8.69114101e-01 9.44088459e-01 1.47745168e+00
  9.40142536e+00 4.25123596e+00 2.72782898e+00 2.90487498e-01
  1.12448990e-01 4.39451933e+00 1.53543800e-01 0.00000000e+00
  0.00000000e+00 7.10154057e-01 0.00000000e+00 2.12247419e+00
  1.28518033e+00 2.28476381e+00 1.10866559e+00 1.21177740e+01
  6.37051880e-01 1.61701775e+01 1.94870396e+01 4.57723022e-01
  1.53122604e+00 1.73027843e-01 5.98203802e+00 1.11716871e+01
  4.51008737e-01 2.30610733e+01 0.00000000e+00 8.94167328e+00
  2.02485061e+00 0.00000000e+00 2.65231347e+00 6.81029409e-02
  0.00000000e+00 6.53912604e-01 1.95137227e+00 1.41995239e+01
  8.87431681e-01 8.34032726e+00 2.92533785e-01 9.67090905e-01
  1.22795212e+00 1.28171489e-01 1.35990357e+00 2.07376099e+00
  7.00889015e+00 4.02838022e-01 1.01701009e+00 6.04281187e-01
  3.55305880e-01 2.12016964e+00 9.66076374e+00 3.11479425e+00
  3.22926974e+00 0.00000000e+00 4.01566029e+00 1.77027988e+00]]