[[8.85949135e+00 1.01380706e+00 1.83353019e+00 3.13616723e-01
  9.88932788e-01 2.49082017e+00 1.78260307e+01 1.56585348e+00
  8.90676081e-01 9.33473632e-02 2.70190740e+00 1.79135895e+00
  2.53986139e-02 1.31842744e+00 0.00000000e+00 5.72758734e-01
  6.44282484e+00 0.00000000e+00 0.00000000e+00 5.47557545e+00
  1.63316965e-01 1.21023440e+00 0.00000000e+00 7.84710217e+00
  0.00000000e+00 3.63418913e+00 7.34671402e+00 6.69654322e+00
  1.37272394e+00 4.69553757e+00 3.68960440e-01 8.41393292e-01
  1.25392270e+00 9.34203088e-01 6.34480501e-04 7.63319075e-01
  3.76076400e-02 9.72717255e-02 2.17718816e+00 7.23920012e+00
  1.15489328e+00 6.87972009e-01 1.28434563e+00 2.50478649e+00
  8.28688383e-01 0.00000000e+00 3.47503567e+00 8.94660771e-01
  4.25666666e+00 5.40254784e+00 5.90371370e-01 4.45576906e+00
  4.56682682e-01 9.21601892e-01 1.81830382e+00 1.35462322e+01
  2.33838990e-01 1.33131218e+01 2.34922314e+00 3.97012615e+00
  1.08216614e-01 5.25183022e-01 9.23210335e+00 2.03579307e+00
  3.66277665e-01 5.30355883e+00 5.74285351e-02 5.96734047e+00
  2.28120542e+00 5.78412437e+00 3.52365685e+00 8.74195766e+00
  5.40277910e+00 5.17854786e+00 9.38123405e-01 9.96911645e-01
  0.00000000e+00 2.53941917e+00 5.82856894e-01 0.00000000e+00
  7.76189685e-01 2.07939267e+00 3.37961030e+00 0.00000000e+00
  1.06932583e+01 1.56866550e+00 0.00000000e+00 1.42972577e+00
  1.88289881e+00 0.00000000e+00 1.30379426e+00 1.26313889e+00
  3.60291839e-01 1.05048680e+00 6.93253040e-01 0.00000000e+00
  1.32554102e+00 3.99251270e+00 1.02053270e-01 1.57078505e+00
  9.19287086e-01 6.51404190e+00 6.19646549e-01 4.18293715e+00
  2.09437943e+00 9.61771297e+00 0.00000000e+00 1.66389620e+00
  8.53408813e-01 6.59037530e-01 1.82419074e+00 2.40375370e-01
  8.06360662e-01 3.61537576e+00 3.25790501e+00 0.00000000e+00
  9.67766476e+00 2.30609751e+00 2.05318332e+00 1.00986040e+00
  0.00000000e+00 8.43510056e+00 5.66835999e-02 4.67578697e+00
  5.94105864e+00 2.28056335e+00 0.00000000e+00 0.00000000e+00
  0.00000000e+00 8.42868805e+00 3.11278868e+00 4.56361264e-01
  2.15155554e+00 7.15524629e-02 2.24633470e-01 2.40955377e+00
  1.50659859e+00 2.32805276e+00 7.22842455e-01 2.66135263e+00
  1.71612203e+00 5.57196915e-01 2.98686594e-01 3.22788262e+00
  3.23273277e+00 7.63405800e-01 4.67662477e+00 1.13839790e-01
  1.14729553e-02 0.00000000e+00 4.44511080e+00 1.49885669e-01
  9.48117152e-02 1.57704294e-01 4.70003545e-01 3.93635146e-02
  1.28349572e-01 0.00000000e+00 1.32208490e+00 2.25085211e+00
  2.95273638e+00 5.56794524e-01 5.62827158e+00 0.00000000e+00
  2.52070737e+00 3.47743797e+00 7.19551668e-02 2.58407211e+00
  0.00000000e+00 4.58279085e+00 9.01586819e+00 9.52566803e-01
  4.61076021e+00 2.42980883e-01 2.20770508e-01 9.30393696e-01
  0.00000000e+00 1.10227358e+00 2.06054668e+01 2.17493305e+01
  1.35850644e+00 0.00000000e+00 4.85675430e+00 8.14556897e-01
  6.56214178e-01 3.31900537e-01 6.35000801e+00 6.42540157e-01
  2.26152807e-01 7.96615183e-01 4.91736317e+00 0.00000000e+00
  6.34418297e+00 1.27466068e+01 0.00000000e+00 1.07631445e+00
  1.04492176e+00 1.49836044e+01 7.23952770e-01 0.00000000e+00
  1.44956231e-01 0.00000000e+00 0.00000000e+00 1.00239366e-01
  8.68816471e+00 3.70886636e+00 0.00000000e+00 5.54185331e-01
  7.18472945e-03 1.61663568e+00 4.08215094e+00 3.36626458e+00
  2.57526422e+00 2.97253323e+00 5.65398455e-01 2.38106370e+00
  0.00000000e+00 2.22912216e+00 4.54390436e-01 7.99422741e-01
  7.60625005e-01 3.21498322e+00 1.92963254e+00 1.18488884e+00
  3.49332035e-01 4.60956812e+00 0.00000000e+00 7.40125000e-01
  0.00000000e+00 3.99774134e-01 3.79555798e+00 1.25372005e+00
  1.06088722e+00 8.39618966e-02 6.44281983e-01 2.64619613e+00
  2.37854436e-01 4.91294909e+00 4.13486147e+00 1.34701455e+00
  1.00974333e+00 4.36700314e-01 3.13889050e+00 4.85126686e+00
  4.74216938e+00 9.65410352e-01 8.44056416e+00 3.62272048e+00
  6.21873140e-01 4.78496170e+00 1.04917622e+00 1.68483686e+00
  5.24304867e-01 4.63934994e+00 1.57645214e+00 0.00000000e+00
  4.93894958e+00 5.27990222e-01 1.50973871e-01 0.00000000e+00
  2.59543896e+00 1.14650309e+00 3.49568226e-03 7.97469282e+00
  4.59363747e+00 2.08557844e-01 3.30783987e+00 4.89123344e+00
  6.22556305e+00 5.29408455e-01 3.45036149e+00 3.61110300e-01
  4.40909624e+00 3.30848074e+00 9.69978154e-01 4.45950687e-01
  6.00389433e+00 5.29696703e-01 0.00000000e+00 5.15791297e-01
  7.43215740e-01 6.27373695e+00 4.36075401e+00 3.15964878e-01
  3.16720057e+00 0.00000000e+00 9.70972776e-01 2.01793015e-01
  2.00731993e+00 3.64051390e+00 0.00000000e+00 1.83864141e+00
  2.33799243e+00 3.52786851e+00 1.46782422e+00 7.04596877e-01
  2.00665522e+00 1.76246238e+00 2.20527217e-01 0.00000000e+00
  1.05456448e+01 7.29870722e-02 3.67419052e+00 3.75426888e-01
  6.83614135e-01 3.92082238e+00 6.53878599e-02 2.17447329e+00
  3.34212160e+00 4.57396030e-01 5.09068727e-01 1.97529152e-01
  1.33822843e-01 0.00000000e+00 2.54034019e+00 0.00000000e+00
  2.43090701e+00 1.41946373e+01 4.49428368e+00 9.37156498e-01
  1.28945434e+00 2.21251225e+00 1.50304198e+00 1.41476750e+00
  2.90223670e+00 2.33472180e+00 4.92672014e+00 1.24058926e+00
  2.34448147e+00 1.35239625e+00 4.15134519e-01 2.25558352e+00
  1.40681744e+00 5.45669138e-01 6.16955757e+00 8.46141577e-01
  9.90896130e+00 1.93986702e+00 1.02659798e+00 1.45594835e+00
  1.02254069e+00 1.00606120e+00 1.44253999e-01 1.41475511e+00
  1.92077267e+00 2.46311903e+00 3.07688117e+00 3.45012522e+00
  2.78011751e+00 2.97801137e-01 5.97111523e-01 4.68941748e-01
  0.00000000e+00 1.59124196e+00 7.73553193e-01 1.46122217e+00
  4.61359918e-01 8.26888371e+00 8.87830019e-01 4.37556356e-01
  1.31124222e+00 2.92612296e-02 1.18514166e+01 2.52663363e-02
  1.96346164e+00 2.44977310e-01 2.30119457e+01 4.42408353e-01
  3.30778629e-01 0.00000000e+00 8.61398399e-01 2.57951164e+00
  2.43856764e+00 1.65982902e-01 7.70933270e-01 6.83574975e-01
  3.11196476e-01 9.27178001e+00 2.53354359e+00 1.70869255e+00
  1.37742960e+00 9.60241854e-02 0.00000000e+00 3.67023635e+00
  1.55957317e+00 2.51525092e+00 5.03740050e-02 1.84045985e-01
  5.99672985e+00 1.33449411e+00 3.28944862e-01 1.05441654e+00
  1.35580635e+01 1.57675207e+00 0.00000000e+00 0.00000000e+00
  6.72221422e+00 1.75406182e+00 3.21148992e+00 8.18325818e-01
  7.84866035e-01 8.56851006e+00 1.21766319e+01 7.29557943e+00
  4.23216105e-01 0.00000000e+00 0.00000000e+00 9.16262150e-01
  3.44720334e-01 1.11018336e+00 5.59393358e+00 1.75528765e+00
  5.63877463e-01 0.00000000e+00 1.84936762e+00 1.79933894e+00
  2.19704437e+00 9.26427722e-01 4.26252514e-01 5.63029814e+00
  2.53523684e+00 3.93781632e-01 3.67749520e-02 7.59144545e+00
  2.62629223e+00 6.36814892e-01 6.05419302e+00 5.07969522e+00
  2.76708746e+00 2.68416834e+00 8.99658298e+00 1.75325528e-01
  3.54152131e+00 3.92205685e-01 0.00000000e+00 1.12289925e+01
  7.74449229e-01 7.22818232e+00 0.00000000e+00 2.49999833e+00
  4.73594761e+00 2.14374363e-01 0.00000000e+00 4.11657143e+00
  2.68062925e+00 2.71381807e+00 4.87554693e+00 9.58013177e-01
  0.00000000e+00 3.86571527e-01 1.44325054e+00 1.50191045e+00
  0.00000000e+00 0.00000000e+00 6.56058073e+00 0.00000000e+00
  3.18469834e+00 3.81921482e+00 1.88468713e-02 4.46344495e-01
  6.02549016e-01 2.17059278e+00 1.36765033e-01 1.18900728e+00
  0.00000000e+00 4.48562384e-01 1.66041446e+00 1.98681429e-01
  6.45412266e-01 9.85090196e-01 1.51858270e+00 0.00000000e+00
  3.66092539e+00 3.01367474e+00 1.58618331e+00 3.75690609e-01
  2.02856970e+00 3.34189460e-02 2.13726234e+00 3.64119291e+00
  1.84249759e+00 3.97571057e-01 0.00000000e+00 1.38532817e+00
  0.00000000e+00 4.49064589e+00 7.71808386e-01 3.48041487e+00
  7.37547338e-01 4.86414097e-02 3.78068876e+00 5.66808045e-01
  4.08149093e-01 1.26538539e+00 1.16710758e+00 3.32145452e+00
  3.15811563e+00 4.25749397e+00 0.00000000e+00 1.06624889e+00
  7.56424189e+00 8.36586058e-01 4.34600830e+00 1.35594797e+00
  5.22312164e+00 1.76209748e-01 4.07948399e+00 3.43013480e-02
  2.96444893e-01 0.00000000e+00 5.18410873e+00 1.12637031e+00]]