[[2.2048660e-01 2.3664792e+00 2.0657768e+00 1.2761678e-01 0.0000000e+00
  3.5875196e+00 1.7208669e+00 0.0000000e+00 1.2039435e-01 3.5153773e-01
  6.4754248e-02 1.2300854e+00 8.0814868e-01 8.4179056e-01 0.0000000e+00
  2.1594744e+00 3.9771971e-01 2.4529904e-01 1.4424262e+00 4.8617821e+00
  2.9126677e-01 7.7644539e+00 2.5776231e+00 3.8156395e+00 1.1757675e+00
  7.6152873e+00 7.7245855e-01 1.7857804e+00 1.5416975e+00 0.0000000e+00
  0.0000000e+00 1.4754342e-02 8.6788517e-01 3.6164804e+00 0.0000000e+00
  3.5730960e+00 8.2108569e-01 1.1475967e-02 4.7585831e+00 3.0254726e+00
  3.9061747e+00 7.0252019e-01 5.2833503e-01 4.5693183e+00 0.0000000e+00
  1.2081870e+00 1.8709157e+00 7.6089054e-01 6.5041180e+00 2.0593889e+00
  1.5870199e+00 2.2005354e-01 6.3364850e-03 3.4179411e+00 1.4427148e+00
  5.2114353e+00 1.7194830e+00 8.2136679e+00 1.4558041e+00 1.8164459e-01
  2.8825543e+00 9.8299849e-01 5.9475422e+00 8.1661301e+00 9.8061346e-02
  7.4054098e-01 4.5084369e-01 4.6408424e+00 3.6000955e-01 1.6304941e+00
  8.5916176e+00 1.6833435e+00 0.0000000e+00 7.2152883e-01 9.2249519e-01
  0.0000000e+00 1.8079610e-01 0.0000000e+00 1.6310273e-01 4.8118100e-01
  0.0000000e+00 2.5470369e+00 2.7713096e+00 7.0062146e-02 1.7680885e+00
  5.4481449e+00 0.0000000e+00 4.5284361e-01 9.1457754e-01 0.0000000e+00
  4.9472771e+00 1.9826523e+00 0.0000000e+00 4.6055479e+00 3.8325083e+00
  2.8550836e-01 3.1566545e-01 2.8334441e+00 3.2334800e+00 5.0958806e-01
  8.9540881e-01 1.3994161e+00 1.4356978e+01 2.4648807e+00 0.0000000e+00
  1.9341356e-01 1.4773691e+00 2.1386670e-01 0.0000000e+00 1.2875777e-01
  9.8909736e-01 2.0879750e+00 1.5903111e-01 2.3512647e+00 1.2055023e+00
  0.0000000e+00 3.1638153e+00 6.8214262e-01 8.0785710e-01 4.4770064e+00
  9.6705240e-01 1.2922636e+00 7.4887268e-02 4.0564947e+00 1.8622268e+00
  3.8782678e+00 0.0000000e+00 4.6060774e-02 6.7571044e-02 1.8561026e+01
  4.6054468e-01 3.0825612e-01 3.5929222e+00 1.4392790e-01 0.0000000e+00
  2.1738322e+00 2.3208512e-02 5.3550494e-01 1.4650146e+00 9.7169638e+00
  2.6727712e-01 2.6137089e-02 1.4101192e-01 4.6233368e+00 4.7719204e-01
  3.1370413e-01 1.0031080e+00 9.7608909e-02 0.0000000e+00 2.7979594e-01
  5.0398622e+00 2.4222889e+00 1.8520211e+00 3.1244445e-01 4.7972571e-02
  1.5153604e+00 1.8581982e-01 2.0020101e+00 4.8690641e-01 2.1079555e+00
  5.9142107e-01 1.1414269e+00 1.2011845e+00 8.4280628e-01 4.8448625e+00
  1.1594170e+00 4.0420361e-02 2.1014507e+00 1.5511237e-01 1.0097945e+00
  0.0000000e+00 7.9831970e-01 5.9250412e+00 1.0933481e+01 2.8837147e+00
  1.8179767e+00 0.0000000e+00 1.9899771e+00 2.3044863e+01 2.7689126e+00
  1.5530940e+00 4.5614126e-01 1.9630461e+00 2.7686723e-03 0.0000000e+00
  1.4598255e+00 1.2199444e+00 2.5016659e-01 4.0151882e+00 1.0950042e+00
  7.4897110e-01 1.7544040e-01 1.8723725e-01 5.9987745e+00 4.4175705e-01
  2.7069936e+00 8.9666247e-02 3.5999341e+00 9.2452818e-01 3.9952034e-01
  2.5955758e+00 8.6306274e-01 0.0000000e+00 2.3778861e+00 1.3767325e+00
  2.9120636e-01 1.3366992e+00 5.6699082e-02 4.5417699e-01 7.5759211e+00
  6.4894331e-01 3.3320627e+00 0.0000000e+00 4.4931097e+00 6.5781373e-01
  2.0464325e-01 9.6893924e-01 0.0000000e+00 6.6919792e-01 1.3933266e+00
  5.8902798e+00 9.2148954e-01 1.9967912e-01 1.6237594e+00 3.4262657e-01
  1.5525273e+00 8.5607660e-01 1.5659609e+00 0.0000000e+00 2.0674737e-02
  2.0375896e+00 2.4540064e+00 2.7697449e+00 1.5938500e+00 1.7564859e+00
  4.6096213e-02 2.5130820e+00 7.3167624e+00 1.6823472e+00 2.2674494e+00
  3.7153566e-01 4.7580031e-01 5.5858231e+00 6.1205244e-01 2.3770695e+00
  1.4937776e+01 3.1968129e+00 1.4970607e+00 1.0039860e+00 1.9685915e+00
  4.7902384e+00 0.0000000e+00 2.2822747e+00 1.2018811e+00 7.7875309e+00
  1.3567600e+00 2.4706544e-01 1.3218334e+00 1.7276795e+00 3.9333168e-01
  4.0757751e-01 1.4627616e-01 3.7518987e-01 0.0000000e+00 1.1200128e+00
  0.0000000e+00 0.0000000e+00 3.2891295e+00 6.2303929e+00 2.0573869e+00
  2.3926868e+00 0.0000000e+00 8.3930063e-01 7.9270786e-01 1.0155954e-01
  7.1466857e-01 3.9904258e+00 8.9357382e-01 4.2260110e-01 1.1883841e+00
  7.2917366e+00 7.1608014e+00 9.1946831e+00 8.3156794e-01 5.7288690e+00
  8.1557535e-02 5.8121996e+00 5.3716236e-01 1.1117493e+00 4.0822024e+00
  8.8710564e-01 5.2887172e-01 4.0529079e+00 1.1872200e+01 2.2860475e+00
  4.1043621e-01 4.1718059e+00 5.4374969e-01 9.8055375e-01 0.0000000e+00
  3.6767220e+00 5.4760379e-01 8.2056160e+00 4.1484722e-01 2.4930203e-01
  4.5879808e-01 5.8374816e-01 1.1915222e-02 2.7179810e-01 0.0000000e+00
  4.9848495e+00 0.0000000e+00 2.6482990e-01 7.9319453e-01 7.2934141e+00
  0.0000000e+00 9.3715107e-01 2.2156503e+00 0.0000000e+00 0.0000000e+00
  1.0556139e+00 4.9106727e+00 1.5842168e+00 2.1050110e-01 2.1280059e-01
  2.8669432e-01 2.3177309e+00 0.0000000e+00 0.0000000e+00 0.0000000e+00
  4.2795712e-01 3.2711608e+00 3.7206176e-01 5.1482934e-01 7.4748940e+00
  1.7164346e+00 9.8626310e-01 1.4160644e+00 1.9967165e+00 3.4048004e+00
  4.5045722e-01 0.0000000e+00 2.6462725e-01 9.6623963e-01 2.2159915e+00
  2.1888204e+00 1.1269124e+00 1.9423610e-02 1.3729594e+00 3.5566023e-01
  0.0000000e+00 1.0283064e-01 0.0000000e+00 1.7301555e-01 2.6309030e+00
  1.4074759e-01 0.0000000e+00 3.8596876e+00 0.0000000e+00 1.1146742e+00
  2.5929995e+01 1.9617702e-01 8.0567276e-01 1.6254007e+00 4.8796659e+00
  2.1370563e-01 1.3417532e+01 1.6623625e-01 8.0577087e-01 9.9041879e-01
  2.5533986e-01 0.0000000e+00 3.7002873e-01 7.8383160e-01 1.9904863e+00
  6.0392070e-01 1.8200693e+00 2.6782484e+00 0.0000000e+00 2.1318312e+00
  3.2605476e+00 1.3548400e+00 6.7254508e-01 1.7454591e+00 8.7580293e-01
  3.4289083e-01 1.2541065e+00 3.3991864e-01 4.5727411e-01 5.5190105e+00
  8.1681281e-01 1.0276612e+00 1.8414246e+00 3.5524442e+00 2.3725149e-01
  3.7604358e+00 4.4277596e+00 2.1787663e+00 3.1390140e+00 3.4766042e-01
  2.7882547e+00 6.9120479e+00 2.2507677e+00 3.9748333e+00 4.9653053e+00
  2.9211750e+00 8.3525568e-01 7.9282254e-01 2.0372243e-01 4.2816834e+00
  3.5994475e+00 6.7527086e-01 0.0000000e+00 1.7030903e+00 2.3761734e-01
  4.8894474e-01 4.1279116e-01 5.9070475e-02 5.5260676e-01 2.0817977e-01
  3.5406023e-01 8.7194815e-02 1.1834606e+00 8.4149895e+00 3.8570470e-01
  6.7282182e-01 5.0748420e+00 7.1020827e+00 2.2485416e+00 9.2757851e-02
  4.2134821e-01 1.6229231e+00 2.8153615e+00 4.7878761e+00 3.8628834e-01
  3.5200003e-01 1.5323511e+00 0.0000000e+00 1.3849899e+00 8.9821619e-01
  5.2324243e-02 3.3710158e-01 0.0000000e+00 5.5234331e-01 5.1698071e-01
  5.4044914e-01 8.5710001e-01 1.3554881e+00 0.0000000e+00 6.4193201e-01
  2.3825875e-02 2.2395482e+00 1.1045638e+00 4.5424185e+00 5.9293108e+00
  3.3648932e-01 8.2681255e+00 3.3373719e-01 0.0000000e+00 5.6007342e+00
  3.0652235e+00 3.4692788e-01 8.3049631e-01 2.2263122e-01 0.0000000e+00
  8.1313884e-01 4.7919965e-01 3.7012875e+00 1.3811553e+00 1.2566200e-01
  1.0151552e-01 6.3000602e-01 0.0000000e+00 1.0619689e+01 2.2025535e-01
  2.3473436e-01 2.3500177e-01 8.6311060e-01 0.0000000e+00 6.3427180e-01
  0.0000000e+00 0.0000000e+00 1.0956066e+00 1.4565911e+00 0.0000000e+00
  1.0188329e+00 4.5592279e+00 1.9696046e-01 4.4945979e-01 1.0962474e-01
  2.8207502e+00 2.7043264e+00 2.6110349e+00 4.5489690e-01 1.7038528e+00
  9.0605766e-01 2.0742629e+00 2.7096941e+00 0.0000000e+00 1.5620376e-01
  7.2057695e+00 7.7839300e-02 7.7407968e-01 0.0000000e+00 1.0911940e+00
  5.9496963e-01 5.4516230e+00 3.4942837e+00 2.3950717e+00 0.0000000e+00
  1.5523101e+00 1.1879154e+00]]