[[4.00152177e-01 4.24895477e+00 7.56317616e-01 0.00000000e+00
  2.15788335e-02 1.08634272e+01 5.02443695e+00 7.17775747e-02
  4.99906778e-01 3.01565826e-01 8.19737911e-01 1.80409098e+00
  2.82145166e+00 2.64131999e+00 2.96462655e-01 4.98728561e+00
  1.84455618e-01 2.48293662e+00 1.65964830e+00 5.84013748e+00
  1.97790670e+00 1.40389853e+01 4.32287641e-02 1.96834922e+00
  1.55100369e+00 5.99995518e+00 0.00000000e+00 1.94160867e+00
  8.78321350e-01 0.00000000e+00 8.69293883e-03 1.38389075e+00
  2.84019083e-01 7.66721964e+00 2.04319492e-01 4.40250492e+00
  1.19010556e+00 1.41589031e-01 3.75611234e+00 4.61119413e+00
  1.60843623e+00 3.43321592e-01 2.60355139e+00 5.90300703e+00
  3.85444403e-01 2.67108870e+00 3.35031056e+00 1.32036224e-01
  6.34128809e+00 2.18940663e+00 9.31502581e-01 1.14436400e+00
  2.34481558e-01 5.42049503e+00 5.19269276e+00 6.82941532e+00
  5.45801830e+00 7.33337736e+00 0.00000000e+00 0.00000000e+00
  6.04352653e-01 1.70802808e+00 7.92791700e+00 1.09440680e+01
  9.10640776e-01 7.61458099e-01 2.91098976e+00 5.14033985e+00
  1.00259364e+00 1.75833273e+00 2.30177140e+00 1.31240502e-01
  0.00000000e+00 1.51731682e+00 2.30071950e+00 0.00000000e+00
  3.29103433e-02 3.99392772e+00 1.36009884e+00 1.03780365e+00
  0.00000000e+00 7.35575378e-01 3.90208364e+00 0.00000000e+00
  7.55244350e+00 3.01488948e+00 4.94267130e+00 1.54467416e+00
  4.20623636e+00 2.92620212e-01 6.18133593e+00 5.37936926e-01
  9.57223773e-02 3.83422875e+00 5.08754134e-01 2.01840043e-01
  1.46852827e+00 5.08968735e+00 4.98164147e-01 1.02604437e+00
  6.78272724e-01 2.76972127e+00 1.40031214e+01 1.21044226e+01
  0.00000000e+00 5.19252598e-01 1.59000313e+00 2.60816604e-01
  1.31910473e-01 1.12298739e+00 6.13703966e-01 2.16829896e-01
  2.09704220e-01 2.73178697e+00 1.54168355e+00 3.91774625e-02
  2.86483526e+00 1.55612850e+00 3.37482542e-01 5.71105385e+00
  8.91842067e-01 8.60947669e-02 0.00000000e+00 7.15143776e+00
  2.65814137e+00 5.77876759e+00 0.00000000e+00 0.00000000e+00
  9.44475889e-01 1.07052937e+01 2.53443933e+00 5.08741856e-01
  3.96429062e+00 2.06826732e-01 0.00000000e+00 6.06382895e+00
  1.43231496e-01 5.99223793e-01 3.25119823e-01 1.40390577e+01
  8.63238275e-01 6.77956462e-01 1.51941655e-02 4.72362089e+00
  1.75734401e-01 9.80316758e-01 2.60446239e+00 0.00000000e+00
  0.00000000e+00 1.15035129e+00 8.13384056e+00 2.92749667e+00
  1.06816757e+00 6.41148329e-01 2.15127066e-01 2.95746160e+00
  4.52636331e-01 3.37843704e+00 9.83038843e-01 2.95947231e-02
  1.81142628e+00 3.12341523e+00 4.71405888e+00 1.12242782e+00
  5.72991991e+00 1.47915399e+00 8.48894659e-03 4.47346926e+00
  1.59015447e-01 2.96638012e+00 2.13062525e-01 4.34960270e+00
  7.49309921e+00 9.12701321e+00 2.53539085e+00 4.44832897e+00
  5.81733882e-01 2.18380976e+00 1.27780428e+01 3.95991540e+00
  1.57789671e+00 1.59649312e+00 3.98251176e+00 9.42060649e-01
  1.03005111e+00 2.77742648e+00 4.81176519e+00 8.98327291e-01
  4.51865101e+00 2.37092927e-01 4.17045546e+00 0.00000000e+00
  0.00000000e+00 6.93970871e+00 0.00000000e+00 1.50538445e+00
  0.00000000e+00 4.33725452e+00 2.13834596e+00 8.50990474e-01
  8.98903310e-01 3.97132945e+00 9.32838097e-02 1.12971401e+00
  6.51196316e-02 6.04484342e-02 3.70714664e-01 2.51850579e-02
  3.74986619e-01 4.41511869e+00 2.28044820e+00 1.38675427e+00
  8.99456024e-01 4.63237572e+00 2.16162622e-01 1.42972767e+00
  1.72494340e+00 6.01685286e-01 5.92082798e-01 2.32076693e+00
  1.04835739e+01 6.01864052e+00 4.14816171e-01 4.59845737e-02
  3.35580528e-01 5.10345316e+00 6.96823150e-02 2.99790263e+00
  2.62256265e-01 6.30965352e-01 1.08903837e+00 1.62635946e+00
  1.08995128e+00 1.41295719e+00 3.02627349e+00 4.15334940e-01
  6.22631168e+00 8.44088173e+00 1.25209773e+00 1.81005549e+00
  4.36297864e-01 3.08153677e+00 3.40658808e+00 2.83988762e+00
  4.38711739e+00 1.37865524e+01 5.40104008e+00 3.45102102e-01
  9.50789332e-01 1.83539724e+00 1.26525497e+01 9.51861501e-01
  1.22613585e+00 1.87954462e+00 7.46216393e+00 6.37016392e+00
  8.54535639e-01 1.87306356e+00 2.71146536e+00 3.60301232e+00
  2.70828176e+00 4.90082912e-02 6.25561595e-01 5.15220225e-01
  3.90161848e+00 1.14327356e-01 0.00000000e+00 2.50618482e+00
  8.34041214e+00 4.27941680e-01 2.71662211e+00 1.06872149e-01
  4.24742794e+00 2.38493323e-01 2.37155810e-01 1.09348357e+00
  7.66312408e+00 2.40059137e+00 0.00000000e+00 5.63925838e+00
  6.25406694e+00 5.21168327e+00 1.20118008e+01 6.88393712e-01
  5.94178057e+00 4.69395034e-02 1.92025602e+00 4.52058363e+00
  8.41084778e-01 5.41097164e+00 2.75323123e-01 2.44379807e+00
  4.15965509e+00 1.18837357e+01 3.84562516e+00 1.55333593e-01
  8.92430973e+00 5.20245361e+00 1.75260436e-02 1.97696295e-02
  6.65882635e+00 1.11663151e+00 9.47959709e+00 7.54772127e-01
  5.06723464e-01 1.36517656e+00 3.95575076e-01 4.36625928e-01
  3.44288063e+00 1.02471566e+00 1.46282184e+00 2.78264344e-01
  3.56899738e-01 2.25192642e+00 3.43023443e+00 4.90493476e-01
  2.29976726e+00 4.30362082e+00 1.05118656e+00 0.00000000e+00
  6.72209024e+00 3.44411731e+00 3.05838323e+00 0.00000000e+00
  1.65538883e+00 5.93334341e+00 3.63505459e+00 1.50589701e-02
  2.16212079e-01 4.96890366e-01 1.45158732e+00 8.13722324e+00
  5.78369349e-02 2.75840831e+00 7.31649733e+00 1.24972034e+00
  1.29454482e+00 4.14928973e-01 8.24442768e+00 1.63154507e+00
  1.11200762e+00 5.36454022e-02 0.00000000e+00 2.45052195e+00
  2.52244115e+00 3.65220141e+00 7.70976767e-02 2.78253764e-01
  2.52584934e+00 2.14343572e+00 2.02209026e-01 3.23343515e+00
  0.00000000e+00 4.60320145e-01 1.60033453e+00 1.34979713e+00
  3.45856357e+00 7.84179831e+00 9.63709533e-01 1.22421944e+00
  2.03558540e+01 0.00000000e+00 4.98450422e+00 4.36925220e+00
  3.13071370e+00 0.00000000e+00 1.07179737e+01 2.09020472e+00
  8.65491509e-01 0.00000000e+00 4.64218184e-02 1.39339590e+00
  2.48150873e+00 4.01407385e+00 3.13309550e+00 3.42780590e+00
  1.30634427e+00 9.60947722e-02 1.06682360e-01 5.19726801e+00
  4.84076405e+00 7.42523670e+00 2.32465029e+00 4.00621271e+00
  1.99460649e+00 5.11482954e-01 2.36963081e+00 2.82464653e-01
  7.72179246e-01 1.04846392e+01 1.33370757e+00 9.29164469e-01
  3.36453414e+00 4.17776442e+00 0.00000000e+00 4.21420765e+00
  4.40247631e+00 3.77900910e+00 7.07450724e+00 4.53463465e-01
  4.68287659e+00 1.06314096e+01 1.19041741e+00 5.64067030e+00
  5.05336285e+00 3.88003755e+00 7.21463561e-01 1.50005388e+00
  4.39662188e-02 2.42624140e+00 7.12800694e+00 1.09877694e+00
  0.00000000e+00 2.49276876e+00 8.54860619e-02 1.48025081e-01
  4.28130478e-01 4.58090484e-01 2.31139064e+00 2.39943758e-01
  9.67879713e-01 6.15975142e-01 2.18583393e+00 6.48306704e+00
  2.11727643e+00 1.40190139e-01 3.59547448e+00 6.86169004e+00
  4.62948990e+00 9.25834477e-01 2.31818056e+00 5.35527086e+00
  5.61650467e+00 3.81666279e+00 1.50615036e+00 4.40844345e+00
  1.07749605e+00 7.89398193e-01 2.09693360e+00 1.38871503e+00
  6.75346851e-01 3.35423875e+00 6.54001176e-01 1.56932819e+00
  4.55046982e-01 3.28894210e+00 1.42043245e+00 2.54154062e+00
  0.00000000e+00 5.76655567e-01 1.44276333e+00 5.67783546e+00
  4.62907076e+00 3.91255212e+00 6.44389296e+00 6.13643980e+00
  2.76308393e+00 3.51604581e-01 1.48617595e-01 6.19817066e+00
  9.60397243e-01 1.03541505e+00 2.78888988e+00 0.00000000e+00
  1.39066565e+00 1.10556889e+00 1.65683389e+00 3.49613929e+00
  6.59237146e-01 1.36045262e-01 0.00000000e+00 7.52866447e-01
  4.54833448e-01 1.20674524e+01 2.44505219e-02 5.59355676e-01
  4.73618078e+00 8.46861780e-01 0.00000000e+00 1.28680384e+00
  2.85149626e-02 0.00000000e+00 1.18377185e+00 2.07841635e+00
  1.54975069e+00 4.46280432e+00 7.98531771e+00 3.15016556e+00
  1.46155749e-02 6.65081292e-02 4.61662674e+00 1.94729614e+00
  2.52304149e+00 6.38149452e+00 1.70254803e+00 1.82987416e+00
  3.81617062e-02 3.45868754e+00 7.26905227e-01 2.13819599e+00
  7.14595890e+00 5.80637395e-01 9.35552502e+00 3.84383965e+00
  3.06508398e+00 1.72008312e+00 8.48151779e+00 1.98971188e+00
  2.14350677e+00 5.37187099e-01 5.96861553e+00 7.65645266e-01]]