[[6.17254555e-01 2.50692129e+00 1.36090386e+00 3.56773078e-01
  3.00613713e+00 1.48054790e+00 4.99380016e+00 7.15891838e-01
  3.44209862e+00 1.56907094e+00 1.20067205e+01 5.98267412e+00
  4.16635895e+00 1.73323762e+00 5.98990822e+00 1.08385305e+01
  1.26502323e+00 1.13344538e+00 1.78340745e+00 4.14402246e+00
  4.96467322e-01 3.11479259e+00 4.33516073e+00 1.27357855e-01
  1.58726132e+00 5.86095047e+00 1.30942905e+00 4.20353673e-02
  3.40454268e+00 0.00000000e+00 1.08070290e+00 5.37802745e-03
  9.89652812e-01 7.78989220e+00 7.71133006e-01 3.86155510e+00
  2.14889050e+00 4.11252677e-01 6.34440231e+00 3.41279078e+00
  3.72067511e-01 4.04888391e+00 1.14633969e-03 1.53750861e+00
  0.00000000e+00 2.31140041e+01 1.59305763e+00 6.37503803e-01
  5.43057919e+00 2.34625602e+00 2.15616718e-01 7.74831176e-01
  1.78398907e-01 1.81984413e+00 2.70454597e+00 5.19396877e+00
  7.16835308e+00 6.71377420e+00 3.87256324e-01 2.02581540e-01
  1.63697374e+00 3.50146818e+00 4.87003613e+00 6.21424580e+00
  8.48383844e-01 3.28893948e+00 4.40087223e+00 1.87752581e+00
  3.13862205e+00 4.50716257e+00 5.79621077e-01 5.41689634e-01
  1.04479313e+00 1.04415169e+01 1.02821922e+00 2.71484041e+00
  1.10962477e+01 3.67482871e-01 3.88378441e-01 1.68316662e+00
  1.33165407e+01 1.06862307e+01 1.00460558e+01 2.21056056e+00
  6.87091875e+00 1.08891468e+01 0.00000000e+00 8.78808916e-01
  4.06498480e+00 1.22998774e+00 1.94578400e+01 2.08365870e+00
  1.76087245e-01 7.32977676e+00 3.08708024e+00 1.77108657e+00
  4.10183430e+00 2.90503168e+00 1.19636612e+01 0.00000000e+00
  1.96418628e-01 2.93433952e+00 2.29021335e+00 1.20731449e+01
  0.00000000e+00 1.31067085e+00 1.67345786e+00 7.60058045e-01
  3.02389622e+00 1.57086894e-01 4.99930096e+00 9.16056442e+00
  1.91116381e+00 0.00000000e+00 2.84411788e+00 5.18443584e-01
  5.42447090e+00 4.03181696e+00 0.00000000e+00 3.77780437e+00
  7.96009004e-01 6.69737995e-01 2.17691040e+00 7.06669760e+00
  1.29050922e+00 4.55651379e+00 1.25069392e+00 1.87776279e+00
  3.68947685e-01 1.34321489e+01 4.51650763e+00 4.75996923e+00
  6.79692745e+00 1.22356808e+00 1.24699220e-01 1.33440006e+00
  0.00000000e+00 1.58417261e+00 9.27860975e-01 3.44175839e+00
  1.73447299e+00 1.36593318e+00 7.63803542e-01 9.45779991e+00
  2.65109468e+00 7.53161192e-01 8.78304195e+00 8.99812043e-01
  6.39614058e+00 1.28637934e+00 1.78724863e-02 5.63536358e+00
  3.97874546e+00 5.23201370e+00 3.00966501e+00 3.03520036e+00
  1.80083585e+00 5.91376972e+00 1.42074144e+00 3.76163602e+00
  1.04270387e+00 1.21289997e+01 4.33057165e+00 4.23053360e+00
  1.14909868e+01 1.88860631e+00 4.64135259e-01 4.20844793e+00
  0.00000000e+00 3.06396723e+00 8.19977093e+00 4.40196896e+00
  6.60192633e+00 8.06986141e+00 3.55880260e+00 8.28831732e-01
  5.95087481e+00 0.00000000e+00 6.12196445e+00 1.08008206e+00
  4.46359491e+00 1.61906755e+00 4.21422291e+00 6.72241271e-01
  1.69590637e-01 6.16255665e+00 1.66006714e-01 3.82826775e-01
  3.53995776e+00 3.53220510e+00 8.49392712e-01 9.40681696e-01
  6.24772549e+00 1.04334602e+01 8.44341755e+00 6.80113196e-01
  7.39919615e+00 5.59950161e+00 6.53219032e+00 2.34726572e+00
  5.91995811e+00 6.84210891e-03 0.00000000e+00 1.46875925e+01
  1.14387465e+01 3.05936146e+00 1.49091506e+00 3.34279585e+00
  2.50740337e+00 9.27629650e-01 4.56037611e-01 3.95234179e+00
  0.00000000e+00 7.74559879e+00 0.00000000e+00 8.47517073e-01
  5.85616529e-01 1.16139841e+01 4.80072737e-01 1.19670606e+00
  1.52298272e+00 4.86475563e+00 2.56344938e+00 4.51655298e-01
  9.23148334e-01 6.79419136e+00 4.13847923e+00 1.44172966e+00
  2.49974871e+00 2.76894832e+00 5.93190384e+00 1.28658104e+00
  1.09373510e+00 1.59294176e+00 8.08423281e-01 1.17047501e+00
  9.08348680e-01 6.26937294e+00 0.00000000e+00 4.66456503e-01
  2.56859183e-01 6.52393043e-01 1.77711320e+00 3.64082980e+00
  6.69410825e-02 7.31233120e-01 1.23173065e+01 8.43147099e-01
  5.29596329e+00 7.86044073e+00 2.97823262e+00 1.63502085e+00
  3.35802412e+00 2.24219584e+00 1.71379709e+00 7.75568839e-03
  4.50924015e+00 3.84918237e+00 4.80867177e-01 2.72937894e+00
  1.62217236e+00 4.36784697e+00 6.71632171e-01 1.15527785e+00
  8.90503979e+00 6.92440844e+00 8.99481028e-02 1.63220152e-01
  1.18903246e+01 4.67316866e-01 1.47744665e+01 8.09703445e+00
  3.84724760e+00 7.35331154e+00 7.68175721e-01 3.09870183e-01
  1.56424932e+01 1.27214086e+00 1.09145677e+00 5.35677493e-01
  8.23375511e+00 4.48267341e-01 2.94399905e+00 1.70777583e+00
  9.45779610e+00 1.71943319e+00 3.75388145e+00 8.10110283e+00
  8.49466705e+00 3.37771726e+00 1.72622100e-01 1.93174100e+00
  4.24527645e+00 5.35408854e-02 1.19767427e+01 6.74823427e+00
  3.03111047e-01 7.74649382e-01 2.32132763e-01 2.93872595e-01
  4.83347702e+00 7.13043356e+00 8.66681862e+00 5.91234975e-02
  6.17058086e+00 1.25249729e+01 6.78262520e+00 2.23736739e+00
  4.18996620e+00 1.87717950e+00 2.08818626e+01 6.89762306e+00
  9.33433592e-01 4.81768417e+00 4.81238461e+00 2.42457056e+00
  3.85440993e+00 7.95604038e+00 9.98454213e-01 3.22980690e+00
  2.57314229e+00 1.67076721e+01 4.28661728e+00 1.58729267e+00
  1.95345449e+00 3.33442211e+00 1.73399258e+01 3.29404175e-01
  1.33977211e+00 0.00000000e+00 3.90206909e+00 3.65565109e+00
  1.94111872e+00 1.41086626e+00 6.94204855e+00 9.23941517e+00
  1.92228782e+00 3.99629641e+00 4.56232834e+00 6.64056635e+00
  1.11318521e+01 2.20403481e+00 2.39922953e+00 6.69664264e-01
  6.39875317e+00 8.88953209e-01 9.29148316e-01 1.05889285e+00
  8.30695438e+00 2.08256316e+00 9.89675224e-01 3.15592676e-01
  2.27533728e-01 2.65598345e+00 2.37988114e+00 7.99211144e-01
  1.62969768e+00 1.60085697e+01 8.62761140e-02 3.13024688e+00
  1.19758916e+00 1.51565850e+00 1.93888235e+00 7.13637924e+00
  2.98324394e+00 1.28160775e+00 2.24710636e+01 0.00000000e+00
  6.28311217e-01 1.82289696e+01 1.70592129e+00 2.98947644e+00
  1.03337603e+01 1.42721958e+01 1.16265798e+00 1.28426256e+01
  7.76059723e+00 1.15844917e+01 1.31127983e-01 1.55652504e+01
  3.70505500e+00 3.42145681e+00 3.47572351e+00 1.48106015e+00
  5.65379715e+00 2.13848758e+00 2.66473460e+00 4.89967801e-02
  1.83890927e+00 1.93179941e+00 2.87789607e+00 4.59233141e+00
  3.28031421e+00 1.20689831e+01 7.39672422e+00 5.67310572e+00
  9.35002613e+00 1.99162102e+00 1.72088432e+01 1.32765853e+00
  4.83230543e+00 9.82601643e+00 1.58223617e+00 5.02116013e+00
  4.73624849e+00 4.59242582e+00 5.02279103e-01 3.35888839e+00
  4.70838833e+00 2.31183386e+00 3.96964312e+00 0.00000000e+00
  4.02300239e-01 2.12563586e+00 2.19966006e+00 3.76454413e-01
  1.10439770e-01 0.00000000e+00 4.71743047e-01 4.99457389e-01
  2.73456693e+00 7.22496748e-01 0.00000000e+00 4.27753687e+00
  2.49707556e+00 1.31588423e+00 1.30786657e+01 2.01935387e+00
  2.75117010e-01 3.73404956e+00 2.86736894e+00 1.03339517e+00
  1.50678835e+01 3.27602935e+00 2.61901331e+00 3.08587360e+00
  5.01111603e+00 1.92826331e-01 1.53026551e-01 1.32490575e+00
  1.59306273e-01 0.00000000e+00 7.53357336e-02 2.98459888e+00
  0.00000000e+00 1.34906530e-01 3.58650923e+00 3.59869289e+00
  6.76292944e+00 2.21610069e+00 0.00000000e+00 2.42379236e+00
  2.26118898e+00 1.27122021e+01 8.28334332e+00 1.13873148e+00
  2.74225426e+00 1.39613175e+00 7.44697666e+00 1.06313683e-01
  2.21380806e+00 5.28931618e+00 5.24185710e-02 7.66276836e-01
  5.95445693e-01 3.21660948e+00 1.59511876e+00 7.19575703e-01
  4.21616983e+00 8.20857430e+00 6.19484520e+00 1.56286716e+00
  3.82330132e+00 2.00138545e+00 3.29591870e+00 1.46787233e+01
  2.12275326e-01 9.36680079e-01 1.02984877e+01 6.75160789e+00
  1.45180213e+00 2.04542518e+00 9.30199683e-01 1.05617809e+00
  2.75424194e+00 4.04816532e+00 0.00000000e+00 3.62257808e-01
  2.77500033e-01 2.48714018e+00 2.42049074e+00 8.01741886e+00
  6.73992729e+00 9.78854895e-01 9.46248341e+00 3.33257365e+00
  1.49393415e+00 1.55761528e+01 8.02858710e-01 2.74221325e+00
  1.58171535e+00 5.82444859e+00 4.42017555e+00 7.30343342e-01
  2.56248355e+00 9.66119289e-01 1.03700333e+01 4.52161407e+00
  1.24013386e+01 1.75439858e+00 2.01141453e+00 4.46329975e+00]]