[[3.22653031e+00 2.04126477e+00 1.69428766e+00 1.79890320e-02
  4.06219292e+00 1.60052681e+00 5.30281591e+00 0.00000000e+00
  4.23324078e-01 1.82247627e+00 2.16383958e+00 1.47686553e+00
  1.06289196e+00 2.73446035e+00 0.00000000e+00 8.66080046e-01
  2.30492997e+00 1.67444909e+00 0.00000000e+00 1.12385881e+00
  2.03528571e+00 4.92791986e+00 9.44015563e-01 5.34617376e+00
  2.64331794e+00 1.39183748e+00 2.00624013e+00 5.77276802e+00
  2.29499173e+00 1.01267707e+00 0.00000000e+00 4.63221407e+00
  1.69479951e-01 1.34750533e+00 8.95204067e-01 1.04480076e+00
  2.35136294e+00 4.92991745e-01 7.85801125e+00 3.77664924e+00
  4.82619941e-01 2.50835061e-01 1.54950154e+00 3.40682268e+00
  6.75232410e-01 2.14442706e+00 3.51174593e+00 4.49147797e+00
  4.46802437e-01 4.17094827e-02 3.15680742e+00 3.03792763e+00
  2.79108644e-01 1.35692477e+00 2.72635579e+00 8.53663921e-01
  2.12521648e+00 2.28307581e+00 0.00000000e+00 1.80686578e-01
  4.52420384e-01 3.93028885e-01 7.48350430e+00 3.62345147e+00
  3.80756885e-01 3.09548736e-01 5.34372425e+00 3.32232267e-01
  1.14996052e+00 5.29702711e+00 3.69481683e+00 3.81404400e-01
  9.09040332e-01 1.61887753e+00 1.91986954e+00 2.98713982e-01
  1.73036706e+00 4.82383585e+00 3.76380891e-01 2.13862729e+00
  8.80366504e-01 4.44073009e+00 3.77967429e+00 1.70596361e+00
  4.80887461e+00 4.47883463e+00 6.75743520e-01 3.33729267e+00
  1.53363848e+00 7.14257240e-01 2.26725650e+00 2.26872730e+00
  2.98334807e-02 6.64537811e+00 5.22147536e-01 1.15971136e+00
  1.83330381e+00 2.37728930e+00 7.45466411e-01 2.15551734e+00
  2.00567222e+00 2.62030053e+00 1.26601648e+01 8.51252365e+00
  9.15173721e+00 0.00000000e+00 3.28564614e-01 2.07278466e+00
  1.05433893e+00 1.70223248e+00 5.15049815e-01 1.04836178e+00
  3.01050305e+00 3.74679178e-01 0.00000000e+00 4.80811536e-01
  3.80829549e+00 9.02652442e-02 0.00000000e+00 3.59232044e+00
  7.42735088e-01 3.69984418e-01 5.70966363e-01 1.01508701e+00
  3.07141614e+00 6.46268034e+00 1.71773052e+00 0.00000000e+00
  4.85553473e-01 8.47965813e+00 5.94453144e+00 1.27488270e-01
  5.15741491e+00 3.65792465e+00 1.73842561e+00 3.73201299e+00
  3.51390541e-01 8.86496902e-01 8.25018406e-01 2.64058948e-01
  2.76668215e+00 8.80540669e-01 1.58585858e+00 1.47476971e+00
  1.33579409e+00 1.66612446e+00 4.67688131e+00 1.97389972e+00
  1.93690455e+00 4.29609013e+00 3.58358651e-01 6.47683263e-01
  2.71111995e-01 5.08258772e+00 1.05555606e+00 4.69900280e-01
  8.78411889e-01 2.42696238e+00 0.00000000e+00 1.03233278e-01
  1.54075539e+00 2.06634855e+00 2.59577894e+00 2.38952851e+00
  2.06021690e+00 6.42852068e-01 1.82059854e-01 2.75653505e+00
  0.00000000e+00 5.16861916e+00 9.74899387e+00 2.49297902e-01
  5.20768166e+00 3.94184262e-01 7.63369322e-01 1.02846754e+00
  1.01297057e+00 4.76853514e+00 7.43681860e+00 6.47906017e+00
  7.80063346e-02 1.91351678e-02 1.34346449e+00 1.39220548e+00
  1.14765310e+00 3.61776710e+00 3.79539800e+00 2.20696121e-01
  4.48903942e+00 4.68906820e-01 6.84240103e+00 0.00000000e+00
  2.54480124e+00 4.11826706e+00 2.97991455e-01 0.00000000e+00
  1.35541332e+00 4.35725498e+00 0.00000000e+00 3.66717167e-02
  5.60754061e+00 0.00000000e+00 8.47478151e-01 5.46022272e+00
  2.07759261e+00 3.55955929e-01 6.73663080e-01 5.47672212e-01
  2.24310327e+00 1.04482765e+01 0.00000000e+00 5.50684810e-01
  0.00000000e+00 4.19827652e+00 1.51728380e+00 3.23486269e-01
  4.99366713e+00 1.54770744e+00 1.87288618e+00 9.88033354e-01
  6.88873529e+00 3.18932509e+00 2.32323694e+00 2.97384411e-01
  1.22589862e+00 2.57657695e+00 0.00000000e+00 3.52637440e-01
  0.00000000e+00 8.90134990e-01 2.40134954e-01 2.32909036e+00
  2.52937913e+00 1.69883025e+00 3.00534189e-01 6.80774117e+00
  3.79609847e+00 2.25611806e+00 2.44303346e+00 3.12180305e+00
  1.49156243e-01 2.30913925e+00 3.39697576e+00 2.41364121e+00
  3.80431116e-01 6.69849491e+00 6.15000772e+00 2.14747787e+00
  3.30478787e+00 4.97603226e+00 1.57036328e+00 0.00000000e+00
  8.97575557e-01 5.40900648e-01 1.64822078e+00 2.87920594e-01
  1.43639338e+00 1.11131355e-01 3.66806769e+00 2.13354498e-01
  2.88775206e+00 4.69559717e+00 7.24303007e-01 7.18123436e+00
  2.27299070e+00 1.09576380e+00 3.10670733e-01 2.86142445e+00
  2.93581963e+00 3.52522939e-01 3.82017756e+00 1.69774687e+00
  2.00238752e+00 8.75777423e-01 8.07846844e-01 7.76254952e-01
  3.91741824e+00 4.09109354e+00 1.34320569e+00 7.29133010e-01
  4.03670931e+00 9.06098664e-01 8.31507862e-01 5.77283740e-01
  3.64764214e+00 1.38896182e-02 5.48745692e-01 1.53957474e+00
  2.35778975e+00 8.21821117e+00 2.49575615e+00 6.52428437e-03
  4.37608480e+00 5.89797354e+00 2.46488094e+00 5.49757528e+00
  1.09104052e-01 5.45202196e-01 0.00000000e+00 0.00000000e+00
  1.70851350e-01 1.59640864e-01 0.00000000e+00 0.00000000e+00
  3.19704413e-01 3.39557266e+00 6.91941357e+00 1.97611201e+00
  8.70301485e-01 1.05215959e-01 3.44123030e+00 1.30522060e+00
  5.97614944e-01 3.47741675e+00 1.98654389e+00 4.67625809e+00
  5.58019781e+00 4.40952396e+00 5.17385626e+00 1.48182660e-01
  1.92821309e-01 1.73283148e+00 4.36331654e+00 2.51838350e+00
  4.82622004e+00 4.63835239e+00 4.88668251e+00 7.26112545e-01
  7.08727455e+00 7.66941786e-01 1.92816985e+00 2.87471032e+00
  4.22677338e-01 3.46413463e-01 3.72299004e+00 5.40039825e+00
  3.55188584e+00 5.11792541e-01 5.03933334e+00 5.18336594e-01
  7.79419279e+00 3.46200490e+00 4.33950037e-01 3.80067199e-01
  2.59266925e+00 1.32041693e+00 2.68003654e+00 3.09819221e+00
  5.51286030e+00 2.28133321e+00 2.96003342e+00 1.26994884e+00
  0.00000000e+00 1.11362612e+00 1.91113070e-01 6.37811780e-01
  7.52411366e-01 2.50361013e+00 7.68993080e-01 7.16834545e-01
  1.42303801e+01 1.62463272e+00 1.88852656e+00 1.32633209e+01
  3.78182101e+00 1.87383324e-01 1.02163811e+01 1.73798308e-01
  5.69966698e+00 8.69432569e-01 5.61776543e+00 3.54815435e+00
  1.32283020e+00 2.00903153e+00 1.39319494e-01 8.96739781e-01
  1.88522696e+00 5.81550074e+00 1.00292659e+00 3.31314874e+00
  5.56708217e-01 2.33508086e+00 1.50477135e+00 1.32697892e+00
  1.42609978e+00 1.42231441e+00 1.61459959e+00 1.74098924e-01
  4.81813717e+00 2.54654098e+00 2.01779470e-01 3.60818386e+00
  6.51728511e-01 3.41624975e+00 4.26868737e-01 1.83342919e-02
  2.09927082e+00 2.95174146e+00 5.47295141e+00 3.14100355e-01
  4.27797079e+00 9.84181976e+00 6.86555624e+00 4.40978861e+00
  1.55735183e+00 4.70757633e-01 0.00000000e+00 1.04624438e+00
  5.88723278e+00 1.99433506e+00 6.03694010e+00 1.30035818e+00
  1.21501350e+00 4.79751796e-01 3.10578376e-01 1.20478296e+00
  9.71783161e-01 8.00645649e-02 3.60741854e-01 8.27759206e-01
  3.34163867e-02 2.01566577e-01 6.37439340e-02 7.45994568e-01
  1.26710698e-01 2.56622887e+00 8.15345585e-01 2.19796681e+00
  5.96539450e+00 2.83672363e-01 1.02191508e+00 0.00000000e+00
  3.75769687e+00 5.21729708e+00 2.51448202e+00 9.59982586e+00
  1.03067672e+00 3.94685555e+00 0.00000000e+00 1.43394482e+00
  2.11061406e+00 5.35440803e-01 3.04198951e-01 7.53022194e-01
  2.07114434e+00 3.06245923e+00 2.78930783e+00 2.54981184e+00
  3.13301235e-01 4.91958082e-01 4.31330651e-01 1.59819221e+00
  1.45004475e+00 3.54106307e+00 1.21769438e+01 5.80572546e-01
  1.20932019e+00 1.21983492e+00 2.17312074e+00 1.16856594e+01
  4.42397565e-01 2.31378651e+00 2.22431755e+00 8.05583239e-01
  2.02467218e-01 2.68060112e+00 1.47293198e+00 2.42162967e+00
  6.88601613e-01 2.50583839e+00 6.35910928e-01 0.00000000e+00
  1.71379900e+00 5.63553810e-01 8.86886775e-01 5.31842613e+00
  1.47174799e+00 3.74988890e+00 4.00319529e+00 4.44184732e+00
  3.16578293e+00 2.62577653e+00 0.00000000e+00 6.13081872e-01
  0.00000000e+00 4.49978888e-01 8.06183934e-01 8.96169841e-01
  1.49972248e+00 2.37824059e+00 4.46884066e-01 1.10574119e-01
  1.05882406e+00 3.37244344e+00 2.81387329e+00 2.64511895e+00
  2.85013556e+00 6.11089468e-01 8.76692235e-01 2.03948236e+00
  2.60735488e+00 2.32325935e+00 9.22457099e-01 4.21038687e-01
  2.20438457e+00 1.82694590e+00 3.68280983e+00 2.38029695e+00
  8.65534127e-01 4.13142252e+00 1.16988981e+00 2.55547905e+00]]