[[2.62249660e+00 6.33240283e-01 4.31792021e+00 2.59829807e+00
  7.87002611e+00 2.61686420e+00 5.68124247e+00 0.00000000e+00
  9.58827604e-03 1.35432279e+00 9.90020752e-01 3.54410386e+00
  1.53400385e+00 4.95231724e+00 0.00000000e+00 2.57013679e+00
  5.47981739e+00 9.12289619e-02 1.61395001e+00 2.03417468e+00
  0.00000000e+00 5.35591645e-03 0.00000000e+00 2.10391140e+00
  6.90546155e-01 9.87824249e+00 4.76347733e+00 2.76049232e+00
  6.93262339e+00 1.71463072e-01 1.56316802e-01 7.60601139e+00
  5.97041559e+00 3.96010661e+00 1.69804192e+00 5.67824721e-01
  5.19702339e+00 0.00000000e+00 5.08103085e+00 4.14005089e+00
  2.27854103e-01 5.50846481e+00 2.88793135e+00 1.36034107e+00
  6.86122894e-01 0.00000000e+00 4.74325418e+00 2.70768136e-01
  1.85447776e+00 2.92925000e+00 2.69228399e-01 1.24493332e+01
  2.06870532e+00 4.36683512e+00 1.52337050e+00 7.18432760e+00
  1.63252145e-01 4.59988737e+00 1.54894543e+00 4.46815443e+00
  3.46869826e-01 3.84644461e+00 1.09009428e+01 1.48151100e+00
  1.21127045e+00 7.10185909e+00 3.54464507e+00 4.78495073e+00
  1.01783395e+00 7.66955757e+00 5.83947086e+00 1.49075352e-02
  3.08426201e-01 6.75256395e+00 2.10868001e+00 3.18132973e+00
  5.04471123e-01 6.91161335e-01 8.57134056e+00 3.96827579e-01
  2.44555652e-01 7.80965745e-01 2.10754013e+00 1.84868860e+00
  4.73779726e+00 2.47995687e+00 5.02449036e-01 1.05507207e+00
  6.36042261e+00 4.69893265e+00 1.52755034e+00 2.93515420e+00
  9.34084594e-01 8.34486306e-01 1.63665712e+00 1.13411278e-01
  1.34069145e+00 1.22838485e+00 5.75876236e-01 4.98838544e-01
  7.60950565e-01 4.08474588e+00 1.42750871e+00 5.29357433e+00
  1.13332758e+01 5.15515471e+00 4.56152111e-01 1.20954299e+00
  2.51547360e+00 1.06827557e+00 9.29855108e-01 3.88355231e+00
  7.31845319e-01 5.85064840e+00 5.81046581e-01 3.27709556e-01
  1.14695549e+01 1.05567253e+00 2.07970810e+00 0.00000000e+00
  7.68807411e-01 3.71760577e-01 3.97324800e-01 1.19303668e+00
  8.68048096e+00 6.27054453e+00 1.55975437e+00 0.00000000e+00
  4.19054061e-01 8.90747356e+00 2.49693274e-01 8.06945992e+00
  1.33457327e+00 1.26573598e+00 1.19769979e+00 3.42335272e+00
  3.06944442e+00 7.59388781e+00 3.43447351e+00 0.00000000e+00
  4.80097818e+00 4.12439376e-01 3.29780769e+00 1.04841805e+00
  7.54480958e-01 1.17850864e+00 3.02932453e+00 1.07919157e+00
  1.20254672e+00 1.46532094e+00 3.58732879e-01 3.06085896e+00
  2.83413100e+00 3.27738225e-01 7.85637870e-02 2.29569048e-01
  5.43421209e-01 1.24646771e+00 2.92878151e+00 2.46949002e-01
  7.98818886e-01 1.00790250e+00 5.28640926e-01 2.58972979e+00
  1.24188709e+00 1.44233179e+00 3.12299311e-01 2.94529343e+00
  0.00000000e+00 2.33988523e+00 6.00801802e+00 2.61958510e-01
  2.26807356e+00 1.58607233e+00 2.42764854e+00 4.11079979e+00
  2.76815116e-01 9.01331234e+00 2.74304175e+00 3.08562422e+00
  2.21858025e+00 1.71814120e+00 4.59539843e+00 5.31062596e-02
  2.49827504e+00 1.78617048e+00 3.76069522e+00 9.37980056e-01
  4.57980007e-01 3.04148793e+00 0.00000000e+00 0.00000000e+00
  1.08507836e+00 4.21649790e+00 4.31963243e-02 3.61857009e+00
  3.72486377e+00 5.78034067e+00 2.13655621e-01 3.42100114e-02
  8.15366864e-01 0.00000000e+00 9.84346199e+00 5.27892208e+00
  2.61621618e+00 2.74457407e+00 0.00000000e+00 8.64669514e+00
  6.50464296e+00 4.03584766e+00 3.66808510e+00 3.29521751e+00
  3.22685170e+00 9.15463030e-01 1.16016424e+00 0.00000000e+00
  3.95463407e-01 0.00000000e+00 1.07648098e+00 1.71283662e+00
  0.00000000e+00 1.15981281e+00 3.57561970e+00 4.28509045e+00
  7.85627842e+00 5.09160233e+00 1.12046123e+00 1.50867474e+00
  2.15281463e+00 2.87109613e-02 2.95975256e+00 3.81138897e+00
  1.70657158e+00 5.06320549e-03 0.00000000e+00 1.21228528e+00
  1.17401743e+00 9.40512848e+00 1.22457857e+01 1.38770428e+01
  6.56466103e+00 5.33109665e+00 2.45610833e+00 3.76305151e+00
  1.82676136e+00 2.63330865e+00 4.77603436e+00 6.40445375e+00
  2.14085388e+00 1.00852883e+00 6.42912579e+00 1.37157768e-01
  2.97108650e-01 6.66142225e+00 1.18367362e+00 0.00000000e+00
  3.66719341e+00 8.82908046e-01 4.27082807e-01 8.07826459e-01
  7.96094298e-01 6.49965286e-01 6.06110215e-01 4.85138369e+00
  3.60187232e-01 6.90840721e-01 1.00121729e-01 2.91258073e+00
  2.10656166e+00 7.12767363e-01 2.55528069e+00 9.60127115e-02
  3.41058230e+00 5.27000189e+00 1.43998969e+00 1.59443879e+00
  9.36408806e+00 2.45145273e+00 0.00000000e+00 1.62162244e-01
  4.56652689e+00 1.34982920e+00 1.52956158e-01 8.68477046e-01
  4.75603390e+00 0.00000000e+00 4.35284710e+00 1.12261510e+00
  7.23914576e+00 1.25107801e+00 0.00000000e+00 1.23807633e+00
  1.25761592e+00 6.90088451e-01 5.26688051e+00 3.39675593e+00
  1.33022749e+00 3.36494231e+00 1.21249065e+01 0.00000000e+00
  2.85622120e+00 6.27974224e+00 1.02567482e+00 0.00000000e+00
  3.91557384e+00 2.70424366e+00 1.80073392e+00 1.75176576e-01
  5.11043370e-01 4.39919662e+00 3.47333717e+00 4.64544594e-01
  4.32006329e-01 5.69251299e-01 2.26542974e+00 1.25966477e+00
  7.77460051e+00 1.16744318e+01 4.82513809e+00 3.21233416e+00
  8.56787777e+00 4.31144714e+00 6.31541681e+00 4.18134594e+00
  8.07226300e-01 2.80078602e+00 1.16537542e+01 1.36604190e+00
  7.75253534e+00 0.00000000e+00 5.57466328e-01 2.00085975e-02
  2.78504156e-02 4.78866768e+00 3.95605445e+00 5.83852911e+00
  5.06033778e-01 1.04403353e+01 2.65861702e+00 2.69670320e+00
  9.78312302e+00 0.00000000e+00 5.77495515e-01 6.04918599e-01
  1.63963771e+00 5.13379395e-01 1.09553969e+00 2.34154701e+00
  2.63203716e+00 2.31780186e-01 3.69745827e+00 1.01074433e+00
  0.00000000e+00 2.41335702e+00 4.06851912e+00 4.24444318e-01
  5.35927638e-02 1.18372765e+01 1.66016197e+00 1.49585176e+00
  1.13730276e+00 5.64349699e+00 5.55176783e+00 4.65889645e+00
  4.87465334e+00 7.87659025e+00 4.56894588e+00 6.18290901e-01
  2.93972015e-01 0.00000000e+00 3.99687314e+00 4.70630646e+00
  4.00081396e+00 0.00000000e+00 2.53513312e+00 6.47418797e-01
  8.46547425e-01 6.95768261e+00 0.00000000e+00 8.61557865e+00
  5.68163681e+00 6.30124474e+00 6.12740159e-01 1.80105543e+00
  5.36425352e+00 1.17492032e+00 1.57815516e+00 7.35209167e-01
  2.05715561e+00 3.97967148e+00 1.26865911e+00 5.67461395e+00
  4.13708973e+00 2.70106792e+00 5.51022850e-02 1.16512194e-01
  2.36648154e+00 1.28941145e-03 4.90440798e+00 4.13601428e-01
  1.74546039e+00 1.87184060e+00 0.00000000e+00 5.92789030e+00
  3.57868123e+00 3.70289326e-01 0.00000000e+00 1.58482277e+00
  3.26069117e+00 7.87443101e-01 5.48195660e-01 1.15509763e-01
  0.00000000e+00 7.19049156e-01 7.39739990e+00 7.38901198e-02
  4.23484653e-01 2.64168501e+00 1.55851150e+00 3.38632166e-01
  1.27682137e+00 2.40199342e-01 3.16445184e+00 4.31172514e+00
  5.71961880e+00 2.03291416e+00 7.32696056e+00 2.76774263e+00
  3.39638144e-01 1.25730634e+00 1.20129502e+00 2.75954390e+00
  4.07005978e+00 2.25671625e+00 6.43215775e-02 4.98757601e+00
  6.63272667e+00 9.30015945e+00 1.09197892e-01 1.44246161e-01
  7.08117187e-01 2.96601486e+00 3.60694289e-01 1.96600091e+00
  6.69299459e+00 1.82043564e+00 6.08754110e+00 1.65865183e+00
  2.50677061e+00 2.06314540e+00 2.88071465e+00 4.44745827e+00
  2.15412807e+00 5.13815689e+00 3.45170569e+00 1.57694972e+00
  6.95279694e+00 3.31328464e+00 8.62317979e-01 9.53424549e+00
  5.32437277e+00 2.43354106e+00 4.48453236e+00 5.69174767e-01
  0.00000000e+00 4.22426414e+00 2.81306118e-01 3.31150484e+00
  5.71350765e+00 2.62886524e+00 2.04374611e-01 2.51591682e+00
  0.00000000e+00 4.13851976e+00 6.88674226e-02 6.65572882e+00
  6.71353102e-01 1.39477932e+00 1.50224555e+00 5.59684229e+00
  9.05129528e+00 9.42694855e+00 9.72435713e-01 9.53461266e+00
  0.00000000e+00 2.65741587e+00 1.02047372e+00 0.00000000e+00
  2.28967977e+00 0.00000000e+00 2.30550981e+00 9.25968438e-02
  1.86049891e+00 9.95461941e+00 5.42791891e+00 1.09729016e+00
  8.83175209e-02 7.52055168e-01 1.18942046e+00 5.27734578e-01
  3.46918774e+00 1.35815132e+00 1.27745676e+00 0.00000000e+00
  4.18059158e+00 4.56242740e-01 2.40174627e+00 6.62141740e-01
  1.51717114e+00 1.93661797e+00 6.16901302e+00 1.46474242e+00]]