[[4.6005657e-01 1.5225260e+00 4.2580166e+00 9.3826061e-01 8.0289392e+00
  3.8657489e-01 5.8873854e+00 8.4872983e-02 2.5516696e+00 2.6191161e+00
  4.6976070e+00 5.9120601e-01 1.3976736e+00 6.2280297e-01 5.5200803e-01
  1.4118003e+00 3.6883614e+00 1.5774093e+00 0.0000000e+00 3.3782635e+00
  4.3571434e+00 2.2629964e+00 1.1657498e+00 0.0000000e+00 2.3671304e-01
  8.7823801e+00 8.9166701e-01 2.9498422e+00 1.9084951e+00 9.0441006e-01
  7.3679604e-02 1.5368664e-01 1.3698549e+00 1.6840856e+00 1.3443981e+00
  2.7672499e-01 2.6090305e+00 1.6815531e+00 5.6691909e+00 4.5600581e+00
  2.1623304e-01 2.2180183e+00 0.0000000e+00 1.3239009e+00 0.0000000e+00
  1.0074563e+01 4.7234483e+00 1.9418083e-02 4.6575994e+00 3.3114052e+00
  1.5403020e-01 2.6977236e+00 1.9613082e-02 1.8763779e+00 1.6236448e+00
  2.4123259e+00 3.3803291e+00 3.1745799e+00 1.2401288e+00 1.7713410e+00
  2.0354502e-01 4.6137697e-01 8.0745420e+00 6.7357665e-01 4.3850303e-01
  2.3835115e+00 1.8142921e+00 8.6518425e-01 3.3951731e+00 2.6637769e+00
  8.3286929e-01 1.6075073e+00 0.0000000e+00 8.5903616e+00 2.2728055e+00
  2.1001415e+00 6.8285832e+00 1.6709411e+00 1.0632627e+00 1.5206668e+00
  5.8555393e+00 3.2044039e+00 3.4224658e+00 6.1980858e+00 2.3126011e+00
  5.1487002e+00 0.0000000e+00 8.5563147e-01 8.3878937e+00 0.0000000e+00
  5.2153440e+00 1.0030024e+01 9.0629153e-02 3.6195467e+00 2.9091597e+00
  2.5068301e-01 5.2752237e+00 1.5915508e+00 2.6346040e+00 4.2854719e+00
  0.0000000e+00 7.0754856e-01 7.8019042e+00 5.5840616e+00 2.0056171e+00
  2.3385989e-02 7.0679235e-01 2.1314047e-02 2.1552656e+00 3.4174085e+00
  2.4685380e+00 3.2812959e-01 1.8617260e+00 9.1654062e-01 2.4663572e+00
  0.0000000e+00 7.1067119e+00 1.2608413e+00 3.7115604e-01 3.4752352e+00
  2.6521420e+00 1.1963227e+00 1.8529077e+00 4.9935246e+00 1.5061396e+00
  7.2700748e+00 5.1004416e-01 1.1319716e+00 6.7680788e+00 1.1244646e+01
  3.8649721e+00 1.0474341e+00 1.0813202e+00 4.4523616e+00 4.8183002e+00
  1.8060551e+00 2.4426770e+00 2.5733063e+00 1.8059446e-01 5.7175641e+00
  1.8661448e+00 1.9402093e-01 4.2235675e-01 9.5842285e+00 6.1804886e+00
  1.1448578e+00 1.7325733e+00 2.3299584e+00 1.4358042e+00 7.7921622e-02
  1.0526723e+00 3.7834840e+00 1.1581478e+00 2.0440247e+00 1.0659988e+00
  5.8958250e-01 1.9100832e+00 1.9562694e+00 8.2711971e-01 6.2513924e+00
  1.5972927e+00 5.8688350e+00 4.3872890e+00 2.0424991e+00 8.2540226e-01
  3.4985182e+00 5.8751166e-01 1.5745320e+00 5.6946534e-01 4.9294105e+00
  3.9211881e+00 2.1344123e+00 3.1773522e+00 9.5774740e-01 1.4376810e-01
  1.9737087e+00 9.3761009e-01 1.4446713e+00 9.9823427e+00 3.3005252e+00
  2.7603471e-01 0.0000000e+00 7.8525810e+00 1.2446985e+00 4.1428461e+00
  1.3135992e+00 1.0514356e+00 2.9744357e-01 6.2372372e-02 8.2662439e-01
  3.1457682e+00 0.0000000e+00 2.0371685e+00 1.2950143e+01 2.9644988e+00
  8.5284319e+00 1.5016590e+00 2.2596974e+00 2.5751035e+00 5.7997274e-01
  1.5759556e+00 7.4444121e-01 8.4608054e-01 8.5619364e+00 3.5668314e+00
  2.9055026e+00 1.4856699e+00 2.8563395e+00 1.0528809e+00 2.1054881e-02
  1.5760635e+00 2.7400799e+00 0.0000000e+00 3.0215092e+00 3.4920752e-01
  2.2342503e+00 4.4439581e-01 3.4867201e+00 8.7870389e-01 9.1987425e-01
  1.0138035e+00 1.1645254e+00 9.0533710e-01 3.3230519e+00 6.1409909e-01
  1.7745184e+00 2.6557283e+00 3.5286083e+00 4.4142575e+00 2.2361424e+00
  5.7535714e-01 8.8174969e-01 4.4080445e-01 8.0450261e-01 1.1148248e+00
  6.7987108e-01 4.8262243e+00 5.6152763e+00 7.6643128e+00 4.4246849e-01
  1.2301989e+00 7.0886427e-01 3.2882893e+00 3.8497999e+00 1.0400333e+00
  3.0465498e+00 6.7802091e+00 7.1910328e-01 2.3120747e+00 1.3519487e+01
  3.0208647e+00 1.7527527e+00 3.6507571e+00 4.8327284e+00 3.1706688e+00
  1.1743608e-01 2.8818851e+00 1.1936936e+00 2.0565367e+00 4.3316513e-01
  6.1191386e-01 2.8116009e+00 6.2889126e-03 5.2088113e+00 2.7582839e+00
  3.2795520e+00 3.7024370e-01 1.5466520e-02 4.0514364e+00 0.0000000e+00
  1.8260640e+00 1.3777891e+00 2.0165577e+00 7.5773716e-01 5.7893747e-01
  1.7331034e+00 2.6246502e+00 1.6983936e+00 3.4857327e-01 0.0000000e+00
  2.7743247e+00 8.8423663e-01 0.0000000e+00 2.1234646e+00 7.0806227e+00
  0.0000000e+00 3.5045338e+00 7.1476922e+00 5.9295897e+00 2.9132497e+00
  1.2827022e+00 3.0296826e+00 1.0020208e+00 1.3007416e+00 2.4351311e+00
  7.2485886e+00 1.9168124e-02 7.9007727e-01 3.8580212e-01 0.0000000e+00
  1.2597948e+01 5.7768011e+00 3.5392778e+00 5.3642015e+00 3.6890187e+00
  2.3593791e+00 0.0000000e+00 2.5745194e+00 1.2899942e+00 2.0301621e-01
  1.1515404e+01 2.2510242e+00 2.6958305e-01 2.8761559e+00 3.2528964e-01
  1.6642628e+00 2.6133461e+00 6.5321641e+00 2.0341079e-01 6.2445807e+00
  1.9856480e+00 2.2581663e+00 1.6112982e+00 8.5174406e-01 2.7159536e+00
  4.0223322e+00 1.1542354e+00 0.0000000e+00 2.3888896e+00 7.9247826e-01
  1.8290619e+00 2.1007397e+00 1.4222045e+00 3.9359832e+00 4.7803340e+00
  2.9310100e+00 2.7190154e+00 1.3535141e+00 4.3794166e-02 8.4823680e-01
  6.3593898e+00 5.6293547e-01 7.1365380e+00 3.0048206e+00 1.7914622e+00
  1.5044819e+00 1.1267605e+00 2.8253095e+00 1.3481678e+00 1.0095453e+00
  5.3323638e-01 1.5919175e+00 3.4928098e+00 1.6347146e+00 4.9157434e+00
  1.1909605e+00 5.5893745e+00 1.2470178e+01 1.5872642e-01 4.2488937e+00
  5.1653442e+00 3.1017141e+00 4.1474390e+00 6.3441362e+00 1.3108948e+00
  9.1867566e-01 1.4294294e+01 3.8038981e-01 6.0303509e-01 2.4326048e+00
  7.0439571e-01 5.9724396e-01 3.2298715e+00 6.4148421e+00 2.4344583e+00
  1.7956837e+00 1.5459847e+00 3.3995996e+00 2.6747480e-01 6.7377272e+00
  6.3386378e+00 5.3095250e+00 4.3576889e+00 4.8756424e-01 8.0616790e-01
  0.0000000e+00 1.0917791e+00 3.6586607e-01 6.1638731e-01 6.5300149e-01
  7.3076087e-01 8.1317544e-01 4.9850273e+00 3.0844927e+00 7.2787064e-01
  1.3546166e-01 5.2341433e+00 1.8066223e+00 5.8845968e+00 3.2591168e-02
  7.5375670e-01 1.1659818e+01 3.3898032e+00 6.5326824e+00 1.8624868e+00
  4.9098375e-01 1.6354930e-03 9.7001475e-01 6.2699270e-01 1.3853517e+00
  7.6388569e+00 2.2700987e+00 7.0852363e-01 1.1075192e-01 1.5248634e+00
  7.4643970e-01 6.2125957e-01 8.5480392e-01 1.0880413e+00 0.0000000e+00
  1.5456234e+00 7.2776161e-02 1.1356852e-01 4.2319757e-01 7.4052203e-01
  3.8891235e-01 7.6024957e+00 2.3838563e+00 2.0583298e+00 7.3074418e-01
  2.2116544e+00 1.2139715e+00 2.6217289e+00 1.1606742e+00 2.6531792e+00
  2.2461262e+00 2.8866036e+00 3.6915629e+00 2.5502020e-01 1.4497274e+00
  4.7303300e+00 2.7929020e+00 0.0000000e+00 5.6695137e+00 3.9951995e-01
  7.4231941e-01 1.5167699e+00 2.3593082e-01 0.0000000e+00 6.6632891e-01
  7.5585121e-01 7.7235961e+00 1.1625500e+00 3.7539473e+00 2.4120526e+00
  1.0099865e+00 1.5472831e+00 2.6287456e+00 3.6844769e+00 2.3171299e+00
  2.9717503e+00 1.3780091e+00 2.5745475e+00 2.2469635e+00 1.3027323e+00
  5.7364955e+00 1.6724889e+00 8.3847366e-02 1.5834132e+00 4.4910021e+00
  2.6651397e+00 1.4766468e+00 3.1288928e-01 2.9936240e+00 4.4593126e-01
  8.5035524e+00 3.0379469e-02 0.0000000e+00 5.7493830e+00 2.4288278e+00
  4.6903481e+00 2.2717270e-01 1.6973419e+00 2.3367403e+00 0.0000000e+00
  5.6129622e+00 1.8493709e-01 5.8700360e-02 9.9158597e-01 3.6531153e-01
  1.8836436e+00 4.7967329e+00 7.0406640e-01 6.2021346e+00 3.7561476e+00
  1.5258749e+00 1.4962894e-01 1.6939858e+00 1.0057113e+00 2.0833124e-01
  3.0118272e+00 4.1531501e+00 6.8250732e+00 1.0664567e-02 9.4663105e+00
  6.9452029e-01 2.1217529e-01 1.5709951e+00 6.2523665e+00 3.5231149e+00
  2.9766304e+00 7.1358156e-01]]