[[4.12278771e-01 2.97762108e+00 3.49198413e+00 7.64769793e-01
  7.26248121e+00 8.51805305e+00 7.18208408e+00 3.31587696e+00
  4.08208466e+00 2.54149795e+00 2.47742867e+00 1.28012753e+00
  4.29388857e+00 0.00000000e+00 6.15064859e-01 2.11596656e+00
  2.65623808e+00 4.17672575e-01 2.22048610e-01 5.93892193e+00
  4.67176342e+00 1.67415655e+00 8.73371887e+00 0.00000000e+00
  2.02649927e+00 9.62262821e+00 3.64454746e+00 6.30744553e+00
  8.50140667e+00 1.89874351e-01 4.18613291e+00 8.44010067e+00
  1.04286969e+00 2.40504026e+00 2.54149294e+00 2.25227261e+00
  3.63412380e+00 4.05882388e-01 3.34043169e+00 5.73500204e+00
  2.70015264e+00 4.50621080e+00 5.34142685e+00 3.24291968e+00
  8.83586824e-01 6.98076916e+00 6.71699822e-01 8.39506745e-01
  2.35040522e+00 4.81473446e+00 2.25364375e+00 6.19759893e+00
  1.82753134e+00 5.38848495e+00 2.40610433e+00 3.88983655e+00
  7.28537655e+00 1.50321877e+00 5.84052324e+00 8.49521446e+00
  7.93241143e-01 6.62333298e+00 8.37818813e+00 3.36917758e+00
  4.99656057e+00 3.93304276e+00 3.82482123e+00 3.43261337e+00
  3.79058099e+00 3.65819263e+00 3.98724961e+00 3.62140894e+00
  3.15991712e+00 1.18837347e+01 3.37544727e+00 2.97062612e+00
  1.41502523e+01 4.42191029e+00 2.05652952e+00 5.87674379e+00
  3.06240678e+00 1.55259562e+00 4.00402117e+00 2.81208467e+00
  8.39210701e+00 2.66728425e+00 8.18289399e-01 2.76237488e+00
  4.85806084e+00 0.00000000e+00 5.88169289e+00 1.08106403e+01
  7.52470970e-01 3.76022625e+00 5.48643255e+00 1.29915702e+00
  5.01220751e+00 5.24277985e-01 5.03544474e+00 1.95597732e+00
  0.00000000e+00 2.35955429e+00 1.06874776e+00 6.97699404e+00
  6.57799959e+00 3.76136351e+00 3.50410366e+00 9.53218043e-01
  3.93855715e+00 4.55337018e-01 1.28984284e+00 1.27751648e+00
  3.68463516e+00 3.58665752e+00 3.40822840e+00 2.50032854e+00
  1.05942287e+01 3.36810611e-02 9.25611779e-02 5.50750732e+00
  3.57669377e+00 4.48337682e-02 1.12104088e-01 4.05452108e+00
  1.23883367e+00 1.14567070e+01 3.78756142e+00 1.63098201e-01
  1.00941381e+01 9.89536762e+00 8.44764709e+00 5.59199905e+00
  2.86055624e-01 5.30993462e+00 7.02185011e+00 5.04062128e+00
  3.00719118e+00 2.80584002e+00 4.02133417e+00 0.00000000e+00
  6.23066807e+00 1.14858353e+00 3.10811543e+00 7.63266993e+00
  5.83167124e+00 3.36537099e+00 1.60891509e+00 1.83541346e+00
  6.19430065e-01 1.36820698e+00 8.01162720e-01 4.65443468e+00
  5.61880767e-01 1.21630125e+01 4.75474000e-01 8.75898170e+00
  1.24899995e+00 2.43895984e+00 1.13062096e+00 5.31724024e+00
  9.18538570e-01 5.49053192e+00 5.63785553e+00 4.51605463e+00
  3.41520047e+00 3.00381947e+00 1.47388160e+00 2.23428917e+00
  3.31163239e+00 5.62887955e+00 5.82902384e+00 3.02605176e+00
  5.69259167e-01 1.89092243e+00 1.73087224e-01 3.77099729e+00
  4.64759731e+00 9.52594662e+00 2.83169794e+00 1.20574796e+00
  1.96643904e-01 0.00000000e+00 1.15397949e+01 8.16650629e-01
  5.39541626e+00 2.42021084e+00 5.09741879e+00 1.90560102e+00
  2.24644899e+00 3.62594914e+00 3.68349528e+00 6.75509572e-01
  1.32874382e+00 7.22455215e+00 3.37605119e+00 1.76360950e+01
  3.88848066e+00 1.31667125e+00 6.46984160e-01 5.15702248e+00
  1.35783958e+00 2.09248924e+00 3.81065130e+00 5.50313139e+00
  4.51642799e+00 2.12285376e+00 3.11137152e+00 2.52031183e+00
  3.21197033e+00 3.08314347e+00 4.61878204e+00 2.52419400e+00
  2.43293381e+00 5.32806826e+00 1.84132433e+00 1.38001287e+00
  4.35987949e+00 3.93228143e-01 2.28937745e-01 3.31117779e-01
  0.00000000e+00 2.57104301e+00 1.93609822e+00 3.33721495e+00
  3.41241288e+00 6.91334152e+00 2.82135749e+00 5.13054895e+00
  5.66992140e+00 3.21608257e+00 6.74066019e+00 3.36017060e+00
  4.20197296e+00 1.03834295e+00 7.19557656e-03 8.44994259e+00
  6.67619562e+00 6.60530615e+00 9.64412308e+00 1.34637153e+00
  2.21986461e+00 2.59485149e+00 3.69696569e+00 6.70466375e+00
  0.00000000e+00 6.45338964e+00 4.20706224e+00 7.77905464e-01
  1.91043198e+00 1.99302635e+01 4.11387968e+00 1.77273288e-01
  3.55244684e+00 8.62967682e+00 4.98669481e+00 2.49665856e+00
  7.74364042e+00 3.12574387e+00 2.52594137e+00 1.32749259e+00
  3.22195864e+00 1.49146736e+00 2.94001126e+00 6.93314075e+00
  6.99586391e+00 3.39237094e+00 2.20333076e+00 8.95950794e-01
  2.79871130e+00 2.06487155e+00 2.65246177e+00 2.87124252e+00
  4.97760487e+00 7.85016298e-01 4.49914074e+00 6.73697412e-01
  5.28715992e+00 1.39390361e+00 4.44667006e+00 2.60194689e-01
  1.27820950e+01 6.43674791e-01 5.98134816e-01 3.38550401e+00
  7.31439447e+00 3.49848807e-01 3.51002693e+00 5.37294102e+00
  9.45238113e+00 2.65561521e-01 6.08402920e+00 2.98297000e+00
  2.62354112e+00 2.46083403e+00 3.42674160e+00 5.98401833e+00
  0.00000000e+00 3.17017603e+00 6.76498032e+00 1.48797169e-01
  4.56237078e+00 9.57625866e+00 2.27138972e+00 6.58105326e+00
  5.96842670e+00 4.23474979e+00 4.06810474e+00 2.66587853e+00
  4.51949215e+00 0.00000000e+00 6.95925665e+00 3.36500525e+00
  5.95743284e-02 7.51019096e+00 9.47307050e-01 4.39326859e+00
  8.05223465e+00 6.50476837e+00 2.37339044e+00 6.39311886e+00
  7.40549326e+00 8.89028168e+00 5.55476522e+00 2.75138021e+00
  3.39117408e+00 5.31785011e+00 6.49061441e+00 2.36527634e+00
  4.74556923e+00 5.68662047e-01 1.31693435e+00 3.54400730e+00
  3.29818487e+00 4.82803869e+00 7.14007235e+00 4.26337433e+00
  3.92394519e+00 3.85294890e+00 8.47089958e+00 1.07419360e+00
  1.44896612e+01 1.76928496e+00 2.61072874e+00 3.88147855e+00
  5.14063263e+00 1.73999798e+00 1.61220038e+00 1.54974020e+00
  1.38751686e+00 6.47885895e+00 3.58186185e-01 4.08949327e+00
  6.23910284e+00 3.93988538e+00 2.86911249e+00 6.70227647e-01
  1.25735080e+00 7.24653101e+00 2.77207613e-01 2.10313535e+00
  1.01401091e+00 4.93119240e+00 7.01553679e+00 1.55728397e+01
  6.21828318e-01 2.18405724e+00 1.48882542e+01 3.14859819e+00
  4.31314659e+00 2.91090226e+00 2.35314345e+00 1.81286728e+00
  2.09814954e+00 5.58573771e+00 4.51333427e+00 7.36334181e+00
  8.84093821e-01 4.52546787e+00 9.38074470e-01 1.52642441e+01
  2.31970787e+00 2.45157766e+00 1.82645512e+00 1.16998100e+00
  7.13478947e+00 1.95040211e-01 5.30035448e+00 2.99824023e+00
  1.37051046e+00 5.26066875e+00 1.24875677e+00 1.35639071e+00
  8.23291397e+00 8.42027092e+00 4.37337339e-01 5.21432281e-01
  5.69062519e+00 6.36440420e+00 1.18127382e+00 0.00000000e+00
  4.01406574e+00 9.03504086e+00 3.23013949e+00 1.64710069e+00
  2.98016834e+00 3.24433684e+00 0.00000000e+00 3.07094872e-01
  2.39857769e+00 6.40126944e+00 4.93249035e+00 1.44370592e+00
  0.00000000e+00 6.33323288e+00 6.56258345e+00 2.61989045e+00
  1.22466278e+00 7.05117464e-01 2.78435230e+00 1.35744762e+00
  2.91094375e+00 4.09383886e-02 2.15065822e-01 4.47999954e-01
  2.38872266e+00 1.88531995e+00 3.42124963e+00 3.56714106e+00
  4.59678507e+00 2.89744744e-03 5.35527325e+00 9.78348076e-01
  8.93574238e+00 3.39581466e+00 3.01746440e+00 7.94416475e+00
  6.02046871e+00 3.41112804e+00 1.58780921e+00 8.93882751e-01
  3.26075649e+00 1.78026533e+00 0.00000000e+00 3.24182653e+00
  1.96488512e+00 2.32855558e+00 9.47389185e-01 1.28863728e+00
  2.20395470e+00 1.26959157e+00 6.43381596e-01 8.81874657e+00
  4.83639812e+00 3.67348862e+00 2.44824529e+00 5.13897419e-01
  5.40518856e+00 8.71476555e+00 3.14436650e+00 7.65802145e+00
  1.85770738e+00 3.78357458e+00 1.37819099e+00 5.95876932e+00
  6.48032725e-01 8.39438343e+00 4.92163038e+00 6.66253626e-01
  5.75672150e+00 2.86738610e+00 6.01628208e+00 3.76430082e+00
  3.16764951e-01 1.64132857e+00 0.00000000e+00 5.40825653e+00
  5.31698167e-01 0.00000000e+00 7.78887987e+00 1.05701327e+00
  3.29338574e+00 1.15138758e-02 5.10129881e+00 2.73389888e+00
  4.03634405e+00 5.46377420e+00 1.56218123e+00 6.42138541e-01
  2.80637479e+00 0.00000000e+00 4.25143766e+00 9.73990917e+00
  1.84434628e+00 1.53849163e+01 3.17818904e+00 2.91041446e+00
  9.09146309e-01 4.70984459e+00 7.51410866e+00 1.66811943e+00
  6.12618637e+00 1.35094094e+00 1.29194918e+01 2.31640792e+00
  6.62588024e+00 1.73693538e+00 3.78056312e+00 1.44376731e+00
  6.40562725e+00 1.82365680e+00 6.28302753e-01 1.58649957e+00]]