[[9.54611778e-01 2.86900330e+00 2.57175475e-01 0.00000000e+00
  3.23483562e+00 3.22335815e+00 1.81446791e+00 0.00000000e+00
  1.71769631e+00 1.12879467e+00 4.18453884e+00 5.54250121e-01
  5.02618968e-01 4.38592482e+00 0.00000000e+00 1.30119061e+00
  3.54418612e+00 6.42575324e-02 4.35272425e-01 5.19675732e+00
  1.31325185e+00 7.19594479e-01 2.80240750e+00 1.39958000e+00
  3.30470890e-01 2.15395379e+00 4.80697364e-01 5.98594761e+00
  2.96747947e+00 1.06638324e+00 3.05017084e-01 1.72866046e+00
  7.37831652e-01 3.76587701e+00 2.22933531e+00 3.24052858e+00
  1.53983200e+00 2.12655008e-01 6.77360296e+00 1.31113541e+00
  4.23111105e+00 1.64318407e+00 1.14579082e+00 4.16916275e+00
  4.51301217e-01 1.17401934e+00 1.39648085e+01 9.10912037e-01
  1.11495757e+00 5.22632182e-01 8.21089670e-02 4.09991741e+00
  1.00977850e+00 4.38883495e+00 4.96427268e-01 7.82579613e+00
  1.04430282e+00 5.49680948e+00 2.14331299e-01 1.13561077e+01
  2.82012463e+00 1.90353298e+00 8.69044304e+00 4.57802153e+00
  1.09706569e+00 1.10635471e+00 1.17599320e+00 1.42537981e-01
  2.15658927e+00 2.87018609e+00 6.55594647e-01 5.45868158e-01
  2.86469293e+00 3.76752591e+00 2.13456607e+00 7.74066746e-01
  3.14956641e+00 2.50040245e+00 1.43929541e+00 1.10122728e+00
  6.37896955e-01 2.31770563e+00 4.98586988e+00 3.26688075e-03
  1.87068701e+00 2.09626293e+00 7.98383236e-01 2.54416561e+00
  6.23075533e+00 0.00000000e+00 2.28295159e+00 9.45143878e-01
  0.00000000e+00 5.93455029e+00 1.79873061e+00 1.73908675e+00
  1.76412153e+00 1.60902214e+00 4.50846291e+00 8.95800686e+00
  2.88690281e+00 1.55171323e+00 9.80476379e-01 3.46340561e+00
  9.01709795e-01 2.04884815e+00 6.99139357e-01 2.15637112e+00
  2.66868758e+00 9.44359422e-01 6.64412403e+00 3.59137249e+00
  1.53886303e-01 6.42197549e-01 2.29052711e+00 9.44613338e-01
  1.57753162e+01 1.50255907e+00 7.02247381e-01 6.85443342e-01
  1.67916679e+00 9.73524272e-01 1.16126347e+00 2.17403316e+00
  2.94629514e-01 1.47830868e+00 9.06056523e-01 0.00000000e+00
  1.89480293e+00 2.29450741e+01 3.58137441e+00 8.94513786e-01
  1.20410228e+00 4.27982044e+00 7.48103714e+00 5.73225355e+00
  0.00000000e+00 8.25358105e+00 4.00367403e+00 1.84458375e-01
  1.47696769e+00 9.94869292e-01 7.47123420e-01 1.75997400e+00
  2.15610027e+00 5.12383878e-01 2.49829292e+00 1.01236343e-01
  3.72584105e-01 1.77067852e+00 9.68806267e-01 7.43887186e+00
  1.62527156e+00 0.00000000e+00 5.49720705e-01 2.30576921e+00
  4.87412119e+00 3.60287219e-01 2.17158270e+00 4.46374625e-01
  9.81055737e-01 1.55729663e+00 5.60302591e+00 4.36415052e+00
  2.04618716e+00 4.13513136e+00 3.38709891e-01 2.54784632e+00
  2.42482990e-01 1.10454582e-01 8.96639252e+00 1.91946462e-01
  7.94993114e+00 6.58501387e-01 0.00000000e+00 1.14808524e+00
  3.14315057e+00 1.68004286e+00 2.49686345e-01 3.54327011e+00
  4.15976942e-01 2.48958439e-01 3.59236860e+00 3.76201630e-01
  0.00000000e+00 2.40910983e+00 4.88580418e+00 6.11122727e-01
  9.67732787e-01 8.61792755e+00 5.71940708e+00 3.82982552e-01
  2.53968072e+00 3.98307467e+00 1.85015428e+00 1.05029955e+01
  1.01856303e+00 3.43403220e-01 3.00655514e-01 1.40803158e+00
  1.18318684e-01 3.06910425e-01 1.09615684e+00 1.99201679e+00
  1.87837577e+00 2.37476873e+00 3.12764466e-01 5.73023498e-01
  3.50803804e+00 4.08823776e+00 4.79326621e-02 9.70265925e-01
  0.00000000e+00 2.56762385e+00 1.03510964e+00 4.49712276e-01
  3.57241893e+00 0.00000000e+00 2.55387616e+00 1.95741463e+00
  4.03730832e-02 9.72902107e+00 6.77374268e+00 9.70384598e+00
  8.33063602e-01 4.55566823e-01 9.25251245e-01 2.00859594e+00
  1.26141810e+00 1.83058336e-01 4.66231155e+00 9.79415059e-01
  4.02584743e+00 1.45282805e+00 2.01709104e+00 4.35627604e+00
  2.73279953e+00 1.00350437e+01 4.38086176e+00 3.87946868e+00
  8.55853748e+00 4.62601364e-01 2.48153496e+00 5.14656448e+00
  6.50379956e-01 3.86211008e-01 5.52009106e+00 3.39232254e+00
  1.31898892e+00 3.10994774e-01 1.37335873e+00 1.66215551e+00
  9.84387174e-02 7.71663904e-01 8.80809593e+00 0.00000000e+00
  3.30985117e+00 1.21024871e+00 1.42020118e+00 4.67248261e-01
  2.44717926e-01 1.30062068e+00 2.13458911e-01 7.01762080e-01
  1.91084480e+00 2.72799158e+00 1.14538813e+00 8.42121899e-01
  1.33591566e+01 1.27579892e+00 2.68872309e+00 7.34732807e-01
  4.72444057e+00 1.46740937e+00 1.51652884e+00 1.49708116e+00
  1.06495786e+00 4.38114071e+00 2.17432070e+00 2.11504006e+00
  6.81593704e+00 1.77740133e+00 6.43059492e+00 3.10663342e+00
  2.04886460e+00 0.00000000e+00 4.58666039e+00 6.14872873e-01
  3.09493494e+00 5.83357453e-01 1.33375812e+00 2.36196566e+00
  2.45969087e-01 1.15242207e+00 1.55064809e+00 3.69289541e+00
  2.10307855e-02 2.97437763e+00 1.82297683e+00 0.00000000e+00
  2.51266146e+00 1.50984228e+00 7.16347814e-01 0.00000000e+00
  1.25749493e+00 4.14492846e+00 2.09204271e-01 1.18918192e+00
  1.08978558e+00 1.90264487e+00 2.79385900e+00 1.30173779e+00
  0.00000000e+00 3.82579774e-01 4.92601109e+00 0.00000000e+00
  7.84985971e+00 1.10813084e+01 3.37566185e+00 2.67967200e+00
  3.06553006e+00 6.41104460e-01 4.62118536e-01 3.00213790e+00
  3.71345282e+00 1.73500478e+00 7.18929195e+00 3.22138786e+00
  1.94215083e+00 0.00000000e+00 1.69416681e-01 7.33318853e+00
  1.32763791e+00 2.02829218e+00 6.24338961e+00 8.24777317e+00
  3.42954111e+00 4.75036812e+00 3.76678658e+00 2.48995399e+00
  4.85359669e-01 9.50120628e-01 1.80369651e+00 7.96962202e-01
  3.51332784e+00 1.39437664e+00 3.88245916e+00 0.00000000e+00
  3.68541431e+00 1.82600749e+00 4.86637056e-02 2.06494704e-01
  0.00000000e+00 4.53599167e+00 1.99623168e+00 1.83050916e-01
  8.68347466e-01 1.00665436e+01 3.32056451e+00 4.81116915e+00
  2.98990822e+00 8.34839916e+00 9.78463173e-01 1.65364921e+00
  2.01008129e+00 7.30851889e+00 7.32608032e+00 1.97717500e+00
  5.88729918e-01 1.73099625e+00 2.09736848e+00 1.55847514e+00
  2.70246553e+00 0.00000000e+00 6.44447374e+00 4.19965060e-03
  1.14531314e+00 2.47702312e+00 0.00000000e+00 5.25762558e+00
  3.66206670e+00 2.69796681e+00 1.40182555e+00 1.67806005e+00
  1.73178881e-01 5.75330317e-01 4.68032420e-01 1.10645604e+00
  1.06588459e+00 2.44194794e+00 1.05916584e+00 5.40558815e+00
  0.00000000e+00 1.86463022e+00 4.68048602e-01 1.54699592e-04
  2.45875573e+00 2.38755059e+00 1.46871984e+00 3.17005277e+00
  7.99748242e-01 5.11432648e+00 2.26780629e+00 8.68605804e+00
  5.02104855e+00 4.06147289e+00 6.32298851e+00 3.76709557e+00
  0.00000000e+00 5.56707954e+00 4.74536419e+00 1.19632411e+00
  6.89063430e-01 1.10948634e+00 1.63121843e+00 4.92852628e-02
  1.29380143e+00 2.18852803e-01 5.82267702e-01 6.12712324e-01
  1.12114578e-01 4.61375386e-01 0.00000000e+00 9.20759869e+00
  2.06700802e+00 3.00235462e+00 4.88650846e+00 3.67450953e+00
  1.75380850e+00 6.93051636e-01 1.23560464e+00 4.22699690e+00
  1.48212421e+00 0.00000000e+00 1.07561707e+00 4.63055086e+00
  6.80328965e-01 1.91516232e+00 2.13757229e+00 8.37104559e-01
  2.01154158e-01 6.33787453e-01 9.90960896e-01 2.55358171e+00
  4.34299201e-01 6.04176819e-01 4.38824940e+00 1.99969089e+00
  0.00000000e+00 1.86888441e-01 3.68694782e-01 1.87294221e+00
  2.48305750e+00 2.79537582e+00 9.33924198e+00 0.00000000e+00
  1.15543489e+01 4.12570655e-01 3.37638450e+00 6.08839035e+00
  4.39409554e-01 1.31183207e+00 2.93373442e+00 1.37230074e+00
  0.00000000e+00 9.37724579e-03 4.49843597e+00 9.92570758e-01
  4.27910233e+00 1.68193173e+00 2.55271375e-01 5.31287670e-01
  0.00000000e+00 1.52011144e+00 6.59011662e-01 1.09676850e+00
  7.78957307e-01 2.02892825e-01 1.15189111e+00 1.16628432e+00
  3.65993798e-01 7.03035069e+00 1.09401810e+00 5.80031919e+00
  0.00000000e+00 1.78123087e-01 1.25894051e+01 1.29686086e-03
  8.01691532e+00 0.00000000e+00 1.31180263e+00 8.94618511e-01
  1.06424093e+00 3.15167046e+00 3.47492367e-01 4.26959610e+00
  4.19129163e-01 7.93982595e-02 3.73242307e+00 9.58493873e-02
  6.05467129e+00 1.24609506e+00 1.75248754e+00 1.06651735e+00
  2.44951820e+00 1.66497600e+00 6.62096739e+00 5.95837891e-01
  1.65724874e-01 9.09323692e-01 2.74870086e+00 8.03257048e-01]]