[[5.57912779e+00 2.35666466e+00 5.99355602e+00 1.63972557e+00
  8.05735826e-01 4.07129318e-01 7.44205379e+00 7.53672063e-01
  7.46913671e-01 1.71832776e+00 1.13135729e+01 1.73182666e+00
  1.16182528e-01 6.60698700e+00 4.88297701e+00 4.97741747e+00
  6.53499901e-01 2.82077360e+00 1.04382649e-01 6.18457174e+00
  4.13624668e+00 9.15023136e+00 8.37687874e+00 0.00000000e+00
  7.02875900e+00 5.89633560e+00 1.14507034e-01 0.00000000e+00
  3.26874280e+00 3.85428166e+00 0.00000000e+00 0.00000000e+00
  2.42439675e+00 3.96131730e+00 2.74892473e+00 0.00000000e+00
  6.34308004e+00 0.00000000e+00 2.02942061e+00 2.79849839e+00
  4.44650126e+00 5.53990221e+00 1.23118353e+00 5.69504261e+00
  0.00000000e+00 1.82215691e-01 1.25181949e+00 9.35328752e-02
  1.12042546e+00 1.17498052e+00 5.06516397e-01 3.21176672e+00
  2.60948181e-01 3.93362045e+00 4.54309082e+00 5.77047729e+00
  5.21320438e+00 8.46159577e-01 0.00000000e+00 0.00000000e+00
  0.00000000e+00 5.02124691e+00 9.00512791e+00 9.45475674e+00
  8.04607868e+00 3.30657983e+00 4.56571952e-02 4.79284286e+00
  4.61737919e+00 5.49773550e+00 4.35021473e-04 2.20408773e+00
  0.00000000e+00 7.90974855e-01 1.37188351e+00 4.39599466e+00
  7.10650384e-01 1.36908841e+00 4.43969727e-01 2.08056259e+00
  5.00023508e+00 8.81443858e-01 3.71552324e+00 8.17838252e-01
  2.97210121e+00 3.99864125e+00 5.51933110e-01 1.32639980e+00
  7.77955651e-01 0.00000000e+00 1.22291005e+00 6.80716515e+00
  1.38814613e-01 6.14699888e+00 9.93593407e+00 6.18939877e+00
  2.93837070e+00 3.65744090e+00 6.99114370e+00 2.45417309e+00
  9.52069610e-02 3.06952864e-01 2.46542549e+00 5.21007824e+00
  3.30190063e-02 9.08371639e+00 2.51511812e-01 8.43696976e+00
  8.04320812e-01 2.24620295e+00 1.19977939e+00 1.55411994e+00
  6.46248341e-01 0.00000000e+00 5.04649782e+00 1.18389809e+00
  2.22735524e+00 7.44200468e-01 1.35646451e+00 1.10499072e+00
  1.02713692e+00 7.68460259e-02 0.00000000e+00 4.01980257e+00
  1.64604831e+00 6.23872709e+00 0.00000000e+00 1.25574327e+00
  7.20470607e-01 1.10034657e+01 1.89478695e-01 0.00000000e+00
  7.90752351e-01 9.60579395e-01 5.87837994e-01 1.15243101e+00
  1.73168504e+00 2.70004511e+00 6.54656506e+00 1.48209429e+00
  9.40781498e+00 1.26492727e+00 2.27621794e+00 3.98348004e-01
  1.78315055e+00 1.57347310e+00 2.81894088e-01 2.16937280e+00
  8.87394714e+00 3.09330630e+00 1.19434781e-01 5.25187159e+00
  1.82335114e+00 5.66487789e-01 3.50228572e+00 2.65448594e+00
  8.80291581e-01 1.04212332e+01 0.00000000e+00 3.40160012e+00
  8.58917713e+00 9.12235439e-01 8.81097376e-01 7.45801830e+00
  4.42689323e+00 1.45962644e+00 4.94744897e-01 4.96139908e+00
  0.00000000e+00 2.13476229e+00 2.38231897e-01 1.06900682e+01
  3.10047746e+00 1.97699547e+00 9.81030226e-01 8.91398811e+00
  7.49415636e+00 6.77604914e-01 3.33286119e+00 7.01626420e-01
  0.00000000e+00 7.57356763e-01 4.24216700e+00 3.89506698e-01
  4.81545734e+00 3.75403762e-01 0.00000000e+00 1.69283414e+00
  3.19645572e+00 2.56328630e+00 0.00000000e+00 8.07780385e-01
  8.93691730e+00 6.49863672e+00 7.28099632e+00 1.01069629e-01
  1.05109501e+00 7.91640806e+00 1.00066913e-02 5.98821020e+00
  1.19403911e+00 0.00000000e+00 0.00000000e+00 3.22951770e+00
  1.52848870e-01 2.24601340e+00 5.92922390e-01 1.53307891e+00
  2.92751741e+00 8.36379910e+00 8.23718250e-01 4.60247755e+00
  6.12097234e-02 2.78161001e+00 7.08884478e-01 0.00000000e+00
  2.46595189e-01 0.00000000e+00 1.25732914e-01 1.38968337e+00
  4.69807673e+00 7.98232794e+00 5.97814178e+00 2.37616444e+00
  1.43851078e+00 1.53879471e+01 1.94930589e+00 2.84273648e+00
  6.08960009e+00 0.00000000e+00 1.65180683e+00 1.90202451e+00
  2.56445616e-01 2.64265656e+00 2.28388701e-02 1.02161729e+00
  1.14143705e+00 6.97750902e+00 1.21102762e+00 2.61894464e+00
  1.46127629e+00 0.00000000e+00 7.29231715e-01 5.36931133e+00
  7.82082975e-02 6.82134390e+00 6.49635839e+00 3.00203443e+00
  1.34016559e-01 5.56017399e-01 1.03297234e+00 1.57682046e-01
  9.52358723e-01 1.86468944e-01 1.38726640e+00 0.00000000e+00
  1.11480153e+00 1.71213675e+00 2.35288835e+00 3.29229450e+00
  1.90415478e+00 8.95512640e-01 4.94791746e-01 2.39174187e-01
  6.30699253e+00 9.48342419e+00 8.51322711e-01 3.25969005e+00
  2.81388116e+00 8.59549701e-01 1.04536951e+00 3.51982832e+00
  7.64764833e+00 1.88079262e+00 3.12261391e+00 1.85181051e-01
  7.79828835e+00 3.04694700e+00 4.88299690e-02 7.74527073e-01
  5.80310011e+00 8.47378635e+00 4.41062403e+00 0.00000000e+00
  1.95718479e+00 0.00000000e+00 9.51388645e+00 9.16809177e+00
  7.71078539e+00 1.46458852e+00 2.89135623e+00 2.30354595e+00
  3.82236457e+00 2.43558884e+00 1.86842096e+00 2.77818990e+00
  2.46061280e-01 2.13735890e+00 1.88840941e-01 2.31741607e-01
  2.25431800e+00 1.35565531e+00 7.16929197e-01 4.19991948e-02
  9.19429481e-01 3.56112885e+00 1.15602322e+01 1.52051783e+00
  1.98300791e+00 0.00000000e+00 5.48200083e+00 1.42709932e+01
  6.63591909e+00 4.77431536e+00 4.23647594e+00 3.92486238e+00
  1.59880054e+00 5.32750082e+00 2.20374417e+00 1.35295403e+00
  1.35873480e+01 4.97040415e+00 1.59720955e+01 5.63652086e+00
  2.55330563e+00 6.32213354e-01 1.03587227e+01 2.72487029e-02
  6.79653466e-01 4.94467199e-01 5.90456367e-01 5.28514242e+00
  1.09972894e-01 2.68480825e+00 1.30499516e+01 3.96036506e+00
  1.95813644e+00 1.71501979e-01 4.62021065e+00 2.38055062e+00
  2.76216626e+00 2.18612552e+00 1.57977974e+00 5.97133338e-02
  1.43885303e+00 6.03824329e+00 4.48936844e+00 3.40099597e+00
  3.79739809e+00 4.47939396e-01 5.12589328e-02 2.85177976e-01
  1.38687778e+00 8.57880974e+00 1.16507399e+00 1.28742194e+00
  6.09068823e+00 5.88493490e+00 0.00000000e+00 2.50490141e+00
  4.27451706e+00 7.85668418e-02 2.44643879e+00 8.07102501e-01
  1.57833540e+00 1.26504421e+00 1.59891005e+01 0.00000000e+00
  1.83764482e+00 3.94099450e+00 2.63394547e+00 3.06392694e+00
  5.93018150e+00 7.54852962e+00 0.00000000e+00 0.00000000e+00
  3.27788830e+00 7.46073389e+00 0.00000000e+00 3.38275719e+00
  4.15771723e+00 2.76886272e+00 4.07751739e-01 1.69183719e+00
  1.13715100e+00 0.00000000e+00 1.30813885e+00 7.69651711e-01
  1.38779330e+00 1.12332201e+01 5.62736797e+00 9.79169786e-01
  1.72003651e+01 7.28655159e-01 1.48211703e-01 1.56088626e+00
  2.03427672e+00 7.96841574e+00 2.58883357e+00 3.07004303e-01
  2.73523021e+00 1.81431389e+01 3.77023309e-01 2.11642957e+00
  7.80201197e+00 5.30875587e+00 8.96416724e-01 9.92537689e+00
  2.66838193e-01 3.04480195e+00 7.23238564e+00 8.53573084e-01
  2.97720027e+00 4.46930856e-01 1.20007694e+00 3.11957908e+00
  1.65810063e-01 5.11624627e-02 2.92998338e+00 9.35664594e-01
  2.66597509e-01 9.03554037e-02 5.58417702e+00 9.77277088e+00
  1.50921023e+00 2.49131703e+00 4.88240623e+00 2.49193954e+00
  8.85914385e-01 4.22454745e-01 1.18612528e+00 9.38648820e-01
  5.82114601e+00 4.81833267e+00 0.00000000e+00 5.70680618e-01
  8.80708027e+00 3.12010074e+00 5.59626877e-01 5.04420424e+00
  1.43233395e+00 3.70132351e+00 3.14807534e-01 2.41638970e+00
  1.52978092e-01 1.09137245e-01 1.73170054e+00 4.63371563e+00
  4.51844454e+00 1.66692108e-01 0.00000000e+00 2.91123778e-01
  3.76379514e+00 7.79146576e+00 2.21717429e+00 1.48558569e+00
  2.46978712e+00 1.36477947e+00 5.75998783e-01 9.62361574e-01
  8.94420922e-01 1.77405715e+00 1.97650477e-01 2.06380033e+00
  2.53111243e+00 4.26072627e-02 7.52363491e+00 4.28831053e+00
  5.85240781e-01 1.07680154e+00 1.08567059e+00 5.92105910e-02
  3.08108854e+00 1.86785030e+00 0.00000000e+00 2.59490800e+00
  1.24929644e-01 6.35327959e+00 5.13453484e+00 3.53939891e+00
  2.57786727e+00 1.30883121e+00 1.95399731e-01 5.79852760e-01
  4.47229576e+00 2.12336483e+01 2.35977554e+00 2.64458179e-01
  1.07629097e+00 4.03119183e+00 7.17015624e-01 3.65718699e+00
  9.95629132e-01 3.44694948e+00 3.06094980e+00 1.88295293e+00
  1.33190262e+00 8.05415154e+00 4.99486923e+00 4.93413353e+00
  8.43921375e+00 1.30706012e+00 1.18803825e+01 2.87906885e+00
  2.86063981e+00 5.00968516e-01 3.17417121e+00 2.97292995e+00
  2.66997695e+00 1.03172803e+00 2.38703680e+00 5.69971800e-01]]