[[1.79976821e+00 8.85164618e-01 7.02576303e+00 0.00000000e+00
  7.85566568e+00 6.27272940e+00 5.83830786e+00 5.81620693e-01
  2.79810762e+00 1.56628942e+00 7.01586962e+00 2.61275220e+00
  1.70256293e+00 1.88389111e+00 5.41265547e-01 6.44769490e-01
  1.55055499e+00 1.20013869e+00 1.59074515e-02 3.47621727e+00
  6.69446230e+00 2.98821187e+00 2.76270056e+00 1.13689280e+01
  4.08182096e+00 3.44400764e+00 3.62098360e+00 4.20396537e-01
  4.19944096e+00 0.00000000e+00 7.51590252e-01 4.03200626e+00
  1.29607990e-01 3.28629994e+00 1.74161541e+00 1.45853892e-01
  2.16436076e+00 0.00000000e+00 3.80531383e+00 8.06227303e+00
  5.99366522e+00 4.37891150e+00 1.60688221e+00 3.92600322e+00
  1.90382481e+00 1.87509823e+00 3.82548022e+00 8.43496978e-01
  2.04606032e+00 4.63828683e-01 6.84680521e-01 4.22518873e+00
  4.47658241e-01 4.36485261e-01 1.45533693e+00 4.84427547e+00
  8.20291266e-02 2.78360796e+00 1.78049278e+00 3.46665883e+00
  1.61395574e+00 2.70303869e+00 1.06214981e+01 5.16172934e+00
  1.22192848e+00 1.08648527e+00 3.41646338e+00 2.57157969e+00
  1.44667828e+00 2.73172927e+00 1.07801628e+00 8.17191315e+00
  2.98151135e+00 1.00948267e+01 2.77045155e+00 5.83918810e-01
  4.47058773e+00 6.13992631e-01 1.16766453e+00 1.89590001e+00
  7.59851098e-01 2.07200259e-01 7.38567412e-01 1.99935541e-01
  3.80090117e+00 3.03928137e+00 7.89128661e-01 0.00000000e+00
  1.06187403e+00 0.00000000e+00 8.81468475e-01 1.79533851e+00
  6.18486118e+00 2.85220933e+00 9.63191569e-01 4.23986278e-02
  1.95058095e+00 1.00012648e+00 2.63463879e+00 9.45769310e+00
  3.40198851e+00 6.03385353e+00 5.48437548e+00 3.59884858e+00
  1.63438835e+01 9.40426922e+00 5.60515761e-01 4.27418619e-01
  5.15453291e+00 0.00000000e+00 2.48826429e-01 3.43925476e-01
  6.47375703e-01 3.82564068e+00 7.53870130e-01 3.62211108e-01
  1.65887184e+01 1.28580785e+00 4.09168541e-01 3.13910699e+00
  2.50102401e+00 1.35172337e-01 3.99419889e-02 4.28741026e+00
  1.67255306e+00 1.77021897e+00 7.94196784e-01 0.00000000e+00
  9.00362432e-01 9.40868187e+00 2.23126411e-01 0.00000000e+00
  1.11634684e+00 1.74414563e+00 1.96504509e+00 2.95801210e+00
  1.64179027e+00 5.99794865e-01 5.92328835e+00 4.92200851e+00
  5.55441523e+00 7.88348615e-01 4.81823057e-01 6.84097290e+00
  5.33621883e+00 2.55798578e+00 6.41327286e+00 0.00000000e+00
  0.00000000e+00 1.09562948e-02 2.41184568e+00 1.84717619e+00
  4.53319967e-01 4.44901419e+00 2.58307010e-01 5.60639381e+00
  1.39882421e+00 3.66429663e+00 2.65323043e+00 1.16313934e+00
  3.39484304e-01 3.40227336e-02 4.64248991e+00 2.10088992e+00
  1.27528751e+00 9.62137938e-01 2.74965703e-01 1.58061373e+00
  0.00000000e+00 2.22407603e+00 8.14729214e+00 3.42164725e-01
  2.52117324e+00 2.71083433e-02 0.00000000e+00 8.92337263e-01
  7.16169953e-01 7.34765005e+00 1.92509305e+00 1.36866903e+00
  3.78970146e+00 1.01339743e-01 7.50193405e+00 1.59965396e+00
  1.29456425e+00 7.05359399e-01 5.68095779e+00 2.23971605e+00
  9.93599117e-01 4.80926275e+00 2.27864075e+00 0.00000000e+00
  8.32214415e-01 1.46734333e+01 1.17590153e+00 1.55781472e+00
  3.59868360e+00 5.05429888e+00 5.27651787e-01 2.02910995e+00
  1.57259476e+00 5.31728172e+00 3.22335815e+00 2.83312768e-01
  7.98598003e+00 3.48426127e+00 1.31891118e-02 6.67557621e+00
  3.86237192e+00 1.35985222e+01 9.92589653e-01 2.41813898e+00
  1.21249783e+00 1.17915845e+00 3.50920200e+00 3.75272870e-01
  3.54621577e+00 0.00000000e+00 4.28746819e-01 7.04312384e-01
  2.71564454e-01 6.83126831e+00 4.63160658e+00 5.17121935e+00
  3.10802078e+00 2.30630136e+00 1.91402090e+00 1.75532207e-01
  0.00000000e+00 1.24847126e+00 1.22684729e+00 5.49603748e+00
  7.27750957e-01 2.50866985e+00 2.61581111e+00 2.11071897e+00
  4.46857834e+00 6.03748941e+00 6.84521294e+00 1.45327497e+00
  2.03659296e+00 0.00000000e+00 2.26755166e+00 3.66369867e+00
  1.76834249e+00 2.20786095e+00 9.21080303e+00 3.17626572e+00
  2.31057358e+00 2.91719651e+00 1.96065199e+00 0.00000000e+00
  0.00000000e+00 3.45917630e+00 1.90049684e+00 0.00000000e+00
  3.30718827e+00 1.84917259e+00 6.90775394e+00 0.00000000e+00
  9.27499866e+00 1.08549225e+00 1.77146256e-01 2.66587090e+00
  6.82115614e-01 1.39901769e+00 8.04856968e+00 8.55007648e-01
  9.41896820e+00 0.00000000e+00 1.74049461e+00 6.90627217e-01
  1.00955367e+00 1.57658184e+00 3.47453189e+00 1.93635440e+00
  1.45308237e+01 4.39244699e+00 1.39758861e+00 2.41301745e-01
  7.07568550e+00 4.45480384e-02 6.29281282e+00 2.79583311e+00
  6.16775334e-01 6.74713850e-02 3.39873767e+00 1.48435163e+00
  3.19618320e+00 8.60208631e-01 1.21773326e+00 8.68217289e-01
  2.29952753e-01 6.09103441e+00 1.84776628e+00 5.98855209e+00
  1.95743248e-01 7.97948241e-01 1.00522423e+01 7.30019093e-01
  7.86119795e+00 4.26822948e+00 1.25567150e+00 1.31068671e+00
  5.11670494e+00 1.41262579e+00 1.13768709e+00 1.23765194e+00
  1.51996160e+00 1.32432550e-01 6.06034756e+00 1.72056079e-01
  1.34124994e+00 3.47086859e+00 4.03175974e+00 0.00000000e+00
  1.25766220e+01 1.64030304e+01 6.99105501e+00 7.05963326e+00
  4.52226210e+00 5.98668480e+00 4.93449736e+00 3.94045091e+00
  2.20587635e+00 2.69109797e+00 6.07260466e+00 3.87939453e-01
  5.41108370e+00 3.70655954e-01 3.14230621e-01 5.70252943e+00
  2.21290708e+00 3.73824149e-01 2.78401470e+00 5.98953867e+00
  3.87732100e+00 3.06615114e+00 2.24980879e+00 2.03198528e+00
  7.04996347e+00 1.72999227e+00 2.96235013e+00 1.61538482e-01
  1.63988698e+00 2.08394504e+00 4.92477942e+00 1.91202128e+00
  2.41533303e+00 1.43069172e+00 1.65021455e+00 1.42891300e+00
  1.13689661e+00 7.10381460e+00 2.50700974e+00 4.58652377e-01
  3.04180253e-02 1.09421682e+01 3.82249981e-01 2.85152984e+00
  2.53332353e+00 3.41334915e+00 4.63370562e+00 1.04270439e+01
  5.17702532e+00 4.30749559e+00 1.44032097e+01 6.64726162e+00
  4.06246096e-01 1.01179194e+00 2.85138130e+00 1.08191240e+00
  2.66966319e+00 2.84460466e-02 3.58372498e+00 8.09802175e-01
  9.56841946e-01 3.65272307e+00 6.36833906e-01 5.63283825e+00
  2.01694059e+00 2.24919653e+00 4.81061459e-01 2.49106812e+00
  5.81045675e+00 1.20295314e-02 2.43218565e+00 1.45915225e-02
  8.08715045e-01 4.95521307e+00 6.17035389e-01 3.25793362e+00
  7.49825120e-01 7.02942908e-01 4.77136344e-01 1.39734101e+00
  1.69843400e+00 2.66425276e+00 1.25838304e+00 2.43612751e-01
  5.92435420e-01 1.13135738e+01 6.10806704e+00 1.15932446e+01
  3.48244643e+00 2.24777508e+00 0.00000000e+00 1.64726675e+00
  9.97483635e+00 1.95302820e+00 5.00671864e+00 8.14045668e-01
  0.00000000e+00 1.59324855e-01 5.05744886e+00 1.40619004e+00
  0.00000000e+00 4.46706355e-01 2.54336929e+00 2.32592440e+00
  2.26242137e+00 3.08016181e-01 7.64584005e-01 1.85584056e+00
  2.79819560e+00 1.93533671e+00 3.13530159e+00 5.70024395e+00
  4.46474648e+00 1.72746623e+00 5.83919716e+00 2.06722283e+00
  4.44322729e+00 1.52196097e+00 7.96630859e-01 1.14527884e+01
  4.63550329e-01 9.03903675e+00 3.26707095e-01 1.33004084e-01
  6.28775716e-01 1.12097609e+00 8.86251867e-01 1.09574823e+01
  5.40278769e+00 1.59903657e+00 3.36466289e+00 3.48783588e+00
  6.09398651e+00 2.27932315e-02 5.81213057e-01 4.58426237e+00
  3.82349277e+00 1.06863225e+00 6.19758224e+00 1.19416647e-01
  1.09635007e+00 4.50373077e+00 2.06625566e-01 1.01913786e+01
  7.49075532e-01 2.40577793e+00 7.01198769e+00 6.38158202e-01
  0.00000000e+00 1.38425541e+00 2.02630830e+00 2.83487773e+00
  2.81950474e+00 3.03140759e+00 3.75283152e-01 2.08573604e+00
  9.80850756e-01 2.74141359e+00 1.18429415e-01 3.49268770e+00
  1.57713428e-01 1.91417241e+00 1.08839631e+00 1.66131389e+00
  4.99877501e+00 0.00000000e+00 5.05764425e-01 3.05101085e+00
  0.00000000e+00 2.14712667e+00 4.41369295e+00 4.64284904e-02
  1.51046312e+00 0.00000000e+00 7.94858634e-01 9.15431738e-01
  1.99264812e+00 5.05016327e+00 3.30059075e+00 2.45492458e+00
  2.51991582e+00 5.03852904e-01 3.80772591e+00 1.14337015e+00
  5.29234266e+00 1.78164256e+00 4.34566021e+00 3.21308279e+00
  7.21206474e+00 0.00000000e+00 1.03634138e+01 1.22345257e+00
  1.93487632e+00 3.43967605e+00 2.62126184e+00 4.56951475e+00]]