[[3.76983643e-01 2.67246819e+00 5.23601472e-01 2.64501452e+00
  6.04623461e+00 4.74600220e+00 3.37712884e+00 1.33743227e+00
  6.52523577e-01 2.07100606e+00 2.20575500e+00 2.63519526e+00
  7.62555778e-01 3.17175806e-01 6.81781992e-02 9.20878291e-01
  9.16526094e-02 1.19627580e-01 1.22712448e-01 6.21527910e+00
  3.34998560e+00 1.12287867e+00 5.65173507e-01 3.07121611e+00
  1.87543213e-01 1.69032764e+00 1.15696657e+00 2.59556913e+00
  3.07482600e+00 2.88361236e-02 4.17138100e+00 9.36250746e-01
  2.09778130e-01 4.16331100e+00 2.09272361e+00 4.12780094e+00
  6.59939110e-01 3.77003968e-01 2.21276712e+00 6.46971416e+00
  1.17983282e+00 2.86669612e+00 2.14175120e-01 7.58761585e-01
  9.25864398e-01 5.54816723e-01 8.91623974e-01 3.38900387e-01
  6.58544540e+00 6.09067822e+00 3.96550268e-01 5.95084381e+00
  3.34345722e+00 9.36615616e-02 0.00000000e+00 2.90426660e+00
  4.54044628e+00 4.85544968e+00 1.14502323e+00 3.36762190e+00
  2.39235923e-01 2.61402678e+00 8.37338066e+00 4.72643232e+00
  1.22579658e+00 4.01087570e+00 3.01979756e+00 2.16625381e+00
  7.86187553e+00 2.06939673e+00 4.78224850e+00 5.69385624e+00
  1.87486053e+00 2.46624875e+00 8.80411327e-01 2.91653013e+00
  2.45221329e+00 4.14924622e-01 5.44081509e-01 4.12264407e-01
  2.19961715e+00 2.13820195e+00 8.04635906e+00 8.19810748e-01
  7.57818937e+00 4.91172647e+00 5.48695683e-01 1.72086179e+00
  4.54000664e+00 6.27381653e-02 3.67017102e+00 4.91401523e-01
  4.83460873e-01 2.92030835e+00 1.61826897e+00 1.08306921e+00
  2.45561862e+00 3.44902110e+00 1.75502372e+00 1.86142981e+00
  7.01642632e-02 1.90989804e+00 2.72994924e+00 3.90375900e+00
  1.19425287e+01 6.37133455e+00 1.41222167e+00 7.36154139e-01
  1.24342024e+00 1.63257146e+00 5.91460228e+00 3.88639712e+00
  1.36774480e+00 3.81030440e+00 4.32358122e+00 9.50159669e-01
  5.63935947e+00 5.49265337e+00 0.00000000e+00 4.42644775e-01
  5.97068024e+00 4.97949600e+00 1.23604321e+00 4.17726564e+00
  1.97217703e-01 1.58574104e+00 1.26091170e+00 4.86677587e-01
  1.89484513e+00 9.64085770e+00 4.10122204e+00 3.29447913e+00
  9.47984040e-01 5.68495929e-01 1.36639094e+00 2.17060018e+00
  8.62496138e-01 6.67925167e+00 8.78647804e-01 0.00000000e+00
  2.09115267e+00 2.18022132e+00 2.11305642e+00 4.40005159e+00
  2.11770487e+00 6.09354877e+00 7.31560230e-01 2.28863764e+00
  8.85495484e-01 3.82222009e+00 0.00000000e+00 9.35242176e+00
  3.88721585e-01 2.15109921e+01 8.04967582e-01 1.76171160e+00
  3.01769710e+00 3.73218703e+00 9.98169243e-01 4.41144133e+00
  1.60836792e+00 7.67811239e-01 4.10217762e+00 7.46032238e-01
  1.96067154e+00 1.57363340e-01 3.01118642e-02 1.15588725e+00
  1.29957736e+00 5.75334930e+00 1.76075196e+00 9.70562649e+00
  3.04976225e+00 7.24916124e+00 3.40836191e+00 6.76320717e-02
  3.31316710e+00 3.08434725e-01 2.49162912e+00 9.84045446e-01
  6.25303507e-01 0.00000000e+00 4.98770571e+00 1.10897052e+00
  6.23605013e-01 1.85187685e+00 2.92443442e+00 3.50409770e+00
  1.79397619e+00 2.03078032e+00 1.48111773e+00 3.97931188e-01
  0.00000000e+00 1.66454399e+00 6.90755248e-01 1.49412889e+01
  5.19801855e+00 6.13016748e+00 2.47114205e+00 5.28528541e-02
  1.95790923e+00 2.47972202e+00 1.16820545e+01 1.80905700e+00
  5.40414095e+00 3.15925026e+00 2.27430940e+00 7.96754360e+00
  2.08259702e+00 1.57223201e+00 0.00000000e+00 6.58340156e-01
  2.29409838e+00 1.66802967e+00 7.34935904e+00 1.23707950e+00
  2.06764269e+00 0.00000000e+00 4.73150671e-01 1.54716051e+00
  3.45130301e+00 5.68576717e+00 1.77647650e+00 4.58407593e+00
  6.55705035e-01 1.38268204e+01 1.07022285e+00 2.30555916e+00
  3.24993920e+00 4.47844076e+00 2.31900859e+00 3.20833850e+00
  3.76994878e-01 4.20376015e+00 9.71281111e-01 4.50410032e+00
  2.04979330e-01 3.14535093e+00 9.89704323e+00 1.97164118e+00
  2.39557648e+00 0.00000000e+00 1.04077113e+00 8.12932587e+00
  4.31286752e-01 1.67065179e+00 5.25667477e+00 1.16210067e+00
  1.01089013e+00 3.12831426e+00 4.22879124e+00 7.20559418e-01
  1.93830633e+00 3.56806970e+00 3.78783971e-01 0.00000000e+00
  2.25830460e+00 1.47613883e-01 2.52192348e-01 8.40908825e-01
  5.15128899e+00 2.56139016e+00 4.76499081e+00 3.44514638e-01
  3.08111340e-01 6.68372571e-01 2.44111443e+00 1.77496815e+00
  1.06251183e+01 3.59018350e+00 9.82915759e-01 1.04880691e+00
  3.08029866e+00 1.17967367e+00 2.48015070e+00 2.77718544e+00
  3.19207263e+00 8.54004383e+00 2.73963404e+00 1.54489231e+00
  1.91918802e+00 2.98970699e-01 9.73569274e-01 2.08528328e+00
  8.32496643e+00 4.10657853e-01 3.37009788e+00 4.38780260e+00
  3.77924538e+00 6.67900685e-03 3.87127209e+00 3.44573236e+00
  7.36188173e+00 9.97661412e-01 3.72162056e+00 5.47795010e+00
  1.04417421e-01 2.08651829e+00 4.58609772e+00 3.48355323e-01
  7.50804615e+00 3.93554807e+00 1.37221708e+01 2.91038895e+00
  2.71209073e+00 2.65957117e+00 1.27493703e+00 1.78644657e+00
  2.09794784e+00 1.60438418e-01 7.12786722e+00 1.24450028e+00
  5.45888424e-01 1.88548243e+00 3.00487280e-01 3.08967686e+00
  4.98879623e+00 8.69676781e+00 3.99467379e-01 1.95206404e+00
  1.06619492e+01 4.55755281e+00 1.10398221e+00 1.88210344e+00
  2.89083886e+00 2.71716237e+00 2.52351254e-01 2.07240731e-02
  1.79255688e+00 1.10756087e+00 1.32431734e+00 1.04836512e+00
  1.42891896e+00 3.51136886e-02 2.91901922e+00 9.68332767e+00
  7.63240528e+00 9.83445549e+00 2.69259644e+00 4.64163780e+00
  9.12693977e+00 0.00000000e+00 0.00000000e+00 1.30059743e+00
  1.53920221e+00 0.00000000e+00 2.82977611e-01 9.33463573e-01
  3.52279514e-01 1.90908253e+00 2.82330178e-02 1.25050020e+00
  1.92539155e+00 1.89686143e+00 5.54290354e-01 1.51256776e+00
  2.41667581e+00 4.10374308e+00 7.39417791e-01 3.25042105e+00
  5.00003767e+00 1.36433423e-01 2.68503428e+00 6.34083939e+00
  1.13028705e+00 7.76300073e-01 1.08629074e+01 2.91028500e-01
  1.76808023e+00 2.34473610e+00 2.79846579e-01 2.57757401e+00
  4.22093248e+00 4.86480072e-02 4.20345497e+00 3.71292830e+00
  2.54635286e+00 1.06306112e+00 2.17796504e-01 4.44598341e+00
  2.36665964e+00 2.52073836e+00 9.02470684e+00 2.94805598e+00
  6.71224236e-01 2.62695342e-01 2.42640162e+00 3.26123774e-01
  1.06307471e+00 4.21199608e+00 1.67226148e+00 1.79871511e+00
  2.74888444e+00 5.90752549e-02 2.82993746e+00 5.69520473e-01
  2.89494491e+00 7.80003518e-02 8.42400169e+00 1.61841536e+00
  3.25069547e+00 4.73481607e+00 6.75314283e+00 5.75387716e+00
  2.28106880e+00 1.00621678e-01 2.49514326e-01 1.97497404e+00
  7.99672604e+00 3.37244302e-01 6.34221840e+00 3.11219752e-01
  0.00000000e+00 1.58611441e+00 6.38186836e+00 1.20230567e+00
  0.00000000e+00 1.30247638e-01 2.91552162e+00 0.00000000e+00
  3.58667779e+00 6.10027611e-01 1.13219440e+00 3.56131482e+00
  9.72737408e+00 1.68981254e+00 8.76226521e+00 2.06860900e+00
  1.67415762e+00 2.16116953e+00 2.51397163e-01 7.36616075e-01
  3.01494336e+00 2.97120070e+00 2.54140139e+00 5.33444166e+00
  1.35903764e+00 2.94384265e+00 6.33343086e-02 5.51162541e-01
  3.39199454e-01 4.46215010e+00 3.02043021e-01 6.74559534e-01
  6.70049429e+00 6.03689253e-01 2.06144953e+00 4.33628380e-01
  5.08162975e-01 1.75342059e+00 2.34461379e+00 8.78166294e+00
  3.35840440e+00 4.45176315e+00 7.10100889e+00 6.94300532e-02
  3.63078880e+00 3.78748178e+00 6.18332505e-01 0.00000000e+00
  5.02064991e+00 1.83065915e+00 3.10844302e-01 3.39806467e-01
  0.00000000e+00 5.78148794e+00 1.79683077e+00 1.23286879e+00
  2.79414058e+00 4.36972857e+00 1.15290415e+00 2.18019247e+00
  2.80340493e-01 8.41393769e-01 7.47297183e-02 7.35562181e+00
  6.13299012e-01 1.61346108e-01 8.23240876e-01 8.39725733e-02
  3.09784150e+00 4.02166963e-01 1.22822523e+00 6.93513203e+00
  2.40639162e+00 1.03429737e+01 0.00000000e+00 1.39794970e+00
  0.00000000e+00 2.73769200e-01 7.26704025e+00 4.33373928e+00
  3.19620180e+00 2.06931138e+00 7.32501602e+00 5.11662126e-01
  3.42906654e-01 2.50663853e+00 2.35005569e+00 8.55555475e-01
  3.56443667e+00 1.43321979e+00 8.15027523e+00 2.16637087e+00
  2.04215026e+00 9.05276060e-01 9.29584801e-01 8.51028115e-02
  3.22599697e+00 4.97739649e+00 2.84388399e+00 0.00000000e+00]]