[[0.00000000e+00 1.04566717e+00 2.60520911e+00 4.12463379e+00
  5.62178373e-01 3.74378395e+00 2.02391744e+00 4.41401339e+00
  9.29299712e-01 1.40385890e+00 2.84224927e-01 1.08977735e+00
  1.04778838e+00 2.72883266e-01 0.00000000e+00 8.18824291e-01
  4.55190927e-01 2.75158501e+00 0.00000000e+00 7.33891249e+00
  8.68586779e-01 3.16246643e+01 8.58291686e-02 1.75749552e+00
  3.23576951e+00 9.99086475e+00 1.37231663e-01 3.78179580e-01
  1.47309899e-01 0.00000000e+00 0.00000000e+00 1.22584367e+00
  1.44247639e+00 2.66143799e+00 1.88517362e-01 2.91687012e-01
  6.41565621e-01 0.00000000e+00 5.13104916e+00 2.64410233e+00
  4.75502300e+00 5.62311471e-01 1.05016673e+00 4.92750168e+00
  1.53793380e-01 0.00000000e+00 3.07780027e+00 3.05816841e+00
  2.85422087e+00 5.31654418e-01 4.04828930e+00 3.14921796e-01
  0.00000000e+00 0.00000000e+00 3.04719853e+00 8.39550781e+00
  1.69397521e+00 1.89579165e+00 1.18645763e+00 9.43265632e-02
  2.87012696e-01 3.42027806e-02 3.82318115e+00 8.20247936e+00
  0.00000000e+00 5.67480147e-01 1.77813518e+00 1.70867109e+00
  7.03681171e-01 3.76800847e+00 3.34892422e-01 5.03782701e+00
  7.79143524e+00 7.64080620e+00 3.79404664e-01 8.98242772e-01
  1.59343731e+00 7.36060619e-01 0.00000000e+00 4.34631139e-01
  2.50880539e-01 1.98783755e+00 0.00000000e+00 0.00000000e+00
  3.25099558e-01 2.58409858e+00 6.98633134e-01 4.34506226e+00
  2.19062209e+00 6.44137859e-01 1.24446428e+00 1.12165689e+00
  1.93138969e+00 1.29631920e+01 8.57967913e-01 1.70762992e+00
  7.45652080e-01 2.48634434e+00 0.00000000e+00 2.22045493e+00
  1.91295683e+00 5.60777569e+00 1.48247309e+01 4.88991070e+00
  0.00000000e+00 0.00000000e+00 3.86566401e-01 1.99746418e+00
  5.14049470e-01 2.63516068e+00 1.67601740e+00 3.58017254e+00
  6.68189749e-02 1.15625538e-01 1.19728708e+00 6.56046569e-01
  4.96346188e+00 6.76455379e-01 4.19348747e-01 8.47947121e-01
  1.29356459e-02 1.50262439e+00 0.00000000e+00 2.32249308e+00
  4.59670353e+00 1.75323755e-01 0.00000000e+00 0.00000000e+00
  2.59702015e+00 2.43382435e+01 5.57312250e-01 0.00000000e+00
  1.07357378e+01 1.87085772e+00 1.23704088e+00 2.44595215e-01
  7.84460247e-01 1.20800245e+00 2.40173483e+00 6.61992121e+00
  1.91224575e+00 7.91914940e-01 0.00000000e+00 1.86365402e+00
  2.54763722e+00 9.15650129e-02 1.94848120e+00 2.41726741e-01
  0.00000000e+00 7.86840022e-02 6.56366825e+00 6.79030776e-01
  1.01308644e+00 2.51894724e-02 1.96113706e-01 3.25536519e-01
  1.29744816e+00 3.36883187e-01 3.07427812e-02 6.40641153e-01
  2.78231907e+00 9.89762604e-01 3.72150040e+00 0.00000000e+00
  1.91158211e+00 4.23266268e+00 3.42674881e-01 2.92108750e+00
  4.68182117e-01 2.56755471e+00 2.12022972e+00 2.65451431e+00
  1.32271957e+01 2.81076729e-01 2.37722516e-01 1.03816259e+00
  5.40671527e-01 5.32345295e-01 1.39702997e+01 7.26240063e+00
  1.40434638e-01 0.00000000e+00 4.92672491e+00 4.04758215e-01
  7.87965655e-02 1.24946988e+00 9.30835152e+00 1.08498311e+00
  4.93832731e+00 1.63982701e+00 4.29085970e+00 0.00000000e+00
  8.44353139e-02 1.20081635e+01 0.00000000e+00 6.23397827e-01
  6.62922859e-01 1.41387749e+00 1.15421569e+00 3.91653515e-02
  1.93393004e+00 2.63009489e-01 0.00000000e+00 2.68231690e-01
  2.65827513e+00 3.35537374e-01 1.23175490e+00 1.67185962e+00
  3.14461946e+00 1.39661102e+01 4.16985559e+00 4.38733864e+00
  4.42872085e-02 8.26857507e-01 2.61877012e-03 1.37687564e+00
  1.01754010e-01 5.48828173e+00 4.38207388e-01 4.90665150e+00
  5.02367353e+00 6.01789093e+00 2.74305081e+00 5.67615604e+00
  6.88636154e-02 3.35152209e-01 1.49579644e-01 6.64522588e-01
  0.00000000e+00 1.58268380e+00 6.64023876e-01 3.87810588e+00
  2.17995071e+00 1.26885617e+00 2.62827444e+00 1.02406695e-01
  7.47740078e+00 5.57787514e+00 1.73947299e+00 5.16205168e+00
  0.00000000e+00 0.00000000e+00 2.03527379e+00 4.12707090e+00
  2.00720000e+00 8.44380569e+00 6.18214941e+00 5.96122742e-01
  1.70808613e+00 2.48096037e+00 1.30283368e+00 2.69724202e+00
  7.50879169e-01 1.11695039e+00 6.11714220e+00 1.55025399e+00
  4.42057237e-04 7.85405040e-01 2.92648554e+00 0.00000000e+00
  0.00000000e+00 1.09914616e-01 1.84026450e-01 6.14278913e-01
  1.30939889e+00 7.18021154e-01 0.00000000e+00 3.69762850e+00
  6.62323952e+00 4.79335010e-01 3.42752600e+00 0.00000000e+00
  2.25194073e+00 4.46922398e+00 3.09825540e+00 4.52027512e+00
  3.59573174e+00 3.13563913e-01 0.00000000e+00 4.70655537e+00
  7.03723145e+00 5.23904896e+00 1.64483280e+01 8.78187001e-01
  2.55349660e+00 0.00000000e+00 6.25916481e-01 0.00000000e+00
  5.53819478e-01 6.71402311e+00 2.77884096e-01 4.02307701e+00
  3.04695630e+00 8.63852024e+00 5.26784849e+00 0.00000000e+00
  1.31753099e+00 2.49041152e+00 0.00000000e+00 0.00000000e+00
  2.31294560e+00 2.11586881e+00 5.21577311e+00 0.00000000e+00
  3.07237983e-01 1.72561288e+00 1.31065047e+00 3.33839953e-01
  9.80109215e-01 4.11581397e-01 1.14712107e+00 7.53977671e-02
  3.39753127e+00 0.00000000e+00 3.75731134e+00 0.00000000e+00
  3.92960811e+00 3.70139599e+00 8.87443364e-01 7.18058124e-02
  0.00000000e+00 3.11346436e+00 4.49983597e+00 1.72045302e+00
  3.84903073e-01 1.22753298e+00 4.78190851e+00 7.23774970e-01
  4.18586314e-01 1.50175244e-01 4.25824404e-01 4.19401073e+00
  2.11332679e+00 1.06164646e+00 1.84554970e+00 4.00370646e+00
  7.98398852e-02 3.03385705e-01 7.91797447e+00 4.17051047e-01
  3.37519109e-01 0.00000000e+00 2.26663977e-01 2.94197464e+00
  1.13107300e+00 1.29367638e+00 8.43947172e-01 1.69036791e-01
  1.99680209e-01 8.15682769e-01 9.15333509e-01 5.95426738e-01
  3.06172580e-01 2.09851909e+00 3.00452256e+00 1.59727943e+00
  2.21974969e+00 4.84818029e+00 4.83371830e+00 1.31905437e-01
  1.27305746e+01 1.18796423e-01 4.52581310e+00 1.51905167e+00
  4.50014114e+00 3.09048629e+00 6.93199396e+00 8.04062188e-01
  0.00000000e+00 0.00000000e+00 6.24462068e-01 4.54017431e-01
  1.54271483e+00 8.51765648e-02 1.58449793e+00 4.00881946e-01
  2.49283767e+00 2.81375003e+00 5.23170173e-01 2.63096189e+00
  3.59743071e+00 1.26356735e+01 3.80246878e+00 3.35746193e+00
  2.41984749e+00 3.03801596e-01 2.39230901e-01 0.00000000e+00
  8.55880976e-01 2.99756861e+00 1.04112685e+00 4.77867222e+00
  3.66390395e+00 3.66692019e+00 6.11664534e-01 4.14011812e+00
  2.60996610e-01 2.60512018e+00 4.37493420e+00 5.61832011e-01
  1.32820976e+00 9.55917263e+00 1.80775416e+00 4.05916405e+00
  4.83538008e+00 3.27510029e-01 8.67751896e-01 5.86894155e-01
  0.00000000e+00 1.86898863e+00 3.35128188e+00 2.56764746e+00
  2.83261538e-01 0.00000000e+00 7.84779638e-02 4.70869601e-01
  6.91817641e-01 1.95059323e+00 3.85286480e-01 3.92291451e+00
  3.35917473e+00 1.18056011e+00 9.32419777e-01 9.88294983e+00
  1.85283613e+00 0.00000000e+00 4.19417572e+00 6.71972656e+00
  2.02350426e+00 1.30733657e+00 3.44473672e+00 9.77312469e+00
  1.99919629e+00 1.78308976e+00 6.77154124e-01 3.22887468e+00
  0.00000000e+00 0.00000000e+00 3.48417139e+00 1.95857203e+00
  5.51619112e-01 9.47676182e-01 1.99619687e+00 1.41533613e+00
  1.68710589e+00 3.36183496e-02 4.91119766e+00 5.37119508e-01
  7.88214728e-02 2.94931221e+00 3.89863586e+00 5.87517309e+00
  2.77080011e+00 3.43528056e+00 5.98729992e+00 3.47971010e+00
  1.26112413e+00 7.95303822e-01 5.50144136e-01 3.06570101e+00
  4.42653608e+00 7.88255036e-01 3.97631437e-01 0.00000000e+00
  1.02755570e+00 0.00000000e+00 1.68141639e+00 2.23754191e+00
  5.06134558e+00 2.98093498e-01 1.92674136e+00 1.70756087e-01
  1.36745775e+00 3.20824504e+00 1.52617276e-01 1.28233030e-01
  0.00000000e+00 2.05402541e+00 5.64610958e-01 4.33169413e+00
  0.00000000e+00 6.11206532e-01 3.80586356e-01 1.28607988e+00
  4.73384075e-02 0.00000000e+00 4.89218807e+00 1.91594750e-01
  5.44136620e+00 0.00000000e+00 8.58771026e-01 1.86740112e+00
  3.04752398e+00 5.54242492e-01 1.88842118e+00 3.23407602e+00
  3.56995773e+00 1.90830219e+00 7.46494114e-01 2.59828448e-01
  8.44859123e+00 1.73327833e-01 0.00000000e+00 5.10023892e-01
  3.15103626e+00 2.78796792e+00 7.99523306e+00 3.49391365e+00
  8.59338194e-02 3.24338935e-02 3.57774830e+00 1.09251666e+00]]