[[5.93429148e-01 1.23345852e+00 1.01013100e+00 6.60030693e-02
  3.22923899e-01 5.79655981e+00 4.29221439e+00 4.48535919e+00
  4.64383960e-01 1.87527671e-01 3.49665672e-01 2.58700109e+00
  1.91153204e+00 8.87713134e-01 0.00000000e+00 3.39393401e+00
  4.33900803e-01 5.88966310e-02 0.00000000e+00 5.41656113e+00
  2.38852903e-01 1.24773140e+01 0.00000000e+00 0.00000000e+00
  1.29218614e+00 7.49611473e+00 2.44658923e+00 5.57551742e-01
  5.72906256e-01 3.79873586e+00 3.81142646e-01 5.46577215e-01
  3.27845424e-01 6.66793346e+00 3.02589029e-01 2.59241965e-02
  1.44654548e+00 6.17951810e-01 4.07079124e+00 8.18621576e-01
  4.46507502e+00 0.00000000e+00 2.41085243e+00 2.27586985e+00
  4.45188761e-01 2.61188221e+00 3.24208856e+00 7.49822438e-01
  6.99762011e+00 2.91561580e+00 1.28834867e+00 8.09193850e-01
  3.28052253e-01 5.92025566e+00 9.95922148e-01 7.60706949e+00
  2.96631360e+00 1.00610323e+01 1.82653368e+00 5.78844488e-01
  2.11999011e+00 8.11315849e-02 4.95071745e+00 4.80548811e+00
  4.11078036e-01 2.06452990e+00 4.33830643e+00 1.97445929e+00
  4.09436274e+00 1.74635625e+00 6.43253326e-02 5.14144182e-01
  2.88130689e+00 2.65335679e+00 6.19590580e-01 0.00000000e+00
  7.36728072e-01 0.00000000e+00 1.51104546e+00 7.14780867e-01
  1.29855359e+00 3.77124953e+00 1.12679901e+01 1.67230703e-02
  6.76635981e+00 1.44592142e+00 3.71184397e+00 2.37050056e+00
  6.70009327e+00 5.81975132e-02 3.41848469e+00 1.80120683e+00
  2.09896922e+00 4.64746666e+00 3.92229468e-01 0.00000000e+00
  6.63238943e-01 7.27355480e+00 2.84877586e+00 4.00037766e+00
  2.77742815e+00 1.38081419e+00 2.21153545e+00 4.40681601e+00
  0.00000000e+00 2.89371401e-01 8.53578985e-01 0.00000000e+00
  0.00000000e+00 4.25168097e-01 5.01771164e+00 1.25691104e+00
  4.87015784e-01 2.35131001e+00 2.16119313e+00 0.00000000e+00
  8.77982521e+00 1.82698667e+00 1.49104404e+00 1.69019413e+00
  0.00000000e+00 1.13725221e+00 1.15025818e+00 5.32445478e+00
  1.06146615e-02 2.89481640e+00 3.16174954e-01 0.00000000e+00
  4.95846607e-02 1.03334846e+01 6.22402334e+00 2.48719978e+00
  1.36736250e+00 1.89135879e-01 2.19466162e+00 2.74804664e+00
  0.00000000e+00 1.58884537e+00 3.80056024e+00 2.67379570e+00
  5.39797068e-01 1.93420565e+00 2.30411005e+00 2.74137592e+00
  4.95627499e+00 2.75718474e+00 4.28660345e+00 0.00000000e+00
  0.00000000e+00 2.04406843e-01 2.22943544e+00 1.63949892e-01
  3.98465490e+00 0.00000000e+00 1.67491004e-01 8.20514011e+00
  3.89851570e+00 4.19136858e+00 1.28278792e+00 9.06535804e-01
  9.04334337e-02 2.97878861e+00 4.53533888e+00 4.65842307e-01
  5.06066847e+00 2.79783130e+00 4.10787940e-01 1.45059466e+00
  3.56648159e+00 3.18050313e+00 6.21532723e-02 4.60703552e-01
  4.59400415e+00 4.61062849e-01 1.57102799e+00 3.20928916e-02
  0.00000000e+00 4.32661586e-02 3.24007654e+00 2.12556863e+00
  3.26233292e+00 2.80804545e-01 1.48435533e+00 2.16281009e+00
  4.23744112e-01 2.73504210e+00 2.33215904e+00 3.51183206e-01
  3.94686460e-01 8.31657112e-01 2.18105555e+00 2.54529953e-01
  5.80660462e-01 8.25682068e+00 0.00000000e+00 1.12238908e+00
  3.96264225e-01 7.95026112e+00 4.66831416e-01 1.17568874e+00
  3.51519257e-01 0.00000000e+00 2.12807134e-01 6.13624975e-03
  9.82151413e+00 7.13592708e-01 7.63012075e+00 1.05984819e+00
  1.70772290e+00 1.59731233e+00 3.43915486e+00 1.60645461e+00
  0.00000000e+00 1.74424016e+00 1.25386488e+00 2.70142462e-02
  1.28253341e+00 5.70953369e-01 9.94897485e-01 4.23064518e+00
  2.36685085e+00 5.21647310e+00 2.09187508e+00 5.88200140e+00
  1.32472122e+00 2.46465921e+00 9.31880549e-02 5.18967509e-01
  3.85228682e+00 1.75266767e+00 2.40683413e+00 2.06983209e+00
  1.13206363e+00 2.93357921e+00 3.23765588e+00 7.11339056e-01
  1.51863801e+00 7.59839010e+00 9.62664366e-01 2.50573397e+00
  4.91506624e+00 3.75411451e-01 3.43496132e+00 3.54965949e+00
  5.42180252e+00 3.15067887e+00 1.41887941e+01 2.56006408e+00
  1.71692535e-01 2.31231499e+00 3.41404724e+00 4.24581718e+00
  8.50014031e-01 4.47766960e-01 8.94414306e-01 8.08116436e+00
  2.33982348e+00 3.66131926e+00 2.26753569e+00 2.35135961e+00
  1.43830450e-02 3.98312509e-01 5.49570099e-02 3.31007600e+00
  3.21879506e+00 3.12658405e+00 1.57079554e+00 9.15979087e-01
  1.42600470e+01 1.12946558e+00 5.23840332e+00 6.75480187e-01
  3.08573318e+00 7.99163401e-01 0.00000000e+00 1.00374424e+00
  6.21760654e+00 2.27839991e-01 3.14869136e-01 1.39170618e+01
  3.84293938e+00 3.05886149e+00 5.60367155e+00 1.52196026e+00
  1.69024909e+00 0.00000000e+00 8.50394440e+00 1.19815183e+00
  4.38234031e-01 3.39208215e-01 6.61807954e-01 2.54769802e-01
  2.76164126e+00 1.79157770e+00 2.06486988e+00 2.19687328e-01
  2.96325493e+00 8.46718132e-01 2.43021399e-01 0.00000000e+00
  3.26475310e+00 3.82737398e+00 4.19058990e+00 0.00000000e+00
  0.00000000e+00 1.25208080e-01 5.41003887e-03 1.24286413e+00
  3.42856264e+00 2.25695682e+00 9.22692180e-01 1.86316237e-01
  1.72573209e+00 0.00000000e+00 4.58743668e+00 1.04775763e+00
  6.81355143e+00 8.89452076e+00 5.19461095e-01 4.12198566e-02
  4.52615356e+00 8.70185614e-01 5.96336937e+00 3.92168939e-01
  1.84909248e+00 1.49092746e+00 6.93405199e+00 6.96172297e-01
  1.89629614e+00 9.34393108e-01 0.00000000e+00 7.17100620e+00
  2.09026024e-01 6.27912235e+00 8.26495838e+00 2.11070013e+00
  6.87497759e+00 3.92397785e+00 1.31967850e+01 6.31978130e+00
  1.35805562e-01 1.61737120e+00 1.12158395e-01 3.22466540e+00
  4.27729416e+00 2.87128305e+00 0.00000000e+00 5.67978621e-01
  1.61871779e+00 1.89476228e+00 3.07257116e-01 0.00000000e+00
  2.63384843e+00 1.67117429e+00 1.60594237e+00 4.67187375e-01
  5.24040508e+00 9.35018635e+00 2.85477471e+00 3.79055701e-02
  7.16484547e-01 6.49343908e-01 7.66770220e+00 4.95641589e-01
  2.77987266e+00 4.44020689e-01 2.19153881e+01 4.05485058e+00
  1.18701262e-02 1.31709909e+00 4.51022744e-01 5.82289994e-01
  7.32725668e+00 1.65787220e+00 5.44855881e+00 3.85281134e+00
  9.90147352e-01 1.06964752e-01 4.72757912e+00 8.26567829e-01
  1.49921763e+00 1.43493156e+01 1.02772963e+00 2.99035525e+00
  0.00000000e+00 6.28402531e-01 3.46414065e+00 1.08240592e+00
  0.00000000e+00 3.07347798e+00 1.61614490e+00 3.95578957e+00
  8.26773524e-01 1.99977624e+00 2.00478554e+00 8.01643312e-01
  2.34824133e+00 1.81124973e+00 3.64166021e+00 4.53947115e+00
  1.37492836e+00 6.81843424e+00 1.94809270e+00 5.23757744e+00
  1.41311836e+00 1.01819658e+00 0.00000000e+00 2.87087083e+00
  0.00000000e+00 1.07312000e+00 2.24333930e+00 1.64330053e+00
  0.00000000e+00 5.54068232e+00 6.35962665e-01 3.68205100e-01
  6.18690205e+00 3.23528862e+00 5.41739523e-01 6.70078516e-01
  4.45300674e+00 9.78034687e+00 1.82521677e+00 6.39950132e+00
  7.68791676e+00 1.35057271e+00 4.66793442e+00 3.81178665e+00
  2.04454422e-01 9.64955688e-01 7.46258795e-01 1.34597750e+01
  9.79530907e+00 4.15026963e-01 1.36374676e+00 5.66529465e+00
  2.40078855e+00 5.80722451e-01 9.96106052e+00 1.01800776e+00
  0.00000000e+00 5.68009019e-01 1.35733402e+00 7.22222233e+00
  1.01114953e+00 2.11498618e-01 2.16410184e+00 8.23561847e-01
  7.20822573e+00 1.14046180e+00 6.11899853e+00 2.42770344e-01
  4.60430717e+00 5.41950941e+00 9.15009499e+00 0.00000000e+00
  5.76961613e+00 3.41909361e+00 7.80235589e-01 1.13009155e+00
  1.81282079e+00 4.92454171e-02 1.56559646e+00 3.87571037e-01
  2.55409956e-01 4.03093427e-01 3.73334455e+00 2.75402951e+00
  1.77952135e+00 9.05461833e-02 8.60167444e-01 5.89276505e+00
  4.41663086e-01 2.67973614e+00 2.71564460e+00 1.02735150e+00
  1.31692135e+00 3.42680740e+00 4.55196887e-01 3.05965662e+00
  8.93388033e-01 5.58908820e-01 1.92167950e+00 1.62613797e+00
  1.36043668e-01 9.24695587e+00 9.33555126e-01 1.25641119e+00
  7.71881938e-01 5.76772749e-01 6.63835526e+00 2.44313502e+00
  1.03545094e+00 3.48352861e+00 5.91304839e-01 2.19007277e+00
  5.15807629e+00 3.52491426e+00 1.40755510e+00 3.35323289e-02
  3.33474612e+00 1.33471107e+00 2.74910927e+00 8.00993633e+00
  4.46815825e+00 1.07406296e-01 7.31038761e+00 1.65509984e-01
  3.27196240e-01 1.34652495e+00 4.76987267e+00 1.53677249e+00]]