[[3.25841844e-01 1.75646317e+00 8.18356133e+00 2.69175029e+00
  4.09915590e+00 5.74809408e+00 5.35228729e+00 1.53078043e+00
  1.66539192e+00 1.95692706e+00 4.49337387e+00 5.99247634e-01
  9.31087589e+00 1.35714512e+01 1.57917595e+00 1.80747640e+00
  2.69889498e+00 1.79757524e+00 9.83901203e-01 5.18394804e+00
  0.00000000e+00 4.15287018e+00 5.90233624e-01 5.10531235e+00
  1.48819578e+00 9.13735294e+00 3.08847570e+00 1.81024837e+01
  3.43283391e+00 1.50178647e+00 4.35674310e-01 5.63378155e-01
  6.98265457e+00 5.77061176e+00 6.19696808e+00 0.00000000e+00
  2.86596155e+00 1.53227437e+00 3.04433012e+00 1.43498898e+00
  1.05042315e+00 2.94584185e-01 5.54536402e-01 6.77308559e+00
  6.44476891e-01 0.00000000e+00 8.56820643e-01 8.73464763e-01
  2.61364985e+00 3.07831746e-02 2.16173792e+00 9.86246872e+00
  2.31095061e-01 0.00000000e+00 3.96859026e+00 1.33374572e+00
  1.27641230e+01 1.69584155e+00 9.53225040e+00 1.96926069e+00
  4.06602859e+00 4.18980694e+00 7.75623608e+00 2.21726799e+00
  0.00000000e+00 9.18072128e+00 4.96031618e+00 1.87714887e+00
  5.79878998e+00 9.02911305e-01 1.54620657e+01 1.94693458e+00
  6.43638849e+00 4.40829420e+00 3.67032242e+00 4.92583990e+00
  1.55816305e+00 5.02365971e+00 2.65974092e+00 3.91872859e+00
  2.46545720e+00 1.73535073e+00 7.33552217e+00 2.07993126e+00
  5.50323105e+00 1.24913530e+01 1.43865263e+00 2.66614020e-01
  6.23145723e+00 1.88077259e+00 6.12673283e+00 9.63916016e+00
  2.43936157e+00 5.31164217e+00 7.86785221e+00 1.50030077e+00
  6.97405672e+00 1.06302965e-02 2.37054631e-01 5.12642980e-01
  0.00000000e+00 6.62698507e+00 6.14075661e+00 7.25529146e+00
  2.69003391e+00 3.56832719e+00 1.00410867e+00 3.17392159e+00
  1.47918406e+01 1.01434908e+01 2.72491860e+00 1.18389595e+00
  3.43052649e+00 4.10636234e+00 0.00000000e+00 1.27283903e-02
  6.12601280e+00 6.27897978e-01 1.25418167e+01 3.52215385e+00
  1.76790386e-01 7.18471146e+00 7.49366999e-01 4.53971386e+00
  1.14620132e+01 5.17202997e+00 1.62404490e+00 2.92150676e-02
  9.99360466e+00 1.20403347e+01 2.24031687e+00 3.31365848e+00
  1.43058987e+01 6.45556974e+00 6.74838960e-01 7.95932770e+00
  1.95713711e+00 6.19304597e-01 6.46802366e-01 1.25593290e+01
  5.87820244e+00 1.17929554e+00 3.45417671e-02 5.14479399e+00
  1.93142295e+00 5.00339937e+00 4.72226381e+00 1.24334919e+00
  0.00000000e+00 5.49497843e+00 3.12339258e+00 1.29250555e+01
  6.86974049e+00 4.92015362e+00 4.12229538e+00 1.28597760e+00
  1.06365871e+00 4.78089190e+00 1.84469819e+00 6.01148510e+00
  6.87110662e+00 3.92921472e+00 3.33081222e+00 9.33103383e-01
  4.27701855e+00 7.38606358e+00 3.73468637e-01 1.79692173e+00
  3.81890774e-01 1.05291441e-01 8.43902206e+00 6.88462543e+00
  5.83318472e+00 1.96539745e+01 7.97981083e-01 2.74971223e+00
  5.49100304e+00 4.14111353e-02 1.35991220e+01 1.74698029e+01
  1.29952288e+00 2.00993419e+00 3.91085577e+00 1.41579247e+00
  5.57224941e+00 1.87460339e+00 2.78210849e-01 3.21241021e+00
  2.30455542e+00 6.93945694e+00 1.44630690e+01 2.24953834e-02
  3.68034095e-01 2.48947191e+00 2.31561303e-01 1.97531939e+00
  6.05492544e+00 7.41230011e+00 2.47383189e+00 2.99849600e-01
  2.89015079e+00 4.45227194e+00 2.59550953e+00 4.37095118e+00
  7.53928804e+00 9.82710302e-01 5.81768560e+00 8.01208973e+00
  1.48143315e+00 8.84649563e+00 6.56776285e+00 4.11520100e+00
  2.48375559e+00 2.83216071e+00 7.70993042e+00 3.91753983e+00
  6.38566911e-01 8.03783894e+00 8.89377415e-01 3.11002612e+00
  3.25779223e+00 1.07577217e+00 2.48810840e+00 2.88074470e+00
  1.95097136e+00 8.82444191e+00 2.95488548e+00 2.10754871e+00
  2.15074718e-01 2.67863369e+00 1.09010637e+00 1.21974401e-01
  3.00907516e+00 3.37190580e+00 5.55183232e-01 5.13824654e+00
  1.04026771e+00 6.43391943e+00 1.71900010e+00 4.65847921e+00
  1.19214749e+00 0.00000000e+00 2.29341102e+00 9.38531780e+00
  4.91285324e+00 6.47829056e+00 9.26934600e-01 4.06643248e+00
  6.60193145e-01 2.25025105e+00 2.70509219e+00 4.79929161e+00
  5.64027691e+00 7.69229794e+00 4.18940067e+00 1.28810871e+00
  2.98707294e+00 2.33736849e+00 1.99822199e+00 1.22416906e+01
  7.00317979e-01 2.78789806e+00 1.67540103e-01 1.08895473e+01
  7.00247812e+00 3.18722439e+00 1.96133122e-01 8.60447168e-01
  2.20258594e+00 2.18857750e-01 1.13251972e+00 1.35568976e-01
  6.88371801e+00 2.77875876e+00 4.35321903e+00 8.58721375e-01
  6.85868597e+00 6.13511562e+00 7.16748905e+00 2.46940947e+00
  6.88172197e+00 7.11385775e+00 6.18313408e+00 1.13823166e+01
  8.37945271e+00 7.80440271e-02 4.35524797e+00 9.36094761e+00
  4.90113974e+00 5.96042871e+00 9.22341645e-02 1.33298889e-01
  2.02336597e+00 2.02557182e+00 1.05070198e+00 1.07609787e+01
  1.45375121e+00 1.34044933e+00 1.95670784e+00 1.96532264e-01
  4.31345558e+00 3.12960243e+00 9.98591423e+00 2.23565435e+00
  2.67295837e-01 8.41383457e+00 5.49685049e+00 1.07303131e-02
  2.12853417e-01 1.62835538e+00 6.89803076e+00 9.11962569e-01
  1.18636084e+00 1.15078890e+00 3.55569029e+00 5.48247516e-01
  3.61050200e+00 3.67927265e+00 6.27940893e+00 1.49611461e+00
  7.82272100e+00 1.37934411e+00 2.39420557e+00 1.02543621e+01
  3.23178983e+00 7.66043234e+00 3.98430514e+00 1.13398790e+01
  9.73105073e-01 1.67554307e+00 1.91280830e+00 5.30656910e+00
  3.42509294e+00 1.31962357e+01 4.13153028e+00 1.86051929e+00
  1.17590294e+01 2.28091621e+00 1.35502806e+01 1.67477465e+00
  4.30388451e+00 9.81971145e-01 2.21590447e+00 6.20312738e+00
  7.19685793e-01 4.57508612e+00 1.23756289e+00 3.04032707e+00
  1.10469246e+00 6.94930553e-02 1.13881744e-01 4.32514095e+00
  1.77327001e+00 8.23088646e+00 1.18010402e+00 1.00676441e+00
  1.25124305e-01 1.12918940e+01 9.93335024e-02 2.55609298e+00
  1.08303881e+01 1.39391661e-01 1.26762495e+01 2.70650506e+00
  3.81612253e+00 5.76611042e-01 5.56959486e+00 7.32346773e-01
  1.52336597e+00 5.87648332e-01 5.34631088e-02 1.73003757e+00
  5.10886812e+00 4.65390682e+00 8.20753670e+00 5.53962886e-01
  6.69657040e+00 9.67266750e+00 3.32015371e+00 7.48519659e+00
  6.70432508e-01 1.35529575e+01 3.32580161e+00 2.66985464e+00
  1.77788711e+00 1.10801649e+01 9.05857503e-01 2.68290609e-01
  1.68525147e+00 2.22979307e+00 4.76313305e+00 4.56555319e+00
  2.05138779e+00 6.80778801e-01 5.90141535e+00 1.17972004e+00
  2.20761800e+00 1.80227196e+00 3.32844043e+00 0.00000000e+00
  3.52247930e+00 5.99119902e+00 1.42450655e+00 2.62942672e+00
  1.97626138e+00 5.18437290e+00 8.26984406e+00 1.07063150e+00
  2.35220715e-01 7.92013586e-01 8.58400345e+00 9.03757381e+00
  1.40395686e-01 7.21493602e-01 1.96283579e+00 2.70057231e-01
  5.31845236e+00 6.97560215e+00 1.53408265e+00 1.76282716e+00
  2.40752316e+00 9.65519905e-01 6.81817591e-01 2.69660950e+00
  9.75448549e-01 5.12695491e-01 5.42283344e+00 3.78902721e+00
  2.07391739e+00 8.30077457e+00 4.19773149e+00 2.83279896e+00
  4.62071562e+00 5.89924669e+00 0.00000000e+00 2.41706324e+00
  7.92551398e-01 9.39103413e+00 6.58331680e+00 3.30989671e+00
  6.77879238e+00 4.94676495e+00 1.96762472e-01 9.27875459e-01
  4.70757151e+00 7.84592915e+00 3.91782260e+00 1.96532953e+00
  1.97507870e+00 5.64756840e-02 4.47322226e+00 7.51422548e+00
  2.94865417e+00 5.95309591e+00 2.68920875e+00 5.50348498e-02
  3.36550117e+00 2.02252460e+00 9.29193079e-01 6.74274349e+00
  7.68399668e+00 7.54087329e-01 6.14696980e-01 7.55492210e-01
  4.06460953e+00 3.25510740e+00 2.23196077e+00 5.59619379e+00
  7.08859682e+00 4.38963938e+00 4.73173801e-03 1.12212925e+01
  1.24669242e+00 8.99221039e+00 6.10178852e+00 5.21896982e+00
  1.16363600e-01 3.28651667e+00 3.98392248e+00 6.49613285e+00
  5.76985836e-01 1.57415116e+00 7.66959071e-01 4.31491661e+00
  4.93998587e-01 2.34145951e+00 2.83083940e+00 5.21592021e-01
  1.10183585e+00 2.14079690e+00 3.03333354e+00 3.59320712e+00
  4.42448044e+00 3.24662995e+00 5.32064819e+00 2.25627208e+00
  4.98791885e+00 6.88340092e+00 6.43280363e+00 2.85939622e+00
  1.00022163e+01 1.30796218e+00 4.57870960e+00 8.89794469e-01
  9.12686825e+00 1.20574570e+00 2.06620431e+00 2.07246733e+00
  3.46465826e-01 3.27712917e+00 1.43806028e+01 3.51154041e+00]]