[[0.0000000e+00 4.6090531e-01 2.2877846e+00 0.0000000e+00 1.0361792e-01
  6.5945983e+00 5.1019516e+00 6.2487543e-02 1.3444215e+00 2.3449292e+00
  5.8684897e+00 1.6961135e+00 2.7954426e+00 1.9610429e+00 6.8887997e+00
  2.6449585e+00 4.9355663e-02 4.9815431e-01 7.7064562e-01 1.0052458e+01
  0.0000000e+00 3.7148919e+00 1.5225048e+00 5.5187559e-01 0.0000000e+00
  3.7538877e+00 0.0000000e+00 1.7642292e+00 1.3117380e+00 0.0000000e+00
  0.0000000e+00 1.4445151e+00 4.4298285e-01 6.3754416e+00 2.7405214e-01
  3.4235878e+00 2.8137724e+00 2.5238213e-01 9.6067314e+00 2.4217799e+00
  7.1018500e+00 2.7673280e+00 3.4769300e-01 4.8456488e+00 0.0000000e+00
  3.6874695e+00 3.2846305e+00 1.1761141e+00 4.1098056e+00 2.1008437e+00
  2.2880796e-01 1.6073901e-02 1.7148565e-01 0.0000000e+00 1.2072206e+00
  2.8374441e+00 4.2894426e-01 1.0152057e+00 2.6650578e-01 8.6472350e-01
  1.9620875e-01 1.2402879e+00 3.2019758e+00 1.0200114e+01 3.0766046e-01
  7.9410601e-01 2.2005615e-01 0.0000000e+00 5.8802825e-01 4.9620080e-01
  9.5470220e-01 4.5488868e+00 9.6668172e-01 4.6611166e+00 6.3380218e-01
  1.0016705e+00 1.8838731e+00 5.4202169e-01 1.2742260e+00 6.3628769e-01
  4.7190044e-02 5.5243630e+00 4.2496018e+00 8.4800279e-01 6.1095321e-01
  6.1698828e+00 4.6735215e-01 5.9049153e-01 1.1529682e-01 0.0000000e+00
  6.4711494e+00 7.4897003e-01 3.8894870e+00 9.5347614e+00 1.2381142e+00
  2.7427995e-01 2.7499592e+00 2.5572984e+00 3.8643820e+00 3.1413066e+00
  2.3728061e+00 1.3696707e+00 4.6176195e-01 1.9932319e+00 6.1719464e-03
  0.0000000e+00 3.7540579e-01 1.7186899e+00 3.6886158e+00 7.8682470e-01
  1.6592977e+00 5.6209505e-01 7.6817423e-02 2.1081346e-01 1.5372758e+00
  3.2367349e-01 8.5621405e-01 6.1559668e+00 7.7049226e-02 4.4546299e+00
  9.8569256e-01 3.6073673e-01 0.0000000e+00 6.0492682e+00 0.0000000e+00
  8.7998384e-01 0.0000000e+00 0.0000000e+00 7.4534345e-01 1.4005218e+01
  3.1012648e-01 2.1542213e+00 1.3288016e+01 1.4193990e+00 1.1338605e+00
  1.5907328e+00 0.0000000e+00 3.1250253e-02 8.4345299e-01 0.0000000e+00
  1.2803156e+00 3.3147993e+00 0.0000000e+00 2.7653644e+00 2.4082694e+00
  3.5931754e-01 2.4371965e+00 1.5618868e+00 1.7507242e-01 1.3593924e-01
  0.0000000e+00 1.0568910e-01 1.6754797e+00 7.0747203e-01 8.5011142e-01
  5.7166618e-01 3.3969980e-01 3.3061798e+00 1.2494272e+00 3.1143489e-01
  1.5702765e+00 3.5832567e+00 7.4528098e+00 4.4101496e+00 2.9138317e+00
  1.9001156e+00 0.0000000e+00 2.8932650e+00 6.6799492e-01 9.8686320e-01
  1.5040407e+00 2.6908410e+00 3.0452559e+00 1.8415058e+00 9.3929243e-01
  2.0356448e+00 6.4827609e-01 0.0000000e+00 1.6180414e+00 9.2135233e-01
  1.2019321e+00 8.1605613e-01 3.4437890e+00 5.6138154e-02 0.0000000e+00
  1.9365700e+00 1.4501657e+00 5.2607167e-01 1.3802201e+00 8.7851934e+00
  6.0043716e+00 0.0000000e+00 7.3041334e-03 7.2745233e+00 1.3916790e+00
  1.7465087e+00 4.7304460e-01 5.9513307e+00 4.6325169e+00 1.2456628e+00
  5.0818248e+00 2.0700054e+00 0.0000000e+00 1.0827263e-01 2.4767466e+00
  5.1037226e+00 8.8416463e-01 7.1463293e-01 5.4709941e-01 7.1088047e+00
  0.0000000e+00 1.2407302e+00 6.1056310e-01 4.9880843e+00 2.2386396e+00
  4.2308121e+00 5.6615602e-02 3.8533494e+00 2.2352057e+00 1.6341078e+00
  1.2248211e+00 1.3668204e+01 2.2690480e+00 0.0000000e+00 7.2556543e-01
  6.9828641e-01 4.2865453e+00 2.9262817e+00 3.4291786e-01 8.8526934e-01
  8.7638545e-01 2.2411878e+00 3.8772936e+00 4.1916389e+00 8.6700029e+00
  0.0000000e+00 1.6930456e+00 4.4045248e+00 0.0000000e+00 8.9188325e-01
  1.4468395e+00 0.0000000e+00 1.3899237e+00 1.3697240e+00 2.5422743e-01
  4.1766444e-01 1.1027398e+01 6.2158275e-01 1.6778026e+00 5.1058664e+00
  3.7419786e+00 8.5831928e-01 0.0000000e+00 6.6780704e-01 6.8134636e-01
  2.1530531e-01 6.4860046e-01 1.5979847e-02 3.8672097e+00 6.8405181e-01
  6.2629290e-02 0.0000000e+00 1.0149777e-01 1.2687497e-02 1.9682190e+00
  5.1285613e-01 9.3562692e-02 7.5255357e-02 1.0067125e+01 7.4060267e-01
  5.0208125e+00 1.1605738e+00 6.5642112e-01 9.9995065e-01 2.7881701e+00
  2.3581083e+00 8.0964222e+00 1.0629909e-01 2.8173608e-01 9.2064309e-01
  3.5908010e+00 2.6900780e+00 1.8020350e-01 2.5768632e-01 2.5161831e+00
  6.7543358e-01 5.4221840e+00 1.9009389e+00 1.4293808e+00 1.2234646e+00
  0.0000000e+00 9.4013846e-01 2.0697801e+00 1.8275095e+00 1.5006754e+00
  1.7109783e+00 0.0000000e+00 7.9352385e-01 0.0000000e+00 6.5415913e-01
  4.8196676e-01 3.9703281e+00 1.6589153e+00 3.3539809e-02 1.5134879e+00
  2.1011596e+00 1.3897872e-01 2.4519243e+00 9.5645523e-01 0.0000000e+00
  7.3663621e+00 4.5510798e+00 1.1230438e+00 0.0000000e+00 3.3383248e+00
  3.3444759e-01 0.0000000e+00 5.5640173e+00 8.8713162e-02 3.5244844e+00
  2.4813857e+00 6.8083148e+00 4.9918443e-01 1.2967728e+00 1.3647360e+00
  2.9602268e+00 4.4206018e+00 7.3230106e-01 7.4504159e-02 9.3408400e-01
  9.6726584e-01 4.5485673e+00 1.0378344e-01 1.5651398e+00 4.1495514e+00
  3.1571250e+00 4.4032907e+00 2.7416627e+00 0.0000000e+00 2.0011432e+00
  1.7244841e+00 5.1749319e-01 3.2947829e+00 1.4855081e+00 3.4516256e+00
  3.0648668e+00 2.9441307e+00 0.0000000e+00 1.7273280e-01 5.7394612e-01
  4.8855680e-01 8.1035691e-01 9.1495419e-01 3.9919116e+00 1.5309708e+00
  3.0967602e-01 1.4277294e-01 9.3957310e+00 1.2607732e+00 1.9767480e+00
  5.0364556e+00 0.0000000e+00 1.9343100e-01 1.3620508e+00 1.8849285e+00
  0.0000000e+00 8.0096197e+00 5.7893771e-01 2.5200906e-01 2.3707681e+00
  2.0043342e-01 1.4001120e+00 3.1631784e+00 5.8811131e+00 6.9807539e+00
  9.7898132e-01 1.7859293e+00 3.0782971e+00 0.0000000e+00 5.4863405e+00
  1.8716387e+00 1.0959734e+00 2.7962160e+00 9.8040676e-01 0.0000000e+00
  3.5895691e+00 6.2311839e-02 3.2798808e+00 0.0000000e+00 2.1989672e+00
  2.5637696e+00 1.9605521e+00 1.2134001e+00 1.2792072e+00 7.0148462e-01
  5.5579410e+00 6.8150110e+00 7.9206359e-01 3.1694824e-01 1.0794872e+00
  1.2987990e+00 1.0816622e+01 3.4408746e+00 5.4185967e+00 5.9879742e+00
  2.3890400e+00 1.0905316e+00 1.1951830e+00 2.3741123e-01 6.6130221e-02
  4.4192176e+00 1.0761340e+00 0.0000000e+00 8.0946569e+00 1.8613942e+00
  1.7119029e+00 7.1008712e-01 6.7048639e-02 2.8636622e-01 3.8535156e+00
  4.2726526e+00 2.8234071e-01 7.5910449e-01 8.4145870e+00 6.2780118e-01
  2.6015179e+00 3.4414887e+00 1.8879894e+00 1.3054775e+00 3.7340481e+00
  6.0580105e-01 5.8051223e-01 7.6618710e+00 5.6616548e-02 1.1326988e-01
  4.1037631e+00 1.6201296e-01 2.9711270e+00 3.5103947e-02 3.8654704e+00
  0.0000000e+00 3.8617138e-02 1.4014468e-01 4.4936132e+00 5.1153563e-02
  2.5306147e-02 1.5218643e+00 2.0717804e+00 7.0921257e-03 1.0758979e-01
  0.0000000e+00 2.9028592e+00 5.4600549e-01 2.1539934e+00 5.2681198e+00
  0.0000000e+00 2.2243733e+00 0.0000000e+00 1.6411616e+00 2.2827016e-01
  0.0000000e+00 3.4631164e+00 3.5828719e-01 1.8025075e+00 1.7167182e+00
  1.3432134e+00 5.9872940e-02 2.2239759e+00 2.6341188e+00 2.9516079e+00
  3.6526442e+00 2.9069877e+00 1.8116386e-01 2.2208290e+00 0.0000000e+00
  7.6817495e-01 9.5338082e-01 2.0135868e+00 3.6903470e+00 3.6479253e-02
  0.0000000e+00 3.8864085e-01 1.2035418e+00 5.8613789e-01 7.1696424e-01
  8.4608203e-01 1.6991060e+00 3.9430270e+00 2.1516612e+00 4.7901669e+00
  1.8249351e+00 4.1848464e+00 0.0000000e+00 0.0000000e+00 2.6130171e+00
  7.7792406e-01 8.4388084e+00 1.4074293e+00 0.0000000e+00 3.2284822e+00
  1.2484828e+00 2.6598818e+00 7.2074586e-01 2.1178589e+00 1.2694296e+00
  0.0000000e+00 9.6585900e-01 1.2788768e+00 2.6092544e+00 2.9356226e-01
  3.1359985e+00 1.9845891e+00]]