[[6.52933657e-01 8.12354863e-01 2.58561850e-01 3.48718762e-01
  3.20145965e-01 6.70841992e-01 4.76729298e+00 4.77296442e-01
  2.11869121e+00 6.34341776e-01 2.20319390e+00 4.16009277e-01
  3.78849578e+00 3.55745840e+00 0.00000000e+00 1.37045753e+00
  1.56059518e-01 4.63320553e-01 4.25450563e-01 1.49352121e+00
  6.20429367e-02 6.98976517e+00 1.26611578e+00 3.02720022e+00
  1.05076742e+00 9.96074200e+00 5.87467861e+00 1.61658514e+00
  2.89016223e+00 4.38569546e+00 3.49763334e-01 5.27136140e-02
  2.97703576e+00 4.97133827e+00 5.16128898e-01 5.23218334e-01
  3.50214219e+00 7.59016275e-02 8.06523323e+00 4.25507021e+00
  2.06981206e+00 7.78739393e-01 4.37248898e+00 3.86374474e+00
  3.61470819e+00 3.97213316e+00 6.60604060e-01 2.72732079e-01
  4.13804674e+00 3.43812555e-01 3.24118257e+00 1.28379047e+00
  6.28667593e-01 5.38686180e+00 2.80235314e+00 2.43934989e+00
  8.02268744e-01 2.75599194e+00 1.84203577e+00 5.44750750e-01
  4.60181236e+00 1.15369761e+00 1.01266766e+01 5.52229595e+00
  1.61556482e-01 2.34146565e-01 1.44965518e+00 3.34972000e+00
  3.09036088e+00 1.65624940e+00 4.57545328e+00 1.77633077e-01
  1.19810307e+00 9.82309532e+00 2.05107975e+00 4.60851288e+00
  3.43879074e-01 0.00000000e+00 3.58559042e-01 6.79567754e-02
  6.74912572e-01 8.79162848e-01 1.35240293e+00 6.92067504e-01
  1.37186849e+00 1.04305611e+01 2.11127046e-02 4.49765325e-02
  1.13723254e+00 2.38414004e-01 9.73947716e+00 3.05164367e-01
  1.44437456e+00 3.08583707e-01 2.42597675e+00 2.06813961e-02
  3.96787429e+00 3.17456865e+00 1.25100446e+00 6.62615204e+00
  1.90390277e+00 7.74266768e+00 1.00882559e+01 5.50967979e+00
  0.00000000e+00 3.28893811e-01 4.27552319e+00 1.24538146e-01
  3.30367422e+00 4.77466434e-01 3.70479316e-01 1.87485921e+00
  9.13011611e-01 2.82885814e+00 3.23866040e-01 8.96682441e-02
  5.49898005e+00 4.34195375e+00 7.22279191e-01 2.39455938e-01
  2.61929631e-01 0.00000000e+00 1.34835199e-01 6.07106161e+00
  4.07241613e-01 1.41591537e+00 6.52072504e-02 0.00000000e+00
  0.00000000e+00 2.32098985e+00 1.17071927e+00 1.41608572e+00
  1.05897820e+00 2.11654268e-02 7.32792076e-03 3.05356860e+00
  6.90767348e-01 5.82414567e-01 3.27648687e+00 8.18134069e-01
  1.15414584e+00 5.35674691e-01 0.00000000e+00 4.36679983e+00
  9.01470125e-01 7.03559339e-01 5.69951725e+00 9.22600031e-01
  0.00000000e+00 8.29584002e-01 0.00000000e+00 1.22717762e+00
  2.58852673e+00 7.15513468e+00 2.27486685e-01 2.41288829e+00
  1.56801656e-01 6.68133354e+00 2.78986573e-01 4.92889261e+00
  6.24411106e-01 1.17259760e+01 6.24058056e+00 4.74546790e-01
  2.99056697e+00 9.48699892e-01 0.00000000e+00 3.16270423e+00
  0.00000000e+00 2.90897346e+00 7.63396740e+00 9.69082832e-01
  5.72709370e+00 4.80178237e-01 9.09956813e-01 2.70718575e-01
  4.06332254e+00 0.00000000e+00 1.12483482e+01 6.14240551e+00
  1.01655126e+00 2.06884027e+00 2.68989587e+00 7.14072809e-02
  1.50958836e-01 1.35117018e+00 7.96571612e-01 1.36485231e+00
  3.31281519e+00 5.63113832e+00 9.18068111e-01 7.37583404e-03
  0.00000000e+00 6.87704134e+00 8.90389502e-01 3.67206502e+00
  1.35396945e+00 5.09390974e+00 3.50295156e-01 2.91118532e-01
  7.93565416e+00 3.24438596e+00 1.34200084e+00 4.47459459e-01
  7.60296202e+00 1.30012512e+00 1.49031186e+00 9.96329963e-01
  4.23012114e+00 5.72714472e+00 7.23402321e-01 2.11859512e+00
  4.85274345e-01 3.52996635e+00 5.66307425e-01 1.30249953e+00
  1.32467973e+00 2.76166886e-01 1.16069543e+00 1.95148838e+00
  1.26427829e+00 3.93338633e+00 6.66554689e-01 0.00000000e+00
  0.00000000e+00 9.94656324e-01 6.05151701e+00 1.09492731e+00
  1.72112917e-03 1.24461561e-01 6.20205522e-01 5.05045772e-01
  1.05864108e+00 2.09061956e+00 2.03930187e+00 2.41936579e-01
  2.21867013e+00 1.18440008e+00 1.53034723e+00 3.51828694e+00
  1.29017842e+00 8.27092901e-02 1.73592031e+00 2.41063213e+00
  5.90684831e-01 8.74766350e+00 3.00098658e+00 4.10493314e-01
  2.13534117e+00 4.54285717e+00 3.21439719e+00 3.82417941e+00
  0.00000000e+00 5.68460560e+00 2.68211246e+00 1.18725395e+00
  3.41225052e+00 3.83634257e+00 5.13337851e+00 5.25986552e-01
  0.00000000e+00 0.00000000e+00 2.55947471e-01 4.76899624e+00
  1.46215463e+00 2.79932642e+00 6.74689531e+00 3.07856417e+00
  2.31491566e+00 1.52872384e+00 8.44354343e+00 0.00000000e+00
  4.87222701e-01 2.33850884e+00 6.43686116e-01 7.33877540e-01
  6.79231167e+00 0.00000000e+00 0.00000000e+00 2.01819539e+00
  4.77044392e+00 1.24083507e+00 2.62264085e+00 6.44149923e+00
  1.78513575e+00 0.00000000e+00 4.92111826e+00 2.80397463e+00
  1.81504142e+00 5.26655865e+00 1.28847754e+00 5.38733721e-01
  1.07293940e+01 7.63373804e+00 5.13934278e+00 3.32617092e+00
  1.15431309e+00 3.23981929e+00 0.00000000e+00 5.62742501e-02
  2.74507570e+00 7.35552549e+00 1.50423229e+00 9.58559096e-01
  2.53003764e+00 2.17113137e+00 0.00000000e+00 1.65652025e+00
  1.10582888e+00 0.00000000e+00 7.78044271e+00 8.46950896e-03
  9.52191234e-01 4.24360180e+00 1.43238509e+00 5.30404747e-01
  2.81591105e+00 9.78460979e+00 7.91740716e-02 5.26384950e-01
  3.07927561e+00 8.38381290e+00 4.92448378e+00 1.00097370e+00
  1.72377825e+00 3.86444509e-01 2.62433290e+00 3.74917865e-01
  1.36745417e+00 2.52451360e-01 9.37660992e-01 9.96997833e-01
  2.07966924e-01 3.56238317e+00 4.01066494e+00 4.31687117e+00
  2.18183470e+00 4.59459066e+00 4.95556402e+00 4.25216436e+00
  1.57795191e+00 9.57734704e-01 1.34992003e+00 3.09917641e+00
  3.14557266e+00 2.66405201e+00 1.35500288e+00 9.19492304e-01
  1.18328285e+00 6.74062073e-01 9.00427818e-01 3.16537946e-01
  0.00000000e+00 1.68158078e+00 1.12356615e+00 1.28646481e+00
  2.72963166e+00 4.32494640e+00 8.76724660e-01 1.28241226e-01
  1.24237919e+01 0.00000000e+00 8.46113777e+00 5.51036453e+00
  1.20778046e+01 0.00000000e+00 4.61882162e+00 5.04356718e+00
  2.71796560e+00 6.40548658e+00 5.06430531e+00 3.52464771e+00
  6.02455437e-01 2.11794481e-01 8.31551933e+00 1.81867278e+00
  4.80035925e+00 2.29554057e+00 1.14292093e-01 2.28902602e+00
  6.70881629e-01 5.14195114e-02 6.13001156e+00 5.17273366e-01
  1.89982498e+00 2.96076989e+00 2.59769350e-01 7.58567572e-01
  3.83621693e-01 7.89353180e+00 4.14883471e+00 3.50792503e+00
  3.01326060e+00 1.05325639e+00 1.49009871e+00 4.73107004e+00
  5.53308308e-01 1.46983993e+00 3.69598317e+00 9.55304265e-01
  2.81345844e+00 5.09902382e+00 4.38943863e+00 5.40393543e+00
  9.66361618e+00 4.82895851e+00 1.85155880e+00 1.29640579e+00
  1.04343198e-01 9.80569959e-01 2.49101377e+00 2.57646370e+00
  0.00000000e+00 4.94960934e-01 2.57836127e+00 0.00000000e+00
  1.30381668e+00 8.86046365e-02 2.31895876e+00 2.39509654e+00
  4.46079063e+00 7.92982876e-02 2.50583410e+00 6.06509924e-01
  2.18971825e+00 0.00000000e+00 1.30835009e+00 5.02745390e+00
  3.60629058e+00 1.11612022e+00 3.18821728e-01 1.80617476e+00
  2.19857941e+01 5.13233805e+00 2.24819541e+00 3.06690764e+00
  3.13464928e+00 2.69953489e+00 1.02084768e+00 1.71823323e+00
  7.21914396e-02 4.04201299e-01 4.43097562e-01 1.02486885e+00
  3.26821327e+00 2.40052968e-01 5.81292057e+00 1.40558231e+00
  4.72815990e+00 4.42964017e-01 0.00000000e+00 2.97724223e+00
  1.69918013e+00 4.93864918e+00 8.91442680e+00 2.25710273e+00
  2.78086662e+00 2.22422051e+00 5.37777042e+00 4.47195148e+00
  8.44303906e-01 1.96350563e+00 1.97266281e+00 7.96226263e-01
  0.00000000e+00 8.57792473e+00 9.77326035e-01 1.13190627e+00
  7.23919058e+00 4.47934002e-01 2.30856597e-01 1.85551596e+00
  6.87649488e-01 9.67628574e+00 0.00000000e+00 1.87166607e+00
  1.49976045e-01 4.88120288e-01 8.08029354e-01 2.55856442e+00
  0.00000000e+00 0.00000000e+00 3.32835883e-01 6.76618636e-01
  0.00000000e+00 2.12238336e+00 0.00000000e+00 4.05870974e-01
  4.65519160e-01 4.04912680e-01 2.44570446e+00 1.58370304e+00
  3.01328015e+00 4.97526526e-01 5.34009409e+00 2.95170903e+00
  2.92512727e+00 5.37282515e+00 3.02733016e+00 9.87081707e-01
  1.98473513e+00 1.38447344e-01 4.98878002e-01 9.25304115e-01
  4.06318188e+00 6.14686489e-01 2.86092830e+00 1.12725365e+00
  1.57502151e+00 4.64924365e-01 2.86918473e+00 1.45051003e+00]]