[[8.75149536e+00 3.09191370e+00 4.17065859e-01 8.19456041e-01
  0.00000000e+00 8.14165533e-01 5.96808720e+00 1.47721338e+00
  3.68502915e-01 1.47754884e+00 3.97851562e+00 2.62987494e+00
  9.52912903e+00 2.44792438e+00 1.93637753e+00 6.96303463e+00
  0.00000000e+00 1.41118836e+00 0.00000000e+00 2.49297714e+00
  0.00000000e+00 7.74475336e+00 1.00964320e+00 2.18974471e+00
  4.61650461e-01 3.89579248e+00 3.11041689e+00 4.49095249e-01
  2.32474729e-01 1.25028670e+00 1.13439016e-01 3.42439294e+00
  3.02404857e+00 9.74157691e-01 9.03367281e-01 3.50712109e+00
  1.61131299e+00 1.50299400e-01 2.85529160e+00 6.88338041e+00
  5.02238214e-01 1.96067798e+00 1.10479057e+00 1.09234285e+01
  5.37191570e-01 1.17725587e+00 6.63321400e+00 2.92172700e-01
  1.34518242e+00 1.46097355e-02 1.68384302e+00 1.18836403e+00
  3.38970184e-01 6.47624195e-01 3.48009300e+00 6.60683274e-01
  1.22822475e+00 5.32492018e+00 1.56661999e+00 2.29694068e-01
  1.29025257e+00 1.66623795e+00 8.97375107e+00 2.92008686e+00
  3.27495241e+00 2.80111861e+00 4.38292533e-01 2.33904958e+00
  6.08257614e-02 0.00000000e+00 8.81192303e+00 4.12585402e+00
  1.77275360e-01 7.70405102e+00 5.55046749e+00 2.21226311e+00
  9.62385654e-01 2.63711309e+00 1.16800487e+00 7.08011925e-01
  5.60569465e-02 3.47642928e-01 2.09583116e+00 6.15166807e+00
  4.86359024e+00 7.99917412e+00 4.29566443e-01 4.43843555e+00
  2.03826404e+00 2.63916254e+00 2.79862857e+00 4.48444247e-01
  3.52159709e-01 2.03283596e+00 3.29737365e-01 6.79137707e-02
  1.34397566e+00 3.15473223e+00 1.57265508e+00 2.89267993e+00
  6.55971318e-02 6.42904282e+00 4.31422949e+00 3.60428500e+00
  0.00000000e+00 1.26195475e-01 2.22281575e+00 1.75162113e+00
  3.28792036e-01 1.48473823e+00 0.00000000e+00 2.43966913e+00
  1.79333106e-01 8.12242091e-01 2.01477289e-01 1.84399456e-01
  1.99137509e+00 3.94356513e+00 1.50124609e-01 3.47231054e+00
  0.00000000e+00 2.19893026e+00 0.00000000e+00 9.09259796e+00
  8.79936409e+00 3.49558306e+00 0.00000000e+00 0.00000000e+00
  2.45750934e-01 0.00000000e+00 3.95527554e+00 2.31368399e+00
  2.76816535e+00 6.52417481e-01 4.48117793e-01 2.30633330e+00
  2.65178871e+00 4.20659208e+00 4.64716673e+00 6.04526234e+00
  2.86666989e+00 7.91831464e-02 1.01484394e+00 5.47737837e+00
  3.60672235e-01 4.94818091e-01 4.81841564e-01 1.17266901e-01
  0.00000000e+00 6.36071503e-01 0.00000000e+00 2.38796711e+00
  2.39529222e-01 4.23126221e+00 1.10090590e+00 6.00480616e-01
  1.84971213e-01 2.19870973e+00 5.95473945e-01 9.23916721e+00
  5.44838011e-01 2.03541374e+00 1.03982153e+01 8.51197302e-01
  5.02669525e+00 3.72461414e+00 2.10580051e-01 2.19547963e+00
  0.00000000e+00 3.83311081e+00 6.13586605e-01 6.39813614e+00
  7.63702440e+00 1.39265718e+01 1.03726459e+00 3.72464013e+00
  0.00000000e+00 1.05001852e-01 2.84003773e+01 4.77274513e+00
  2.86042392e-01 2.33258426e-01 5.67839575e+00 1.68542600e+00
  3.54761553e+00 2.20662141e+00 1.52285159e+00 2.87621051e-01
  3.44987464e+00 5.95462739e-01 5.65306997e+00 0.00000000e+00
  2.12046176e-01 6.50363493e+00 2.02145624e+00 5.88418913e+00
  2.63425112e+00 4.52917528e+00 2.34021997e+00 1.50481665e+00
  2.38407707e+00 5.34011650e+00 1.05430937e+00 1.32939625e+00
  2.29184598e-01 1.29223990e+00 7.68803954e-01 1.53738916e+00
  1.98052347e-01 5.33520269e+00 1.21703887e+00 6.22224998e+00
  4.56603378e-01 4.32512331e+00 3.94849360e-01 2.77647209e+00
  3.05308628e+00 2.87443018e+00 0.00000000e+00 7.57288873e-01
  2.90420771e+00 2.94140005e+00 2.34170929e-01 0.00000000e+00
  5.48529267e-01 4.74106312e+00 3.93071389e+00 4.05016232e+00
  0.00000000e+00 3.64065123e+00 1.38792920e+00 3.22305322e+00
  4.23867750e+00 1.16092396e+00 2.18745023e-01 1.98510271e-02
  5.39931870e+00 2.46001577e+00 1.11974659e+01 1.42122185e+00
  0.00000000e+00 1.58378232e+00 6.24949265e+00 5.54154396e+00
  1.64282039e-01 6.12441349e+00 3.71423650e+00 9.62013185e-01
  5.18721056e+00 1.65989628e+01 8.71245384e+00 1.90210891e+00
  3.21874118e+00 8.56181145e+00 4.60733604e+00 1.01402476e-01
  5.71879268e-01 2.95030534e-01 2.41657186e+00 3.46794218e-01
  9.01322365e-01 8.74526143e-01 0.00000000e+00 1.77031803e+00
  7.81066036e+00 0.00000000e+00 3.46192455e+00 5.91922474e+00
  6.09333563e+00 7.93026537e-02 2.25285983e+00 1.55474290e-01
  4.87333202e+00 8.62923384e-01 5.22121143e+00 3.52315140e+00
  9.69365120e+00 1.61247933e+00 1.49882466e-01 8.15396190e-01
  4.44549417e+00 5.41503131e-01 1.01703143e+00 3.06266904e+00
  1.54515290e+00 0.00000000e+00 1.94311333e+00 5.66374779e-01
  6.55886173e+00 4.14881039e+00 3.93052161e-01 1.58119297e+00
  2.34070134e+00 1.88716292e+00 1.03953767e+00 1.16001797e+00
  2.02291179e+00 3.41517329e+00 0.00000000e+00 0.00000000e+00
  1.22623463e+01 5.41109896e+00 5.65493774e+00 2.17462921e+00
  1.05930700e+01 1.11066484e+00 9.70984027e-02 9.56407845e-01
  1.94420016e+00 0.00000000e+00 1.84310067e+00 2.50314522e+00
  3.31952810e-01 2.72405505e+00 4.09727478e+00 1.05062318e+00
  2.38097906e+00 1.43022995e+01 1.76880330e-01 3.40714121e+00
  4.10100269e+00 7.11554432e+00 5.48799515e+00 2.71528292e+00
  2.69929266e+00 8.93677592e-01 1.77654529e+00 6.61348164e-01
  1.34967303e+00 1.00521917e+01 4.15925860e-01 1.97973680e+00
  3.25008965e+00 1.34722888e+00 5.34676647e+00 1.92917311e+00
  5.66717148e+00 2.78459883e+00 1.10108399e+00 1.81072640e+00
  3.19363922e-01 2.72802263e-01 2.48626328e+00 6.34797907e+00
  3.54592180e+00 0.00000000e+00 3.51878858e+00 1.29719400e+00
  3.67293894e-01 0.00000000e+00 2.98645830e+00 0.00000000e+00
  0.00000000e+00 1.20547080e+00 2.43810153e+00 1.50852442e-01
  5.55598783e+00 5.13853502e+00 1.47914648e+00 2.42103338e+00
  5.46987486e+00 2.49838307e-01 7.57430363e+00 3.29887795e+00
  5.41538477e+00 3.28781605e-01 2.17617035e+01 2.85527825e-01
  2.73813587e-02 0.00000000e+00 2.37193489e+00 4.97339010e+00
  4.37340587e-01 4.60783988e-02 1.02254081e+00 5.63457870e+00
  8.99448454e-01 5.04253769e+00 9.24974084e-01 8.29258728e+00
  1.18963361e+00 1.39925647e+00 4.84801292e+00 2.15107441e+00
  1.25375831e+00 5.77577925e+00 1.29877305e+00 3.23627621e-01
  1.99015260e+00 2.73963714e+00 4.45492506e+00 6.48391008e-01
  4.81671858e+00 1.64714289e+00 5.64565547e-02 4.67472029e+00
  5.68970585e+00 3.89984465e+00 3.59164810e+00 1.92235684e+00
  2.61872959e+00 1.07127199e+01 2.15716577e+00 2.51666451e+00
  3.71144009e+00 8.67947266e-02 0.00000000e+00 1.47675681e+00
  3.18824887e+00 6.09253533e-02 6.14440298e+00 6.33617997e-01
  1.37424797e-01 0.00000000e+00 1.91080225e+00 2.53512955e+00
  2.18164757e-01 6.57140136e-01 4.33088303e+00 2.10539651e+00
  2.20080423e+00 1.38237119e+00 7.49930668e+00 7.15572298e-01
  0.00000000e+00 5.65149546e-01 0.00000000e+00 8.46487701e-01
  5.27449417e+00 3.43501568e-02 5.87353468e+00 9.43853378e+00
  5.86210108e+00 3.00182295e+00 3.71686816e+00 1.08181012e+00
  1.64759427e-01 4.99598026e+00 1.68866262e-01 9.31228817e-01
  8.44023705e-01 4.89393063e-02 3.22669238e-01 6.89360714e+00
  3.58904302e-01 8.33678544e-02 2.83872700e+00 2.49925709e+00
  2.36454153e+00 4.71910946e-02 3.19128823e+00 7.17826939e+00
  1.92745399e+00 2.85119623e-01 7.65965283e-01 2.78996992e+00
  3.47368026e+00 1.55816710e+00 7.53663492e+00 3.83109665e+00
  3.25651217e+00 0.00000000e+00 1.99700091e-02 4.63045716e-01
  1.59873411e-01 5.05825758e+00 0.00000000e+00 4.95132148e-01
  1.58567286e+00 5.36376648e-02 5.26441622e+00 5.30820322e+00
  1.99678493e+00 1.16543655e+01 5.05133009e+00 0.00000000e+00
  2.69563973e-01 3.21030164e+00 9.19404387e-01 3.82144904e+00
  9.11003724e-02 5.98710716e-01 4.16075850e+00 1.00329757e+00
  1.55758068e-01 2.58451879e-01 0.00000000e+00 1.34409881e+00
  1.00419271e+00 2.72168517e-01 5.28774261e+00 5.85007381e+00
  6.31984413e-01 6.28388929e+00 1.07601511e+00 1.88491857e+00
  4.52245140e+00 1.33614511e+01 1.30148196e+00 2.83617830e+00
  6.20476007e+00 3.31046522e-01 4.52273941e+00 3.79001737e+00
  6.07825947e+00 5.50297499e-01 1.56223643e+00 1.99819982e+00
  7.64887273e-01 8.19156349e-01 1.67284226e+00 1.07527065e+00]]