[[3.72477245e+00 1.58713675e+00 2.86564565e+00 3.41490006e+00
  9.33123589e+00 1.76415241e+00 2.18928528e+00 2.54833698e-02
  0.00000000e+00 3.53366923e+00 6.18145943e+00 3.63735580e+00
  6.70277262e+00 1.80489168e-01 3.21870542e+00 4.48369443e-01
  2.74642015e+00 3.88230467e+00 0.00000000e+00 3.66387129e+00
  9.65798646e-02 4.87225723e+00 6.16503179e-01 4.23420048e+00
  1.22485793e+00 2.00302273e-01 8.11167336e+00 1.17335618e+00
  0.00000000e+00 6.76658213e-01 1.92485046e+00 1.42591774e+00
  2.82287914e-02 3.68243122e+00 9.39031696e+00 1.98361292e-01
  2.57302618e+00 0.00000000e+00 8.22254562e+00 2.15191483e+00
  1.07237768e+00 4.37571377e-01 4.22373819e+00 3.62157464e+00
  0.00000000e+00 6.94726884e-01 4.59216923e-01 4.21794876e-02
  5.32791901e+00 0.00000000e+00 8.89757538e+00 1.12139952e+00
  4.61522117e-02 0.00000000e+00 3.41163516e+00 6.96659803e+00
  5.83426762e+00 9.41639125e-01 5.40414381e+00 5.41848278e+00
  8.49368453e-01 3.78667498e+00 1.30006862e+00 3.38327193e+00
  5.33669591e-01 2.12304282e+00 0.00000000e+00 1.83844101e+00
  1.93895173e+00 8.31633899e-03 1.82860184e+01 6.17599010e-01
  0.00000000e+00 4.69414520e+00 1.86075079e+00 4.56517637e-01
  1.93521962e-01 2.00592613e+00 5.25266707e-01 2.59849262e+00
  9.23956782e-02 7.04857779e+00 3.03864658e-01 2.48514509e+00
  1.26107378e+01 2.49460793e+00 1.10126841e+00 0.00000000e+00
  2.36523199e+00 4.06745338e+00 9.39448237e-01 2.79045880e-01
  3.47914159e-01 7.26861429e+00 2.54258871e+00 2.79838252e+00
  2.94507205e-01 0.00000000e+00 0.00000000e+00 6.17674887e-02
  1.03914559e+00 0.00000000e+00 6.06724834e+00 8.52057159e-01
  5.79599380e+00 1.98413694e+00 0.00000000e+00 7.03976917e+00
  9.59967494e-01 4.06076288e+00 0.00000000e+00 0.00000000e+00
  2.29726458e+00 1.74840122e-01 8.22647691e-01 4.69993591e+00
  2.26930952e+00 1.39969870e-01 6.13494180e-02 0.00000000e+00
  2.33017468e+00 0.00000000e+00 3.32104731e+00 2.50758958e+00
  5.63595295e-01 1.21978807e+00 1.45371079e+00 1.70240378e+00
  1.62289178e+00 1.23472846e+00 2.02649921e-01 1.18649971e+00
  2.03049755e+00 2.29029870e+00 0.00000000e+00 3.90128398e+00
  2.71406484e+00 4.26978976e-01 3.18905640e+00 0.00000000e+00
  3.25345087e+00 2.10216928e+00 0.00000000e+00 1.18991387e+00
  1.23868310e+00 0.00000000e+00 1.65573921e+01 4.34732825e-01
  0.00000000e+00 4.67659140e+00 1.62991568e-01 5.02191973e+00
  0.00000000e+00 1.28359213e+01 2.27534246e+00 1.28063753e-01
  0.00000000e+00 5.99935484e+00 3.98214072e-01 7.52370644e+00
  5.53400397e-01 1.21405542e+00 6.53145313e-01 5.66310585e-01
  1.15060937e+00 1.44172341e-01 1.60178673e+00 6.70929790e-01
  6.57163501e-01 1.41399026e-01 2.53327131e+00 3.20370913e+00
  2.10134435e+00 1.61467915e+01 8.82879162e+00 1.00344047e-01
  0.00000000e+00 1.43910050e-01 6.64716196e+00 3.22929287e+00
  5.17685294e-01 4.95158553e-01 2.20837736e+00 2.02215648e+00
  6.58265352e-02 7.15431690e+00 2.43595815e+00 0.00000000e+00
  1.52015982e+01 4.12468076e-01 0.00000000e+00 3.83387113e+00
  1.08210661e-01 4.14912796e+00 2.69117206e-01 9.08475685e+00
  7.06086493e+00 0.00000000e+00 2.20936775e+00 4.74984932e+00
  1.19391813e+01 1.99723363e+00 1.17827749e+00 9.67933357e-01
  3.40727121e-01 5.46078110e+00 4.53811616e-01 5.54143858e+00
  4.85817164e-01 2.58819962e+01 2.99299955e+00 0.00000000e+00
  0.00000000e+00 6.01569712e-01 3.55423474e+00 2.62862563e+00
  6.17914820e+00 2.21607494e+00 1.31922036e-01 4.56176221e-01
  9.51627922e+00 2.26124811e+00 4.30622387e+00 2.38044053e-01
  0.00000000e+00 1.00374594e-01 4.48905975e-01 1.11678958e+00
  1.91679478e+00 3.29853654e-01 4.01274323e-01 8.00796568e-01
  2.86360002e+00 0.00000000e+00 3.10820252e-01 1.65496325e+00
  2.09503436e+00 2.46078804e-01 1.44042861e+00 6.33113861e-01
  1.96528161e+00 3.95143604e+00 9.87335968e+00 4.27882814e+00
  1.75616050e+00 1.31263721e+00 2.89567262e-01 0.00000000e+00
  1.08761787e+00 7.00045586e+00 1.76234388e+00 6.09387159e-01
  0.00000000e+00 3.07582927e+00 1.86411643e+00 4.45167065e-01
  3.74840069e+00 1.85052180e+00 4.18021441e-01 0.00000000e+00
  1.43808966e+01 3.20721567e-02 7.75825158e-02 1.62465012e+00
  5.62263346e+00 9.56213951e-01 1.94323206e+00 6.13854170e+00
  1.17748904e+00 3.36083364e+00 4.29143524e+00 4.27233744e+00
  2.26101160e+00 4.00503349e+00 7.53083825e-01 1.96416676e+00
  3.51945925e+00 3.31934118e+00 2.36622676e-01 3.40334810e-02
  3.82960796e+00 2.41908371e-01 0.00000000e+00 1.13998294e+00
  7.51372427e-02 7.30731547e-01 7.36710206e-02 4.54932117e+00
  5.49759828e-02 6.03071833e+00 1.04236376e+00 0.00000000e+00
  1.71198540e+01 6.87053251e+00 5.39701271e+00 7.83308744e+00
  0.00000000e+00 4.05594873e+00 0.00000000e+00 8.14336061e-01
  1.90404877e-02 6.64976388e-02 6.73730278e+00 1.36569524e+00
  0.00000000e+00 1.30066085e+00 4.27653265e+00 1.42110705e+00
  1.93349302e+00 0.00000000e+00 7.58573437e+00 5.96613765e-01
  2.31804419e+00 1.86422181e+00 1.75625420e+00 7.15395784e+00
  1.13404489e+00 9.06060636e-02 3.00419712e+00 2.70464897e+00
  8.44939327e+00 9.36270142e+00 2.47874707e-01 1.06330395e+01
  1.76208901e+00 7.18323052e-01 6.45119619e+00 8.00423622e+00
  8.85842890e-02 0.00000000e+00 2.72792727e-01 8.23870063e-01
  0.00000000e+00 1.86640635e-01 4.13256407e+00 7.57502973e-01
  3.50470901e+00 0.00000000e+00 2.49976635e+00 1.81876743e+00
  1.04779851e+00 5.87625456e+00 2.21825004e-01 0.00000000e+00
  1.87124085e+00 3.89539868e-01 1.06979723e+01 0.00000000e+00
  1.69244730e+00 5.07137728e+00 0.00000000e+00 5.74732661e-01
  2.48857760e+00 5.48680961e-01 7.77218580e-01 2.39884901e+00
  0.00000000e+00 9.91109610e-02 2.14641526e-01 1.74835610e+00
  1.15000677e+01 1.18364060e+00 6.25582397e-01 9.21358109e+00
  3.56458044e+00 5.23526311e-01 7.11423969e+00 3.28353971e-01
  1.71234787e+00 2.07683131e-01 5.14219463e-01 1.08676839e+00
  0.00000000e+00 9.08532977e-01 3.30633402e-01 1.58409464e+00
  9.24129069e-01 4.83664846e+00 0.00000000e+00 1.90396082e+00
  1.23214059e-01 4.93697786e+00 6.28676939e+00 1.06526804e+00
  0.00000000e+00 4.72731113e+00 0.00000000e+00 2.37449312e+00
  5.09283113e+00 4.81143326e-01 1.99072468e+00 3.80923629e-01
  0.00000000e+00 5.34203768e-01 3.07383728e+00 1.76710463e+00
  2.12554502e+00 1.77655578e+00 2.83805370e+00 9.84190628e-02
  3.98928404e+00 8.45037460e+00 1.55209914e-01 2.15884018e+00
  0.00000000e+00 1.41632274e-01 6.41339302e-01 3.65126759e-01
  3.88750648e+00 2.20561099e+00 1.08662233e+01 1.87292826e+00
  5.82112849e-01 3.49561739e+00 7.97099173e-02 2.63822466e-01
  3.82984614e+00 1.86022806e+00 0.00000000e+00 1.48214912e+00
  3.40181142e-01 5.98162673e-02 4.06998348e+00 2.38263559e+00
  5.76934218e-01 3.95019799e-01 5.09625101e+00 1.61955431e-01
  3.93463016e-01 8.36032009e+00 4.93325996e+00 1.40090036e+00
  3.06051850e+00 1.86656933e+01 2.38304043e+00 1.59258354e+00
  2.94947410e+00 2.02689618e-01 0.00000000e+00 3.73062134e+00
  3.05361700e+00 3.70142221e+00 2.25755990e-01 1.13718510e+00
  1.61845058e-01 5.30977070e-01 0.00000000e+00 6.69180095e-01
  5.45973301e-01 0.00000000e+00 0.00000000e+00 3.21324468e+00
  0.00000000e+00 0.00000000e+00 2.28618097e+00 3.53469938e-01
  9.27963972e-01 1.74237704e+00 3.72330308e+00 2.91716838e+00
  0.00000000e+00 0.00000000e+00 0.00000000e+00 1.18042457e+00
  8.92376482e-01 5.29092360e+00 1.11301255e+00 1.36358496e-02
  1.80544984e+00 1.08701968e+00 0.00000000e+00 7.05552959e+00
  3.99741292e+00 1.18161213e+00 1.13247025e+00 2.23140955e+00
  1.29511684e-01 1.86078191e-01 2.82980990e+00 0.00000000e+00
  2.63600564e+00 0.00000000e+00 4.11544085e-01 3.92217445e+00
  0.00000000e+00 0.00000000e+00 0.00000000e+00 2.94720674e+00
  1.61369979e+00 5.52710390e+00 1.45154977e+00 3.22670937e+00
  2.66505599e+00 4.91733932e+00 1.46531305e+01 1.14838285e-02
  7.47865617e-01 5.87573290e-01 3.20551538e+00 1.75118363e+00
  1.08060255e+01 1.29699439e-01 2.31701326e+00 0.00000000e+00
  3.00555229e+00 4.40855837e+00 2.52246523e+00 1.30032133e-02
  9.32301342e-01 1.81601775e+00 2.45009089e+00 0.00000000e+00]]