[[2.33582497e+00 0.00000000e+00 5.53471923e-01 0.00000000e+00
  1.12934697e+00 3.25403309e+00 1.16334400e+01 4.15467680e-01
  1.57593489e-01 8.72963786e-01 4.73279953e+00 2.64386368e+00
  5.33112621e+00 1.70453119e+00 1.54575062e+00 1.57344222e+00
  8.27800751e-01 9.85624969e-01 3.12071872e+00 5.20200539e+00
  1.04593301e+00 7.08358908e+00 6.58386827e-01 2.45787716e+00
  1.78977776e+00 6.19714689e+00 8.57925987e+00 7.75690794e-01
  1.44029856e-01 3.46411109e-01 4.95816171e-01 0.00000000e+00
  1.67246604e+00 6.11912060e+00 3.68212014e-01 3.99727017e-01
  3.74127865e-01 0.00000000e+00 5.70219660e+00 3.77238655e+00
  4.38023615e+00 1.18561304e+00 2.22922325e+00 3.06571174e+00
  7.36088604e-02 4.34826183e+00 3.33717465e-01 0.00000000e+00
  1.63071024e+00 6.86517656e-01 6.02990580e+00 1.92617789e-01
  0.00000000e+00 3.96224546e+00 1.61567605e+00 1.52347815e+00
  2.32358837e+00 9.34902668e-01 2.37747121e+00 0.00000000e+00
  1.33386001e-01 2.03909189e-01 1.50443709e+00 5.47525406e+00
  3.79337430e+00 1.61657465e+00 1.38548088e+00 1.06771736e+01
  1.44221354e+00 8.31131712e-02 2.84801674e+00 4.19988203e+00
  2.91389246e-02 9.25197411e+00 1.75938511e+00 3.07391346e-01
  6.65661573e-01 0.00000000e+00 1.14535607e-01 2.21944523e+00
  3.82146287e+00 1.13491726e+00 6.08385181e+00 0.00000000e+00
  1.64380360e+00 2.91365027e+00 3.36155556e-02 3.48538071e-01
  1.80959082e+00 4.04000580e-01 2.82537150e+00 2.58447621e-02
  1.46336365e+00 2.71157527e+00 7.33044073e-02 2.47880340e-01
  3.90377551e-01 1.69126725e+00 2.76407599e+00 7.22467089e+00
  5.09971046e+00 5.01355648e+00 5.87012577e+00 2.65134454e+00
  1.71148825e+00 3.62092495e+00 3.03091377e-01 1.06106496e+00
  5.41357517e-01 6.54242396e-01 2.85948896e+00 8.67657125e-01
  4.36120719e-01 2.42909074e+00 8.00750351e+00 0.00000000e+00
  6.21686745e+00 4.49809742e+00 7.13885665e-01 2.00720692e+00
  0.00000000e+00 9.32532191e-01 4.45079803e-03 2.47207046e+00
  9.48734954e-02 0.00000000e+00 0.00000000e+00 0.00000000e+00
  2.07541436e-02 1.76914616e+01 7.73222893e-02 7.99637616e-01
  2.96157956e+00 2.96039492e-01 8.16848576e-01 3.57086253e+00
  8.64180028e-01 1.32188129e+00 1.40828443e+00 2.33854145e-01
  1.00899875e+00 2.75205660e+00 1.66947567e+00 9.61419702e-01
  4.88390017e+00 9.17618275e-01 1.83541453e+00 0.00000000e+00
  0.00000000e+00 1.71144664e+00 2.10360706e-01 7.17880763e-03
  5.87867856e-01 7.74744600e-02 2.41400075e+00 5.03838873e+00
  4.35868829e-01 6.45958281e+00 5.24252796e+00 4.97921146e-02
  1.66209853e+00 1.54888958e-01 1.95978642e+00 1.67136121e+00
  8.17691326e-01 6.25750065e-01 3.52255613e-01 8.77280653e-01
  1.52328694e-02 3.72912318e-01 4.73983765e+00 2.70825386e+00
  5.63495636e+00 1.49662578e+00 3.09226245e-01 5.79897881e+00
  2.07617566e-01 6.95452560e-03 6.50326872e+00 6.20361030e-01
  1.52248234e-01 0.00000000e+00 9.18930244e+00 5.42907298e-01
  6.98658898e-02 3.94253433e-01 2.64300227e+00 4.57609415e-01
  7.25417662e+00 1.04470837e+00 5.85442781e-01 0.00000000e+00
  1.04221952e+00 5.35196877e+00 7.79681444e-01 1.92740411e-02
  1.74860013e+00 7.42410707e+00 8.49551857e-02 2.65283728e+00
  8.23256433e-01 8.20737267e+00 0.00000000e+00 3.84827480e-02
  2.15805197e+00 1.20444250e+00 5.28075993e-01 1.55976605e+00
  1.41962769e-03 1.31446667e+01 1.64124894e+00 4.06999171e-01
  5.11474023e-03 0.00000000e+00 4.05997366e-01 0.00000000e+00
  4.97597843e-01 0.00000000e+00 3.10347891e+00 2.53644872e+00
  0.00000000e+00 3.35155940e+00 6.30832148e+00 2.16812089e-01
  0.00000000e+00 4.14196014e+00 5.19832492e-01 5.05857110e-01
  0.00000000e+00 1.80895531e+00 4.94241571e+00 3.28165269e+00
  6.00993299e+00 3.79895592e+00 9.23879743e-01 1.41013122e+00
  2.50154525e-01 5.88487530e+00 4.32391018e-01 6.24773932e+00
  2.33595788e-01 0.00000000e+00 2.73027205e+00 3.59625578e+00
  3.01248145e+00 8.53048038e+00 1.23188524e+01 8.32920015e-01
  4.79704237e+00 1.63790822e-01 1.18752348e+00 2.19612598e+00
  0.00000000e+00 6.19566441e+00 1.72227159e-01 0.00000000e+00
  3.04923296e-01 1.96833766e+00 2.97017634e-01 2.39413857e+00
  5.86514473e-01 9.11589861e-02 2.94456601e-01 1.39077747e+00
  4.26569372e-01 1.56789100e+00 3.51269245e+00 4.65204954e+00
  5.94805145e+00 4.29195642e-01 6.63021660e+00 1.87595224e+00
  2.58740568e+00 9.48548853e-01 1.75284612e+00 2.60672897e-01
  8.40449524e+00 2.62564826e+00 0.00000000e+00 4.16896820e-01
  3.39314485e+00 6.66427803e+00 1.81359673e+01 1.35544851e-01
  0.00000000e+00 0.00000000e+00 2.72688198e+00 1.48286331e+00
  2.25086641e+00 2.04381049e-01 4.22405660e-01 1.49596775e+00
  2.29193330e+00 5.35564709e+00 3.14760542e+00 0.00000000e+00
  1.96352720e-01 2.25529522e-01 1.13462605e-01 8.94390047e-02
  3.26333094e+00 0.00000000e+00 4.02503586e+00 4.20415497e+00
  2.23524594e+00 4.35608339e+00 1.55206692e+00 6.20417118e+00
  2.16573453e+00 5.77481568e-01 1.66317689e+00 1.53615153e+00
  3.39217043e+00 9.45419133e-01 3.54620981e+00 1.45621908e+00
  4.33214784e-01 5.07241869e+00 8.41965020e-01 4.16694975e+00
  4.50462675e+00 1.15378940e+00 6.03884697e+00 1.99029088e+00
  2.96165371e+00 1.62739962e-01 7.54417181e+00 0.00000000e+00
  3.34932971e+00 5.16345549e+00 7.93334097e-02 3.55267429e+00
  1.72807658e+00 1.73648834e-01 2.67366409e+00 1.71703851e+00
  3.41882539e+00 2.31764340e+00 1.19712830e+00 4.62177467e+00
  1.78595030e+00 1.60961419e-01 0.00000000e+00 0.00000000e+00
  6.23698711e+00 4.67074537e+00 1.36439395e+00 9.83382538e-02
  7.98132002e-01 4.14218396e-01 6.83445036e-02 2.18605423e+00
  6.08534384e+00 3.01141787e+00 3.71732235e-01 0.00000000e+00
  8.05235431e-02 2.20499253e+00 5.35613537e+00 5.94612956e-01
  3.65254283e+00 0.00000000e+00 3.35303783e+00 2.53414273e+00
  4.67092133e+00 1.15542519e+00 8.50199509e+00 5.64724386e-01
  2.63709947e-02 5.70439434e+00 6.14981890e-01 9.85017896e-01
  0.00000000e+00 2.84564734e+00 8.93664062e-02 5.01414984e-02
  4.37475234e-01 1.66458845e-01 6.48012578e-01 5.09669590e+00
  2.61946321e+00 6.15982234e-01 1.79374373e+00 1.26244509e+00
  5.22927713e+00 0.00000000e+00 4.44450521e+00 0.00000000e+00
  5.59449978e-02 2.07121682e+00 2.59999943e+00 4.72048092e+00
  8.69765568e+00 3.93516779e+00 2.37305406e-02 4.81193209e+00
  9.46397901e-01 2.49608779e+00 1.35486841e+00 1.66280723e+00
  7.80149794e+00 4.99185085e+00 3.87590265e+00 7.51586723e+00
  3.94120860e+00 9.20687467e-02 6.31415620e-02 1.62852311e+00
  0.00000000e+00 7.39789069e-01 3.81884933e+00 3.40644449e-01
  1.93791594e-02 0.00000000e+00 4.33577871e+00 4.44243622e+00
  2.21666232e-01 0.00000000e+00 6.51420236e-01 5.87490678e-01
  2.30765247e+00 1.65814757e-01 2.56758499e+00 1.71330738e+00
  2.17484045e+00 1.04009950e+00 7.98456013e-01 3.45743680e+00
  6.77048206e+00 9.39410627e-01 4.16243196e-01 9.24582720e-01
  5.91520643e+00 2.29806089e+00 8.48646164e-02 4.04286337e+00
  2.67701149e+00 9.32646543e-02 1.81642532e-01 2.41100860e+00
  0.00000000e+00 1.45535484e-01 7.15988934e-01 7.63733208e-01
  7.79723942e-01 6.79964125e-01 0.00000000e+00 1.82864189e+00
  1.00797205e+01 2.37318611e+00 8.61540344e-03 2.16532516e+00
  2.50627446e+00 4.01469421e+00 4.43080664e+00 5.22685289e-01
  6.05208874e+00 1.49907649e+00 3.20342708e+00 3.36078358e+00
  0.00000000e+00 7.28984356e-01 3.39970827e+00 2.18183808e-02
  0.00000000e+00 1.18421830e-01 5.40932938e-02 2.39385557e+00
  2.97379327e+00 4.21316862e+00 2.03077698e+00 2.13606882e+00
  2.95165479e-01 2.04587078e+00 8.04592907e-01 0.00000000e+00
  0.00000000e+00 3.96970105e+00 1.42640066e+00 1.02461958e+00
  5.48056960e-02 6.72179103e-01 3.79742002e+00 1.52945364e+00
  2.73132205e-01 5.56488800e+00 6.81306839e+00 1.86413383e+00
  7.34727755e-02 7.77810693e-01 2.11946440e+00 2.30472422e+00
  1.23244308e-01 2.53644228e+00 1.33080542e+00 2.51804328e+00
  1.24701738e+00 3.35808086e+00 3.50523353e-01 3.58743811e+00
  4.02386522e+00 6.15926123e+00 6.51094007e+00 1.54871285e+00
  1.80297375e+00 1.60679713e-01 9.70679569e+00 1.88527167e+00
  1.31115806e+00 4.01490152e-01 7.45041966e-01 5.24312687e+00]]